
Last position-specific scoring matrix computed, weighted observed percentages rounded down, information per position, and relative weight of gapless real matches to pseudocounts
           A  R  N  D  C  Q  E  G  H  I  L  K  M  F  P  S  T  W  Y  V   A   R   N   D   C   Q   E   G   H   I   L   K   M   F   P   S   T   W   Y   V
    1 M   -1 -1 -2 -3 -2 -1 -2 -3 -2  1  2 -1  6  0 -3 -2 -1 -2 -1  1    0   0   0   0   0   0   0   0   0   0   0   0 100   0   0   0   0   0   0   0  0.39 0.02
    2 G    0 -2  0 -1 -2 -2 -2  5 -2 -4 -4 -1 -3 -3 -2  1 -1 -3 -3 -3    0   0   0   0   0   0   0  86   0   0   0   0   0   0   0  14   0   0   0   0  0.87 0.01
    3 D   -2 -2  1  6 -4  0  1 -1 -1 -3 -4 -1 -3 -4 -2  0 -1 -4 -3 -3    0   0   0  97   0   0   0   3   0   0   0   0   0   0   0   0   0   0   0   0  0.91 0.01
    4 K   -1  2  0 -1 -3  1  1 -2 -1 -3 -3  4 -1 -3 -1  0 -1  2 -2 -2    0   5   0   0   0   0   3   0   0   0   0  87   0   0   0   0   0   5   0   0  0.48 0.01
    5 G    0 -2  0 -1 -2 -2 -2  6 -2 -4 -4 -2 -3 -3 -2  0 -1 -3 -3 -3    0   0   0   0   0   0   0  92   0   0   0   0   0   0   0   5   3   0   0   0  0.94 0.01
    6 T    0 -1  0 -1 -1 -1 -1 -1 -2 -1 -1 -1 -1 -2 -1  1  5 -3 -2  0    0   0   0   0   0   0   0   3   0   0   0   0   0   0   0   0  97   0   0   0  0.47 0.01
    7 R   -2  6 -1 -2 -3  1  0 -2  0 -3 -2  2  0 -3 -2 -1 -1 -3 -2 -2    0  96   0   0   0   0   0   0   0   0   0   0   4   0   0   0   0   0   0   0  0.73 0.02
    8 V    0 -3 -3 -3 -1 -2 -3 -3 -3  3  1 -2  1 -1 -3 -2  0 -3 -1  4    0   0   0   0   0   0   0   0   0   0   0   0   0   0   0   0   0   0   0 100  0.39 0.02
    9 F   -2 -3 -3 -4 -3 -2 -3 -3 -1  0  0 -3  0  6 -4 -2 -2  1  3 -1    0   0   0   0   0   3   0   0   0   0   0   0   0  95   0   0   0   0   2   0  0.74 0.02
   10 K   -1  2  0 -1 -3  1  1 -2 -1 -3 -3  5 -2 -3 -1  0 -1 -3 -2 -2    0   0   0   0   0   0   3   0   0   0   0  95   0   0   0   2   0   0   0   0  0.53 0.02
   11 K   -1  2  0 -1 -3  1  1 -2 -1 -3 -3  5 -1 -3 -1  0  0 -3 -2 -2    0   0   0   0   0   0   0   0   0   0   0  98   0   0   0   0   2   0   0   0  0.55 0.02
   12 A    4 -2 -2 -2 -1 -1 -1  0 -2 -2 -2 -1 -1 -2  1  1  0 -3 -2  0   89   0   0   0   0   0   0   2   0   0   0   0   0   0   7   2   0   0   0   0  0.41 0.01
   13 S    1 -1  0  0 -1  0  0 -1  1 -2 -2  0 -2 -2 -1  4  1 -3 -2 -1    0   0   0   0   0   0   0   0   4   0   0   0   0   0   0  93   0   0   0   3  0.43 0.02
   14 P   -1 -2 -2 -2 -3 -1 -1 -2 -2 -3 -3 -1 -3 -4  8 -1 -1 -4 -3 -3    0   0   0   0   0   0   0   0   0   0   0   0   0   0 100   0   0   0   0   0  2.09 0.03
   15 N   -1 -1  6  1 -3  0  0 -1  0 -3 -3  0 -2 -3 -2  1  0 -4 -2 -3    0   0  93   0   0   0   0   0   0   0   0   0   0   0   0   4   3   0   0   0  0.72 0.02
   16 G    0 -2 -1 -1 -3 -2 -2  6 -2 -4 -4 -1 -3 -3  0  0 -2 -3 -3 -3    2   2   0   0   0   0   0  92   0   0   0   0   0   0   4   0   0   0   0   0  0.96 0.02
   17 K   -1  2  0 -1 -3  2  1 -2 -1 -3 -3  5 -1 -3 -1  0 -1 -3 -2 -2    0   0   0   0   0   5   0   0   0   0   0  92   0   0   0   3   0   0   0   0  0.53 0.02
   18 L   -1 -2 -3 -4 -1 -2 -3 -4 -3  1  4 -3  2  0 -3 -2 -1 -2 -1  1    0   0   0   0   0   0   0   0   0   0  97   0   0   0   0   3   0   0   0   0  0.45 0.01
   19 T    0 -1  0 -1 -1 -1 -1 -2 -2  0 -1 -1 -1 -2 -1  1  5 -3 -2  0    0   0   0   0   0   0   0   0   0   2   3   0   0   0   0   0  95   0   0   0  0.47 0.02
   20 V    0 -3 -3 -3 -1 -2 -3 -3 -3  2  1 -2  1 -1 -2 -1  0 -3 -1  4    0   0   0   0   0   0   0   0   0   0   0   0   0   0   0   3   0   0   0  97  0.36 0.02
   21 Y   -2 -2 -2 -3 -3 -2 -2 -3  2 -1 -1 -2 -1  3 -3 -2 -1  2  7 -1    0   0   0   0   0   0   0   0   0   0   0   0   0   0   0   0   3   0  97   0  0.91 0.03
   22 L   -2 -2 -4 -4 -1 -2 -3 -4 -3  1  4 -3  2  0 -3 -3 -1  1 -1  1    0   0   0   0   0   0   0   0   0   0  97   0   0   0   0   0   0   3   0   0  0.47 0.01
   23 G    0 -2 -1 -1 -3 -2 -2  6 -2 -4 -4 -2 -3 -3 -2  0 -2 -3 -3 -3    3   0   0   0   0   0   0  97   0   0   0   0   0   0   0   0   0   0   0   0  1.04 0.02
   24 K   -1  2  0 -1 -3  1  1 -2 -1 -3 -3  5 -2 -3 -1  0 -1 -3 -2 -2    0   0   0   0   0   0   0   0   0   0   0 100   0   0   0   0   0   0   0   0  0.57 0.02
   25 R   -2  6 -1 -2 -4  1  0 -2  0 -3 -2  2 -2 -3 -2 -1 -1 -3 -2 -3    0 100   0   0   0   0   0   0   0   0   0   0   0   0   0   0   0   0   0   0  0.81 0.02
   26 D   -2 -2  1  6 -4  0  1 -1 -1 -3 -4 -1 -3 -4 -2  0 -1 -4 -3 -3    0   0   0 100   0   0   0   0   0   0   0   0   0   0   0   0   0   0   0   0  0.99 0.02
   27 F   -2 -3 -3 -4 -3 -3 -3 -3 -1  0  0 -3  0  7 -4 -3 -2  1  3 -1    0   0   0   0   0   0   0   0   0   0   0   0   0 100   0   0   0   0   0   0  0.82 0.02
   28 V    0 -3 -3 -3 -1 -2 -3 -2 -3  2  1 -2  1 -1 -3 -2  0 -3 -1  4    0   0   0   0   0   0   0   3   0   0   0   0   0   0   0   0   0   0   0  97  0.36 0.02
   29 D   -2 -2  1  6 -4  0  1 -1 -1 -3 -4 -1 -3 -4 -2  0 -1 -4 -3 -3    0   0   0 100   0   0   0   0   0   0   0   0   0   0   0   0   0   0   0   0  0.99 0.02
   30 H   -2  0  0 -1 -3  1  0 -2  8 -3 -3 -1 -2 -1 -2 -1 -2 -3  2 -3    0   0   0   0   0   4   0   0  96   0   0   0   0   0   0   0   0   0   0   0  0.93 0.03
   31 I   -1 -3 -3 -3 -1 -3 -3 -4 -3  3  1 -3  1 -1 -3 -2  0 -3 -1  4    0   0   0   0   0   0   0   0   0  40   0   0   2   0   0   0   0   0   0  58  0.36 0.01
   32 D   -2 -2  1  6 -4  0  2 -1 -1 -3 -4 -1 -3 -4 -2  0 -1 -4 -3 -3    0   0   2  94   0   0   4   0   0   0   0   0   0   0   0   0   0   0   0   0  0.93 0.02
   33 L   -1 -2 -3 -4 -1 -2 -3 -4 -3  2  3 -2  2  2 -3 -2 -1  1  0  2    0   2   0   0   0   0   0   0   0   9  50   0   2  10   0   0   0   2   0  26  0.29 0.01
   34 V    0 -3 -3 -3 -1 -2 -3 -3 -3  3  1 -2  1 -1 -3 -2  0 -3 -1  4    0   0   0   0   0   0   0   0   0   0   0   0   0   0   0   0   0   0   0 100  0.39 0.02
   35 D   -1 -1  1  5 -4  1  4 -2 -1 -3 -3  0 -3 -4 -1  0 -1 -4 -3 -3    0   0   0  54   0   0  46   0   0   0   0   0   0   0   0   0   0   0   0   0  0.72 0.01
   36 P   -1 -2 -2 -2 -3 -1 -1 -2 -2 -3 -3 -1 -3 -4  8 -1 -1 -4 -3 -3    0   0   0   0   0   0   0   0   0   0   0   0   0   0  98   2   0   0   0   0  2.04 0.02
   37 V    0 -3 -3 -3 -1 -2 -3 -3 -3  3  1 -2  1 -1 -3 -2  0 -3 -1  4    0   0   0   0   0   0   0   0   0   0   2   0   0   0   0   0   0   0   0  98  0.38 0.02
   38 D   -2 -2  1  6 -3  0  1  0 -1 -3 -3 -1 -3 -3 -1  0 -1 -4 -3 -3    0   0   2  89   0   0   0   4   0   0   1   0   0   0   0   0   0   0   0   0  0.82 0.02
   39 G    0 -2  0 -1 -2 -2 -2  6 -2 -3 -3 -2 -3 -3 -2  0 -1 -2 -3 -3    0   0   0   0   0   0   0  92   0   0   1   0   0   0   0   0   2   0   0   0  0.94 0.01
   40 V    0 -2 -3 -3 -1 -2 -2 -3 -3  2  1 -2  1 -1 -2 -2  0  2 -1  4    0   0   0   0   0   0   0   0   0   0   1   0   0   0   0   0   0   4   0  91  0.32 0.01
   41 V    0 -2 -3 -3  0 -2 -2 -3 -3  2  1 -2  1 -1 -2 -2  0 -3 -1  4    1   0   0   0   2   0   1   1   0   4   1   0   0   0   0   1   0   0   0  87  0.30 0.01
   42 L   -1 -2 -3 -3 -1 -2 -3 -3 -3  1  4 -2  2  0 -3 -2 -1  1 -1  1    1   0   0   0   0   0   1   1   0   0  91   0   0   0   0   1   0   2   0   1  0.39 0.01
   43 V   -1 -2 -3 -3 -1 -2 -3 -3 -3  3  1 -2  1 -1 -2 -2  0  0 -1  3    1   0   0   0   0   0   1   1   0  42   1   0   0   0   0   1   0   2   0  49  0.29 0.01
   44 D   -1 -2  1  6 -3  0  1 -1 -1 -3 -3 -1 -3 -3 -1  0 -1 -4 -3 -3    2   0   0  89   0   0   1   1   0   0   1   0   0   0   0   1   2   0   0   1  0.80 0.02
   45 P   -1 -2 -2 -1 -3 -1 -1 -2 -2 -3 -3 -1 -2 -3  7 -1 -1 -3 -3 -2    1   0   0   0   0   0   1   1   0   0   1   0   0   0  90   1   3   0   0   1  1.78 0.02
   46 E   -1  0  0  1 -3  2  5 -1  0 -3 -3  1 -2 -3 -1  0 -1 -3 -2 -2    0   0   0   0   0   0  92   3   0   0   1   0   0   0   0   0   0   0   0   0  0.68 0.02
   47 Y   -2 -2 -2 -3 -2 -1 -2 -3  2 -1 -1 -2 -1  3 -3 -2 -2  2  7 -1    0   0   0   0   0   2   0   0   0   0   1   0   0   0   0   0   0   0  92   0  0.82 0.02
   48 L   -1 -2 -3 -3 -1 -2 -3 -2 -3  1  4 -2  2  0 -3 -2 -1 -2 -1  1    0   0   0   0   0   0   0   3   0   0  92   0   0   0   0   0   0   0   0   0  0.39 0.01
   49 K   -1  2  0 -1 -3  1  1 -2 -1 -3 -2  5 -1 -3 -1  0 -1 -3 -2 -2    0   2   0   0   0   0   0   0   0   0   1  92   0   0   0   0   0   0   0   0  0.50 0.02
   50 E   -1  0  0  1 -3  2  5 -2  0 -3 -3  1 -2 -3 -1  0 -1 -3 -2 -2    0   0   0   0   0   0  92   0   0   0   1   0   0   0   0   0   2   0   0   0  0.68 0.02
   51 R   -1  6  0 -2 -3  1  0 -2  1 -3 -2  2 -1 -3 -2 -1 -1 -3 -2 -2    0  92   0   0   0   0   0   0   2   0   1   0   0   0   0   0   0   0   0   0  0.70 0.02
   52 R   -1  3  0 -1 -3  1  1 -2 -1 -3 -2  4 -1 -3 -1  0 -1 -3 -2 -2    0  18   0   0   0   0   0   0   0   0   1  77   0   0   0   0   0   0   0   0  0.49 0.01
   53 V    0 -3 -3 -3 -1 -2 -3 -3 -3  3  1 -2  1 -1 -3 -2  0 -3 -1  4    0   0   0   0   0   0   0   0   0   0   0   0   0   0   0   0   0   0   0 100  0.39 0.02
   54 Y   -2 -3 -3 -4 -3 -3 -3 -3 -1  0  0 -3  0  6 -4 -2 -2  1  4 -1    0   0   0   0   0   0   0   0   0   0   3   0   0  80   0   0   0   0  17   0  0.72 0.02
   55 V    0 -3 -3 -3 -1 -2 -3 -3 -3  3  1 -2  1 -1 -2 -2  0 -3 -1  4    2   0   0   0   0   0   0   0   0   3   0   0   0   0   0   0   0   0   0  95  0.37 0.02
   56 T    0 -1  0 -1 -1 -1 -1 -2 -2 -1 -1 -1 -1 -2 -1  1  5 -3 -2  0    0   0   0   0   0   0   0   0   0   0   0   0   0   0   0   0 100   0   0   0  0.52 0.02
   57 L   -2 -2 -4 -4 -1 -2 -3 -4 -3  2  4 -3  2  0 -3 -3 -1 -2 -1  1    0   0   0   0   0   0   0   0   0   0 100   0   0   0   0   0   0   0   0   0  0.49 0.01
   58 T    0 -1  0 -1 -1 -1 -1 -2 -2 -1 -1 -1 -1 -2 -1  1  5 -3 -2  0    0   0   0   0   0   0   0   0   0   0   0   0   0   0   0   0 100   0   0   0  0.52 0.02
   59 C   -1 -4 -3 -4  9 -3 -4 -3 -3 -1 -1 -3 -2 -3 -3 -1 -1 -3 -3 -1    0   0   0   0 100   0   0   0   0   0   0   0   0   0   0   0   0   0   0   0  1.34 0.03
   60 A    4 -2 -2 -2 -1 -1 -1  0 -2 -1 -2 -1 -1 -2 -1  1  0 -3 -2  0  100   0   0   0   0   0   0   0   0   0   0   0   0   0   0   0   0   0   0   0  0.44 0.02
   61 F   -2 -3 -3 -4 -3 -3 -3 -3 -1  0  0 -3  0  7 -4 -3 -2  1  3 -1    0   0   0   0   0   0   0   0   0   0   0   0   0 100   0   0   0   0   0   0  0.81 0.02
   62 R   -2  6 -1 -2 -4  1  0 -2  0 -3 -2  2 -2 -3 -2 -1 -1 -3 -2 -3    0 100   0   0   0   0   0   0   0   0   0   0   0   0   0   0   0   0   0   0  0.81 0.02
   63 Y   -2 -2 -2 -3 -3 -2 -2 -3  2 -2 -1 -2 -1  3 -3 -2 -2  2  7 -1    0   0   0   0   0   0   0   0   0   0   0   0   0   0   0   0   0   0 100   0  0.95 0.03
   64 G    0 -2 -1 -1 -3 -2 -2  6 -2 -4 -4 -2 -3 -3 -2  0 -2 -3 -3 -3    0   0   0   0   0   0   0 100   0   0   0   0   0   0   0   0   0   0   0   0  1.08 0.02
   65 R   -2  6 -1 -2 -4  1  0 -2  0 -3 -2  2 -2 -3 -2 -1 -1 -3 -2 -3    0 100   0   0   0   0   0   0   0   0   0   0   0   0   0   0   0   0   0   0  0.81 0.02
   66 E   -1  0  0  1 -4  2  5 -2  0 -3 -3  1 -2 -3 -1  0 -1 -3 -2 -3    0   0   0   0   0   0 100   0   0   0   0   0   0   0   0   0   0   0   0   0  0.78 0.02
   67 D   -2 -2  1  6 -4  0  1 -1 -1 -3 -4 -1 -3 -4 -2  0 -1 -4 -3 -3    0   0   0 100   0   0   0   0   0   0   0   0   0   0   0   0   0   0   0   0  0.99 0.02
   68 L   -2 -2 -4 -4 -1 -2 -3 -4 -3  2  4 -3  2  0 -3 -3 -1 -2 -1  1    0   0   0   0   0   0   0   0   0   0 100   0   0   0   0   0   0   0   0   0  0.49 0.01
   69 D   -2 -2  1  6 -4  0  1 -1 -1 -3 -4 -1 -3 -4 -2  0 -1 -4 -3 -3    0   0   0 100   0   0   0   0   0   0   0   0   0   0   0   0   0   0   0   0  0.99 0.02
   70 V    0 -3 -3 -3 -1 -2 -3 -3 -3  3  1 -2  1 -1 -3 -2  0 -3 -1  4    0   0   0   0   0   0   0   0   0   0   0   0   0   0   0   0   0   0   0 100  0.39 0.02
   71 L   -2 -2 -4 -4 -1 -2 -3 -4 -3  2  4 -3  2  0 -3 -3 -1 -2 -1  1    0   0   0   0   0   0   0   0   0   0 100   0   0   0   0   0   0   0   0   0  0.49 0.01
   72 G    0 -2  0 -1 -3 -2 -2  6 -2 -4 -4 -2 -3 -3 -2  0 -2 -3 -3 -3    0   0   0   2   0   0   0  98   0   0   0   0   0   0   0   0   0   0   0   0  1.04 0.02
   73 L   -2 -2 -4 -4 -1 -2 -3 -4 -3  1  4 -3  2  1 -3 -3 -1 -2 -1  1    0   0   0   0   0   0   0   0   0   0  98   0   0   2   0   0   0   0   0   0  0.48 0.01
   74 T    0 -1  0 -1 -1 -1 -1 -2 -2 -1 -1 -1 -1 -2 -1  1  5 -3 -2  0    0   0   0   0   0   0   0   0   0   0   0   0   0   0   0   0 100   0   0   0  0.52 0.02
   75 F   -2 -3 -3 -4 -3 -3 -3 -3 -1  0  0 -3  0  7 -4 -3 -2  1  3 -1    0   0   0   0   0   0   0   0   0   0   0   0   0 100   0   0   0   0   0   0  0.81 0.02
   76 R   -2  6 -1 -2 -4  1  0 -2  0 -3 -2  2 -2 -3 -2 -1 -1 -3 -2 -3    0 100   0   0   0   0   0   0   0   0   0   0   0   0   0   0   0   0   0   0  0.81 0.02
   77 K   -1  2  0 -1 -3  1  1 -2 -1 -3 -3  5 -2 -3 -1  0 -1 -3 -2 -2    0   0   0   0   0   0   0   0   0   0   0 100   0   0   0   0   0   0   0   0  0.57 0.02
   78 D   -2 -2  1  6 -4  0  1 -1 -1 -3 -4 -1 -3 -4 -2  0 -1 -4 -3 -3    0   0   0 100   0   0   0   0   0   0   0   0   0   0   0   0   0   0   0   0  0.99 0.02
   79 L   -2 -2 -4 -4 -1 -2 -3 -4 -3  2  4 -3  2  0 -3 -3 -1 -2 -1  1    0   0   0   0   0   0   0   0   0   0 100   0   0   0   0   0   0   0   0   0  0.49 0.01
   80 F   -2 -3 -3 -4 -3 -3 -3 -3 -1  0  0 -3  0  7 -4 -3 -2  1  3 -1    0   0   0   0   0   0   0   0   0   0   0   0   0 100   0   0   0   0   0   0  0.81 0.02
   81 V    0 -3 -3 -3 -1 -2 -3 -3 -3  2  1 -2  1 -1 -2 -2  0 -3 -1  4    5   0   0   0   0   0   0   0   0   0   5   0   2   0   0   0   0   0   0  87  0.33 0.01
   82 A    4 -2 -1 -1 -1 -1 -1  0 -2 -2 -2 -1 -1 -2 -1  1  0 -3 -2  0   92   0   0   2   0   0   0   0   0   0   0   0   0   0   0   5   0   0   0   0  0.40 0.02
   83 N   -2 -1  6  1 -3  0  0 -1  0 -3 -4  0 -2 -3 -2  1  0 -4 -2 -3    0   0  96   0   0   0   0   0   0   0   0   0   0   0   0   4   0   0   0   0  0.75 0.02
   84 V    1 -2 -2 -3 -1 -2 -2 -2 -3  3  1 -2  1 -1 -2  0  0 -3 -1  3   15   0   0   0   0   0   0   0   0  44   0   0   0   0   0   8   0   0   0  33  0.22 0.01
   85 Q   -1  1  0  0 -3  6  2 -2  0 -3 -2  1 -1 -3 -1  0 -1 -2 -2 -2    0   0   0   0   0 100   0   0   0   0   0   0   0   0   0   0   0   0   0   0  0.72 0.03
   86 S    4 -1 -1 -2 -1 -1 -1  0 -2 -2 -2 -1 -1 -2  0  2  0 -3 -2 -1   80   0   0   0   0   0   0   0   0   0   0   0   0   0   3  17   0   0   0   0  0.38 0.01
   87 F   -2 -3 -3 -4 -3 -3 -3 -3 -1  0  0 -3  0  7 -4 -3 -2  1  3 -1    0   0   0   0   0   0   0   0   0   0   0   0   0 100   0   0   0   0   0   0  0.81 0.02
   88 P   -1 -2 -2 -2 -3 -1 -1 -2 -2 -3 -3 -1 -3 -4  8 -1 -1 -4 -3 -3    0   0   0   0   0   0   0   0   0   0   0   0   0   0 100   0   0   0   0   0  2.09 0.02
   89 P   -1 -2 -2 -2 -3 -1 -1 -2 -2 -3 -3 -1 -3 -4  8 -1 -1 -4 -3 -3    0   0   0   0   0   0   0   0   0   0   0   0   0   0 100   0   0   0   0   0  2.09 0.02
   90 A    1 -2 -3 -3 -1 -2 -1 -2 -3  2  1 -2  0 -1  2 -1  0 -3 -1  3   19   0   0   0   0   0   2   0   0   2   7   0   0   2  11   0   0   0   0  57  0.21 0.01
   91 P    0 -2 -2 -2 -3 -1 -1 -2 -2 -3 -3 -1 -2 -4  7  0 -1 -4 -3 -2    5   0   0   0   0   0   0   0   0   0   0   0   0   0  89   4   1   0   0   0  1.77 0.02
   92 E   -1  0  0  2 -4  2  5 -2  0 -3 -3  1 -2 -3 -1  0 -1 -3 -2 -3    0   0   0   4   0   0  94   0   0   0   0   0   0   0   0   2   0   0   0   0  0.74 0.02
   93 D   -1 -1  0  3 -4  1  4 -1  0 -3 -3  0 -2 -3  0  0 -1 -3 -2 -3    0   0   0  24   0   2  67   4   0   0   0   0   0   0   3   0   0   0   0   0  0.61 0.01
   94 K   -1  3  0 -1 -3  1  1 -2 -1 -3 -3  5 -1 -3 -1  0 -1 -3 -2 -2    0   9   0   0   0   0   0   0   0   0   0  91   0   0   0   0   0   0   0   0  0.55 0.02
   95 K   -1  2  1 -1 -3  1  1 -2 -1 -3 -3  5 -1 -3  0  0 -1 -3 -2 -2    0   3   6   0   0   0   0   0   0   0   0  87   0   0   2   0   0   0   0   0  0.48 0.02
   96 P    0 -1  0 -1 -2 -1 -1 -1 -2 -2 -3 -1 -2 -3  6  2  1 -3 -2 -2    5   2   2   0   0   0   0   0   0   0   0   0   0   0  54  25  12   0   0   0  0.94 0.01
   97 L   -2 -2 -3 -4 -1 -2 -3 -4 -3  1  4 -2  2  0  0 -2 -1 -2 -1  1    0   0   0   0   0   0   0   0   0   0  92   0   0   0   6   0   0   0   0   2  0.43 0.01
   98 T    0 -1  0 -1 -1 -1 -1 -2 -2 -1 -1 -1 -1 -2 -1  1  5 -3 -2  0    0   0   0   0   0   0   0   0   0   0   0   0   0   0   0   3  97   0   0   0  0.51 0.02
   99 R   -2  6 -1 -2 -4  1  0 -2  0 -3 -2  2 -2 -3 -2 -1 -1 -3 -2 -3    0 100   0   0   0   0   0   0   0   0   0   0   0   0   0   0   0   0   0   0  0.81 0.02
  100 L   -2 -2 -4 -4 -1 -2 -3 -4 -3  2  4 -3  2  0 -3 -3 -1 -2 -1  1    0   0   0   0   0   0   0   0   0   0 100   0   0   0   0   0   0   0   0   0  0.49 0.01
  101 Q   -1  1  0  0 -3  6  2 -2  0 -3 -2  1 -1 -3 -1  0 -1 -2 -2 -2    0   0   0   0   0 100   0   0   0   0   0   0   0   0   0   0   0   0   0   0  0.72 0.03
  102 E   -1  0  0  1 -4  2  5 -2  0 -3 -3  1 -2 -3 -1  0 -1 -3 -2 -3    0   0   0   0   0   0 100   0   0   0   0   0   0   0   0   0   0   0   0   0  0.78 0.02
  103 R   -2  6 -1 -2 -4  1  0 -2  0 -3 -2  2 -2 -3 -2 -1 -1 -3 -2 -3    0 100   0   0   0   0   0   0   0   0   0   0   0   0   0   0   0   0   0   0  0.81 0.02
  104 L   -2 -2 -4 -4 -1 -2 -3 -4 -3  2  4 -3  2  0 -3 -3 -1 -2 -1  1    0   0   0   0   0   0   0   0   0   0 100   0   0   0   0   0   0   0   0   0  0.49 0.01
  105 I   -1 -3 -3 -3 -1 -3 -3 -4 -3  4  2 -3  2  0 -3 -2 -1 -3 -1  3    0   0   0   0   0   0   0   0   0  92   3   0   4   0   0   0   0   0   0   2  0.41 0.02
  106 K   -1  3  0 -1 -3  1  1 -2 -1 -3 -3  5 -1 -3 -1  0 -1 -3 -2 -2    0   7   0   0   0   0   0   0   0   0   0  93   0   0   0   0   0   0   0   0  0.55 0.02
  107 K   -1  2  0 -1 -3  1  1 -2 -1 -3 -3  5 -2 -3 -1  0 -1 -3 -2 -2    0   0   0   0   0   0   0   0   0   0   0 100   0   0   0   0   0   0   0   0  0.57 0.02
  108 L   -2 -2 -4 -4 -1 -2 -3 -4 -3  2  4 -3  2  0 -3 -3 -1 -2 -1  1    0   0   0   0   0   0   0   0   0   0 100   0   0   0   0   0   0   0   0   0  0.49 0.01
  109 G    0 -2 -1 -1 -3 -2 -2  6 -2 -4 -4 -2 -3 -3 -2  0 -2 -3 -3 -3    0   0   0   0   0   0   0 100   0   0   0   0   0   0   0   0   0   0   0   0  1.08 0.02
  110 E   -1  0  0  1 -4  2  5 -2  0 -3 -3  1 -2 -3 -1  0 -1 -3 -2 -3    0   0   0   0   0   0  97   0   0   0   0   0   0   0   0   0   3   0   0   0  0.75 0.02
  111 H   -2  0  1 -1 -3  1  0 -2  8 -3 -3 -1 -2 -1 -2 -1 -2 -3  2 -3    0   0   2   0   0   3   0   0  94   0   0   0   0   0   0   0   0   0   0   0  0.91 0.03
  112 A    4 -2 -2 -2 -1 -1 -1  0 -2 -1 -2 -1 -1 -2 -1  1  0 -3 -2  0  100   0   0   0   0   0   0   0   0   0   0   0   0   0   0   0   0   0   0   0  0.44 0.02
  113 Y   -2 -2 -2 -3 -3 -1 -2 -3  4 -2 -1 -2 -1  3 -3 -2 -2  2  7 -2    0   0   0   0   0   0   0   0  15   0   0   0   0   0   0   0   0   0  85   0  0.82 0.02
  114 P   -1 -2 -2 -2 -3 -1 -1 -2 -2 -3 -3 -1 -3 -4  8 -1 -1 -4 -3 -3    0   0   0   0   0   0   0   0   0   0   0   0   0   0 100   0   0   0   0   0  2.09 0.02
  115 F   -2 -3 -3 -4 -3 -3 -3 -3 -1  0  0 -3  0  7 -4 -3 -2  1  3 -1    0   0   0   0   0   0   0   0   0   0   0   0   0 100   0   0   0   0   0   0  0.81 0.02
  116 T    0 -1  0 -1 -1 -1 -1 -2 -2  0 -1 -1 -1 -2 -1  1  5 -3 -2  0    0   0   0   0   0   0   0   0   0   4   0   0   0   0   0   0  96   0   0   0  0.49 0.02
  117 F   -2 -3 -3 -4 -3 -3 -3 -3 -1  0  0 -3  0  7 -4 -3 -2  1  3 -1    0   0   0   0   0   0   0   0   0   0   0   0   0 100   0   0   0   0   0   0  0.81 0.02
  118 E   -1  0  0  2 -4  2  5 -2  0 -3 -3  1 -2 -3 -1  0 -1 -3 -2 -3    0   0   0   2   0   6  91   0   0   0   0   0   0   0   0   0   0   0   0   0  0.73 0.02
  119 I   -1 -3 -3 -3 -1 -3 -3 -4 -3  4  1 -3  1  0 -3 -2 -1 -3 -1  2    0   0   0   0   0   0   0   0   0  95   0   0   0   0   0   0   0   0   0   0  0.38 0.02
  120 P   -1 -2 -2 -2 -3 -1 -1 -2 -2 -3 -3 -1 -2 -4  8 -1 -1 -4 -3 -2    0   0   0   0   0   0   0   0   0   0   0   0   0   0  95   0   0   0   0   0  1.93 0.02
  121 P   -1 -2 -2 -2 -2 -1 -1 -2 -2 -1  0 -1 -1 -2  7 -1 -1 -3 -2 -1    2   0   0   0   0   0   0   0   0   0  19   0   0   0  72   0   3   0   0   0  1.27 0.02
  122 N   -2 -1  6  1 -3  0  0 -1  0 -3 -3  0 -2 -3 -2  1  0 -4 -2 -3    0   0  95   0   0   0   0   0   0   0   0   0   0   0   0   0   0   0   0   0  0.72 0.02
  123 L   -1 -2 -3 -3 -1 -2 -3 -3 -3  1  4 -2  2  0 -3 -2 -1 -2 -1  1    0   0   0   0   0   0   0   0   0   0  95   0   0   0   0   0   0   0   0   0  0.43 0.01
  124 P   -1 -2 -2 -2 -3 -1 -1 -2 -2 -3 -3 -1 -2 -3  7 -1 -1 -3 -3 -2    0   0   0   0   0   0   0   0   0   0   0   0   0   0  93   0   0   0   0   0  1.87 0.02
  125 C   -1 -3 -3 -3  9 -3 -3 -2 -3 -1 -1 -3 -2 -2 -3 -1 -1 -2 -2 -1    0   0   0   0  95   0   0   0   0   0   0   0   0   0   0   0   0   0   0   0  1.22 0.03
  126 S    1 -1  1  0 -1  0  0  0 -1 -2 -2  0 -2 -2 -1  4  1 -3 -2 -2    0   0   0   0   0   0   0   0   0   0   0   0   0   0   0  95   0   0   0   0  0.45 0.02
  127 V    0 -2 -3 -3 -1 -2 -2 -3 -3  2  1 -2  1 -1 -2 -2  0 -3 -1  4    0   0   0   0   0   0   0   0   0   0   0   0   0   0   0   0   0   0   0  95  0.34 0.02
  128 T    0 -1  0 -1 -1 -1 -1 -2 -2 -1 -1 -1 -1 -2 -1  1  5 -2 -2  0    0   0   0   0   0   0   0   0   0   0   0   0   0   0   0   0  95   0   0   0  0.48 0.02
  129 L   -1 -2 -3 -3 -1 -2 -3 -3 -3  1  4 -2  2  0 -3 -2 -1 -2 -1  1    0   0   0   0   0   0   0   0   0   0  95   0   0   0   0   0   0   0   0   0  0.43 0.01
  130 Q   -1  1  0  0 -3  6  2 -2  0 -3 -2  1 -1 -3 -1  0 -1 -2 -1 -2    0   0   0   0   0  95   0   0   0   0   0   0   0   0   0   0   0   0   0   0  0.66 0.02
  131 P   -1 -2 -2 -2 -3 -1 -1 -2 -2 -3 -3 -1 -2 -4  8 -1 -1 -4 -3 -2    0   0   0   0   0   0   0   0   0   0   0   0   0   0  95   0   0   0   0   0  1.93 0.02
  132 G    0 -2  0 -1 -2 -2 -2  6 -2 -4 -3 -2 -3 -3 -2  0 -2 -2 -3 -3    0   0   0   0   0   0   0  95   0   0   0   0   0   0   0   0   0   0   0   0  0.99 0.02
  133 P   -1 -2 -2 -1 -3 -1 -1 -2 -2 -3 -3 -1 -2 -3  7 -1 -1 -3 -3 -2    0   0   0   0   0   3   0   0   0   0   0   0   0   0  93   0   0   0   0   0  1.86 0.02
  134 E   -1  0  0  2 -4  2  5 -2  0 -3 -3  1 -2 -3 -1  0 -1 -3 -2 -2    0   0   0   2   0   0  93   0   0   0   0   0   0   0   0   0   0   0   0   0  0.70 0.02
  135 D   -2 -2  1  6 -3  0  1 -1 -1 -3 -3 -1 -3 -3 -1  0 -1 -4 -3 -3    0   0   0  95   0   0   0   0   0   0   0   0   0   0   0   0   0   0   0   0  0.90 0.02
  136 T    0 -1  0 -1 -1 -1 -1 -2 -2 -1 -1 -1 -1 -2 -1  1  5 -2 -2  0    0   0   0   0   0   0   0   0   0   0   0   0   0   0   0   0  95   0   0   0  0.48 0.02
  137 G    0 -2  0 -1 -2 -2 -2  6 -2 -4 -3 -2 -3 -3 -2  0 -2 -2 -3 -3    0   0   0   0   0   0   0  95   0   0   0   0   0   0   0   0   0   0   0   0  0.99 0.02
  138 K   -1  2  0 -1 -3  1  1 -2 -1 -3 -2  5 -1 -3 -1  0 -1 -3 -2 -2    0   0   0   0   0   0   0   0   0   0   0  95   0   0   0   0   0   0   0   0  0.51 0.02
  139 A    4 -2 -2 -2 -1 -1 -1  0 -2 -1 -2 -1 -1 -2 -1  1  0 -3 -2  0  100   0   0   0   0   0   0   0   0   0   0   0   0   0   0   0   0   0   0   0  0.44 0.02
  140 C   -1 -4 -3 -4  9 -3 -4 -3 -3 -1 -1 -3 -2 -3 -3 -1 -1 -3 -3 -1    0   0   0   0 100   0   0   0   0   0   0   0   0   0   0   0   0   0   0   0  1.34 0.03
  141 G    0 -2 -1 -1 -3 -2 -2  6 -2 -4 -4 -2 -3 -3 -2  0 -2 -3 -3 -3    0   0   0   0   0   0   0 100   0   0   0   0   0   0   0   0   0   0   0   0  1.08 0.02
  142 V    0 -3 -3 -3 -1 -2 -3 -3 -3  3  1 -2  1 -1 -3 -2  0 -3 -1  4    0   0   0   0   0   0   0   0   0   0   0   0   0   0   0   0   0   0   0 100  0.39 0.02
  143 D   -2 -2  1  6 -4  0  1 -1 -1 -3 -4 -1 -3 -4 -2  0 -1 -4 -3 -3    0   0   0 100   0   0   0   0   0   0   0   0   0   0   0   0   0   0   0   0  0.99 0.02
  144 Y   -2 -2 -3 -3 -3 -2 -3 -3  0 -1  0 -3 -1  5 -3 -2 -2  2  6 -1    0   0   0   0   0   0   0   0   0   0   0   0   0  52   0   0   0   0  48   0  0.73 0.02
  145 E   -1  0  0  1 -4  2  5 -2  0 -3 -3  1 -2 -3 -1  0 -1 -3 -2 -3    0   0   0   0   0   0 100   0   0   0   0   0   0   0   0   0   0   0   0   0  0.78 0.02
  146 V    0 -3 -3 -3 -1 -2 -3 -3 -3  3  1 -2  1 -1 -3 -2  0 -3 -1  4    0   0   0   0   0   0   0   0   0   0   0   0   0   0   0   0   0   0   0 100  0.39 0.02
  147 K   -1  2  0 -1 -3  1  1 -2 -1 -3 -3  5 -2 -3 -1  0 -1 -3 -2 -2    0   0   0   0   0   0   0   0   0   0   0 100   0   0   0   0   0   0   0   0  0.57 0.02
  148 A    4 -2 -2 -2 -1 -1 -1  0 -2 -1 -2 -1 -1 -2 -1  1  0 -3 -2  0   95   0   0   0   0   0   0   0   0   0   0   0   0   0   0   0   5   0   0   0  0.42 0.02
  149 F   -2 -3 -3 -4 -3 -3 -3 -3 -1  0  0 -3  0  6 -4 -3 -2  1  3 -1    0   0   0   0   0   0   0   0   0   0   0   0   0  98   0   0   0   0   2   0  0.80 0.02
  150 C   -1 -4 -3 -4  9 -3 -4 -3 -3 -1 -1 -3 -2 -3 -3 -1 -1 -3 -3 -1    0   0   0   0 100   0   0   0   0   0   0   0   0   0   0   0   0   0   0   0  1.34 0.03
  151 A    4 -2 -2 -2 -1 -1 -1  0 -2 -1 -2 -1 -1 -2 -1  1  0 -3 -2  0  100   0   0   0   0   0   0   0   0   0   0   0   0   0   0   0   0   0   0   0  0.44 0.02
  152 E   -1  0  0  2 -4  2  5 -2  0 -3 -3  1 -2 -3 -1  0 -1 -3 -2 -3    0   0   0   2   0   0  98   0   0   0   0   0   0   0   0   0   0   0   0   0  0.77 0.02
  153 N   -2 -1  6  1 -3  0  0 -1  1 -3 -4  0 -2 -3 -2  1  0 -4 -2 -3    0   0  96   0   0   0   0   0   1   0   0   0   0   0   0   3   0   0   0   0  0.75 0.02
  154 L    0 -2 -3 -3 -1 -2 -3 -3 -3  2  3 -2  1  0 -1 -2 -1 -2 -1  2    8   0   0   0   0   0   0   0   0   3  55   0   0   0   2   0   0   0   0  32  0.28 0.01
  155 E   -1  0  0  2 -4  2  5 -2  0 -3 -3  1 -2 -3 -1  0 -1 -3 -2 -3    0   0   0   5   0   0  95   0   0   0   0   0   0   0   0   0   0   0   0   0  0.76 0.02
  156 E   -1  0  0  1 -4  2  5 -2  0 -3 -3  1 -2 -3 -1  0 -1 -3 -2 -3    0   0   0   0   0   0 100   0   0   0   0   0   0   0   0   0   0   0   0   0  0.78 0.02
  157 K   -1  2  0 -1 -3  1  1 -2 -1 -3 -3  5 -1 -3 -1  0 -1 -3 -2 -2    0   2   0   0   0   0   0   0   0   0   0  98   0   0   0   0   0   0   0   0  0.56 0.02
  158 I   -1 -3 -3 -3 -1 -3 -3 -4 -3  4  1 -3  1  0 -3 -2  0 -3 -1  3    0   0   0   0   0   0   0   0   0  97   0   0   0   0   0   0   3   0   0   0  0.41 0.02
  159 H   -2  0  0 -1 -3  0  0 -2  8 -3 -3 -1 -2 -1 -2 -1 -2 -3  2 -3    0   0   0   0   0   0   0   0 100   0   0   0   0   0   0   0   0   0   0   0  0.98 0.03
  160 K   -1  2  0 -1 -3  1  1 -2 -1 -3 -3  5 -2 -3 -1  0 -1 -3 -2 -2    0   0   0   0   0   0   0   0   0   0   0 100   0   0   0   0   0   0   0   0  0.57 0.02
  161 R   -2  6 -1 -2 -4  1  0 -2  0 -3 -2  2 -2 -3 -2 -1 -1 -3 -2 -3    0 100   0   0   0   0   0   0   0   0   0   0   0   0   0   0   0   0   0   0  0.81 0.02
  162 N   -2 -1  6  1 -3  0  0 -1  0 -3 -3  0 -2 -3 -2  1  0 -4 -2 -3    0   0  96   0   0   0   0   0   0   0   0   0   0   0   0   0   0   0   0   0  0.73 0.02
  163 S    1 -1  1  0 -1  0  0  0 -1 -2 -2  0 -2 -2 -1  4  1 -3 -2 -2    0   0   0   0   0   0   0   0   0   0   0   0   0   0   0  96   0   0   0   0  0.46 0.02
  164 V    0 -2 -3 -3 -1 -2 -2 -3 -3  2  1 -2  1 -1 -2 -2  0 -3 -1  4    0   0   0   0   0   0   0   0   0   0   0   0   0   0   0   0   0   0   0  96  0.35 0.02
  165 R   -1  6 -1 -2 -1  1  0 -2  0 -3 -2  2 -1 -3 -2 -1 -1 -3 -2 -2    0  93   0   0   2   0   0   0   0   0   0   0   0   0   0   0   0   0   0   0  0.71 0.02
  166 L   -1 -2 -3 -3 -1 -2 -3 -4 -3  1  4 -2  2  0 -3 -2 -1 -2 -1  1    0   0   0   0   0   0   0   0   0   0  96   0   0   0   0   0   0   0   0   0  0.44 0.01
  167 V    0 -3 -3 -3 -1 -2 -2 -3 -3  3  1 -2  1 -1 -2 -2  0 -3 -1  4    0   0   0   0   0   0   0   0   0   9   0   0   0   0   0   0   0   0   0  87  0.34 0.01
  168 I   -1 -3 -3 -3 -1 -3 -3 -4 -3  4  1 -3  1  0 -3 -2 -1 -3 -1  2    0   0   0   0   0   0   0   0   0  96   0   0   0   0   0   0   0   0   0   0  0.39 0.02
  169 R   -1  6 -1 -2 -3  1  0 -2  0 -3 -2  2 -1 -3 -2 -1 -1 -3 -2 -3    0  96   0   0   0   0   0   0   0   0   0   0   0   0   0   0   0   0   0   0  0.75 0.02
  170 K   -1  2  0 -1 -3  1  1 -2 -1 -3 -3  5 -2 -3 -1  0 -1 -3 -2 -2    0   0   0   0   0   0   0   0   0   0   0 100   0   0   0   0   0   0   0   0  0.57 0.02
  171 V    0 -3 -3 -3 -1 -2 -3 -3 -3  3  1 -2  1 -1 -3 -2  0 -3 -1  4    0   0   0   0   0   0   0   0   0   0   0   0   0   0   0   0   0   0   0 100  0.39 0.02
  172 Q   -1  1  0  0 -3  6  2 -2  0 -3 -2  1 -1 -3 -1  0 -1 -2 -2 -2    0   0   0   0   0 100   0   0   0   0   0   0   0   0   0   0   0   0   0   0  0.72 0.03
  173 Y   -2 -2 -2 -3 -3 -2 -2 -3  2 -2 -1 -2 -1  3 -3 -2 -2  2  7 -1    0   0   0   0   0   0   0   0   0   0   0   0   0   0   0   0   0   0 100   0  0.95 0.03
  174 A    4 -2 -2 -2 -1 -1 -1  0 -2 -1 -2 -1 -1 -2 -1  1  0 -3 -2  0  100   0   0   0   0   0   0   0   0   0   0   0   0   0   0   0   0   0   0   0  0.44 0.02
  175 P   -1 -2 -2 -2 -3 -1 -1 -2 -2 -3 -3 -1 -3 -4  8 -1 -1 -4 -3 -3    0   0   0   0   0   0   0   0   0   0   0   0   0   0 100   0   0   0   0   0  2.09 0.02
  176 E   -1  0  0  1 -4  2  5 -2  0 -3 -3  1 -2 -3 -1  0 -1 -3 -2 -3    0   0   0   0   0   0 100   0   0   0   0   0   0   0   0   0   0   0   0   0  0.78 0.02
  177 R   -1  4  0 -1 -3  1  0 -2 -1 -3 -2  4 -1 -3 -2 -1 -1 -3 -2 -3    0  48   0   0   0   0   0   0   0   0   0  52   0   0   0   0   0   0   0   0  0.58 0.01
  178 P    0 -2 -2 -2 -3 -1 -1 -2 -2 -3 -3 -1 -3 -4  8 -1 -1 -4 -3 -2    7   0   0   0   0   0   0   0   0   0   0   0   0   0  93   0   0   0   0   0  1.90 0.02
  179 G    0 -2 -1 -1 -3 -2 -2  6 -2 -4 -4 -2 -3 -3 -2  0 -2 -3 -3 -3    0   0   0   0   0   0   0 100   0   0   0   0   0   0   0   0   0   0   0   0  1.08 0.02
  180 P   -1 -2 -2 -2 -3 -1 -1 -2 -2 -3 -3 -1 -3 -4  8 -1 -1 -4 -3 -3    0   0   0   0   0   0   0   0   0   0   0   0   0   0 100   0   0   0   0   0  2.09 0.02
  181 Q   -1  1  0  0 -3  6  2 -2  0 -3 -2  1 -1 -3 -1  0 -1 -2 -2 -2    0   0   0   0   0 100   0   0   0   0   0   0   0   0   0   0   0   0   0   0  0.72 0.03
  182 P   -1 -2 -2 -2 -3 -1 -1 -2 -2 -3 -3 -1 -3 -4  8 -1 -1 -4 -3 -3    0   0   0   0   0   0   0   0   0   0   0   0   0   0 100   0   0   0   0   0  2.09 0.02
  183 T   -1 -1 -1 -2 -1 -1 -2 -2 -2  1  1 -1  5 -1 -2  0  3 -2 -1  0    0   0   0   0   0   0   0   0   0   0   0   0  64   0   0   0  36   0   0   0  0.28 0.02
  184 A    4 -2 -2 -2 -1 -1 -1  0 -2 -1 -2 -1 -1 -2 -1  1  0 -3 -2  0   98   0   0   0   0   0   0   2   0   0   0   0   0   0   0   0   0   0   0   0  0.43 0.02
  185 E   -1  0  0  1 -4  2  5 -2  0 -3 -3  1 -2 -3 -1  0 -1 -3 -2 -3    0   0   0   0   0   0 100   0   0   0   0   0   0   0   0   0   0   0   0   0  0.78 0.02
  186 T    0 -1  0 -1 -1 -1 -1 -2 -2 -1 -1 -1 -1 -2 -1  1  5 -3 -2  0    0   0   0   0   0   0   0   0   0   0   0   0   0   0   0   0 100   0   0   0  0.52 0.02
  187 T    0 -1  0 -1 -1 -1 -1 -2 -2 -1 -1 -1 -1 -2 -1  1  5 -3 -2  0    0   0   0   0   0   0   0   0   0   0   0   0   0   0   0   0 100   0   0   0  0.52 0.02
  188 R   -2  6 -1 -2 -4  1  0 -2  0 -3 -2  2 -2 -3 -2 -1 -1 -3 -2 -3    0 100   0   0   0   0   0   0   0   0   0   0   0   0   0   0   0   0   0   0  0.81 0.02
  189 Q   -1  1  0  0 -3  6  2 -2  1 -3 -2  1 -1 -3 -1  0 -1 -2 -1 -2    0   0   0   0   0  98   0   0   2   0   0   0   0   0   0   0   0   0   0   0  0.71 0.03
  190 F   -2 -3 -3 -4 -3 -3 -3 -3 -1  0  0 -3  0  7 -4 -3 -2  1  3 -1    0   0   0   0   0   0   0   0   0   0   0   0   0 100   0   0   0   0   0   0  0.81 0.02
  191 L   -2 -2 -4 -4 -1 -2 -3 -4 -3  2  4 -3  2  0 -3 -3 -1 -2 -1  1    0   0   0   0   0   0   0   0   0   0 100   0   0   0   0   0   0   0   0   0  0.49 0.01
  192 M   -1 -2 -2 -3 -2 -1 -2 -3 -2  1  2 -2  6  0 -3 -2 -1 -2 -1  1    0   0   0   0   0   0   0   0   0   0   0   0 100   0   0   0   0   0   0   0  0.45 0.03
  193 S    1 -1  1  0 -1  0  0  0 -1 -3 -3  0 -2 -3 -1  4  1 -3 -2 -2    0   0   0   0   0   0   0   0   0   0   0   0   0   0   0 100   0   0   0   0  0.50 0.02
  194 D   -2 -2  1  6 -4  0  1 -1 -1 -3 -4 -1 -3 -4 -2  0 -1 -4 -3 -3    0   0   0 100   0   0   0   0   0   0   0   0   0   0   0   0   0   0   0   0  0.99 0.02
  195 K   -1  2  0 -1 -3  1  1 -2 -1 -3 -3  5 -2 -3 -1  0 -1 -3 -2 -2    0   0   0   0   0   0   0   0   0   0   0 100   0   0   0   0   0   0   0   0  0.57 0.02
  196 P   -1 -2 -2 -2 -3 -1 -1 -2 -2 -3 -3 -1 -3 -4  8 -1 -1 -4 -3 -3    0   0   0   0   0   0   0   0   0   0   0   0   0   0 100   0   0   0   0   0  2.09 0.02
  197 L   -2 -2 -4 -4 -1 -2 -3 -4 -3  2  4 -3  2  0 -3 -3 -1 -2 -1  1    0   0   0   0   0   0   0   0   0   0 100   0   0   0   0   0   0   0   0   0  0.49 0.01
  198 H   -2  0  0 -1 -3  0  0 -2  8 -3 -3 -1 -2 -1 -2 -1 -2 -3  2 -3    0   0   0   0   0   0   0   0 100   0   0   0   0   0   0   0   0   0   0   0  0.98 0.03
  199 L   -2 -2 -4 -4 -1 -2 -3 -4 -3  2  4 -3  2  0 -3 -3 -1 -2 -1  1    0   0   0   0   0   0   0   0   0   0 100   0   0   0   0   0   0   0   0   0  0.49 0.01
  200 E   -1  0  0  1 -4  2  5 -2  0 -3 -3  1 -2 -3 -1  0 -1 -3 -2 -3    0   0   0   0   0   0 100   0   0   0   0   0   0   0   0   0   0   0   0   0  0.78 0.02
  201 A    4 -2 -2 -2 -1 -1 -1  0 -2 -1 -2 -1 -1 -2 -1  1  0 -3 -2  0  100   0   0   0   0   0   0   0   0   0   0   0   0   0   0   0   0   0   0   0  0.44 0.02
  202 S    1 -1  1  0 -1  0  0  0 -1 -3 -3  0 -2 -3 -1  4  1 -3 -2 -2    0   0   0   0   0   0   0   0   0   0   0   0   0   0   0 100   0   0   0   0  0.50 0.02
  203 L   -2 -2 -4 -4 -1 -2 -3 -4 -3  2  4 -3  2  0 -3 -3 -1 -2 -1  1    0   0   0   0   0   0   0   0   0   0 100   0   0   0   0   0   0   0   0   0  0.49 0.01
  204 D   -2 -2  1  6 -4  0  1 -1 -1 -3 -4 -1 -3 -4 -2  0 -1 -4 -3 -3    0   0   0 100   0   0   0   0   0   0   0   0   0   0   0   0   0   0   0   0  0.99 0.02
  205 K   -1  2  0 -1 -3  1  1 -2 -1 -3 -3  5 -1 -3 -1  0 -1 -3 -2 -2    0   2   0   0   0   0   0   0   0   0   0  98   0   0   0   0   0   0   0   0  0.56 0.02
  206 E   -1  0  0  1 -4  2  5 -2  0 -3 -3  1 -2 -3 -1  0 -1 -3 -2 -3    0   0   0   0   0   0 100   0   0   0   0   0   0   0   0   0   0   0   0   0  0.78 0.02
  207 I   -1 -3 -3 -3 -1 -3 -3 -4 -3  4  1 -3  1  0 -3 -2 -1 -3 -1  3    0   0   0   0   0   0   0   0   0  95   0   0   0   0   0   0   0   0   0   5  0.43 0.02
  208 Y   -1 -2 -2 -3 -2 -2 -2 -3  2 -2 -1 -2 -1  3 -3 -2 -2  2  7 -1    5   0   0   0   0   0   0   0   0   0   0   0   0   0   0   0   0   0  95   0  0.87 0.03
  209 Y   -2 -2 -2 -3 -3 -2 -2 -3  2 -2 -1 -2 -1  3  0 -2 -2  2  7 -1    0   0   0   0   0   0   0   0   0   0   0   0   0   0   5   0   0   0  95   0  0.88 0.03
  210 H   -2  0  0 -1 -3  0  0 -2  8 -3 -3 -1 -2 -1 -2 -1 -2 -2  2 -3    0   0   0   0   0   0   0   0  95   0   0   0   0   0   0   0   0   0   0   0  0.89 0.03
  211 G    0 -2  0 -1 -3 -2 -2  6 -2 -4 -4 -2 -3 -3 -2  0 -2 -3 -3 -3    0   0   5   0   0   0   0  95   0   0   0   0   0   0   0   0   0   0   0   0  1.01 0.02
  212 E   -1  0  0  1 -4  2  5 -2  0 -3 -3  1 -2 -3 -1  0  0 -3 -2 -2    0   0   0   0   0   0  95   0   0   0   0   0   0   0   0   0   5   0   0   0  0.73 0.02
  213 P   -1 -2 -2 -2 -3 -1 -1 -2 -2 -3 -3 -1 -3 -3  8 -1 -1  2 -3 -3    0   0   0   0   0   0   0   0   0   0   0   0   0   0  95   0   0   5   0   0  1.96 0.02
  214 I   -1 -3 -3 -3 -1 -3 -3 -4 -3  4  1 -3  1  0 -3 -2  0 -3 -1  2    0   0   0   0   0   0   0   0   0  95   0   0   0   0   0   0   5   0   0   0  0.40 0.02
  215 S    1 -1  3  0 -1  0  0  0  1 -3 -3  0 -2 -3 -1  4  1 -3 -2 -2    0   0  24   0   0   0   0   0   5   0   0   0   0   0   0  71   0   0   0   0  0.41 0.01
  216 V    0 -3 -3 -3 -1 -2 -3 -3 -3  3  1 -2  1 -1 -3 -2  0 -3 -1  4    0   0   0   0   0   0   0   0   0   0   5   0   0   0   0   0   0   0   0  95  0.37 0.02
  217 N   -2  0  6  1 -3  0  0 -1  0 -3 -4  0 -2 -3 -2  0  0 -4 -2 -3    0   0  95   0   0   0   0   0   0   0   0   5   0   0   0   0   0   0   0   0  0.74 0.02
  218 V    0 -3 -3 -3 -1 -2 -3 -3 -3  2  1 -2  1 -1 -2 -2  0 -3 -1  4    0   0   0   0   0   0   0   0   0   0   0   0   0   0   0   0   5   0   0  95  0.36 0.02
  219 H   -2  0  0 -1 -3  0  0 -2  8 -3 -3 -1 -2 -1 -2 -1 -2 -3  2 -3    0   0   0   0   0   0   0   0 100   0   0   0   0   0   0   0   0   0   0   0  0.98 0.03
  220 V    0 -3 -3 -3 -1 -2 -3 -3 -3  2  1 -2  1 -1 -3 -2  0 -3 -1  4    2   0   0   0   0   0   0   0   0   0   5   0   0   0   0   0   0   0   0  94  0.36 0.02
  221 T    0 -1  1 -1 -1 -1 -1 -2 -2 -1 -1 -1 -1 -2 -1  1  5 -3 -2  0    0   0   5   0   0   0   0   0   0   0   0   0   0   0   0   0  95   0   0   0  0.49 0.02
  222 N   -2 -1  6  1 -3  0  0 -1  0 -3 -4  0 -2 -3 -2  1  0 -4 -2 -3    0   0 100   0   0   0   0   0   0   0   0   0   0   0   0   0   0   0   0   0  0.79 0.02
  223 N   -2 -1  6  1 -3  0  0 -1  0 -3 -3  0 -2 -3 -2  1  0 -4 -2 -3    0   0  95   0   0   0   0   0   0   0   0   0   0   0   0   0   5   0   0   0  0.74 0.02
  224 T    0 -1  0 -1 -1 -1 -1 -2 -2 -1 -1 -1 -1 -2  1  1  5 -3 -2  0    0   0   0   0   0   0   0   0   0   0   0   0   0   0   5   0  95   0   0   0  0.50 0.02
  225 N   -2 -1  6  1 -3  0  0 -1  0 -3 -3  0 -2 -3 -2  1  0 -4 -2 -3    0   0  92   0   0   0   5   0   0   0   0   0   0   0   0   2   2   0   0   0  0.71 0.02
  226 K   -1  2  0 -1 -3  1  1 -2 -1 -3 -3  5 -1 -2 -1  0 -1 -3  0 -2    0   0   0   0   0   0   0   0   0   0   0  95   0   0   0   0   0   0   5   0  0.51 0.02
  227 T    0 -1  0 -1 -1 -1 -1 -2 -2 -1 -1 -1  0 -2 -1  1  5 -3 -2  0    0   0   0   0   0   0   0   0   0   0   0   0   3   0   0   5  92   0   0   0  0.47 0.02
  228 V    0 -3 -3 -3 -1 -2 -3 -3 -3  3  1 -2  1 -1 -3 -2  0 -3 -1  4    0   0   0   0   0   0   0   0   0   0   5   0   0   0   0   0   0   0   0  95  0.37 0.02
  229 K   -1  2  0 -1 -3  1  1 -2 -1 -3 -3  5 -2 -3 -1  0 -1 -3 -2 -2    0   0   0   0   0   0   5   0   0   0   0  95   0   0   0   0   0   0   0   0  0.55 0.02
  230 K   -1  2  0 -1 -3  1  1 -2  1 -3 -3  5 -2 -3 -1  0 -1 -3 -2 -2    0   2   0   0   0   0   0   0   5   0   0  94   0   0   0   0   0   0   0   0  0.53 0.02
  231 I   -1 -3 -3 -3 -1 -2 -3 -4 -3  4  2 -2  3  0 -3 -2 -1 -2 -1  2    0   0   0   0   0   0   0   0   0  65   7   0  28   0   0   0   0   0   0   0  0.34 0.01
  232 K   -1  2  0  0 -3  1  1 -2 -1 -3 -3  5 -2 -3 -1  0 -1 -3 -2 -2    0   0   0   5   0   0   0   0   0   0   0  95   0   0   0   0   0   0   0   0  0.53 0.02
  233 I   -1 -3 -3 -3 -1 -3 -3 -4 -3  4  1 -3  1  0 -3 -3 -1 -3 -1  3    0   0   0   0   0   0   0   0   0  98   0   0   0   0   0   0   0   0   0   2  0.43 0.02
  234 S    1 -1  0  0 -1  0  0  0 -1 -3 -3  0 -2 -3  1  4  1 -3 -2 -2    2   0   0   0   0   0   0   0   0   0   0   0   0   0   5  93   0   0   0   0  0.47 0.02
  235 V    0 -3 -3 -3 -1 -2 -3 -3 -3  3  1 -2  1 -1 -3 -2  0 -3 -1  4    0   0   0   0   0   0   0   0   0   0   0   0   0   0   0   0   0   0   0 100  0.39 0.02
  236 R   -2  6 -1 -2 -4  1  0 -2  0 -3 -2  2 -2 -3 -2 -1 -1 -3 -2 -3    0 100   0   0   0   0   0   0   0   0   0   0   0   0   0   0   0   0   0   0  0.81 0.02
  237 Q   -1  1  0  0 -3  6  2 -2  0 -3 -2  1 -1 -3 -1  0 -1 -2 -2 -2    0   0   0   0   0 100   0   0   0   0   0   0   0   0   0   0   0   0   0   0  0.72 0.03
  238 Y   -2 -2 -2 -3 -3 -2 -2 -3  2 -2 -1 -2 -1  3 -3 -2 -2  2  7 -1    0   0   0   0   0   0   0   0   2   0   0   0   0   0   0   0   0   0  98   0  0.93 0.03
  239 A    4 -2 -2 -2 -1 -1 -1  0 -2 -1 -2 -1 -1 -2 -1  1  0 -3 -2  0  100   0   0   0   0   0   0   0   0   0   0   0   0   0   0   0   0   0   0   0  0.44 0.02
  240 D   -2 -2  1  6 -4  0  1 -1 -1 -3 -4 -1 -3 -4 -2  0 -1 -4 -3 -3    0   0   0 100   0   0   0   0   0   0   0   0   0   0   0   0   0   0   0   0  0.99 0.02
  241 I   -1 -3 -3 -3 -1 -3 -3 -4 -3  4  1 -3  1  0 -3 -3 -1 -3 -1  3    0   0   0   0   0   0   0   0   0 100   0   0   0   0   0   0   0   0   0   0  0.44 0.02
  242 C   -1 -4 -3 -4  9 -3 -4 -3 -3 -1 -1 -3 -2 -3 -3 -1 -1 -3 -3 -1    0   0   0   0 100   0   0   0   0   0   0   0   0   0   0   0   0   0   0   0  1.34 0.03
  243 L   -2 -2 -4 -4 -1 -2 -3 -4 -3  2  4 -3  2  0 -3 -3 -1 -2 -1  1    0   0   0   0   0   0   0   0   0   0 100   0   0   0   0   0   0   0   0   0  0.49 0.01
  244 F   -2 -3 -3 -4 -3 -3 -3 -3 -1  0  0 -3  0  7 -4 -3 -2  1  3 -1    0   0   0   0   0   0   0   0   0   0   0   0   0 100   0   0   0   0   0   0  0.81 0.02
  245 N   -2 -1  6  1 -3  0  0 -1  0 -3 -4  0 -2 -3 -2  1  0 -4 -2 -3    0   0  98   0   0   0   0   0   0   0   0   0   0   0   0   2   0   0   0   0  0.77 0.02
  246 T    0 -1  0 -1 -1 -1 -1 -2 -2 -1 -1 -1 -1 -2 -1  1  5 -3 -2  0    0   0   0   0   0   0   0   0   0   2   0   0   0   0   0   0  98   0   0   0  0.50 0.02
  247 A    4 -2 -2 -2 -1 -1 -1  0 -2 -1 -2 -1 -1 -2 -1  1  0 -3 -2  0  100   0   0   0   0   0   0   0   0   0   0   0   0   0   0   0   0   0   0   0  0.44 0.02
  248 Q   -1  1  0  0 -3  6  2 -2  0 -3 -2  1 -1 -3 -1  0 -1 -2 -2 -2    0   0   0   0   0 100   0   0   0   0   0   0   0   0   0   0   0   0   0   0  0.72 0.03
  249 Y   -2 -2 -2 -3 -3 -2 -2 -3  2 -2 -1 -2 -1  3 -3 -2 -2  2  7 -1    0   0   0   0   0   0   0   0   0   0   0   0   0   0   0   0   0   0 100   0  0.95 0.03
  250 K   -1  2  0 -1 -3  1  1 -2 -1 -3 -3  5 -2 -3 -1  0 -1 -3 -2 -2    0   0   0   0   0   0   0   0   0   0   0 100   0   0   0   0   0   0   0   0  0.57 0.02
  251 C   -1 -4 -3 -4  9 -3 -4 -3 -3 -1 -1 -3 -2 -3 -3 -1 -1 -3 -3 -1    0   0   0   0 100   0   0   0   0   0   0   0   0   0   0   0   0   0   0   0  1.34 0.03
  252 P   -1 -2 -2 -2 -3 -1 -1 -2 -2 -3 -3 -1 -3 -4  8 -1 -1 -4 -3 -2    2   0   0   0   0   0   0   0   0   0   0   0   0   0  98   0   0   0   0   0  2.04 0.02
  253 V    0 -3 -3 -3 -1 -2 -3 -3 -3  3  1 -2  1 -1 -3 -2  0 -3 -1  4    0   0   0   0   0   0   0   0   0   0   0   0   0   0   0   0   0   0   0 100  0.39 0.02
  254 A    4 -2 -2 -2 -1 -1 -1  0 -2 -1 -2 -1 -1 -2 -1  1  0 -3 -2  0  100   0   0   0   0   0   0   0   0   0   0   0   0   0   0   0   0   0   0   0  0.44 0.02
  255 M    0 -2 -2 -2 -1 -1 -2 -3 -2  2  1 -2  3 -1 -2  0  2 -2 -1  3    0   0   0   0   0   0   0   0   0   2   0   0  22   0   0   0  33   0   0  43  0.22 0.01
  256 E   -1  0  0  1 -4  2  5 -2  0 -3 -3  1 -2 -3 -1  0 -1 -3 -2 -3    0   0   0   0   0   0  98   0   0   0   0   0   0   0   0   0   2   0   0   0  0.75 0.02
  257 E   -1  0  0  3 -4  2  5 -2  0 -3 -3  0 -2 -3 -1  0 -1 -3 -2 -3    0   0   0  19   0   0  81   0   0   0   0   0   0   0   0   0   0   0   0   0  0.71 0.02
  258 A    3 -1  0 -1 -1 -1 -1  0 -1 -2 -2 -1 -1 -2 -1  3  1 -3 -2 -1   51   0   0   0   0   0   0   0   0   0   0   0   0   0   0  44   5   0   0   0  0.35 0.01
  259 D   -2 -2  1  6 -4  0  2 -1 -1 -3 -4 -1 -3 -4 -2  0 -1 -4 -3 -3    0   0   0  98   0   0   2   0   0   0   0   0   0   0   0   0   0   0   0   0  0.97 0.02
  260 D   -2 -2  1  6 -4  0  1 -1 -1 -3 -4 -1 -3 -4 -2  0 -1 -4 -3 -3    0   0   0 100   0   0   0   0   0   0   0   0   0   0   0   0   0   0   0   0  0.99 0.02
  261 T   -1 -2 -1 -3 -1 -2 -2 -3 -2  2  1 -2  3  0 -2 -1  1 -2 -1  2    0   0   3   0   0   0   0   0   0  25   5   0  25   1   0   0  13   0   0  28  0.21 0.01
  262 V    0 -3 -3 -3 -1 -2 -3 -3 -3  3  1 -2  1 -1 -3 -2  0 -3 -1  4    0   0   0   0   0   0   0   0   0   0   0   0   0   0   0   0   0   0   0 100  0.39 0.02
  263 A    4 -2 -2 -2 -1 -1 -1  0 -2 -1 -2 -1 -1 -2 -1  1  0 -3 -2  0   98   0   0   0   0   0   0   0   0   0   0   0   0   0   0   2   0   0   0   0  0.43 0.02
  264 P   -1 -2 -2 -2 -3 -1 -1 -2 -2 -3 -3 -1 -3 -4  8 -1 -1 -4 -3 -3    0   0   0   0   0   0   0   0   0   0   0   0   0   0 100   0   0   0   0   0  2.09 0.02
  265 S    1 -1  1  0 -1  0  0  0 -1 -3 -3  0 -2 -3 -1  4  1 -3 -2 -2    0   0   0   0   0   0   0   0   0   0   0   0   0   0   0 100   0   0   0   0  0.50 0.02
  266 S    2 -1  0 -1 -1  0  0  0 -1 -2 -2  0 -1 -2 -1  4  1 -3 -2 -1   26   0   0   0   0   0   0   0   0   0   0   0   0   0   0  74   0   0   0   0  0.40 0.01
  267 T    0 -1  0 -1 -1 -1 -1 -2 -2 -1 -1 -1 -1 -2 -1  1  5 -3 -2  0    0   0   0   0   0   0   0   0   0   0   0   0   0   0   0   0 100   0   0   0  0.52 0.02
  268 F   -2 -3 -3 -4 -3 -3 -3 -3 -1  0  0 -3  0  7 -4 -3 -2  1  3 -1    0   0   0   0   0   0   0   0   0   0   0   0   0 100   0   0   0   0   0   0  0.81 0.02
  269 C   -1 -4 -3 -4  9 -3 -4 -3 -3 -1 -1 -3 -2 -3 -3 -1 -1 -3 -3 -1    0   0   0   0 100   0   0   0   0   0   0   0   0   0   0   0   0   0   0   0  1.34 0.03
  270 K   -1  2  0 -1 -3  1  1 -2 -1 -3 -3  5 -1 -3 -1  0 -1 -3 -2 -2    0   2   0   0   0   0   0   0   0   0   0  98   0   0   0   0   0   0   0   0  0.56 0.02
  271 V    0 -3 -3 -3 -1 -2 -3 -3 -3  3  1 -2  1 -1 -3 -2  0 -3 -1  4    0   0   0   0   0   0   0   0   0   0   0   0   0   0   0   0   0   0   0 100  0.39 0.02
  272 Y   -2 -2 -2 -3 -3 -2 -2 -3  1 -1 -1 -2 -1  4 -3 -2 -2  2  6 -1    0   0   0   0   0   0   0   0   0   0   0   0   0  23   0   0   0   0  77   0  0.82 0.02
  273 T    0 -1  0 -1 -1 -1 -1 -2 -2 -1 -1 -1 -1 -2 -1  1  5 -3 -2  0    0   0   0   0   0   0   0   0   0   0   0   0   0   0   0   0 100   0   0   0  0.52 0.02
  274 L   -2 -2 -4 -4 -1 -2 -3 -4 -3  2  4 -3  2  0 -3 -3 -1 -2 -1  1    0   0   0   0   0   0   0   0   0   0 100   0   0   0   0   0   0   0   0   0  0.49 0.01
  275 T    0 -1  0 -1 -1 -1 -1 -2 -2 -1 -1 -1 -1 -2 -1  1  5 -3 -2  0    0   0   0   0   0   0   0   0   0   0   0   0   0   0   0   0  98   0   0   2  0.50 0.02
  276 P   -1 -2 -2 -2 -3 -1 -1 -2 -2 -3 -3 -1 -3 -4  8 -1 -1 -4 -3 -3    0   0   0   0   0   0   0   0   0   0   0   0   0   0 100   0   0   0   0   0  2.09 0.02
  277 F   -2 -3 -3 -4 -3 -3 -3 -3 -1  0  1 -3  0  6 -4 -3 -2  1  3 -1    0   0   0   0   0   0   0   0   0   0   4   0   0  94   0   0   0   0   2   0  0.76 0.02
  278 L   -2 -2 -4 -4 -1 -2 -3 -4 -3  2  4 -3  2  0 -3 -3 -1 -2 -1  1    0   0   0   0   0   0   0   0   0   0 100   0   0   0   0   0   0   0   0   0  0.49 0.01
  279 A    4 -2 -2 -2 -1 -1 -1  0 -2 -1 -1 -1 -1 -2 -1  1  0 -3 -2  0   93   0   0   0   0   0   0   0   0   0   0   0   0   0   0   0   0   0   0   7  0.38 0.02
  280 N   -2 -1  6  1 -3  0  0 -1  0 -3 -4  0 -2 -3 -2  1  0 -4 -2 -3    0   0 100   0   0   0   0   0   0   0   0   0   0   0   0   0   0   0   0   0  0.79 0.02
  281 N   -2 -1  6  1 -3  0  0 -1  0 -3 -4  0 -2 -3 -2  1  0 -4 -2 -3    0   0 100   0   0   0   0   0   0   0   0   0   0   0   0   0   0   0   0   0  0.79 0.02
  282 R   -2  6 -1 -2 -4  1  0 -2  0 -3 -2  2 -1 -3 -2 -1 -1 -3 -2 -3    0  94   0   0   0   4   0   0   2   0   0   0   0   0   0   0   0   0   0   0  0.76 0.02
  283 E   -1  0  0  2 -4  2  5 -2  0 -3 -3  1 -2 -3 -1  0 -1 -3 -2 -3    0   0   0   2   0   0  98   0   0   0   0   0   0   0   0   0   0   0   0   0  0.77 0.02
  284 K   -1  2  0 -1 -3  1  1 -2 -1 -3 -3  5 -2 -3 -1  0 -1 -3 -2 -2    0   0   0   0   0   0   0   0   0   0   0 100   0   0   0   0   0   0   0   0  0.57 0.02
  285 R   -2  6 -1 -2 -4  1  0 -2  0 -3 -2  2 -1 -3 -2 -1 -1 -3 -2 -3    0  98   0   0   0   2   0   0   0   0   0   0   0   0   0   0   0   0   0   0  0.79 0.02
  286 G    0 -2 -1 -1 -3 -2 -2  6 -2 -4 -4 -2 -3 -3 -2  0 -2 -3 -3 -3    0   0   0   0   0   0   0 100   0   0   0   0   0   0   0   0   0   0   0   0  1.08 0.02
  287 L   -2 -2 -4 -4 -1 -2 -3 -4 -3  2  4 -3  2  0 -3 -3 -1 -2 -1  1    0   0   0   0   0   0   0   0   0   0 100   0   0   0   0   0   0   0   0   0  0.49 0.01
  288 A    4 -2 -2 -2 -1 -1 -1  0 -2 -1 -2 -1 -1 -2 -1  1  0 -3 -2  0  100   0   0   0   0   0   0   0   0   0   0   0   0   0   0   0   0   0   0   0  0.44 0.02
  289 L   -2 -2 -4 -4 -1 -2 -3 -4 -3  2  4 -3  2  0 -3 -3 -1 -2 -1  1    0   0   0   0   0   0   0   0   0   0 100   0   0   0   0   0   0   0   0   0  0.49 0.01
  290 D   -2 -2  1  6 -4  0  1 -1 -1 -3 -4 -1 -3 -4 -2  0 -1 -4 -3 -3    0   0   0 100   0   0   0   0   0   0   0   0   0   0   0   0   0   0   0   0  0.99 0.02
  291 G    0 -2 -1 -1 -3 -2 -2  6 -2 -4 -4 -2 -3 -3 -2  0 -2 -3 -3 -3    0   0   0   0   0   0   0 100   0   0   0   0   0   0   0   0   0   0   0   0  1.08 0.02
  292 K   -1  2  0 -1 -3  1  1 -2 -1 -3 -3  5 -2 -3 -1  0 -1 -3 -2 -2    0   0   0   0   0   0   0   0   0   0   0 100   0   0   0   0   0   0   0   0  0.57 0.02
  293 L   -2 -2 -4 -4 -1 -2 -3 -4 -3  2  4 -3  2  0 -3 -3 -1 -2 -1  1    0   0   0   0   0   0   0   0   0   0 100   0   0   0   0   0   0   0   0   0  0.49 0.01
  294 K   -1  2  0 -1 -3  1  1 -2 -1 -3 -3  5 -2 -3 -1  0 -1 -3 -2 -2    0   0   0   0   0   0   0   0   0   0   0 100   0   0   0   0   0   0   0   0  0.57 0.02
  295 H   -2  0  0 -1 -3  0  0 -2  8 -3 -3 -1 -2 -1 -2 -1 -2 -3  2 -3    0   0   0   0   0   0   0   0 100   0   0   0   0   0   0   0   0   0   0   0  0.98 0.03
  296 E   -1  0  0  1 -4  2  5 -2  0 -3 -3  1 -2 -3 -1  0 -1 -3 -2 -3    0   0   0   0   0   0 100   0   0   0   0   0   0   0   0   0   0   0   0   0  0.78 0.02
  297 D   -2 -2  1  6 -4  0  1 -1 -1 -3 -4 -1 -3 -4 -2  0 -1 -4 -3 -3    0   0   0 100   0   0   0   0   0   0   0   0   0   0   0   0   0   0   0   0  0.99 0.02
  298 T    0 -1  0 -1 -1 -1 -1 -2 -2 -1 -1 -1 -1 -2 -1  1  5 -3 -2  0    0   0   0   0   0   0   0   0   0   0   0   0   0   0   0   0 100   0   0   0  0.52 0.02
  299 N   -2 -1  6  1 -3  0  0 -1  0 -3 -4  0 -2 -3 -2  1  0 -4 -2 -3    0   0 100   0   0   0   0   0   0   0   0   0   0   0   0   0   0   0   0   0  0.79 0.02
  300 L   -2 -2 -4 -4 -1 -2 -3 -4 -3  2  4 -3  2  0 -3 -3 -1 -2 -1  1    0   0   0   0   0   0   0   0   0   0 100   0   0   0   0   0   0   0   0   0  0.49 0.01
  301 A    4 -2 -2 -2 -1 -1 -1  0 -2 -1 -2 -1 -1 -2 -1  1  0 -3 -2  0  100   0   0   0   0   0   0   0   0   0   0   0   0   0   0   0   0   0   0   0  0.44 0.02
  302 S    1 -1  1  0 -1  0  0  0 -1 -3 -3  0 -2 -3 -1  4  1 -3 -2 -2    0   0   0   0   0   0   0   0   0   0   0   0   0   0   0 100   0   0   0   0  0.50 0.02
  303 S    1 -1  1  0 -1  0  0  0 -1 -3 -3  0 -2 -3 -1  4  1 -3 -2 -2    0   0   0   0   0   0   0   0   0   0   0   0   0   0   0 100   0   0   0   0  0.50 0.02
  304 T    0 -1  0 -1 -1 -1 -1 -2 -2 -1 -1 -1 -1 -2 -1  1  5 -3 -2  0    0   0   0   0   0   0   0   0   0   0   0   0   0   0   0   0 100   0   0   0  0.52 0.02
  305 L   -2 -2 -4 -4 -1 -2 -3 -4 -3  2  4 -3  2  0 -3 -3 -1 -2 -1  1    0   0   0   0   0   0   0   0   0   0 100   0   0   0   0   0   0   0   0   0  0.49 0.01
  306 L   -2 -2 -4 -4 -1 -2 -3 -4 -3  2  4 -3  2  0 -3 -3 -1 -2 -1  1    0   0   0   0   0   0   0   0   0   0 100   0   0   0   0   0   0   0   0   0  0.49 0.01
  307 R   -1  6 -1 -2 -3  1  0 -2  0 -3 -2  2 -1 -3 -2 -1 -1 -3 -2 -3    0  94   0   0   0   0   0   0   0   0   0   2   0   0   0   0   0   0   0   0  0.74 0.02
  308 E   -1 -1  1  4 -3  1  4 -2 -1 -3 -3  0 -2 -3 -1  0 -1 -3 -2 -3    0   0   0  46   0   0  50   0   0   0   0   0   0   0   0   0   0   0   0   0  0.66 0.01
  309 G    0 -2  0 -1 -3 -2 -2  6 -2 -4 -4 -2 -3 -3 -2  0 -2 -2 -3 -3    0   0   0   0   0   0   0  96   0   0   0   0   0   0   0   0   0   0   0   0  1.00 0.02
  310 A    4 -1 -2 -2 -1 -1 -1  0 -2 -1 -2 -1 -1 -2 -1  1  0 -3 -2  0   93   0   0   0   0   0   0   0   0   0   0   0   0   0   0   0   3   0   0   0  0.39 0.01
  311 N   -1 -1  6  1 -3  0  0 -1  0 -3 -3  0 -2 -3 -2  1  0 -4 -2 -3    0   0  90   0   0   0   0   0   0   0   0   0   0   0   0   4   3   0   0   0  0.68 0.02
  312 R   -1  3  0 -1 -3  1  1 -2 -1 -3 -2  4 -1 -3 -1  0 -1 -3 -2 -2    0  16   0   0   0   0   0   0   0   0   0  80   0   0   0   0   0   0   0   0  0.50 0.01
  313 E   -1  0  0  1 -4  2  5 -2  0 -3 -3  1 -2 -3 -1  0 -1 -3 -2 -2    0   0   0   0   0   0  96   0   0   0   0   0   0   0   0   0   0   0   0   0  0.73 0.02
  314 I   -1 -3 -3 -3 -1 -3 -3 -4 -3  4  1 -3  1  0 -3 -2 -1 -3 -1  3    0   0   0   0   0   0   0   0   0  85   0   0   0   0   0   0   0   0   0  12  0.37 0.01
  315 L   -1 -2 -3 -3 -1 -2 -3 -4 -3  1  4 -2  2  0 -3 -2 -1 -2 -1  1    0   0   0   0   0   0   0   0   0   0  96   0   0   0   0   0   0   0   0   0  0.44 0.01
  316 G    0 -2  0 -1 -3 -2 -2  6 -2 -4 -4 -2 -3 -3 -2  0 -2 -2 -3 -3    0   0   0   0   0   0   0  96   0   0   0   0   0   0   0   0   0   0   0   0  1.00 0.02
  317 I   -1 -3 -3 -3 -1 -3 -3 -4 -3  4  1 -3  1  0 -3 -2 -1 -3 -1  2    0   0   0   0   0   0   0   0   0  96   0   0   0   0   0   0   0   0   0   0  0.39 0.02
  318 I   -1 -3 -3 -3 -1 -3 -3 -4 -3  4  2 -3  1  0 -3 -2 -1 -2 -1  2    0   0   0   0   0   0   0   0   0  90   4   0   2   0   0   0   0   0   0   0  0.37 0.01
  319 V    0 -2 -3 -3 -1 -2 -2 -3 -3  2  1 -2  1 -1 -2 -2  0 -3 -1  4    0   0   0   0   0   0   0   0   0   0   0   0   0   0   0   0   0   0   0  96  0.35 0.02
  320 S    1 -1  1  0 -1  0  0  0 -1 -2 -2  0 -2 -2 -1  4  1 -3 -2 -2    0   0   0   0   0   0   0   0   0   0   0   0   0   0   0  96   0   0   0   0  0.46 0.02
  321 Y   -2 -2 -2 -3 -2 -1 -2 -3  2 -1 -1 -2 -1  3 -3 -2 -2  2  7 -1    0   0   0   0   0   0   0   0   0   0   0   0   0   0   0   0   0   0  96   0  0.88 0.02
  322 K   -1  2  0 -1 -3  1  1 -2 -1 -3 -2  5 -1 -3 -1  0 -1 -3 -2 -2    0   0   0   0   0   0   0   0   0   0   0  96   0   0   0   0   0   0   0   0  0.52 0.02
  323 V    0 -2 -3 -3 -1 -2 -2 -2 -3  2  1 -2  1 -1 -2 -2  0 -3 -1  4    0   0   0   0   0   0   0   3   0   0   0   0   0   0   0   0   0   0   0  94  0.32 0.02
  324 K   -1  2  0 -1 -3  1  1 -2 -1 -3 -2  5 -1 -3 -1  0  0 -3 -2 -2    0   0   0   0   0   0   0   0   0   0   0  94   0   0   0   0   2   0   0   0  0.50 0.02
  325 V    0 -2 -3 -3 -1 -2 -2 -3 -3  2  1 -2  1 -1 -2 -2  0 -3 -1  4    2   0   0   0   0   0   0   0   0   0   0   0   0   0   0   0   0   0   0  95  0.34 0.02
  326 K   -1  2  0 -1 -3  1  1 -2 -1 -3 -2  5 -1 -3 -1  0  0 -3 -2 -2    0   0   0   0   0   0   0   0   0   0   0  94   0   0   0   0   2   0   0   0  0.50 0.02
  327 L   -1 -2 -2 -3 -1 -2 -3 -3 -3  1  4 -2  2  0 -3 -2 -1 -2 -1  1    0   0   2   0   0   0   0   0   0   0  94   0   0   0   0   0   0   0   0   0  0.41 0.01
  328 V    0 -2 -3 -3 -1 -2 -2 -3 -3  2  1 -2  1 -1 -2 -2  0 -3 -1  4    0   0   0   0   0   0   0   0   0   0   0   0   0   0   0   0   0   0   0  96  0.35 0.02
  329 V    0 -2 -3 -3 -1 -2 -2 -3 -3  3  1 -2  1 -1 -2 -2  0 -3 -1  4    0   0   0   0   0   0   0   0   0   2   3   0   0   0   0   0   0   0   0  92  0.34 0.01
  330 S    1 -1  1  0 -1  0  0  0 -1 -2 -2  0 -2 -2 -1  4  1 -3 -2 -2    0   0   0   0   0   0   0   0   0   0   0   0   0   0   0  94   2   0   0   0  0.45 0.02
  331 R   -1  6  0 -2 -3  1  0 -2  1 -3 -2  2 -1 -3 -2 -1 -1 -3 -2 -3    0  94   0   0   0   0   0   0   2   0   0   0   0   0   0   0   0   0   0   0  0.72 0.02
  332 G    0 -2 -1 -1 -2 -2 -2  6 -2 -4 -3 -2 -3 -3 -2  0 -2 -2 -3 -3    3   0   0   0   0   0   0  94   0   0   0   0   0   0   0   0   0   0   0   0  0.97 0.02
  333 G    0 -2  0 -1 -2 -2 -2  6 -2 -4 -4 -2 -3 -3 -2  0 -1 -2 -3 -3    0   0   0   0   0   0   0  94   0   0   0   0   0   0   0   3   0   0   0   0  0.97 0.02
  334 L    0 -2 -2 -3 -1 -2 -2 -2 -2  1  3 -2  2  0 -2 -1 -1 -1  0  1    7   1   1   1   0   1   1   1   0   7  71   1   0   0   1   5   1   0   2   1  0.24 0.01
  335 L   -1 -2 -1 -3 -1 -2 -2 -2 -2  1  3 -2  2  1 -2 -2 -1 -1  0  1    1   0   3   0   0   0   1   3   0   0  78   0   0   3   0   1   0   0   4   4  0.27 0.01
  336 G    0 -1 -1 -1 -2 -1 -2  5 -1 -3 -3 -1 -2 -2  1  0 -1 -2 -2 -3    1   3   0   0   0   3   1  77   2   0   1   0   0   3   6   1   0   0   0   1  0.69 0.01
  337 D   -1 -1  1  5 -3  0  1  0 -1 -3 -3 -1 -3 -3 -1  0 -1 -3 -1 -3    1   0   0  80   0   3   1   6   0   0   1   0   0   0   0   2   0   0   3   1  0.67 0.01
  338 L   -1 -2 -3 -3 -1 -2 -2 -3 -3  2  4 -2  2  0 -2 -2 -1  1 -1  1    1   0   0   0   0   0   1   1   0   4  80   0   0   0   0   4   0   2   0   5  0.32 0.01
  339 A    4 -1 -1 -2 -1 -1 -1  0 -2 -1 -1 -1 -1 -1 -1  1  0 -2 -1  0   79   0   0   0   0   0   1   1   0   0   4   0   0   3   0   8   0   0   0   1  0.30 0.01
  340 S    1  0  0 -1  3  0 -1 -1 -1 -2 -2  0 -1 -1 -1  3  1  0 -1 -1   14   3   0   0   9   0   1   1   0   0   1   0   0   3   0  60   5   2   0   1  0.26 0.01
  341 S    1 -1  1  0 -1  0  0  0 -1 -2 -2  0 -1 -2 -1  4  1 -3 -2 -2    1   0   3   0   0   0   1   1   0   0   1   0   0   0   0  88   2   0   0   1  0.41 0.02
  342 D   -2 -2  1  6 -4  0  1 -2 -1 -3 -3 -1 -3 -3 -2  0 -1 -4 -3 -3    0   0   0  97   0   0   0   0   0   0   3   0   0   0   0   0   0   0   0   0  0.91 0.02
  343 V    0 -3 -3 -3 -1 -2 -3 -3 -1  2  1 -2  1 -1 -3 -2  0 -3 -1  4    0   0   0   0   0   0   0   0   2   0   5   0   0   0   0   0   0   0   0  93  0.34 0.02
  344 A    4 -1 -1 -2 -1 -1 -1  0 -2 -1 -2 -1 -1 -2  0  2  0 -3 -2  0   73   0   0   0   0   0   0   0   0   2   0   0   0   0   2  19   0   0   0   3  0.33 0.01
  345 V    0 -3 -3 -3 -1 -2 -3 -3 -3  3  1 -2  1 -1 -3 -2  0 -3 -1  4    0   0   0   0   0   0   0   0   0   4   8   0   0   0   0   0   0   0   0  88  0.36 0.01
  346 E   -1  0  0  1 -4  2  5 -2  0 -3 -3  1 -2 -3 -1  0 -1 -3 -2 -2    0   0   0   0   0   0  95   0   0   0   0   0   0   0   0   0   3   0   0   0  0.71 0.02
  347 L   -1 -2 -3 -4 -1 -2 -3 -4 -3  2  4 -2  2  0 -3 -2 -1 -2 -1  1    0   0   0   0   0   0   0   0   0   0  95   0   0   0   0   0   0   0   0   3  0.44 0.01
  348 P   -1 -2 -2 -2 -3 -1 -1 -2 -2 -3 -3 -1 -3 -4  8 -1 -1 -4 -3 -2    0   0   0   0   0   0   0   0   0   0   0   0   0   0  97   0   0   0   0   0  1.99 0.02
  349 F   -2 -3 -3 -3 -2 -3 -3 -3 -1  0  0 -3  0  6 -3 -2 -2  1  3 -1    0   0   0   0   0   0   0   0   0   0   0   0   0  95   0   3   0   0   0   0  0.72 0.02
  350 T    0 -1  0 -1 -1 -1 -1 -2 -2 -1 -1 -1  0 -2 -1  1  5 -2 -2  0    0   0   0   0   0   0   0   0   0   0   3   0   2   0   0   0  93   0   0   0  0.45 0.02
  351 L   -1 -2 -3 -4  0 -2 -3 -4 -3  1  4 -2  2  0 -3 -2 -1 -2 -1  1    0   0   0   0   3   0   0   0   0   0  95   0   0   0   0   0   0   0   0   0  0.43 0.01
  352 M   -1 -1 -2 -3 -2 -1 -2 -3 -2  1  2 -1  6  0 -2 -2 -1 -1 -1  1    0   0   0   0   0   0   0   0   0   0   1   0  95   0   0   0   0   0   0   0  0.40 0.03
  353 H   -2  0  0 -1 -3  0  0 -2  8 -3 -3 -1 -2 -1 -2 -1 -2 -2  2 -3    0   0   0   0   0   0   0   0  95   0   1   0   0   0   0   0   0   0   0   0  0.89 0.03
  354 P    0 -2 -2 -2 -3 -1 -1 -2 -2 -3 -3 -1 -2 -3  7 -1 -1 -3 -3 -2    5   0   0   0   0   0   0   0   0   0   1   0   0   0  90   0   0   0   0   0  1.80 0.02
  355 K   -1  2  0 -1 -3  1  1 -2 -1 -3 -2  5 -1 -3 -1  0 -1 -3 -2 -2    0   0   0   0   0   0   4   0   0   0   1  92   0   0   0   0   0   0   0   0  0.50 0.02
  356 P   -1 -2 -2 -2 -3 -1 -1 -2 -2 -3 -3 -1 -2 -3  8 -1 -1 -3 -3 -2    0   0   0   0   0   0   0   0   0   0   1   0   0   0  95   0   0   0   0   0  1.92 0.02
  357 K   -1  2 -1 -2 -2  0  0 -2 -1  0  1  3  0 -1 -1 -1  0 -2 -1  0    0  11   0   0   0   0   3   0   0   6  22  38   0   0   2   0   3   0   0  11  0.13 0.00
  358 E   -1  0  0  1 -3  2  5 -2  0 -3 -3  1 -2 -3 -1  0 -1 -3 -2 -2    0   0   0   0   0   0  95   0   0   0   1   0   0   0   0   0   0   0   0   0  0.71 0.02
  359 E   -1  0  0  2 -3  2  5 -1  0 -3 -3  1 -2 -3 -1  0 -1 -3 -2 -2    0   0   0   2   0   0  91   2   0   0   1   0   0   0   0   0   0   0   0   0  0.67 0.02
  360 P    1 -1 -1 -1  0 -1 -1 -1 -2 -2 -2 -1 -1 -2  5  2  0 -3 -2 -1   11   0   0   0   3   0   0   1   0   2   2   0   0   2  41  31   3   0   0   0  0.64 0.01
  361 P    0 -2 -2 -2 -1 -2 -2 -2 -2  2  2 -2  1  1  3 -1 -1 -2  0  1   13   0   0   0   0   0   0   0   0  24  26   0   0   6  16   2   0   0   2   8  0.20 0.00
  362 H   -2  0 -1 -2  0  0 -1 -2  6 -2 -2 -1 -1  2 -2 -1 -2  0  5 -2    0   3   0   0   3   0   0   0  44   0   1   0   0   6   0   0   0   0  39   0  0.53 0.01
  363 R   -1  5  0 -1 -3  1  0 -2  0 -3 -2  2 -1 -3 -2 -1 -1 -3 -2 -2    0  84   0   0   0   4   0   0   0   0   1   8   0   0   0   0   0   0   0   0  0.66 0.02
  364 E   -1 -1  1  5 -3  1  3 -1 -1 -3 -3  0 -3 -3 -1  0 -1 -4 -3 -3    0   0   0  62   0   0  31   2   0   0   0   0   0   0   0   3   0   0   0   0  0.68 0.01
  365 V    2 -1 -2 -2 -1 -2 -2 -1 -2  2  0 -1  0 -1 -2  0  0 -3 -1  3   30   2   0   0   0   0   0   2   0   3   1   0   0   0   0   0   0   0   0  59  0.18 0.01
  366 P    0 -2 -2 -2 -2 -1 -1  0 -2 -2 -2 -1 -2 -3  7  0  0 -3 -3 -2    7   0   0   0   0   0   0   6   0   0   4   2   0   0  70   3   6   0   0   0  1.25 0.01
  367 E    0  0  0  1 -3  2  4 -2  0 -2 -2  1 -1 -2 -1  0 -1 -2 -2 -2    3   1   1   3   0   5  72   1   0   1   2   1   0   1   1   1   1   0   1   3  0.47 0.01
  368 N   -1 -1  5  3 -2  0  0  0  1 -3 -3  0 -2 -3 -2  1  0 -3 -2 -3    0   0  60  16   0   0   0   2   3   0   0   2   0   0   0  12   2   0   0   0  0.49 0.01
  369 E   -1  0  0  3 -4  1  5 -2  0 -3 -3  0 -2 -3  1  0 -1 -3 -2 -3    0   2   0  17   0   0  73   0   0   0   0   0   0   0   4   0   0   0   0   0  0.61 0.01
  370 T    3 -1 -1 -2 -1 -1 -1  0 -2 -1 -1  0 -1 -2 -1  1  1 -3 -2  0   70   0   0   0   0   0   0   0   0   0   0   2   0   0   0   4  13   0   0   8  0.28 0.01
  371 P   -1 -2 -2 -2  0 -1 -1 -2 -2 -3 -3 -1 -2 -4  7 -1 -1 -4 -3 -2    3   0   0   0   2   0   0   0   0   0   0   0   0   0  92   0   0   0   0   0  1.84 0.02
  372 V   -1 -3 -3 -3 -1 -2 -3 -3 -3  3  2 -2  1  0 -1 -2 -1  1 -1  3    0   0   0   0   0   0   0   0   0  53  12   0   0   0   2   0   0   2   0  26  0.28 0.01
  373 D   -2 -1  1  6 -3  0  1 -1 -1 -3 -3  0 -3 -2 -2  0 -1 -4 -3 -3    0   3   0  89   0   0   0   0   0   0   0   2   0   2   0   0   0   0   0   0  0.79 0.02
  374 T    0 -1  0 -1 -1 -1 -1 -2 -2 -1 -1 -1 -1 -1 -1  1  5 -2 -1  0    4   0   0   0   0   0   0   0   0   0   0   0   0   2   0   3  87   0   0   0  0.42 0.02
  375 N   -1 -1  6  1 -3  0  0 -1  0 -3 -3  0 -2 -3 -1  1  0 -3 -2 -3    3   0  89   0   0   0   0   0   0   0   0   0   0   0   2   3   0   0   0   0  0.65 0.02
  376 L   -1 -2 -3 -3 -1 -2 -2 -3 -3  1  4 -2  2  0 -1 -2 -1 -2 -1  1    0   0   0   0   0   0   3   0   0   0  92   0   0   0   2   0   0   0   0   0  0.39 0.01
  377 I   -1 -3 -3 -3 -1 -3 -3 -4 -3  4  1 -3  1  0 -1 -2 -1 -2 -1  2    0   0   0   0   0   0   0   0   0  89   0   0   0   2   4   0   0   0   0   3  0.35 0.01
  378 E   -1  0  0  1  0  2  5 -2  0 -3 -3  1 -2 -3 -1  0  0 -3 -2 -2    0   0   0   0   4   6  83   0   0   0   0   0   0   0   0   3   3   0   0   0  0.60 0.02
  379 L   -2 -2 -3 -3 -2 -3 -3 -3 -2  1  2 -3  1  5 -3 -2 -2  0  2  0    0   0   0   0   0   0   0   0   0   0  39   0   0  52   0   0   0   0   2   4  0.42 0.01
  380 D   -2 -1  1  6 -3  0  2 -1 -1 -3 -4  0 -3 -4 -1  0 -1 -4 -3 -3    0   2   0  86   0   0   2   0   0   0   0   2   0   0   2   4   0   0   0   0  0.80 0.02
  381 T    0 -1  0 -1  0 -1 -1 -2 -2 -1 -1 -1 -1 -1 -1  1  5 -2 -1  0    4   0   0   0   2   0   0   0   0   0   0   0   0   2   0   2  89   0   0   0  0.43 0.02
  382 N   -1  0  5  1 -3  0  0  0  2 -3 -3  0 -2 -3 -2  1  0 -4 -2 -3    0   0  78   0   0   0   0   2   8   0   0   6   0   0   0   6   0   0   0   0  0.59 0.02
  383 D   -2 -1  1  6 -4  0  1 -2 -1 -3 -4 -1 -3 -4 -2  0 -1 -4 -3 -3    0   4   0  94   0   2   0   0   0   0   0   0   0   0   0   0   0   0   0   0  0.90 0.02
  384 D   -2 -2  1  6 -4  0  2 -1 -1 -3 -4 -1 -3 -4 -2  0 -1 -4 -3 -3    0   0   2  94   0   0   2   0   0   0   0   0   0   0   0   2   0   0   0   0  0.92 0.02
  385 D   -2 -2  1  6 -3  0  2 -1 -1 -3 -4 -1 -3 -4 -2  0 -1 -4 -3 -3    0   0   0  94   0   0   2   0   0   0   0   0   0   0   0   0   2   0   0   0  0.90 0.02
  386 I   -1 -3 -3 -3 -1 -3 -3 -4 -3  4  1 -3  1  0 -3 -2 -1 -3 -1  3    0   0   0   0   0   0   0   0   0  94   0   0   0   0   0   0   0   0   0   2  0.39 0.02
  387 V   -1 -3 -3 -3 -1 -2 -3 -3 -3  3  1 -2  1 -1 -2 -2  0 -3 -1  3    0   0   0   0   0   0   0   0   0  39   0   0   0   0   0   0   0   0   0  56  0.32 0.01
  388 F   -2 -3 -3 -4  0 -3 -3 -3 -1  0  0 -3  0  6 -4 -2 -2  1  3 -1    0   0   0   0   3   0   0   0   0   0   0   0   0  95   0   0   0   0   0   0  0.73 0.02
  389 E   -1  0  0  1 -4  2  5 -2  0 -3 -3  1 -2 -3 -1  0 -1 -3 -2 -3    0   0   3   0   0   2  95   0   0   0   0   0   0   0   0   0   0   0   0   0  0.74 0.02
  390 D   -1 -2  1  6 -3  0  1 -1 -1 -3 -3 -1 -2 -3 -2  0 -1 -4 -3 -3    3   0   0  93   0   0   0   0   0   0   0   0   2   0   0   0   0   0   0   0  0.86 0.02
  391 F   -2 -3 -3 -4 -2 -3 -3 -3 -1  0  0 -3  0  6 -1 -2 -2  1  3 -1    0   0   0   0   0   0   0   0   0   0   0   0   0  93   3   0   0   0   0   3  0.71 0.02
  392 A    4 -2 -2 -2 -1 -1 -1  0 -2 -2 -2 -1 -1 -2  1  1  0 -3 -2  0   95   0   0   0   0   0   0   0   0   0   0   0   0   0   5   0   0   0   0   0  0.43 0.02
  393 R   -2  6 -1 -2 -4  1  0 -2  0 -3 -2  2 -2 -3 -2 -1 -1 -3 -2 -3    0 100   0   0   0   0   0   0   0   0   0   0   0   0   0   0   0   0   0   0  0.81 0.02
  394 Q   -1  1  0  0  0  6  2 -2  0 -3 -2  1 -1 -3 -1  0 -1 -2 -2 -2    0   0   0   0   3  97   0   0   0   0   0   0   0   0   0   0   0   0   0   0  0.68 0.03
  395 R   -2  6 -1 -2 -4  1  0 -2  0 -3 -2  2 -2 -3 -2 -1 -1 -3 -2 -3    0 100   0   0   0   0   0   0   0   0   0   0   0   0   0   0   0   0   0   0  0.81 0.02
  396 L   -2 -2 -4 -4 -1 -2 -3 -4 -3  2  4 -3  2  0 -3 -3 -1 -2 -1  1    0   0   0   0   0   0   0   0   0   0 100   0   0   0   0   0   0   0   0   0  0.49 0.02
  397 K   -1  1 -1 -1 -2  1  0 -2 -1  1 -1  4  0 -2 -2 -1  0 -3 -2  0    0   0   0   0   0   3   0   0   0  28   0  64   0   0   0   0   5   0   0   0  0.23 0.01
  398 G    0 -2 -1 -1 -1 -2 -1  6 -2 -4 -4 -2 -3 -3 -2  0 -2 -3 -3 -3    0   0   0   0   2   0   4  94   0   0   0   0   0   0   0   0   0   0   0   0  0.97 0.02
  399 M    2 -2 -2 -3 -1 -1 -2 -1 -2  1  1 -1  4 -1 -2  0 -1 -2 -1  1   34   0   0   0   0   0   0   2   0   0   5   0  51   0   0   0   0   0   0   7  0.20 0.01
  400 K   -1  2  0  0 -3  1  1 -2 -1 -3 -3  5 -2 -3 -1  0 -1 -3 -2 -2    2   0   0   2   0   0   0   0   0   0   0  96   0   0   0   0   0   0   0   0  0.53 0.02
  401 D   -2 -1  1  6 -4  0  2 -2 -1 -3 -4  0 -3 -4 -2  0 -1 -4 -3 -3    0   0   0  91   0   0   7   0   0   0   0   2   0   0   0   0   0   0   0   0  0.90 0.02
  402 D   -2 -1  1  6 -4  0  2 -1 -1 -3 -4  0 -3 -4 -1  0 -1 -4 -3 -3    0   0   0  84   0   0  12   0   0   0   0   2   0   0   0   0   0   0   0   0  0.83 0.02
  403 K   -1  2  0 -1 -3  1  1 -1 -1 -2 -2  4 -1 -3 -1  0 -1 -3 -2 -2    1   1   3   1   0   2   3   1   0   1   1  83   0   0   1   1   1   0   0   1  0.43 0.01
  404 E   -1 -1  0  4 -3  1  4 -2 -1 -3 -3  0 -2 -3 -1  0 -1 -3 -2 -3    0   0   0  41   0   0  55   0   0   0   0   0   0   0   0   0   0   0   0   0  0.64 0.01
  405 E   -1  0  0  3 -4  1  5 -2  0 -3 -3  0 -2 -3 -1  0 -1 -3 -2 -3    0   0   0  23   0   0  77   0   0   0   0   0   0   0   0   0   0   0   0   0  0.70 0.02
  406 E   -1 -1  1  5 -4  1  4 -2 -1 -3 -3  0 -3 -4 -1  0 -1 -4 -3 -3    0   0   0  52   0   0  48   0   0   0   0   0   0   0   0   0   0   0   0   0  0.72 0.01
  407 E   -1  0  0  2 -4  2  5 -2  0 -3 -3  1 -2 -3 -1  0 -1 -3 -2 -3    2   0   0  10   0   0  88   0   0   0   0   0   0   0   0   0   0   0   0   0  0.71 0.02
  408 D   -1 -1  1  3 -4  1  4 -1 -1 -3 -3  0 -2 -3 -1  0 -1 -3 -2 -2    0   0   3  27   0   0  63   5   0   0   0   0   0   0   0   0   0   0   0   2  0.58 0.01
  409 G    0  1 -1 -2 -3 -1 -1  4 -2 -3 -2 -1 -2 -3  3  0 -1 -3 -3 -2    5  15   0   0   0   2   0  58   0   0   2   0   0   0  16   0   0   0   0   3  0.55 0.01
  410 T    2 -2 -1 -2 -1 -1 -1 -1 -2  0 -1 -1  0 -2 -1  1  3 -3 -2  1   27   0   0   0   0   0   0   0   0   0   0   0   2   0   0   2  50   0   0  18  0.25 0.01
  411 G   -1 -1  4  4 -3  0  0  1  0 -3 -4 -1 -3 -3 -2  0 -1 -4 -3 -3    0   0  46  35   0   0   0  14   0   0   0   0   0   0   0   3   0   0   0   0  0.54 0.01
  412 S    1 -1  0  0 -1  0  0  0 -1 -3 -3  0 -2 -2 -1  4  1  1 -2 -2    0   0   0   0   0   0   0   0   0   0   0   0   0   0   0  97   0   3   0   0  0.47 0.02
  413 P   -1 -2 -2 -2 -3 -1 -1 -2 -2 -3 -3 -1 -3 -4  8 -1 -1 -4 -3 -2    2   0   0   0   0   0   0   0   0   0   0   0   0   0  95   0   3   0   0   0  1.95 0.02
  414 Q   -1  2  0 -1 -3  4  1 -2  1 -3 -2  3 -1 -3 -1  0 -1 -3 -1 -2    0   3   0   0   0  45   0   0   5   0   2  42   0   0   0   2   0   0   0   0  0.44 0.01
  415 L   -2 -2 -3 -3 -2 -1 -2 -4 -1  1  4 -2  2  1 -1 -2 -1 -2 -1  1    0   0   0   0   0   3   0   0   3   0  81   0   9   2   3   0   0   0   0   0  0.35 0.01
  416 N   -1  0  5  2 -3  1  1 -1  1 -3 -3  0 -2 -3 -2  1  0 -4 -2 -3    0   0  66   9   0   3   8   0   3   0   0   5   0   0   0   5   2   0   0   0  0.53 0.01
  417 N   -2 -2  3  6 -4  0  1 -1 -1 -3 -4 -1 -3 -4 -2  0 -1 -4 -3 -3    0   0  15  85   0   0   0   0   0   0   0   0   0   0   0   0   0   0   0   0  0.86 0.02
  418 R   -2  6 -1 -2 -4  1  0 -2  0 -3 -2  2 -2 -3 -2 -1 -1 -3 -2 -3    0 100   0   0   0   0   0   0   0   0   0   0   0   0   0   0   0   0   0   0  0.81 0.02

                      K         Lambda
Standard Ungapped    0.1361     0.3161
Standard Gapped      0.0414     0.2670
PSI Ungapped         0.1353     0.3176
PSI Gapped           0.0414     0.2670
