
Last position-specific scoring matrix computed, weighted observed percentages rounded down, information per position, and relative weight of gapless real matches to pseudocounts
            A   R   N   D   C   Q   E   G   H   I   L   K   M   F   P   S   T   W   Y   V   A   R   N   D   C   Q   E   G   H   I   L   K   M   F   P   S   T   W   Y   V
    1 M    -3  -3  -4  -5  -3  -2  -4  -4  -3   0   1  -3  10  -2  -4  -3  -2  -3  -3  -1    0   0   0   0   0   0   0   0   0   1   1   0  98   0   0   0   0   0   0   0  1.67 0.32
    2 R    -1   6   0  -2  -4   0  -1  -3  -1  -4  -3   3  -2  -4   0  -1   0  -4  -3  -3    6  64   4   0   0   0   0   0   0   0   0  14   0   0   5   1   5   0   0   0  0.77 0.16
    3 I    -2  -3  -3  -4  -2  -3  -4  -4  -3   4   3  -3   2   1  -4  -3  -1  -3  -1   1    0   0   1   0   0   0   0   0   1  45  40   0   3   7   0   1   1   0   1   2  0.52 0.13
    4 L    -2   3  -3  -4  -2  -2  -3  -4  -3   1   4  -1   1   2  -3  -2  -1  -2  -1   0    0  23   0   0   0   0   0   0   0   6  53   0   1   9   0   1   4   0   0   3  0.37 0.11
    5 K    -2   1  -1  -2  -5   0   0  -3  -2  -4  -4   7  -3  -4  -2  -1  -2   0  -3  -4    0   2   1   0   0   0   0   0   0   0   0  95   0   0   0   0   0   1   0   0  1.17 0.24
    6 S     0   2   1  -1  -2   0  -1  -1  -1  -2  -2   1  -2  -3  -2   4   3  -4  -2  -2    0  12   5   0   0   1   0   1   0   1   1   6   0   0   0  50  19   0   1   1  0.40 0.13
    7 H    -2  -1   4  -1  -4   1  -1  -2   8  -4  -3  -1  -3  -3  -2  -1  -2  -3   1  -4    0   1  29   2   0   6   0   0  53   0   1   0   0   0   1   2   0   0   2   0  0.98 0.19
    8 P    -1  -3  -3  -3  -3  -2  -2  -3  -2  -2  -2  -2  -2  -4   7   0  -1  -5  -4   1    2   0   0   0   0   0   0   0   1   1   2   1   0   0  71   7   3   0   0  12  1.48 0.20
    9 L    -2  -3  -4  -4  -2  -3  -4  -4  -2   3   4  -3   1   2  -4  -3  -1  -1   3   1    0   0   0   0   0   0   0   1   0  18  54   0   1   7   0   0   1   0  13   3  0.48 0.12
   10 L    -2  -3  -4  -5  -2  -3  -4  -5  -4   2   5  -4   2   0  -4  -3  -2  -3  -2   0    0   0   0   0   0   0   0   0   0  10  84   0   1   3   0   1   0   0   0   2  0.77 0.17
   11 K     0   3   1  -1  -3   0  -1   1  -1  -3  -3   3  -2  -4  -2   3   0  -4  -3  -2    6  21   5   0   0   0   0   8   0   0   0  27   0   0   0  29   2   0   0   1  0.38 0.11
   12 I    -2  -3  -3  -4  -2  -3  -3  -4  -3   3   4  -3   3   0  -3  -3  -2  -3  -2   1    1   0   0   0   0   0   1   0   1  21  61   0   9   2   0   0   0   0   0   2  0.53 0.12
   13 V     1  -3  -4  -4  -1  -3  -3  -3  -4   2   2  -3   1   0  -3  -2  -1  -3  -1   4   12   0   0   0   0   0   0   0   0   9  15   0   2   4   0   0   0   0   1  57  0.41 0.11
   14 N    -3  -2   8   0  -4  -1  -1  -2  -1  -5  -5  -1  -4  -5  -3   0  -1  -5  -4  -4    0   0  96   1   0   1   0   0   0   0   0   1   0   0   0   1   1   0   0   0  1.46 0.25
   15 S     0  -2   2   1  -2  -1   0  -1   0  -3  -3  -1  -1  -4  -2   5   0  -4  -3  -3    3   0  11   7   0   0   3   2   2   0   0   0   2   0   0  70   1   0   0   0  0.59 0.16
   16 Y    -2  -3  -3  -4  -4  -2  -3  -4   3  -2  -2  -3   0   3  -4  -1  -2   1   8  -2    2   0   0   0   0   0   0   0   5   0   0   0   2   9   0   6   1   0  75   0  1.21 0.22
   17 I    -1  -3  -4  -4  -2  -3  -3  -4  -4   3   3  -3   2   1  -3  -3  -1  -3  -1   2    2   0   0   0   0   0   0   0   0  21  48   0   5   4   0   0   1   0   0  18  0.45 0.10
   18 I    -2  -4  -4  -4  -1  -3  -4  -4  -4   5   1  -3   2  -1  -4  -3  -1  -4  -2   4    0   0   0   0   0   0   0   1   0  62   1   0   5   0   0   0   1   0   0  29  0.66 0.15
   19 D    -3  -3   0   7  -5  -1   1  -3  -2  -5  -5  -2  -4  -5  -3  -1  -2  -6  -4  -5    0   0   1  96   0   0   2   0   0   0   0   0   0   0   0   1   0   0   0   0  1.53 0.23
   20 S     1  -2   0  -2  -2  -1  -1  -1   1  -3  -1  -1  -1  -2  -2   5   0  -3   2  -2    5   0   1   0   0   0   0   2   5   0   9   0   0   0   0  68   0   0   9   0  0.47 0.15
   21 P    -1  -3  -3  -3  -4  -2  -2  -3  -3  -4  -4  -2  -4  -5   8   1  -2  -5  -4  -4    2   0   0   0   0   0   0   0   0   0   0   0   0   0  87  11   0   0   0   0  2.09 0.24
   22 Q     1   0  -1  -1  -3   6   1  -3  -1  -3  -2   0  -1  -4  -2   0   1  -3  -3  -2   11   0   0   0   0  65   4   0   0   0   4   0   0   0   0   3  13   0   0   0  0.70 0.18
   23 P    -1  -4  -3  -3  -4  -3  -3  -4  -4  -4  -4  -2  -4  -5   8  -2  -2  -5  -4  -4    2   0   0   0   0   0   0   0   0   0   0   0   0   0  98   0   0   0   0   0  2.48 0.27
   24 A     2  -2   0  -2  -2  -1  -1  -1  -2  -1  -2  -1  -2  -3  -1   4   1  -4  -3  -1   24   0   2   0   0   0   0   0   0   5   1   0   0   0   1  60   5   0   0   2  0.48 0.14
   25 N    -2  -2   7   0  -4  -1  -1  -2  -1  -4  -5  -1  -3  -4  -3   2   0  -5  -3  -4    0   0  85   0   0   0   0   0   0   0   0   0   0   0   0  13   2   0   0   0  1.22 0.22
   26 L    -2  -4  -4  -4  -2  -4  -4  -5  -4   6   3  -4   1  -1  -4  -3  -2  -3  -2   1    0   0   0   0   0   0   0   0   0  71  27   0   3   0   0   0   0   0   0   0  0.73 0.16
   27 S     0  -2   4  -1  -2  -1  -1  -1   1  -3  -4  -1  -3  -4  -2   5   2  -4  -3  -3    0   0  23   0   0   0   0   0   3   0   0   0   0   0   0  66   8   0   0   0  0.68 0.17
   28 Y    -2  -3  -3  -4  -4  -3  -3  -3   0  -3  -2  -3  -2   2  -4  -2  -1   1   9  -2    2   0   0   0   0   0   0   1   0   0   0   0   0   3   0   3   3   0  88   0  1.49 0.25
   29 L    -1  -3  -3  -4  -3  -3  -4  -4  -3   0   3  -3   3   2  -4  -3  -2   8   0  -1    7   0   1   0   0   0   0   0   0   3  37   0  14   7   0   0   0  30   0   0  0.82 0.15
   30 W    -4  -5  -6  -6  -4  -4  -5  -4  -4  -4  -3  -5  -3  -1  -6  -5  -4  12   2  -5    0   0   0   0   0   0   0   0   0   0   0   0   0   0   0   0   0  97   3   0  3.51 0.36
   31 N    -3  -2   8   0  -4  -1  -2  -1  -1  -5  -5  -1  -4  -4  -3   0  -1  -5  -4  -4    0   0  96   0   0   0   0   2   0   0   0   1   0   0   0   2   0   0   0   0  1.43 0.25
   32 F    -3  -4  -4  -5  -3  -4  -4  -4  -2  -1   1  -4   1   7  -5  -3  -2   1   3   0    0   0   0   0   0   0   0   1   0   1   9   0   3  77   0   0   2   1   3   4  1.04 0.18
   33 G    -1  -3  -2  -3  -4  -3  -3   7  -3  -5  -5  -3  -4  -4  -3  -1  -3  -4  -4  -5    0   1   0   0   0   0   0  99   0   0   0   0   0   0   0   0   0   0   0   0  1.58 0.22
   34 S     0  -2  -1  -2  -2  -1  -1  -2  -2  -2  -3  -1  -3   0  -2   6   0  -4  -2  -2    0   0   0   0   0   0   0   0   0   1   0   0   0   4   0  93   0   0   0   1  0.88 0.22
   35 L    -2  -3  -5  -5  -2  -3  -4  -5  -4   1   5  -4   1  -1  -4  -3  -2  -3  -2   0    1   0   0   0   0   0   0   0   0   1  97   0   0   0   0   0   1   0   0   0  0.90 0.18
   36 L     0  -3  -4  -4  -2  -3  -4  -4  -4   1   5  -3   1  -1  -4  -2  -1  -3  -2   0    7   0   0   0   0   0   0   0   0   0  89   0   0   0   0   2   2   0   0   0  0.71 0.16
   37 A     3  -3  -2  -2  -3  -2  -3   6  -3  -4  -3  -2  -2  -4  -3   0  -2  -4  -4  -3   28   0   0   0   0   0   0  68   0   0   2   0   0   0   0   1   0   0   0   0  0.92 0.15
   38 L    -1  -3  -3  -4   0  -3  -3  -4  -3   2   3  -3   2   1  -3  -2   1  -2  -1   2    3   0   0   0   1   0   0   0   0   7  49   0   6   6   0   1   9   0   0  18  0.34 0.08
   39 C    -2  -5  -1  -5  10  -4  -5  -4  -4  -2  -3  -4  -3  -3  -4  -1  -2  -4  -4  -1    0   0   4   0  89   0   0   0   0   1   0   0   0   1   0   2   0   0   0   3  2.07 0.28
   40 L    -3  -3  -5  -5  -2  -3  -4  -5  -4   1   5  -4   1   0  -4  -4  -2  -3  -2   0    0   0   0   0   0   0   0   0   0   0  97   0   0   1   0   0   1   0   0   0  0.90 0.18
   41 G     0  -3  -3  -4  -1  -3  -3   1  -4   3   0  -3   0  -1  -3  -2  -1  -3  -2   4    4   0   0   0   1   0   0  16   0  26   0   0   1   1   0   0   0   0   0  51  0.41 0.12
   42 I    -2  -4  -4  -4  -2  -4  -4  -5  -4   6   2  -4   2  -1  -4  -3  -1  -3  -2   2    0   0   0   0   0   0   0   0   0  75  12   0   5   0   0   0   1   0   0   6  0.72 0.16
   43 Q    -2   0  -1  -2  -4   8   1  -3  -1  -4  -2   0  -1  -5  -3  -1  -2  -3  -3  -4    0   0   0   0   0  96   0   0   0   0   2   0   1   0   0   0   0   0   0   0  1.40 0.27
   44 I    -2  -4  -4  -4  -2  -4  -4  -5  -4   6   1  -4   1  -1  -4  -3  -2  -4  -2   2    0   0   0   0   0   0   0   0   0  91   5   0   3   0   0   0   1   0   0   0  0.93 0.20
   45 V     0  -3  -4  -4   0  -3  -3  -3  -4   3   3  -3   1  -1  -3  -2  -1  -3  -2   3   12   0   0   0   2   0   0   0   0  30  31   0   1   0   0   0   0   0   0  24  0.37 0.09
   46 T    -1  -2  -1  -2  -2  -2  -2  -3  -3  -2  -3  -2  -2  -3  -2   2   6  -4  -3  -1    0   0   0   0   0   0   0   0   0   0   0   0   0   0   0  14  86   0   0   0  0.97 0.22
   47 G    -1  -4  -2  -3  -4  -3  -3   7  -3  -5  -5  -3  -4  -4  -3  -1  -3  -4  -4  -4    1   0   0   0   0   0   0  99   0   0   0   0   0   0   0   0   0   0   0   0  1.58 0.21
   48 V     0  -3  -4  -4   1  -3  -3  -4  -4   4   1  -3   1  -1  -3  -2  -1  -3  -2   4    5   0   0   0   3   0   0   0   0  29   9   0   1   0   0   0   1   0   0  51  0.49 0.12
   49 T    -2  -3  -2  -3  -2  -3  -3  -3  -3   0  -1  -3  -1   6  -3  -1   4  -1   1  -1    0   0   0   0   0   0   0   1   0   6   2   0   0  51   0   0  40   0   0   0  0.67 0.17
   50 L    -2  -3  -4  -5  -2  -3  -4  -5  -4   1   5  -4   2  -1  -4  -3  -1  -3  -2   0    0   0   0   0   0   0   0   0   0   0  95   0   3   0   0   0   2   0   0   0  0.87 0.18
   51 A     6  -2  -3  -3  -2  -2  -2  -1  -3  -3  -3  -2  -2  -3  -2   0  -1  -4  -3  -1   97   0   0   0   0   0   0   1   0   0   0   0   0   0   0   0   1   0   0   0  0.92 0.21
   52 M    -2  -3  -4  -5  -3  -2  -4  -4  -3   0   1  -2   9  -1  -4  -3  -2  -3  -3  -1    0   0   0   0   0   0   0   0   0   1   0   1  98   0   0   0   0   0   0   0  1.57 0.31
   53 H    -3  -1  -1  -3  -5  -1  -2  -4  10  -5  -5  -2  -3  -3  -4  -2  -3  -4   0  -5    0   1   0   0   0   0   0   0  99   0   0   0   0   0   0   0   0   0   0   0  2.12 0.31
   54 Y    -3  -3  -4  -5  -4  -3  -3  -4   0  -2  -2  -3  -2   2  -4  -3  -3   1   9  -3    0   0   0   0   0   0   0   0   0   1   0   0   0   0   0   0   0   0  97   0  1.80 0.28
   55 T     0  -2   3  -1   3   0  -1  -2  -2  -1  -2  -1  -2  -3  -2   2   4  -3  -2  -1    3   0  21   0   8   3   0   0   0   5   1   0   0   0   0  17  40   0   0   3  0.37 0.11
   56 P     1  -3  -2  -2  -3  -2  -2  -2  -3  -4  -4  -2  -3  -4   7   2  -1  -4  -4  -3   10   0   0   0   0   0   0   1   0   0   0   0   0   0  68  18   0   0   0   0  1.46 0.18
   57 S    -1  -1   5   1  -3  -1  -1  -2   5  -4  -4  -1  -3  -3  -2   3   0  -4  -2  -3    1   0  34   8   0   0   0   0  21   0   0   0   0   0   0  35   0   0   0   0  0.61 0.14
   58 V    -1  -3  -3  -4  -2  -3  -3  -4  -4   4   0  -3   1  -1  -3  -2   1  -4  -2   5    2   0   0   0   0   0   0   0   0  27   1   0   2   0   0   0   8   0   0  58  0.53 0.13
   59 S     0  -2   1   5  -3  -1   2  -2  -2  -2   0  -1  -1  -3  -2   1  -1  -4  -3  -2   11   0   4  43   0   0  14   0   0   1  15   0   1   0   0   9   2   0   0   0  0.40 0.09
   60 E    -2  -2  -3  -2  -2  -1   2  -4  -2   0   3  -2   2   1  -3  -2  -1  -2   0  -1    1   0   0   1   0   0  25   0   0   0  49   0   8   7   0   1   4   0   3   0  0.29 0.10
   61 A     6  -3  -3  -3  -1  -2  -2  -1  -3  -2  -3  -2  -2  -3  -2   0  -1  -4  -3  -1   97   0   0   0   0   0   0   0   0   0   0   0   0   0   0   1   0   0   0   0  0.91 0.20
   62 F    -4  -4  -4  -5  -4  -5  -5  -4  -3  -1  -1  -4  -1   8  -5  -4  -3   0   2  -2    0   0   0   0   0   0   0   0   0   0   0   0   0  98   0   0   0   0   0   0  1.60 0.25
   63 N     0  -2   5   2  -2  -1  -1  -2   0   0  -1  -1  -1  -3  -2   1   0  -4  -2  -1    7   0  42   9   0   1   1   0   1  12   6   0   0   0   0  15   2   0   0   4  0.31 0.10
   64 S     0  -2  -1  -1  -2  -1  -1  -1  -2  -4  -3  -1  -3  -4  -2   6   0  -4  -3  -3    2   0   0   0   0   0   0   0   0   0   1   2   0   0   0  95   0   0   0   0  0.94 0.22
   65 V    -1  -4  -4  -4  -2  -3  -4  -4  -4   3   0  -3   0  -2  -3  -2  -1  -4  -2   6    0   0   0   0   0   1   0   0   0  10   1   0   0   0   0   1   1   0   0  85  0.77 0.18
   66 E    -1  -1  -1   1  -5   1   6  -3  -1  -4  -4   0  -3  -4  -2   0  -1  -4  -3  -2    2   0   0   1   0   2  88   0   0   0   0   0   0   0   0   3   3   0   0   2  1.06 0.21
   67 H    -3  -2  -1  -3  -5  -1  -2  -4  10  -5  -4  -2   0  -3  -4  -2  -3  -4   0  -5    0   0   0   0   0   0   0   0  96   0   1   0   3   0   0   1   0   0   0   0  1.98 0.30
   68 I    -2  -4  -4  -4  -2  -4  -4  -5  -5   7   1  -4   0  -1  -4  -3  -2  -4  -3   2    0   0   0   0   0   0   0   0   0  97   0   0   1   0   0   2   0   0   0   0  1.02 0.21
   69 M    -2  -3  -4  -5   3  -2  -4  -4  -3   0   1  -3   9  -2  -4  -3  -2  -3  -3   0    0   0   0   0   8   0   0   0   0   1   0   0  90   0   0   0   0   0   0   1  1.38 0.28
   70 R    -3   7  -2  -3  -5   0  -1  -4  -2  -4  -4   1  -3  -4  -4  -2  -2  -1  -3  -4    0  99   0   0   0   0   0   0   0   0   0   0   0   0   0   0   0   1   0   0  1.49 0.25
   71 D    -3  -3   0   8  -5  -2   1  -3  -2  -5  -5  -2  -5  -5  -3  -1  -2  -6  -5  -5    0   0   0  99   0   0   1   0   0   0   0   0   0   0   0   0   0   0   0   0  1.63 0.24
   72 V    -1  -4  -4  -5  -2  -3  -4  -5  -4   2   0  -4   0  -2  -4  -3  -1  -4  -2   6    0   0   0   0   0   0   0   0   0   0   0   0   0   0   0   0   1   0   0  99  0.97 0.22
   73 N    -3  -2   7   0  -4   1  -1  -2   1  -5  -5  -1  -3  -3  -3   0  -1  -5  -3  -4    0   0  87   1   0   5   1   0   2   0   0   0   0   1   0   3   0   0   0   0  1.21 0.22
   74 N     0  -2   5  -1  -3  -1  -2  -1   0  -3  -3  -1  -1   1  -3   0  -1  -1   5  -3    8   0  45   0   0   1   0   1   0   0   1   1   1   2   0   4   1   0  35   0  0.64 0.16
   75 G    -1  -4  -2  -3  -4  -3  -3   7  -3  -5  -5  -3  -4  -4  -3  -1  -3  -4  -4  -5    0   0   0   0   0   0   0 100   0   0   0   0   0   0   0   0   0   0   0   0  1.60 0.22
   76 W    -4  -4  -5  -6  -4  -4  -5  -4  -4  -4  -3  -5  -3   0  -6  -4  -4  12   2  -5    1   0   0   0   0   0   0   0   0   0   0   0   0   0   0   0   0  94   5   0  3.35 0.35
   77 L    -1  -3  -4  -4  -2  -3  -4  -4  -4   2   5  -3   2   1  -4  -3  -2  -3  -2   1    5   0   0   0   0   0   0   0   0  11  76   0   4   3   0   0   0   0   0   1  0.61 0.13
   78 V    -2  -4  -4  -4  -2  -3  -4  -5  -4   5   3  -4   1  -1  -4  -3  -2  -3  -2   2    0   0   0   0   0   0   0   0   0  64  22   0   3   0   0   0   0   0   0  10  0.66 0.14
   79 R    -3   8  -2  -3  -5   0  -1  -4  -2  -5  -4   1  -3  -4  -4  -2  -2  -4  -3  -4    0 100   0   0   0   0   0   0   0   0   0   0   0   0   0   0   0   0   0   0  1.51 0.25
   80 Y    -3  -3  -3  -4  -4  -3  -3  -5   0  -3  -3  -3  -2   2  -4  -3  -1   1   9  -3    0   0   1   0   0   0   0   0   0   0   0   0   0   0   0   0   4   0  95   0  1.72 0.28
   81 L     0  -3  -3  -3  -1  -2  -3  -3  -3   2   3  -3   3   0  -3  -1   1  -2  -2   1    7   0   0   0   0   0   0   0   0  17  45   0   9   3   0   1  15   0   0   3  0.32 0.09
   82 H    -3  -2  -1  -3  -5  -1  -2  -4  10  -5  -5  -2  -3  -3  -4  -2  -3  -4   0  -5    0   0   0   0   0   0   0   0 100   0   0   0   0   0   0   0   0   0   0   0  2.13 0.31
   83 S     5  -2  -2  -2  -1  -2  -2  -1  -2  -3  -3  -2  -2  -3  -2   3   0  -4  -3  -1   70   0   0   0   0   0   0   0   0   0   0   0   0   0   0  29   0   0   0   0  0.67 0.17
   84 N    -3  -2   8   0  -4  -1  -2  -2  -1  -5  -5  -1  -4  -5  -3  -1  -1  -5  -4  -4    0   0  99   0   0   0   0   0   0   0   0   0   0   0   0   0   1   0   0   0  1.55 0.26
   85 T    -1  -3  -1  -2  -2  -2  -2   4  -3  -1  -2  -2  -2  -3  -3   0   4  -4  -3   1    0   0   0   0   0   0   0  42   0   0   0   0   0   0   0   0  41   0   0  16  0.57 0.14
   86 A     6  -3  -3  -3  -2  -2  -2  -1  -3  -2  -3  -2  -2  -3  -2   0  -1  -4  -3  -1   99   0   0   0   0   0   0   0   0   0   0   0   0   0   0   0   0   0   0   1  0.94 0.21
   87 S     0  -2  -1  -1  -2  -1  -1  -1  -2  -4  -4  -1  -3  -4  -2   6   0  -4  -3  -3    2   0   0   0   0   0   0   1   0   0   0   0   0   0   0  98   0   0   0   0  1.01 0.23
   88 A     2  -3  -3  -4  -3  -3  -3  -1  -2  -1   0  -3   3   6  -3  -2  -2  -1   1  -1   24   0   0   0   0   0   0   3   0   1   2   0  13  56   0   0   1   0   0   0  0.62 0.15
   89 F    -4  -4  -5  -5  -4  -5  -5  -5  -3  -1  -1  -5  -1   8  -5  -4  -4   0   2  -2    0   0   0   0   0   0   0   0   0   0   1   0   0  99   0   0   0   0   0   0  1.65 0.26
   90 F    -4  -4  -5  -5  -4  -5  -5  -5  -3  -1  -1  -5  -1   8  -5  -4  -4   0   2  -2    0   0   0   0   0   0   0   0   0   0   0   0   0 100   0   0   0   0   0   0  1.67 0.26
   91 F    -2  -4  -3  -4  -2  -3  -4  -4  -3   5   1  -4   2   4  -4  -3  -1  -2   0   1    1   0   1   0   0   0   0   0   0  55   7   0   6  27   0   0   2   0   0   2  0.57 0.14
   92 L    -2  -4  -4  -4   6  -3  -4  -4  -3   1   2  -4   1   5  -4  -3  -2   1   0   1    1   0   0   0  23   0   0   0   0   5  22   0   2  34   0   0   0   1   0  11  0.55 0.12
   93 V    -1  -3  -4  -4  -2  -3  -4  -4  -4   2   1  -3   3  -1  -3  -3  -1  -4  -2   5    0   0   0   0   0   0   0   0   0   8   9   0  10   0   0   0   0   0   0  73  0.65 0.16
   94 Y    -3  -3  -4  -5  -4  -3  -4  -5   0  -3  -3  -3  -2   2  -5  -3  -3   1   9  -3    0   0   0   0   0   0   0   0   0   0   0   0   0   1   0   0   0   0  99   0  1.89 0.29
   95 L     0  -3  -4  -4  -1  -3  -3  -3  -3   2   4  -3   3   1  -3  -2  -1  -2  -1   1    9   0   0   0   1   0   0   1   0  18  55   0   8   5   0   0   1   0   0   2  0.40 0.10
   96 H    -3  -2  -1  -3  -5  -1  -2  -2  10  -5  -4  -2  -3  -3  -4  -2  -3  -4   1  -5    0   0   0   0   0   0   0   2  97   0   0   0   0   0   0   0   0   0   1   0  2.02 0.30
   97 I    -2  -4  -4  -4  -2  -3  -4  -5  -4   6   1  -4   3  -1  -4  -3  -2  -4  -2   2    0   0   0   0   0   0   0   0   0  77   4   0  11   0   0   0   0   0   0   8  0.78 0.17
   98 G     2  -3  -2  -2  -3  -3  -3   6  -3  -4  -3  -2  -3   1  -3  -1  -2  -3  -2  -3   21   0   0   0   0   0   0  69   0   0   0   0   0   9   0   1   0   0   0   0  0.88 0.15
   99 R    -2   7  -1  -3  -5   0  -1  -3  -1  -4  -3   3  -3  -4  -3  -2  -2  -1  -3  -4    0  82   0   0   0   0   0   0   0   0   0  17   0   0   0   0   0   1   0   0  1.19 0.21
  100 G     1  -3   0  -2  -3  -3  -3   6  -3  -5  -5  -2  -4  -4  -3  -1  -2  -4  -4  -4   11   0   4   0   0   0   0  85   0   0   0   0   0   0   0   0   0   0   0   0  1.22 0.18
  101 L    -2  -3  -4  -5  -2  -3  -4  -5  -4   3   5  -3   2   0  -4  -3  -2  -3  -2   1    0   0   0   0   0   0   0   0   0  16  78   0   5   1   0   0   0   0   0   0  0.71 0.15
  102 Y    -3  -3  -4  -5  -4  -3  -4  -5   0  -3  -2  -3  -2   2  -5  -3  -3   2   9  -3    0   0   0   0   0   0   0   0   0   0   0   0   0   3   0   0   0   1  97   0  1.84 0.28
  103 Y    -3  -3  -4  -5  -4  -3  -4  -5   1  -3  -2  -3  -2   3  -5  -3  -3   1   9  -3    0   0   0   0   0   0   0   0   1   0   0   0   0   7   0   0   0   0  92   0  1.73 0.27
  104 G     0  -3   0  -2  -3  -3  -3   6  -3  -5  -5  -2  -4  -4  -3   0  -2  -4  -4  -4    3   0   3   0   0   0   0  87   0   0   0   0   0   0   0   6   1   0   0   0  1.24 0.18
  105 S     0  -2  -1  -1  -2  -1  -1  -2  -2  -4  -4  -1  -3  -4  -2   6   0  -4  -3  -3    0   0   0   0   0   0   0   0   0   0   0   0   0   0   0 100   0   0   0   0  1.06 0.24
  106 Y    -3  -3  -4  -5  -4  -3  -4  -5   0  -3  -2  -3  -2   2  -5  -3  -3   1   9  -3    0   0   0   0   0   0   0   0   0   0   0   0   0   3   0   0   0   0  97   0  1.84 0.28
  107 K    -1   4   0  -2  -4   2   0  -2  -1  -3  -3   4   0  -3  -2  -1   0  -2  -2  -3    4  33   3   0   0  10   0   0   1   1   0  36   2   0   0   0   8   0   0   0  0.50 0.11
  108 T     2   0   1  -1  -2   0  -1  -1  -1  -2  -2   1  -1  -2   0   3   1  -3   0  -2   22   2   7   0   0   2   1   1   1   0   3   9   0   0   2  39   7   0   4   0  0.26 0.08
  109 P    -2  -3  -3  -3  -4  -2  -2  -3  -2  -4  -3  -2  -2  -4   8  -2  -2  -5  -3  -3    0   0   0   0   0   0   0   0   1   0   1   2   1   0  92   0   0   0   1   0  2.22 0.24
  110 R    -3   7  -2  -3  -5   0   0  -3  -1  -4  -3   1  -3  -4  -3  -2  -2  -4  -2  -4    0  92   0   0   0   0   4   0   0   0   0   0   0   0   0   0   0   0   1   0  1.28 0.22
  111 T    -1  -2  -2  -2  -2  -1   0  -2   0   1  -1  -2  -1  -2  -2   0   4  -3  -2   3    1   0   0   0   0   0   6   2   2  10   1   1   0   1   0   2  46   0   0  28  0.33 0.12
  112 L    -1  -3  -3  -4  -2  -2  -2  -4  -2   1   4  -3   2   0  -3  -2  -1   0  -1   0    2   0   0   0   0   0   2   0   1   7  71   0   5   3   0   0   4   1   0   1  0.47 0.11
  113 T     0  -3  -3  -3  -2  -2  -3  -3  -3   1   2  -2   0  -1   1  -1   1  -3  -2   3    6   0   0   0   0   0   0   0   0   1  30   0   0   0   7   0  13   0   0  41  0.28 0.09
  114 W    -4  -5  -6  -6  -4  -4  -5  -4  -4  -4  -3  -5  -3   0  -6  -5  -4  13   1  -5    0   0   0   0   0   0   0   0   0   0   0   0   0   0   0   0   0  99   0   0  3.60 0.37
  115 A     1  -2   1  -2  -1  -1  -2   0  -2   1  -1  -1   0  -2  -2   3   2  -3  -2   1    5   0   6   0   0   0   0   6   0   9   3   0   3   0   0  40  13   0   0  16  0.22 0.09
  116 I    -2  -4  -4  -4  -2  -3  -4  -5  -4   5   1  -3   1  -1  -4  -2  -1  -4  -2   3    0   0   0   0   0   0   0   0   0  70   5   0   3   0   0   3   0   0   0  19  0.67 0.15
  117 G    -1  -4  -2  -2  -4  -3  -3   7  -3  -5  -5  -3  -4  -4  -3  -1  -3  -4  -4  -4    0   0   0   0   0   0   0  99   0   0   0   0   0   0   0   0   0   0   0   0  1.56 0.21
  118 T    -1  -3  -3  -4  -1  -3  -3  -3  -4   2   0  -3   0  -2  -3  -1   3  -4  -2   5    1   0   0   0   0   0   0   1   0   2   0   0   0   0   0   0  21   0   0  74  0.61 0.16
  119 V    -2  -4  -4  -4  -2  -3  -4  -4  -4   5   1  -3   1  -1  -3  -3   0  -3  -2   4    0   0   0   0   0   0   0   0   0  57   4   0   2   1   0   0   4   0   0  32  0.59 0.13
  120 I    -2  -4  -4  -4  -2  -4  -4  -5  -4   6   1  -4   2  -1  -4  -3  -2  -4  -2   2    0   0   0   0   0   0   0   0   0  89   5   0   4   0   0   0   0   0   0   1  0.91 0.19
  121 L    -3  -3  -4  -5  -3  -4  -4  -4  -3   0   3  -4   1   6  -4  -3  -3  -1   2  -1    0   0   0   0   0   0   0   0   0   1  45   0   1  50   0   0   0   0   2   1  0.77 0.15
  122 I    -2  -3  -4  -4  -2  -3  -4  -4  -4   5   2  -3   1   2  -4  -3  -1  -2  -1   3    0   0   0   0   0   0   0   0   0  52  15   0   1  12   0   0   0   0   0  18  0.50 0.11
  123 V     0  -3  -4  -4  -2  -3  -3  -3  -3   1   4  -3   1   0  -3  -2  -1  -2  -1   2   10   0   0   0   0   0   0   1   0   4  68   0   1   1   0   0   1   0   1  12  0.46 0.11
  124 M    -2  -3  -3  -4  -2  -2  -3  -4  -3   1   1  -2   8  -1  -3  -2   2  -3  -2   1    0   0   0   0   0   0   0   0   0   2   3   0  69   1   0   0  16   0   0   7  0.84 0.21
  125 M    -2  -3  -4  -4  -1  -2  -3  -4  -3   3   1  -3   8  -1  -4  -3  -2  -3  -2   0    0   0   0   0   1   0   0   0   0  22   0   0  73   0   0   0   0   0   0   1  1.03 0.23
  126 A     5  -2  -2  -3  -1  -2  -2   2  -3   0  -1  -2   0  -3  -2   0  -1  -3  -3   0   69   0   0   0   0   0   0  13   0   6   4   0   2   0   0   0   0   0   0   6  0.47 0.13
  127 T     0  -2  -1  -2  -2  -1  -2  -3  -3   2  -1  -2  -1  -3  -2   0   6  -3  -3   0    3   0   0   0   0   1   0   0   0  17   0   0   0   0   0   1  75   0   0   0  0.70 0.18
  128 A     5  -2  -2  -3  -2  -2  -2   2  -3  -2  -3  -2  -2  -3  -2   0  -1  -3  -3  -1   81   0   0   0   0   0   0  14   0   1   0   0   0   0   0   2   0   0   0   0  0.69 0.16
  129 F    -3  -4  -4  -4  -4  -4  -3  -4  -2  -1   0  -3  -1   8  -5  -3  -3   0   2  -2    0   0   0   0   0   0   1   0   0   0   3   1   0  93   0   0   0   0   0   0  1.41 0.23
  130 L    -2  -3  -4  -4  -2  -2  -3  -4  -3   2   4  -2   4   0  -3  -3  -2  -2  -2   1    0   0   0   0   0   0   0   0   0   8  67   1  19   0   0   1   0   0   0   3  0.60 0.13
  131 G    -1  -3  -1  -2  -4  -3  -3   7  -3  -4  -2  -3  -3  -4  -3  -1  -3  -4  -4  -4    1   0   2   0   0   0   0  91   0   0   4   0   0   0   0   0   0   0   0   0  1.31 0.19
  132 Y    -3  -3  -3  -4  -4  -3  -3  -4   0  -3  -2  -3  -2   2  -4  -3  -3   1   9  -3    0   0   0   0   0   0   0   0   0   0   1   0   0   2   0   0   0   0  95   0  1.74 0.27
  133 V    -1  -3  -3  -4   5  -3  -3  -4  -4   2   0  -3   0  -1  -3  -2  -1  -4  -2   5    0   0   1   0  14   0   0   0   0   3   1   1   0   2   0   0   2   0   0  75  0.65 0.16
  134 L    -2  -3  -4  -4   2  -3  -3  -3  -1   1   5  -2   1   0  -3  -3  -2  -2  -1   0    0   0   0   0   6   0   0   1   1   1  83   1   0   0   0   1   1   0   2   0  0.61 0.14
  135 P    -2  -2  -3  -3  -2  -2  -2  -3  -3  -1  -3  -2  -3  -4   8  -1  -2  -4  -3   1    0   1   0   0   1   1   0   0   0   2   0   0   0   0  74   3   0   0   0  15  1.57 0.19
  136 Y    -3  -3  -3  -4  -3  -3  -3  -4   0  -2  -2  -3  -1   3  -2  -2  -3   9   7  -3    0   0   0   0   0   0   0   0   0   0   2   1   1   9   2   1   0  29  52   0  1.34 0.20
  137 G    -1  -3  -1  -2  -3  -3  -3   7  -3  -4  -4  -1  -4  -4  -2  -1  -2  -1  -3  -4    0   0   0   0   0   0   0  91   0   0   0   3   0   0   1   0   0   1   1   0  1.29 0.18
  138 Q    -2   0  -1  -2  -4   7   1  -3  -1  -4  -3   0  -1  -4  -2  -1  -2   1  -2  -3    1   0   0   0   0  90   0   0   0   0   0   1   1   0   0   0   0   2   0   0  1.23 0.24
  139 M    -2  -2  -3  -3   2  -2  -3  -3  -2   0   1  -2   8   0  -3  -2  -2  -2  -2   0    1   1   1   1   4   1   1   1   0   1   1   2  75   3   1   3   1   0   0   2  0.96 0.24
  140 S     0  -1   1   1  -2  -1  -1  -1  -2  -3  -2   0  -2  -3  -2   5   0  -3  -2  -2    1   1   3   6   0   1   1   1   0   1   4   3   0   0   1  75   1   0   0   1  0.60 0.18
  141 L    -2  -2  -2  -1  -2  -2  -2  -3   2   0   3  -3   1   3  -3  -2  -2   2   1  -1    1   0   0   6   0   0   1   1   9   4  46   0   1  21   0   3   0   3   2   1  0.31 0.11
  142 W    -3  -3   0  -2  -3  -3  -3  -3  -3  -1  -3  -2  -2   0  -4  -3  -3  11   2  -3    1   0   5   2   0   0   1   1   0   6   1   2   0   2   0   2   0  72   4   1  2.20 0.30
  143 G     0  -2   0  -2  -3  -2   0   6  -2  -2  -2  -2  -2  -3  -2  -1  -2  -3  -2  -2    4   1   4   1   0   0   6  68   0   3   4   1   0   0   1   1   1   0   2   3  0.73 0.14
  144 A     5  -2  -2  -2  -1  -2  -2   0  -2  -1  -2  -1  -2  -1  -2   0   1  -3  -2   0   74   0   0   0   0   0   1   3   0   2   1   3   0   2   0   1   7   0   0   4  0.53 0.15
  145 T    -1  -2  -1  -2  -1  -2  -1  -2  -2  -1  -2  -2  -2   0  -2   1   6  -3   0  -1    1   0   0   0   1   0   3   1   0   2   1   1   0   5   0   4  76   0   2   1  0.71 0.19
  146 V    -1  -3  -3  -3  -2  -3  -3  -3  -3   2   0  -3   0  -1  -3  -1  -1  -3  -2   5    1   0   0   1   0   0   1   1   0   3   3   1   0   2   1   7   1   0   0  79  0.60 0.17
  147 I    -2  -4  -4  -4  -2  -3  -4  -4  -4   6   1  -3   1  -1  -3  -3  -2  -3  -2   1    1   0   0   0   0   0   1   1   0  85   6   0   3   0   0   1   0   0   0   1  0.83 0.19
  148 T    -1  -2  -1  -2   0  -2  -2  -3  -3  -2  -1  -2  -2  -3  -2   0   6  -3  -3  -1    1   0   0   0   2   0   1   1   0   0   6   0   0   0   0   1  85   0   0   1  0.90 0.22
  149 N    -2  -2   8   0  -4  -1  -1  -2  -1  -4  -4  -1  -3  -4  -3   0  -1  -4  -3  -4    1   0  89   0   0   0   1   1   0   0   1   0   0   0   0   4   0   0   0   1  1.31 0.24
  150 L    -2  -3  -4  -4  -2  -3  -3  -4  -3   1   5  -3   2   2  -3  -3  -2  -2  -1   0    1   0   0   0   0   0   1   1   0   0  80   0   4   9   0   1   0   0   0   1  0.66 0.15
  151 M     0  -2  -3  -3  -1  -2  -3  -3  -3   2   3  -3   4   2  -3  -2  -1  -2  -1   1    7   0   0   0   1   0   1   1   0   8  39   0  21  13   0   1   0   0   0   6  0.35 0.10
  152 S     0  -2  -1  -1  -2  -1  -1   0  -2  -3  -3  -1  -2  -3   1   6   1  -4  -3  -3    1   0   0   0   0   0   1   4   0   0   1   0   0   0   5  82   2   0   0   1  0.76 0.20
  153 A     6  -3  -3  -3  -2  -2  -2  -1  -3  -2  -3  -2  -2  -4  -2   0  -1  -4  -3   0   96   0   0   0   0   0   0   0   0   0   0   0   0   0   0   0   0   0   0   4  0.98 0.24
  154 I    -2  -4  -4  -5  -2  -4  -4  -5  -4   6   1  -4   2  -1  -4  -4  -2  -4  -2   2    0   0   0   0   0   0   0   0   0  83   2   0   5   1   0   0   0   0   0   9  0.91 0.21
  155 P    -2  -4  -4  -3  -5  -3  -3  -4  -4  -5  -5  -3  -4  -5   9  -2  -3  -6  -5  -4    0   0   0   0   0   0   0   0   0   0   0   0   0   0 100   0   0   0   0   0  2.64 0.32
  156 W    -3  -4  -5  -5  -4  -4  -4  -4  -3  -1  -1  -4  -2   4  -5  -4  -3  11   3   0    0   0   0   0   0   0   0   0   0   4   4   0   0  17   0   0   0  57   9   9  1.83 0.26
  157 I    -2  -4  -4  -4  -2  -3  -4  -5  -4   5   2  -4   1   2  -4  -3  -1  -3  -1   3    0   0   0   0   0   0   0   0   0  51  11   0   2   8   0   0   0   0   1  26  0.58 0.14
  158 G    -1  -4  -2  -3  -4  -3  -4   7  -3  -5  -5  -3  -4  -5  -4  -2  -3  -4  -5  -5    0   0   0   0   0   0   0 100   0   0   0   0   0   0   0   0   0   0   0   0  1.68 0.26
  159 Q    -1   0   2   1  -3   5   1   0   0  -3  -3   1  -2  -4  -1   1   1  -3  -2  -2    0   0  10   5   0  46   6   5   1   1   0   4   0   0   2  10   8   0   0   1  0.46 0.13
  160 D    -2  -3   0   6  -4  -1   0  -2  -1  -4  -4  -2  -4  -3   2   0  -1  -4  -1  -4    1   0   2  71   0   1   1   0   1   0   0   0   0   1  10   7   2   0   2   0  0.97 0.19
  161 I    -2  -3  -4  -4  -2  -3  -4  -4  -3   4   2  -3   3   3  -3  -3  -2  -2  -1   2    1   0   0   0   0   0   1   1   0  36  19   0   9  16   0   1   1   0   0  14  0.51 0.21
  162 V    -3  -4  -4  -4  -3  -4  -4  -5  -4   2   0  -4   3   1  -4  -3   0  -3   2   5    1   0   0   0   0   0   1   1   0   9   7   1   7   7   0   1   7   0   8  48  0.75 0.34
  163 E    -1   0   0  -2  -3   2   2  -1   4   1  -1   1   2  -2   0  -1  -1  -3   0  -1    4   3   4   0   0   8  16   4  12  10   4  10   7   0   4   4   4   0   3   4  0.17 0.15
  164 F    -1  -2  -2  -3  -2  -2  -2  -3  -2   0   1  -2   2   5  -3   1  -1   4   1   0    1   1   1   1   0   1   1   1   0   6  13   1   7  32   1  20   2   7   2   4  0.34 0.17
  165 I    -1  -2   1  -2  -2  -2  -2  -2   2   3   1  -2   0   1   1   0   0  -2  -1   1    1   1  11   1   0   1   1   1   7  29  10   1   2   7   6   9   4   0   0  10  0.14 0.11
  166 W    -3  -2   2  -3  -3  -2  -2  -1  -2   0  -1   2  -2   1  -3  -2  -2  10   0  -3    1   1  11   1   0   0   1   5   0   6   4  17   0   6   1   1   1  43   0   1  1.15 0.33
  167 G    -1   0   0  -2   2  -2  -2   5  -2  -3  -3  -1  -2   2  -3   0   0  -3  -2  -1    1   6   3   0   5   0   0  48   0   0   1   4   0  12   0   7   5   0   0   5  0.45 0.19
  168 G    -1  -2   1  -1  -3  -2  -2   5  -2  -1  -3   0  -2   0  -3   0   0  -3  -2  -1    2   0   9   2   0   0   0  51   0   4   1   5   0   6   0   7   6   0   0   3  0.50 0.19
  169 L    -1  -1   1  -2   3  -1   0  -2  -1   1   0   0  -1   1   1   0  -1  -2   2   0    1   0   9   0   8   0   9   1   0   9   9   9   0   9   9   9   0   0   9   9  0.10 0.11
  170 Y     0  -1   2  -1  -2  -1  -1  -2  -1  -2  -2   1  -1   2  -2   2   0   4   3  -1    7   0  13   0   0   0   1   1   0   0   1  10   0  10   0  23   6   8  13   6  0.22 0.14
  171 T    -1  -1   1  -1  -2  -1   1  -2  -2   1   1   1   2  -1  -2  -1   1   5  -1   1    1   1  10   1   0   0  11   1   0  11  11  11  10   0   1   1  11  10   0  11  0.15 0.11
  172 D    -1  -1   2   3  -3  -1   1  -1  -1  -3  -3   1  -2   0  -2   1   1   3   0  -1    0   0  14  20   0   0   8   3   0   0   0  14   0   4   0  14   9   5   3   4  0.27 0.17
  173 E    -1  -2   3   0  -3   0   1   0   2  -2   0  -1   2  -1  -2   0   1  -2   3  -2    1   0  20   5   0   5   8   5   5   0   8   1   9   0   0   7  10   0  14   1  0.19 0.15
  174 P     0   1   1   1  -2  -1  -1   1  -1  -1  -2  -1  -2  -1   2   0   1  -2   2   0   11  11  10  11   0   0   1  11   0   1   1   1   0   0  11   1  11   0  10  11  0.13 0.09
  175 Q     0  -1   1  -1   2   0  -1  -1   4  -2  -1   0  -1   1  -1   0   0   1   4  -1    6   2   8   2   7   5   2   3  14   2   3   6   1   5   2   5   4   2  17   2  0.18 0.08
  176 C    -1  -1   1   1   4   0  -1  -1   1  -1  -1  -1  -1   0  -1  -1  -1   0   5  -1    3   2  10   9  11   4   3   4   3   2   5   2   1   2   2   3   4   1  26   3  0.23 0.10
  177 G     0  -1   1  -1   0  -1  -1   2  -1   0  -1   0   0  -1  -1   2   0  -1   1  -1    5   3   7   3   3   2   3  16   1   7   4   3   3   2   3  23   3   1   6   3  0.09 0.05
  178 D    -1  -1   3   4  -1   0   0  -1   2  -1  -2   0  -2  -1  -1   0  -1  -2  -1  -2    3   2  19  27   1   2   3   3   5   4   4   5   1   3   3   8   2   1   1   3  0.25 0.09
  179 V    -1  -1  -1  -2  -1  -1  -1  -2  -1   2   1   1   4   0  -1  -1  -1  -1  -1   2    3   2   2   2   1   2   3   3   1  13   7  10  19   5   2   3   2   1   2  18  0.12 0.08
  180 L    -1  -1  -2  -2  -1  -1  -1  -2  -1   1   1  -1   4   1  -1  -1   0  -1   0   1    4   4   2   2   1   2   2   3   1  10  13   2  22   5   2   4   4   1   4  13  0.14 0.09
  181 L    -1  -1   0  -1  -1   0   0  -2  -1   1   2  -1   3  -1  -1  -1  -1  -1  -1   1    3   2   5   2   1   3   6   3   1  11  30   5  11   1   2   3   2   0   2   8  0.11 0.08
  182 K    -1   0   1  -1  -2   2   0  -1   2  -1  -1   3   2  -2  -1  -1   0  -2  -1  -1    3   2   6   2   1  10   6   3   6   4   6  29   8   1   2   3   7   0   1   2  0.17 0.10
  183 I    -1  -2  -1  -2  -1  -1  -2  -2  -2   3   1  -1   3   0  -1   0   1  -2  -1   0    3   2   3   2   1   2   2   3   1  28  11   2  14   5   2   6  10   0   1   3  0.16 0.10
  184 L    -1  -1  -2  -2  -1  -1  -2  -2  -1   2   3  -1   0   1  -2  -1   0  -1   2   0    3   2   2   2   1   2   2   3   1  12  37   5   1   5   2   3   4   0  10   4  0.17 0.09
  185 L    -1  -2  -1  -2   1  -1  -1  -2  -2   1   2  -1   2   0  -1  -1   0   3  -1   0    3   2   3   2   4   2   5   3   1  11  31   2   8   4   2   3   8   5   1   2  0.13 0.08
  186 N    -3  -2   7   0  -4  -2  -2  -1  -2  -1  -4   1   1  -2  -4  -1   0  -5  -4  -4    0   0  64   3   0   0   0   3   0   4   0   8   5   2   0   3   6   0   0   0  1.02 0.44
  187 A     5   0  -3  -3  -3  -2  -2  -2  -3  -3  -1   1   1  -4   1   0  -2  -4  -3  -2   63   5   0   0   0   0   0   0   0   0   7   9   4   0   7   4   0   0   0   0  0.65 0.37
  188 G    -2   1   2  -2  -3  -2  -2   3  -3  -3  -2  -2  -3  -4  -3   0   4  -4  -4  -2    0  10  12   0   0   0   1  29   0   0   4   0   0   0   0   5  36   0   0   2  0.58 0.32
  189 K    -2  -2   1  -3  -3  -2  -2  -4  -3   2   3   2   0   0  -3  -2   2  -3  -2  -1    0   0   9   0   0   0   0   0   0  14  34  20   0   4   0   1  16   0   0   0  0.33 0.26
  190 S    -2  -2   5  -2  -4   0  -2  -3  -1  -2  -3  -1   3  -4  -3   3   2  -4  -1  -3    0   0  35   0   0   5   0   0   0   2   0   2   9   0   0  31  12   0   3   0  0.70 0.41
  191 P     0   5  -1  -3  -4  -1  -2  -3  -2  -3  -3   0  -3  -1   3   2   0  -2  -3  -1    9  39   3   0   0   0   0   0   0   0   1   2   0   3  14  17   5   0   0   6  0.54 0.32
  192 I    -3  -3   3  -3  -4  -2  -2  -4  -3   1   0   0  -2   6  -4  -2  -2  -2   0   1    0   0  19   0   0   2   2   0   0   9   8   6   0  40   0   1   1   0   0  10  0.57 0.34
  193 L    -3  -4  -1  -5  -4  -4  -4  -5  -3   2   2  -4   4   6  -5  -2  -3  -2   0  -1    0   0   3   0   0   0   0   0   0  14  23   0  11  42   0   3   0   0   1   0  0.86 0.39
  194 G     2  -2   1  -1  -3  -1   0   1  -2  -2  -2  -1   0   1  -2   3   0  -3  -2  -2   16   0   6   3   0   0   7  13   0   2   3   4   3   9   0  27   4   0   0   1  0.21 0.19
  195 F    -3  -1  -4  -4  -3  -3  -4  -4  -3   3   4  -3   1   4  -4  -1  -2  -2   0   0    0   3   0   0   0   0   0   0   0  18  41   0   2  22   0   5   0   0   2   4  0.58 0.29
  196 A     1  -1   0  -3  -3  -2  -2   0   8   0   0  -2   2  -1  -3  -2   0  -4   0  -3   13   3   5   0   0   0   0   7  40   5   8   0   5   2   0   0   8   0   1   0  0.65 0.34
  197 Y    -3  -1  -4  -4  -4  -3  -3  -2  -1  -1  -1  -2  -2   4  -4  -2  -3  -1   8  -1    1   4   0   1   0   0   1   3   0   4   5   3   0  19   1   2   1   0  52   4  1.10 0.43
  198 D    -2   0   0   1  -2  -2  -1  -1  -2   1   2  -1   2   0  -3  -2  -1  -3  -1   2    1   7   7   8   0   1   3   4   0   8  30   3   5   3   1   1   1   0   1  16  0.14 0.13
  199 L    -2  -3  -3  -4  -2   0  -3  -4  -3   1   4  -1   2   0  -2  -3  -1  -2   2   1    1   1   0   1   1   6   1   1   0   7  55   4   3   2   2   1   2   0   7   6  0.48 0.26
  200 F    -2  -1  -1  -3  -4  -3  -3  -2  -2  -1   0  -3   0   3   6  -1  -2  -2   4  -3    1   4   3   0   0   0   1   3   0   4   9   1   2  11  39   5   1   0  15   1  0.77 0.32
  201 F    -2  -4  -3  -5  -4  -4  -4  -4  -1  -1   1  -4   2   7  -4  -2  -1  -2   3  -2    4   0   1   0   0   0   0   1   1   3  11   0   5  58   0   3   3   0   7   0  1.10 0.45
  202 I    -1  -2   0  -4  -3  -3  -4  -4  -1   4   1  -3   1  -2  -4  -3  -2  -3   1   3    3   3   6   0   0   0   0   1   1  35  14   0   2   0   0   1   0   0   6  26  0.50 0.28
  203 I    -1  -1  -2  -4  -3  -3  -4  -5  -4   4   3  -2   1   1  -4  -2   0  -3  -1   1    3   4   2   0   0   0   0   0   0  29  38   2   3   5   0   2   5   0   1   5  0.50 0.29
  204 V     4  -3   1  -2   1  -2  -2  -2  -1   1   0  -1   2  -1  -1   0   0  -3  -1   0   39   0   7   2   3   0   0   2   2   7  10   2   6   2   2   3   6   0   2   5  0.25 0.23
  205 L     4  -3  -3  -3  -2  -2  -3   0  -3  -1   1   0   0  -1   1   0  -1  -3  -2  -1   41   0   0   0   0   0   0   6   0   3  16   7   2   3   6   7   3   0   1   2  0.31 0.26
  206 L     0  -1  -1  -4  -2  -1  -3  -4   2   1   4  -3   3  -1  -4  -2   0  -1   1   0    7   4   4   0   1   2   0   0   6   9  42   0   9   1   0   1   5   1   5   3  0.35 0.25
  207 I     2  -2  -4  -4  -3  -3  -3  -4  -4   3   0  -2   2  -2  -4  -1   1  -4  -1   4   16   1   0   0   0   0   0   0   0  22   4   2   5   0   0   5   9   0   2  33  0.45 0.30
  208 G     0  -2   1  -1   1  -1  -2   0  -1   1   1  -1   2   0  -3  -1  -1  -2   2   1    8   1   8   4   3   2   0   6   1  11  17   3   6   3   0   5   3   0   9  10  0.06 0.10
  209 V     0  -4  -4  -5  -3  -3  -4  -3   2   1   0  -2   6   1  -4  -1   0  -4   0   3    6   0   0   0   0   0   0   1   5   6   4   3  29   7   0   4   5   0   2  28  0.57 0.37
  210 K    -4  -1  -2  -4  -5   0  -2  -4   8  -4  -2   4   2  -4  -4  -1  -3  -4   1  -2    0   1   0   0   0   4   1   0  45   0   4  25   6   0   0   5   0   0   5   3  1.20 0.55
  211 I    -3  -3  -1  -4  -3  -3  -3  -2   0   2   4   0   2   0  -4  -1   0  -3  -2  -1    0   0   3   0   0   0   0   3   3  12  49   7   6   3   0   5   6   0   0   2  0.42 0.29
  212 A     1  -3  -1  -4  -3  -3  -3  -3  -3   4   1  -3   4  -1   0  -1  -2  -3   0   1   16   0   4   0   0   0   0   0   0  30  14   0  13   2   5   4   0   0   4   6  0.36 0.26
  213 M     3  -3  -2  -1  -2  -1  -3  -1  -3   1   1  -1   3   0  -3  -1   1  -3  -2   0   32   0   2   3   0   2   0   4   0  10  13   4   9   5   0   2   7   0   0   6  0.22 0.23
  214 T    -1  -1  -3  -4  -3  -1  -3  -4   1   0   4  -2   1  -1  -1   0   3  -3  -1   0    3   3   0   0   0   3   0   0   5   2  43   2   2   2   3   5  20   0   2   3  0.38 0.30
  215 R    -4   2  -1  -4  -5  -2  -1  -2   9  -2  -1  -2   0  -4  -5  -2  -1   5   0  -3    0  11   2   0   0   0   3   4  50   3   8   2   2   0   0   2   4   7   2   1  1.20 0.57
  216 G    -1   1   0   3  -3   0   1   1   4  -1  -3   0  -2  -3  -3  -1   1  -3  -2  -1    2   7   2  18   0   4  10  14  13   6   1   4   0   0   1   1  11   0   0   4  0.27 0.20
  217 K    -1  -1   1   0  -3   3   1   2   0  -2  -2   1  -1  -3  -3   0   1  -3   0  -2    1   2   8   4   0  21   6  15   2   3   3  11   1   0   0   6  10   0   3   2  0.24 0.20
  218 S     1  -3  -1  -1  -4  -3  -3   2   5  -3  -3  -3  -3  -4   1   4  -1  -5  -3   1   10   0   2   3   0   0   0  14  16   0   2   0   0   0   7  33   2   0   0  11  0.51 0.37
  219 A     2  -1   2  -3  -3  -2  -3   4  -3  -1  -4   0  -3  -4  -3   2  -1  -4  -1  -2   18   2  11   0   0   0   0  35   0   5   0   6   0   0   0  14   3   0   3   3  0.48 0.30
  220 G     0  -3   4  -2  -4  -2   0   2   2  -2  -3  -1  -3  -3  -3   3  -2  -4   1  -2    4   0  21   0   0   0   5  18   5   2   3   4   0   0   0  32   0   0   6   2  0.46 0.32
  221 V    -2  -3   1  -1  -3  -1  -3   0  -3   1  -1  -3   0  -3   5   2  -1  -4  -3   2    1   0   7   3   0   3   0   8   0   7   4   0   3   0  26  15   3   0   0  20  0.45 0.29
  222 R    -3   3   7  -1  -5  -2  -1  -4  -3  -4  -2   1  -1  -2   0  -2  -2  -6  -4  -3    1  18  51   2   0   0   3   0   0   1   3   7   2   2   5   1   2   0   0   2  0.94 0.51
  223 S    -1  -3   1  -1  -4  -3  -2   3  -1  -4  -4  -2  -4  -2   5   1   0  -4   1  -3    3   1   8   3   0   0   1  26   1   0   0   2   0   2  30  10   7   0   5   1  0.67 0.35
  224 L    -2  -3  -2  -4   0  -3  -4  -1  -4   3   3  -2   2   1  -4  -1   0  -3  -1   2    2   0   2   0   2   0   0   5   0  19  30   2   6   7   0   4   5   0   1  12  0.33 0.23
  225 H     0  -3   2  -3  -4  -2  -1   4   1   1  -4  -2  -3  -4  -1   2   1  -4  -4  -3    5   0  11   0   0   1   3  34   4  10   0   2   0   0   3  15   9   0   0   0  0.48 0.32
  226 T    -1  -3   0   0  -3  -2  -2  -1   0   2  -1  -1  -1   0  -1   2   2  -3   0   1    3   0   4   5   0   0   1   4   2  16   5   2   1   4   3  18  16   0   3  12  0.16 0.19
  227 S    -1  -2   3   0  -4  -2  -1  -1   3  -4  -1   1  -2  -1  -1   3   1  -4   0  -3    2   1  13   4   0   0   1   4   8   0   9  11   1   3   2  28   8   0   3   0  0.30 0.29
  228 E     0  -3   2   1  -4  -1   1   3   0  -3  -3  -2  -1  -1  -1   1  -1  -4  -3  -1    7   0  12   8   0   1  11  27   2   1   1   1   2   3   2  14   3   0   0   4  0.33 0.25
  229 A     2  -1   4   4  -5  -2  -1  -3   0  -4  -4   2  -4  -5  -4   0  -1  -5  -1  -2   17   2  24  26   0   1   1   0   2   0   1  14   0   0   0   5   2   0   2   3  0.62 0.40
  230 S    -1   3   1   0  -3  -1  -1  -2   1  -1  -2   1   0   0  -2   1  -1  -3   2  -1    5  18   7   7   0   0   3   2   4   5   4  10   2   4   2  14   3   0   9   3  0.16 0.18
  231 Q    -2  -3   0   4  -4   3   0  -4   3   1  -1   0   0   0  -4  -2  -1  -4   2  -1    2   0   3  27   0  15   5   0   7   9   6   5   3   3   0   1   3   0   9   3  0.39 0.31
  232 R     0   6  -1  -2  -5  -2  -2  -3  -3  -1  -4   3  -2  -5   2  -1  -1  -5  -1  -4    9  42   2   2   0   0   2   1   0   5   0  17   1   0  10   4   2   0   3   0  0.74 0.44
  233 L    -3  -4  -3  -5  -4  -4  -5  -5  -4   2   4  -4   4   3   0  -3  -1   1   0   1    0   0   2   0   0   0   0   0   0  10  40   0  13  13   5   2   3   2   2   8  0.64 0.37
  234 H    -3  -4   4  -1  -5  -2  -3  -3   7  -5  -4  -4  -4   4   1  -1  -2  -4   2  -5    2   0  23   4   0   1   0   1  27   0   0   0   0  21   8   5   2   0   7   0  0.97 0.51
  235 A     0  -1   1  -2  -2   1  -1   0   2   0   0   0   1   1   1   0   0  -2   1  -1    7   0   7   0   0   7   0   7   7   7   7   7   7   7   7   7   7   0   7   0  0.08 0.13
  236 G    -1  -2   1   2  -3   0   1   2   1  -3  -3  -1  -2  -1   4   0  -1  -3   1  -3    4   1   8  12   0   4   9  14   5   1   1   3   0   2  21   5   2   0   6   1  0.34 0.15
  237 D    -2   1   2   2  -4  -1   1   0   2  -3  -3  -2  -3   1   1  -2  -2  -1   6  -3    0   8  10  15   0   0  10   6   4   0   0   0   0   4   8   0   0   0  34   0  0.48 0.25
  238 L    -3  -3   0  -3  -3  -3  -3  -4  -2  -1   2  -3  -1   4   1  -3   0   4   4  -2    1   0   7   0   0   0   1   1   0   0  27   0   0  23   7   1   7   7  17   1  0.55 0.25
  239 T    -2   0   0  -2  -2  -1  -1  -3   1   2   1  -1   3   1  -3   0   1  -2   1   1    1   4   4   1   0   0   4   1   4  19  13   4  10   7   1   5  10   0   6   6  0.11 0.11
  240 Y     0  -1   1  -2  -2   1  -1  -2   3   1   0   0  -1   2  -3   0  -1  -2   2   0    9   0   9   0   0   9   0   0   9   9   9   9   0   9   0   9   0   0   9   9  0.11 0.13
  241 A     3   0   0  -2  -2   0  -1   0  -2  -1  -2   3  -1  -3   1   0  -1  -3  -2   0   37   0   5   0   0   0   0   5   0   5   0  38   0   0   5   0   0   0   0   5  0.25 0.09
  242 Y    -3  -3  -1   5  -3  -2   0  -3  -1  -2   0  -2  -2   2  -3  -2  -2   4   5  -2    0   0   0  46   0   0   0   0   0   0  10   0   0   7   0   0   0   7  31   0  0.59 0.13
  243 L     1  -2  -3  -3  -2  -2  -3  -3  -1   2   2  -2   3   3  -3  -2  -1  -1   3   0   17   0   0   0   0   0   0   0   0  17  17   0  17  17   0   0   0   0  17   0  0.25 0.07
  244 V     0  -3  -3  -4  -2  -2  -3  -3  -3   2   2  -3   2   1  -3  -1  -1  -2   1   3    6   0   0   0   0   0   0   0   0   9  25   0   6   6   0   6   0   0   6  35  0.26 0.09
  245 G    -1  -3  -1  -2  -3  -2  -3   6  -3  -3  -4  -2  -3  -4  -3   0   3  -3  -3  -3    0   0   0   0   0   0   0  69   0   0   0   0   0   0   0   0  31   0   0   0  0.90 0.14
  246 L     0  -3  -3  -4  -2  -3  -3  -4  -3   3   3  -3   2   3  -3  -2  -1  -2   0   2    7   0   0   0   0   0   0   0   0  20  35   0   4  18   0   0   4   0   0  12  0.32 0.07
  247 F    -2  -3  -4  -4  -2  -3  -4  -4  -2   2   2  -3   3   5  -4  -3  -2  -1   2   1    0   0   0   0   0   0   0   0   0  18  14   0  13  40   0   0   0   0   6  10  0.47 0.09
  248 E     0  -1  -1   2  -3   0   4  -2  -1  -1  -1   0   2  -3  -2   0  -1  -3  -2   0    7   0   0  13   0   0  46   0   0   0   1   0  13   0   0   5   0   0   0  13  0.34 0.10
  249 G     0  -2  -1  -2  -3  -2  -2   4  -1  -2  -2  -2  -2   3  -3   0  -2  -1   3  -2    8   2   0   0   0   0   0  45   0   0   1   0   0  23   0   5   0   0  13   0  0.46 0.09
  250 D     0  -2   1   5  -3  -1   0   0  -2  -2   0  -1   2  -3  -2  -1  -1  -3  -3  -2    7   0   5  53   0   0   2   9   0   0   9   0  13   0   0   0   0   0   0   0  0.44 0.10
  251 G    -1  -3  -1  -2  -3  -3  -3   6  -3  -1  -2  -2   0  -3  -3  -1  -2  -3  -3  -1    0   0   0   0   0   0   0  81   0   4   4   0   4   0   0   0   0   0   0   6  0.92 0.15
  252 Y    -2  -3  -4  -4  -3  -3  -3  -4  -1  -1  -1  -3  -1   5  -4  -3  -2   8   4   1    0   0   0   0   0   0   0   0   0   0   0   0   0  41   0   0   0  26  16  13  0.96 0.15
  253 F    -2  -3  -4  -4  -3  -3  -4  -4  -2   2   1  -3   1   6  -4  -3  -2   0   2   0    0   0   0   0   0   0   0   0   0  18  13   0   3  61   0   0   0   0   0   2  0.65 0.13
  254 S     1   0   0  -1  -2   0  -1   0  -1  -2  -1   0  -1  -2  -2   4   2  -3  -1  -2    7   3   0   0   0   4   0   3   0   0   7   5   1   0   0  55  10   0   2   0  0.30 0.10
  255 I    -1  -3  -3  -4  -2  -3  -3  -4  -3   4   1  -3   3  -1  -3  -2  -1  -3  -2   3    0   0   0   0   0   0   0   0   0  53   3   0  10   0   0   0   0   0   0  30  0.46 0.10
  256 T    -1  -2   1  -2  -2  -1  -2  -2  -2  -2  -1  -1  -2  -3  -2   3   5  -3  -1  -1    0   0   6   0   0   0   0   0   0   1   4   3   0   0   0  25  57   0   2   0  0.55 0.17
  257 K    -2   1  -1  -2  -4   0   0  -3  -2  -4  -4   7  -3  -4  -2  -1  -2  -4  -3  -4    0   0   0   0   0   0   0   0   0   0   0  98   0   0   0   0   0   0   0   0  1.21 0.27
  258 K    -2   1   3  -1  -3   0  -1  -2  -1  -3  -3   5  -2  -4  -2  -1   2  -4  -3  -3    0   0  19   0   0   0   0   0   0   0   0  60   0   0   0   0  19   0   0   0  0.64 0.18
  259 G    -1  -3   0  -2  -3  -2  -2   6  -3  -4  -4  -2  -3  -4  -3   2   0  -4  -4  -4    0   0   3   0   0   0   0  73   0   0   0   0   0   0   0  17   5   0   0   0  0.98 0.18
  260 K    -2   1  -2  -2  -4   0   0  -3  -2  -3  -2   7  -2  -4  -2  -2  -2  -4  -3  -2    0   0   0   0   0   0   2   0   0   1   4  91   0   0   0   0   0   0   0   2  1.01 0.25
  261 Y    -3  -3  -4  -5  -4  -3  -4  -5   0  -3  -2  -3  -2   4  -5  -3  -3   1   8  -3    0   0   0   0   0   0   0   0   0   0   0   0   0  16   0   1   0   0  83   0  1.62 0.29
  262 L    -2  -3  -4  -4   0  -3  -4  -5  -4   4   4  -3   1   0  -4  -3  -2  -3  -2   2    0   0   0   0   2   0   0   0   0  32  53   0   0   3   0   0   0   0   0  10  0.57 0.14
  263 T     1  -1  -1  -2  -2   1  -1  -2  -2  -1   1   1  -1  -2  -2   0   3  -2   1  -1   17   0   0   0   0  11   0   0   0   1  15   9   0   0   0   4  37   0   6   0  0.23 0.11
  264 Y    -3  -3  -3  -4   0  -3  -3  -4   0   2  -1  -3   2   1  -4  -3  -3   0   8  -1    0   0   0   0   3   0   0   0   0  16   0   0   6   0   0   0   0   0  73   0  1.16 0.25
  265 E    -2  -1  -1   0  -4   1   6  -3  -1  -4  -4   2  -3  -4  -2   0  -2  -4  -3  -3    0   0   0   0   0   0  76   0   0   0   0  16   0   0   0   6   0   0   0   0  0.95 0.21
  266 L    -2  -3  -4  -4  -2  -3  -4  -4  -3   1   4  -3   2   3  -4  -3  -2  -2  -1   1    0   0   0   0   0   0   0   0   0   4  65   0   3  16   0   0   0   0   0  10  0.57 0.14
  267 G    -1  -3  -2  -2  -3  -3  -3   6  -3   0  -3  -3  -3  -3  -3  -1   0  -4  -4   0    0   0   0   0   0   0   0  76   0   6   0   0   0   0   0   0   5   0   0  11  0.93 0.18
  268 I    -2  -4  -4  -4  -2  -4  -4  -5  -4   6   1  -4   3  -1  -4  -3  -2  -4  -2   1    0   0   0   0   0   0   0   0   0  83   5   0  10   0   0   0   0   0   0   0  0.88 0.21
  269 E    -1  -1   1   0  -4   1   6  -3  -1  -4  -4   0  -3  -4  -2   1  -1  -4  -3  -3    2   0   6   0   0   0  77   0   0   0   0   2   0   0   0  11   0   0   0   0  0.91 0.21
  270 L    -2  -3  -4  -4  -2  -3  -4  -4  -3   2   5  -3   4   0  -4  -3  -2  -2  -2   0    0   0   0   0   0   0   0   0   0   7  75   0  12   2   0   0   1   0   0   0  0.66 0.16
  271 S    -1  -1   4  -1  -3  -1  -1  -1   6  -4  -4  -1  -3  -3  -2   3  -1  -4  -1  -3    1   0  27   0   0   0   0   2  29   0   0   0   0   0   0  39   0   0   0   0  0.68 0.18
  272 I    -2  -2  -2  -3  -2  -2  -2  -4  -3   5   2   1   2  -1  -3  -2  -1  -3  -2   1    0   0   1   0   0   0   2   0   0  59  16  12   6   0   0   2   0   0   0   1  0.41 0.14
  273 K    -2   5   1  -1  -4   0   2  -3  -1  -4  -3   4  -2  -4  -2  -1  -2  -4  -3  -3    0  49   6   0   0   0  16   0   0   0   0  27   0   0   0   0   0   0   0   0  0.73 0.16
  274 D    -3  -3   0   8  -5  -2   0  -3  -3  -5  -5  -2  -5  -5  -3  -2  -2  -6  -5  -5    0   0   0 100   0   0   0   0   0   0   0   0   0   0   0   0   0   0   0   0  1.71 0.29
  275 V    -1  -3  -4  -4  -2  -3  -4  -4  -4   4   2  -3   0  -1  -3  -3   0  -3  -2   4    2   0   0   0   0   0   0   0   0  38  17   0   0   0   0   0   4   0   0  39  0.53 0.14
  276 Q    -1   0  -1  -1  -4   6   1  -3  -1  -4  -4   3  -2  -4   0   2  -1  -4  -3  -3    0   0   0   0   0  60   2   0   0   0   0  18   0   0   4  16   0   0   0   0  0.80 0.21
  277 L    -2  -3  -4  -4  -2  -3  -4  -5  -4   2   5  -3   2  -1  -4  -3   0  -3  -2   0    0   0   0   0   0   0   0   0   0  11  79   0   2   0   0   0   8   0   0   0  0.69 0.17
  278 I    -2  -4  -4  -5  -2  -3  -4  -5  -4   4   4  -4   1  -1  -4  -3  -2  -3  -2   1    0   0   0   0   0   0   0   0   0  42  58   0   0   0   0   0   0   0   0   0  0.72 0.17
  279 Y    -3  -2  -3  -3  -4   1   2  -4   2  -3  -3  -2  -2   1  -4  -3  -3   0   8  -3    0   0   0   0   0   6  16   0   3   0   0   0   0   0   0   0   0   0  74   0  1.23 0.26
  280 K    -2   1  -2  -2  -4   1  -1  -3  -1  -4  -3   6  -2  -1  -3  -2  -2  -2   4  -3    0   0   0   0   0   4   0   0   0   0   0  74   0   0   0   0   0   0  22   0  0.88 0.23
  281 I    -2  -4  -5  -5  -2  -4  -4  -5  -4   6   1  -4   0   1  -4  -4  -2  -3  -2   2    0   0   0   0   0   0   0   0   0  85   3   0   0   6   0   0   0   0   0   5  0.91 0.22
  282 K    -2   1  -1  -2  -4   0  -1  -3   5  -4  -4   6  -3  -3  -2  -2  -2  -4   1  -4    0   0   0   0   0   0   0   0  17   0   0  78   0   0   0   0   0   0   5   0  0.94 0.24
  283 K     0  -1   4   2  -3   1   1  -1  -1  -4  -4   1  -2  -4  -2   2   0  -4  -3  -3    7   0  28  13   0   8   8   0   0   0   0  10   0   0   0  25   1   0   0   0  0.42 0.11
  284 I    -1  -3  -1  -3  -2   0  -3  -4  -3   4   3  -3   2   0  -3  -2  -1   1  -2   2    2   0   3   0   0   6   0   0   0  37  32   0   6   1   0   1   0   2   0   9  0.34 0.10
  285 L    -3  -3  -5  -5  -2  -3  -4  -5  -4   1   5  -4   1   0  -4  -4  -2  -2   0   0    0   0   0   0   0   0   0   0   0   2  94   0   0   0   0   0   0   0   4   0  0.89 0.21
  286 G    -1  -2   1  -2  -4  -2   0   6  -2  -5  -5   1  -3  -4  -3  -1  -2  -4  -4  -4    1   0   6   0   0   0   6  73   0   0   0  13   0   0   0   0   0   0   0   0  0.97 0.18
  287 I    -2  -1  -4  -4  -2  -3  -3  -4  -3   4   1  -3   2  -1  -3  -3  -1  -3   1   4    0   4   0   0   0   0   0   0   0  29   4   0   6   0   0   0   0   0   6  50  0.50 0.15
  288 G    -1  -3  -1  -2  -3  -3  -3   7  -3  -4  -4  -3  -4  -4  -3  -1  -3  -3  -4  -4    1   0   0   0   0   0   0  94   0   0   1   0   0   0   0   0   0   0   0   0  1.44 0.22
  289 I    -1  -1   0  -2  -2  -1  -1  -3  -2   3   0   2   1  -2  -3  -1   1  -4  -2   3    0   0   6   0   0   0   1   0   0  24   0  26   5   0   0   0  12   0   0  26  0.23 0.11
  290 V    -2  -3  -4  -4  -2  -3  -4  -4   1   4   0  -3   2  -1  -4  -3  -1  -4  -2   4    0   0   0   0   0   0   0   0   6  43   1   0   4   0   0   0   0   0   0  46  0.60 0.17
  291 S     0   1   1   0  -2  -1  -1  -1  -1  -1  -2   1  -1  -2  -2   4   1  -3   1  -2    0   8   4   3   0   0   1   3   0   5   1  11   1   0   0  47   9   0   6   0  0.28 0.12
  292 F    -2  -3   0  -3  -3  -3  -3  -4  -2   2   0  -1  -1   5  -3  -2   1  -1   1   1    0   0   6   0   0   0   0   0   0  23   2   5   0  42   0   0  16   0   0   6  0.40 0.14
  293 R    -2   5  -2  -3  -4   0  -1  -3   3  -3  -1   2   1  -1  -3  -2  -2  -2   3  -3    0  50   0   0   0   3   0   0   8   0   6  12   6   0   0   0   0   0  15   0  0.58 0.16
  294 K    -2   1   0  -1  -4   0   1  -3  -2  -3  -3   5  -2  -4   1  -1   2  -4  -3  -3    0   2   4   2   0   1   9   0   0   0   0  58   0   0   7   0  17   0   0   0  0.57 0.16
  295 I    -2   5  -1   1  -3   0  -1  -3  -1   1  -1   1   0  -2   1  -1  -1  -3  -2  -1    1  45   2  12   0   0   1   1   0  13   6   5   3   0   7   1   4   0   0   1  0.34 0.11
  296 N    -1   1   3   1  -3   0   0   1  -1  -3  -1   3   0  -3  -2   0   0  -3  -2  -2    1   6  23   6   0   0   5  12   0   0   6  30   3   0   0   2   4   0   0   0  0.27 0.09
  297 E    -1   2   2   1  -4   2   3   0   0  -3  -2   2   0  -3  -2  -1  -1  -3  -2  -3    0   8  10   6   0  11  22   9   2   0   3  21   4   0   0   0   2   0   0   0  0.30 0.08
  298 I    -1   0   0  -2  -2  -1  -2   0  -2   2   0   0  -1  -1   1   0   0  -3   0   1    0   4   7   0   0   2   0   6   0  28   1   9   0   3   7  11   5   0   4  12  0.08 0.06
  299 E    -2  -1   3   0  -4   0   5  -3  -1  -4  -4   2  -3  -4   2  -1  -2  -4  -3  -4    0   0  20   1   0   0  53   0   0   0   0  15   0   0   9   1   0   0   0   0  0.70 0.17
  300 M    -2  -2  -2  -3  -2  -1  -2  -3  -2   1   1   1   6   0  -3  -1   2  -2   1   0    0   0   0   0   0   0   0   0   0   8   6  11  44   2   0   4  18   0   6   0  0.40 0.17
  301 V     0  -1  -4  -4   6  -3  -3  -4  -3   1   0  -3  -1  -2  -3  -2  -1  -3   1   4    7   4   0   0  26   0   0   0   0   2   6   0   0   0   0   0   0   0   6  49  0.54 0.16
  302 A     1   0  -1  -2   0  -1  -1  -2  -2   0  -1   3  -1  -1  -2   2   1  -3   0   0   15   3   0   0   3   0   0   0   0  11   3  27   0   2   0  20   7   0   5   4  0.14 0.08
  303 L    -3   0  -4  -4  -3  -3  -3  -4  -1   0   3  -3   0   4  -4  -3  -2   0   5  -1    0   6   0   0   0   0   0   0   0   0  48   0   0  21   0   0   0   0  25   0  0.59 0.15
  304 R    -2   5   2  -2  -4   0  -1  -3  -1  -2  -2   2  -2  -3  -3  -1  -2   4  -2   0    0  54  14   0   0   0   0   0   0   2   3  10   0   0   0   2   0   6   0   9  0.58 0.16
  305 I    -2  -3  -3  -3  -2  -2  -1  -4  -4   5   0  -3   3  -1  -3  -1  -1  -4  -2   3    0   0   0   0   0   0   6   0   0  53   0   0   9   0   0   6   0   0   0  25  0.48 0.15
  306 R    -2   6  -1  -2  -4   0  -1  -3  -1  -3  -2   2   1  -3   1  -1  -2  -3  -2  -3    1  70   0   0   0   0   1   1   0   0   1   7   7   0   7   3   1   0   0   1  0.81 0.17
  307 D    -3  -1   6   3  -4  -1  -1  -2  -1  -4  -4   1  -3  -4  -3  -1   0  -5  -3  -4    0   0  66  20   0   0   0   0   0   0   0   8   0   0   0   0   6   0   0   0  0.95 0.21
  308 K    -2   1  -2  -2   2   0  -1  -3  -2  -3  -4   7  -3  -4  -2  -2  -2  -4  -3  -3    0   0   0   0   6   0   0   0   0   2   0  92   0   0   0   0   0   0   0   0  1.08 0.26
  309 N    -1  -1   4   2  -3   0   0  -2  -1  -3  -1   2  -2  -3  -1   1   1  -4  -3  -2    2   0  30  13   0   0   0   0   0   0   6  22   0   0   2  14  11   0   0   0  0.35 0.11
  310 H    -3  -2  -1   3  -4   0  -1  -3   9  -4  -1  -2  -3  -3  -3  -1  -3  -4   0  -4    0   0   0  20   0   2   0   0  71   0   6   0   0   0   0   2   0   0   0   0  1.29 0.26
  311 L    -2  -3  -5  -5  -2  -3  -4  -5  -4   1   5  -4   1  -1  -4  -4  -2  -3  -2   1    0   0   0   0   0   0   0   0   0   0  94   0   0   0   0   0   0   0   0   6  0.90 0.21
  312 K    -2   0  -2  -2  -4   2  -1  -3  -2   2  -2   5   0   0  -3  -2  -2  -3  -2  -1    0   0   0   0   0   9   0   0   0  23   0  59   2   6   0   0   0   0   0   0  0.49 0.18
  313 S    -2  -1   6   2  -4   0   2  -2  -1  -4  -4   0  -3  -4  -3   1   0  -5  -3  -4    0   0  56  11   0   0  18   0   0   0   0   4   0   0   0   7   4   0   0   0  0.75 0.17
  314 F    -2  -2  -2  -3  -3  -2  -3  -4  -3   3   1   1   1   4  -3  -2  -2  -2   0   2    0   0   2   0   0   0   0   0   0  36   4  17   3  27   0   0   0   0   1  10  0.34 0.12
  315 I    -2  -4  -4  -4  -2  -3  -4  -4  -4   5   1  -3   4   1  -4  -3   0  -3  -2   2    0   0   0   0   0   0   0   0   0  63   4   0  16   5   0   0   6   0   0   5  0.61 0.17
  316 L    -2  -3  -4  -3  -2  -2  -1  -4  -3   3   3  -3   1   2  -3  -3  -2  -2  -1   1    0   0   0   0   0   0   6   0   0  22  48   0   2  10   0   0   0   0   0   5  0.35 0.11
  317 P    -2  -4  -4  -3  -4  -3  -3  -4  -4  -4  -4  -3  -4  -5   8  -2  -3  -5  -4  -4    0   0   0   0   0   0   0   0   0   0   0   0   0   0  94   0   0   0   0   0  2.34 0.32
  318 I    -2  -4  -4  -4  -2  -3  -4  -5  -4   6   2  -3   3  -1  -4  -3  -2  -3  -2   1    0   0   0   0   0   0   0   0   0  69  13   0  11   0   0   0   0   0   0   0  0.67 0.19
  319 F    -3  -4  -4  -5  -3  -4  -4  -4  -2  -1   1  -4  -1   8  -5  -4  -3   0   3  -2    0   0   0   0   0   0   0   0   0   0  12   0   0  78   0   0   0   0   4   0  1.15 0.24
  320 E    -1  -2   2   6  -4  -1   2  -2  -2  -4  -4  -1  -4  -4  -2  -1  -2  -5  -4  -4    5   0   7  69   0   0  12   0   0   0   0   0   0   0   0   0   0   0   0   0  0.95 0.20
  321 K    -2   1  -1  -2  -4   2   0  -3  -1  -3  -3   6  -2  -3  -2  -1  -2  -3   1  -3    0   0   2   0   0   9   0   0   0   1   1  74   0   0   0   0   0   0   6   0  0.72 0.21
  322 Y    -3  -3  -3  -4  -4  -3  -3  -4   3  -1  -2  -3  -2   3  -4  -3  -3   1   8  -2    0   0   0   0   0   0   0   0   6   4   0   0   0   7   0   0   0   0  76   0  1.30 0.27
  323 P    -2  -3   1   0  -4  -2  -2  -3  -3  -4  -4  -2  -3  -1   7   0  -2  -4  -3  -3    0   0   7   5   0   0   0   0   0   0   0   0   0   4  69   8   0   0   0   0  1.44 0.23
  324 M    -2  -3  -4  -4  -3  -2  -3  -4  -3   1   2  -3   8   1  -2  -3  -2  -3  -2   0    0   0   0   0   0   0   0   0   0   8  15   0  62   6   2   0   0   0   0   0  0.76 0.23
  325 F    -2  -3  -4  -4  -2  -3  -4  -4  -3   1   3  -3   0   5  -4  -3   0  -1   0   0    0   0   0   0   0   0   0   0   0   5  45   0   0  32   0   0   6   0   0   5  0.46 0.14
  326 S     0  -2  -1  -1  -2  -1   0   0  -2  -3  -3  -1   1  -3  -2   4   3  -3  -3  -2    0   0   0   0   0   0   6   4   0   0   0   0   5   0   0  52  26   0   0   0  0.45 0.17
  327 N    -1  -2   6   0  -3  -1  -1  -2  -1  -3  -2  -1   0  -3  -3  -1   1  -3   1  -3    4   0  65   2   0   0   1   0   0   1   5   0   4   0   0   0   9   0   5   0  0.64 0.20
  328 K    -2   2  -1  -2  -4   0  -1  -3  -2  -1  -3   6  -2  -4  -2  -1   0  -4  -3  -3    0   6   0   0   0   0   0   0   0   5   0  78   0   0   0   0   4   0   0   0  0.76 0.22
  329 Q    -2   1   1  -2  -4   6   0  -3   3  -4  -3   2  -2   0  -3  -1  -2  -3   0  -3    0   4   6   0   0  61   0   0  10   0   0  10   0   5   0   0   0   0   3   0  0.76 0.21
  330 Y    -1  -2  -2  -4  -2  -2  -3  -4   2  -2   0   1  -2   3  -4  -2  -3   0   7  -2    4   0   1   0   1   0   0   0   4   0   7  12   0   8   0   0   0   0  64   0  0.91 0.21
  331 D    -1  -2   1   7  -4   1   0  -2  -2  -4  -5  -1  -4  -5  -3   0  -2  -5  -4  -4    6   0   5  76   0   6   0   0   0   0   0   2   0   0   0   4   0   0   0   0  1.06 0.21
  332 Y    -3  -3  -3  -1  -4   0  -3  -4   0   0  -1  -3  -2   2  -4  -3  -3   1   8  -2    0   0   0   5   0   4   0   0   0   6   4   0   0   2   0   0   0   0  78   0  1.24 0.26
  333 L    -2  -3  -4  -5  -2  -3  -4  -5  -3   1   5  -3   2   2  -4  -3  -1  -2   1   0    0   0   0   0   0   0   0   0   0   6  74   0   4   8   0   0   2   0   6   0  0.62 0.16
  334 R    -2   5   0  -3  -4   0  -1  -3  -1   0  -1   2   0   1  -3  -2  -2  -2   2  -2    0  56   4   0   0   0   0   0   0   6   6   9   2   8   0   0   0   0   8   0  0.53 0.15
  335 F    -3  -4  -4  -5  -3  -4  -4  -5  -2   0   1  -4   0   7  -5  -4  -3   0   3  -1    0   0   0   0   0   0   0   0   0   5  10   0   2  79   0   0   0   0   4   0  1.19 0.23
  336 R    -1   4  -1  -2  -4   0  -1  -3   1  -4  -3   5  -2  -3  -2  -1  -2  -3   1  -3    4  30   0   0   0   0   0   0   4   0   0  57   0   0   0   0   0   0   5   0  0.74 0.18
  337 N    -2  -1   4   4  -3   0   0  -2   2  -3  -2   0   0   0  -3   0  -1  -3   1  -3    0   0  28  28   0   2   4   0   6   0   2   5   4   4   0   7   2   0   8   0  0.38 0.11
  338 A     2  -1   3  -1   1  -1  -1  -1   2   0  -1   0  -1  -2  -2   0  -1  -2   1   0   27   0  22   0   5   0   0   3   6  10   3   6   0   0   0   6   0   0   5   5  0.13 0.07
  339 L    -2  -2  -3  -3  -2  -2  -1  -4  -3   2   4   0   1  -1  -3  -3  -2  -2  -2   0    1   0   0   0   0   0   4   0   0  11  74   7   0   0   0   0   0   0   0   0  0.51 0.14
  340 L    -2  -2  -3  -3  -2  -2  -3  -4   1   1   4  -1   2   2  -3  -3  -1  -2  -1   0    1   0   0   0   0   0   0   0   6   8  60   4   4  11   0   0   2   0   0   2  0.38 0.11
  341 S     0  -1   4   0  -2   1   0  -1  -1  -3  -3   2  -2  -3  -2   3   0  -3  -2  -3    2   0  26   3   0   5   2   0   0   0   1  14   0   0   0  41   3   0   0   0  0.43 0.13
  342 G    -1  -1   4   3  -3  -1   0   4  -1  -3  -4   0  -3  -3  -2   0   0  -3  -3  -3    1   0  30  17   0   0   2  33   0   0   1   7   0   0   0   1   6   0   0   1  0.50 0.11
  343 I    -2  -3  -3  -4  -2  -3  -3  -4  -4   5   1  -3   1  -1  -3  -2   1  -3  -2   2    0   0   0   0   0   0   0   0   0  65   7   0   3   0   0   2   9   0   0  12  0.56 0.15
  344 I    -2  -1  -2  -3  -2  -1  -2  -3   0   4   0   2   1  -1  -3  -2  -1  -3   0   2    0   0   1   0   0   2   0   0   3  46   3  22   5   0   0   1   3   0   4  10  0.26 0.11
  345 S    -2  -2   0  -3  -3  -2  -2  -3   0   0   0  -1   2   2  -3  -1  -2   0   7  -1    0   0   5   0   0   0   1   0   0   7   9   3   8   3   0   6   0   0  56   0  0.66 0.17
  346 L    -1  -2  -2  -3  -3   0  -2  -3   0  -2  -2  -2  -2   2  -2   3  -1   0   7  -1    1   0   0   0   0   4   0   0   0   0   2   0   0   4   1  31   0   0  50   5  0.65 0.18
  347 E    -1   1   4   1  -4   0   4  -2  -1  -3  -3   2  -2  -4  -2  -1  -1  -4  -3  -1    2   5  28   2   0   0  40   0   0   1   0  14   0   0   0   0   1   0   0   5  0.50 0.13
  348 D    -2  -2   2   5  -3   2   2  -2  -1  -3  -2   0  -3  -3  -2  -1  -2  -4  -1  -3    0   0  11  54   1  11  13   0   0   0   4   2   0   0   0   0   0   0   3   0  0.69 0.15
  349 L    -2  -3   1  -3  -2  -3  -3  -4  -3   3   4  -3   1   0  -3  -2   0  -3  -2   1    0   0  10   0   0   0   0   0   0  21  58   0   0   1   0   0   5   0   0   2  0.41 0.12
  350 P    -1  -2   0  -1  -3   0   0  -3  -2  -3  -2  -1   0  -4   7   0   0  -4  -3  -2    0   2   6   1   0   3   6   0   0   0   4   0   5   0  55  10   5   0   0   2  0.99 0.16
  351 D    -2  -1   0   3  -3   0   3  -2  -1  -2  -1   0  -2  -1   2  -1   0  -2   2  -2    1   0   3  24   0   0  26   1   0   2   7   6   0   0   8   2   5   0  13   1  0.30 0.08
  352 Y    -3  -3   1  -3  -3  -2  -3  -3   0   0  -2  -3  -2   1  -3  -2  -2   1   8  -2    1   0  11   0   0   0   1   1   0   7   1   0   0   0   0   1   1   0  75   1  1.13 0.23
  353 T     0   0   2  -1  -2   1  -1  -2  -2   0  -1   1  -1  -2  -2   1   3  -3  -2   1    7   1  11   0   0   6   0   0   0   6   5  14   0   0   0   6  31   0   0  11  0.18 0.08
  354 R    -2   6  -2  -2  -4   0   0  -3  -1  -1  -3   2  -2  -4   3  -2  -2  -4  -3  -3    0  67   0   0   0   0   7   0   0   5   0   6   0   0  13   0   0   0   0   0  0.83 0.18
  355 S    -1  -2  -1  -1  -1  -2  -1  -2  -2  -1  -2  -1  -2   2   5   2   1  -2   1  -2    0   0   1   3   1   0   1   0   0   4   0   1   0  16  38  19   9   0   4   0  0.62 0.12
  356 D    -1   0   3   0  -2   0   1  -2  -1   1  -1   0   1  -2  -2   1   0  -3  -2  -1    0   2  25   2   0   1  15   0   0  18   5   4   5   0   0  14   5   0   0   1  0.17 0.08
  357 E    -1  -1   0   1  -2   0   2  -3  -2   2   0   2  -1   0  -2  -1   0  -3  -1   0    0   0   3   6   0   1  23   0   0  20   9  17   0   4   0   0   7   0   1   5  0.12 0.07
  358 P    -1  -2   1  -1  -3  -2  -2  -2  -2  -2  -2  -2  -2  -1   7   2  -1  -4  -3  -2    2   0   7   2   0   0   0   0   0   2   4   0   0   4  56  18   0   0   0   0  1.04 0.16
  359 L    -2  -1   1  -1  -2  -1  -2  -3  -2   1   2   0   1   2  -3  -2   0  -2   0   0    0   0  12   2   0   0   0   0   0  10  35  11   3  12   0   0   4   0   2   5  0.14 0.07
  360 N    -2  -1   6   1  -3  -1   0  -2   0  -3  -4   0  -3  -2  -3   0   0  -3   2  -3    0   0  65   4   0   0   4   0   0   0   1   6   0   0   0   0   7   0  10   0  0.75 0.18
  361 S     0  -1   2   0  -2   0   0  -2  -1  -1  -1   0  -1  -2   2   2   2  -3  -2  -1    7   0  11   3   0   2   4   0   0   2   7   3   0   0  12  23  23   0   1   0  0.25 0.08
  362 I    -1  -3  -3  -3  -2  -2  -3  -3  -3   4   1  -2   2  -1  -3  -1   1  -3  -2   3    2   0   0   0   0   0   0   0   0  42   2   3   8   0   0   5   8   0   0  27  0.35 0.11
  363 E    -2  -1   3   4  -4   1   4  -2  -1  -4  -4   0  -3  -4  -2  -1  -1  -4  -3  -3    0   0  15  33   0   1  42   0   0   0   1   3   0   0   0   0   1   0   0   0  0.72 0.15
  364 S    -1  -1   3   3  -2  -1   1  -1   0  -3  -3  -1  -2   0  -1   3   0  -2   2  -2    1   1  17  17   0   0   6   1   2   1   1   1   0   3   2  33   2   0  11   1  0.30 0.09
  365 I     0  -3  -3  -3  -2  -3  -3  -4  -3   5   1  -3   3   1  -3  -2   0  -3  -1   1    7   0   0   0   0   0   0   0   0  61   7   0  10   7   0   0   4   0   0   0  0.45 0.14
  366 I    -2  -3  -3  -4  -2  -3  -3  -4  -3   3   4  -3   2  -1  -3  -3   0  -3  -2   1    0   0   0   0   0   0   0   0   0  30  51   0   6   0   0   0   4   0   0   4  0.47 0.12
  367 N    -1   0   6   1  -3   0  -1  -1  -1  -3  -3   2  -2  -3  -2   0   0  -3  -2  -3    3   1  54   6   0   1   1   2   0   1   2  18   0   1   1   6   2   0   1   1  0.56 0.13
  368 T     1  -1  -2  -2  -1   0  -1  -2  -2   1   2   2   0  -1  -2  -1   0  -3  -2   0   17   0   0   0   1   2   1   1   0   7  30  24   0   0   0   2   8   0   0   4  0.12 0.07
  369 S     0  -2   2   3  -2  -1   0  -1  -1  -3  -3  -1  -2  -3   4   3   0  -3  -3  -3    6   1  10  24   0   0   1   2   1   1   1   1   0   0  21  30   1   0   0   1  0.50 0.11
  370 Y    -3  -3  -3  -4  -3  -3  -3  -4   0  -2  -2  -3  -2   4  -4  -3  -3   1   8  -2    1   1   0   1   0   0   1   1   0   1   1   1   0  16   1   1   1   0  75   1  1.31 0.23
  371 F    -3  -3  -4  -4  -3  -4  -4  -4  -2  -1   1  -4  -1   7  -4  -3  -3   0   2  -2    1   1   0   1   0   0   1   1   0   1  12   1   0  79   1   1   1   0   0   1  1.09 0.20
  372 S     0  -1   1   1  -1   0   0  -1  -1  -3  -3   2  -2  -3   4   3   0  -3  -2  -3    1   1   7   7   1   0   3   1   0   1   1  19   0   0  20  37   1   0   0   1  0.43 0.11
  373 A     3  -2   3  -1  -2  -1  -1  -1   2  -2  -2  -1  -2   0   0   1  -1   0   2  -2   38   1  20   1   0   0   1   1   5   1   1   1   0   4   3  11   1   1  11   1  0.26 0.10
  374 W    -4  -4  -4  -5  -3  -3  -4  -4  -3  -4  -3  -4  -3  -1  -4  -4  -4  12   1  -4    1   1   0   1   0   0   1   1   0   1   1   1   0   0   1   1   1  90   0   1  3.11 0.35
  375 L    -2  -3  -4  -4  -2  -3  -3  -4  -3   2   5  -3   1   0  -3  -3  -2  -2  -2   0    1   1   0   1   0   0   1   1   0  11  80   1   0   0   1   1   1   0   0   1  0.65 0.15
  376 V    -1  -3  -4  -4  -2  -3  -3  -4  -4   4   0  -3   2  -1  -3  -3  -1  -3  -2   5    0   0   0   0   0   0   0   0   0  27   0   0   5   0   0   0   0   0   0  65  0.65 0.17
  377 G    -1  -3  -2  -2  -4  -3  -3   7  -3  -5  -5  -3  -4  -4  -3  -1  -3  -4  -4  -4    0   0   0   0   0   0   0  97   0   0   0   0   0   0   0   0   0   0   0   0  1.53 0.24
  378 F    -3  -4  -4  -5  -4  -4  -4  -4  -3  -1  -1  -4  -1   8  -5  -4  -3   0   2  -2    0   0   0   0   0   0   0   0   0   0   1   0   0  95   0   0   0   0   0   0  1.58 0.28
  379 I    -2  -3  -3  -3  -2  -3  -3  -4  -3   5   0  -3   3   1  -3  -2   2  -3  -2   1    0   0   0   0   0   0   0   0   0  58   1   0  11   5   0   0  22   0   0   0  0.50 0.16
  380 E    -2  -1   1   0   1   0   6  -3  -1  -3  -3  -1   1  -3  -2  -1  -2  -3   1  -3    0   0   9   0   4   0  71   0   0   0   0   0   6   0   0   0   0   0   7   0  0.74 0.19
  381 A     5  -2  -2  -3  -2  -2  -2   1  -3  -3  -3  -1  -2  -3  -2   2  -1  -4  -3  -1   77   0   0   0   0   0   0   9   0   0   0   2   0   0   0  11   1   0   0   0  0.68 0.19
  382 E    -2  -1  -1   0  -5   1   6  -3  -1  -5  -4   3  -3  -5  -2  -1  -2  -4  -3  -4    0   0   0   0   0   1  81   0   0   0   0  18   0   0   0   0   0   0   0   0  1.10 0.24
  383 G     0  -3  -1  -2  -3  -3  -3   6  -3  -5  -5  -3  -4  -4  -3   1  -2  -4  -4  -4    3   0   0   0   0   0   0  87   0   0   0   0   0   0   0  10   0   0   0   0  1.30 0.22
  384 C    -1  -4  -2  -3   9  -3  -3  -3  -3  -3  -3  -3  -3  -4  -3   3  -1  -4  -4  -2    0   0   0   0  63   0   0   0   0   0   0   0   0   0   0  37   0   0   0   0  1.46 0.27
  385 F    -4  -4  -5  -5  -4  -5  -5  -5  -3  -2  -1  -5  -1   8  -5  -4  -4   0   2  -2    0   0   0   0   0   0   0   0   0   0   0   0   0 100   0   0   0   0   0   0  1.76 0.31
  386 S     0  -2   0  -2   3  -2  -2   0  -2  -3  -1  -2  -2   2  -2   5   0  -3  -2  -2    0   0   4   0   8   0   0   5   0   0   6   0   0  11   0  66   0   0   0   0  0.49 0.18
  387 V    -2  -3  -3  -4  -2  -3  -3  -4  -4   5   1  -2   0   0  -3  -1   1  -3  -2   3    0   0   0   0   0   0   0   0   0  53   2   2   0   2   0   3  12   0   0  26  0.49 0.15
  388 Y    -3  -2  -3  -4  -4  -2  -2  -4   0  -2  -2   2  -2   1  -3  -2  -3   1   8  -2    0   0   0   0   0   0   0   0   0   2   0  17   0   0   0   0   0   0  77   0  1.23 0.25
  389 K    -1   1   1  -1  -3   1   0  -2  -2  -3  -3   5  -2  -4  -2   1   2  -4  -3  -2    0   0   5   2   0   2   0   0   0   0   0  62   0   0   0  13  13   0   0   2  0.56 0.17
  390 L    -1  -1   3  -1  -2  -1  -2  -2  -2   0   2  -1   0  -2   4  -1   0  -3  -2   0    4   4  24   0   0   0   0   0   0   3  27   0   0   1  22   0   7   0   0   5  0.32 0.10
  391 N     0   0   4   0  -3   1  -1  -1   1  -2  -2   2   0  -3  -2   1   1  -3  -1  -2    6   2  34   1   0   4   0   0   3   2   1  19   4   0   0   8  12   0   2   0  0.30 0.10
  392 K    -1   0   3   2  -3   1   0  -2  -1  -2  -3   4  -2  -3  -2   1   0  -4  -3  -3    2   0  24  12   0   2   1   0   0   2   1  41   0   0   0   9   3   0   0   0  0.42 0.12
  393 D    -1  -1   2   4  -2   0   2  -1  -1  -2  -1  -1  -1  -2   0   1  -1  -2  -2  -2    2   1  12  37   1   3  11   4   1   1   6   2   2   1   3  10   2   0   1   3  0.32 0.06
  394 D    -1   0   3   2  -2   0   1  -1   1  -2  -2   2  -2  -2   0   1   0  -2  -2  -2    2   1  21  15   0   2   5   4   4   1   2  21   1   1   3   8   5   0   1   2  0.24 0.05
  395 D    -1   0   2   3  -2   0   1  -1  -1  -2  -1   1  -2  -1  -1   2   0  -2  -2  -2    2   3  15  24   0   1   6   2   1   1   5   9   1   3   2  19   3   0   1   2  0.22 0.05
  396 Y    -1  -1  -1  -1   0   0  -1  -1   0  -1  -1  -1   1   1  -1   0  -1   1   5  -1    3   2   2   2   3   5   4   3   1   3   4   2   4   4   2   8   2   1  40   3  0.28 0.06
  397 L    -1   0   0  -1  -2   0  -1  -2  -1   0   2   2   1   0   1  -1   0  -1   0  -1    2   2   4   3   1   4   2   2   1   2  32  20   3   4   7   2   4   0   3   2  0.08 0.04
  398 I     0  -2  -2  -2  -1  -1  -1  -2  -2   3   0  -2   0  -1  -2  -1   1  -2  -1   3    3   1   1   1   1   1   6   2   1  19   2   2   1   1   1   2  13   0   2  40  0.18 0.06
  399 A     4  -3  -2  -3   4  -2  -2   1  -3   0  -2  -2  -2  -3  -2   1  -1  -4  -3  -1   63   0   0   0  11   0   0  11   0   6   0   0   0   0   0   6   0   0   0   2  0.51 0.16
  400 S     0  -2   0  -2   5  -2  -2  -2  -2  -3  -3  -2  -2  -2  -2   5   0  -3   2  -2    0   0   3   0  16   0   0   0   0   0   0   0   0   0   0  68   0   0  11   2  0.67 0.21
  401 F    -4  -4  -5  -5  -4  -5  -5  -5  -3  -1   0  -5  -1   8  -5  -4  -4   0   2  -2    0   0   0   0   0   0   0   0   0   0   2   0   0  98   0   0   0   0   0   0  1.68 0.30
  402 D    -2  -1   0   5  -4   3   4  -3  -1  -1  -3   0  -3  -4  -2  -1  -2  -4  -2  -3    0   0   0  38   0  17  37   0   0   5   0   1   0   0   0   0   0   0   2   0  0.73 0.17
  403 I    -2  -3  -4  -4  -2  -3  -4  -5  -4   5   2  -3   3  -1  -4  -3  -1  -3  -2   3    0   0   0   0   0   0   0   0   0  49  21   0   9   0   0   0   0   0   0  20  0.58 0.14
  404 A     2  -1  -1  -2  -2  -1  -1   0  -2  -3  -3   2  -2  -4  -2   4   0  -4  -3  -2   22   0   0   0   0   0   0   6   0   0   0  22   0   0   0  49   1   0   0   0  0.47 0.16
  405 Q    -2   0  -1  -2  -5   8   1  -3  -1  -4  -4   0   0  -5  -3  -2  -2  -4  -3  -4    0   0   0   0   0  94   0   0   0   0   0   2   2   0   0   0   0   0   0   0  1.45 0.32
  406 R    -1   3   1  -2  -3   0  -1  -2  -2  -2  -3   3  -2  -4  -2   0   4  -4  -3  -2    0  17   8   0   0   0   0   0   0   1   0  29   0   0   0   2  43   0   0   0  0.50 0.16
  407 D    -2  -2   5   4  -4  -1   0  -1  -1   1  -3  -1  -2  -2  -3  -1  -1  -3   1  -2    0   0  39  27   0   0   3   4   0  16   0   3   0   0   0   0   0   0   9   0  0.47 0.14
  408 G     1  -2   2   0  -3  -1  -2   4   4  -4  -4  -2  -3  -4  -3   0  -2  -4  -2  -3   10   0  14   5   0   2   0  47  16   0   0   0   0   0   0   6   0   0   0   0  0.60 0.13
  409 D    -1  -1   0   2  -2   0   1  -3  -2  -1   1   0   2  -1  -2  -1   1  -3   0   0    0   2   3  18   0   3  10   0   0   0  19   7  12   1   0   2  11   0   3   6  0.12 0.07
  410 I    -2  -2   3  -1  -3  -1   2  -3  -2   3   1  -2   0  -2  -1  -1  -1  -4  -2   1    0   0  22   0   0   0  17   0   0  36  14   0   0   0   2   0   3   0   0   6  0.24 0.12
  411 L    -2  -3  -4  -4  -2  -3  -4  -5  -4   3   4  -3   2  -1  -4  -3  -2  -3  -2   2    0   0   0   0   0   0   0   0   0  21  64   0   4   0   0   0   0   0   0  10  0.63 0.15
  412 I    -2  -4  -4  -4  -2  -3  -4  -4  -3   4   2  -3   3   4  -4  -3  -2  -2   0   1    0   0   0   0   0   0   0   0   0  47  15   0  11  22   0   0   0   0   0   4  0.54 0.15
  413 S    -1  -1   1   0  -3   0   4  -2  -1  -1   0   0   0  -3  -2   2   1  -3  -2  -2    1   0   6   0   0   0  36   0   0   4  12   5   2   0   0  28   6   0   0   0  0.30 0.12
  414 A     5  -3   0  -3  -2  -2  -2  -1  -3  -2  -3  -2  -2  -3  -2   1  -1  -4  -3   0   86   0   6   0   0   0   0   0   0   0   0   0   0   0   0   3   0   0   0   4  0.75 0.21
  415 I    -2  -4  -4  -4  -2  -4  -4  -5  -4   6   1  -4   3   3  -4  -3  -2  -3  -1   2    0   0   0   0   0   0   0   0   0  71   0   0   9  16   0   0   0   0   0   4  0.75 0.20
  416 R    -1   4   1  -2  -1   1   0  -2   1  -3  -3   4  -2  -4  -2   0   0  -4  -2  -2    1  26   5   0   1   6   0   0   4   0   0  41   0   0   0   7   6   0   0   1  0.49 0.13
  417 K    -1   0   0  -1  -3   1   1  -2  -1   0   0   4   1  -1  -2   0   0  -3  -2  -1    1   1   3   1   0   4  10   1   0   9  12  41   4   2   1   6   4   0   0   1  0.20 0.08
  418 Y    -2   0  -2  -3  -3  -2  -1  -3   2  -2   0  -1  -1   3  -3  -2  -2   1   7  -2    1   7   0   1   0   0   3   1   3   1   8   4   0  10   1   1   1   0  58   1  0.75 0.16
  419 L    -3  -3  -5  -5  -3  -3  -4  -5  -4   0   5  -4   1   3  -4  -4  -2  -2  -1   0    0   0   0   0   0   0   0   0   0   0  83   0   0  17   0   0   0   0   0   0  0.82 0.19
  420 S     0  -1   2  -1  -2  -1  -1   0  -2  -1  -2   2   1  -3  -2   4   0  -4  -3  -2    6   0  12   0   0   0   0   4   0   6   0  21   6   0   0  46   0   0   0   0  0.33 0.14
  421 F    -2  -3  -4  -4  -3  -3  -4  -4  -3   2   2  -3   1   6  -4  -2   1  -1   1   0    0   0   0   0   0   0   0   0   0  16  17   0   2  51   0   0  12   0   0   3  0.61 0.15
  422 T    -1  -1   3  -1  -2  -1   0  -2  -2  -2  -3   1  -2  -4  -2   1   5  -4  -3  -2    0   0  20   0   0   0   5   0   0   0   0   9   0   0   0  10  57   0   0   0  0.58 0.18
  423 T     0   2   1  -1  -2   2  -1  -2  -2  -2  -2   0  -1  -3   2   1   3  -3  -2   0    4  12   8   0   0  17   0   0   0   0   0   3   0   0   9   5  32   0   0  10  0.29 0.11
  424 K     0   0   5  -1  -3   0  -1  -1  -1  -3  -3   3  -2  -4  -2   1   1  -4  -3  -3    8   0  38   0   0   2   0   2   0   0   0  30   0   0   0  12   9   0   0   0  0.49 0.14
  425 V    -2   1  -3  -4  -2  -3  -3  -4  -3   4   1  -2   2  -1  -1  -3  -1  -3  -2   4    0  11   0   0   0   0   0   0   0  35   7   0   5   0   2   0   0   0   0  40  0.43 0.13
  426 Y    -2  -1   1  -3  -3  -2  -2  -3   2   0  -2   1  -2   2  -3  -1   0   0   7  -2    0   1   7   0   0   0   0   0   6   6   0  11   0   6   0   5   5   0  51   0  0.60 0.16
  427 L    -1  -2  -2  -3   0  -1  -2  -3  -3   3   2  -2   1   0  -3  -1   1  -2  -1   2    0   2   2   0   1   3   0   0   0  31  19   2   4   4   0   0  16   0   0  13  0.20 0.08
  428 D    -2  -2   3   6  -4  -1   1  -1  -2  -4  -3   0  -3  -4  -2  -1  -2  -4  -3  -4    0   0  17  63   0   0   6   3   0   0   2   6   0   0   0   0   0   0   0   0  0.86 0.17
  429 K    -1   1   0  -1  -3   1   0  -1  -2  -3  -3   5  -2  -4  -2   0   1  -4  -3  -3    2   0   2   0   0   5   3   2   0   0   0  69   0   0   0   3  11   0   0   0  0.63 0.17
  430 T    -1  -2   3   2  -2  -1  -1  -2  -2  -2  -2  -2  -2   1  -2   0   5  -3   0  -2    0   0  17  11   0   0   0   0   0   0   0   0   0   7   0   2  57   0   3   0  0.50 0.16
  431 N    -3  -1   7   1  -4  -1  -1  -2  -1  -4  -4   2  -3  -4  -3  -1  -1  -4  -1  -4    0   0  76   4   0   0   0   0   0   0   0  16   0   0   0   0   0   0   2   0  1.04 0.23
  432 C    -2  -2   5  -1   7  -2  -2  -1   2  -3  -3  -2  -3  -2  -2   0  -1  -3   2  -3    0   0  45   0  29   0   0   2   5   0   0   0   0   0   1   5   0   0  12   0  0.77 0.19
  433 S     0  -2  -1  -2  -2  -2  -2  -2  -1  -2  -2  -2   1   4  -3   4  -1  -1   4  -2    7   1   0   0   0   0   0   0   0   0   0   0   6  22   0  46   0   0  17   0  0.45 0.16
  434 K    -1   4  -1  -2  -4   4   0  -3  -1  -4  -3   5  -1  -4  -2  -1  -1  -4  -3  -3    2  24   1   0   0  22   0   0   0   0   0  49   1   0   0   0   2   0   0   0  0.72 0.18
  435 L    -2  -3  -4  -4  -2  -3  -4  -4  -3   2   4  -3   2   4  -4  -3  -2  -2   0   1    0   0   0   0   0   0   0   0   0  11  56   0   7  21   0   0   0   0   0   4  0.54 0.13
  436 K    -1   1   1  -1  -3   0   0  -1  -2  -3  -3   5  -1  -4  -2   1   1  -4  -3  -3    2   3   6   0   0   0   0   4   0   0   0  65   1   0   0  11   8   0   0   0  0.56 0.16
  437 V    -1  -3  -3  -4  -2  -3  -3  -4  -4   3   0  -3   1  -2  -3  -2   2  -4  -2   5    0   0   0   0   0   0   0   0   0  14   0   0   2   0   0   0  20   0   0  64  0.57 0.17
  438 T     0  -1  -1  -2   2  -1  -1  -1  -2  -2  -3   1  -2  -3  -2   4   4  -4  -3  -2    0   2   0   0   5   0   0   1   0   0   0  10   0   0   0  39  44   0   0   0  0.53 0.17
  439 S     0  -2   0  -1  -2  -1  -1   2  -2  -4  -4   0  -3  -4  -2   5   0  -4  -3  -3    0   0   1   0   0   0   0  15   0   0   0   3   0   0   0  80   0   0   0   0  0.78 0.22
  440 V    -1  -1  -3  -3  -2  -2  -2  -4  -3   3   0   2   1  -2  -3  -2  -1  -4  -2   4    2   2   0   0   0   0   0   0   0  20   3  21   2   0   0   0   0   0   0  50  0.37 0.13
  441 R    -2   5   2  -1  -4   0   0  -2  -1  -3  -2   1  -1  -3  -3   1  -1  -4  -3  -3    0  56  15   2   0   0   3   0   0   0   5   2   2   0   0  15   0   0   0   0  0.59 0.16
  442 S     0  -2   1   4  -3  -1   0   2  -2  -4  -4  -1  -3  -3  -2   3   0  -4  -2  -3    7   0   6  29   0   0   0  15   0   0   0   0   0   0   1  41   0   0   2   0  0.48 0.13
  443 V    -2  -4  -4  -4   1  -3  -4  -5  -4   5   1  -2   3  -1  -4  -3  -2  -4  -2   3    0   0   0   0   4   0   0   0   0  69   4   2   8   0   0   0   0   0   0  13  0.66 0.17
  444 E    -1   0   0   0  -2   4   5  -3  -1  -4  -4   2  -2  -4  -2  -1  -2  -3  -1  -3    4   0   3   0   1  23  52   0   0   0   0  14   0   0   0   1   0   0   2   0  0.68 0.16
  445 N    -3   0   7   0  -4  -1  -1  -2   1  -3  -4   1  -1  -4  -3  -1  -1  -5  -3  -4    0   2  82   0   0   0   0   0   2   2   0  10   2   0   0   0   0   0   0   0  1.10 0.24
  446 I    -1  -3  -4  -4  -2  -3  -3  -4  -4   3   2  -3   3  -1  -3  -3   0  -3  -2   4    0   0   0   0   0   0   0   0   0  18  12   0   9   0   0   0   4   0   0  58  0.54 0.14
  447 I    -2  -3  -4  -4  -2  -3  -4  -5  -4   5   2  -2   1  -1  -4  -3  -1  -3  -2   3    0   0   0   0   0   0   0   0   0  65  12   2   2   0   0   0   2   0   0  17  0.62 0.16
  448 K    -2   0   5  -1  -4   0  -1  -2   2  -2  -3   4   0  -4  -2  -1   0  -4  -2  -2    0   1  35   0   0   0   0   0   6   2   0  46   4   0   0   0   3   0   0   1  0.56 0.17
  449 F    -4  -4  -5  -5  -4  -5  -5  -5  -2  -1  -1  -5  -1   8  -5  -4  -4   0   3  -2    0   0   0   0   0   0   0   0   0   0   1   0   0  95   0   0   0   0   4   0  1.61 0.28
  450 L    -2  -3  -4  -4  -2  -3  -4  -4  -3   3   3  -3   4   4  -4  -3  -2  -2   0   0    0   0   0   0   0   0   0   0   0  18  37   0  21  23   0   0   0   0   0   0  0.55 0.14
  451 Q    -1   0   3   2  -3   3   0  -2   3  -4  -4   1  -2  -4  -2   2  -1  -4  -2  -3    2   0  20  14   0  24   0   0   9   0   0  11   0   0   0  21   0   0   0   0  0.44 0.12
  452 N    -2   1   4  -1  -4   0  -1  -2   0  -3  -2   3  -2   3  -3  -1  -2  -2   2  -3    0   3  29   0   0   3   0   1   2   0   0  35   0  21   0   1   0   0   7   0  0.42 0.14
  453 A     4  -2   3  -1  -2  -1  -1  -1  -2  -3  -3  -1  -2  -3  -2   2   1  -3  -1  -2   46   0  22   0   0   0   0   0   0   0   0   0   0   0   0  21   9   0   2   0  0.44 0.14
  454 P    -2  -3   0  -2  -4  -2  -2   2  -3  -4  -4   0  -4  -5   7  -1  -2  -5  -4  -4    0   0   6   0   0   1   0  15   0   0   0   6   0   0  70   2   0   0   0   0  1.52 0.21
  455 V    -1  -3   0  -3  -2  -3  -3  -4  -3   2   2  -3   2   0  -3  -2  -1  -3  -2   4    2   0   6   0   0   0   0   0   0   9  18   0   7   4   0   0   0   0   0  54  0.40 0.12
  456 K    -2   1  -1  -2  -4   2   0  -3   4  -4  -4   6  -2  -4  -2   0  -2  -4  -2  -3    0   0   0   0   0   7   0   0  15   0   0  72   0   0   0   4   0   0   0   0  0.80 0.20
  457 L    -3  -3  -4  -5  -2  -3  -4  -5  -4   1   5  -4   1   0  -4  -4  -2  -3  -2   0    0   0   0   0   0   0   0   0   0   0  97   0   0   1   0   0   0   0   0   0  0.91 0.20
  458 L    -2  -2  -3  -4  -2   0  -3  -4  -3   1   4   0   3   0  -3  -3  -2  -3  -2   1    0   0   0   0   0   5   0   0   0   5  63   7   8   2   0   0   0   0   0  10  0.45 0.13
  459 G    -1  -4  -2  -3  -4  -3  -3   7  -3  -5  -5  -3  -4  -5  -3  -1  -3  -4  -4  -5    0   0   0   0   0   0   0  98   0   0   0   0   0   0   0   2   0   0   0   0  1.56 0.24
  460 N    -3  -2   5  -1  -3  -2  -2  -3   3  -2   0  -2  -2   1  -4  -2  -2  -1   6  -2    0   0  40   0   0   0   0   0   8   0  15   0   0   1   0   0   0   0  36   0  0.65 0.18
  461 K    -2   1  -1  -2  -5   0   0  -3  -2  -4  -4   7  -3  -5  -2  -1  -2  -4  -3  -4    0   0   1   0   0   0   0   0   0   0   0  99   0   0   0   0   0   0   0   0  1.22 0.27
  462 K    -2   3   0  -2  -4   1  -1  -3  -1  -3  -1   5  -2  -2  -2  -1  -2  -3   2  -3    0  21   5   0   0   2   0   0   0   0   6  55   0   0   0   1   0   0  10   0  0.55 0.15
  463 L    -2  -3  -4  -4  -2  -3  -4  -5  -4   3   4  -3   2   0  -4  -3  -1  -3  -1   1    0   0   0   0   0   0   0   0   0  25  65   0   5   0   0   0   2   0   2   0  0.61 0.15
  464 Q    -2   0  -1  -1  -4   7   1  -3  -1  -4  -4   0  -2  -5  -3   0  -2  -4  -3  -4    0   0   0   2   0  88   4   0   0   0   0   0   0   0   0   6   0   0   0   0  1.26 0.28
  465 Y    -3  -3  -4  -5  -4  -3  -4  -5   0  -3  -3  -3  -3   2  -5  -3  -3   1   9  -3    0   0   0   0   0   0   0   0   0   0   0   0   0   1   0   0   0   0  99   0  1.94 0.33
  466 L    -2  -3   0  -3  -2  -3  -3  -4  -3   3   4  -2   2   1  -4  -3  -2  -3  -1   1    0   0   7   0   0   0   0   0   0  25  57   3   2   5   0   0   0   0   0   1  0.44 0.12
  467 L    -2   0  -3  -3  -3   0  -2  -4  -3   0   4   2   1  -1  -3  -2  -2  -3  -1   0    0   2   0   0   0   4   0   0   0   2  66  21   2   0   0   0   0   0   2   0  0.43 0.14
  468 W    -4  -4  -5  -6  -4  -4  -5  -4  -4  -3  -2  -5  -2   5  -5  -4  -4  11   1  -4    0   0   0   0   0   0   0   0   0   0   0   0   0  29   0   0   0  71   0   0  2.51 0.29
  469 L    -1  -1  -4  -4  -2  -3  -3  -4  -3   3   4  -3   2  -1  -3  -3  -1  -3  -2   1    4   3   0   0   0   0   0   0   0  19  65   0   3   0   0   0   2   0   0   3  0.49 0.11
  470 K    -2   1   1  -2  -4   0   0  -3  -2  -4  -3   6  -2   1  -2   0  -2  -4  -2  -3    0   0   7   0   0   0   0   0   0   0   0  81   0   8   0   3   0   0   0   0  0.78 0.19
  471 Q     0   0   1   1  -3   4   4  -1  -1  -3  -3   1  -2  -4  -2   0   1  -3  -3  -3    5   0   7   6   0  25  34   2   0   0   0   6   0   0   0   2  13   0   0   0  0.45 0.10
  472 L    -2  -3  -4  -5  -2  -3  -4  -5  -4   2   5  -3   1   0  -4  -3  -1  -3  -2   0    0   0   0   0   0   0   0   0   0   9  88   0   0   0   0   0   3   0   0   0  0.77 0.16
  473 R    -2   7  -1  -3  -5   0  -1  -3   1  -4  -2   2  -2  -4  -3  -2  -2  -4  -3  -4    0  85   0   0   0   1   0   0   3   0   3   8   0   0   0   0   0   0   0   0  1.13 0.20
  474 K    -1   1   2  -1  -2   1   1  -1  -1  -1  -2   1  -1  -3  -2   1   4  -3  -2  -1    0   6  12   0   0   5   7   2   0   5   1  12   0   0   0  12  39   0   0   0  0.28 0.09
  475 I    -1  -3   0  -3  -2  -2  -3  -2  -3   5   0  -3   3  -1  -3   1  -1  -3  -2   1    0   0   7   0   0   0   0   3   0  60   0   0  12   0   0  15   1   0   0   1  0.38 0.14
  476 S    -1  -2   0  -1  -3  -1   1  -2  -2  -1  -1  -1   1  -3   5   1   1  -4  -3  -1    0   0   3   2   0   0  11   0   0   5   7   1   8   0  33  19  11   0   0   0  0.49 0.09
  477 R    -2   6  -1  -2  -4   0  -1  -3  -1  -2  -3   4  -2  -4  -3  -2  -2  -4  -3  -3    0  63   2   0   0   0   0   0   0   3   0  32   0   0   0   0   0   0   0   0  0.92 0.18
  478 Y    -3  -3  -4  -5  -4  -3  -4  -5   0  -3  -3  -3  -2   2  -5  -3  -3   1   9  -3    0   0   0   0   0   0   0   0   0   0   0   0   0   0   0   0   0   0 100   0  1.90 0.29
  479 S     1  -1   3  -1  -2   0  -1  -1  -1  -3  -3   2  -1  -3  -2   4   1  -3  -2  -2    9   0  15   0   0   2   0   0   0   0   0  16   2   0   0  48   5   0   1   0  0.39 0.11
  480 E    -2   0   4   2  -4   1   4  -2  -1  -4  -4   3  -3  -4  -2   1  -1  -4  -3  -3    0   0  30   6   0   0  34   0   0   0   0  22   0   0   0   7   0   0   0   0  0.56 0.12
  481 K    -1   1   2   1  -3   0   0  -2   1  -3  -2   4  -2  -2  -2  -1  -1  -2   2  -3    3   0  14   8   0   0   0   0   3   1   2  55   0   0   0   0   0   0  11   0  0.40 0.10
  482 I    -2  -3  -4  -4  -2  -3  -4  -4  -3   4   2  -3   2   4  -4  -3  -2  -2   0   1    0   0   0   0   0   0   0   0   0  48  13   0   8  28   0   0   0   0   0   0  0.49 0.10
  483 K    -2   1   5   1  -4   1   0  -2   0  -4  -4   4  -2  -4  -2  -1  -1  -4  -3  -3    0   3  37   6   0   2   0   0   1   0   0  48   0   0   0   0   0   0   0   0  0.60 0.11
  484 I    -2  -4  -4  -4  -2  -3  -4  -5  -4   5   1  -3   3  -1  -4  -3  -1  -3  -2   3    0   0   0   0   0   0   0   0   0  73   3   0  12   0   0   0   1   0   0  10  0.66 0.13
  485 P    -2  -3  -3  -3  -4  -3  -2  -3  -3  -4  -4  -2  -4  -5   9  -2  -2  -5  -4  -4    0   0   0   0   0   0   0   0   0   0   0   0   0   0 100   0   0   0   0   0  2.49 0.22
  486 S     0  -1   3   2  -2   2   0  -1  -1  -3  -3   0  -2  -3   0   3   0  -4  -3  -3    0   0  19   9   0  16   0   0   0   0   2   5   0   0   4  44   0   0   0   0  0.41 0.09
  487 N    -2   0   5  -1  -3   0  -1  -2  -1   1  -2   3  -2  -3  -2  -1  -1  -4  -3  -1    0   0  40   0   0   0   0   0   0  18   0  37   0   0   0   0   2   0   0   3  0.41 0.11
  488 Y    -3  -3  -3  -4  -4  -3  -3  -4   1  -3  -2  -3  -2   2  -4  -3  -3   1   9  -2    0   0   0   0   0   0   0   0   0   0   0   0   0   0   0   0   0   0 100   0  1.69 0.21

                      K         Lambda
Standard Ungapped    0.1409     0.3240
Standard Gapped      0.0472     0.2670
PSI Ungapped         0.1543     0.3175
PSI Gapped           0.0472     0.2670
