
Last position-specific scoring matrix computed, weighted observed percentages rounded down, information per position, and relative weight of gapless real matches to pseudocounts
            A   R   N   D   C   Q   E   G   H   I   L   K   M   F   P   S   T   W   Y   V   A   R   N   D   C   Q   E   G   H   I   L   K   M   F   P   S   T   W   Y   V
    1 M    -1  -2  -3  -3  -2  -1  -2  -3  -2   1   2  -2   7   0  -3  -2  -1  -2  -1   1    0   0   0   0   0   0   0   0   0   0   7   0  93   0   0   0   0   0   0   0  0.47 0.03
    2 T     1   2   0   0  -1   0   0  -1  -1  -2  -2   0  -1  -3  -1   1   4  -3  -2  -1   15  19   0   5   0   0   4   0   0   0   0   0   0   0   0   3  54   0   0   0  0.28 0.01
    3 E    -1  -3  -3  -4  -3  -1  -1  -4  -3   0   1  -2   9  -1  -4  -2  -1  -3  -2   0    3   0   0   0   0   0   4   0   0   0   1   0  90   0   0   0   1   0   0   1  1.12 0.18
    4 L    -3  -4  -4  -5  -3  -4  -4  -4  -2  -1   0  -4  -1   8  -5  -3  -3   0   2  -2    0   0   0   0   0   0   0   0   0   1   6   0   0  93   0   0   0   0   0   0  1.33 0.16
    5 K     0   0   2  -1  -2   2   0  -1  -1  -3  -3   2  -2  -3  -2   3   2  -3  -2  -2    5   1  10   0   0  10   4   0   0   0   0  18   0   0   0  36  16   0   0   0  0.34 0.06
    6 S    -1  -1   4   0  -2   0  -1   0  -1  -3  -3   0  -2  -3  -2   3   3  -4  -3  -2    0   0  36   3   0   1   0   7   0   0   0   4   0   0   0  28  22   0   0   0  0.46 0.08
    7 K     4  -1  -2  -2  -2  -1  -1  -1  -2  -2  -3   0  -2  -3   4   1  -1  -4  -3  -1   60   1   0   0   0   0   0   0   0   0   0   6   0   0  26   4   0   0   0   1  0.66 0.10
    8 E     0  -1   0   5  -4   1   4  -2  -1  -4  -4   0  -3  -4  -2   0  -1  -4  -3  -3    7   0   1  43   0   4  40   0   0   0   0   0   0   0   0   5   0   0   0   0  0.72 0.09
    9 D    -2  -1  -1   3  -5   1   6  -3  -1  -4  -4   0  -3  -4  -2  -1  -2  -4  -3  -4    1   0   0  19   0   0  80   0   0   0   0   0   0   0   0   0   0   0   0   0  1.03 0.13
   10 A     2  -3  -3  -3   0  -2  -3  -2  -3   1   2  -2   0  -1  -3  -1  -1  -3  -2   3   30   0   0   0   1   0   0   0   0   0  24   0   0   0   0   0   0   0   0  44  0.32 0.08
   11 E    -2  -2  -3  -3  -2  -2  -1  -4  -3   3   4  -2   2   0  -3  -2  -1  -3  -2   1    0   1   0   0   0   1   7   0   0  23  58   0   4   0   0   1   1   0   0   4  0.39 0.07
   12 A     3   2  -1  -1  -2   0   0  -1  -2  -3  -3   2  -2  -3  -2   1   0  -3  -2  -2   53  10   1   3   0   0   4   1   0   0   0  24   0   0   0   3   2   0   0   0  0.36 0.08
   13 L    -3  -3  -4  -4  -3  -3  -4  -4   0  -1   0  -3  -1   6  -4  -3  -3   1   6  -2    0   0   0   0   0   0   0   0   0   0   7   0   0  46   0   0   0   0  48   0  1.08 0.13
   14 I    -1  -3  -3  -3  -2  -3  -3  -4  -4   5   1  -3   1  -1  -3  -2   1  -3  -2   3    1   0   0   0   0   0   0   0   0  60   7   0   1   0   0   0  15   0   0  16  0.47 0.08
   15 N    -1   3   1  -1  -4   1   1  -2  -1  -3  -3   5  -2  -4  -2   0  -1  -4  -2  -3    3  17   7   1   0   4   5   0   0   0   0  58   0   0   0   2   2   0   0   0  0.56 0.09
   16 K    -1  -1   2   5  -4   1   3  -2  -1  -4  -4   0  -3  -4  -2   0  -1  -4  -3  -3    4   0   9  50   0   5  20   0   0   0   0   5   0   0   0   4   3   0   0   0  0.65 0.08
   17 E    -2  -1   1   1  -4   3   6  -3   0  -4  -4   0  -3  -4  -2  -1  -2  -4  -3  -3    0   0   7   1   0  11  80   0   0   0   0   0   0   0   0   0   0   0   0   0  0.94 0.13
   18 G    -1  -2   1   4  -4  -1   0   4  -2  -4  -4  -1  -3  -4  -2  -1  -2  -4  -4  -4    2   0   7  39   0   2   2  48   0   0   0   1   0   0   0   0   0   0   0   0  0.76 0.09
   19 I    -1  -4  -4  -4  -2  -3  -3  -4  -4   3   0  -3   0  -2  -3  -3  -1  -4  -2   6    0   0   0   0   0   0   0   0   0   9   0   0   0   0   0   0   0   0   0  91  0.77 0.13
   20 E    -1   1  -1   0  -4   2   4  -3  -1  -4  -3   4  -2  -4  -2  -1  -1  -4  -3  -3    2   5   0   0   0   7  47   0   0   0   0  39   0   0   0   0   0   0   0   1  0.65 0.09
   21 Y    -3  -3  -4  -4  -3  -3  -4  -4  -1  -1   0  -4   1   7  -4  -3  -1   0   4  -1    0   0   0   0   0   0   0   0   1   2   1   0   3  76   0   0   5   0  11   1  1.00 0.12
   22 V    -1  -3  -4  -4  -2  -3  -4  -4  -4   4   1  -3   0  -1  -3  -3  -1  -4  -2   5    0   0   0   0   0   0   0   0   0  31   1   0   0   0   0   0   0   0   0  68  0.65 0.10
   23 S    -2  -3   0   7  -4  -1   1  -2  -2  -4  -5  -2  -4  -5  -2   0  -2  -5  -4  -4    0   0   0  93   0   0   0   0   0   0   0   0   0   0   0   7   0   0   0   0  1.35 0.15
   24 V    -1  -3  -4  -4  -1  -3  -3  -4  -4   4   0  -3   0  -1  -3  -3  -1  -4  -2   5    2   0   0   0   0   0   0   0   0  32   0   0   0   0   0   0   0   0   0  65  0.63 0.10
   25 R    -2   7  -1  -3  -5   0  -1  -3  -1  -4  -3   1  -2  -4  -3  -2  -2  -4  -3  -4    0 100   0   0   0   0   0   0   0   0   0   0   0   0   0   0   0   0   0   0  1.37 0.16
   26 F    -3  -4  -4  -5  -4  -4  -4  -4  -2  -1  -1  -4  -1   8  -5  -4  -3   0   2  -2    0   0   0   0   0   0   0   0   0   0   0   0   0 100   0   0   0   0   0   0  1.51 0.17
   27 T    -1  -4  -3  -4  10  -4  -4  -4  -4   0  -2  -4  -1  -3  -4  -2   1  -3  -3  -1    0   0   0   0  80   0   0   0   0   7   0   0   1   0   0   0  11   0   0   1  1.59 0.16
   28 D    -3  -3   0   7  -5  -1   1  -2  -2  -4  -5  -2  -4  -5  -3  -1  -2  -5  -4  -4    0   0   0 100   0   0   0   0   0   0   0   0   0   0   0   0   0   0   0   0  1.52 0.16
   29 L    -2  -3  -4  -5  -2  -3  -4  -5  -4   1   5  -3   1   0  -4  -3  -2  -3  -2   0    0   0   0   0   0   0   0   0   0   0  99   0   0   0   0   0   0   0   0   1  0.85 0.12
   30 I    -2  -3  -3  -3  -4  -2  -2  -3  -3   0  -3  -2  -3  -4   8  -2  -2  -5  -4  -2    0   0   0   0   0   0   0   0   0   7   0   0   0   0  92   0   0   0   0   0  2.15 0.16
   31 G    -1  -3  -1  -2  -4  -3  -3   7  -3  -5  -5  -3  -4  -4  -3  -1  -3  -4  -4  -4    0   0   0   0   0   0   0 100   0   0   0   0   0   0   0   0   0   0   0   0  1.50 0.14
   32 V    -1  -3  -3  -4  -2  -1  -3  -4  -4   3   0  -3   0  -2  -3  -2   0  -4  -2   5    1   0   0   0   0   4   0   0   0  15   0   0   0   0   0   1   2   0   0  77  0.57 0.10
   33 Q    -2  -2  -3  -4  -3   2  -2  -4  -2   0   1  -2   8  -1  -3  -2  -1  -1  -2   0    0   0   0   0   0  12   0   0   0   0   0   0  85   0   0   0   1   0   0   1  1.05 0.18
   34 Q    -2   0  -1  -1  -4   7   1  -3   1  -4  -3   0  -2  -4  -2  -1  -2  -3  -3  -3    0   0   0   0   0  98   0   0   2   0   0   0   0   0   0   0   0   0   0   0  1.34 0.18
   35 H    -3  -1  -1  -2  -4  -1  -1  -3  10  -5  -4  -2  -3  -3  -4  -2  -3  -4   1  -5    0   0   0   0   0   0   0   0 100   0   0   0   0   0   0   0   0   0   0   0  1.94 0.20
   36 F    -3  -4  -4  -5  -3  -4  -4  -4  -2  -1   0  -4  -1   8  -5  -4  -3   0   2  -2    0   0   0   0   0   0   0   0   0   0   2   0   0  97   0   0   0   0   0   1  1.42 0.16
   37 T    -2  -1   6   0  -3  -1  -1  -2  -1  -3  -4  -1  -3  -4  -3   0   3  -4  -3  -3    0   0  71   0   0   0   0   0   0   0   0   0   0   0   0   2  27   0   0   0  0.90 0.13
   38 V    -1  -3  -4  -4  -2  -3  -3  -4  -4   3   1  -3   1  -1  -3  -3  -1  -3  -2   5    0   0   0   0   0   0   0   0   0  24   2   0   3   1   0   0   0   0   0  70  0.60 0.10
   39 P    -2  -3  -3  -3  -4  -2  -2  -3  -3  -4  -4  -2  -4  -5   8  -2  -2  -5  -4  -4    0   0   0   0   0   0   0   0   0   0   0   0   0   0 100   0   0   0   0   0  2.47 0.18
   40 A     4  -2  -3  -3  -1  -2  -2  -1  -3   0  -1  -2  -1  -2  -2   0   0  -3  -2   2   71   0   0   0   0   0   0   0   0   4   0   0   0   0   0   1   3   0   0  21  0.48 0.10
   41 S     1   0   0   0  -2   2   3   0   0  -3  -3   1  -2  -3  -2   2   0  -3  -2  -2   15   1   1   3   0   9  27   6   2   1   0   7   0   0   0  24   2   0   1   1  0.29 0.05
   42 E     1  -1   0  -1  -2   1   1  -1  -1  -2  -2  -1  -1  -2  -2   3   3  -3  -2  -1   15   0   2   0   0   8   7   1   0   1   0   0   0   1   0  39  25   0   0   1  0.33 0.07
   43 F    -2  -4  -4  -4  -3  -4  -4  -4  -2   0   1  -4   0   7  -4  -3  -2   0   2   2    1   0   0   0   0   0   0   0   0   2   8   0   0  69   0   0   0   0   0  19  0.82 0.11
   44 L    -1  -2   1   5  -3  -1   1   1  -2  -3  -2  -1  -2  -3  -1   0   1  -4  -3  -3    2   0   6  52   0   0   3  11   0   0   6   2   0   0   1   4  12   0   0   0  0.49 0.07
   45 K     1  -1  -1   2  -3   1   4  -1  -1  -2  -2   1  -2  -3   1   0  -1  -3  -3  -2   17   0   1  11   0   4  43   1   0   1   2   7   1   0   7   1   1   0   0   1  0.38 0.06
   46 D     0  -2   1   5  -3   0   2  -2  -2  -4  -4  -1  -3  -4  -2   1   0  -4  -3  -3    7   0   2  59   0   0  15   1   0   0   0   1   0   0   0  12   3   0   0   0  0.71 0.09
   47 A     3  -3  -2  -3  -2  -2  -2  -2  -2   0   0  -2   0   3  -2   0  -1  -2   0   2   37   0   1   1   0   0   0   0   0   3   3   0   1  26   0   4   2   0   0  24  0.25 0.06
   48 F    -3  -4  -4  -4  -3  -4  -4  -4  -2   1   1  -4   0   7  -4  -3  -3   0   2  -1    0   0   0   0   0   0   0   0   0   7   6   0   1  84   0   0   0   0   1   1  1.11 0.13
   49 T     1  -1   0   1  -2   0   2  -2  -1  -2  -2   0  -2  -3  -2   1   4  -3  -2  -1   10   1   1   6   0   1  20   0   1   0   1   2   0   0   0   6  49   0   0   2  0.37 0.08
   50 D    -1  -1   2   4  -4   0   4  -2  -1  -3  -3   0  -3  -4  -2   0   1  -4  -3  -2    1   0   8  37   0   1  37   1   0   0   0   0   0   0   0   0  11   0   0   4  0.59 0.08
   51 G    -1  -3  -1  -2  -4  -3  -3   7  -3  -5  -5  -2  -4  -4  -3  -1  -2  -4  -4  -4    0   0   0   0   0   0   0  99   0   0   0   0   0   0   0   0   1   0   0   0  1.48 0.14
   52 M    -1  -1  -2  -3  -2   4  -1  -3  -2   0   3  -1   3  -1  -3  -2  -1  -2  -2   0    6   0   0   0   0  36   0   0   0   0  43   0  12   0   0   0   0   0   0   3  0.37 0.09
   53 P     2  -2  -2  -3  -2  -1  -3  -2  -3   0   1  -2   7  -1   1  -1  -1  -3  -2   0   22   0   1   0   0   0   0   0   0   0   5   0  64   0   6   2   0   0   0   0  0.61 0.13
   54 F    -3  -4  -4  -5  -4  -4  -4  -4  -2  -1  -1  -4  -1   8  -5  -4  -3   0   2  -2    0   0   0   0   0   0   0   0   0   0   0   0   0 100   0   0   0   0   0   0  1.51 0.17
   55 D    -3  -3   0   7  -5  -1   1  -2  -2  -4  -5  -2  -4  -5  -3  -1  -2  -5  -4  -4    0   0   0 100   0   0   0   0   0   0   0   0   0   0   0   0   0   0   0   0  1.52 0.16
   56 G    -1  -3  -1  -2  -4  -3  -3   7  -3  -5  -5  -2  -4  -4  -3  -1  -3  -4  -4  -4    0   0   0   0   0   0   0 100   0   0   0   0   0   0   0   0   0   0   0   0  1.49 0.14
   57 S     0  -2   0  -1  -2  -1  -1  -1  -2  -3  -4  -1  -3  -3  -2   6   1  -4  -3  -3    0   0   0   0   0   0   0   0   0   0   0   0   0   0   0 100   0   0   0   0  0.94 0.16
   58 S     0  -2   0  -1  -2  -1  -1  -1  -2  -3  -4  -1  -3  -3  -2   6   1  -4  -3  -3    1   0   0   0   0   0   0   0   0   0   0   0   0   0   0  99   0   0   0   0  0.93 0.15
   59 V    -2  -4  -4  -4  -2  -4  -4  -5  -4   6   1  -4   1  -1  -4  -3  -2  -4  -2   2    0   0   0   0   0   0   0   0   0  92   0   0   0   0   0   0   0   0   0   8  0.86 0.13
   60 Q    -2   7  -1  -2  -4   1   0  -3  -1  -4  -3   1  -2  -4  -3  -2  -1  -4  -3  -3    0  91   0   0   0   2   3   0   0   0   0   1   0   0   0   0   2   0   0   0  1.17 0.14
   61 G    -1  -3  -1  -2  -4  -3  -3   7  -3  -5  -5  -3  -4  -4  -3  -1  -3  -4  -4  -4    0   0   0   0   0   0   0 100   0   0   0   0   0   0   0   0   0   0   0   0  1.50 0.14
   62 F    -3  -4  -4  -5  -4  -4  -4  -4  -2  -1  -1  -4  -1   8  -5  -4  -3   0   2  -2    0   0   0   0   0   0   0   0   0   0   0   0   0 100   0   0   0   0   0   0  1.51 0.17
   63 Q    -1   0  -1  -1  -4   7   1  -3  -1  -4  -3   1  -2  -4  -2  -1  -1  -3  -3  -3    2   0   0   0   0  93   0   0   0   0   0   3   0   0   0   0   2   0   0   0  1.20 0.17
   64 A     5  -1  -2  -2  -1   0  -1  -1  -2  -2  -2   1  -2  -3  -2   1  -1  -3  -3  -1   82   0   0   0   0   3   1   0   0   0   0   9   0   0   0   5   0   0   0   0  0.59 0.11
   65 I    -2  -4  -4  -4  -2  -4  -4  -5  -4   6   1  -4   0  -1  -4  -3  -2  -4  -2   2    0   0   0   0   0   0   0   0   0 100   0   0   0   0   0   0   0   0   0   0  0.97 0.15
   66 N    -3  -1   3  -1  -4  -1  -1  -3   9  -5  -4  -2  -3  -3  -3  -2  -3  -4   0  -4    0   0  15   1   0   0   0   0  85   0   0   0   0   0   0   0   0   0   0   0  1.54 0.17
   67 E    -2  -1  -1   1  -5   1   6  -3  -1  -4  -4   0  -3  -4  -2  -1  -2  -4  -3  -4    0   0   0   0   0   1  97   0   0   0   0   2   0   0   0   0   0   0   0   0  1.21 0.15
   68 S     0  -2   0  -1  -2  -1  -1  -1  -2  -3  -4  -1  -3  -3  -2   6   1  -4  -3  -3    0   0   0   0   0   0   0   0   0   0   0   0   0   0   0 100   0   0   0   0  0.94 0.16
   69 D    -3  -3   0   7  -5  -1   1  -2  -2  -4  -5  -2  -4  -5  -3  -1  -2  -5  -4  -4    0   0   0 100   0   0   0   0   0   0   0   0   0   0   0   0   0   0   0   0  1.52 0.16
   70 M    -2  -3  -4  -4  -3  -2  -3  -4  -3   0   1  -3   9  -1  -4  -3  -2  -3  -2   0    0   0   0   0   0   0   0   0   0   0   1   0  99   0   0   0   0   0   0   0  1.39 0.20
   71 K     0   1  -1  -2  -3   1   0  -2  -2  -3  -1   6  -1  -3  -2   0  -1  -4  -3  -3    8   0   1   0   0   1   0   0   0   0   5  80   1   0   0   2   1   0   0   0  0.64 0.11
   72 L    -2  -3  -4  -5  -2  -3  -4  -5  -4   1   5  -3   2   0  -4  -3  -2  -3  -2   0    0   0   0   0   0   0   0   0   0   0  99   0   1   0   0   0   0   0   0   0  0.85 0.12
   73 V    -2  -3  -4  -4  -2  -3  -3  -4  -4   4   2  -3   2   0  -3  -3  -1  -3  -2   3    0   1   0   0   0   0   0   0   0  40  25   0   5   2   0   0   0   0   0  27  0.44 0.07
   74 P     0  -3  -3  -3  -4  -2  -2  -3  -3  -4  -4  -2  -4  -5   8  -2  -2  -5  -4  -3    6   0   0   0   0   0   0   0   0   0   0   0   0   0  94   0   0   0   0   0  2.25 0.17
   75 D    -3  -3   0   7  -5  -1   1  -2  -2  -4  -5  -2  -4  -5  -3  -1  -2  -5  -4  -4    0   0   0 100   0   0   0   0   0   0   0   0   0   0   0   0   0   0   0   0  1.50 0.16
   76 V    -1  -3  -3  -3  -2  -3  -3  -3  -3   1   1  -2   0  -2   5  -2  -1  -4  -2   3    2   0   0   0   0   0   0   0   0   6  10   0   0   0  37   0   0   0   0  45  0.70 0.09
   77 E     2   0  -1   0  -2   1   0  -1  -1  -2  -2   1  -2  -3  -2   2   3  -3  -2  -1   19   2   0   4   0   5   6   3   0   0   0   8   0   0   0  12  41   0   0   0  0.30 0.06
   78 T    -1  -2  -1  -2  -2  -1  -2  -2  -2  -2  -2  -1  -2  -3  -2   2   6  -4  -3  -1    0   0   0   0   0   0   0   0   0   0   0   0   0   0   0  18  82   0   0   0  0.83 0.14
   79 S     6  -2  -2  -3  -1  -2  -2  -1  -3  -2  -2  -2  -2  -3  -2   1  -1  -4  -3  -1   98   0   0   0   0   0   0   0   0   0   0   0   0   0   0   2   0   0   0   0  0.83 0.14
   80 F    -3  -2  -3  -4  -3  -3  -3  -4   0  -1  -1  -3  -1   6  -4  -3  -3   1   7  -1    0   2   0   0   0   0   0   0   0   0   0   0   0  45   0   0   0   0  51   2  1.10 0.13
   81 V    -1  -3  -4  -4  -2  -3  -4  -4  -4   4   3  -3   1  -1  -3  -3  -1  -3  -2   3    0   0   0   0   0   0   0   0   0  39  28   0   1   0   0   0   0   0   0  32  0.50 0.07
   82 D    -3  -3   0   7  -5  -1   1  -2  -2  -4  -5  -2  -4  -5  -3  -1  -2  -5  -4  -4    0   0   0 100   0   0   0   0   0   0   0   0   0   0   0   0   0   0   0   0  1.52 0.16
   83 P    -2  -3  -3  -3  -4  -2  -2  -3  -3  -4  -4  -2  -4  -5   8  -2  -2  -5  -4  -3    0   0   0   0   0   0   0   0   0   0   0   0   0   0  99   0   0   0   0   0  2.44 0.18
   84 F    -3  -4  -4  -5  -4  -4  -4  -4  -2  -1  -1  -4  -1   8  -5  -3  -3   0   3  -2    0   0   0   0   0   0   0   0   0   0   0   0   0  95   0   0   0   0   5   0  1.42 0.16
   85 R    -2   7  -1  -3  -5   0  -1  -3  -1  -4  -3   1  -2  -4  -3  -2  -2  -4  -3  -4    0 100   0   0   0   0   0   0   0   0   0   0   0   0   0   0   0   0   0   0  1.37 0.16
   86 K     1   1  -1   0  -2   1   1  -2  -1  -1  -2   3  -1  -3   0   0   0  -3  -2   0   17   5   0   3   0   2  11   0   0   3   0  36   0   0   3   3   7   0   0  10  0.21 0.05
   87 H     2   1   0   0  -3   2   3  -2   4  -3  -3   0  -2  -3  -2   0  -1  -3  -1  -2   23  10   2   2   0  10  32   0  14   0   0   0   0   0   0   4   0   0   1   1  0.36 0.06
   88 K    -2   1  -1  -2  -4   0   0  -3  -2  -4  -4   6  -2  -4  -2  -1  -2  -4  -3  -3    0   0   0   0   0   0   0   0   0   0   0  99   0   0   0   1   0   0   0   0  1.06 0.15
   89 T    -1  -2  -1  -2  -2  -2  -2  -3  -3  -2  -2  -2  -2  -3  -2   0   7  -4  -3  -1    0   0   0   0   0   0   0   0   0   0   0   0   0   0   0   0 100   0   0   0  1.07 0.16
   90 L    -2  -3  -4  -5  -2  -3  -4  -5  -4   1   5  -3   1   0  -4  -3  -2  -3  -2   0    0   0   0   0   0   0   0   0   0   2  98   0   0   0   0   0   0   0   0   1  0.83 0.12
   91 D     1  -3   2  -1   0  -2  -2  -2  -2   3   0  -2   0  -2  -3  -1  -1  -4  -2   3   14   0  17   3   2   0   0   0   0  25   0   0   0   0   0   0   0   0   0  39  0.24 0.07
   92 V    -1  -3  -4  -4  -2  -2  -3  -4  -3   3   2  -3   4  -1  -3  -3  -1  -3  -2   3    0   0   0   0   0   0   0   0   0  23  20   0  27   0   0   0   0   0   0  31  0.47 0.08
   93 A    -1  -1   7   0  -3  -1  -1  -1   0  -4  -4  -1  -3  -4  -3   0  -1  -4  -1  -4    7   0  86   1   0   0   1   0   0   0   0   0   0   0   0   3   1   0   2   0  1.05 0.14
   94 F    -3  -4  -4  -4  -1  -4  -4  -4   1  -1   0  -4   1   8  -5  -3  -3   0   2  -2    0   0   0   0   1   0   0   0   4   0   0   0   5  90   0   0   0   0   0   0  1.23 0.15
   95 S     0  -2   0  -2  -2  -1  -1  -1   0  -3  -2  -1  -2   3  -2   5   0  -2   0  -2    4   0   1   0   0   0   0   1   2   0   0   0   0  20   0  72   0   0   1   0  0.53 0.11
   96 I    -2  -4  -4  -4  -2  -4  -4  -5  -4   6   1  -4   0  -1  -4  -3  -1  -4  -2   3    0   0   0   0   0   0   0   0   0  84   0   0   0   0   0   0   0   0   0  16  0.79 0.12
   97 V    -1   0  -2  -3  -2  -2  -2  -4   4   1   0  -2   0  -2  -3  -2  -1  -4  -1   5    1   6   0   0   0   0   0   0  20   1   3   0   0   0   0   0   1   0   0  70  0.48 0.11
   98 D    -3  -3   1   7  -5  -1   1  -2  -2  -4  -5  -2  -4  -5  -3  -1  -2  -5  -4  -4    0   0   1  97   0   0   2   0   0   0   0   0   0   0   0   0   0   0   0   0  1.45 0.15
   99 P    -2  -3  -3  -3  -4  -2  -2  -3  -3  -4  -4  -2  -4  -5   8  -2  -2  -5  -4  -4    0   0   0   0   0   0   0   0   0   0   0   0   0   0 100   0   0   0   0   0  2.49 0.18
  100 L    -3  -2  -4  -4  -3  -3  -4  -4  -2   0   2  -3   0   6  -4  -3  -3   0   3  -1    0   2   0   0   0   0   0   0   0   3  19   0   0  66   0   0   0   0   8   1  0.83 0.11
  101 T    -1  -2  -1  -2  -2  -2  -2  -3  -3  -2  -2  -2  -2  -3  -2   1   6  -4  -3  -1    0   0   0   0   0   0   0   0   0   0   0   0   0   0   0   1  99   0   0   0  1.06 0.16
  102 D    -1   0   2   5  -4  -1   0   3  -1  -4  -4   1  -3  -4  -2  -1  -2  -4  -3  -4    1   4   7  53   0   0   1  24   1   0   0   8   0   0   0   0   0   0   0   0  0.65 0.08
  103 E    -2  -1  -1   1  -5   1   6  -3  -1  -4  -4   0  -3  -4  -2  -1  -2  -4  -3  -4    0   0   0   1   0   0  98   0   0   0   0   0   0   0   0   0   0   0   0   0  1.23 0.16
  104 P     1  -2  -3  -2  -3  -1  -1  -2  -3  -2  -3  -1  -3  -3   7  -1  -1  -4  -3  -2   17   1   0   0   0   2   2   0   0   1   1   0   0   1  68   2   3   0   0   2  1.37 0.12
  105 Y    -3  -3  -3  -4  -4  -3  -3  -4   1  -3  -2  -3  -2   2  -4  -3  -3   1   9  -2    0   0   0   0   0   0   0   0   0   0   0   0   0   1   0   0   0   0  99   0  1.71 0.19
  106 S     1  -1   0  -1  -2  -1   0  -1  -2  -3  -3  -1  -2  -3  -1   5   1  -4  -3  -3    4   1   0   1   0   0   4   2   0   0   0   0   0   0   0  87   1   0   0   0  0.73 0.13
  107 R    -2   7  -1  -3  -5   0  -1  -3  -1  -4  -3   1  -2  -4  -3  -2  -2  -4  -3  -4    0 100   0   0   0   0   0   0   0   0   0   0   0   0   0   0   0   0   0   0  1.37 0.16
  108 D    -3  -3   0   7  -5  -1   1  -2  -2  -4  -5  -2  -4  -5  -3  -1  -2  -5  -4  -4    0   0   0 100   0   0   0   0   0   0   0   0   0   0   0   0   0   0   0   0  1.51 0.16
  109 P    -2  -3  -3  -3  -4  -2  -2  -3  -3  -4  -4  -2  -4  -5   8  -2  -2  -5  -4  -4    0   0   0   0   0   0   0   0   0   0   0   0   0   0 100   0   0   0   0   0  2.49 0.18
  110 R    -2   7  -1  -3  -5   0  -1  -3  -1  -4  -3   1  -2  -4  -3  -2  -2  -4  -3  -4    0 100   0   0   0   0   0   0   0   0   0   0   0   0   0   0   0   0   0   0  1.37 0.16
  111 Q    -2  -1   6   0  -4   3   0  -1   0  -4  -4  -1  -2  -4  -3   0   0  -4  -3  -3    0   0  67   0   0  25   0   2   0   0   0   0   0   0   0   0   6   0   0   0  0.86 0.13
  112 V    -1  -4  -4  -4  -2  -3  -4  -4  -4   5   1  -3   0  -1  -3  -3  -1  -4  -2   4    0   0   0   0   0   0   0   0   0  56   0   0   0   0   0   0   0   0   0  44  0.67 0.10
  113 A     6  -2  -3  -3  -1  -2  -2  -1  -3  -2  -2  -2  -2  -3  -2   0  -1  -4  -3  -1   99   0   0   0   0   0   0   0   0   0   0   0   0   0   0   0   0   0   0   1  0.85 0.14
  114 G     4   2  -2  -2  -2   0  -1  -1  -2  -2  -2   1   0  -2  -2   1   0  -3  -2  -1   58  18   0   0   0   3   0   2   0   1   1   7   2   1   0   3   4   0   0   1  0.34 0.08
  115 K    -2   2  -1  -2  -4   0   0  -3  -2  -4  -4   6  -2  -4  -2  -1  -2  -4  -3  -3    0   5   0   0   0   0   0   0   0   0   0  95   0   0   0   0   0   0   0   0  1.01 0.15
  116 A     6  -2  -2  -3  -1  -2  -2  -1  -3  -2  -2  -2  -2  -3  -2   0  -1  -4  -3  -1   99   0   0   0   0   0   0   0   0   0   0   0   0   0   0   1   0   0   0   0  0.85 0.14
  117 E    -2  -1  -1   1  -5   2   6  -3  -1  -4  -4   0  -3  -4  -2  -1  -2  -4  -3  -3    0   0   0   0   0   6  93   0   0   0   0   0   0   0   0   0   0   0   0   1  1.14 0.15
  118 A     4  -1   0  -1  -2   0   2  -1  -2  -2  -2  -1  -2  -3  -2   1   0  -3  -3  -1   71   1   4   2   0   2  15   0   0   0   0   1   0   0   0   2   3   0   0   0  0.47 0.09
  119 Y    -3  -3  -3  -4  -4  -2  -3  -4   2  -3  -2  -3  -2   2  -4  -3  -3   1   8  -2    0   0   0   0   0   0   0   0   4   0   0   0   0   2   0   0   0   0  94   0  1.60 0.18
  120 L    -2  -3  -4  -5  -2  -3  -4  -5  -4   1   5  -3   2   0  -4  -3  -2  -3  -2   0    0   0   0   0   0   0   0   0   0   0  98   0   1   0   0   0   0   0   0   0  0.84 0.12
  121 K     2   3  -1  -2  -3   1   0  -2  -1  -3  -3   4  -2  -3  -2   0   0  -3  -2  -2   28  20   0   0   0   4   0   0   0   0   0  43   0   0   0   1   3   0   0   0  0.43 0.08
  122 S     1  -2   0  -1  -2  -1  -1   0  -2  -3  -3  -1  -2  -3  -2   5   1  -4  -3  -2    6   0   0   0   0   0   0   4   0   0   0   0   0   0   0  85   3   0   0   0  0.72 0.13
  123 T    -1  -2  -1  -2  -2  -2  -2  -2  -3  -2  -2  -2  -2  -3  -2   2   6  -4  -3  -1    0   0   0   0   0   0   0   0   0   0   0   0   0   0   0  12  88   0   0   0  0.89 0.14
  124 G    -1  -3  -1  -2  -4  -3  -3   7  -3  -5  -5  -2  -4  -4  -3  -1  -3  -4  -4  -4    0   0   1   0   0   0   0  99   0   0   0   0   0   0   0   0   0   0   0   0  1.47 0.14
  125 I    -2  -4  -4  -4  -2  -4  -4  -5  -4   6   1  -4   0  -1  -4  -3  -2  -4  -2   2    0   0   0   0   0   0   0   0   0  95   2   0   0   0   0   0   0   0   0   3  0.89 0.14
  126 A     5  -2  -2  -3  -1  -2  -2   2  -3  -2  -3  -2  -2  -3  -2   0  -1  -3  -3  -1   86   0   0   0   0   0   0  14   0   0   0   0   0   0   0   0   0   0   0   0  0.71 0.12
  127 D    -3  -3   0   7  -5  -1   1  -2  -2  -4  -5  -2  -4  -5  -3  -1  -2  -5  -4  -4    0   0   0 100   0   0   0   0   0   0   0   0   0   0   0   0   0   0   0   0  1.50 0.16
  128 T    -1  -2  -1  -2  -2  -1  -2  -3  -3  -2  -2  -1  -2  -3  -2   1   6  -4  -3  -1    1   0   0   0   0   0   0   0   0   0   0   1   0   0   0   0  97   0   0   1  1.00 0.16
  129 A     5  -2  -3  -3   0  -2  -2  -1  -3  -1  -2  -2  -1  -3  -2   0  -1  -3  -2   2   78   0   0   0   1   0   0   0   0   0   0   0   0   0   0   1   0   0   0  20  0.56 0.11
  130 S    -3  -3  -2  -4  -2  -3  -3  -4   0  -1  -1  -3  -1   6  -4  -1  -2   1   6  -2    0   0   1   0   0   0   0   0   0   1   1   0   0  51   0   6   0   0  40   0  0.98 0.12
  131 F    -3  -4  -4  -5  -3  -4  -4  -4  -2   0   0  -4   0   8  -5  -3  -3   0   2  -1    0   0   0   0   0   0   0   0   0   3   0   0   2  94   0   0   0   0   0   1  1.34 0.15
  132 A     3  -3  -2  -2  -2  -2  -2   5  -3  -3  -3  -2  -3  -4  -2   0  -2  -3  -3  -2   42   0   0   0   0   0   0  58   0   0   0   0   0   0   0   0   0   0   0   0  0.81 0.10
  133 P     3  -3  -3  -2  -3  -2  -2  -2  -3  -3  -3  -2  -3  -4   7   0  -1  -4  -3  -2   38   0   0   0   0   0   0   0   0   0   0   0   0   0  61   1   0   0   0   0  1.33 0.12
  134 E    -2  -1  -1   1  -5   1   7  -3  -1  -4  -4   0  -3  -4  -2  -1  -2  -4  -3  -4    0   0   0   0   0   0 100   0   0   0   0   0   0   0   0   0   0   0   0   0  1.26 0.16
  135 A     6  -2  -3  -3  -1  -2  -2  -1  -3  -2  -2  -2  -2  -3  -2   0  -1  -4  -3  -1  100   0   0   0   0   0   0   0   0   0   0   0   0   0   0   0   0   0   0   0  0.86 0.14
  136 E    -2  -1  -1   1  -5   1   7  -3  -1  -4  -4   0  -3  -4  -2  -1  -2  -4  -3  -4    0   0   0   0   0   0 100   0   0   0   0   0   0   0   0   0   0   0   0   0  1.26 0.16
  137 F    -3  -4  -4  -5  -4  -4  -4  -4  -2  -1  -1  -4  -1   8  -5  -4  -3   0   2  -2    0   0   0   0   0   0   0   0   0   0   0   0   0 100   0   0   0   0   0   0  1.51 0.17
  138 F    -3  -3  -3  -4  -4  -3  -3  -4   1  -2  -2  -3  -2   4  -4  -3  -3   1   8  -2    0   0   0   0   0   0   0   0   0   0   0   0   0  14   0   0   0   0  85   0  1.47 0.16
  139 I    -1  -4  -4  -4  -2  -3  -4  -4  -4   5   1  -3   0  -1  -3  -3  -1  -3  -2   4    2   0   0   0   0   0   0   0   0  52   4   0   0   0   0   0   0   0   0  42  0.60 0.09
  140 F    -3  -4  -4  -5  -4  -4  -4  -4  -2  -1  -1  -4  -1   8  -5  -4  -3   0   2  -2    0   0   0   0   0   0   0   0   0   0   0   0   0 100   0   0   0   0   0   0  1.51 0.17
  141 D    -3  -3   0   7  -5  -1   1  -2  -2  -4  -5  -2  -4  -5  -3  -1  -2  -5  -4  -4    0   0   0 100   0   0   0   0   0   0   0   0   0   0   0   0   0   0   0   0  1.52 0.16
  142 K    -1  -2   0   6  -4  -1   1  -1  -2  -4  -4   0  -3  -4  -2   2  -1  -5  -3  -4    1   0   0  68   0   0   2   1   0   0   0   7   0   0   0  20   0   0   0   0  0.85 0.11
  143 V     0  -3  -4  -4  -2  -3  -3  -4  -4   3   0  -3   0  -1  -3  -2  -1  -4  -2   5    5   0   0   0   0   0   0   0   0  23   0   0   0   0   0   0   0   0   0  71  0.60 0.10
  144 R    -2   7  -1  -3  -5   0  -1  -3  -1  -4  -3   1  -2  -4  -3  -2  -2  -4  -3  -4    0  98   0   0   0   0   0   0   0   0   0   2   0   0   0   0   0   0   0   0  1.33 0.16
  145 F    -3  -4  -4  -4  -3  -4  -4  -4   1  -1  -1  -4  -1   7  -5  -3  -3   0   4  -2    0   0   0   0   0   0   0   0   3   0   0   0   0  83   0   0   0   0  14   0  1.24 0.14
  146 E     0   0   0   2  -4   2   4  -1   0  -3  -3   1  -2  -3  -2   0  -1  -3  -2  -3    8   1   1  10   0  10  52   3   1   1   0   8   0   0   0   4   0   0   0   0  0.52 0.07
  147 N    -1  -2   1  -1  -1  -1  -1  -2  -2  -2  -2  -1  -2  -3  -2   1   6  -4  -3  -1    0   0   8   1   1   0   1   0   0   0   0   0   0   0   0   6  83   0   0   0  0.78 0.13
  148 S     0   1   3   0  -3   1   0   0  -1  -3  -3   3  -2  -3  -2   2   1  -4  -2  -2    3   5  17   4   0   3   2   5   0   0   0  30   0   0   0  23   8   0   0   0  0.32 0.05
  149 M     2  -1  -1  -1  -2   4   1  -2  -1  -1  -2   0   1  -3   2   0  -1  -3  -2  -1   24   0   0   1   0  38   5   0   0   4   0   0   8   0  11   4   1   0   0   4  0.34 0.07
  150 Q    -2   0   5   0  -3   2   0  -1   5  -4  -4   0  -2  -3  -3   0  -1  -3  -1  -4    1   5  50   2   0  13   1   2  21   0   0   1   0   0   0   5   0   0   0   0  0.64 0.10
  151 R     2   1  -1  -1  -2   1   2   1  -1  -3  -3   0  -2  -3  -2   2   0  -3  -2  -2   30   7   0   0   0   6  20  11   1   0   0   0   0   0   0  22   4   0   0   0  0.29 0.05
  152 S     1  -2  -1  -1  -2  -1  -2   4  -2  -3  -3  -1  -3  -3  -2   4   0  -3  -3  -3   10   0   0   0   0   0   0  39   0   0   0   0   0   0   0  49   2   0   0   0  0.61 0.09
  153 F    -3  -3  -3  -4  -3  -3  -3  -4   0  -2  -1  -3   0   6  -4  -2  -3   1   7  -2    0   0   0   0   0   0   0   0   1   0   1   0   2  43   0   2   0   0  53   0  1.10 0.13
  154 Y    -3  -3  -3  -4  -4  -3  -3  -4   2  -2  -2  -3  -2   2  -4  -3  -3   1   8  -2    0   0   0   0   0   0   0   0   3   0   0   0   0   1   0   0   0   0  95   0  1.61 0.18
  155 E    -1  -1  -1  -2  -3   0   1  -3   6  -3  -2  -1  -2   3  -3   0  -2   0   5  -2    3   1   0   0   0   2  12   0  28   0   0   2   0  14   0   7   0   0  30   0  0.52 0.08
  156 V    -2  -4  -4  -4  -2  -3  -4  -5  -4   5   2  -3   1  -1  -4  -3  -1  -3  -2   3    0   0   0   0   0   0   0   0   0  74  13   0   0   0   0   0   0   0   0  13  0.67 0.10
  157 D    -3  -3   1   7  -5  -1   1  -2  -2  -4  -5  -2  -4  -5  -2  -1  -2  -5  -4  -4    0   0   3  94   0   0   3   0   0   0   0   0   0   0   0   0   0   0   0   0  1.40 0.15
  158 S     0  -2   0  -1  -2  -1  -1  -1  -2  -3  -4  -1  -3  -3  -2   6   1  -4  -3  -3    2   0   0   0   0   0   0   0   0   0   0   0   0   0   0  98   0   0   0   0  0.91 0.15
  159 I    -1  -2   0   0  -2  -1   1  -3  -2   4   0  -1   0  -1  -3  -1  -1  -3  -2   3    1   0   5   4   0   1  12   0   1  44   0   4   0   1   0   4   0   0   0  23  0.21 0.06
  160 E     1  -1  -1   0  -4   1   6  -2  -1  -4  -3   0  -3  -4  -2  -1  -1  -4  -3  -3   17   0   0   0   0   0  81   0   0   0   1   0   0   0   0   1   1   0   0   0  0.85 0.13
  161 A     4  -3  -2  -2  -2  -2  -2   4  -3  -3  -3  -2  -2  -3  -2   0  -1  -3  -3  -2   56   0   0   0   0   0   0  44   0   0   0   0   0   0   0   0   0   0   0   0  0.71 0.10
  162 P     5  -2  -2  -2  -1  -1  -2  -1  -2  -2  -2  -1  -2  -3   1   0  -1   5  -2  -1   76   0   0   1   0   0   0   0   1   0   0   1   0   0   7   1   0   9   0   3  0.58 0.11
  163 W    -4  -4  -5  -6  -4  -3  -4  -4  -4  -4  -3  -5  -3   0  -5  -4  -4  12   1  -4    0   0   0   0   0   0   0   0   0   0   0   0   0   0   0   0   0 100   0   0  3.45 0.25
  164 N    -3  -1   8   0  -4  -1  -1  -1   0  -4  -5  -1  -3  -4  -3   0  -1  -5  -3  -4    0   0 100   0   0   0   0   0   0   0   0   0   0   0   0   0   0   0   0   0  1.42 0.17
  165 S     0  -2  -1  -2  -2  -1  -2  -2  -2  -2  -2  -1   0  -3  -2   2   6  -3  -3  -1    1   0   0   0   0   0   0   0   0   0   0   0   2   0   0  19  78   0   0   0  0.77 0.13
  166 G    -1  -3  -1  -1  -3  -3  -3   6  -3  -5  -5  -2  -4  -4  -3  -1  -2  -4  -4  -4    1   0   1   3   0   0   0  95   0   0   0   0   0   0   0   0   0   0   0   0  1.37 0.13
  167 V    -1   6  -1  -2  -4   0  -1  -3  -1  -3  -2   2  -2  -3  -3  -1  -1  -4  -3  -1    6  78   1   0   0   1   1   0   0   1   1   4   0   0   0   1   2   0   0   5  0.83 0.12
  168 D     0   0   0   3  -2   1   4  -1   0  -2  -2   1  -1  -2  -1   0  -1  -2  -1  -1    5   2   2  17   1   3  40   3   1   2   4   7   1   1   2   3   2   1   2   3  0.29 0.03
  169 V     0  -1   0  -1  -1   0   1  -1  -1   1   0  -1   0   0  -1   0   0  -1   0   2    9   2   3   3   1   3  11   3   1   6   4   3   1   3   2   7   7   1   5  26  0.03 0.01
  170 E    -1  -1   0   1  -4   1   6  -2  -1  -3  -3   0  -2  -3  -1   0  -1  -3  -3  -3    1   1   2   3   0   1  80   1   0   1   1   1   0   0   2   3   1   0   0   1  0.82 0.11
  171 E    -1  -1  -1   2  -4   1   5  -2  -1  -3  -3   0  -2  -3  -1   0  -1  -3  -2  -3    4   0   0  10   0   1  73   2   0   0   1   0   0   1   2   2   1   0   1   0  0.73 0.10
  172 D    -1  -2   0   3  -3  -1   0   5  -2  -4  -4  -2  -3  -2  -2  -1  -2  -3  -3  -3    1   0   0  22   0   1   6  63   0   0   1   0   0   3   0   0   1   0   1   0  0.74 0.08
  173 G     0  -3  -1  -2  -3  -2  -2   6  -2  -4  -4  -2  -3  -3  -1  -1  -1  -3  -3  -3    2   1   1   1   0   0   1  84   0   1   1   1   0   0   2   1   2   0   0   2  1.05 0.10
  174 T     0   0   0   0  -1   0   0   2  -1  -1  -1   0  -1  -1   0   0   1  -1  -1  -1    6   7   3   3   1   3   4  24   1   3   6   4   1   3   3   7  11   1   2   4  0.09 0.00
  175 P     0   0   0   0  -1   0   0   1   0  -1  -1   0  -1  -1   3   0   0  -1  -1  -1    7   4   4   6   1   3   4  16   2   4   6   5   2   4  17   5   4   1   2   5  0.14 0.00
  176 N    -3  -1   7   0  -4  -1  -1  -1   0  -4  -5  -1  -3  -4  -3   0  -1  -5  -3  -4    0   0  99   0   0   0   0   0   0   0   0   0   0   0   0   0   0   0   0   0  1.39 0.17
  177 I    -2   4  -2  -3  -2   1  -1  -3  -2   0   2   2   0  -2  -3  -2  -2  -3  -2  -1    0  42   0   0   0   9   0   0   0   6  33  10   0   0   0   0   0   0   0   1  0.37 0.07
  178 G     0  -3  -1  -2  -3  -3  -3   6  -3  -5  -5  -2  -4  -4  -3  -1  -2  -3  -4  -4    4   0   0   0   0   0   0  96   0   0   0   0   0   0   0   1   0   0   0   0  1.38 0.13
  179 F    -3  -3  -3  -4  -4  -2  -3  -4   3  -2  -2  -3  -2   3  -4  -3  -3   1   8  -2    0   0   0   0   0   0   0   1   8   0   0   0   0   7   0   0   0   0  85   0  1.41 0.16
  180 K    -2   1  -1  -2  -4   0   0  -3  -1  -4  -4   6  -2  -4  -2  -1  -2  -4  -3  -3    0   0   0   0   0   0   0   0   1   0   0  99   0   0   0   0   0   0   0   0  1.06 0.15
  181 N    -1  -2   1  -2  -2  -2  -2  -3  -2  -1  -2  -2  -1  -3   1   0   5  -4  -2   1    0   0   7   0   0   0   0   0   0   1   0   0   0   0   8   0  70   0   0  14  0.58 0.11
  182 R    -1   6  -1  -2  -4   0  -1  -3  -1  -4  -3   2  -2  -4   2  -1  -2  -4  -3  -3    5  72   1   0   0   0   0   0   0   0   0   9   0   0  11   1   0   0   0   0  0.84 0.11
  183 V    -2  -3  -3  -4  -3  -2  -3  -4   0   0   0  -3   0   3  -4  -2  -1   1   7   1    0   0   0   0   0   0   0   0   0   5   3   0   3  12   0   0   2   0  61  12  0.80 0.11
  184 K    -2   1  -1  -2  -4   0   0  -3  -2  -4  -4   6  -2  -4  -2  -1  -2  -4  -3  -3    0   0   0   0   0   0   0   0   0   0   0 100   0   0   0   0   0   0   0   0  1.07 0.15
  185 K    -1  -1  -1  -2  -3  -2  -3   6  -3  -5  -5  -2  -4  -4  -3  -1  -2  -3  -4  -4    1   4   0   0   0   0   0  94   0   0   0   1   0   0   0   0   0   0   0   0  1.32 0.13
  186 G    -1  -3  -1  -2  -4  -3  -3   7  -3  -5  -5  -3  -4  -4  -3  -1  -3  -4  -4  -4    0   0   0   0   0   0   0 100   0   0   0   0   0   0   0   0   0   0   0   0  1.50 0.14
  187 Y    -3  -3  -3  -4  -4  -3  -3  -4   1  -3  -2  -3  -2   2  -4  -3  -3   1   9  -2    0   0   0   0   0   0   0   0   0   0   0   0   0   0   0   0   0   0 100   0  1.74 0.19
  188 F    -3  -4  -4  -5  -4  -4  -4  -4  -2  -1  -1  -4  -1   8  -5  -4  -3   0   2  -2    0   0   0   0   0   0   0   0   0   0   0   0   0 100   0   0   0   0   0   0  1.51 0.17
  189 P    -2  -3  -3  -3  -4  -2  -2  -3  -3  -4  -4  -2  -4  -5   8  -2  -2  -5  -4  -3    0   0   0   0   0   0   0   0   0   0   0   0   0   0  99   0   0   0   0   1  2.44 0.18
  190 V    -1  -3  -4  -4  -2  -3  -3  -4  -4   2   0  -3   0  -2  -3  -2   0  -4  -2   6    1   0   0   0   0   0   0   0   0   0   2   0   0   0   0   0   3   0   0  95  0.77 0.13
  191 P     0  -2  -2  -2  -3  -2  -2  -1  -3  -3  -3  -2  -3  -4   7   2  -1  -4  -3  -3    8   0   0   0   0   0   0   2   0   0   0   0   0   0  61  28   1   0   0   0  1.28 0.12
  192 P    -2  -3  -3  -3  -4  -2  -2  -3  -3  -4  -4  -2  -4  -5   8  -2  -2  -5  -4  -4    0   0   0   0   0   0   0   0   0   0   0   0   0   0 100   0   0   0   0   0  2.49 0.18
  193 I     0  -2   2  -2  -1  -1  -2  -2  -2   1   0  -2   0  -2  -3   0   1  -3  -1   3    2   0  14   0   1   1   0   2   0   4   3   0   2   0   0   7  12   0   2  51  0.21 0.06
  194 D    -3  -3   0   7  -5  -1   1  -2  -2  -4  -5  -2  -4  -5  -3  -1  -2  -5  -4  -4    0   0   0 100   0   0   0   0   0   0   0   0   0   0   0   0   0   0   0   0  1.52 0.16
  195 H    -2   0  -1  -2  -4   4   0  -3   9  -4  -4  -1  -2  -3  -3  -2  -2  -3   0  -4    0   2   0   0   0  23   0   1  72   0   0   2   0   0   0   0   0   0   0   0  1.27 0.16
  196 T    -3  -3  -2  -4  -3  -3  -3  -4  -1  -1   0  -3   3   6  -4  -2  -2   0   4  -1    0   0   2   0   0   0   0   0   0   0   2   0  14  60   0   1   2   0  18   0  0.81 0.11
  197 Q     5  -2  -2  -2   0   1  -1   0  -2  -2  -2  -1  -2  -3  -2   1   0  -3  -3  -1   81   0   0   0   2   7   0   4   0   0   0   0   0   0   0   3   2   0   0   1  0.57 0.11
  198 D    -3  -3   0   7  -5  -1   1  -2  -2  -4  -5  -2  -4  -5  -3  -1  -2  -5  -4  -4    0   0   0  98   0   0   2   0   0   0   0   0   0   0   0   0   0   0   0   0  1.48 0.16
  199 L    -2  -3  -4  -4  -2  -3  -4  -4  -4   2   5  -3   2   0  -4  -3  -1  -2  -2   1    0   0   0   0   0   0   0   0   0  11  80   0   4   2   0   0   2   0   0   1  0.63 0.09
  200 R    -2   7  -1  -3  -5   0  -1  -3  -1  -4  -3   1  -2  -4  -3  -2  -2  -4  -3  -4    0 100   0   0   0   0   0   0   0   0   0   0   0   0   0   0   0   0   0   0  1.37 0.16
  201 D    -2  -3   1   7  -4  -1   1  -2  -2  -4  -5  -2  -4  -5  -2  -1  -2  -5  -4  -4    2   0   2  95   0   1   0   0   0   0   0   0   0   0   0   1   0   0   0   0  1.38 0.15
  202 D    -1   0   0   3  -3   2   4  -2  -1  -3  -3   1  -2  -4  -2   0   0  -4  -3  -3    4   4   1  24   0  12  38   0   0   1   1   8   0   0   0   3   4   0   0   1  0.49 0.06
  203 M    -2  -3  -4  -4  -2  -2  -3  -4  -3   3   1  -3   8  -1  -4  -3  -2  -3  -2   1    0   0   0   0   0   0   0   0   0  27   0   0  72   0   0   0   0   0   0   1  0.93 0.16
  204 V    -1  -3  -3  -3   6  -3  -3  -3  -3   1  -1  -3  -1  -2  -3   1   0  -3  -2   4    1   0   0   0  29   0   0   0   0   0   0   0   0   0   0  12   5   0   0  52  0.56 0.10
  205 A     1   2  -1  -2  -2   0  -1  -2  -2   0   2   0   0  -2  -2   0   1  -3  -2   0   18  15   2   0   0   5   1   0   0   1  28   6   2   0   0   4  13   0   0   4  0.11 0.03
  206 N     0   1   3   0  -2   1   1  -1   1  -1  -2   1  -1  -2  -2   0   1  -3  -2   0    8   6  22   3   0   6   9   1   4   0   2  10   1   0   0   1  14   0   1  14  0.15 0.03
  207 L    -2  -3  -4  -4  -1  -3  -4  -4  -3   1   5  -3   4   0  -4  -3  -2  -2  -2   0    0   0   0   0   1   0   0   0   0   0  87   0  13   0   0   0   0   0   0   0  0.75 0.11
  208 Q     1  -1   0   2  -2   2   2   0   0   0  -1   0  -1  -2  -2   0   0  -3  -2  -1   15   0   1  14   0  15  17   8   2  10   5   3   1   0   0   2   4   0   1   1  0.15 0.03
  209 K     1   0   1   1  -3   3   3   0  -1  -3  -3   2  -2  -3  -2   0   0  -3  -2  -2   15   2   6   8   0  19  25   5   0   0   0  13   0   0   0   5   2   0   0   0  0.33 0.05
  210 V     1  -3  -3  -3  -1  -2  -3  -3  -3   2   1  -2   0  -2  -3   0   0  -3  -2   4   13   0   0   0   0   1   0   0   0   1   9   0   0   0   0   8   2   0   0  64  0.35 0.08
  211 G    -1  -3  -1  -2  -3  -3  -3   6  -3  -5  -5  -2  -4  -4  -3  -1  -2  -4  -4  -4    0   0   2   1   0   0   0  96   0   0   0   0   0   0   0   1   0   0   0   0  1.40 0.13
  212 L    -2  -3  -4  -4  -2  -3  -4  -4  -4   2   5  -3   1   2  -4  -3  -2  -2  -1   0    0   0   0   0   0   0   0   0   0  10  83   0   0   7   0   0   0   0   0   0  0.66 0.10
  213 I     0   0   0   2  -3   2   3  -1  -1   0  -1   0  -1  -3  -1   0   1  -3  -2  -1    4   2   4  11   0  13  27   2   1   9   3   5   0   0   2   6  10   0   0   3  0.21 0.04
  214 L    -1  -3  -4  -4  -2  -3  -3  -4  -4   2   1  -3   0  -1  -3  -3  -1  -4  -2   5    0   0   0   0   0   0   0   0   0   5  11   0   0   0   0   0   1   0   0  83  0.65 0.11
  215 E    -2  -1  -1   1  -5   1   7  -3  -1  -4  -4   0  -3  -4  -2  -1  -2  -4  -3  -4    0   0   0   0   0   0 100   0   0   0   0   0   0   0   0   0   0   0   0   0  1.26 0.16
  216 R    -2   7  -1  -3  -5   0  -1  -3  -1  -4  -3   1  -1  -4  -3  -2  -2  -4  -3  -4    0  98   0   0   0   0   0   0   0   0   0   1   1   0   0   0   0   0   0   0  1.32 0.16
  217 S     4  -2  -1  -2  -1   0  -1   0  -2  -2  -2  -1  -2  -3  -2   3   0  -3  -3  -1   65   0   0   0   0   2   0   1   0   0   0   0   0   0   0  32   0   0   0   0  0.56 0.10
  218 H    -3  -1  -1  -2  -4  -1  -1  -3  10  -5  -4  -2  -3  -3  -4  -2  -3  -4   1  -5    0   0   0   0   0   0   0   0 100   0   0   0   0   0   0   0   0   0   0   0  1.94 0.20
  219 H    -3  -1  -1  -2  -4  -1  -1  -3  10  -5  -4  -2  -3  -3  -2  -2  -3  -4   1  -5    0   0   0   0   0   0   0   0  99   0   0   0   0   0   1   0   0   0   0   0  1.90 0.20
  220 E    -2  -1  -1   1  -5   1   7  -3  -1  -4  -4   0  -3  -4  -2  -1  -2  -4  -3  -4    0   0   0   0   0   0 100   0   0   0   0   0   0   0   0   0   0   0   0   0  1.26 0.16
  221 V    -1  -4  -4  -4  -1  -3  -3  -4  -4   2   0  -3   0  -2  -3  -3  -1  -4  -2   6    1   0   0   0   1   0   0   0   0   0   0   0   0   0   0   0   0   0   0  98  0.83 0.14
  222 A     0  -3  -1  -2  -3  -3  -3   6  -3  -5  -5  -2  -4  -4  -3  -1  -2  -3  -4  -4    4   0   0   0   0   0   0  96   0   0   0   0   0   0   0   0   0   0   0   0  1.39 0.13
  223 G     0  -2   0  -2  -2  -2  -2   0  -3  -2  -2  -2  -2  -3  -2   1   6  -3  -3  -1    2   0   1   0   0   0   0   5   0   0   0   0   0   0   0   6  86   0   0   0  0.79 0.13
  224 A     5  -2  -2  -3  -1  -2  -2   2  -3  -2  -3  -2  -2  -3  -2   0  -1  -3  -3  -1   88   0   0   0   0   0   0  12   0   0   0   0   0   0   0   0   0   0   0   0  0.72 0.12
  225 G    -1  -3  -1  -2  -4  -3  -3   7  -3  -5  -5  -2  -4  -4  -3  -1  -3  -4  -4  -4    0   0   0   0   0   0   0 100   0   0   0   0   0   0   0   0   0   0   0   0  1.49 0.14
  226 Q    -2   0  -1  -1  -4   8   1  -3  -1  -4  -3   0  -2  -5  -2  -1  -2  -3  -3  -3    0   0   0   0   0 100   0   0   0   0   0   0   0   0   0   0   0   0   0   0  1.38 0.19
  227 Q     3  -1  -1  -2  -2   5   0   0  -1  -3  -2   0   1  -3  -2   0  -1  -3  -2  -2   36   0   0   0   0  53   0   4   0   0   0   0   5   0   0   1   1   0   0   0  0.54 0.11
  228 E    -2  -1  -1   1  -5   1   7  -3  -1  -4  -4   0  -3  -4  -2  -1  -2  -4  -3  -4    0   0   0   0   0   0 100   0   0   0   0   0   0   0   0   0   0   0   0   0  1.26 0.16
  229 I    -2  -4  -4  -4  -2  -4  -4  -5  -4   6   1  -4   0  -1  -4  -3  -2  -4  -2   2    0   0   0   0   0   0   0   0   0  99   0   0   0   0   0   0   0   0   0   1  0.95 0.14
  230 N    -2  -1   7   1  -4  -1  -1  -1   0  -4  -5  -1  -3  -4  -3   0  -1  -5  -3  -4    2   0  97   1   0   0   0   0   0   0   0   0   0   0   0   0   0   0   0   0  1.34 0.17
  231 Y    -3  -3  -3  -4  -4  -3  -3  -4   1  -2  -2  -3  -2   3  -4  -3  -2   3   8  -2    0   0   0   0   0   0   0   0   0   0   0   0   0   3   0   0   2   2  93   0  1.56 0.17
  232 R    -2   6  -1  -2  -4   1   0  -3  -1  -3  -3   3  -2  -4  -2  -1   0  -4  -3  -3    0  64   1   0   0   1   0   0   0   0   0  26   0   0   0   0   7   0   0   0  0.82 0.11
  233 F    -3  -4  -4  -5  -4  -4  -4  -4  -2  -1  -1  -4  -1   8  -5  -4  -3   0   2  -2    0   0   0   0   0   0   0   0   0   0   0   0   0  99   0   0   0   0   1   0  1.49 0.17
  234 N    -1  -2   5   4  -3  -1   0   0  -1  -4  -4  -1  -3  -4  -2   1  -1  -5  -3  -4    1   0  52  32   0   0   0   3   0   0   0   0   0   0   0  10   1   0   0   0  0.76 0.10
  235 T    -1  -2  -1  -2  -2  -1  -1  -2  -2  -2  -2  -1  -2  -3  -2   2   6  -3  -3  -1    0   0   0   0   0   0   3   0   0   0   0   1   0   0   0  15  81   0   0   0  0.78 0.13
  236 L    -2  -3  -4  -5  -2  -3  -4  -5  -4   1   5  -3   3   0  -4  -3  -2  -2  -2   0    0   0   0   0   0   0   0   0   0   0  95   0   5   0   0   0   0   0   0   0  0.80 0.12
  237 Q     0   0  -2  -3  -2   1  -2  -3  -2   0   4   0   1  -1  -3  -1   0  -2  -2   0    7   6   0   0   0  13   0   1   0   0  61   4   0   0   0   0   6   0   0   0  0.28 0.07
  238 H     1   0   0  -1  -3   2   0  -1   6  -3  -3   2  -2  -3  -2   0  -1  -3   0  -2   18   3   4   0   0   9   0   4  39   1   1  15   0   0   0   4   2   0   0   0  0.44 0.08
  239 A     4  -2  -1  -2  -1  -1  -1  -1  -2  -2  -3  -1  -2  -3  -2   3   0  -3  -3  -1   69   0   0   0   0   0   0   0   0   0   0   0   0   0   0  29   1   0   0   0  0.59 0.11
  240 G     4  -3  -2  -2  -2  -2  -2   4  -3  -3  -3  -2  -2  -3  -2   0  -1  -3  -3  -2   57   0   0   0   0   0   0  43   0   0   0   0   0   0   0   0   0   0   0   0  0.71 0.10
  241 D    -3  -3   0   7  -5  -1   1  -2  -2  -4  -5  -2  -4  -5  -3  -1  -2  -5  -4  -4    0   0   0 100   0   0   0   0   0   0   0   0   0   0   0   0   0   0   0   0  1.52 0.16
  242 D    -2  -1   1   6  -4   2   2  -2  -1  -4  -4   1  -3  -4  -2  -1  -2  -5  -3  -4    1   2   5  67   0   9   7   0   0   0   0  11   0   0   0   0   0   0   0   0  0.85 0.10
  243 L    -1  -3  -4  -4  -2  -3  -3  -4  -3   2   3  -3   3  -1  -3  -3  -1  -3  -2   3    0   0   0   0   0   0   0   0   0   6  45   0  12   0   0   0   0   0   0  37  0.47 0.07
  244 M    -2  -2  -3  -4  -3   2  -2  -4  -2   0   1  -2   8  -1  -4  -2  -2  -3  -2  -1    0   0   0   0   0  11   0   0   0   0   3   0  86   0   0   0   0   0   0   0  1.08 0.18
  245 K    -2   1  -2  -2  -3   0  -1  -3  -2  -1   2   5   0  -2  -2  -1  -2  -3  -2  -2    0   0   0   0   0   1   0   0   0   0  30  68   1   0   0   0   0   0   0   0  0.51 0.11
  246 Y    -3  -4  -4  -5  -3  -4  -4  -4  -2  -1  -1  -4  -1   8  -5  -3  -3   0   4  -2    0   0   0   0   0   0   0   0   0   0   0   0   0  88   0   0   0   0  12   0  1.34 0.15
  247 K    -2   1  -1  -2  -4   0   0  -3  -2  -4  -4   6  -2  -4  -2  -1  -2  -4  -3  -3    0   0   0   0   0   0   0   0   0   0   0 100   0   0   0   0   0   0   0   0  1.08 0.16
  248 Y    -3  -3  -3  -4  -4  -3  -3  -4   1  -3  -2  -3  -2   2  -4  -3  -3   1   9  -2    0   0   0   0   0   0   0   0   0   0   0   0   0   0   0   0   0   0 100   0  1.74 0.19
  249 V    -1  -3  -4  -4  -2  -3  -4  -4  -4   4   1  -3   1  -1  -3  -3  -1  -4  -2   4    0   0   0   0   0   0   0   0   0  36   3   0   1   0   0   0   0   0   0  60  0.61 0.10
  250 V    -1  -4  -4  -4  -2  -3  -4  -4  -4   5   1  -3   0  -1  -3  -3  -1  -4  -2   4    0   0   0   0   0   0   0   0   0  56   1   0   0   0   0   0   0   0   0  44  0.66 0.10
  251 H    -2   2  -1  -2  -4   0   0  -3   2  -4  -3   6  -2  -4  -2  -1  -2  -4  -2  -3    0   4   0   0   0   0   0   0   7   0   0  90   0   0   0   0   0   0   0   0  0.92 0.14
  252 E    -2  -1   7   0  -4  -1   0  -1   0  -4  -4  -1  -3  -4  -3   0  -1  -5  -3  -4    0   0  91   0   0   0   7   1   0   0   0   0   0   0   0   2   0   0   0   0  1.19 0.15
  253 T     0  -2  -2  -2  -1  -2  -1  -3  -3   1  -1  -2  -1  -2  -2   0   4  -3  -2   4    4   0   0   0   0   0   2   0   0   1   0   0   0   0   0   3  40   0   0  49  0.40 0.09
  254 A     5  -2  -2  -3  -1  -2  -2   0  -3  -2  -2  -2  -2  -3  -2   0  -1  -3  -3   0   89   0   0   0   1   0   0   2   0   0   0   0   0   0   0   1   0   0   0   8  0.67 0.12
  255 A    -1  -3  -4  -4  -3  -3  -4  -3   2  -3  -2  -3  -2   2  -4  -3  -3  11   2  -3    6   1   0   0   0   0   0   0   6   1   1   0   0   8   0   0   0  73   2   0  2.15 0.18
  256 L     2   1   1   1  -2   2   3  -1  -1  -2  -1   0  -1  -3  -2   0  -1  -3  -2  -1   29  10   7   5   0  12  24   1   0   0   6   2   0   0   0   1   1   0   0   1  0.24 0.05
  257 A     4  -2   3  -1  -2   0  -1   0   2  -2  -2  -1  -1  -1  -2   0  -1  -3  -1  -1   58   0  19   1   0   2   2   3   8   0   1   0   0   2   0   1   0   0   1   1  0.34 0.08
  258 G    -1  -3  -1  -1  -4  -3  -3   6  -3  -5  -5  -2  -4  -4  -3  -1  -2  -4  -4  -4    0   0   2   2   0   0   0  96   0   0   0   0   0   0   0   0   0   0   0   0  1.40 0.13
  259 K    -2   3  -1  -2  -4   1   0  -3   1  -4  -3   6  -2  -4  -2  -1  -2  -4  -3  -3    0  10   0   0   0   0   0   0   3   0   0  86   0   0   0   0   0   0   0   0  0.90 0.13
  260 A     0  -2  -1  -2  -2  -1  -2  -2  -2  -2  -2  -1  -2  -3  -2   2   5  -3  -2  -1    7   0   0   0   0   0   0   0   0   0   0   0   0   0   0  19  74   0   0   1  0.70 0.12
  261 A     4  -2  -3  -3  -1  -2  -2  -1  -3   0  -1  -2  -1  -3  -2   0  -1  -3  -2   2   71   0   0   0   0   0   0   0   0   0   1   0   0   0   0   0   0   0   0  28  0.52 0.11
  262 T    -1  -2  -1  -2  -2  -2  -2  -3  -3  -2  -2  -2  -2  -3  -2   0   7  -4  -3  -1    0   0   0   0   0   0   0   0   0   0   0   0   0   0   0   0 100   0   0   0  1.07 0.16
  263 F    -3  -4  -4  -5  -4  -4  -4  -4  -2  -1  -1  -4  -1   8  -5  -4  -3   0   2  -2    0   0   0   0   0   0   0   0   0   0   0   0   0 100   0   0   0   0   0   0  1.51 0.17
  264 M    -2  -3  -4  -4  -3  -2  -3  -4  -3   0   1  -3   9  -1  -4  -3  -2  -3  -2   0    0   0   0   0   0   0   0   0   0   0   0   0 100   0   0   0   0   0   0   0  1.43 0.21
  265 P    -2  -3  -3  -3  -4  -2  -2  -3  -3  -4  -4  -2  -4  -5   8  -2  -2  -5  -4  -4    0   0   0   0   0   0   0   0   0   0   0   0   0   0 100   0   0   0   0   0  2.49 0.18
  266 K    -2   1  -1  -2  -4   0   0  -3  -2  -4  -4   6  -2  -4  -2  -1  -2  -4  -3  -3    0   0   0   0   0   0   0   0   0   0   0 100   0   0   0   0   0   0   0   0  1.08 0.16
  267 P    -2  -3  -3  -3  -4  -2  -2  -3  -3  -4  -4  -2  -4  -5   8  -2  -2  -5  -4  -4    0   0   0   0   0   0   0   0   0   0   0   0   0   0 100   0   0   0   0   0  2.49 0.18
  268 I    -2  -3  -4  -4  -2  -3  -4  -4  -4   4   4  -3   2   0  -4  -3  -2  -3  -2   2    0   0   0   0   0   0   0   0   0  40  54   0   2   0   0   0   0   0   0   4  0.57 0.08
  269 A    -1  -4  -3  -4  -3  -4  -4  -4  -2  -1  -1  -4  -1   8  -4  -3  -3   0   2  -2    6   0   1   0   0   0   0   0   0   0   0   0   0  91   0   0   0   0   2   0  1.25 0.15
  270 D    -1  -3   0  -2  -4  -2  -3   6  -3  -5  -5  -2  -4  -4  -3  -1  -2  -4  -4  -4    0   0   2   0   0   1   0  96   0   0   0   0   0   0   0   0   0   0   0   0  1.39 0.13
  271 D    -3  -3   0   7  -5  -1   1  -2  -2  -4  -5  -2  -4  -5  -3  -1  -2  -5  -4  -4    0   0   0 100   0   0   0   0   0   0   0   0   0   0   0   0   0   0   0   0  1.52 0.16
  272 N    -2  -1   7   0  -4  -1  -1  -1   0  -4  -5  -1  -3  -4  -3   0  -1  -5  -3  -4    1   0  99   0   0   0   0   0   0   0   0   0   0   0   0   0   0   0   0   0  1.37 0.17
  273 G    -1  -3  -1  -2  -4  -3  -3   7  -3  -5  -5  -3  -4  -4  -3  -1  -3  -4  -4  -4    0   0   0   0   0   0   0 100   0   0   0   0   0   0   0   0   0   0   0   0  1.50 0.14
  274 T     0  -2   0  -1  -2  -1  -1  -1  -2  -3  -3  -1  -2  -3  -2   6   2  -4  -3  -3    0   0   0   0   0   0   0   0   0   0   0   0   0   0   0  93   7   0   0   0  0.84 0.14
  275 G    -1  -3  -1  -2  -4  -3  -3   7  -3  -5  -5  -3  -4  -4  -3  -1  -3  -4  -4  -4    0   0   0   0   0   0   0 100   0   0   0   0   0   0   0   0   0   0   0   0  1.50 0.14
  276 M    -2  -3  -4  -4  -3  -2  -3  -4  -3   0   1  -3   9  -1  -4  -3  -2  -3  -2   0    0   0   0   0   0   0   0   0   0   0   0   0 100   0   0   0   0   0   0   0  1.43 0.21
  277 H    -3  -1  -1  -2  -4  -1  -1  -3  10  -5  -4  -2  -3  -3  -4  -2  -3  -4   1  -5    0   0   0   0   0   0   0   0 100   0   0   0   0   0   0   0   0   0   0   0  1.94 0.20
  278 C    -1  -3  -2  -3   7  -2  -3  -3  -3  -1  -2  -2  -1  -3  -3   1   3  -3  -3   2    0   0   0   0  41   0   0   0   0   1   0   0   0   0   0  11  29   0   0  19  0.68 0.10
  279 H    -3  -1  -1  -2  -4  -1  -1  -3  10  -5  -4  -2  -3  -3  -4  -2  -3  -4   1  -5    0   0   0   0   0   0   0   0 100   0   0   0   0   0   0   0   0   0   0   0  1.94 0.20
  280 Q    -2   0  -1  -1  -4   7   1  -3  -1  -4  -3   0  -1  -4  -2   0  -2  -3  -3  -3    0   0   0   0   0  92   0   0   0   0   1   0   1   0   0   5   0   0   0   1  1.17 0.17
  281 S     0  -2   0  -1  -2  -1  -1  -1  -2  -3  -4  -1  -3  -3  -2   6   1  -4  -3  -3    0   0   0   0   0   0   0   0   0   0   0   0   0   0   0 100   0   0   0   0  0.94 0.16
  282 L    -2  -3  -4  -4  -2  -3  -4  -5  -4   2   5  -3   1   0  -4  -3  -2  -3  -2   1    0   0   0   0   0   0   0   0   0   9  89   0   0   0   0   0   0   0   0   2  0.73 0.11
  283 W    -4  -4  -5  -6  -4  -3  -4  -4  -4  -4  -3  -5  -3   0  -5  -4  -4  12   1  -4    0   0   0   0   0   0   0   0   0   0   0   0   0   0   0   0   0 100   0   0  3.45 0.25
  284 K    -1   1   1  -1  -4   1   0  -2  -1  -3  -2   6  -2  -4  -2   0  -1  -4  -3  -3    2   1   5   1   0   2   0   0   0   0   4  79   0   0   0   3   2   0   0   0  0.66 0.11
  285 D    -2  -2   3   6  -4  -1   1   0  -2  -4  -4  -1  -4  -4  -2  -1  -2  -5  -4  -4    2   0  19  70   0   0   2   8   0   0   0   1   0   0   0   0   0   0   0   0  0.95 0.11
  286 G    -1  -3  -1  -2  -4  -3  -3   7  -3  -5  -5  -2  -4  -4  -3  -1  -3  -4  -4  -4    0   0   0   0   0   0   0 100   0   0   0   0   0   0   0   0   0   0   0   0  1.48 0.14
  287 K     0   0   0   1  -3   2   4  -2  -1  -3  -3   3  -2  -4  -2   0   0  -3  -2  -1    4   1   3   3   0   6  46   0   0   0   0  23   0   0   0   6   3   0   0   5  0.46 0.07
  288 P    -2  -3  -3  -3  -4  -2  -2  -3  -3  -4  -4  -2  -4  -5   8  -2  -2  -5  -4  -4    1   0   0   0   0   0   0   0   0   0   0   0   0   0  99   0   0   0   0   0  2.44 0.18
  289 L    -2  -3  -4  -5  -2  -3  -4  -5  -4   1   5  -3   1   0  -4  -3  -2  -3  -2   0    0   0   0   0   0   0   0   0   0   0 100   0   0   0   0   0   0   0   0   0  0.86 0.12
  290 F    -3  -4  -4  -5  -4  -4  -4  -4  -2  -1  -1  -4  -1   8  -5  -4  -3   0   2  -2    0   0   0   0   0   0   0   0   0   0   0   0   1  99   0   0   0   0   0   0  1.49 0.17
  291 Y    -1  -3  -3  -4  -3  -3  -3  -4   1  -2  -2  -3  -2   4  -4  -3  -3   1   8  -2    5   0   0   0   0   0   0   0   1   0   0   0   0  11   0   0   0   0  83   0  1.34 0.16
  292 D    -3  -3   0   7  -5  -1   1  -2  -2  -4  -5  -2  -4  -5  -3  -1  -2  -5  -4  -4    0   0   0  98   0   0   0   0   0   0   0   0   0   0   0   1   0   0   0   0  1.47 0.16
  293 E    -2  -1  -1   1  -5   1   6  -3  -1  -4  -4   0  -3  -4  -2  -1  -2  -4  -3  -4    1   0   0   0   0   0  99   0   0   0   0   0   0   0   0   0   0   0   0   0  1.23 0.16
  294 K     0   3   1  -1  -2   1   0  -2  -1  -2   0   2  -1  -3  -2   1   0  -3  -2  -1   10  22   7   0   0   6   0   0   0   1  10  23   1   0   0  10   6   0   0   3  0.21 0.04
  295 G    -1  -3  -1  -2  -4  -3  -3   7  -3  -5  -5  -2  -4  -4  -3  -1  -2  -4  -4  -4    0   0   2   0   0   0   0  98   0   0   0   0   0   0   0   0   0   0   0   0  1.45 0.14
  296 Y    -3  -3  -3  -4  -4  -3  -3  -4   1  -3  -2  -3  -2   2  -4  -3  -3   1   9  -2    0   0   0   0   0   0   0   0   0   0   0   0   0   0   0   0   0   0 100   0  1.74 0.19
  297 A     2  -3  -1  -2  -3  -2  -3   6  -3  -4  -4  -2  -3  -4  -3  -1  -2  -3  -4  -3   24   0   0   0   0   0   0  76   0   0   0   0   0   0   0   0   0   0   0   0  1.02 0.11
  298 G    -1  -3   0  -2  -4  -2  -3   6  -3  -5  -5  -2  -4  -4  -3  -1  -2  -4  -4  -4    0   0   2   1   0   1   0  96   0   0   0   0   0   0   0   0   0   0   0   0  1.39 0.13
  299 L    -2  -3  -4  -5  -2  -3  -4  -5  -4   1   5  -3   1   0  -4  -3  -2  -3  -2   0    0   0   0   0   0   0   0   0   0   0 100   0   0   0   0   0   0   0   0   0  0.86 0.12
  300 S     0  -2   0  -1  -2  -1  -1  -1  -2  -3  -4  -1  -3  -3  -2   6   1  -4  -3  -3    0   0   0   0   0   0   0   0   0   0   0   0   0   0   0 100   0   0   0   0  0.93 0.16
  301 D    -3  -3   0   7  -5  -1   1  -2  -2  -4  -5  -2  -4  -5  -3  -1  -2  -5  -4  -4    0   0   0 100   0   0   0   0   0   0   0   0   0   0   0   0   0   0   0   0  1.51 0.16
  302 L    -1  -3  -3  -3  -2  -2  -3  -4  -3   3   3  -2   3  -1  -3  -2   2  -3  -2   1    1   0   0   0   0   0   0   0   0  31  31   0  17   0   0   0  17   0   0   3  0.36 0.07
  303 A     6  -2  -2  -3  -1  -2  -2   0  -3  -2  -2  -2  -2  -3  -2   0  -1  -4  -3  -1   99   0   0   0   0   0   0   1   0   0   0   0   0   0   0   0   0   0   0   0  0.84 0.14
  304 R    -2   7  -1  -3  -5   0  -1  -3  -1  -4  -3   1  -2  -4  -3  -2  -2  -4  -3  -4    0 100   0   0   0   0   0   0   0   0   0   0   0   0   0   0   0   0   0   0  1.37 0.16
  305 W    -4  -4  -5  -6  -4  -3  -4  -4  -1  -4  -3  -4  -3   0  -5  -4  -4  12   3  -4    0   0   0   0   0   0   0   0   2   0   0   0   0   0   0   0   0  92   6   0  3.07 0.22
  306 Y    -3  -3  -3  -4  -4  -3  -3  -4   1  -3  -2  -3  -2   2  -4  -3  -3   1   9  -2    0   0   0   0   0   0   0   0   0   0   0   0   0   2   0   0   0   0  98   0  1.70 0.19
  307 I    -2  -4  -4  -4  -2  -4  -4  -5  -4   6   1  -4   0  -1  -4  -3  -1  -4  -2   2    0   0   0   0   0   0   0   0   0  92   0   0   0   0   0   0   0   0   0   7  0.85 0.13
  308 G    -1  -3  -1  -2  -4  -3  -3   7  -3  -5  -5  -3  -4  -4  -3  -1  -3  -4  -4  -4    0   0   0   0   0   0   0 100   0   0   0   0   0   0   0   0   0   0   0   0  1.50 0.14
  309 G    -1  -3  -1  -2  -4  -3  -3   7  -3  -5  -5  -3  -4  -4  -3  -1  -3  -4  -4  -4    0   0   0   0   0   0   0 100   0   0   0   0   0   0   0   0   0   0   0   0  1.50 0.14
  310 L    -2  -3  -4  -4  -2  -3  -4  -5  -4   2   5  -3   1   0  -4  -3  -2  -3  -2   1    0   0   0   0   0   0   0   0   0  12  88   0   0   0   0   0   0   0   0   0  0.73 0.11
  311 I    -2  -3  -4  -4  -2  -3  -4  -5  -4   2   5  -3   1   0  -4  -3  -2  -3  -2   1    0   0   0   0   0   0   0   0   0  13  86   0   0   0   0   0   0   0   0   1  0.72 0.10
  312 K     0   2  -1  -1  -3   1   1  -2   4  -3  -3   5  -2  -3  -2   0  -1  -3  -1  -3    9   6   0   1   0   1   6   0  15   0   0  58   0   0   0   1   1   0   0   0  0.52 0.09
  313 H    -3  -1  -1  -2  -4  -1  -1  -3  10  -5  -4  -2  -3  -3  -4  -2  -3  -4   1  -5    0   0   0   0   0   0   0   0 100   0   0   0   0   0   0   0   0   0   0   0  1.94 0.20
  314 S     5  -2  -2  -3  -1  -2  -2   0  -2  -2  -2  -2  -2  -3  -2   1  -1  -4  -3  -1   92   0   0   0   0   0   0   3   0   0   0   0   0   0   0   5   0   0   0   0  0.75 0.13
  315 S    -1  -3  -2  -2  -4  -2  -2  -3  -3  -4  -4  -2  -3  -5   8   0  -2  -5  -4  -3    0   0   0   1   0   0   0   0   0   0   0   0   0   0  90   7   0   0   0   0  2.09 0.16
  316 S     3  -2  -1  -1  -2  -1  -1  -1  -2  -3  -3  -1  -2  -3  -2   5   0  -4  -3  -2   25   0   0   0   0   0   0   0   0   0   0   0   0   0   0  75   0   0   0   0  0.67 0.12
  317 V    -2  -3  -4  -4  -2  -3  -4  -4  -4   1   5  -3   1   0  -4  -3  -2  -3  -2   2    1   0   0   0   0   0   0   0   0   0  85   0   0   0   0   0   0   0   0  14  0.67 0.10
  318 L    -2  -3  -4  -4  -2  -3  -4  -4  -4   1   5  -3   1   0  -4  -3  -1  -3  -2   1    1   0   0   0   0   0   0   0   0   0  94   0   0   0   0   0   2   0   0   3  0.76 0.11
  319 A     6  -2  -2  -3  -1  -2  -2  -1  -3  -2  -2  -2  -2  -3  -2   0  -1  -4  -3  -1  100   0   0   0   0   0   0   0   0   0   0   0   0   0   0   0   0   0   0   0  0.86 0.14
  320 F    -3  -4  -4  -5  -3  -4  -4  -4  -2  -1   0  -4  -1   8  -5  -4  -3   1   2  -2    0   0   0   0   0   0   0   0   0   0   2   0   0  97   0   0   0   1   0   0  1.44 0.16
  321 T    -1  -2  -1  -2  -2  -2  -2  -3  -3  -2  -2  -2  -2  -3  -2   0   7  -4  -3  -1    0   0   0   0   0   0   0   0   0   0   0   0   0   0   0   0 100   0   0   0  1.07 0.16
  322 N    -3  -1   8   0  -4  -1  -1  -1   0  -4  -5  -1  -3  -4  -3   0  -1  -5  -3  -4    0   0 100   0   0   0   0   0   0   0   0   0   0   0   0   0   0   0   0   0  1.42 0.17
  323 P    -2  -3  -3  -3  -4  -2  -2  -3  -3  -4  -4  -2  -4  -5   8  -2  -2  -5  -4  -4    0   0   0   0   0   0   0   0   0   0   0   0   0   0 100   0   0   0   0   0  2.49 0.18
  324 S     0  -2  -1  -2  -2  -1  -1  -2  -2  -2  -2  -1  -2  -3  -2   3   5  -3  -3  -1    0   0   0   0   0   0   0   0   0   0   0   0   0   0   0  33  67   0   0   0  0.72 0.12
  325 L     0  -3  -4  -4  -2  -3  -3  -4  -4   2   1  -3   2  -1  -3  -2  -1  -3  -2   5    6   0   0   0   0   0   0   0   0   5   7   0   7   0   0   0   0   0   0  75  0.54 0.10
  326 N    -3  -1   8   0  -4  -1  -1  -1   0  -4  -5  -1  -3  -4  -3   0  -1  -5  -3  -4    0   0 100   0   0   0   0   0   0   0   0   0   0   0   0   0   0   0   0   0  1.42 0.17
  327 S     0  -2   0  -1  -2  -1  -1  -1  -2  -3  -4  -1  -3  -3  -2   6   1  -4  -3  -3    0   0   0   0   0   0   0   0   0   0   0   0   0   0   0 100   0   0   0   0  0.94 0.16
  328 Y    -3  -3  -3  -4  -4  -3  -3  -4   1  -2  -2  -3  -2   4  -4  -3  -3   1   8  -2    0   0   0   0   0   0   0   0   0   0   0   0   0  14   0   0   0   0  86   0  1.48 0.17
  329 H    -3   1  -1  -2  -4   0  -1  -3   9  -4  -4   0  -3  -3  -3  -2  -3  -4   0  -4    0   9   0   0   0   0   0   0  85   0   0   6   0   0   0   0   0   0   0   0  1.48 0.17
  330 R    -2   7  -1  -3  -5   0  -1  -3  -1  -4  -3   1  -2  -4  -3  -2  -2  -4  -3  -4    0 100   0   0   0   0   0   0   0   0   0   0   0   0   0   0   0   0   0   0  1.37 0.16
  331 L    -2  -3  -4  -5  -2  -3  -4  -5  -4   1   5  -3   1   0  -4  -3  -2  -3  -2   0    0   0   0   0   0   0   0   0   0   0 100   0   0   0   0   0   0   0   0   0  0.86 0.12
  332 V    -1  -4  -4  -4  -2  -3  -3  -4  -4   2   0  -3   0  -2  -3  -3  -1  -4  -2   6    0   0   0   0   0   0   0   0   0   0   0   0   0   0   0   0   0   0   0 100  0.86 0.14
  333 P    -2  -3  -3  -3  -4  -2  -2  -3  -3  -4  -4  -2  -4  -5   8  -2  -2  -5  -4  -4    0   0   0   0   0   0   0   0   0   0   0   0   0   0 100   0   0   0   0   0  2.49 0.18
  334 G    -1  -3  -1  -2  -4  -3  -3   7  -3  -5  -5  -3  -4  -4  -3  -1  -3  -4  -4  -4    0   0   0   0   0   0   0 100   0   0   0   0   0   0   0   0   0   0   0   0  1.50 0.14
  335 F    -3  -3  -4  -4  -3  -3  -4  -4   0  -1  -1  -4  -1   7  -4  -3  -3   1   6  -2    0   0   0   0   0   0   0   0   0   0   0   0   0  59   0   0   0   0  41   0  1.20 0.14
  336 E    -2  -1  -1   1  -5   1   7  -3  -1  -4  -4   0  -3  -4  -2  -1  -2  -4  -3  -4    0   0   0   0   0   0 100   0   0   0   0   0   0   0   0   0   0   0   0   0  1.26 0.16
  337 A     6  -2  -3  -3  -1  -2  -2  -1  -3  -2  -2  -2  -2  -3  -2   0  -1  -4  -3  -1  100   0   0   0   0   0   0   0   0   0   0   0   0   0   0   0   0   0   0   0  0.86 0.14
  338 P    -2  -3  -3  -3  -4  -2  -2  -3  -3  -4  -4  -2  -4  -5   8  -2  -2  -5  -4  -4    0   0   0   0   0   0   0   0   0   0   0   0   0   0 100   0   0   0   0   0  2.49 0.18
  339 V    -1  -3  -4  -4  -2  -3  -3  -4  -4   2   0  -3   0  -2  -3  -3  -1  -4  -2   6    0   0   0   0   0   0   0   0   0   7   0   0   0   0   0   0   1   0   0  92  0.77 0.13
  340 N    -2  -1   7   0  -4  -1  -1  -1   0  -4  -5  -1  -3  -4  -3   0  -1  -5  -3  -4    1   0  98   0   0   0   0   0   0   0   0   0   0   0   0   0   0   0   0   0  1.37 0.17
  341 L    -2  -3  -4  -5  -2  -3  -4  -5  -4   1   5  -3   2   0  -4  -3  -2  -2  -2   0    0   0   0   0   0   0   0   0   0   0  96   0   4   0   0   0   0   0   0   0  0.81 0.12
  342 V    -1  -4  -4  -4  -2  -3  -3  -4  -4   2   0  -3   0  -2  -3  -3  -1  -4  -2   6    0   0   0   0   0   0   0   0   0   0   0   0   0   0   0   0   0   0   0 100  0.86 0.14
  343 Y    -3  -3  -3  -4  -4  -3  -3  -4   1  -3  -2  -3  -2   2  -4  -3  -3   1   9  -2    0   0   0   0   0   0   0   0   0   0   0   0   0   0   0   0   0   0 100   0  1.73 0.19
  344 S     0  -2   0  -1  -2  -1  -1  -1  -2  -3  -4  -1  -3  -3  -2   6   1  -4  -3  -3    0   0   0   0   0   0   0   0   0   0   0   0   0   0   0 100   0   0   0   0  0.94 0.16
  345 A     4  -1  -2  -2  -2   3  -1  -1  -2  -3  -2  -1  -2  -3  -2   1  -1  -3  -2  -1   69   0   0   0   0  26   0   0   0   0   0   0   0   0   0   5   0   0   0   0  0.57 0.11
  346 R    -2   7  -1  -3  -5   0  -1  -2  -1  -4  -3   1  -2  -4  -3  -2  -2  -4  -3  -4    0  98   0   0   0   0   0   2   0   0   0   0   0   0   0   0   0   0   0   0  1.30 0.16
  347 N    -3  -1   8   0  -4  -1  -1  -1   0  -4  -5  -1  -3  -4  -3   0  -1  -5  -3  -4    0   0 100   0   0   0   0   0   0   0   0   0   0   0   0   0   0   0   0   0  1.42 0.17
  348 R    -2   7  -1  -3  -5   0  -1  -3  -1  -4  -3   1  -2  -4  -3  -2  -2  -4  -3  -4    0 100   0   0   0   0   0   0   0   0   0   0   0   0   0   0   0   0   0   0  1.37 0.16
  349 S     0  -2   0  -1  -2  -1  -1  -1  -2  -3  -4  -1  -3  -3  -2   6   1  -4  -3  -3    0   0   0   0   0   0   0   0   0   0   0   0   0   0   0 100   0   0   0   0  0.94 0.16
  350 A     6  -2  -3  -3  -1  -2  -2  -1  -3  -2  -2  -2  -2  -3  -2   0  -1  -4  -3  -1  100   0   0   0   0   0   0   0   0   0   0   0   0   0   0   0   0   0   0   0  0.86 0.14
  351 A     2  -4  -3  -4  10  -3  -4  -3  -4  -2  -2  -3  -2  -3  -3  -1  -2  -3  -3  -2   21   0   0   0  76   0   0   0   0   0   1   0   0   0   0   2   0   0   0   0  1.52 0.16
  352 I    -2  -4  -4  -4  -2  -3  -4  -4  -4   5   1  -3   1  -1  -3  -3   0  -3  -2   3    0   0   0   0   0   0   0   0   0  68   1   0   2   0   0   0   4   0   0  25  0.62 0.10
  353 R    -2   7  -1  -3  -5   0  -1  -3  -1  -4  -3   1  -2  -4  -3  -2  -2  -4  -3  -4    0 100   0   0   0   0   0   0   0   0   0   0   0   0   0   0   0   0   0   0  1.37 0.16
  354 I    -2  -4  -4  -4  -2  -4  -4  -5  -4   6   1  -4   0  -1  -4  -3  -2  -4  -2   2    0   0   0   0   0   0   0   0   0  95   0   0   0   0   0   0   0   0   0   4  0.90 0.14
  355 P    -2  -3  -3  -3  -4  -2  -2  -3  -3  -4  -4  -2  -4  -5   8  -2  -2  -5  -4  -4    0   0   0   0   0   0   0   0   0   0   0   0   0   0 100   0   0   0   0   0  2.49 0.18
  356 L    -1  -3  -4  -4  -2  -3  -4  -4  -4   4   1  -3   1  -1  -3  -3  -1  -3  -2   4    1   0   0   0   0   0   0   0   0  51   9   0   0   0   0   0   1   0   0  40  0.57 0.09
  357 A     2  -2  -1  -2  -2  -2  -2  -2  -3  -2  -2  -2  -2  -3  -2   1   6  -3  -3  -1   18   0   0   0   0   0   0   0   0   0   0   0   0   0   0   1  81   0   0   1  0.76 0.13
  358 G    -1  -3  -1  -2  -4  -3  -3   7  -3  -5  -5  -2  -4  -4  -3  -1  -3  -3  -4  -4    0   0   0   0   0   0   0  99   0   0   0   0   0   0   0   0   0   0   0   0  1.48 0.14
  359 T     1  -2   2   0  -2  -1  -1  -1  -2  -2  -3  -1  -2  -3  -1   4   3  -4  -2  -2    5   0   9   3   0   0   0   0   0   0   0   0   0   0   1  50  31   0   0   0  0.49 0.09
  360 S     0  -1   5   0  -2  -1  -1  -1  -1  -4  -4  -1  -3  -4  -2   4   0  -4  -3  -3    1   0  42   0   0   0   0   0   0   0   0   0   0   0   0  57   0   0   0   0  0.72 0.12
  361 P     0  -3  -3  -3  -4  -2  -2  -3  -3  -4  -4  -2  -3  -5   8  -2  -2  -5  -4  -3    8   0   0   0   0   0   0   0   0   0   0   0   0   0  92   0   0   0   0   0  2.17 0.16
  362 A     0   1  -1  -2  -4   0   0  -2  -2  -4  -3   6  -2  -4  -2  -1  -2  -4  -3  -3    7   0   0   0   0   0   0   0   0   0   0  93   0   0   0   1   0   0   0   0  0.92 0.14
  363 A     5  -2  -2  -3  -1  -2  -2  -1  -3  -2  -2  -2  -2  -3  -2   1  -1  -4  -3  -1   97   0   0   0   0   0   0   0   0   0   0   0   0   0   0   3   0   0   0   0  0.81 0.13
  364 K    -2   1  -1  -2  -4   0   0  -3  -2  -4  -4   6  -2  -4  -2  -1  -2  -4  -3  -3    0   0   0   0   0   0   0   0   0   0   0 100   0   0   0   0   0   0   0   0  1.08 0.16
  365 R    -2   7  -1  -3  -5   0  -1  -3  -1  -4  -3   1  -2  -4  -3  -2  -2  -4  -3  -4    0 100   0   0   0   0   0   0   0   0   0   0   0   0   0   0   0   0   0   0  1.37 0.16
  366 I    -2  -4  -4  -4  -2  -3  -4  -4  -4   5   1  -3   1  -1  -3  -3  -1  -3  -2   3    0   0   0   0   0   0   0   0   0  68   8   0   1   0   0   0   0   0   0  23  0.64 0.10
  367 E    -2  -1  -1   1  -5   1   7  -3  -1  -4  -4   0  -3  -4  -2  -1  -2  -4  -3  -4    0   0   0   0   0   0 100   0   0   0   0   0   0   0   0   0   0   0   0   0  1.26 0.16
  368 F    -3  -4  -4  -5  -3  -4  -4  -4  -2  -1  -1  -4  -1   8  -5  -3  -3   0   4  -2    0   0   0   0   0   0   0   0   0   0   0   0   0  92   0   0   0   0   8   0  1.38 0.15
  369 R    -2   7  -1  -3  -5   0  -1  -3  -1  -4  -3   1  -2  -4  -3  -2  -2  -4  -3  -4    0 100   0   0   0   0   0   0   0   0   0   0   0   0   0   0   0   0   0   0  1.37 0.16
  370 A     1  -3  -3  -4   5  -3  -3  -3  -4   2   0  -3   0  -2  -3  -2  -1  -3  -2   4   15   0   0   0  16   0   0   0   0  11   0   0   0   0   0   0   0   0   0  58  0.47 0.09
  371 P    -2  -3  -3  -3  -4  -2  -2  -3  -3  -4  -4  -2  -4  -5   8  -2  -2  -5  -4  -4    0   0   0   0   0   0   0   0   0   0   0   0   0   0 100   0   0   0   0   0  2.49 0.18
  372 D    -3  -3   0   7  -5  -1   1  -2  -2  -4  -5  -2  -4  -5  -3  -1  -2  -5  -4  -4    0   0   0 100   0   0   0   0   0   0   0   0   0   0   0   0   0   0   0   0  1.52 0.16
  373 P    -2  -3  -3  -3  -4  -2  -2  -3  -3  -4  -4  -2  -4  -5   8  -1  -2  -5  -4  -4    1   0   0   0   0   0   0   0   0   0   0   0   0   0  97   1   0   0   0   0  2.38 0.17
  374 S     0  -2   0  -1  -2  -1  -1  -1  -2  -3  -3  -1  -2  -3  -2   6   1  -4  -3  -3    1   0   0   0   0   0   0   0   0   0   0   0   0   0   0  97   2   0   0   0  0.89 0.15
  375 C     3  -2  -1  -2   4  -1  -1   0  -2  -3  -3  -1  -2  -3  -2   4   0  -3  -3  -2   34   0   0   0  13   0   0   3   0   0   0   0   0   0   0  50   0   0   0   0  0.51 0.09
  376 N    -3  -1   8   0  -4  -1  -1  -1   0  -4  -5  -1  -3  -4  -3   0  -1  -5  -3  -4    0   0 100   0   0   0   0   0   0   0   0   0   0   0   0   0   0   0   0   0  1.42 0.17
  377 P    -2  -3  -3  -3  -4  -2  -2  -3  -3  -4  -4  -2  -4  -5   8  -2  -2  -5  -4  -3    0   0   0   0   0   0   0   0   0   0   0   0   0   0  99   0   0   0   0   1  2.42 0.18
  378 F    -3  -3  -3  -4  -4  -3  -3  -4   1  -2  -2  -3  -2   3  -4  -3  -3   1   8  -2    0   0   0   0   0   0   0   0   0   0   0   0   0   7   0   0   0   0  93   0  1.59 0.18
  379 L    -2  -3  -4  -5  -2  -3  -4  -5  -4   1   5  -3   1   0  -4  -3  -2  -2  -2   0    0   0   0   0   0   0   0   0   0   0  98   0   0   1   0   0   0   0   0   0  0.83 0.12
  380 A     5  -2  -2  -3   3  -2  -2  -1  -3  -2  -2  -2  -2  -3  -2   1  -1  -3  -3  -1   85   0   0   0   8   0   0   0   0   0   0   0   0   0   0   6   0   0   0   0  0.69 0.12
  381 F    -3  -4  -4  -5  -4  -4  -4  -4  -2  -1  -1  -4  -1   8  -5  -4  -3   0   2  -2    0   0   0   0   0   0   0   0   0   0   0   0   0 100   0   0   0   0   0   0  1.50 0.17
  382 S     4  -2  -1  -2  -1  -1  -1  -1  -2  -3  -3  -1  -2  -3  -1   4   0  -4  -3  -2   50   0   0   0   0   0   0   0   0   0   0   0   0   0   1  49   0   0   0   0  0.57 0.11
  383 A     6  -2  -3  -3  -1  -2  -2  -1  -3  -2  -2  -2  -2  -3  -2   0  -1  -4  -3  -1  100   0   0   0   0   0   0   0   0   0   0   0   0   0   0   0   0   0   0   0  0.86 0.14
  384 Q    -2  -1  -2  -2   0   5  -1  -3  -1   0   1  -1   6  -2  -3  -2  -2  -3  -2  -1    0   0   0   0   3  44   0   0   0   3   5   0  45   0   0   0   0   0   0   0  0.63 0.13
  385 L    -2  -3  -4  -5  -2  -3  -4  -5  -4   1   5  -3   2   0  -4  -3  -2  -2  -2   0    0   0   0   0   0   0   0   0   0   1  93   0   5   0   0   0   0   0   0   1  0.78 0.11
  386 M    -2  -3  -4  -4  -2  -2  -3  -4  -3   0   3  -3   8  -1  -4  -3  -2  -3  -2   0    0   0   0   0   0   0   0   0   0   0  19   0  81   0   0   0   0   0   0   0  1.06 0.17
  387 A     6  -2  -2  -3  -1  -2  -2  -1  -3  -2  -2  -2  -2  -3  -2   0  -1  -4  -3  -1   99   0   0   0   0   0   0   0   0   0   0   0   0   0   0   1   0   0   0   0  0.85 0.14
  388 G    -1  -3  -1  -2  -4  -3  -3   7  -3  -5  -5  -3  -4  -4  -3  -1  -3  -4  -4  -4    0   0   0   0   0   0   0 100   0   0   0   0   0   0   0   0   0   0   0   0  1.50 0.14
  389 L    -2  -3  -4  -4  -2  -3  -4  -4  -4   3   4  -3   1   0  -4  -3  -2  -3  -2   1    0   0   0   0   0   0   0   0   0  25  71   0   0   0   0   0   0   0   0   4  0.62 0.09
  390 D    -3  -3   1   7  -5  -1   1  -2  -2  -4  -5  -2  -4  -5  -3  -1  -2  -5  -4  -4    0   0   1  99   0   0   0   0   0   0   0   0   0   0   0   0   0   0   0   0  1.50 0.16
  391 G    -1  -3  -1  -2  -4  -3  -3   7  -3  -5  -5  -3  -4  -4  -3  -1  -3  -4  -4  -4    0   0   0   0   0   0   0 100   0   0   0   0   0   0   0   0   0   0   0   0  1.50 0.14
  392 I    -2  -4  -4  -4  -2  -4  -4  -5  -4   6   1  -4   0  -1  -4  -3  -2  -4  -2   2    0   0   0   0   0   0   0   0   0  96   0   0   0   0   0   0   0   0   0   4  0.92 0.14
  393 L    -1   4  -1  -2  -4   3   0  -3  -1  -3  -1   4  -1  -3  -2  -1  -1  -3  -2  -2    1  27   0   0   0  14   1   0   0   1   6  50   0   0   0   0   0   0   0   1  0.58 0.09
  394 N    -3  -1   7   0  -4  -1  -1  -1   0  -4  -5  -1  -3  -4  -3   0  -1  -5  -3  -4    0   0  97   0   0   0   0   1   0   0   0   1   0   0   0   2   0   0   0   0  1.33 0.16
  395 H    -2   5  -1  -2  -4   0   0  -3   2  -4  -3   4  -2  -4  -2  -1  -2  -4  -2  -3    0  56   0   0   0   0   0   0   7   0   0  38   0   0   0   0   0   0   0   0  0.84 0.11
  396 I    -2  -4  -4  -4  -2  -4  -4  -5  -4   6   1  -4   0  -1  -4  -3  -1  -4  -2   2    0   0   0   0   0   0   0   0   0  94   0   0   0   1   0   0   3   0   0   2  0.86 0.13
  397 E    -2  -1  -1   1  -5   1   7  -3  -1  -4  -4   0  -3  -4  -2  -1  -2  -4  -3  -4    0   0   0   1   0   0  99   0   0   0   0   0   0   0   0   0   0   0   0   0  1.25 0.16
  398 P    -2  -3  -3  -3  -4  -2  -2  -3  -3  -4  -4  -2  -4  -5   8  -2  -2  -5  -4  -4    0   0   0   0   0   0   0   0   0   0   0   0   0   0 100   0   0   0   0   0  2.49 0.18
  399 P     1  -3  -3  -2  -3  -2  -2  -3  -1  -2  -2  -2  -1  -4   7  -1  -2  -4  -3  -2   12   1   0   0   0   0   0   0   2   1   5   0   1   0  76   0   0   0   0   1  1.58 0.13
  400 E     2  -1  -1   2  -3   1   4  -2  -1  -3  -3   0  -2  -4  -1   0  -1  -4  -3  -2   30   0   0  10   0   2  53   0   0   0   1   0   0   0   1   1   3   0   0   0  0.54 0.09
  401 P    -2  -3  -3  -3  -4  -2  -2  -3  -3  -4  -4  -2  -4  -5   8  -2  -2  -5  -4  -4    0   0   0   0   0   0   0   0   0   0   0   0   0   0 100   0   0   0   0   0  2.49 0.18
  402 V    -1  -4  -4  -4  -2  -3  -4  -4  -4   4   1  -3   0  -1  -3  -3  -1  -4  -2   5    0   0   0   0   0   0   0   0   0  39   0   0   0   0   0   0   0   0   0  61  0.66 0.10
  403 D    -3  -3   0   7  -5  -1   1  -2  -2  -4  -5  -2  -4  -5  -3  -1  -2  -5  -4  -4    0   0   0 100   0   0   0   0   0   0   0   0   0   0   0   0   0   0   0   0  1.52 0.16
  404 K    -2   1  -1  -2  -4   0   0  -3  -2  -4  -4   6  -2  -4  -2  -1  -2  -4  -3  -3    0   0   0   0   0   0   0   0   0   0   0 100   0   0   0   0   0   0   0   0  1.08 0.16
  405 D    -3  -3   1   7  -5  -1   1  -2  -2  -4  -5  -2  -4  -5  -3  -1  -2  -5  -4  -4    0   0   1  99   0   0   0   0   0   0   0   0   0   0   0   0   0   0   0   0  1.50 0.16
  406 L    -2  -3  -4  -5  -2  -3  -4  -5  -4   1   5  -3   1   0  -4  -3  -2  -3  -2   0    0   0   0   0   0   0   0   0   0   1  99   0   0   0   0   0   0   0   0   0  0.85 0.12
  407 Y    -3  -3  -3  -4  -4  -3  -3  -4   1  -3  -2  -3  -2   2  -4  -3  -3   1   9  -2    0   0   0   0   0   0   0   0   0   0   0   0   0   0   0   0   0   0 100   0  1.74 0.19
  408 E    -2  -1  -1   2  -5   1   6  -3  -1  -4  -4   0  -3  -4  -2  -1  -2  -4  -3  -4    0   0   0   4   0   0  96   0   0   0   0   0   0   0   0   0   0   0   0   0  1.19 0.15
  409 L    -2  -3  -4  -5  -2  -3  -4  -5  -4   1   5  -3   1   0  -4  -3  -2  -3  -2   0    0   0   0   0   0   0   0   0   0   0 100   0   0   0   0   0   0   0   0   0  0.86 0.12
  410 P    -1  -3  -3  -3  -4  -2  -2  -3  -2  -4  -4  -2  -4  -5   8  -2  -2  -5  -4  -4    1   0   0   0   0   0   0   0   1   0   0   0   0   0  98   0   0   0   0   0  2.38 0.17
  411 P    -2  -3  -3  -3  -4  -2  -2  -3  -3  -4  -4  -2  -4  -5   8  -2  -2  -5  -4  -4    0   0   0   0   0   0   0   1   0   0   0   0   0   0  99   0   0   0   0   0  2.46 0.18
  412 E    -1  -1  -1   3  -4   1   6  -3  -1  -4  -4   0  -3  -4  -2  -1  -2  -4  -3  -3    4   0   0  18   0   0  78   0   0   0   0   0   0   0   0   0   0   0   0   0  0.96 0.12
  413 E    -2  -1  -1   1  -5   1   7  -3  -1  -4  -4   0  -3  -4  -2  -1  -2  -4  -3  -4    0   0   0   0   0   0 100   0   0   0   0   0   0   0   0   0   0   0   0   0  1.25 0.16
  414 H     0  -1  -1  -2  -3  -1  -1  -3   9  -3  -1  -2  -1  -1  -3  -2  -2   1   1  -3   10   0   0   0   0   0   0   0  74   1   7   0   2   2   0   0   0   2   3   0  1.08 0.14
  415 A     4  -1  -1   0  -2  -1   0   0  -2  -2  -2   0  -2  -3  -2   1   0  -3  -3  -1   73   1   1   6   0   1   6   5   0   0   0   4   0   0   0   2   2   0   0   0  0.45 0.09
  416 G     1  -1   2   1  -3   3   2   0  -1  -2  -1   0  -1  -3  -2   1  -1  -3  -2  -2   14   0  13   9   0  23  12   8   0   0   7   2   0   0   0  11   0   0   0   0  0.24 0.04
  417 I    -2  -4  -4  -4  -2  -4  -4  -5  -4   6   1  -4   0  -1  -4  -3  -1  -4  -2   3    0   0   0   0   0   0   0   0   0  81   0   0   0   0   0   0   0   0   0  19  0.77 0.12
  418 K     2   0  -1   1  -2   2   2  -1  -1  -3  -3   2  -2  -4   4   0  -1  -3  -3  -2   23   1   2   7   0  12  12   1   0   0   0  16   0   0  23   1   1   0   0   0  0.44 0.06
  419 Q    -2   0  -1  -1  -4   7   1  -3  -1  -3  -3   1  -1  -4  -2  -1   1  -3  -2  -2    0   0   0   0   0  83   0   0   0   0   0   2   0   0   0   1  13   0   0   1  0.99 0.15
  420 V    -1  -3  -4  -4  -2  -3  -3  -4  -4   2   1  -3   0  -1  -3  -3  -1  -4  -2   5    0   0   0   0   0   0   0   0   0   0  12   0   0   0   0   0   0   0   0  87  0.70 0.12
  421 P    -2  -3  -3  -3  -4  -2  -2  -3  -3  -4  -4  -2  -4  -5   8  -2  -2  -5  -4  -4    0   0   0   0   0   0   0   0   0   0   0   0   0   0 100   0   0   0   0   0  2.49 0.18
  422 S     2  -2  -1   1  -1  -1   0   4  -2  -3  -3  -1  -2  -3  -2   1   1  -3  -1  -2   23   0   0  10   1   0   5  40   0   0   0   0   0   1   1   7   9   0   2   0  0.40 0.05
  423 S     0  -2   0  -1  -2  -1  -1  -1  -2  -3  -3  -1  -2  -3  -2   5   2  -4  -3  -2    0   0   1   1   0   0   0   0   0   0   0   0   0   0   0  90   8   0   0   0  0.80 0.14
  424 L    -2  -3  -4  -5  -2  -3  -4  -5  -4   1   5  -3   1   0  -4  -3  -2  -2  -2   0    0   0   0   0   0   0   0   0   0   0  98   0   0   2   0   0   0   0   0   0  0.83 0.12
  425 A     0  -2  -1   2  -3  -1   1   2  -2  -4  -4  -1  -3  -4   6   0  -1  -4  -3  -3    5   0   1  12   0   0  15  16   0   0   0   0   0   0  43   5   2   0   0   0  0.82 0.08
  426 E     2  -1  -1   1  -3   1   4   1  -1  -3  -3   0  -2  -4  -2   0  -1  -3  -3  -2   28   0   0   6   0   3  50  10   0   0   0   3   0   0   0   0   0   0   0   0  0.48 0.08
  427 A     2  -3  -3  -3  -1  -2  -3  -3  -3   1   0  -3   0  -2  -3  -1  -1  -4  -2   5   27   0   0   0   0   0   0   0   0   0   0   0   0   0   0   1   1   0   0  71  0.50 0.10
  428 M    -2  -3  -4  -5  -2  -3  -4  -5  -4   1   5  -3   2   0  -4  -3  -2  -2  -2   0    0   0   0   0   0   0   0   0   0   3  94   0   3   0   0   0   0   0   0   0  0.79 0.11
  429 D    -1  -1   2   6  -4   0   2  -2  -1  -3  -4   0  -3  -4  -2  -1  -1  -5  -3  -3    3   2   9  67   0   1   9   0   0   1   0   5   0   0   0   0   1   0   0   1  0.82 0.10
  430 A     5   0   1  -2  -1  -1  -1  -1  -2  -2  -2  -1  -2  -3  -2   1   0  -3  -3  -1   76   5   8   0   0   0   2   0   0   0   0   1   0   0   0   6   2   0   0   0  0.50 0.10
  431 L    -2  -3  -4  -5  -2  -3  -4  -5  -4   1   5  -3   1   0  -4  -3  -2  -3  -2   0    0   0   0   0   0   0   0   0   0   0 100   0   0   0   0   0   0   0   0   0  0.86 0.12
  432 E    -1   0  -1   1  -5   1   6  -3  -1  -4  -4   0  -3  -4  -2  -1  -2  -4  -3  -3    2   3   0   1   0   0  93   0   0   0   0   0   0   0   0   0   0   0   0   0  1.10 0.14
  433 E     4  -1  -1   0  -2   0   2  -1  -1  -2  -2   0  -2  -3  -2   1   0  -3  -2  -1   60   2   2   3   0   1  20   0   0   0   0   5   0   0   0   2   2   0   0   2  0.38 0.08
  434 D    -3  -3   1   7  -5  -1   1  -2  -2  -4  -5  -2  -4  -5  -3  -1  -2  -5  -4  -4    0   0   0 100   0   0   0   0   0   0   0   0   0   0   0   0   0   0   0   0  1.51 0.16
  435 H    -3  -1   2  -2  -4   0  -1  -3   9  -4  -4  -1  -3  -2  -3  -1  -3  -3   1  -4    0   0   9   0   0   2   0   0  85   0   0   1   0   1   0   2   0   0   1   0  1.48 0.17
  436 D    -1  -2   0   6  -4   0   4  -2  -2  -4  -4  -1  -3  -4  -2   0  -1  -4  -3  -3    6   0   0  58   0   0  32   1   0   0   0   0   0   0   0   2   1   0   0   0  0.86 0.10
  437 F    -3  -3  -4  -4  -3  -3  -4  -4   0  -2  -1  -3  -1   6  -4  -3  -3   3   7  -2    0   0   0   0   0   0   0   0   0   0   0   0   0  47   0   0   0   2  50   0  1.19 0.13
  438 L    -2  -3  -4  -5  -2  -3  -4  -5  -4   1   5  -3   1   0  -4  -3  -2  -3  -2   0    0   0   0   0   0   0   0   0   0   0 100   0   0   0   0   0   0   0   0   0  0.86 0.12
  439 T    -1  -2  -1  -2  -2   1  -2  -2  -2   0   2  -2   0  -2  -2   0   4  -3  -2   0    0   0   0   0   0   7   0   1   0   0  38   0   0   0   0   2  50   0   0   1  0.38 0.09
  440 A     2  -1  -1   1  -3   2   5  -2  -1  -3  -3   0  -2  -4  -2   0  -1  -4  -3  -1   25   0   0   2   0   7  62   0   0   0   0   1   0   0   0   0   0   0   0   4  0.60 0.10
  441 G    -1  -3  -1  -2  -4  -3  -3   7  -3  -5  -5  -2  -4  -4  -3  -1  -3  -4  -4  -4    0   0   0   0   0   0   0  99   0   0   0   0   0   0   0   1   0   0   0   0  1.48 0.14
  442 D    -2  -2   2   5  -4  -1   0   4  -2  -4  -5  -2  -4  -4  -3  -1  -2  -4  -4  -4    0   0   7  58   0   0   1  34   0   0   0   0   0   0   0   0   0   0   0   0  0.87 0.10
  443 V    -1  -4  -4  -4  -2  -3  -3  -4  -4   2   0  -3   0  -2  -3  -3  -1  -4  -2   6    0   0   0   0   0   0   0   0   0   0   0   0   0   0   0   0   0   0   0 100  0.86 0.14
  444 F    -3  -4  -4  -5  -4  -4  -4  -4  -2  -1  -1  -4  -1   8  -5  -4  -3   0   2  -2    0   0   0   0   0   0   0   0   0   0   0   0   0 100   0   0   0   0   0   0  1.51 0.17
  445 T    -1  -2  -1  -2  -2  -2  -2  -3  -3  -2  -2  -2  -2  -3   2   1   6  -4  -3  -1    0   0   0   0   0   0   0   0   0   0   0   0   0   0   9   3  88   0   0   0  0.88 0.14
  446 D     0  -1  -1   1  -3   1   3  -2  -1  -3  -3   0  -2  -4   5   0  -1  -4  -3  -3    8   1   0   8   0   6  33   1   0   0   0   3   0   0  32   7   1   0   0   0  0.67 0.07
  447 D    -3  -3   0   7  -5  -1   1  -2  -2  -4  -5  -2  -4  -5  -3  -1  -2  -5  -4  -4    0   0   0 100   0   0   0   0   0   0   0   0   0   0   0   0   0   0   0   0  1.51 0.16
  448 L    -2  -3  -4  -5  -2  -3  -4  -5  -4   1   5  -3   1   0  -4  -3  -2  -3  -2   0    0   0   0   0   0   0   0   0   0   1  98   0   0   0   0   0   0   0   0   1  0.83 0.12
  449 I    -2  -4  -4  -4  -2  -4  -4  -5  -4   6   1  -4   0  -1  -4  -3  -2  -4  -2   2    0   0   0   0   0   0   0   0   0  96   3   0   0   0   0   0   0   0   0   1  0.90 0.14
  450 E     0   0  -1   2  -4   2   5  -2  -1  -4  -3   0  -2  -4  -2   1  -1  -4  -3  -3    8   3   0   6   0   9  62   2   0   0   0   0   0   0   0   9   1   0   0   0  0.63 0.09
  451 T     0  -2  -1  -2  -2  -1  -1  -2  -3  -2  -2  -2  -1  -3  -2   1   6  -3  -3  -1    8   0   0   0   0   0   3   0   0   0   0   0   1   0   0   1  88   0   0   0  0.82 0.14
  452 W    -4  -4  -5  -6  -4  -3  -4  -4  -4  -4  -3  -5  -3   0  -5  -4  -4  12   1  -4    0   0   0   0   0   0   0   0   0   0   0   0   0   0   0   0   0 100   0   0  3.45 0.25
  453 I    -2  -4  -4  -4  -1  -4  -4  -5  -4   6   1  -3   0  -1  -4  -3  -1  -3  -2   3    0   0   0   0   0   0   0   0   0  81   5   0   0   0   0   1   0   0   0  12  0.72 0.11
  454 G    -1  -2   0   6  -4   0   3  -1  -2  -4  -4  -1  -3  -4  -2   0  -1  -4  -3  -3    5   0   1  63   0   1  23   1   0   0   0   1   0   0   0   4   1   0   0   0  0.84 0.10
  455 L    -3  -3  -3  -4  -3  -2  -3  -4   0  -1   1  -3   1   2  -4  -3  -3   7   7  -2    0   0   0   0   0   0   0   0   0   2  13   0   5   4   0   0   0  17  59   0  1.05 0.12
  456 K    -2   1  -1  -2  -4   0   0  -3  -2  -4  -4   6  -2  -4  -2  -1  -2  -4  -3  -3    0   0   0   0   0   0   0   0   0   0   0 100   0   0   0   0   0   0   0   0  1.08 0.16
  457 R    -2   7  -1  -2  -4   0   0  -3  -1  -4  -3   1  -2  -4  -3  -2  -1  -4  -1  -3    0  91   0   0   0   1   3   0   0   0   0   1   0   0   0   0   2   0   1   0  1.16 0.14
  458 D     0  -1   5   1  -3   0   0   0   0  -3  -3  -1  -2  -3  -2   1   2  -4  -3  -2    7   0  54   3   0   0   5   6   1   0   0   1   0   0   0   8  14   0   0   0  0.52 0.08
  459 E    -2  -1  -1   2  -5   1   6  -3  -1  -4  -4   0  -3  -4  -2  -1  -2  -4  -3  -4    0   0   0   5   0   0  95   0   0   0   0   0   0   0   0   0   0   0   0   0  1.17 0.15
  460 I    -1  -4  -4  -4  -2  -3  -4  -4  -4   5   1  -3   0  -1  -3  -3  -1  -3  -2   4    0   0   0   0   0   0   0   0   0  54   2   0   0   0   0   0   0   0   0  44  0.64 0.10
  461 D     0  -2   0   6  -4  -1   1  -2  -2  -4  -3  -1  -3  -4  -2  -1  -1  -5  -4  -3    9   0   0  80   0   1   5   0   0   0   3   0   0   0   0   0   1   0   0   0  1.00 0.12
  462 Q     1  -3  -3  -2  -3   0  -2  -3  -3  -3  -3  -2  -1  -4   7  -1  -2  -4  -1  -3   12   0   0   0   0   5   1   0   0   0   1   0   2   0  77   1   0   0   2   0  1.63 0.13
  463 A     0  -3  -4  -4  -2  -3  -3  -4  -3   4   2  -3   1   1  -3  -2  -1  -3  -1   2    6   0   0   0   0   1   0   0   0  49  22   0   3   5   0   0   0   0   0  13  0.40 0.07
  464 R    -2   7  -1  -2  -4   1  -1  -3  -1  -4  -3   1  -2  -4  -3  -1  -2  -4  -3  -3    2  91   0   0   0   6   0   0   0   0   0   0   0   0   0   2   0   0   0   0  1.16 0.15
  465 L    -2  -2  -4  -4  -2   1  -3  -4  -3   1   4  -3   1   3  -4  -3  -2  -2   0   0    0   0   0   0   0   9   0   0   0   0  67   0   1  20   0   0   0   0   0   2  0.49 0.09
  466 S    -1   7  -1  -3  -3   0  -1  -3  -1  -4  -3   1  -2  -4  -3  -1  -2  -4  -3  -3    4  92   0   0   0   1   0   0   0   0   0   0   0   0   0   1   0   0   0   0  1.16 0.15
  467 P    -2  -3  -3  -3  -4  -2  -2  -3  -3  -4  -4  -2  -4  -5   8  -2  -2  -5  -4  -4    0   0   0   0   0   0   0   0   0   0   0   0   0   0 100   0   0   0   0   0  2.49 0.18
  468 T    -2  -1  -1  -2  -4  -1  -1  -3   9  -4  -4  -2  -3  -2  -3  -1   2  -4   0  -3    0   0   0   0   0   0   0   0  83   0   0   0   0   0   0   0  16   0   0   1  1.42 0.17
  469 P    -2  -3  -3  -3  -4  -2  -2  -3  -3  -4  -4  -2  -4  -5   8  -2  -2  -5  -4  -4    0   0   0   0   0   0   0   0   0   0   0   0   0   0 100   0   0   0   0   0  2.49 0.18
  470 L    -2  -2  -1  -3  -4  -1  -1  -3   9  -3  -1  -2  -1  -1  -3  -2  -3  -2   3  -3    2   0   0   0   0   0   0   0  78   0   8   0   1   0   0   0   0   0  11   0  1.26 0.16
  471 E    -2  -1  -1   1  -5   1   7  -3  -1  -4  -4   0  -3  -4  -2  -1  -2  -4  -3  -4    0   0   0   0   0   0 100   0   0   0   0   0   0   0   0   0   0   0   0   0  1.26 0.16
  472 Y    -3  -4  -4  -5  -3  -4  -4  -4  -2  -1  -1  -4  -1   8  -5  -3  -3   0   4  -2    0   0   0   0   0   0   0   0   0   0   0   0   0  91   0   0   0   0   9   0  1.38 0.15
  473 E     0  -1  -1   1  -4   1   6  -3  -1  -4  -4   0  -3  -4  -2  -1  -2  -4  -3  -3    6   0   0   4   0   1  88   0   0   0   1   0   0   0   0   0   0   0   0   0  1.01 0.14
  474 L    -2  -3  -4  -4  -2  -2  -3  -4  -3   1   4  -3   5   0  -4  -3  -2  -2  -2   0    0   0   0   0   0   0   0   0   0   0  69   0  31   0   0   0   0   0   0   0  0.72 0.11
  475 Y    -3  -3  -3  -4  -4  -3  -3  -4   1  -3  -2  -3  -2   2  -4  -3  -3   1   9  -2    0   0   0   0   0   0   0   0   0   0   0   0   0   0   0   0   0   0 100   0  1.75 0.19
  476 F    -3  -3  -3  -4  -3  -3  -3  -4   0  -2  -1  -3  -2   5  -4  -3  -3   1   7  -2    0   0   0   0   0   0   0   0   0   0   0   0   0  33   0   1   0   0  66   0  1.27 0.14
  477 H    -2  -2   1   7  -4  -1   1  -2   2  -4  -5  -2  -4  -4  -2  -1  -2  -5  -3  -4    1   0   2  88   0   0   0   0   6   0   0   0   0   0   0   1   0   0   0   0  1.22 0.14
  478 I    -2  -3  -4  -4  -2  -3  -4  -4  -4   5   2  -3   2  -1  -3  -3  -1  -3  -2   3    0   0   0   0   0   0   0   0   0  63  15   0   5   0   0   0   0   0   0  17  0.57 0.09

                      K         Lambda
Standard Ungapped    0.1356     0.3172
Standard Gapped      0.0539     0.2670
PSI Ungapped         0.1761     0.3175
PSI Gapped           0.0539     0.2670
