
Last position-specific scoring matrix computed, weighted observed percentages rounded down, information per position, and relative weight of gapless real matches to pseudocounts
            A   R   N   D   C   Q   E   G   H   I   L   K   M   F   P   S   T   W   Y   V   A   R   N   D   C   Q   E   G   H   I   L   K   M   F   P   S   T   W   Y   V
    1 M    -2  -2  -3  -4  -2  -1  -3  -4  -3   1   1  -2   9  -1  -4  -2  -2  -2  -2   0    0   0   0   0   0   0   0   0   0   2   0   0  98   0   0   0   0   0   0   0  1.05 0.18
    2 S     1  -1   0  -1  -2  -1  -1  -1  -2  -3  -2  -1  -2  -3  -2   5   1  -4  -2  -2    2   0   0   0   0   0   0   0   0   0   2   0   0   0   0  92   2   0   0   0  0.65 0.12
    3 L    -2  -3  -4  -4  -2  -3  -4  -4  -4   1   5  -3   2   0  -4  -3  -2  -2  -2   0    0   0   0   0   0   0   0   0   0   0 100   0   0   0   0   0   0   0   0   0  0.72 0.11
    4 S     1  -2   0  -1   1  -1  -1  -1  -2  -3  -3  -1  -2  -2  -2   5   1  -3  -2  -2    0   0   0   0   3   0   0   0   0   0   0   0   0   1   0  93   1   0   0   0  0.67 0.12
    5 N    -1   0   5   0  -3   0  -1  -1   2  -3  -3   1  -2  -3  -2   1   1  -4  -2  -3    1   2  58   0   0   2   0   0   6   1   0  14   0   0   1  10   7   0   0   0  0.54 0.08
    6 K    -1   2  -1  -1  -4   1   0  -2  -1  -3  -3   6  -1  -4  -2  -1  -1  -4  -3  -3    0   0   0   0   0   0   0   0   0   0   0  99   1   0   0   0   0   0   0   0  0.88 0.14
    7 L    -2  -3  -4  -4  -2  -3  -4  -4  -4   1   5  -3   2   0  -4  -3  -2  -2  -2   0    0   0   0   0   0   0   0   0   0   0  98   0   1   0   0   0   0   0   0   1  0.71 0.11
    8 T    -1  -2   0  -2  -2  -1  -2  -2  -2  -1  -2  -1   0  -3  -2   1   6  -3  -2  -1    0   0   2   0   0   0   0   0   0   0   0   0   3   0   0   0  95   0   0   0  0.80 0.14
    9 L    -2  -3  -4  -4  -2  -3  -4  -4  -4   1   5  -3   2   0  -4  -3  -2  -2  -2   0    0   0   0   0   0   0   0   0   0   1  99   0   0   0   0   0   0   0   0   0  0.72 0.11
   10 D    -3  -2   1   7  -4  -1   1  -2  -2  -4  -5  -1  -4  -4  -2  -1  -2  -5  -4  -4    0   0   0  98   0   0   1   0   0   0   0   0   0   0   0   0   0   0   0   0  1.32 0.14
   11 K    -1   2  -1  -1  -4   1   0  -2  -1  -4  -3   6  -2  -4  -2  -1  -1  -4  -3  -3    0   1   0   0   0   2   1   0   0   0   0  97   0   0   0   0   0   0   0   0  0.87 0.14
   12 L    -1  -3  -4  -4  -2  -2  -3  -4  -4   2   3  -3   1  -1  -3  -3  -1  -3  -2   3    0   0   0   0   0   1   0   0   0   0  51   0   0   0   0   0   0   0   0  48  0.45 0.08
   13 D    -3  -2   1   7  -4  -1   1  -2  -2  -4  -5  -1  -4  -4  -2  -1  -2  -5  -4  -4    0   0   3  94   0   1   2   0   0   0   0   0   0   0   0   0   0   0   0   0  1.24 0.14
   14 V    -1  -3  -4  -3  -1  -3  -3  -4  -4   2   1  -3   1  -1  -3  -2  -1  -3  -2   5    0   0   0   1   0   0   0   0   0   0   7   0   3   0   0   0   0   0   0  90  0.58 0.11
   15 K    -1   2   1  -1  -4   1   0  -2  -1  -3  -3   6  -2  -4  -2  -1  -1  -4  -3  -3    0   3   7   0   0   1   2   0   0   0   0  88   0   0   0   0   0   0   0   0  0.74 0.12
   16 G     0  -3  -1  -1  -3  -2  -2   6  -3  -4  -4  -2  -3  -4  -3  -1  -2  -3  -4  -4    2   0   1   2   0   0   2  91   0   0   0   2   0   0   0   0   0   0   0   0  1.14 0.11
   17 K    -1   2  -1  -1  -4   1   0  -2  -1  -3  -3   6  -2  -4  -2  -1  -1  -4  -3  -3    0   0   0   0   0   1   0   0   0   0   0  97   0   0   0   0   0   0   0   0  0.85 0.13
   18 R    -2   6  -1  -2  -4   2  -1  -3  -1  -4  -2   1  -2  -3  -1  -1  -2   3  -2  -3    0  83   0   0   0  10   0   0   0   0   1   0   0   0   2   0   0   4   0   0  0.90 0.12
   19 V    -1  -3  -4  -4  -1  -3  -3  -4  -4   2   0  -3   0  -2  -3  -2  -1  -4  -2   5    1   0   0   0   0   0   0   0   0   2   1   0   0   0   0   0   0   0   0  97  0.67 0.12
   20 V    -1  -3  -4  -4  -2  -3  -3  -4  -4   4   1  -3   1  -1  -3  -2  -1  -3  -2   4    1   0   0   0   0   0   0   0   0  50   6   1   1   0   0   0   0   0   0  41  0.47 0.08
   21 M    -2  -2  -3  -4  -2  -1  -3  -4  -3   0   1  -1   9  -1  -4  -2  -1  -2  -2   0    0   0   0   0   0   0   0   0   0   0   1   3  96   0   0   0   1   0   0   0  1.03 0.18
   22 R    -2   7  -1  -2  -4   0  -1  -3  -1  -4  -3   2  -2  -4  -3  -2  -2  -4  -3  -3    0 100   0   0   0   0   0   0   0   0   0   0   0   0   0   0   0   0   0   0  1.21 0.15
   23 V    -1  -3  -4  -4  -2  -3  -2  -4  -4   2   0  -3   1  -2  -3  -2  -1  -4  -2   5    1   0   0   0   0   0   2   0   0   0   0   0   3   0   0   0   0   0   0  94  0.62 0.12
   24 D    -3  -2   1   7  -4  -1   1  -2  -2  -4  -5  -1  -4  -4  -2  -1  -2  -5  -4  -4    0   0   0  99   0   0   0   0   0   0   0   0   0   0   0   0   0   0   0   0  1.33 0.15
   25 F    -3  -4  -4  -4  -3  -4  -4  -4  -2  -1   0  -4  -1   8  -4  -3  -3   0   3  -2    0   0   0   0   0   0   0   0   0   0   0   0   0  95   0   0   0   0   3   0  1.23 0.15
   26 N    -2  -1   7   1  -3  -1  -1  -1   0  -4  -4  -1  -3  -4  -3   1  -1  -5  -3  -4    0   0  94   0   0   0   0   0   0   0   0   0   0   0   0   4   0   0   0   0  1.12 0.15
   27 V    -1  -3  -4  -4  -1  -3  -3  -4  -4   2   0  -3   0   0  -3  -2  -1  -3  -2   5    2   0   0   0   0   0   0   0   0   2   0   0   0   4   0   0   0   0   0  91  0.59 0.12
   28 P    -2  -3  -3  -2  -4  -2  -2  -3  -3  -4  -4  -2  -3  -5   8  -1  -2  -5  -4  -3    0   0   0   0   0   0   0   0   0   0   0   0   0   0  97   1   0   0   0   0  2.28 0.17
   29 M    -2  -2  -3  -4  -2  -1  -3  -4  -3   0   1  -2   9  -1  -4  -3  -2  -2  -2   0    0   0   0   0   0   0   0   0   0   0   3   0  96   0   0   0   0   0   0   0  1.12 0.20
   30 K    -1   2  -1  -1  -4   1   0  -2  -1  -4  -3   6  -2  -4  -2  -1  -1  -4  -3  -3    1   2   1   0   0   0   0   0   0   0   0  95   0   0   0   1   0   0   0   0  0.86 0.14
   31 N    -1  -1   6   3  -3   0   0  -1   0  -4  -4   1  -3  -4  -2   0  -1  -4  -3  -3    2   1  62  22   0   3   1   2   0   0   0   7   0   0   0   0   0   0   0   0  0.71 0.10
   32 N    -2   0   6   1  -3   0  -1  -1   2  -4  -4   2  -3  -4  -2   0  -1  -4  -2  -3    1   0  68   2   0   1   0   1   5   0   0  21   0   0   0   0   0   0   0   0  0.73 0.12
   33 Q    -1   1   0  -1  -4   6   2  -2   2  -3  -3   2  -1  -4  -2  -1  -1  -3  -2  -3    2   1   1   0   0  64  10   0   6   0   1  13   0   0   0   1   1   0   0   0  0.67 0.11
   34 I    -2  -4  -4  -4  -2  -3  -4  -4  -4   6   1  -3   1  -1  -3  -3  -1  -3  -2   2    0   0   0   0   0   0   0   0   0  95   0   2   0   0   0   0   0   0   0   2  0.72 0.13
   35 T    -1  -1  -1  -2  -2  -1  -2  -2  -3  -1  -2  -1  -1  -3  -2   1   6  -3  -2  -1    0   1   0   0   0   0   0   0   0   1   0   0   0   0   0   0  96   0   0   0  0.84 0.15
   36 N    -2  -1   7   1  -3  -1  -1  -1   0  -4  -4  -1  -3  -4  -3   1  -1  -5  -3  -4    0   0  95   0   0   0   0   0   0   0   0   0   0   0   0   4   0   0   0   0  1.14 0.16
   37 N    -2  -1   7   1  -4  -1  -1  -1   0  -4  -4  -1  -3  -4  -3   0  -1  -5  -3  -4    1   0  95   2   0   0   0   0   0   0   0   0   0   0   0   1   1   0   0   0  1.14 0.16
   38 Q    -1   0  -1  -1  -4   7   1  -3   0  -4  -3   0  -1  -4  -2  -1  -2   1  -2  -3    1   0   0   0   0  95   0   0   0   0   1   0   0   0   0   0   0   2   0   0  1.08 0.18
   39 R    -2   7  -1  -2  -4   0  -1  -3  -1  -4  -3   2  -2  -4  -3  -2  -2  -4  -3  -3    0  98   0   0   0   0   0   0   0   0   0   1   0   0   0   0   0   0   0   0  1.20 0.16
   40 I    -2  -4  -4  -4  -2  -4  -4  -5  -4   6   1  -4   1  -1  -4  -3  -1  -3  -2   2    0   0   0   0   0   0   0   0   0  97   0   0   0   0   0   0   0   0   0   3  0.80 0.14
   41 K    -2   2  -1  -2  -4   1   0  -2  -1  -4  -3   6  -2  -4  -2  -1  -1  -4  -3  -3    0   3   0   0   0   0   0   0   0   0   0  96   0   0   0   1   0   0   0   0  0.89 0.15
   42 A     5  -2  -2  -2  -1  -2  -1  -1  -2  -2  -2  -1  -2  -3  -2   1  -1  -3  -3  -1   97   0   0   1   0   0   1   0   0   0   0   0   0   0   0   0   0   0   0   1  0.70 0.13
   43 A     5  -2  -2  -2  -1  -1  -1  -1  -2  -2  -2  -1  -2  -3  -1   2   0  -3  -2  -1   84   0   0   0   0   0   0   0   0   0   0   0   0   0   0  12   3   0   0   1  0.58 0.11
   44 V    -1  -3  -4  -4  -2  -3  -3  -4  -4   4   2  -3   1  -1  -3  -3  -1  -3  -2   4    0   0   0   0   0   0   0   0   0  43  13   0   0   0   0   0   0   0   0  42  0.48 0.08
   45 P    -2  -3  -3  -2  -4  -2  -2  -3  -3  -4  -3  -2  -3  -5   8  -1  -2  -5  -4  -3    0   0   0   0   0   0   0   0   0   0   1   0   0   0  95   4   0   0   0   0  2.22 0.17
   46 S     0  -2   0  -1  -2  -1  -1  -1  -2  -3  -3  -1  -2  -3  -2   5   2  -4  -2  -2    0   0   2   0   0   0   0   1   0   0   0   0   0   0   0  85  11   0   0   0  0.67 0.13
   47 I    -2  -4  -4  -4  -2  -4  -4  -5  -4   6   1  -4   1  -1  -4  -3  -1  -3  -2   2    0   0   0   0   0   0   0   0   0  98   1   0   0   0   0   0   0   0   0   1  0.80 0.14
   48 K    -1   2   1  -1  -4   3   0  -2  -1  -3  -3   5  -2  -4  -2  -1  -1  -4  -2  -3    0   2   5   0   0  17   0   0   0   0   1  74   0   0   0   1   0   0   0   0  0.67 0.12
   49 F    -3  -2  -2  -3  -3  -1  -2  -3   7  -2  -2  -2  -1   4  -4  -2  -3   0   5  -2    0   0   0   0   0   0   0   0  40   0   1   0   0  28   0   0   0   0  31   0  0.86 0.12
   50 C    -1  -5  -4  -5  10  -4  -5  -4  -4  -2  -2  -4  -2  -2  -4  -2  -2  -3  -2  -2    0   0   0   0  98   0   0   0   0   0   0   0   0   1   0   0   0   0   1   0  2.04 0.20
   51 L    -2  -3  -4  -4  -2  -3  -4  -4  -4   1   5  -3   2   0  -4  -3  -2  -2  -2   0    0   0   0   0   0   0   0   0   0   1  98   0   0   0   0   0   0   0   0   0  0.73 0.12
   52 D    -3  -2   1   7  -2  -1   1  -2  -2  -4  -4  -1  -4  -4  -2  -1  -2  -5  -4  -4    0   0   3  95   1   0   1   0   0   0   0   0   0   0   0   0   0   0   0   0  1.26 0.15
   53 N    -2  -1   6   0  -3   0  -1  -2   5  -3  -4   1  -3  -3  -3   0  -1  -4  -1  -3    0   0  63   1   0   0   1   0  24   1   0   9   0   0   0   1   0   0   0   0  0.76 0.12
   54 G     0  -2  -1  -2  -2  -2  -2   6  -3  -4  -4  -2  -3  -4  -3  -1  -2  -3  -4  -4    0   1   0   1   1   0   1  94   0   0   0   1   0   0   0   0   0   0   0   0  1.24 0.13
   55 A     5  -2  -2  -2   1  -1  -2  -1  -2  -2  -2  -1  -2  -3  -2   1   0  -3  -2   0   91   0   0   0   2   0   0   0   0   0   0   0   0   0   0   2   1   0   0   3  0.62 0.12
   56 K    -1   2  -1  -1  -4   1   0  -2  -1  -3  -3   6  -2  -4  -2  -1  -1  -4  -3  -3    0   5   0   0   0   2   1   0   0   0   0  89   0   0   0   0   2   0   0   0  0.80 0.13
   57 S     1  -2   0  -1  -1  -1  -1  -1  -2  -3  -2  -1  -2  -3  -2   5   1  -4  -2  -2    6   0   0   0   1   0   0   0   0   0   2   0   0   0   0  89   0   0   0   0  0.66 0.13
   58 V    -1  -3  -4  -4  -2  -3  -3  -4  -4   2   0  -3   0  -1  -3  -2  -1  -4  -2   5    0   0   0   0   0   0   0   0   0   5   0   0   0   0   0   0   0   0   0  94  0.67 0.13
   59 V    -1  -3  -4  -4  -2  -3  -3  -4  -4   2   0  -3   0  -2  -3  -2  -1  -4  -2   5    0   0   0   0   0   0   0   0   0   3   0   0   0   0   0   0   0   0   0  96  0.69 0.13
   60 L    -2  -3  -4  -4  -2  -3  -3  -4  -3   1   5  -3   2   0  -2  -3  -2  -2  -2   0    0   0   0   0   0   0   0   0   0   0  95   0   0   0   1   0   0   0   0   1  0.67 0.11
   61 M    -2  -2  -3  -4  -2  -1  -3  -4  -3   1   2  -2   8  -1  -3  -2  -2  -2  -2   0    1   0   0   0   0   0   0   0   0   2   4   0  91   0   0   0   0   0   0   0  1.02 0.19
   62 S     0  -2   1  -1  -2  -1  -1  -1  -2  -3  -3  -1  -2  -3  -2   5   1  -4  -3  -3    0   0   3   0   0   0   1   0   0   0   0   0   0   0   0  95   0   0   0   0  0.76 0.15
   63 H    -3  -1   0  -2  -4   0  -1  -3  10  -4  -4  -2  -3  -2  -2  -2  -3  -4   1  -4    0   0   0   0   0   0   0   0  99   0   0   0   0   0   1   0   0   0   0   0  1.69 0.21
   64 L    -2  -3  -4  -4  -2  -3  -4  -4  -4   1   5  -3   2   0  -1  -3  -2  -2  -2   0    0   0   0   0   0   0   0   0   0   0  95   0   2   0   3   0   0   0   0   0  0.69 0.12
   65 G    -1  -3  -1  -1  -3  -3  -3   7  -3  -5  -5  -2  -4  -4  -3  -1  -2  -3  -4  -4    0   0   0   2   0   0   0  98   0   0   0   0   0   0   0   0   0   0   0   0  1.36 0.14
   66 R    -2   6  -1  -2  -2   2  -1  -3   0  -4  -2   1  -2  -3  -3  -2  -2   2  -2  -3    0  82   0   0   1   8   0   0   1   0   2   0   0   0   0   0   0   4   0   0  0.90 0.13
   67 P    -2  -3  -3  -2  -4  -2  -2  -3  -3  -4  -4  -2  -4  -5   8  -2  -2  -5  -4  -3    0   0   0   0   0   0   0   0   0   0   0   0   0   0 100   0   0   0   0   0  2.40 0.18
   68 D    -3  -3   1   7  -5  -1   1  -2  -2  -4  -5  -2  -4  -5  -2  -1  -2  -5  -4  -4    0   0   0  99   0   0   1   0   0   0   0   0   0   0   0   0   0   0   0   0  1.38 0.16
   69 G    -1  -3  -1  -2  -3  -3  -3   7  -3  -5  -5  -2  -4  -4  -3  -1  -2  -3  -4  -4    0   0   0   0   0   0   0 100   0   0   0   0   0   0   0   0   0   0   0   0  1.41 0.14
   70 V    -1  -3   1  -3  -2  -2  -3  -3  -3   3   0  -2   0  -1  -3  -1   0  -4  -2   4    1   0  11   0   0   0   0   0   0  15   1   0   1   0   0   1   4   0   0  65  0.36 0.09
   71 P     0  -3  -3  -2  -3  -2  -2  -3  -3  -3  -3  -2  -3  -2   8  -1  -2  -4  -3  -2    9   0   0   0   0   0   0   0   0   0   0   0   0   3  86   0   0   0   0   3  1.88 0.15
   72 M    -2  -2  -3  -4  -2  -1  -3  -4  -3   0   1  -2   9  -1  -4  -2  -1  -3  -2   0    0   1   0   0   0   0   0   0   0   0   0   0  96   0   0   0   1   0   0   2  1.10 0.20
   73 P    -2  -3  -3  -2  -4  -2  -2  -3  -3  -4  -4  -2  -4  -5   8  -2  -2  -5  -4  -3    0   0   0   0   0   0   0   0   0   0   0   0   0   0 100   0   0   0   0   0  2.40 0.18
   74 D    -2  -2   1   6  -4   0   3  -1  -1  -4  -4  -1  -3  -4  -2  -1  -2  -4  -3  -4    0   0   3  69   0   0  25   3   0   0   0   0   0   0   0   0   0   0   0   0  0.93 0.11
   75 K    -2   2  -1  -2  -4   1   0  -2  -2  -4  -3   6  -2  -4  -2  -1  -1  -4  -3  -3    0   2   0   0   0   0   0   0   0   0   0  98   0   0   0   0   0   0   0   0  0.94 0.15
   76 Y    -3  -3  -3  -3  -3  -3  -3  -4   1  -2  -2  -3  -2   4  -4  -3  -3   1   8  -2    0   0   0   1   0   0   0   0   0   0   0   0   0  18   0   0   0   0  81   0  1.27 0.16
   77 S     0  -2   0  -1  -2  -1  -1  -1  -2  -3  -3  -1  -2  -3  -2   6   1  -4  -3  -3    0   0   0   0   0   0   0   0   0   0   0   0   0   0   0 100   0   0   0   0  0.84 0.16
   78 L    -2  -3  -4  -4  -2  -3  -4  -4  -4   1   5  -3   2   0  -4  -3  -2  -2  -2   0    0   0   0   0   0   0   0   0   0   0  98   0   0   0   0   2   0   0   0   0  0.73 0.12
   79 E     1  -1  -1   0  -3   2   5   0  -1  -3  -3   0  -2  -4  -2   0  -1  -3  -3  -2   13   0   1   0   0  12  62   9   0   0   0   2   0   0   0   0   0   0   0   2  0.56 0.09
   80 P    -1  -3  -3  -2  -4  -2  -2  -3  -3  -4  -3  -2  -3  -5   8  -1  -1  -5  -4  -3    1   0   0   0   0   0   0   0   0   0   1   0   0   0  94   2   1   0   0   0  2.16 0.17
   81 V     0  -3  -4  -4  -2  -3  -3  -4  -4   2   0  -3   1  -1  -3  -2  -1  -4  -2   5    2   0   0   0   0   0   0   0   0   0   0   0   2   1   0   0   1   0   0  93  0.65 0.13
   82 A     5  -2  -2  -3  -1  -1  -2   0  -2  -2  -2  -1  -2  -3  -1   0  -1  -3  -3   0   91   0   0   0   0   1   0   1   0   0   0   0   0   0   1   0   0   0   0   6  0.63 0.13
   83 V     3  -2  -2  -2  -1  -1   0  -1  -2   0  -1  -2  -1  -2  -1   0   0  -3  -2   2   52   0   0   0   0   0   6   1   0   2   0   0   0   0   2   1   4   0   0  32  0.28 0.08
   84 E    -2  -1  -1   1  -5   1   6  -3  -1  -4  -4   0  -3  -4  -2  -1  -2  -4  -3  -3    0   0   0   0   0   0 100   0   0   0   0   0   0   0   0   0   0   0   0   0  1.15 0.16
   85 L    -2  -3  -4  -5  -2  -3  -4  -5  -4   1   5  -3   2   0  -4  -3  -2  -2  -2   0    0   0   0   0   0   0   0   0   0   0 100   0   0   0   0   0   0   0   0   0  0.77 0.12
   86 K    -2   2  -1  -1  -4   1   0  -2  -1  -4  -3   6  -2  -4  -2  -1  -1  -4  -3  -3    0   4   0   0   0   3   1   0   0   0   0  92   0   0   0   0   1   0   0   0  0.85 0.14
   87 S     1  -1   0  -1  -2  -1  -1  -1  -2  -3  -3   0  -2  -2  -1   4   2  -3  -2  -2   12   0   2   0   0   0   0   0   0   0   0   5   0   1   0  67  14   0   0   0  0.48 0.10
   88 L    -2  -3  -4  -5  -2  -3  -4  -4  -4   1   5  -3   2   0  -4  -3  -2  -2  -2   0    1   0   0   0   0   0   0   0   0   0  98   0   1   0   0   0   0   0   0   0  0.75 0.12
   89 L    -2  -3  -4  -4  -2  -3  -4  -4  -3   1   5  -3   3   0  -4  -3  -2  -2  -2   1    0   0   0   0   0   0   0   0   0   1  90   0   6   0   0   0   0   0   0   2  0.68 0.11
   90 G     0  -3  -1  -1  -3  -2  -2   6  -3  -4  -4  -1  -3  -4  -3   0  -2  -3  -4  -3    0   0   1   1   0   0   1  89   0   0   0   2   0   0   0   4   0   0   0   1  1.13 0.12
   91 K    -2   4  -1  -2  -4   1   0  -2  -1  -3  -3   5  -2  -4  -2  -1  -1  -4  -3  -3    0  33   0   0   0   1   0   1   0   1   0  64   0   0   0   0   0   0   0   0  0.75 0.12
   92 D    -2  -2   1   7  -4  -1   2  -2  -2  -4  -4  -1  -4  -4  -2  -1  -2  -5  -4  -4    1   0   4  84   0   0   7   0   0   0   0   2   0   0   0   1   0   0   0   0  1.09 0.13
   93 V    -1  -3  -4  -3  -2  -3  -3  -4  -4   3   0  -3   0  -1  -3  -2  -1  -4  -2   5    1   0   0   1   0   0   0   0   0  11   0   0   0   0   0   0   1   0   0  86  0.61 0.12
   94 L    -1  -2  -2  -3  -2  -1  -2  -3  -2   1   4  -1   1  -1  -3  -2   1  -2  -2   1    2   1   0   1   0   2   1   0   1   6  64   6   1   0   0   0  10   0   0   4  0.29 0.07
   95 F    -3  -4  -4  -5  -3  -4  -4  -4  -2  -1   0  -4  -1   8  -5  -3  -3   0   2  -2    0   0   0   0   0   0   0   0   0   0   0   0   0  99   0   1   0   0   0   0  1.32 0.17
   96 L    -2  -3  -4  -4  -2  -2  -4  -4  -3   1   5  -3   2   0  -4  -3  -2  -2  -2   0    0   0   0   0   0   0   0   0   0   0  93   0   5   0   0   0   0   0   0   0  0.68 0.12
   97 K    -1   2   0  -1  -4   1   0  -2  -1  -4  -3   6  -2  -4  -2  -1  -1  -4  -3  -3    0   1   2   0   0   1   0   0   1   0   0  92   0   0   0   2   1   0   0   0  0.83 0.14
   98 D    -3  -2   1   7  -4  -1   1  -2  -2  -4  -5  -1  -4  -5  -2  -1  -2  -5  -4  -4    0   0   3  96   0   0   0   1   0   0   0   0   0   0   0   0   0   0   0   0  1.32 0.16
   99 C    -1  -5  -4  -5  11  -4  -5  -4  -4  -2  -2  -4  -3  -4  -4  -2  -2  -4  -4  -2    0   0   0   0 100   0   0   0   0   0   0   0   0   0   0   0   0   0   0   0  2.15 0.21
  100 V    -1  -3  -4  -4  -2  -3  -3  -4  -4   2   0  -3   0  -2  -3  -2  -1  -4  -2   6    1   0   0   0   0   0   0   0   0   1   0   0   1   0   0   0   0   0   0  97  0.71 0.14
  101 G    -1  -3  -1   0  -3  -3  -3   6  -3  -5  -5  -2  -4  -4  -3  -1  -2  -3  -4  -4    0   0   0   4   0   0   0  96   0   0   0   0   0   0   0   0   0   0   0   0  1.31 0.14
  102 P     1  -2  -2  -2  -2  -1  -1  -2  -2  -3  -3  -1  -3  -4   7   1  -1  -4  -3  -2   12   0   0   1   1   2   1   0   0   0   1   1   0   0  62  18   0   0   0   1  1.19 0.11
  103 E    -1  -1  -1   2  -5   1   6  -3  -1  -4  -4   0  -3  -4  -2  -1  -2  -4  -3  -3    1   0   0   5   0   1  92   0   0   0   0   0   0   0   0   0   0   0   0   0  1.03 0.15
  104 V    -1  -3  -4  -4  -2  -3  -3  -4  -4   2   0  -3   0  -2  -3  -2  -1  -4  -2   6    0   0   0   0   0   0   1   0   0   1   0   0   0   0   0   0   0   0   0  98  0.71 0.14
  105 E    -2  -1  -1   1  -5   1   6  -2  -1  -4  -4   0  -3  -4  -2  -1  -2  -4  -3  -3    0   0   0   0   0   0  97   1   0   0   0   1   0   0   0   0   0   0   0   0  1.08 0.15
  106 K     1   1   2  -1  -3   1   0  -1  -1  -3  -3   4  -2  -3  -2   0  -1  -3  -2  -2   21   1  11   0   0   6   1   0   0   0   0  58   0   0   0   2   0   0   0   0  0.43 0.09
  107 A     5  -2  -2  -2  -1  -1  -2  -1  -2  -2  -2  -1  -2  -3  -2   1   0  -3  -2  -1   93   0   0   0   0   0   0   0   0   0   0   0   0   0   0   0   4   0   0   2  0.66 0.13
  108 C    -1  -5  -4  -5  10  -4  -5  -4  -4  -2  -2  -4  -2  -3  -4  -2  -2  -3  -3  -2    0   0   0   0  98   0   0   0   0   0   0   0   0   1   0   0   0   0   0   0  2.06 0.20
  109 A     5  -2  -2  -2  -1  -1  -1   0  -2  -2  -2  -1  -2  -3  -2   1   0  -3  -3  -1   91   0   0   0   0   0   2   2   0   0   0   1   0   0   0   1   3   0   0   0  0.63 0.12
  110 N    -1  -1   5   4  -3  -1   0  -1  -1  -4  -4  -1  -3  -4  -2   1  -1  -4  -3  -3    5   2  53  33   0   0   0   0   0   0   0   0   0   0   0   7   0   0   0   0  0.72 0.10
  111 P    -2  -3  -3  -2  -4  -2  -2  -3  -3  -4  -4  -2  -3  -5   8  -2  -2  -5  -4  -3    0   0   0   0   0   0   0   0   0   0   0   0   0   0  99   0   0   0   0   0  2.35 0.18
  112 A     5  -2  -2  -2  -1  -1  -1   0  -2  -2  -2  -1  -2  -3   3   0  -1  -3  -3  -1   77   0   1   1   1   0   0   3   0   0   0   0   0   0  15   0   0   0   0   1  0.57 0.11
  113 A     3  -1   1   1  -2  -1  -1  -1   0  -2  -2  -1  -2  -3   2   1   2  -3  -2  -1   45   1   9   8   0   1   1   0   2   0   0   1   0   0   9   5  16   0   0   1  0.28 0.06
  114 G     0  -2  -1  -1  -3  -2  -1   6  -3  -3  -4  -1  -3  -4  -3  -1  -2  -3  -4  -3    3   2   0   2   0   0   3  85   0   2   0   1   0   0   0   0   0   0   0   0  1.01 0.11
  115 S     1  -2   0  -1  -2  -1  -1  -1  -2  -3  -3  -1  -2  -3  -2   5   2  -3  -2  -2    2   0   0   0   0   0   0   0   0   0   0   0   0   0   0  82  14   0   0   0  0.64 0.13
  116 V    -1  -3  -4  -4  -2  -3  -3  -4  -4   3   0  -3   0  -1  -3  -2  -1  -4  -2   5    0   0   0   0   0   0   0   0   0  14   0   0   0   0   0   0   0   0   0  85  0.63 0.12
  117 I    -2  -4  -4  -4  -2  -4  -4  -5  -4   6   1  -3   1   0  -4  -3  -1  -3  -2   2    0   0   0   0   0   0   0   0   0  92   3   0   0   3   0   0   0   0   0   0  0.72 0.13
  118 L    -2  -3  -4  -4  -2  -3  -4  -4  -4   1   5  -3   2   0  -4  -3  -2  -2  -2   0    0   0   0   0   0   0   0   0   0   0  98   0   0   1   0   0   0   0   0   0  0.73 0.12
  119 L    -2  -2  -4  -4  -1  -3  -3  -4  -3   1   5  -3   1   0  -3  -3  -2  -2  -2   0    0   2   0   0   1   0   0   0   0   0  95   0   0   0   1   0   0   0   0   0  0.67 0.11
  120 E    -2  -1  -1   1  -5   2   6  -3  -1  -4  -4   0  -3  -4  -2  -1  -2  -4  -3  -3    0   0   0   0   0   2  97   1   0   0   0   0   0   0   0   0   0   0   0   0  1.10 0.16
  121 N    -2  -1   7   1  -4  -1  -1  -1   0  -4  -4  -1  -3  -4  -3   0  -1  -5  -3  -4    0   0  97   0   0   0   0   0   0   0   0   1   0   0   0   1   0   0   0   0  1.22 0.17
  122 L    -2  -3  -4  -4  -2  -3  -4  -4  -4   1   5  -3   2   0  -4  -3  -2  -2  -2   0    0   0   0   0   0   0   0   0   0   0  99   0   0   0   0   0   0   0   0   0  0.75 0.12
  123 R    -2   6  -1  -2   3   0  -1  -2   3  -4  -3   1  -2  -3  -3  -1  -2  -3  -2  -3    0  77   0   0  10   1   0   1  10   0   0   0   0   0   0   0   0   0   0   0  0.83 0.13
  124 F    -3  -4  -4  -5  -3  -4  -4  -4  -2  -1   0  -4  -1   8  -5  -3  -3   0   2  -2    0   0   0   0   0   0   0   0   0   0   0   0   0 100   0   0   0   0   0   0  1.36 0.17
  125 H    -3  -1   0  -2  -4   0  -1  -3  10  -4  -4  -2  -3  -2  -3  -2  -3  -4   1  -4    0   0   1   0   0   0   0   0  97   0   0   0   0   0   0   0   0   0   0   0  1.66 0.20
  126 V    -1  -3  -4  -4  -2  -3  -3  -4  -4   2   1  -3   1  -1  -3  -2  -1  -4  -2   5    2   0   0   0   0   0   0   0   0   1   2   0   5   0   0   0   0   0   0  90  0.63 0.13
  127 E     1  -1  -1   1  -4   1   6  -2  -1  -4  -4   0  -3  -4  -2  -1  -1  -4  -3  -3   13   0   0   0   0   0  84   1   0   0   0   2   0   0   0   0   0   0   0   0  0.84 0.13
  128 E    -2  -1  -1   1  -5   1   6  -3  -1  -4  -4   1  -3  -4  -2  -1  -2  -4  -3  -3    0   0   0   0   0   0  97   0   0   0   0   3   0   0   0   0   0   0   0   0  1.10 0.16
  129 E    -2  -1  -1   1  -5   1   6  -3  -1  -4  -4   0  -3  -4  -2  -1  -2  -4  -3  -3    0   0   0   0   0   0  98   0   0   0   0   0   0   0   0   0   0   0   0   0  1.11 0.16
  130 G    -1  -2  -1  -2  -3  -2  -2   7  -3  -5  -5  -2  -4  -4  -3  -1  -2  -3  -4  -4    0   1   0   0   0   0   2  97   0   0   0   0   0   0   0   0   0   0   0   0  1.31 0.14
  131 K    -2   2  -1  -2  -4   1   0  -2  -2  -4  -3   6  -2  -4  -2  -1  -1  -4  -3  -3    0   0   0   0   0   0   0   0   0   0   0 100   0   0   0   0   0   0   0   0  0.96 0.16
  132 G     0  -3  -1  -2  -3  -3  -3   7  -3  -5  -5  -2  -4  -4  -3  -1  -2  -3  -4  -4    1   0   0   0   0   0   0  99   0   0   0   0   0   0   0   0   0   0   0   0  1.39 0.14
  133 K    -1   1  -1  -1  -4   3   0  -2  -1  -3  -2   5  -2  -4  -2  -1  -1  -4  -2  -2    0   0   1   0   0  15   0   0   0   1   2  79   0   0   0   0   0   0   0   2  0.68 0.12
  134 D    -2  -2   1   7  -4  -1   1  -2  -1  -4  -5  -2  -4  -4  -2  -1  -2  -5  -2  -4    1   0   0  96   0   0   0   0   1   0   0   0   0   0   0   0   0   0   1   0  1.27 0.15
  135 A     4  -2  -2  -2  -1  -1  -1  -1  -2  -2  -2  -1  -2  -3   3   1   0  -3  -3  -1   68   0   0   1   0   0   2   0   0   0   1   0   0   0  15   7   4   0   0   3  0.49 0.09
  136 S     2  -2   0  -1  -2  -1  -1  -1  -2  -3  -3  -1  -2  -3  -2   5   1  -4  -3  -2   10   0   0   0   0   0   0   1   0   0   0   0   0   0   0  88   1   0   0   0  0.69 0.14
  137 G    -1  -2  -1  -2  -3  -2  -2   7  -3  -5  -5  -2  -4  -4  -3  -1  -2  -3  -4  -4    0   1   0   0   0   0   2  97   0   0   0   0   0   0   0   0   0   0   0   0  1.31 0.14
  138 N    -2  -1   7   0  -4   0  -1  -1   0  -4  -4   1  -3  -4  -3   0  -1  -5  -3  -4    1   0  88   0   0   1   1   1   0   0   0   8   0   0   0   1   0   0   0   0  1.02 0.15
  139 K    -2   2  -1  -1  -4   1   0  -2  -2  -4  -3   6  -2  -4  -2  -1  -1  -4  -3  -3    0   0   0   0   0   0   1   0   0   0   0  98   0   0   0   0   0   0   0   0  0.93 0.15
  140 V     0  -3  -2  -3  -1  -2  -3  -3  -3   3   1  -2   0  -1  -3  -1   2  -3  -2   3    4   0   2   0   0   0   0   0   0  30   6   0   0   0   0   0  18   0   0  40  0.31 0.07
  141 K    -1   1   0  -1  -4   1   1  -2  -1  -3  -3   6  -2  -4  -2   0   0  -4  -3  -2    1   0   3   0   0   1   3   0   0   0   0  84   0   0   0   4   3   0   0   1  0.68 0.12
  142 A     5  -2  -2  -2  -1  -1  -1   0  -2  -2  -2  -1  -2  -2  -1   1  -1  -3  -2  -1   93   0   0   0   0   0   2   1   0   0   0   0   0   1   1   1   0   0   0   1  0.65 0.13
  143 E    -1  -1   0   4  -3   1   4  -1  -1  -3  -3   1  -3  -3  -2   1   0  -4  -2  -3    0   0   1  26   0   0  44   2   0   0   0   6   0   0   0  14   6   0   1   0  0.51 0.07
  144 P     0  -2  -2  -1  -3   2  -1  -2  -2  -3  -3  -1  -2  -4   7   0  -1  -4  -2  -3    7   0   0   3   0  13   1   0   0   0   0   0   0   0  63   9   1   0   1   0  1.21 0.11
  145 A     4  -2  -1   1  -2   0   2   0  -1  -2  -2  -1  -2  -3  -1   0  -1  -3  -2  -1   57   0   1   8   0   1  20   6   1   0   0   0   0   0   0   1   1   0   1   1  0.33 0.07
  146 K    -1   1   0   0  -4   3   1  -2   0  -3  -3   5  -2  -4  -2  -1  -1  -3  -2  -3    2   2   1   4   0  15   7   0   1   0   0  65   0   0   0   1   2   0   0   0  0.55 0.09
  147 I    -1  -3  -3  -4  -2  -3  -3  -4  -4   4   1  -3   1  -1  -3  -2   0  -3  -2   4    0   0   0   0   0   0   0   0   0  44   3   0   0   0   0   0   3   0   0  48  0.48 0.09
  148 E    -1  -1   0   4  -4   1   5  -2  -1  -4  -4   1  -3  -4  -2   0  -1  -4  -3  -3    1   0   1  29   0   2  55   0   0   0   0   7   0   0   0   2   0   0   0   0  0.70 0.09
  149 A     5  -2  -2  -2   0  -1  -1   0  -2  -2  -2  -1  -2  -3  -1   2   0  -3  -2  -1   77   0   0   1   2   0   0   1   0   0   0   1   0   0   0  14   2   0   0   1  0.50 0.10
  150 F    -3  -4  -4  -4  -3  -4  -4  -4  -2  -1   0  -4  -1   8  -4  -3  -3   0   2  -2    0   0   0   0   0   0   0   0   0   0   0   0   0  96   0   0   0   0   0   0  1.23 0.15
  151 R    -2   6  -1  -2  -2   3   0  -3  -1  -3  -3   1  -2  -3  -2  -1  -2  -3  -2  -3    0  71   0   0   1  19   0   0   0   0   0   0   0   0   0   0   0   0   0   0  0.76 0.12
  152 A     5  -2  -2  -1  -1  -1  -1  -1  -2  -2  -2  -1  -1  -3  -1   1   0  -3  -2   0   79   0   0   2   0   2   2   0   0   0   1   1   0   0   0   2   5   0   0   3  0.46 0.10
  153 S     0  -2   0  -1  -2  -1  -1  -1  -2  -3  -3  -1  -2  -3   0   5   1  -4  -2  -2    0   0   0   0   0   0   0   0   0   0   0   0   0   0   2  93   0   0   0   2  0.71 0.14
  154 L    -2  -3  -4  -4  -2  -3  -3  -4  -3   1   5  -3   2   0  -3  -3  -2  -2  -2   0    0   0   0   0   0   0   0   0   0   0  96   0   2   0   0   0   0   0   0   0  0.71 0.11
  155 S     1  -2   0  -1  -2  -1  -1  -1  -2  -3  -3  -1  -2  -2   0   5   1  -3  -2  -2    2   0   0   0   0   0   0   0   0   0   2   0   0   1   3  90   0   0   0   0  0.66 0.13
  156 K    -1   2  -1  -1  -4   1   0  -2  -1  -3  -3   6  -2  -4  -2  -1  -1  -4  -3  -3    1   2   0   0   0   1   0   0   0   0   0  93   0   0   0   2   1   0   0   0  0.84 0.14
  157 L    -2  -3  -4  -4  -2  -3  -4  -4  -4   1   5  -3   2   0  -4  -3  -2  -2  -2   0    0   0   0   0   0   0   0   0   0   2  97   0   0   0   0   0   0   0   0   0  0.73 0.12
  158 G     0  -3  -1  -2  -3  -2  -3   6  -3  -4  -4  -2  -3  -4  -3  -1  -2  -3  -4  -4    0   0   0   0   0   0   0  95   0   0   0   0   0   0   0   2   0   0   0   0  1.27 0.13
  159 D    -2  -2   1   7  -4  -1   1  -2  -2  -4  -4  -1  -4  -4  -2  -1  -1  -5  -4  -3    0   0   0  94   0   0   0   1   0   0   0   0   0   0   0   0   2   0   0   1  1.22 0.15
  160 V    -1  -3  -3  -3  -1  -3  -3  -4  -4   3   0  -3   1  -1  -3  -2  -1  -3  -2   5    0   0   0   1   0   0   0   0   0  12   0   0   2   0   0   0   1   0   0  82  0.56 0.11
  161 Y    -3  -2  -3  -4  -3  -2  -3  -4   1  -2  -2  -3  -2   2  -4  -3  -3   1   8  -2    0   2   0   0   0   0   0   0   0   0   0   0   0   0   0   0   0   0  96   0  1.44 0.18
  162 V    -1  -3  -4  -4  -1  -3  -3  -4  -4   3   0  -3   0  -1  -3  -2  -1  -3  -2   5    2   0   0   0   0   0   0   0   0  17   0   0   0   0   0   0   0   0   0  79  0.57 0.11
  163 N    -2  -1   7   1  -3  -1  -1  -1   0  -4  -4  -1  -3  -4  -3   0  -1  -4  -3  -4    0   0  94   0   0   0   0   0   0   0   0   1   0   0   0   2   0   0   0   0  1.12 0.16
  164 D    -3  -2   1   7  -4  -1   1  -2  -2  -4  -4  -1  -4  -4  -2  -1  -2  -5  -4  -4    0   0   1  95   0   0   2   0   0   0   0   0   0   0   0   0   0   0   0   0  1.27 0.15
  165 A     5  -2  -2  -2  -1  -1  -2   0  -2  -2  -2  -1  -2  -3  -1   1  -1  -3  -3  -1   96   0   0   0   0   0   0   0   0   0   0   0   0   0   2   0   0   0   0   0  0.70 0.13
  166 F    -3  -3  -4  -4  -3  -4  -4  -4  -1  -1   0  -4  -1   8  -4  -3  -3   0   2  -2    0   0   0   0   0   0   0   0   1   0   3   0   0  92   0   0   0   0   0   0  1.13 0.15
  167 G     0  -3  -1  -2  -2  -2  -3   6  -3  -4  -4  -2  -3  -4  -3  -1  -2  -3  -4  -4    0   0   0   0   1   0   0  94   0   0   1   0   0   0   0   0   0   0   0   0  1.24 0.12
  168 T    -1  -2  -1  -2  -2  -1  -2  -2  -2  -1  -2  -1  -1  -3  -2   1   6  -3  -2  -1    1   0   0   0   0   0   0   0   0   2   1   0   0   0   0   0  92   0   0   0  0.78 0.14
  169 A     5  -2  -2  -2  -1  -1  -1   0  -2  -2  -2  -1  -2  -3  -1   1   0  -3  -2  -1   93   0   0   0   0   0   0   0   0   0   0   0   0   0   0   0   3   0   0   1  0.64 0.12
  170 H    -3  -1   0  -2  -4   0  -1  -3  10  -4  -4  -2  -2  -2  -3  -2  -3  -3   1  -4    0   0   0   0   0   0   0   0  96   0   0   0   0   0   0   0   0   0   0   0  1.59 0.19
  171 R    -2   7  -1  -2   0   1  -1  -3   0  -4  -3   2  -2  -4  -3  -1  -2  -3  -2  -3    0  89   0   0   2   2   0   0   1   0   0   1   0   0   0   0   0   0   0   0  1.00 0.14
  172 A     5  -2  -2  -2  -1  -1  -2   0  -2  -2  -2  -1  -2  -3  -1   1   0  -3  -2  -1   93   0   0   0   0   0   0   2   0   0   0   0   0   0   0   0   2   0   0   1  0.65 0.12
  173 H    -3  -1   0  -2  -4   0  -1  -3   9  -4  -4  -2  -2  -2  -3  -2  -2  -3   1  -4    0   0   1   0   0   1   0   0  94   0   0   0   0   0   0   0   1   0   0   0  1.53 0.19
  174 S     0  -1   0   0  -2  -1  -1  -1  -2  -2  -3  -1  -2  -3  -2   5   1  -4  -3  -2    0   2   0   2   0   0   0   0   0   2   0   0   0   0   0  94   0   0   0   0  0.72 0.15
  175 S     0  -2   0  -1  -2  -1  -1  -1  -2  -3  -3  -1  -2  -3  -2   6   1  -4  -2  -3    0   0   0   0   0   0   0   0   0   0   0   0   0   1   0  97   0   0   0   0  0.77 0.16
  176 M    -1  -2  -3  -4  -2  -1  -3  -4  -3   1   1  -2   9  -1  -4  -2  -1  -3  -2   0    2   1   0   0   0   0   0   0   0   2   0   0  93   0   0   0   2   0   0   1  1.02 0.19
  177 V    -1  -3  -4  -4  -2  -3  -3  -3  -4   2   0  -3   0  -1  -3  -2  -1  -4  -2   5    2   0   0   0   0   0   0   2   0   0   0   0   0   2   0   0   0   0   0  94  0.64 0.13
  178 G    -1  -3  -1  -2  -1  -2  -2   6  -3  -4  -4  -2  -3  -4  -3  -1  -2  -3  -4  -3    0   0   0   0   1   0   2  95   0   0   0   0   0   0   0   0   0   0   0   2  1.25 0.13
  179 V    -1  -3  -4  -3  -1  -3  -3  -4  -4   2   0  -3   0  -2  -3  -2  -1  -4  -2   5    0   0   0   2   1   0   0   0   0   1   2   0   0   0   0   0   0   0   0  94  0.65 0.13
  180 N    -2  -1   7   1  -3   0  -1  -1   0  -3  -4  -1  -3  -4  -3   0   0  -4  -2  -3    0   0  85   3   0   1   1   0   1   1   0   1   0   0   0   2   3   0   1   0  0.96 0.14
  181 L    -2  -3  -4  -5  -2  -3  -4  -5  -4   1   5  -3   2   0  -4  -3  -2  -2  -2   0    0   0   0   0   0   0   0   0   0   0 100   0   0   0   0   0   0   0   0   0  0.77 0.12
  182 P    -2  -3  -3  -2  -4  -2  -2  -3  -3  -4  -4  -2  -3  -5   8  -1  -2  -5  -4  -3    0   0   0   0   0   0   0   0   0   0   0   0   0   0  96   3   0   0   0   0  2.25 0.17
  183 Q    -2   0  -1   0  -4   7   1  -3   2  -3  -3   1  -1  -4  -2  -1  -2  -3  -2  -3    0   0   0   2   0  87   1   0   4   1   1   3   0   0   0   0   0   0   0   0  0.96 0.16
  184 K    -2   3  -1  -2  -4   1   0  -2  -1  -3  -2   6  -2  -4  -2  -1  -1  -4  -3  -3    0   8   1   0   0   0   0   0   0   1   2  88   0   0   0   0   0   0   0   0  0.78 0.13
  185 A     5  -2  -2  -2  -1  -2  -2  -1  -2  -1  -2  -2  -2  -3  -2   0  -1  -3  -3   0   94   0   0   1   0   0   0   0   0   2   0   0   0   0   0   0   0   0   0   2  0.66 0.13
  186 G     3  -1  -1  -1   3  -1  -2   3  -2  -3  -3  -1  -2  -3  -2   2  -1  -3  -3  -2   37   2   0   1   8   0   0  31   0   0   0   0   0   0   0  20   0   0   0   0  0.42 0.07
  187 G     0  -3  -1  -2   0  -2  -2   6  -3  -4  -4  -2  -3  -4  -3  -1  -2  -3  -4  -4    4   0   0   0   2   0   2  91   0   0   0   0   0   0   0   0   0   0   0   0  1.19 0.13
  188 F    -3  -4  -4  -4  -3  -4  -4  -4  -2  -1   0  -4  -1   8  -5  -2  -3   0   2  -2    0   0   0   0   0   0   0   0   0   0   0   0   0  98   0   2   0   0   0   0  1.29 0.17
  189 L    -2  -3  -4  -5  -2  -3  -4  -5  -4   1   5  -3   2   0  -4  -3  -2  -2  -2   0    0   0   0   0   0   0   0   0   0   0  99   0   0   1   0   0   0   0   0   0  0.75 0.12
  190 M    -2  -2  -3  -4  -2  -1  -3  -4  -3   1   1  -2   9  -1  -4  -3  -2  -3  -2   0    0   0   0   0   0   0   0   0   0   3   1   0  93   0   0   0   0   0   0   2  1.07 0.19
  191 K    -2   2  -1  -1  -4   1   1  -2  -2  -4  -3   6  -2  -4  -2  -1  -1  -4  -3  -3    0   0   0   0   0   0   2   0   0   0   0  98   0   0   0   0   0   0   0   0  0.93 0.15
  192 K    -1   2  -1  -1  -4   1   0  -2   0  -4  -3   6  -2  -4  -2  -1  -1  -4  -2  -3    0   1   0   0   0   0   0   0   2   0   0  95   0   0   0   0   0   0   0   0  0.87 0.14
  193 E    -2  -1  -1   1  -4   1   6  -3  -1  -4  -4   0  -3  -4  -2  -1  -2  -4  -3  -3    0   0   0   0   0   0  98   0   0   0   0   0   0   0   0   0   0   0   0   0  1.10 0.15
  194 L    -2  -3  -4  -4  -2  -3  -4  -4  -3   1   5  -3   2   0  -4  -3  -2  -2  -2   0    0   0   0   0   0   0   0   0   0   0  96   0   1   0   0   0   0   0   0   1  0.70 0.11
  195 N    -2  -1   4   5  -4   0   2  -2  -1  -4  -4  -1  -3  -2  -1   0   0  -4  -3  -3    0   0  32  43   0   0  15   0   0   0   0   0   0   2   2   1   5   0   0   0  0.65 0.09
  196 Y    -3  -3  -3  -4   0  -2  -3  -4   1  -2  -2  -3  -2   2  -4  -3  -3   1   8  -2    0   0   0   0   2   0   0   0   0   0   0   0   0   1   0   0   0   0  97   0  1.50 0.19
  197 F    -3  -4  -4  -5  -3  -4  -4  -4  -2  -1   0  -4  -1   8  -5  -3  -3   0   2  -2    0   0   0   0   0   0   0   0   0   0   2   0   0  98   0   0   0   0   0   0  1.31 0.17
  198 A     5  -2  -2  -2  -1  -1  -2   0  -2  -2  -2  -1  -2  -3  -2   1   0  -3  -3  -1   88   0   0   0   0   0   0   4   0   0   0   2   0   0   0   3   2   0   0   1  0.60 0.12
  199 K    -1   2  -1  -2  -4   1   0  -2  -1  -3  -2   5   3  -3  -2  -1  -1  -3  -1  -2    1   3   0   0   0   0   2   0   0   0   0  79  13   0   0   0   0   0   2   0  0.62 0.13
  200 A     5  -2  -2  -3  -1  -2  -2  -1  -2  -2  -2  -1  -2  -3  -2   1   0  -3  -3   0   94   0   0   0   0   0   0   0   0   0   0   0   0   0   0   3   1   0   0   2  0.68 0.13
  201 L    -2  -3  -4  -4  -2  -3  -4  -4  -4   1   5  -3   2   0  -4  -3  -1  -2  -2   0    1   0   0   0   0   0   0   0   0   0  96   0   0   0   0   0   2   0   0   1  0.70 0.12
  202 E    -2  -1  -1   1  -5   1   6  -3  -1  -4  -4   0  -3  -4  -2  -1  -2  -4  -3  -3    0   0   0   0   0   0  99   0   0   0   0   1   0   0   0   0   0   0   0   0  1.13 0.16
  203 S     0   0   4   0  -2   0   0  -1   1  -2  -3   2  -2  -3  -2   3   1  -4  -2  -2    0   2  28   1   0   0   0   0   4   2   0  17   0   0   0  42   4   0   0   0  0.38 0.08
  204 P    -2  -3  -3  -2  -4  -2  -2  -3  -3  -3  -3  -2  -3  -2   8  -2  -2   0  -3  -3    0   0   0   0   0   0   0   0   0   0   3   0   0   2  92   0   0   1   0   0  2.06 0.16
  205 E    -1   0   0   1  -4   3   5  -3  -1  -3  -3   1  -2  -4  -1  -1  -1  -3  -3  -1    1   2   2   0   0  11  72   0   0   0   0   3   0   0   1   0   0   0   0   7  0.68 0.11
  206 R    -2   6   0  -2  -4   1  -1  -3   1  -3  -2   2  -2  -3  -3  -1  -2  -3  -2  -3    0  76   2   0   0   5   0   0   3   0   2   8   0   0   0   1   0   0   0   0  0.82 0.12
  207 P    -2  -2  -3  -2  -4  -2  -2  -3  -2  -3  -3  -2  -3  -2   8  -2  -1  -4  -3  -3    0   1   0   0   0   0   0   0   1   0   2   0   0   2  90   0   1   0   0   0  1.99 0.16
  208 F    -3  -4  -4  -4  -3  -4  -4  -4  -2  -1   0  -4  -1   8  -4  -3  -3   0   2  -2    0   0   0   0   0   0   0   0   0   0   0   0   0  98   0   0   0   0   0   0  1.29 0.16
  209 L    -2  -3  -4  -4  -2  -3  -4  -4  -3   1   5  -3   2   1  -4  -3  -2  -2  -1   0    0   0   0   0   0   0   0   0   0   0  96   0   0   2   0   0   0   0   0   0  0.70 0.11
  210 A     5  -2  -2  -3  -1  -2  -2  -1  -2  -2  -2  -1  -2  -3  -2   1   0  -3  -3  -1   94   0   0   0   0   0   0   0   0   0   0   0   0   0   0   2   2   0   0   1  0.68 0.13
  211 I    -2  -4  -4  -4  -2  -4  -4  -5  -4   6   1  -4   1  -1  -4  -3  -1  -3  -2   2    0   0   0   0   0   0   0   0   0  98   2   0   0   0   0   0   0   0   0   0  0.81 0.14
  212 L    -2  -3  -4  -5  -2  -3  -4  -5  -4   1   5  -3   2   0  -4  -3  -2  -2  -2   0    0   0   0   0   0   0   0   0   0   0 100   0   0   0   0   0   0   0   0   0  0.77 0.12
  213 G     0  -3  -1  -2  -3  -3  -3   6  -3  -4  -4  -2  -3  -4  -3  -1  -2  -3  -4  -3    0   0   0   0   0   0   0  95   0   0   0   0   0   0   0   2   0   0   0   2  1.28 0.13
  214 G    -1   1  -1  -2  -3  -2  -3   6  -3  -5  -4  -1  -3  -4  -3  -1  -2  -3  -4  -4    0  12   0   0   0   0   0  88   0   0   0   0   0   0   0   0   0   0   0   0  1.14 0.12
  215 A     5  -2  -2  -3  -1  -2  -2   0  -2  -2  -2  -1  -2  -3  -1   1   0  -3  -3  -1   94   0   0   0   0   0   0   4   0   0   0   0   0   0   1   0   2   0   0   0  0.68 0.13
  216 K    -2   2  -1  -2  -4   1   0  -2  -2  -4  -3   6  -2  -4  -2  -1  -1  -4  -3  -3    0   0   0   0   0   0   0   0   0   0   0  98   0   0   0   0   2   0   0   0  0.91 0.15
  217 V    -1  -3  -4  -4  -2  -3  -3  -4  -4   2   0  -3   0  -1  -3  -2  -1  -4  -2   6    1   0   0   0   0   0   0   0   0   0   0   0   0   1   0   0   0   0   0  98  0.71 0.14
  218 A     3   0  -1  -2  -2   3   0  -1  -1  -2  -2   2  -1  -3  -1   0   0  -3  -2  -1   49   0   0   0   0  20   2   0   0   0   0  20   0   0   0   1   5   0   0   4  0.33 0.08
  219 D    -3  -3   1   7  -5  -1   1  -2  -2  -4  -5  -2  -4  -4  -2  -1  -2  -5  -2  -4    0   0   0  98   0   0   0   0   0   0   0   0   0   0   0   0   0   0   2   0  1.34 0.16
  220 K    -2   2  -1  -2  -4   1   0  -2  -2  -4  -3   6  -2  -4  -2  -1  -1  -4  -3  -3    0   1   0   0   0   0   0   0   0   0   0  99   0   0   0   0   0   0   0   0  0.95 0.16
  221 I    -2  -4  -4  -4  -2  -4  -4  -5  -4   6   1  -4   1  -1  -4  -3  -2  -4  -2   2    0   0   0   0   0   0   0   0   0 100   0   0   0   0   0   0   0   0   0   0  0.84 0.15
  222 Q    -2   0  -1  -1  -4   7   1  -3   0  -4  -3   0  -1  -4  -2  -1  -2  -3  -2  -3    0   0   0   0   0 100   0   0   0   0   0   0   0   0   0   0   0   0   0   0  1.23 0.19
  223 L    -2  -3  -4  -5  -2  -3  -4  -5  -4   1   5  -3   2   0  -4  -3  -2  -2  -2   0    0   0   0   0   0   0   0   0   0   0  99   0   1   0   0   0   0   0   0   0  0.76 0.12
  224 I    -2  -4  -4  -4  -2  -4  -4  -5  -4   6   1  -4   1  -1  -4  -3  -2  -4  -2   2    0   0   0   0   0   0   0   0   0 100   0   0   0   0   0   0   0   0   0   0  0.84 0.15
  225 N    -2   0   6   1  -3   0  -1  -1   0  -4  -4   2  -3  -4  -2   1   0  -4  -3  -3    0   1  68   2   0   1   0   0   0   0   0  19   0   0   0   7   2   0   0   0  0.72 0.12
  226 N    -2  -1   7   1  -4  -1  -1  -1   0  -4  -4  -1  -3  -4  -3   0  -1  -5  -3  -4    0   0  99   0   0   0   0   0   0   0   0   0   0   0   0   0   1   0   0   0  1.25 0.17
  227 M    -2  -2  -3  -4  -2  -1  -3  -4  -3   0   2  -2   8  -1  -4  -3  -2  -2  -2   0    0   0   0   0   0   0   0   0   0   0  11   0  89   0   0   0   0   0   0   0  1.02 0.19
  228 L    -2  -3  -4  -5  -2  -3  -4  -5  -4   1   5  -3   2   0  -4  -3  -2  -2  -2   0    0   0   0   0   0   0   0   0   0   1  99   0   0   0   0   0   0   0   0   0  0.76 0.12
  229 D    -3  -2   1   7  -4  -1   1  -1  -2  -4  -5  -1  -4  -5  -2  -1  -2  -5  -4  -4    0   0   1  95   0   0   2   2   0   0   0   0   0   0   0   0   0   0   0   0  1.30 0.15
  230 K    -2   2  -1  -1  -4   2   0  -2  -1  -4  -3   6  -2  -4  -2  -1  -1  -4  -3  -3    0   0   0   0   0   8   0   0   0   0   0  92   0   0   0   0   0   0   0   0  0.86 0.14
  231 V    -1  -3  -4  -4  -2  -3  -3  -4  -4   2   0  -3   0  -2  -3  -2  -1  -4  -2   6    0   0   0   0   0   0   0   0   0   0   0   0   0   0   0   0   0   0   0  98  0.71 0.14
  232 N    -2  -1   7   2   0  -1  -1  -1   0  -4  -4  -1  -3  -4  -3   0  -1  -4  -3  -4    0   0  83  10   3   0   0   0   1   0   0   0   0   0   0   1   0   0   0   0  0.97 0.14
  233 E    -1  -1  -1   1  -4   1   6  -3   1  -4  -3   0  -3  -1  -2  -1  -2  -3  -2  -3    1   0   0   1   0   1  88   0   4   0   1   0   0   3   0   0   0   0   0   0  0.89 0.13
  234 M    -2  -2  -3  -4  -2  -1  -3  -4  -3   0   1  -2   9  -1  -3  -2  -1  -2  -2   0    0   0   0   0   0   0   0   0   0   1   0   0  96   0   0   0   1   0   0   0  1.11 0.20
  235 I    -2  -4  -4  -4  -2  -4  -4  -5  -4   6   1  -3   1  -1  -4  -3  -1  -3  -2   2    0   0   0   0   0   0   0   0   0  98   0   0   0   0   0   0   0   0   0   0  0.80 0.14
  236 I    -2  -4  -4  -4  -2  -4  -4  -5  -4   6   1  -3   1  -1  -4  -3  -1  -3  -2   2    0   0   0   0   0   0   0   0   0  95   0   0   0   0   0   0   0   0   0   3  0.77 0.14
  237 G     0  -3  -1  -2  -2  -3  -3   7  -3  -5  -4  -2  -3  -4  -3  -1  -2  -3  -4  -4    0   0   0   0   1   0   0  98   0   0   0   0   0   0   0   0   0   0   0   0  1.33 0.14
  238 G     0  -3  -1  -2  -3  -2  -3   7  -3  -5  -4  -2  -3  -4  -3  -1  -2  -3  -4  -4    0   0   0   0   0   0   0  97   0   0   0   0   0   0   0   2   0   0   0   0  1.31 0.13
  239 G     0   0  -1  -2  -3  -2  -3   6  -3  -4  -4  -2  -3  -4  -3  -1  -2  -3  -4  -4    1   6   0   0   0   0   0  91   0   0   0   0   0   0   0   0   0   0   0   0  1.18 0.12
  240 M    -2  -2  -3  -4  -2  -1  -3  -4  -3   1   1  -2   8  -1  -3  -2  -2  -2  -2   0    0   0   0   0   0   0   0   0   0   5   2   0  91   0   0   0   0   0   0   1  1.01 0.18
  241 A     5  -2  -2  -2  -1  -1  -2   2  -2  -2  -2  -1  -2  -3  -2   1   0  -3  -3  -1   82   0   0   0   0   0   0  11   0   0   0   0   0   0   0   2   2   0   0   2  0.55 0.11
  242 F    -3  -3  -3  -4  -1  -3  -4  -4  -1  -1   0  -3  -1   7  -4  -2  -3   1   4  -2    0   0   0   0   2   0   0   0   0   0   0   0   0  77   0   2   0   0  16   0  0.98 0.13
  243 T    -1  -2   0  -2  -2  -1  -2  -2  -2  -2  -2  -1  -1  -3  -2   1   6  -3  -2  -1    2   0   3   0   0   0   0   0   0   0   0   0   0   0   0   1  92   0   0   0  0.79 0.14
  244 F    -3  -4  -4  -4  -3  -4  -4  -4  -2  -1   0  -4  -1   8  -4  -3  -3   0   2  -2    0   0   0   0   0   0   0   0   0   0   0   0   0  97   0   0   0   0   0   0  1.25 0.16
  245 L    -2  -2  -4  -4  -2  -3  -3  -4  -3   1   5  -3   2   0  -3  -3  -2  -2  -2   0    0   1   0   0   0   0   0   0   0   0  93   0   0   2   0   0   0   0   0   2  0.65 0.11
  246 K    -1   1  -1  -1  -4   1   1  -2  -1  -4  -3   6  -2  -4  -2  -1  -1  -4  -3  -3    0   0   0   0   0   2   2   0   0   0   0  93   0   0   0   2   0   0   0   0  0.84 0.14
  247 V    -1  -3  -3  -4  -2  -3  -2  -4  -4   2   0  -3   0  -1  -3  -2  -1  -3  -1   5    0   0   0   0   0   0   3   0   0   0   0   0   0   0   0   0   0   0   2  93  0.61 0.13
  248 L    -2  -3  -4  -4  -2  -2  -3  -4  -3   2   5  -3   2   0  -3  -2  -2  -2  -2   1    0   0   0   0   0   1   0   0   0   6  89   0   0   0   0   2   0   0   0   2  0.61 0.10
  249 N    -2   0   7   1  -3   0  -1  -1   1  -4  -4   1  -3  -4  -3   1  -1  -4  -3  -4    0   3  81   0   0   1   0   0   2   0   0   7   0   0   0   5   0   0   0   0  0.89 0.13
  250 N    -2  -1   7   1  -4  -1  -1  -1   0  -4  -4   0  -3  -4  -3   0  -1  -5  -3  -4    0   2  92   0   0   0   0   1   0   1   0   2   0   0   0   1   0   0   0   0  1.08 0.15
  251 M    -2  -2  -3  -4  -2  -1  -3  -4  -3   0   1  -2   9  -1  -3  -2  -1  -2  -2   0    0   0   0   0   0   0   0   0   0   1   0   0  94   0   0   2   1   0   0   1  1.05 0.19
  252 E    -2  -1  -1   1  -4   2   6  -3  -1  -4  -4   0  -3  -4  -2  -1  -2  -4  -3  -3    0   0   0   0   0   3  93   0   0   0   0   2   0   0   0   1   0   0   0   0  1.02 0.14
  253 I    -2  -4  -4  -4  -2  -4  -4  -5  -4   6   1  -3   0  -1  -4  -3   0  -3  -2   2    0   0   0   0   0   0   0   0   0  96   0   0   0   0   0   0   4   0   0   0  0.77 0.14
  254 G    -1  -3  -1  -2  -3  -3  -3   7  -3  -4  -4  -2  -3  -4  -3  -1  -2  -3  -4  -3    0   1   0   0   0   0   0  98   0   0   0   0   0   0   0   0   0   0   0   1  1.34 0.14
  255 T     1  -2   3   0  -2  -1  -1  -1  -1  -1  -2  -1  -2  -3  -2   1   4  -3  -2  -1   13   0  26   2   0   0   0   1   1   2   0   0   0   0   0   2  52   0   0   2  0.42 0.09
  256 S     0  -2   0  -1  -2  -1  -1  -1  -2  -3  -3  -1  -2  -2  -1   5   1  -4  -2  -2    0   0   0   0   0   0   0   0   0   0   2   0   0   1   1  96   0   0   0   0  0.75 0.15
  257 L    -2  -3  -4  -4  -2  -3  -4  -5  -4   1   5  -3   2   0  -4  -3  -2  -2  -2   0    0   0   0   0   0   0   0   0   0   0  99   0   0   0   0   0   0   0   0   0  0.75 0.12
  258 F    -3  -3  -3  -4  -2  -3  -3  -4  -1  -1   0  -3  -1   7  -4  -3  -3   1   5  -2    0   0   0   0   1   0   0   0   0   0   2   0   0  68   0   0   0   0  27   0  0.99 0.13
  259 D    -3  -2   1   7  -4  -1   1  -2  -2  -4  -5  -1  -4  -4  -2  -1  -2  -5  -4  -4    0   0   0  97   0   0   1   0   0   0   0   0   0   0   0   0   0   0   0   0  1.33 0.15
  260 E    -1  -1  -1   1  -4   1   6  -3  -1  -4  -4   0  -3  -4  -2  -1  -2  -4  -3  -3    1   0   0   2   0   1  93   0   0   0   0   2   0   0   0   0   0   0   0   0  1.03 0.15
  261 E    -1  -1  -1   1  -4   1   6  -3  -1  -4  -4   0  -3  -4  -2  -1  -2  -4  -3  -2    1   0   0   1   0   0  94   0   0   0   0   1   0   0   0   0   0   0   0   2  1.00 0.15
  262 G     0  -3  -1  -2  -3  -2  -2   7  -3  -5  -5  -2  -4  -4  -3  -1  -2  -3  -4  -4    2   0   0   0   0   0   1  97   0   0   0   0   0   0   0   0   0   0   0   0  1.33 0.14
  263 A     5  -2  -2  -2  -1  -1  -1  -1  -2  -2  -2  -1  -2  -3  -1   2   0  -3  -2  -1   79   0   0   0   0   0   0   0   0   0   0   1   0   0   0  18   0   0   0   2  0.56 0.11
  264 K    -1   1  -1  -1  -4   1   0   0  -2  -3  -3   6  -2  -4  -2  -1  -1  -4  -3  -3    2   0   1   0   0   0   2   5   0   0   0  88   1   0   0   0   2   0   0   0  0.73 0.13
  265 I    -2  -4  -2  -4  -2  -4  -4  -5  -4   6   1  -3   1  -1  -2  -3  -1  -4  -2   2    0   0   2   0   0   0   0   0   0  95   0   0   1   0   2   0   0   0   0   0  0.73 0.14
  266 V    -1  -3  -4  -4  -2  -3  -3  -4  -4   2   0  -3   0  -2  -2  -2  -1  -4  -2   5    2   0   0   0   0   0   0   0   0   3   0   0   0   0   2   0   0   0   0  94  0.66 0.13
  267 K    -1   2   1  -1  -4   1   0  -2  -1  -4  -3   6  -2  -4  -1   0  -1  -4  -3  -3    0   2   6   0   0   1   2   0   1   0   0  85   0   0   1   2   0   0   0   0  0.73 0.13
  268 D    -2  -2   1   6  -4   0   3  -2  -2  -4  -4  -1  -4  -4  -2  -1  -2  -5  -4  -4    0   0   3  79   0   0  16   0   0   0   0   0   0   0   0   0   0   0   0   0  1.06 0.13
  269 L    -2  -3  -4  -4  -2  -3  -4  -4  -4   3   4  -3   1   0  -3  -3  -2  -2  -2   1    0   0   0   0   0   0   0   0   0  19  80   0   0   0   0   0   0   0   0   0  0.60 0.10
  270 M    -2  -1  -3  -4  -2  -1  -3  -4  -3   0   1  -2   9  -1  -3  -2  -2  -2  -2   0    0   2   0   0   0   0   0   0   0   1   0   0  95   0   0   0   0   0   0   1  1.09 0.20
  271 S     4  -2  -1   0  -1  -1  -1   0  -2  -2  -2  -1  -2  -3  -1   2   0  -3  -2  -1   66   0   0   5   0   0   1   0   0   0   0   0   0   0   0  24   1   0   0   1  0.45 0.09
  272 K    -1   2  -1  -1  -4   1   0  -2  -2  -4  -3   6  -2  -4  -2  -1  -1  -4  -3  -3    0   0   0   0   0   0   0   0   0   0   0  97   0   0   0   0   1   0   0   0  0.90 0.15
  273 A     5  -2  -2  -2  -1  -1  -2  -1  -2  -2  -2  -1  -2  -3  -2   1   0  -3  -3  -1   96   0   0   1   0   0   0   0   0   0   0   0   0   0   0   0   2   0   0   0  0.69 0.13
  274 E    -1   0   0   1  -4   1   6  -2   0  -4  -3   1  -3  -4  -2   0  -1  -4  -3  -3    4   0   3   2   0   1  77   0   2   0   0   8   0   0   0   1   0   0   0   1  0.74 0.12
  275 K    -1   1   0  -1  -4   1   0  -2  -1  -4  -3   6  -2  -4  -2  -1  -1  -4  -3  -3    1   0   2   0   0   0   2   0   0   0   0  93   0   0   0   1   1   0   0   0  0.83 0.14
  276 N    -2  -1   7   1  -4  -1  -1  -1   0  -4  -4   0  -3  -4  -3   0  -1  -5  -3  -4    0   0  97   0   0   0   0   0   0   0   0   3   0   0   0   0   0   0   0   0  1.22 0.17
  277 G     0  -2   1  -1  -3  -2  -2   6  -2  -4  -4  -1  -3  -4  -3   0  -2  -3  -4  -4    0   1   5   2   0   1   0  82   0   0   0   3   0   0   0   7   0   0   0   0  1.00 0.11
  278 V    -1  -3  -4  -4  -2  -3  -3  -3  -4   2   0  -3   0  -2  -3  -2  -1  -4  -2   6    0   0   0   0   0   0   0   1   0   0   2   0   0   0   0   0   0   0   0  97  0.70 0.14
  279 K    -1   3   1  -1  -4   1   0  -2  -1  -2  -3   5  -2  -4  -2  -1   0  -4  -2  -2    0  11   5   0   0   0   2   0   1   2   0  72   0   0   0   0   7   0   0   1  0.58 0.11
  280 I    -2  -4  -4  -4  -2  -4  -4  -5  -4   6   1  -4   1  -1  -4  -3  -1  -3  -2   2    0   0   0   0   0   0   0   0   0  96   2   0   2   0   0   0   0   0   0   0  0.79 0.14
  281 T    -1  -2   1  -2  -2  -1  -2  -2  -2  -1  -2  -1   0  -3  -2   1   6  -3  -2  -1    1   0   6   0   0   0   0   0   0   2   0   0   2   0   0   1  87   0   0   1  0.72 0.14
  282 L    -2  -3  -4  -4  -2  -3  -4  -4  -3   1   5  -3   1   3  -4  -3  -2  -2   0   0    0   0   0   0   0   0   0   0   0   0  82   0   0  18   0   0   0   0   0   0  0.63 0.10
  283 P    -2  -3  -3  -3  -4  -2  -2  -3  -3  -4  -3  -2  -3  -5   8  -2  -2  -5  -4  -3    0   0   0   0   0   0   0   0   0   0   2   0   0   0  98   0   0   0   0   0  2.31 0.18
  284 V    -1  -3  -4  -4  -2  -3  -2  -4  -4   2   0  -3   0  -2  -3  -2   0  -4  -2   5    1   0   0   0   0   0   4   0   0   4   0   0   1   0   0   0   1   0   0  89  0.59 0.12
  285 D    -3  -3   1   7  -5  -1   1  -2  -2  -4  -5  -2  -4  -5  -2  -1  -2  -5  -4  -4    0   0   1  99   0   0   0   0   0   0   0   0   0   0   0   0   0   0   0   0  1.37 0.16
  286 F    -3  -4  -4  -4  -3  -4  -4  -4  -2  -1   0  -4  -1   8  -5  -2  -3   0   2  -2    0   0   0   0   0   0   0   0   0   0   0   0   0  98   0   2   0   0   0   0  1.28 0.17
  287 V    -1  -3  -4  -4  -2  -3  -3  -4  -4   4   1  -3   0  -1  -3  -2   0  -4  -2   5    0   0   0   0   0   0   0   0   0  26   0   0   0   0   0   0   2   0   0  71  0.57 0.11
  288 T    -1  -1  -1  -2  -2  -2  -2  -3  -3   0  -2  -1  -1  -3  -2   1   6  -3  -2   0    0   2   0   0   0   0   0   0   0   7   0   0   0   0   0   0  90   0   0   0  0.76 0.15
  289 A     5  -2  -2  -3  -1  -2  -2   0  -2  -2  -2  -1  -2  -3  -2   1   0  -3  -3  -1   94   0   0   0   0   0   0   4   0   0   0   0   0   0   0   0   2   0   0   0  0.68 0.13
  290 D    -2  -2   1   7  -4  -1   2  -1  -2  -4  -5  -1  -4  -4  -2  -1  -2  -5  -4  -4    0   0   3  88   0   0   6   4   0   0   0   0   0   0   0   0   0   0   0   0  1.15 0.14
  291 K    -2   2  -1  -1  -4   1   0  -2  -1  -4  -3   6  -2  -4  -2  -1  -1  -4  -3  -3    0   2   0   1   0   1   0   0   0   0   0  95   0   0   0   1   0   0   0   0  0.88 0.15
  292 F    -3  -4  -4  -5  -3  -4  -4  -4  -2  -1   0  -4  -1   8  -5  -3  -3   0   3  -2    0   0   0   0   0   0   0   0   0   0   1   0   0  98   0   0   0   0   1   0  1.32 0.17
  293 D    -2  -2   1   7  -4  -1   2  -2  -2  -4  -5  -1  -4  -4  -2  -1  -2  -5  -4  -4    1   0   0  89   0   0   9   0   0   0   0   1   0   0   0   0   0   0   0   0  1.20 0.14
  294 E    -2  -1  -1   1  -5   1   6  -3  -1  -4  -4   0  -3  -4  -2  -1  -2  -4  -3  -3    0   0   0   1   0   0  98   0   0   0   0   1   0   0   0   0   0   0   0   0  1.11 0.16
  295 N    -2  -1   6   0  -4   0  -1  -1   4  -4  -4   1  -3  -4  -3   0  -1  -4  -2  -4    0   0  74   1   0   3   0   1  12   0   0   7   0   0   0   1   1   0   0   0  0.83 0.13
  296 A     5  -2  -2  -3  -1  -2  -2  -1  -2  -2  -2  -1  -2  -3  -2   0   0  -3  -3   0   95   0   0   0   0   0   0   0   0   0   0   0   0   0   0   0   2   0   0   3  0.68 0.13
  297 K     0   1   2  -1  -3   2   0  -1  -1  -3  -3   4  -2  -4  -2   0   0  -2  -2  -2    8   0  17   0   0   9   1   1   0   0   0  54   0   0   0   2   7   0   0   0  0.41 0.08
  298 T     0  -2  -1  -2  -2  -2  -2  -3  -3   0  -1  -1  -1  -2  -1   1   5  -3  -2   2    2   0   0   0   0   0   0   0   0   2   0   0   0   0   1   2  70   0   0  22  0.52 0.11
  299 G    -1  -3  -1  -2  -3  -3  -3   7  -3  -4  -4  -2  -3  -4  -3  -1  -2  -3  -4  -3    0   0   1   0   0   0   0  97   0   0   0   1   0   0   0   0   0   0   0   2  1.31 0.14
  300 Q    -1   0   0  -1  -3   5   2  -2   1  -2  -3   1  -1  -3  -2   0   2  -3  -2  -2    3   0   0   0   0  55  12   0   3   1   0   5   0   0   0   2  17   0   0   2  0.52 0.10
  301 A     5  -2  -2  -1  -1  -1  -1  -1  -2  -2  -2  -1  -2  -3   0   1   0  -3  -3  -1   91   0   0   2   0   0   0   0   0   0   0   1   0   0   2   1   1   0   0   2  0.62 0.12
  302 T     0  -2  -1  -2  -1  -1  -2  -2  -3  -2  -2  -1  -1  -3  -2   1   6  -3  -2  -1    2   0   0   0   1   0   0   1   0   0   0   0   0   0   0   4  91   0   0   0  0.78 0.15
  303 V    -1  -3  -4  -4   0  -3  -3  -4  -4   2   2  -3   0  -1  -3  -2  -1  -3  -2   5    0   0   0   0   1   0   0   0   0   4  16   0   0   0   0   0   1   0   0  78  0.54 0.11
  304 A     4  -2  -1  -1  -1   0   1  -1  -2  -2  -2   0  -2  -3  -1   1   0  -3  -2  -1   72   0   0   0   1   2  13   1   0   0   0   3   0   0   0   4   3   0   0   1  0.42 0.09
  305 S     2  -1   0   0  -2  -1  -1  -1  -2  -3  -3  -1  -2  -3  -2   5   1  -4  -2  -2   12   0   0   4   0   0   0   1   0   0   0   1   0   0   0  78   3   0   0   0  0.56 0.12
  306 G     0  -3  -1  -1  -3  -2  -3   6  -2  -4  -4  -2  -3  -4  -3  -1  -2  -3  -4  -4    1   0   1   2   0   0   0  94   1   0   0   0   0   0   0   0   0   0   0   0  1.25 0.13
  307 I    -2  -4  -4  -4  -2  -4  -4  -5  -4   6   1  -3   1  -1  -4  -3  -1  -3  -2   2    0   0   0   0   0   0   0   0   0  96   1   0   0   0   0   0   0   0   0   1  0.78 0.14
  308 P    -2  -3  -3  -2  -4  -2  -2  -3  -3  -4  -4  -2  -3  -4   8  -1  -1  -5  -4  -3    0   0   0   0   0   0   0   0   0   0   1   0   0   0  95   2   1   0   0   0  2.21 0.17
  309 A     4  -2  -1   0  -1  -1  -1  -1  -2  -2  -2  -1  -1  -3  -1   1   0  -3  -2   0   74   0   1   7   0   1   0   0   0   0   1   0   0   0   2   6   3   0   0   5  0.42 0.09
  310 G     0  -3   0   0  -3  -2  -2   6  -2  -4  -4  -2  -3  -4  -3  -1  -2  -3  -4  -3    1   0   4   3   0   0   1  86   1   0   0   0   0   0   0   1   0   0   0   2  1.05 0.11
  311 W    -4  -4  -5  -5  -2  -3  -4  -4  -3  -4  -3  -4  -3   0  -5  -3  -3  12   2  -4    0   0   0   0   0   0   0   0   0   0   0   0   0   0   0   1   1  93   1   0  2.90 0.23
  312 M    -2  -2  -3  -4  -2  -1  -3  -4  -3   1   2  -2   8  -1  -3  -2  -2  -2  -2   0    0   1   0   0   0   0   1   0   0   3   8   1  86   0   0   0   0   0   0   1  0.91 0.17
  313 G     0  -3  -1  -2  -3  -2  -3   6  -3  -4  -4  -2  -3  -4  -3   0  -2  -3  -4  -4    4   0   0   0   0   0   0  93   0   0   0   0   0   0   0   2   0   0   0   0  1.24 0.13
  314 L    -2  -3  -4  -4  -2  -3  -4  -4  -4   1   5  -3   2   0  -4  -3  -2  -2  -2   0    0   0   0   0   0   0   0   0   0   0  98   0   1   0   0   0   0   0   0   0  0.74 0.12
  315 D    -3  -2   1   7  -4  -1   1  -2  -1  -4  -5  -1  -4  -4  -2  -1  -2  -5  -4  -4    0   0   2  95   0   0   0   0   1   0   0   0   0   0   0   0   0   0   0   0  1.29 0.15
  316 C    -1  -4  -4  -5  10  -4  -5  -4  -4  -2  -2  -4  -2  -3  -4  -2  -2  -3   0  -2    0   0   0   0  94   0   0   0   0   0   0   0   0   0   0   1   0   0   4   0  1.92 0.20
  317 G    -1  -2  -1  -1  -3  -2  -3   6  -3  -5  -4  -2  -3  -4  -3  -1  -2  -1  -4  -4    0   2   0   2   0   0   0  94   0   0   0   0   0   0   0   0   0   1   0   0  1.24 0.13
  318 P    -1  -3  -2  -2  -3  -2  -2  -3  -3  -3  -4  -2  -3  -4   8  -1   0  -4  -4  -3    0   0   0   0   0   0   0   0   0   0   0   0   0   0  87   3   9   0   0   0  1.94 0.15
  319 E    -1  -1  -1   1  -4   1   6  -3  -1  -4  -3   1  -3  -4  -2  -1  -2  -4  -3  -3    1   0   0   0   0   1  91   0   0   0   1   4   0   0   0   0   0   0   0   0  0.96 0.14
  320 S     0  -1   0  -1  -2  -1  -1  -1  -2  -3  -3  -1  -2  -3  -2   5   2  -4  -2  -2    0   1   0   0   0   0   0   1   0   0   0   0   0   0   0  89   8   0   0   0  0.69 0.14
  321 S     0  -1   2  -1  -1  -1  -1  -1  -1   0  -1  -1  -1  -2  -2   4   1  -3  -2   0    0   0  13   0   0   0   0   1   0  11   2   0   1   0   0  56   7   0   0   7  0.30 0.08
  322 K    -1   2  -1  -1  -4   1   0  -2  -1  -3  -3   6  -1  -4  -2  -1  -1  -4  -3  -3    2   0   0   0   0   1   2   0   0   0   0  92   2   0   0   0   0   0   0   0  0.82 0.14
  323 K     0   1   1  -1  -3   0   0  -2  -1  -2   0   5  -1  -3  -2  -1  -1  -3  -2  -2    8   0  10   0   0   0   1   0   1   1  13  63   1   0   0   0   1   0   0   1  0.36 0.09
  324 Y    -3  -3   0  -3  -2  -3  -3  -4   1  -2  -1  -3  -1   6  -4  -2  -2   1   6  -2    0   0   8   0   1   0   0   0   1   0   0   0   0  41   0   0   0   0  50   0  0.90 0.12
  325 A     4  -2  -2  -2  -1  -2  -2   0  -2  -1  -1  -1   0  -2  -2   1   0  -3  -2   2   69   0   0   0   0   0   0   3   0   0   1   1   2   0   0   3   4   0   0  18  0.38 0.09
  326 E    -1  -1  -1   2  -4   3   6  -3  -1  -4  -4   1  -2  -4  -2  -1  -1  -4  -3  -3    5   0   0   5   0  11  75   0   0   0   0   4   0   0   0   0   1   0   0   0  0.80 0.12
  327 A     4  -2  -2  -3  -1  -2  -2  -1  -3   1  -1  -2  -1  -2  -2   0   0  -3  -2   2   70   0   0   0   0   0   0   0   0   7   0   0   0   0   0   1   1   0   0  21  0.41 0.10
  328 V    -1  -3  -4  -4  -2  -3  -3  -4  -4   2   0  -3   0  -2  -3  -2  -1  -4  -2   6    2   0   0   0   0   0   0   0   0   1   0   0   0   0   0   0   0   0   0  97  0.71 0.14
  329 T     3  -2  -1  -2  -1  -2  -1   4  -2  -2  -2  -1  -2  -3  -2   1   1  -3  -3  -1   45   0   0   0   1   0   1  35   0   0   0   0   0   0   0   4  12   0   0   1  0.45 0.07
  330 R    -2   6  -1  -2  -4   3   0  -2   0  -4  -3   2  -2  -4  -3  -1  -1  -1  -2  -3    0  78   0   0   0  16   2   1   1   0   0   2   0   0   0   0   1   1   0   0  0.89 0.13
  331 A     5  -2  -2  -2  -1  -2  -2  -1  -2  -2  -2  -1  -2  -3  -2   1  -1  -3  -3  -1   97   0   0   2   0   0   0   0   0   0   0   0   0   0   0   1   0   0   0   0  0.72 0.14
  332 K    -2   2  -1  -1  -4   1   0  -2  -1  -4  -3   6  -2  -4  -2  -1  -1  -4  -3  -3    0   2   1   0   0   2   0   0   0   0   0  96   0   0   0   0   0   0   0   0  0.90 0.15
  333 Q    -2   0  -1  -2  -3   6   1  -3  -1  -2   2   0   0  -2  -2  -1  -2  -3  -2  -2    0   0   0   0   0  70   0   0   0   0  27   1   1   0   0   0   0   0   0   0  0.64 0.14
  334 I    -2  -4  -4  -4  -2  -4  -4  -5  -4   6   1  -4   1  -1  -4  -3  -1  -3  -2   2    0   0   0   0   0   0   0   0   0  97   1   0   0   0   0   0   2   0   0   0  0.78 0.14
  335 V    -1  -3  -4  -4  -2  -3  -3  -4  -4   2   1  -3   0  -2  -3  -2  -1  -4  -2   5    0   0   0   0   0   0   0   0   0   3   3   0   0   0   0   0   0   0   0  95  0.69 0.13
  336 W    -4  -4  -5  -6  -4  -3  -4  -3  -4  -4  -3  -4  -3   0  -5  -4  -4  12   1  -4    0   0   0   0   0   0   0   1   0   0   0   0   0   0   0   0   0  98   0   0  3.14 0.25
  337 N    -2  -1   7   1  -4  -1  -1  -1   0  -4  -5  -1  -3  -4  -3   0  -1  -5  -3  -4    0   0  99   1   0   0   0   0   0   0   0   0   0   0   0   0   0   0   0   0  1.26 0.17
  338 G    -1  -1  -1  -1  -3  -2  -2   6  -3  -5  -5  -2  -4  -4  -3  -1  -2  -3  -4  -4    0   3   0   1   0   0   1  94   0   0   0   0   0   0   0   0   0   0   0   0  1.25 0.13
  339 P    -2  -3  -3  -2  -4  -2  -2  -3  -3  -4  -3  -2  -3  -5   8  -2  -2  -5  -4  -3    0   0   0   0   0   0   0   0   0   0   1   0   0   0  99   0   0   0   0   0  2.34 0.18
  340 V     0  -3  -4  -4  -2  -3  -3  -4  -4   2   1  -3   1  -1  -2  -2  -1  -3  -2   5    2   0   0   0   0   0   0   0   0   1   9   0   1   0   1   0   0   0   0  85  0.57 0.11
  341 G    -1  -3  -1  -2  -3  -3  -3   7  -3  -5  -5  -2  -4  -4  -3  -1  -2  -3  -4  -4    0   0   0   0   0   0   0 100   0   0   0   0   0   0   0   0   0   0   0   0  1.41 0.14
  342 V    -1  -3  -4  -4  -2  -3  -3  -4  -4   2   0  -3   0  -2  -3  -2  -1  -4  -2   6    0   0   0   0   0   0   0   0   0   3   0   0   0   0   0   0   0   0   0  97  0.72 0.14
  343 F    -3  -4  -4  -5  -3  -4  -4  -4  -2  -1   0  -4  -1   8  -5  -3  -3   0   2  -2    0   0   0   0   0   0   0   0   0   0   1   0   0  99   0   0   0   0   0   0  1.33 0.17
  344 E    -1  -1  -1   1  -5   1   6  -2  -1  -4  -4   0  -3  -4  -2  -1  -2  -4  -3  -3    2   0   0   0   0   1  96   1   0   0   0   0   0   0   0   0   0   0   0   0  1.06 0.15
  345 W    -4  -4  -5  -6  -2  -3  -4  -4  -3  -4  -2  -4  -3   1  -5  -4  -4  12   2  -4    0   0   0   0   1   0   0   0   0   0   1   0   0   3   0   0   0  94   1   0  2.96 0.24
  346 E    -2  -1   0   5  -4   1   5  -2  -1  -4  -4   0  -3  -4  -2  -1  -2  -4  -3  -3    1   0   0  41   0   0  56   0   0   0   0   0   0   0   0   1   0   0   0   0  0.88 0.12
  347 A     3   0   2  -1  -2   0  -1  -1  -1  -2  -2   2  -2  -3   0   0   0  -3  -2  -1   51   0  13   0   0   0   0   1   0   0   0  25   0   1   3   1   2   0   0   2  0.30 0.08
  348 F    -3  -4  -4  -4  -3  -4  -4  -4  -2  -1   0  -4  -1   8  -5  -2  -3   0   3  -2    0   0   0   0   0   0   0   0   0   0   1   0   0  95   0   3   0   0   1   0  1.23 0.16
  349 A     5  -2  -2  -2   0  -1  -1   0  -2  -2  -2  -1  -2  -3  -1   1   0  -3  -3  -1   87   0   0   0   1   0   1   0   0   0   0   0   0   0   1   4   2   0   0   2  0.57 0.12
  350 R    -1   4   0  -1  -3   2   0  -1   0  -3  -3   4  -2  -3  -1   0  -1   0  -2  -3    3  32   4   0   0  11   0   2   3   0   0  36   0   0   2   4   1   2   0   0  0.44 0.07
  351 G     0  -3  -1  -2  -3  -3  -3   7  -3  -5  -5  -2  -4  -4  -3  -1  -2  -3  -4  -4    1   0   0   0   0   0   0  99   0   0   0   0   0   0   0   0   0   0   0   0  1.39 0.14
  352 T    -1  -2  -1  -2  -2  -2  -2  -3  -3  -2  -2  -2  -2  -3  -2   1   6  -3  -3  -1    0   0   0   0   0   0   0   0   0   0   0   0   0   0   0   0 100   0   0   0  0.94 0.17
  353 K    -2   2   0  -1  -4   1   1  -2  -1  -4  -3   6  -2  -4  -2  -1  -1  -4  -3  -3    0   0   1   0   0   0   3   0   0   0   0  95   0   0   0   0   0   0   0   0  0.88 0.15
  354 A     4  -2   1  -1  -1  -1   0   0  -2  -2  -2  -1  -2  -3  -1   2   0  -3  -2  -1   56   0  11   1   0   1   5   3   0   0   0   1   0   0   0  17   4   0   0   0  0.35 0.07
  355 L    -2  -3  -4  -4  -2  -3  -4  -4  -4   1   5  -3   2   0  -4  -3  -2  -2  -2   2    0   0   0   0   0   0   0   0   0   0  82   0   3   0   0   0   0   0   0  15  0.60 0.10
  356 M    -2  -2  -3  -4  -2  -1  -3  -4  -3   1   1  -2   9  -1  -4  -3  -2  -3  -2   0    0   0   0   0   0   0   0   0   0   3   0   0  96   0   0   0   0   0   0   1  1.14 0.20
  357 D    -3  -2   2   7  -4  -1   1  -2  -2  -4  -5  -1  -4  -4  -2  -1  -2  -5  -4  -4    0   0   9  90   0   0   0   0   0   0   0   1   0   0   0   0   0   0   0   0  1.22 0.14
  358 E    -1   1   1   0  -3   1   4  -2  -1  -3  -3   4  -2  -4  -2   0  -1  -4  -3  -3    0   2   9   1   0   0  46   0   0   0   0  38   0   0   0   2   0   0   0   1  0.56 0.09
  359 V    -1  -3  -4  -4  -2  -3  -3  -4  -4   3   0  -3   1  -1  -3  -2  -1  -4  -2   5    0   0   0   0   0   0   0   0   0  10   1   0   2   0   0   0   0   0   0  87  0.64 0.12
  360 V    -1  -3  -4  -4  -2  -3  -3  -3  -4   2   0  -3   0  -1  -3  -2  -1  -4  -2   6    0   0   0   0   0   0   0   1   0   0   0   0   1   2   0   0   0   0   0  96  0.68 0.14
  361 K    -1   1  -1   1  -4   1   4  -2  -1  -4  -3   4  -2  -4  -2  -1  -1  -4  -3  -3    0   0   0   3   0   1  45   0   0   0   0  49   0   0   0   0   2   0   0   0  0.64 0.11
  362 A     4  -2  -3  -3  -1  -2  -2  -1  -3   0  -1  -2  -1  -2  -2   0   0  -3  -2   3   65   0   0   0   0   0   0   0   0   0   0   0   0   0   0   0   1   0   0  34  0.43 0.10
  363 T     0  -2  -1  -2  -2  -2  -2  -2  -3  -1  -2  -1  -1  -3  -2   1   6  -3  -3  -1    2   0   0   0   0   0   0   0   0   1   0   0   0   0   0   1  95   0   0   0  0.86 0.16
  364 S     1   0   0  -1  -2   0   0   1   0  -3  -3   2  -2  -3  -2   4   0  -3  -2  -2    4   0   0   0   0   3   1  10   2   0   0  20   0   0   0  59   1   0   0   0  0.40 0.09
  365 R    -1   5   0  -1  -3   1   0  -2  -1  -3  -3   4  -2  -3  -2   0  -1   0  -2  -3    2  41   4   0   0   2   0   1   0   0   0  40   0   0   0   7   1   2   0   0  0.55 0.09
  366 G     0  -3  -1  -1   0  -3  -3   6  -3  -5  -4  -2  -4  -4  -3  -1  -2  -3  -4  -4    1   0   0   2   2   0   0  94   0   0   0   1   0   0   0   0   0   0   0   0  1.26 0.13
  367 C    -1  -4  -3  -4  10  -4  -4  -3  -4  -2  -2  -4  -2  -3  -4  -1  -1  -3  -1  -2    0   0   0   0  90   0   0   0   0   0   0   0   0   0   0   4   3   0   2   0  1.77 0.19
  368 I    -2  -4  -4  -4  -2  -3  -4  -5  -4   6   1  -3   1  -1  -4  -3  -1  -3  -2   3    0   0   0   0   0   0   0   0   0  83   0   0   0   0   0   0   1   0   0  16  0.68 0.12
  369 T    -1  -2  -1  -2  -2  -2  -2  -2  -3   0  -2  -2  -1  -3  -2   1   6  -3  -2  -1    0   0   0   0   0   0   0   0   0   4   0   0   0   0   0   3  93   0   0   0  0.82 0.15
  370 I    -2  -4  -4  -4  -2  -4  -4  -5  -4   6   1  -4   0  -1  -4  -3  -1  -4  -2   2    0   0   0   0   0   0   0   0   0  99   0   0   0   0   0   1   0   0   0   0  0.81 0.15
  371 I    -2  -2  -4  -4  -2  -3  -4  -5  -4   6   1  -3   0  -1  -4  -3  -1  -3  -2   2    0   2   0   0   0   0   0   0   0  95   0   0   0   0   0   0   1   0   0   2  0.74 0.14
  372 G     0  -3  -1  -2  -3  -3  -3   7  -3  -5  -5  -2  -4  -4  -3  -1  -2  -3  -4  -4    0   0   0   0   0   0   0  99   0   0   0   0   0   0   0   1   0   0   0   0  1.37 0.14
  373 G    -1  -3  -1  -2  -3  -3  -3   7  -3  -5  -5  -2  -4  -4  -3  -1  -2  -3  -4  -4    0   0   0   0   0   0   0  99   0   0   0   0   0   0   0   1   0   0   0   0  1.38 0.14
  374 G     0  -3  -1  -2  -3  -3  -3   7  -3  -5  -5  -2  -4  -4  -3  -1  -2  -3  -4  -4    1   0   0   0   0   0   0  99   0   0   0   0   0   0   0   0   0   0   0   0  1.39 0.14
  375 D    -3  -2   1   7  -4  -1   1  -2  -2  -4  -5  -1  -4  -4  -2  -1  -2  -5  -4  -4    0   0   2  97   0   0   0   0   0   0   0   0   0   0   0   0   0   0   0   0  1.31 0.15
  376 T    -1  -2  -1  -2  -2  -1  -2  -2  -3  -2  -2  -1  -1  -3  -2   1   6  -3  -3  -1    0   0   0   0   0   0   0   0   0   0   0   0   0   0   0   0 100   0   0   0  0.92 0.16
  377 A     5  -2  -2  -3  -1  -1  -2  -1  -2  -2  -2  -1  -2  -3  -1   1   0  -3  -3  -1   95   0   0   0   0   0   0   0   0   0   0   0   0   0   1   0   4   0   0   0  0.68 0.13
  378 T     0  -2  -1  -2  -2  -1  -2  -2  -3  -2  -2  -1  -1  -3  -1   1   6  -3  -2  -1    2   0   0   0   0   0   0   0   0   0   0   0   0   0   1   1  95   0   0   0  0.84 0.15
  379 C    -1  -5  -4  -5  10  -4  -5  -4  -4  -2  -2  -4  -2  -4  -4  -2  -2  -3  -4  -2    1   0   0   0  99   0   0   0   0   0   0   0   0   0   0   0   0   0   0   0  2.07 0.20
  380 C    -1  -5  -4  -5  10  -4  -5  -4  -4  -2  -2  -4  -2  -3  -4  -2  -2   2  -3  -2    0   0   0   0  97   0   0   0   0   0   0   0   0   0   0   0   0   3   0   0  2.01 0.19
  381 A     5  -2  -2  -2  -1  -1  -1  -1  -2  -2  -2  -1  -2  -3  -2   1   1  -3  -3  -1   93   0   0   0   0   0   1   0   0   0   0   0   0   0   0   0   7   0   0   0  0.65 0.12
  382 K    -1   2  -1  -1  -4   1   0  -2  -1  -3  -3   6  -2  -4  -2  -1  -1  -4  -3  -3    0   6   0   0   0   0   0   0   0   0   0  91   0   0   0   0   3   0   0   0  0.82 0.13
  383 W    -4  -4  -5  -6  -4  -3  -4  -4  -4  -4  -3  -4  -3   0  -5  -4  -4  12   1  -4    0   0   0   0   0   0   0   0   0   0   0   0   0   0   0   0   0 100   0   0  3.22 0.24
  384 N    -2  -1   7   3  -4  -1  -1   0   0  -4  -4  -1  -3  -4  -3   0  -1  -5  -3  -4    0   0  81  13   0   0   0   4   0   0   0   2   0   0   0   0   0   0   0   0  0.95 0.13
  385 T    -1  -2  -1  -2  -2  -1  -2  -2  -3  -1  -2  -1   1  -3  -2   1   6  -3  -2  -1    0   0   0   0   0   0   0   0   0   1   0   0   4   0   0   0  95   0   0   0  0.83 0.15
  386 E    -2  -1  -1   1  -5   1   6  -3  -1  -4  -4   1  -3  -4  -2  -1  -2  -4  -3  -3    0   0   0   0   0   0  96   0   0   0   0   4   0   0   0   0   0   0   0   0  1.07 0.15
  387 D    -3  -2   2   7  -4  -1   1  -2  -2  -4  -5  -1  -4  -4  -2  -1  -2  -5  -4  -4    0   0   5  94   0   0   1   0   0   0   0   0   0   0   0   0   0   0   0   0  1.26 0.14
  388 K    -2   2   0  -1  -4   1   0  -2  -1  -4  -3   6  -2  -4  -2  -1  -1  -4  -3  -3    0   0   2   0   0   2   0   0   0   0   1  96   0   0   0   0   0   0   0   0  0.87 0.14
  389 V    -1  -3  -4  -4  -2  -3  -3  -4  -4   2   0  -3   0  -2  -3  -2  -1  -4  -2   6    0   0   0   0   0   0   0   0   0   0   0   0   0   0   0   0   0   0   0 100  0.73 0.13
  390 S     0  -2   0  -1  -2  -1  -1  -1  -2  -3  -3  -1  -2  -3  -2   6   1  -4  -3  -3    0   0   0   0   0   0   0   0   0   0   0   0   0   0   0 100   0   0   0   0  0.82 0.15
  391 H    -3  -1   0  -2  -4   0  -1  -3   9  -4  -4  -2  -3  -2  -1  -2  -3  -3   1  -4    0   0   0   0   0   3   0   0  94   0   0   0   0   0   2   0   0   0   1   0  1.51 0.18
  392 V    -1  -3  -4  -4  -2  -3  -3  -4  -4   2   0  -3   0  -2  -3  -2  -1  -4  -2   6    0   0   0   0   0   0   0   0   0   0   1   0   1   0   0   0   0   0   0  98  0.71 0.13
  393 S     0  -2   0  -1   0  -1  -1  -1  -2  -3  -3  -1  -2  -3  -2   6   1  -4  -3  -2    0   0   0   0   1   0   0   0   0   0   0   0   0   0   0  99   0   0   0   0  0.79 0.15
  394 T    -1  -2  -1  -2  -2  -1  -2  -2  -3  -2  -2  -1  -2  -3   1   1   6  -3  -3  -1    0   0   0   0   0   0   0   0   0   0   0   0   0   0   6   0  94   0   0   0  0.83 0.15
  395 G     0  -3  -1  -2  -3  -2  -2   7  -3  -5  -5  -2  -4  -4  -3  -1  -2  -3  -4  -4    0   0   0   0   0   0   1  99   0   0   0   0   0   0   0   0   0   0   0   0  1.35 0.13
  396 G     0  -3  -1  -2  -3  -3  -3   7  -3  -5  -5  -2  -4  -4  -3  -1  -2  -3  -4  -4    1   0   0   0   0   0   0  99   0   0   0   0   0   0   0   0   0   0   0   0  1.36 0.13
  397 G     0  -3  -1  -2  -3  -2  -3   6  -3  -4  -4  -2  -3  -4  -3   0  -2  -3  -4  -4    0   0   0   0   0   0   0  93   0   0   0   0   0   0   0   4   0   0   0   0  1.21 0.12
  398 A     5  -2  -2  -3  -1  -2  -2   0  -2  -2  -2  -1  -2  -3  -2   1  -1  -3  -3  -1   98   0   0   0   0   0   0   0   0   0   0   0   0   0   0   0   0   0   0   0  0.71 0.13
  399 S     0  -1   0  -1   0  -1  -1  -1  -2  -3  -3  -1  -2  -3  -2   5   1  -4  -3  -2    0   1   1   0   2   0   0   2   0   0   0   0   0   0   0  93   1   0   0   0  0.70 0.13
  400 L    -2  -3  -4  -4  -2  -3  -4  -5  -4   1   5  -3   2   0  -3  -3  -2  -2  -2   0    0   0   0   0   0   0   0   0   0   0  99   0   0   0   1   0   0   0   0   0  0.73 0.11
  401 E    -2  -1  -1   1  -5   1   6  -3  -1  -4  -4   0  -3  -4  -2  -1  -2  -4  -3  -3    0   0   0   0   0   0  98   0   0   0   0   2   0   0   0   0   0   0   0   0  1.10 0.15
  402 L    -2  -3  -4  -4  -2  -3  -4  -4  -4   1   5  -3   2   0  -4  -3  -2  -2  -2   0    0   0   0   0   0   0   0   0   0   0  97   0   0   2   0   0   0   0   0   0  0.71 0.11
  403 L    -2  -2  -4  -4  -2  -3  -4  -4  -4   1   5  -3   2   0  -4  -3  -2  -2  -2   0    0   2   0   0   0   0   0   0   0   0  98   0   0   0   0   0   0   0   0   0  0.72 0.11
  404 E    -2  -1  -1   1  -5   1   6  -3  -1  -4  -4   0  -3  -4  -2  -1  -2  -4  -3  -3    0   0   0   1   0   0  99   0   0   0   0   0   0   0   0   0   0   0   0   0  1.11 0.15
  405 G     0  -3  -1   0  -3  -2  -2   6  -3  -5  -5  -2  -4  -4  -3  -1  -2  -3  -4  -4    0   0   0   4   0   0   0  95   0   0   0   0   0   0   0   1   0   0   0   0  1.25 0.12
  406 K    -1   2  -1  -1  -4   1   0  -2  -1  -4  -3   6  -2  -4  -2  -1  -1  -4  -3  -3    0   2   0   0   0   0   0   0   0   0   0  95   0   0   0   0   1   0   0   0  0.86 0.14
  407 V    -1  -3  -3  -4  -1  -3  -3  -4  -4   3   1  -3   0  -1  -3  -2   0  -3  -2   5    1   0   1   0   0   0   0   0   0   8   5   0   0   0   0   0   2   0   1  82  0.53 0.10
  408 L    -2  -3  -4  -4  -2  -3  -4  -4  -1   1   5  -3   2   0  -4  -3  -2  -2  -2   0    0   0   0   0   0   0   0   0   2   0  98   0   0   0   0   0   0   0   0   0  0.71 0.11
  409 P    -2  -3  -3  -2  -4  -2  -2  -3  -3  -4  -4  -2  -4  -5   8  -2  -2  -5  -4  -3    0   0   0   0   0   0   0   0   0   0   0   0   0   0 100   0   0   0   0   0  2.38 0.17
  410 G     0  -2  -1  -2  -3  -2  -3   7  -3  -5  -5  -2  -4  -4  -3  -1  -2  -3  -4  -4    0   2   0   0   0   0   0  98   0   0   0   0   0   0   0   0   0   0   0   0  1.33 0.12
  411 V    -1  -3  -4  -4  -2  -3  -3  -4  -4   2   0  -3   0  -2  -3  -2  -1  -4  -2   6    0   0   0   0   0   0   0   0   0   0   0   0   0   0   0   0   0   0   0 100  0.70 0.12
  412 D     0  -2   1   6  -4   0   3  -2  -2  -4  -4  -1  -3  -4  -2  -1  -1  -5  -3  -3   11   0   1  70   0   0  17   0   0   0   0   0   0   0   0   0   0   0   0   0  0.84 0.10
  413 A     5  -2  -2  -2  -1  -1  -2   0  -2  -2  -2  -1  -2  -3  -1   1   0  -3  -3  -1   97   0   0   0   0   0   0   0   0   0   0   0   0   0   0   0   2   0   0   0  0.69 0.12
  414 L    -2  -3  -4  -4  -2  -3  -4  -4  -3   1   5  -3   2   0  -2  -3  -2  -2  -1   1    0   0   0   0   0   0   0   0   0   1  94   0   0   0   1   0   0   0   2   2  0.65 0.10
  415 S     0  -1   1  -1  -2  -1  -1   0  -2  -3  -3  -1  -2  -3  -2   5   1  -4  -2  -2    0   0   3   0   0   0   0   2   0   0   0   0   0   0   0  93   2   0   0   0  0.70 0.12
  416 N    -1  -1   6   1  -3  -1  -1  -1   0  -4  -4  -1  -3  -4  -2   3   0  -4  -3  -3    0   1  69   1   0   0   0   0   0   0   0   0   0   0   0  29   0   0   0   0  0.77 0.11
  417 I    -1  -3  -4  -4  -1  -3  -3  -4  -4   3   2  -3   2  -1  -3  -2  -1  -3  -2   4    0   0   0   0   0   0   0   0   0  12  16   0   5   0   0   0   0   0   0  67  0.45 0.07

                      K         Lambda
Standard Ungapped    0.1337     0.3156
Standard Gapped      0.0528     0.2670
PSI Ungapped         0.1727     0.3178
PSI Gapped           0.0528     0.2670
