
Last position-specific scoring matrix computed, weighted observed percentages rounded down, information per position, and relative weight of gapless real matches to pseudocounts
            A   R   N   D   C   Q   E   G   H   I   L   K   M   F   P   S   T   W   Y   V   A   R   N   D   C   Q   E   G   H   I   L   K   M   F   P   S   T   W   Y   V
    1 M    -3  -3  -4  -5  -3  -2  -4  -5  -3   0   0  -3  10  -2  -4  -3  -2  -3  -3   0    0   0   0   0   0   0   0   0   0   0   0   0  97   0   0   0   0   0   0   3  1.83 0.37
    2 V     0  -3  -2  -2  -1  -2  -2  -1  -3   0  -1  -2  -1  -2   1   3   0  -4  -2   4    3   0   0   0   1   0   0   2   0   0   0   0   0   1   6  34   1   0   0  50  0.41 0.18
    3 G    -2   6  -2  -3   1   0  -2   0   2  -4  -2   0  -2  -4  -2  -2  -2  -4  -3  -3    2  68   0   0   5   3   0   9   5   0   5   0   0   0   2   1   0   0   0   1  0.81 0.22
    4 S     0  -1  -2  -2  -1  -1  -2  -2  -3   1   0  -2   0  -1   4   0   1  -3  -2   1   10   3   0   0   1   3   0   0   0  12  11   0   1   1  24   9  12   0   0  13  0.30 0.08
    5 L    -2  -3  -4  -4  -3  -3   0  -5  -4   1   5  -3   1   0  -3  -3  -2  -3  -2   0    0   0   0   0   0   0   9   0   0   4  82   0   1   2   1   0   0   0   0   1  0.71 0.19
    6 N    -3  -2   7   0  -2  -1  -2  -2   1  -4  -1  -1  -3  -3  -4   0  -1  -5  -1  -4    0   0  82   1   1   0   0   0   2   0   9   1   0   0   0   2   0   0   3   0  1.15 0.27
    7 C     0  -2  -3  -4   9  -3  -4   2  -4  -2  -3  -3  -2  -3  -3   1  -2  -4  -3   0    6   2   0   0  54   0   0  15   0   0   0   0   0   1   0  13   0   0   0   9  1.01 0.22
    8 I    -3  -4  -5  -5  -3  -4  -5  -5  -5   7   1  -4   1  -1  -4  -4  -2  -4  -3   2    0   0   0   0   0   0   0   0   0  89   8   0   2   0   0   0   0   0   0   2  1.04 0.25
    9 V     0  -4  -4  -3  -2  -3  -3  -4  -4   2   1  -3   1  -2  -3  -3  -1  -4  -2   5    6   0   0   1   0   0   0   0   0   5   8   0   2   0   0   0   1   0   0  78  0.70 0.20
   10 A     5  -3  -2  -3  -2  -2  -2  -1  -3  -3  -3  -2  -2  -4  -1   1   1  -4  -3  -1   84   0   0   0   0   0   0   0   0   0   0   0   0   0   2   9   6   0   0   0  0.81 0.23
   11 V     1  -4  -4  -4  -2  -3  -4  -1  -4   1   0  -3   0  -2  -3  -2  -1  -4  -3   6    9   0   0   0   0   0   0   4   0   1   1   0   2   0   0   0   0   0   0  82  0.73 0.22
   12 S     1  -3  -2  -2   8  -2  -3  -1  -3  -3  -3  -2  -3  -4   0   4  -1  -4  -3  -2   13   0   0   2  37   0   0   2   0   0   0   0   0   0   3  43   0   0   0   0  0.92 0.25
   13 Q    -2  -1  -1  -2   1   6   0  -4  -2  -4  -3   0  -3  -5   5  -2  -2  -4  -4  -4    0   1   1   0   4  55   1   0   0   0   1   2   0   0  35   0   0   0   0   0  1.26 0.31
   14 N    -3  -1   6   4  -4  -1   1  -1   0  -5  -5  -1  -4  -5  -3  -1  -2  -5  -4  -4    0   3  53  27   0   0   9   4   2   0   0   1   0   0   0   0   0   0   0   0  0.95 0.24
   15 M    -2  -2  -3  -4  -3   1  -3  -2  -3   1   2  -2   7  -1  -3  -2   0  -3  -2  -1    2   1   0   0   0   8   0   3   0   5  21   0  49   1   0   0   8   0   0   0  0.70 0.24
   16 G     0  -4  -2  -1  -4  -3   0   7  -3  -5  -5  -3  -4  -5  -4  -2  -3  -4  -5  -5    6   0   0   3   0   0   6  85   0   0   0   0   0   0   0   0   0   0   0   0  1.41 0.30
   17 I    -3  -4  -5  -5  -3  -4  -5  -5  -5   6   2  -4   1  -2  -4  -4  -1  -4  -3   2    0   0   0   0   0   0   0   0   0  74  14   0   2   0   0   0   3   0   0   7  0.97 0.27
   18 G    -1  -2  -2  -3  -4  -3  -3   6  -4  -5  -5  -3  -4  -5  -4   1  -3  -4  -4  -2    0   2   0   0   0   0   0  84   0   0   0   0   0   0   0  10   0   0   0   4  1.37 0.30
   19 K    -2   3   2   1  -1   0  -1  -3  -1  -3  -3   5  -1  -3  -3  -1  -1  -4  -2  -3    0  20  12   7   1   1   0   0   1   1   1  50   2   1   0   1   1   0   1   0  0.62 0.21
   20 N    -2   1   5   2  -4   0   2  -2   0  -4  -4   1  -3  -4  -3   0   0  -5  -3  -4    1   8  46  12   0   1  14   1   2   0   0   7   0   0   0   1   7   0   0   0  0.66 0.20
   21 G     0   2  -2  -1  -4  -3  -3   6  -3  -5  -5  -2  -4  -5  -3  -1  -3  -4  -4  -4    6  12   0   3   0   0   0  75   0   0   0   0   0   0   0   3   0   0   0   0  1.15 0.28
   22 D     0   2   3   3  -1   0   0  -2   0  -3  -3   1  -3  -4  -2   0   0  -4  -2  -3   11  16  20  25   1   1   2   1   1   1   1   9   0   0   0   2   6   0   1   0  0.37 0.14
   23 L    -2  -1  -3  -3   2  -2  -3  -3  -3   0   4  -2   1   0  -3  -2   1  -2  -2   1    1   3   0   1   5   0   1   1   0   1  59   1   2   4   1   1  12   0   0   8  0.42 0.16
   24 P    -1  -2  -2  -2   5  -2  -2   1  -2  -2  -3  -2  -2  -3   6   1  -1  -3  -3  -2    2   1   1   1  16   1   1  10   0   1   2   1   0   1  45  13   1   0   1   1  0.85 0.16
   25 W    -2   1  -2  -3  -3  -2  -2   0   3  -3   1  -2  -2  -1  -3   1  -2   9   0  -3    1   8   1   1   0   0   1   8  10   1  14   1   0   0   1  16   1  36   0   1  0.94 0.27
   26 P    -1  -1   1  -2  -2  -1  -1   0   2   0   0   0  -1   1   1   0   1  -2   2  -1    1   0   9   0   0   0   1   9   9   9   9   9   0   9   9   9   9   0   9   1  0.10 0.11
   27 P    -2  -2  -3  -3  -4  -3  -3  -4  -3  -3   0  -2  -1  -4   8  -1  -2   1  -4  -3    1   2   0   0   0   0   0   0   0   1  11   0   1   0  76   3   1   2   0   0  1.71 0.27
   28 L    -1  -3  -4  -4  -1  -3  -4  -4  -4   2   4  -3   1  -1  -3  -2  -1  -3  -2   2    2   0   0   0   0   0   0   1   0  11  62   0   0   0   0   1   4   0   0  18  0.53 0.15
   29 R    -3   7  -1  -3  -5   0  -1  -3  -2  -4  -4   1  -2  -4  -3   0  -2  -2  -3  -4    0  83   2   0   0   0   0   1   0   1   0   3   1   0   0   6   1   1   0   0  1.22 0.27
   30 N    -3  -1   7   0  -4  -1  -1  -2  -1  -4  -4   2  -2  -4  -3   0  -1  -5  -3  -3    0   1  74   2   0   0   1   0   0   0   0  15   1   0   0   3   2   0   0   1  1.09 0.25
   31 E    -2  -2  -1   1  -5   1   7  -2  -2  -5  -4  -1  -3  -5  -3  -1  -2  -4  -4  -4    2   0   1   4   0   1  89   2   0   0   0   0   0   0   0   1   0   0   0   0  1.28 0.28
   32 F    -3  -4  -4  -5  -1  -4  -4  -4  -2  -1   1  -4   0   7  -5  -3  -3   0   4  -2    0   0   0   0   1   0   0   0   0   0   8   0   1  71   0   1   1   0  14   0  1.20 0.24
   33 R     0   3  -1  -2  -4   1  -1  -2  -2  -4  -3   6  -1  -4  -2  -1  -2  -4  -3  -3    7  16   1   0   0   2   0   2   0   0   0  68   1   0   0   1   0   0   0   1  0.79 0.21
   34 Y    -3  -2  -2  -3  -4  -2  -3  -4   7  -3  -2  -3  -3   2  -4  -3  -3   0   7  -3    0   1   0   1   0   0   0   0  38   0   2   0   0   4   0   0   0   0  54   0  1.38 0.28
   35 F    -4  -4  -5  -5  -4  -5  -5  -5  -3  -2  -1  -5  -2   8  -3  -4  -4  -1   2  -2    0   0   0   0   0   0   0   0   0   0   0   0   0  97   1   0   0   0   0   0  1.81 0.32
   36 Q    -2   4  -2  -2  -5   7   0  -3   0  -4  -4   0  -2  -5  -3  -2  -2  -4  -3  -4    0  23   0   0   0  73   0   0   1   0   0   1   0   0   0   0   0   0   0   0  1.23 0.29
   37 R    -2   6  -2  -2  -4   0  -1  -3  -2  -4  -4   4  -3  -4  -3  -1  -1  -4  -3  -4    2  60   0   0   0   0   0   0   0   0   0  34   0   0   0   1   3   0   0   0  1.02 0.23
   38 M    -3  -3  -4  -5  -3  -2  -4  -5  -3   0   1  -1   9  -1  -4  -3  -2  -3  -3  -1    0   0   0   0   0   0   0   0   0   3   6   3  86   1   0   0   0   0   0   0  1.55 0.35
   39 T    -1  -3  -2  -3  -3  -2  -3  -3  -3  -2  -3  -2  -2  -4  -3   0   7  -4  -3  -2    1   0   0   0   0   0   0   0   0   0   0   0   0   0   0   0  98   0   0   0  1.38 0.33
   40 T     1  -2  -1  -2  -2  -1  -1  -2  -3  -1  -1  -1   4  -3  -2   2   4  -3  -3   0   13   1   0   0   0   1   1   1   0   1   0   1  17   0   0  15  45   0   0   3  0.45 0.17
   41 T    -1  -2   0  -2  -2  -2  -2  -3  -3  -2  -2  -2   0  -3  -2   0   7  -4  -3  -1    2   0   2   0   0   0   0   0   0   1   1   0   2   0   1   1  87   0   0   2  1.05 0.28
   42 S     0  -2  -1  -2  -2  -2  -2  -2  -3  -3  -3  -2  -3  -4   5   4   1  -4  -3  -3    5   0   0   0   0   0   0   0   0   0   0   0   0   0  35  49   9   0   0   0  0.92 0.21
   43 S     0  -1  -1  -2  -2  -1  -1  -1   1  -3  -3  -1  -3  -3  -1   5   3  -4  -3  -3    2   2   0   0   0   0   0   1   4   0   1   1   0   1   2  69  17   0   0   0  0.68 0.22
   44 V     0  -3  -3  -3  -1  -1  -1  -4  -4   1   0  -3   0  -2  -3  -2   0  -4  -2   5    8   0   0   1   0   2   3   0   0   2   1   0   1   0   0   1   4   0   0  76  0.62 0.20
   45 E    -2   0  -1   1  -5   1   6  -3  -1  -4  -4   2  -3  -5  -1  -1  -1  -4  -3  -4    1   1   1   5   0   2  74   0   0   0   0  10   0   0   2   1   1   0   0   0  0.97 0.23
   46 G    -1  -4  -1   0  -4  -3  -3   7  -3  -5  -4  -3  -4  -4  -3  -1  -3  -4  -4  -4    1   0   2   5   0   0   0  90   0   0   2   0   0   0   0   1   0   0   0   0  1.43 0.24
   47 K    -2   2  -2  -2  -5   0  -1  -3  -2  -4  -4   7  -2  -5  -3  -2  -2  -5  -3  -4    0   6   0   0   0   1   0   0   0   0   0  93   1   0   0   0   0   0   0   0  1.26 0.28
   48 Q    -2   0  -2  -2  -1   7   1  -3  -1  -3  -4   2  -2  -5  -3  -2  -2  -4  -3  -4    0   2   0   0   2  84   2   0   0   1   0   8   0   0   0   0   0   0   0   0  1.30 0.30
   49 N    -3  -2   8   0  -4  -2  -2  -2  -1  -5  -5  -2  -4  -5  -4  -1  -2  -6  -4  -5    0   0 100   0   0   0   0   0   0   0   0   0   0   0   0   0   0   0   0   0  1.78 0.34
   50 L     1  -3  -4  -4  -2  -3  -3  -4  -4   1   3  -3   1  -1  -3  -2  -1  -3  -2   4   12   0   0   0   0   0   0   0   0   2  37   0   1   0   0   1   0   0   0  48  0.49 0.15
   51 V    -1  -4  -4  -4  -2  -4  -4  -5  -5   1   0  -4   0  -2  -4  -3  -1  -4  -3   6    1   0   0   0   0   0   0   0   0   0   6   0   1   0   0   0   0   0   0  92  0.99 0.25
   52 I    -3  -5  -5  -5  -3  -4  -5  -5  -5   7   0  -4   0  -2  -4  -4  -2  -4  -3   2    0   0   0   0   0   0   0   0   0  94   1   0   1   0   0   0   0   0   0   4  1.19 0.27
   53 M    -3  -3  -4  -5  -3  -2  -4  -5  -4  -1   0  -3  10  -2  -4  -3  -1  -3  -3  -1    0   0   0   0   0   0   0   0   0   0   0   0  96   0   0   0   3   0   0   0  1.88 0.40
   54 G    -1  -4  -2  -3  -4  -3  -3   7  -3  -5  -5  -3  -4  -4  -3  -2  -3  -4  -4  -4    0   0   0   0   0   0   0  97   0   0   0   0   0   0   0   0   0   0   0   0  1.65 0.27
   55 K    -3   7  -2  -3  -5   0  -1  -4  -2  -4  -4   3  -3  -4  -3  -2  -2   0  -3  -4    0  83   0   0   0   0   0   0   0   0   0  13   0   0   0   0   0   1   0   0  1.31 0.26
   56 K    -2   2   0  -2  -4   0  -1  -3  -2  -4  -4   7  -3  -4  -2  -2  -2  -4  -3  -4    0   5   3   0   0   0   0   0   0   0   0  88   0   0   0   0   0   0   0   0  1.13 0.26
   57 T    -1  -3  -1  -2  -2  -2  -2  -3  -3  -2  -3  -2  -2  -3  -1   0   7  -4  -3  -1    0   0   0   0   0   0   0   0   0   1   0   0   0   0   2   1  93   0   0   0  1.20 0.29
   58 W    -4  -4  -5  -6  -4  -4  -5  -4  -4  -4  -4  -5  -3  -1  -5  -5  -4  12   0  -5    0   0   0   0   0   0   0   0   0   0   0   0   0   0   0   0   0  94   0   0  3.56 0.44
   59 F    -4  -4  -3  -5  -4  -4  -4  -4  -2  -2  -1  -4  -1   8  -5  -4  -3  -1   2  -2    0   0   1   0   0   0   0   0   0   0   2   0   0  91   0   0   0   0   2   0  1.60 0.29
   60 S     0  -2  -1  -2  -2  -2  -2  -2  -2  -4  -4  -2  -3  -4  -2   6   0  -4  -3  -3    0   0   0   0   0   0   0   0   0   0   0   0   0   0   0  96   0   0   0   0  1.15 0.29
   61 I    -3  -4  -3  -4  -3  -4  -4  -5  -4   7   1  -4   0   0  -4  -3  -2  -4  -2   1    0   0   1   0   0   0   0   0   0  90   4   0   0   2   0   1   0   0   0   0  1.05 0.25
   62 P    -2  -4  -4  -3  -4  -3  -3  -4  -4  -4  -4  -3  -4  -5   8  -2  -3  -5  -4  -4    0   0   0   0   0   0   0   0   0   0   0   0   0   0  96   1   0   0   0   0  2.52 0.33
   63 E    -1  -1  -2   0  -5   0   6  -3  -2  -3  -4   1  -2  -5  -1  -1  -2  -4  -3  -3    6   0   0   0   0   0  83   0   0   2   0   7   1   0   1   0   0   0   0   0  1.10 0.26
   64 K    -2   2  -1  -2  -4   2   0  -3  -2  -4  -4   6  -2  -5  -2  -1  -1  -4  -3  -4    1   5   1   0   0   6   1   0   0   0   0  83   1   0   0   1   2   0   0   0  1.05 0.25
   65 N    -3  -2   7   0  -3  -1  -2  -2   2  -5  -5  -2  -4  -1  -4   0  -2  -5  -2  -4    0   0  85   0   0   1   0   0   5   0   0   0   0   3   0   4   0   0   1   0  1.35 0.29
   66 R    -3   7  -2  -3  -5   1  -2  -3  -2  -5  -4   1  -3  -4  -4  -2  -3  -1  -3  -4    0  93   0   0   0   4   0   2   0   0   0   0   0   0   0   0   0   1   0   0  1.52 0.30
   67 P    -3  -4  -4  -3  -5  -3  -3  -4  -4  -5  -4  -3  -4  -5   9  -2  -2  -6  -5  -4    0   0   0   0   0   0   0   0   0   0   1   0   0   0  98   1   1   0   0   0  2.60 0.35
   68 L    -3  -4  -5  -5  -3  -4  -4  -5  -4   0   6  -4   1  -1  -4  -4  -3  -3  -2   0    0   0   0   0   0   0   0   0   0   0 100   0   0   0   0   0   0   0   0   0  1.13 0.26
   69 K    -2   2   3  -2  -4   0  -1  -2  -2  -4  -4   6  -3  -4  -1  -1  -2  -4  -3  -4    1   7  15   0   0   1   0   1   0   0   0  73   0   0   2   1   0   0   0   0  0.89 0.23
   70 G    -3  -2   5   6  -5  -1   0   0  -2  -5  -5  -2  -4  -5  -3  -1  -2  -5  -4  -4    0   0  33  58   0   0   3   5   0   0   0   0   0   0   0   0   0   0   0   0  1.10 0.23
   71 R    -3   8  -2  -3  -5  -1  -2  -4  -2  -5  -4   1  -3  -5  -4  -2  -2  -4  -3  -4    0  98   0   0   0   0   0   0   0   0   0   0   0   0   0   0   2   0   0   0  1.66 0.32
   72 I    -3  -5  -5  -5  -3  -4  -5  -5  -5   7   0  -4   0  -2  -4  -4  -2  -4  -3   1    0   0   0   0   0   0   0   0   0  98   0   0   1   0   0   0   0   0   0   1  1.30 0.29
   73 N    -3  -2   8   0  -5  -2  -2  -2   0  -5  -5  -2  -4  -5  -4  -1  -2  -6  -4  -5    0   0  98   0   0   0   0   0   2   0   0   0   0   0   0   0   0   0   0   0  1.76 0.34
   74 L    -2  -2  -4  -4  -2  -4  -4  -5  -4   6   2  -4   0  -1  -4  -3  -2  -4  -2   2    0   2   0   0   0   0   0   0   0  68  17   0   0   1   0   0   0   0   0  12  0.78 0.19
   75 V    -2  -4  -5  -5  -2  -4  -4  -5  -5   2  -1  -4  -1  -2  -4  -3  -1  -4  -3   6    0   0   0   0   0   0   0   0   0   2   0   0   0   0   0   0   0   0   0  98  1.17 0.28
   76 L    -3  -4  -5  -5  -3  -4  -4  -5  -4   0   6  -4   1   0  -4  -4  -3  -3  -2   0    0   0   0   0   0   0   0   0   0   0  98   0   0   1   0   0   0   0   0   1  1.08 0.25
   77 S     0  -2  -1  -2  -2  -2  -2  -1  -2  -2  -4  -2  -3  -4  -2   6   0  -4  -3  -3    0   1   0   0   0   0   0   1   0   3   0   0   0   0   0  95   0   0   0   0  1.10 0.30
   78 R    -3   7  -2  -3  -5   0  -1  -3  -2  -5  -4   2  -3  -4  -4  -2  -2  -4  -3  -4    0  90   0   0   0   1   0   1   0   0   0   8   0   0   0   0   1   0   0   0  1.46 0.29
   79 E    -2  -1   0   1  -5   2   6  -3   0  -5  -4   0  -3  -5  -3  -1  -2  -4  -3  -4    1   0   3   5   0   8  77   1   2   0   0   3   0   0   0   0   1   0   0   0  1.05 0.24
   80 L    -3  -2  -4  -5   3  -3  -4  -5  -4   0   5  -4   1   0  -4  -3  -2  -3   0   0    0   1   0   0   8   0   0   0   0   0  84   0   1   2   0   0   0   0   2   1  0.81 0.20
   81 K    -2   1  -1  -2  -4   1   0  -3  -2  -3  -3   6  -1  -4  -2  -1  -1  -4  -3  -3    1   3   1   0   0   3   2   0   0   1   0  83   1   0   0   0   3   0   0   1  0.99 0.24
   82 E     1  -2  -1   1  -4   1   6  -3  -2  -3  -3   0  -2  -4  -2  -1   0  -4  -3  -1   14   0   0   3   0   1  69   0   0   0   0   1   1   0   0   0   5   0   0   6  0.75 0.20
   83 P     0  -3  -3  -3  -4  -3  -3  -3  -3  -2  -1  -2  -2  -4   8  -2   0  -5  -4  -2    5   0   0   0   0   0   0   0   1   2   5   0   0   0  75   0   7   0   0   3  1.65 0.25
   84 P    -2  -4  -4  -3  -4  -3  -3  -4  -4  -4  -4  -3  -4  -5   8  -2  -3  -5  -5  -4    0   0   0   0   0   0   0   0   0   1   1   0   0   0  97   0   0   0   0   0  2.54 0.34
   85 Q     1   1  -1  -1  -3   4   2  -2   0  -3  -3   2  -1  -4   0   0   0  -3  -2  -2   19   3   1   1   0  35  12   0   2   0   1  14   1   0   4   3   5   0   0   0  0.41 0.13
   86 G    -1  -3  -2  -3  -4  -3  -3   7  -3  -5  -5  -3  -4  -5  -4  -2  -3  -4  -4  -5    0   1   0   0   0   0   0  97   0   0   0   1   0   0   0   0   0   0   0   0  1.66 0.27
   87 A     6  -3  -3  -3  -2  -2  -2  -1  -3  -2  -3  -2  -2  -4  -2   0  -1  -4  -3  -1   94   0   0   0   0   0   0   0   0   0   0   0   0   0   0   0   2   0   0   3  1.00 0.26
   88 H    -3  -1   0  -2  -5  -1  -2  -4  10  -5  -5  -2  -3  -3  -4  -3  -3  -4   0  -5    0   1   3   1   0   0   0   0  93   0   0   0   0   0   0   0   0   0   0   0  2.17 0.37
   89 F    -3  -3  -3  -4  -2  -3  -3  -4   5  -2  -2  -3  -2   6  -4  -3  -3   0   6  -3    0   0   0   0   1   0   0   0  19   0   1   0   0  44   0   0   0   0  35   0  1.15 0.23
   90 L    -3  -3  -4  -5  -2  -3  -4  -5  -4   0   5  -4   1  -1  -4  -3  -2  -3  -2   0    0   0   0   0   0   0   0   0   0   0  93   0   0   0   0   1   0   0   0   4  0.96 0.22
   91 S     6  -3  -3  -3  -1  -2  -2  -1  -3  -3  -3  -2  -2  -3  -2   1  -1  -4  -3  -1   87   0   0   0   0   0   0   2   0   0   0   0   0   0   0   8   0   0   0   2  0.87 0.23
   92 R     0   2   0  -1  -3   1   0  -1   1  -3  -3   4  -2  -4   2   1  -1  -4  -2  -3    9  14   2   1   0   3   1   1   3   0   0  40   0   0   9  13   2   0   0   0  0.41 0.12
   93 S    -1  -2   1   5  -3  -1  -1  -2  -2  -4  -4  -2  -3  -4  -2   5   0  -5  -3  -3    0   0   3  38   0   0   0   0   0   0   0   0   0   0   0  57   1   0   0   0  0.84 0.22
   94 L    -3  -4  -4  -5  -3  -4  -4  -5  -3   0   4  -4   1   5  -4  -4  -3  -2   0  -1    0   0   0   0   0   0   0   0   0   2  66   0   0  31   0   0   0   0   0   0  0.83 0.20
   95 D    -1  -2   1   6  -1  -1   1  -1  -2  -4  -4  -1  -3  -4  -1   2   0  -5  -4  -3    3   1   3  57   1   0   3   2   0   0   0   0   0   0   2  24   2   0   0   0  0.77 0.18
   96 D    -1  -2   0   5  -3  -1   1  -2   0  -4  -4  -1  -3  -4  -2   3  -1  -5  -3  -4    2   0   0  49   0   1   7   1   2   0   0   0   0   0   0  37   1   0   0   0  0.78 0.20
   97 A     6  -3  -3  -3  -1  -2  -2  -1  -3  -3  -3  -2  -2  -4  -2   0  -1  -4  -3  -2   98   0   0   0   1   0   0   0   0   0   0   0   0   0   0   0   1   0   0   0  1.12 0.28
   98 L    -3  -4  -5  -5  -3  -4  -4  -5  -4   1   6  -4   1   0  -4  -4  -3  -3  -2   0    0   0   0   0   0   0   0   0   0   2  96   0   0   1   0   0   0   0   0   1  1.05 0.24
   99 K     0   3   0   0  -3   1   1  -2   1  -3  -3   4  -2  -4  -2   0  -1  -4  -2  -2    9  21   3   5   0   2   6   1   5   0   0  41   0   0   0   2   2   0   0   2  0.42 0.12
  100 L    -3  -3  -5  -5  -3  -3  -4  -5  -1   1   5  -4   1   0  -3  -4  -2  -3  -1   0    0   0   0   0   0   0   0   0   2   2  90   0   1   3   1   0   1   0   1   0  0.89 0.22
  101 T    -2  -3  -4  -4  -2  -3  -4  -4  -4   4   3  -3   1  -1  -3  -2   1  -3  -2   2    0   0   0   0   0   0   0   0   0  35  36   0   0   0   0   0  13   0   0  16  0.50 0.14
  102 E    -2  -2   0   5  -5   0   5  -3  -1  -3  -4   0  -4  -5  -3  -1  -1  -5  -4  -4    0   0   2  39   0   1  53   0   0   2   0   2   0   0   0   0   2   0   0   0  0.98 0.22
  103 Q    -1   0   0  -1  -3   4   1  -1  -1  -2  -2   0   0  -3  -2   2   3  -3  -3  -2    1   1   1   2   0  35   6   3   0   0   3   1   4   0   0  19  22   0   0   1  0.39 0.15
  104 P     0  -2  -2  -2  -3  -2  -1  -2  -2  -3  -3  -2  -2  -3   7   0  -1  -3  -3  -2    6   1   1   1   0   1   2   2   0   1   2   1   0   1  65   9   3   0   1   2  1.32 0.17
  105 E    -2  -2  -2   1  -5   1   7  -3  -2  -5  -4   0  -3  -5  -1  -2  -2  -4  -4  -4    0   0   0   3   0   1  91   0   0   0   0   2   0   0   1   0   0   0   0   0  1.32 0.28
  106 L    -3  -3  -4  -5  -2  -3  -4  -5  -4   1   5  -4   2   0  -4  -3  -2  -3  -2   0    0   0   0   0   0   0   0   0   0   4  87   0   5   1   0   1   0   0   0   1  0.87 0.21
  107 A     4   0  -1  -1  -2   0   0   0  -2  -2  -3   1  -2  -3  -2   1   2  -4  -3  -1   48   3   1   1   0   3   3   4   0   0   0  14   0   0   0   6  16   0   0   2  0.33 0.13
  108 N    -1  -1   5   3  -3  -1   2   0   0  -4  -4   0  -3  -4  -2   1  -1  -4  -3  -3    2   1  39  21   0   0  13   6   1   0   1   3   0   0   0  12   1   0   1   0  0.55 0.14
  109 K    -2   2  -1  -2  -4   4   1  -3  -1  -3  -2   5  -2  -4  -2  -1  -1  -4  -3  -2    0   6   0   0   0  22   3   0   1   0   4  61   0   0   0   0   1   0   0   2  0.75 0.20
  110 V     2  -3  -4  -4  -2  -3  -3  -3  -4   2   0  -3  -1  -2  -3  -2  -1  -4  -3   5   23   0   0   0   0   0   0   0   0   6   1   0   0   0   0   0   1   0   0  69  0.66 0.20
  111 D    -3  -3   0   8  -4  -2   1  -3  -2  -5  -5  -2  -5  -5  -3  -2  -3  -6  -5  -5    0   0   1  94   0   0   4   1   1   0   0   0   0   0   0   0   0   0   0   0  1.67 0.30
  112 M    -2  -1  -3  -3  -3   5  -1  -3  -2  -1   1   0   7  -2  -3  -2  -2  -3  -3  -1    0   0   0   0   0  32   1   0   0   2  10   3  50   0   0   0   0   0   0   1  0.82 0.25
  113 V    -1  -4  -4  -3  -2  -3  -4  -4  -4   3   0  -4   0  -2  -4  -3  -1  -4  -2   6    1   0   0   1   0   0   0   0   0  14   0   0   0   0   0   0   0   0   0  82  0.89 0.23
  114 W    -5  -4  -6  -6  -4  -4  -5  -5  -4  -5  -4  -5  -3  -1  -6  -5  -4  13   0  -5    0   1   0   0   0   0   0   0   0   0   0   0   0   0   0   0   0  97   0   0  3.70 0.46
  115 I    -2  -4  -4  -4  -2  -4  -4  -5  -4   6   1  -4   0  -1  -4  -3  -2  -4  -2   4    0   0   0   0   0   0   0   0   0  69   2   0   0   0   0   0   0   0   0  27  0.88 0.21
  116 V    -1  -4  -4  -4  -2  -3  -4  -4  -4   5   0  -3   0  -2  -4  -3  -1  -4  -2   4    4   0   0   0   0   0   0   0   0  52   0   0   1   0   0   0   0   0   0  41  0.75 0.19
  117 G     0  -4  -2  -3  -4  -3  -3   7  -3  -5  -5  -3  -4  -4  -3  -2  -3  -4  -4  -4    3   0   0   0   0   0   0  95   0   0   0   0   0   0   0   0   0   0   0   0  1.58 0.26
  118 G    -1  -2  -2  -3  -4  -3  -3   7  -1  -5  -5  -3  -4  -4  -3  -2  -3  -4  -4  -4    1   2   0   0   0   0   0  94   2   0   0   0   0   0   0   0   0   0   0   0  1.53 0.26
  119 S     0  -1   0  -2  -1  -1  -2  -2  -2  -4  -4  -1  -3  -4  -2   6   1  -4  -3  -3    1   2   1   0   1   0   0   0   0   0   0   0   0   0   0  86   7   0   0   0  0.94 0.26
  120 S     1  -2  -1  -2   0  -2  -2  -2  -2  -4  -4  -2  -3  -2  -2   6   0  -4  -3  -3    5   0   0   0   2   0   0   0   0   0   0   0   0   1   1  89   1   0   0   0  0.98 0.27
  121 V    -2  -3  -4  -4  -2  -3  -4  -4  -4   2   3  -3   1  -1  -4  -3  -1  -3  -2   5    0   0   0   0   0   0   0   0   0   4  33   0   1   0   0   0   0   0   0  60  0.66 0.18
  122 Y    -3  -3  -4  -5  -4  -3  -4  -5   2  -3  -3  -3  -3   1  -5  -3  -3   1   9  -3    0   0   0   0   0   0   0   0   3   0   0   0   0   0   0   1   0   0  94   0  1.96 0.35
  123 K    -2   1  -1  -2  -4   1   0  -2  -2  -4  -4   7  -1  -4  -2  -1  -2  -4  -3  -3    1   1   0   0   0   2   2   2   0   0   0  87   2   0   0   1   1   0   0   0  1.05 0.25
  124 E     0  -2  -2   1  -5   0   7  -3  -2  -5  -4   0  -3  -5  -3  -1  -2  -4  -4  -3   10   0   0   2   0   0  87   0   0   0   0   1   0   0   0   0   0   0   0   0  1.21 0.27
  125 A     4  -3  -3  -3  -2  -2  -2  -2  -3  -1   1  -2   2  -2  -2   0  -1  -3  -3   1   64   0   0   0   0   0   0   0   0   0  17   0   7   0   0   2   1   0   0   9  0.49 0.18
  126 M    -3  -2  -4  -5  -3  -2  -4  -5  -3   0   1  -3   9  -2  -4  -3  -1  -3  -3  -1    0   2   0   0   0   0   0   0   0   3   2   0  90   0   0   0   3   0   0   0  1.64 0.36
  127 N    -2  -1   4   3  -4   0   5  -2  -1  -4  -4   0  -3  -4  -2   0  -1  -4  -3  -4    1   0  30  12   0   1  46   1   0   0   0   1   0   0   0   6   2   0   0   0  0.72 0.18
  128 H    -1   2   0  -1  -3   2   0  -2   1  -3  -3   4  -1  -3  -2   2   0  -3  -1  -3    2  13   2   0   0  12   1   0   3   0   0  34   1   0   0  25   5   0   3   0  0.40 0.13
  129 P    -2  -3  -3  -3  -4  -1  -2  -3  -3  -4  -4  -2  -4  -5   8   1   0  -5  -4  -4    1   1   0   0   0   2   0   0   0   0   1   0   0   0  80  10   4   0   0   0  1.90 0.28
  130 G     0  -3  -2  -3   1  -3  -3   6  -1   0  -2  -3   0  -3  -3  -1  -2  -4  -4  -1    4   0   0   0   4   0   0  69   1   8   1   0   3   0   0   2   0   0   0   5  0.83 0.18
  131 H    -2  -1   1  -2  -4   0  -1  -3   8  -2  -2  -1  -2  -2   0   0   2  -4   0  -3    0   1   7   1   0   3   1   0  51   2   3   3   0   0   5   5  17   0   1   0  0.77 0.20
  132 L    -2   3  -2  -3  -2   2  -1  -3   3   0   2   1   0  -1  -3  -2  -1  -3  -1   0    0  21   0   0   1  13   0   0  13   3  32   7   0   1   0   0   1   0   0   6  0.27 0.12
  133 K    -3   7  -2  -3  -5   0  -1  -4  -1  -4  -3   2  -1  -4  -3  -1  -2  -4  -2  -4    0  82   0   0   0   1   0   0   1   0   2  11   2   0   0   2   1   0   1   0  1.23 0.26
  134 L    -3  -4  -5  -5  -2  -4  -4  -5  -4   1   6  -4   1  -1  -4  -4  -3  -2  -2   0    0   0   0   0   0   0   0   0   0   1  96   0   0   0   0   0   0   0   0   1  1.05 0.24
  135 F    -4  -5  -5  -5  -4  -5  -5  -5  -3  -1  -1  -5  -2   8  -5  -4  -4  -1   2  -2    0   0   0   0   0   0   0   0   0   0   1   0   0  97   0   0   0   0   1   0  1.84 0.33
  136 V    -2  -4  -4  -5  -2  -4  -4  -5  -5   2   1  -4   1  -2  -4  -3  -1  -4  -3   6    0   0   0   0   0   0   0   0   0   3   5   0   4   0   0   0   0   0   0  88  0.97 0.25
  137 T    -2  -3  -2  -3  -3  -2  -3  -3  -3  -2  -3  -2  -2  -4  -3   0   7  -4  -3  -2    0   0   0   0   0   0   0   0   0   0   0   0   0   0   0   1  99   0   0   0  1.40 0.33
  138 R    -3   7  -2  -3  -5   2  -1  -4   0  -5  -3   1  -3  -4  -4  -2  -3   0  -3  -4    0  88   0   0   0   7   0   0   1   0   1   1   0   0   0   0   0   2   0   0  1.41 0.29
  139 I    -3  -4  -5  -5  -3  -4  -5  -5  -5   7   0  -4   0  -2  -4  -4  -2  -4  -3   2    0   0   0   0   0   0   0   0   0  89   0   0   0   0   0   0   1   0   0  10  1.13 0.26
  140 M    -2  -3  -4  -4  -3   0  -3  -4  -3   0   4  -3   7   0  -4  -2  -2  -3  -2   0    0   0   0   0   0   5   0   0   0   1  48   0  43   2   0   1   0   0   0   0  0.81 0.22
  141 Q    -2   1  -1  -2  -4   6   0  -3   2  -4  -4   4  -2  -5  -3  -1  -1  -4  -3  -4    0   3   0   0   0  63   0   0   6   0   0  26   0   0   0   0   1   0   0   0  1.02 0.26
  142 D    -2  -1  -1   2  -5   5   5  -3  -1  -4  -4   0  -3  -4  -2  -1  -2  -4  -2  -4    0   0   0  13   0  34  49   1   0   0   0   2   0   0   0   1   0   0   2   0  0.90 0.21
  143 F    -4  -5  -5  -5  -4  -5  -5  -5  -3  -2  -1  -5  -2   8  -5  -4  -4  -1   2  -2    0   0   0   0   0   0   0   0   0   0   2   0   0  98   0   0   0   0   0   0  1.88 0.33
  144 E    -2  -2  -1   3  -5   0   6  -3   0  -5  -4   0  -4  -5  -1  -1  -2  -5  -4  -3    1   0   0  14   0   0  78   0   1   0   0   1   0   0   2   0   0   0   0   1  1.11 0.25
  145 S    -1  -3  -1  -3   8  -2  -3  -1  -3  -3  -3  -2  -3  -4  -3   5   0  -4  -3  -3    0   1   0   0  38   0   0   2   0   0   0   0   0   0   0  58   1   0   0   0  1.10 0.26
  146 D    -3  -3   1   8  -5  -2   0  -3  -3  -5  -5  -2  -5  -5  -3  -2  -3  -6  -5  -5    0   0   2  98   0   0   0   0   0   0   0   0   0   0   0   0   0   0   0   0  1.79 0.32
  147 T    -1  -3  -2  -3  -2  -2  -3  -3  -3  -1  -3  -2  -1  -4  -3   0   7  -4  -3  -1    1   0   0   0   0   0   0   0   0   3   0   0   1   0   0   0  93   0   0   2  1.21 0.30
  148 F    -4  -4  -4  -5  -4  -5  -5  -5  -2  -1  -1  -4  -1   8  -5  -2  -3  -1   3  -2    0   0   0   0   0   0   0   0   1   1   2   0   0  89   0   3   1   0   4   0  1.55 0.29
  149 F    -3  -4  -4  -5  -3  -4  -4  -5  -3   1   3  -4   0   7  -5  -4  -3  -1   1  -1    0   0   0   0   0   0   0   0   0   8  30   0   1  61   0   0   0   0   0   0  0.98 0.21
  150 P    -2  -4  -4  -3  -5  -1  -3  -4  -3  -5  -4  -3  -4  -5   8  -2  -3  -5  -5  -4    0   0   0   0   0   3   0   0   1   0   0   0   0   0  94   2   0   0   0   0  2.43 0.34
  151 E    -2  -1   0   1  -5   1   6  -3  -1  -5  -4   1  -3  -5  -2  -1  -2  -4  -3  -4    0   0   3   5   0   1  82   0   1   0   0   4   0   0   1   0   1   0   0   0  1.12 0.25
  152 I    -2  -4  -4  -5  -3  -4  -4  -4  -5   7   0  -3   0   0  -4  -3  -1  -4  -3   1    1   0   0   0   0   0   0   1   0  91   1   1   0   2   0   1   2   0   0   1  1.06 0.26
  153 D    -2  -2   3   6   1  -1   0  -2  -2  -4  -4  -2  -4  -4  -3   2  -1  -5  -2  -4    0   1  16  60   4   0   0   0   0   0   1   0   0   0   0  15   1   0   1   0  0.87 0.20
  154 L    -2  -3  -4  -4  -2  -2  -3  -4  -2   0   4  -3   2   1   3  -2  -2  -3   0   0    1   0   0   0   1   1   0   0   1   0  65   0   4   4  15   1   1   0   4   1  0.56 0.17
  155 E    -1   0   2   4  -4   1   4  -2  -1  -4  -4   2  -3  -4  -2  -1  -1  -4  -3  -4    2   1   8  26   0   5  38   2   0   0   0  15   0   0   0   1   2   0   0   0  0.63 0.16
  156 K    -2   2  -1   0  -4   1   0  -3  -1  -2  -3   6  -3  -4  -2  -1  -2  -4  -3  -3    0   5   1   6   0   4   1   1   1   4   0  75   0   0   0   3   1   0   0   0  0.85 0.23
  157 Y    -4  -4  -4  -5   1  -3  -4  -5   1  -3  -3  -4  -3   4  -5  -3  -3   0   9  -3    0   0   0   0   4   0   0   0   2   0   0   0   0  14   0   0   0   0  81   0  1.74 0.33
  158 K    -2   4  -1  -2  -2   1  -1  -3   0  -4  -4   5  -3  -4  -3  -1  -2  -4  -3  -4    0  29   2   0   1   3   0   0   2   0   0  60   0   0   0   2   1   0   0   0  0.90 0.22
  159 L    -3  -3  -4  -5  -2  -1  -4  -5  -2   0   5  -3   1   0  -3  -4  -3  -3  -2  -1    0   1   0   0   0   3   0   0   1   1  90   1   0   2   1   0   0   0   0   0  0.89 0.23
  160 L    -3  -4  -5  -5  -3  -4  -4  -5  -3   1   6  -4   1  -1  -4  -4  -1  -3  -2   0    0   0   0   0   0   0   0   0   1   4  93   0   0   0   0   0   3   0   0   0  0.99 0.24
  161 P    -2  -3  -3  -3  -4  -1  -3  -4  -4  -3  -4  -2  -3  -5   8   0   0  -5  -4  -3    1   0   0   0   0   2   0   0   0   1   1   1   0   0  81   7   7   0   0   1  1.94 0.30
  162 E    -2  -1  -1   1  -5   1   6  -1  -2  -5  -4   1  -3  -5  -3  -1  -2  -4  -4  -4    1   0   1   3   0   3  78   5   0   0   0   6   0   0   0   3   1   0   0   1  1.03 0.25
  163 Y    -4  -4  -4  -5  -3  -4  -4  -5  -1  -2  -2  -4  -2   6  -5  -3  -3   1   7  -3    0   0   0   0   0   0   0   0   0   0   0   0   0  41   0   1   0   0  56   0  1.50 0.30
  164 P    -2  -4  -4  -3  -5  -3  -2  -4  -4  -5  -4  -3  -4  -5   8  -2  -2  -6  -5  -4    2   0   0   0   0   0   1   0   0   0   1   0   0   0  93   1   1   0   0   0  2.45 0.35
  165 G    -1  -3  -2   0  -4  -3  -2   7  -3  -5  -5  -3  -4  -5  -4  -1  -3  -4  -5  -5    1   0   0   5   0   0   2  90   0   0   0   0   0   0   0   1   0   0   0   0  1.50 0.27
  166 V    -2  -4  -5  -5  -1  -4  -4  -5  -5   2  -1  -4   0  -2  -4  -3  -2  -4  -3   6    0   0   0   0   1   0   0   0   0   7   0   0   0   0   0   0   0   0   0  91  1.12 0.28
  167 L    -2  -3  -3  -2  -3  -2  -3  -4  -4  -2   2  -3  -2  -2   7   0  -2  -4  -3  -2    1   0   0   1   0   0   0   0   0   0  27   0   0   1  58   9   1   0   0   0  1.22 0.23
  168 S     1  -1  -1   0  -2   2   0  -1   0  -3  -2   0  -1  -3   0   4   1  -4  -3  -1   12   1   0   2   0  14   4   1   2   0   2   4   1   0   2  44   8   0   0   2  0.35 0.14
  169 D    -1  -2   0   5  -5  -1   4   2  -2  -5  -5  -1  -4  -5  -3  -1  -2  -5  -4  -4    3   0   2  49   0   0  29  16   0   0   0   0   0   0   0   0   0   0   0   0  0.87 0.20
  170 V    -2  -3  -4  -4  -2  -3  -3  -4  -4   3   3  -3   1  -1  -3  -3  -1  -3  -2   4    0   0   0   0   0   0   1   0   0  18  26   0   3   0   1   0   2   0   0  48  0.57 0.16
  171 Q    -3  -1  -2  -2  -5   8   0  -3   0  -5  -4  -1  -2  -5  -3  -2  -3  -4  -3  -4    0   0   0   0   0  98   0   1   1   0   0   0   0   0   0   0   0   0   0   0  1.80 0.39
  172 E    -3  -1  -2   0  -5   0   7  -4  -2  -5  -5  -1  -4  -4  -3  -2  -3  -5  -4  -4    0   1   0   1   0   0  96   0   0   0   0   0   0   1   0   0   0   0   0   1  1.53 0.33
  173 E    -3  -2  -2   1  -6   0   7  -3  -2  -5  -5  -1  -4  -5  -3  -2  -3  -5  -4  -4    0   0   0   3   0   0  96   1   0   0   0   0   0   0   0   0   0   0   0   0  1.53 0.33
  174 K    -2   0   6   0  -4   0   0  -2   0  -4  -4   4  -3  -4  -3   0  -2  -5  -3  -4    0   0  53   0   0   1   2   0   1   0   1  39   0   0   0   3   0   0   0   0  0.92 0.24
  175 G    -1  -4  -2  -2  -4  -3  -4   7  -3  -5  -5  -3  -4  -5  -4  -1  -3  -4  -5  -5    0   0   0   1   0   0   0  97   1   0   0   0   0   0   0   1   0   0   0   0  1.72 0.29
  176 I    -3  -5  -5  -5  -3  -4  -5  -5  -5   7   1  -4   0  -2  -4  -4  -2  -4  -3   2    0   0   0   0   0   0   0   0   0  86   4   0   0   0   0   0   0   0   0   9  1.14 0.26
  177 K    -2   2  -1  -2  -4   6   0  -3  -1  -4  -4   4  -2  -4  -3  -1  -2  -1  -3  -4    0   6   0   0   0  52   2   0   0   0   0  37   0   0   0   0   1   1   0   0  0.96 0.25
  178 Y    -4  -3  -4  -3  -3  -3  -4  -5   1  -3  -3  -4  -3   2  -5  -3  -3   0   9  -3    0   0   0   1   0   0   0   0   2   0   0   0   0   2   0   0   0   0  93   0  1.99 0.36
  179 K    -2   4  -1  -2  -4   0   0  -3   0  -3  -3   6  -2  -4  -3  -2  -2  -4  -3  -2    0  25   0   0   0   2   2   1   2   0   1  64   0   0   0   0   1   0   0   4  0.86 0.22
  180 F    -4  -4  -5  -5  -4  -5  -5  -5  -3  -1  -1  -5  -2   8  -5  -3  -4  -1   3  -2    0   0   0   0   0   0   0   0   0   1   1   0   0  91   0   1   0   0   5   0  1.71 0.32
  181 E    -2  -2  -2   0  -5   1   7  -4  -2  -5  -5   0  -4  -5  -3  -2  -2  -5  -4  -3    0   0   0   0   0   2  95   0   0   0   0   2   0   0   0   0   0   0   0   1  1.47 0.31
  182 V    -2  -4  -4  -5  -2  -4  -2  -5  -5   2  -1  -4   0  -2  -4  -3  -1  -4  -3   6    0   0   0   0   0   0   2   0   0   2   0   0   1   0   0   0   1   0   0  94  1.08 0.28
  183 Y    -4  -4  -4  -5  -2  -3  -4  -5   1  -3  -3  -4  -3   2  -5  -4  -4   0   9  -3    0   0   0   0   1   0   0   0   1   0   0   0   0   1   0   0   0   0  98   0  2.15 0.38
  184 E    -2  -2  -2   0  -5   1   7  -3  -2  -5  -5   0  -4  -5  -3  -2  -2  -5  -4  -4    0   0   0   0   0   2  96   1   0   0   0   1   0   0   0   0   0   0   0   0  1.47 0.31
  185 K    -1   2   0  -2  -3   0  -1  -2  -2  -4  -4   5  -3  -4  -2   3  -1  -4  -3  -3    0   9   2   0   0   0   0   0   0   0   0  57   0   0   0  32   0   0   0   0  0.73 0.21
  186 N    -1  -1   4   0  -3  -1  -1  -2   0   2  -1   0  -1  -2  -3   0   2  -4  -2   0    1   1  39   1   0   0   0   0   3  19   1   8   0   1   0   6  18   0   0   3  0.31 0.11
  187 D    -2  -2   3   6  -4   0   3  -2  -1  -4  -4  -1  -3  -4  -2  -1  -2  -5  -3  -4    0   0  17  55   0   0  29   0   0   0   0   0   0   0   0   0   0   0   0   0  0.88 0.13

                      K         Lambda
Standard Ungapped    0.1366     0.3170
Standard Gapped      0.0594     0.2670
PSI Ungapped         0.1939     0.3176
PSI Gapped           0.0594     0.2670
