
Last position-specific scoring matrix computed, weighted observed percentages rounded down, information per position, and relative weight of gapless real matches to pseudocounts
            A   R   N   D   C   Q   E   G   H   I   L   K   M   F   P   S   T   W   Y   V   A   R   N   D   C   Q   E   G   H   I   L   K   M   F   P   S   T   W   Y   V
    1 M    -2  -2  -3  -4  -2  -1  -3  -4  -2   1   1  -2   8  -1  -3  -2  -1  -2  -2   0    0   0   0   0   0   0   0   0   0   0   0   0  99   0   0   0   0   0   0   1  0.96 0.13
    2 A     5  -2  -2  -2  -1  -1  -1   0  -2  -2  -2  -1  -2  -3   0   1  -1  -3  -2  -1   95   0   0   0   0   0   0   1   0   0   0   0   0   0   3   0   0   0   0   1  0.61 0.09
    3 P    -1  -3  -3  -2  -4  -2  -2  -3  -3  -4  -4  -1  -3  -5   8  -1  -2  -5  -4  -3    1   0   0   0   0   0   0   0   0   0   0   2   0   0  97   0   0   0   0   0  2.22 0.12
    4 V    -1   1  -1  -1  -3   1   0  -2  -2  -2  -3   6  -2  -4  -1  -1   0  -4  -2  -1    2   1   0   0   0   1   0   0   0   2   0  85   0   0   1   1   4   0   0   4  0.65 0.10
    5 K    -1   2   0  -1  -4   1   0  -2  -1  -4  -3   6  -2  -4  -2  -1  -1  -4  -3  -3    0   0   1   0   0   0   0   0   0   0   0  98   0   0   0   1   1   0   0   0  0.90 0.13
    6 S     2  -1   2   1  -2   0  -1  -1  -1  -2  -3   0  -2  -3  -1   3   2  -3  -2  -1   19   0  17   7   0   1   0   1   0   0   0   5   0   0   0  30  20   0   0   1  0.31 0.05
    7 Q     2  -1   0  -1  -2   2   0   0  -1   0  -1   0   1  -2  -2   2   1  -3  -2   0   26   0   2   0   0  16   1   5   1   6   4   2   6   0   0  18   9   0   0   4  0.15 0.03
    8 E    -2  -1   2   4  -4   1   5  -2  -1  -4  -4   0  -3  -4  -2   0  -1  -4  -3  -3    0   0  10  23   0   2  62   0   0   0   0   2   0   0   0   1   0   0   0   0  0.73 0.08
    9 S     0  -1   3   0  -2  -1  -1   0  -1  -3  -3  -1  -2  -3  -1   4   2  -4  -2  -2    0   0  25   0   0   0   0   3   0   0   0   0   0   0   1  61  10   0   0   0  0.51 0.08
   10 I    -2  -4  -4  -4  -2  -3  -4  -5  -4   6   1  -3   1  -1  -4  -3  -1  -3  -2   2    0   0   0   0   0   0   0   0   0  93   4   0   1   0   0   0   1   0   0   2  0.69 0.10
   11 N    -2  -1   7   1  -3  -1  -1  -1   0  -4  -4  -1  -3  -4  -3   1   0  -5  -3  -4    1   0  92   0   0   0   0   2   0   0   0   0   0   0   0   5   1   0   0   0  1.04 0.12
   12 Q     2  -1   1  -1  -1   1  -1  -1  -1  -3  -3  -1  -2  -3  -1   4   1  -3  -2  -2   14   0   4   0   0   6   0   0   0   0   0   0   0   0   0  71   5   0   0   0  0.50 0.08
   13 K    -2   6  -1  -2  -3   1   0  -3  -1  -4  -3   3  -2  -4  -3  -1  -2  -3  -2  -3    0  77   0   0   1   0   0   0   1   0   0  22   0   0   0   0   0   0   0   0  0.90 0.10
   14 L    -2  -3  -4  -4  -2  -3  -4  -4  -4   1   5  -3   2   0  -4  -3  -2  -2  -2   0    0   0   0   0   0   0   0   0   0   0 100   0   0   0   0   0   0   0   0   0  0.73 0.09
   15 A     5  -2  -1  -2  -1   0  -1   0  -2  -2  -2  -1  -2  -3  -1   1   0  -3  -2  -1   86   0   1   0   0   6   0   4   0   0   0   0   0   0   0   3   1   0   0   0  0.54 0.09
   16 L    -2  -3  -4  -4  -2  -3  -4  -4  -3   1   5  -3   2   0  -4  -3  -2  -2  -2   0    0   0   0   0   0   0   0   0   0   0  98   0   2   0   0   0   0   0   0   0  0.71 0.09
   17 V     0  -3  -3  -4  -1  -3  -3  -4  -4   2   0  -3   0  -2  -3  -2   0  -4  -2   5    2   0   0   0   0   0   0   0   0   0   0   0   0   0   0   1   4   0   0  94  0.60 0.10
   18 I    -2  -2  -3  -4  -2  -2  -3  -4  -3   2   1  -2   7  -1  -3  -2   0  -2  -2   1    0   0   0   0   0   0   0   0   0  17   1   0  72   0   0   0   3   0   0   7  0.65 0.11
   19 K    -1   2  -1  -1  -4   1   0  -2  -1  -4  -3   6  -2  -4  -2  -1  -1  -4  -3  -3    0   1   0   0   0   0   0   0   0   0   0  99   0   0   0   0   0   0   0   0  0.89 0.12
   20 S     1  -1   0  -1  -2  -1  -1  -1  -2  -3  -3  -1  -2  -3  -2   5   1  -4  -2  -2    0   0   0   0   0   0   0   0   0   0   0   0   0   0   0  99   1   0   0   0  0.77 0.12
   21 G     0  -3  -1  -2  -3  -3  -3   6  -3  -5  -5  -2  -3  -4  -3  -1  -2  -3  -4  -4    0   0   0   0   0   0   0 100   0   0   0   0   0   0   0   0   0   0   0   0  1.36 0.11
   22 K    -1   2  -1  -1  -4   1   0  -2  -1  -3  -3   6  -2  -4  -2  -1  -1  -4  -3  -3    0   1   0   0   0   1   0   0   0   0   0  97   0   0   0   0   1   0   0   1  0.85 0.11
   23 Y    -2  -3  -3  -4   0  -2  -3  -4   0   0  -1  -3  -1   3  -3  -2  -1   1   6   2    0   0   0   0   2   0   0   0   0   0   0   0   0   7   0   1   1   0  59  31  0.67 0.09
   24 T     0  -2   0  -2   3  -1  -2  -2  -1   0  -1  -1  -1  -2  -2   1   4  -3  -2   2    2   0   2   0   7   1   0   0   1   0   0   1   0   0   0   5  58   0   0  22  0.37 0.07
   25 L    -2  -3  -4  -4  -2  -3  -4  -4  -3   1   5  -3   2   0  -4  -3  -2  -2  -1   0    0   0   0   0   0   0   0   0   0   3  91   0   4   2   0   0   0   0   0   0  0.65 0.08
   26 G     0  -3  -1  -2  -3  -3  -3   6  -3  -5  -5  -2  -3  -4  -3  -1  -2  -3  -4  -4    0   0   0   0   0   0   0 100   0   0   0   0   0   0   0   0   0   0   0   0  1.36 0.11
   27 Y    -2  -2  -2  -4  -3  -2  -3  -4   2  -2  -1  -3  -2   3  -4  -2  -2   1   8  -2    0   0   1   0   0   0   0   0   2   0   2   0   0   3   0   0   1   0  91   0  1.25 0.13
   28 K    -1   3   0  -1  -4   1   0  -2  -1  -3  -3   6  -2  -4  -2  -1  -1  -4  -3  -3    0   9   2   0   0   1   0   0   0   0   0  87   0   0   0   1   1   0   0   0  0.76 0.10
   29 S     0  -1   0  -1  -2   3   0  -1  -1  -3  -3   0  -2  -3  -2   4   1  -3  -2  -2    0   0   0   0   0  23   1   0   0   0   0   0   0   0   0  69   7   0   0   0  0.53 0.09
   30 T     0  -2  -1  -2   0  -1  -2  -2  -2  -1  -2  -1  -1  -3  -2   1   6  -3  -2   0    3   0   0   0   1   0   0   0   0   0   0   0   0   0   0   4  86   0   0   6  0.67 0.10
   31 V    -2  -3  -4  -4  -2  -3  -3  -4  -3   2   4  -3   2   0  -3  -3  -1  -2  -2   2    0   0   0   0   0   0   0   0   0   4  81   0   4   0   0   0   0   0   0  11  0.56 0.07
   32 K    -1   2  -1  -1  -4   1   0  -2  -1  -4  -3   6  -2  -4  -2  -1  -1  -4  -3  -3    0   2   0   0   0   0   1   0   1   0   0  97   0   0   0   0   0   0   0   0  0.86 0.11
   33 S     1  -1   0  -1   0   0  -1  -1  -1  -2  -2  -1  -1  -3  -1   3   4  -3  -2  -1   13   0   0   0   1   4   1   0   0   0   0   0   1   0   0  37  40   0   0   1  0.39 0.06
   34 L    -2  -3  -4  -4  -2  -3  -3  -4  -3   2   5  -3   2   0  -2  -3  -2  -2  -2   1    0   0   0   0   0   0   0   0   0   8  87   0   3   0   1   0   0   0   0   1  0.60 0.08
   35 R    -2   7  -1  -2  -4   0  -1  -3  -1  -4  -3   2  -2  -4  -3  -2  -2  -4  -3  -3    0 100   0   0   0   0   0   0   0   0   0   0   0   0   0   0   0   0   0   0  1.18 0.12
   36 Q     0  -1   1  -1  -2   4   0  -1  -1  -3  -2   0   0  -3  -2   3   1  -3  -2  -2    4   0   8   0   0  32   0   2   0   0   3   0   3   0   0  41   5   0   0   0  0.35 0.06
   37 G     0  -3  -1  -2  -3  -2  -3   6  -3  -5  -4  -2  -3  -4  -3   0  -2  -3  -4  -4    0   0   1   0   0   0   0  97   0   0   0   0   0   0   0   2   0   0   0   0  1.28 0.10
   38 K    -1   2  -1  -1  -4   1   0  -2  -1  -4  -3   6  -2  -4  -2  -1  -1  -4  -3  -3    0   0   0   0   0   0   0   0   0   0   0  99   0   0   0   0   1   0   0   0  0.88 0.12
   39 S     5  -2  -2  -2  -1  -1  -1   0  -2  -2  -2  -1  -2  -3  -1   2   0  -3  -2  -1   84   0   0   0   0   0   0   2   0   0   0   0   0   0   0  14   0   0   0   0  0.57 0.09
   40 K    -1   2  -1  -1  -4   1   0  -2  -1  -4  -3   6  -2  -4  -2  -1  -1  -4  -3  -3    0   1   0   0   0   0   0   0   0   0   0  99   0   0   0   0   0   0   0   0  0.89 0.12
   41 L    -2  -3  -4  -4  -2  -3  -4  -4  -4   1   5  -3   2   0  -4  -3  -2  -2  -2   0    0   0   0   0   0   0   0   0   0   0  99   0   0   0   0   0   0   0   0   1  0.72 0.09
   42 I    -1  -3  -4  -4  -1  -3  -3  -4  -4   4   1  -3   0  -1  -3  -2  -1  -3  -2   4    0   0   0   0   0   0   0   0   0  34   1   0   0   0   0   0   0   0   0  65  0.55 0.08
   43 I    -2  -4  -4  -4  -2  -3  -4  -4  -4   5   2  -3   1  -1  -3  -3  -1  -3  -2   2    0   0   0   0   0   0   0   0   0  82  16   0   0   0   0   0   0   0   0   2  0.61 0.09
   44 I    -2  -4  -4  -4  -2  -4  -4  -5  -4   6   1  -3   1  -1  -4  -3  -1  -3  -2   2    0   0   0   0   0   0   0   0   0  94   4   0   0   0   0   0   0   0   0   2  0.71 0.10
   45 A     4  -2  -1  -2   0  -1  -1   0  -2  -2  -2  -1  -2  -3  -1   2   0  -3  -2  -1   75   0   0   0   1   0   0   1   0   0   0   0   0   0   0  23   0   0   0   0  0.53 0.08
   46 A     1  -2   3  -1  -2  -1  -2   4  -1  -4  -4  -1  -3  -3  -2   1  -1  -3  -3  -3   15   0  27   0   0   0   0  49   0   0   0   1   0   0   0   8   0   0   0   0  0.59 0.06
   47 N    -2  -1   7   1  -4  -1  -1  -1   0  -4  -4  -1  -3  -4  -3   0  -1  -5  -3  -4    0   0 100   0   0   0   0   0   0   0   0   0   0   0   0   0   0   0   0   0  1.21 0.13
   48 T     0  -2  -1  -2   7  -2  -2  -2  -3  -2  -2  -2  -2  -3  -2   0   5  -3  -3  -1    2   0   0   0  31   0   0   0   0   0   0   0   0   0   0   1  67   0   0   0  0.75 0.10
   49 P    -2  -3  -3  -2  -4  -2  -2  -3  -3  -4  -4  -2  -3  -5   8  -1  -2  -5  -4  -3    0   0   0   0   0   0   0   1   0   0   0   0   0   0  99   1   0   0   0   0  2.31 0.13
   50 V     0  -2  -3  -2  -3  -1  -2  -3  -2  -2  -3  -2  -2  -4   7  -1  -1  -4  -3   0    5   1   0   0   0   2   0   0   0   1   0   0   0   0  78   2   1   0   1  10  1.58 0.10
   51 L    -2  -3  -4  -4  -2  -3  -4  -4  -4   1   5  -3   2   0  -4  -3  -2  -2  -2   1    0   0   0   0   0   0   0   0   0   1  96   0   0   0   0   0   0   0   0   3  0.69 0.09
   52 R    -2   7  -1  -2  -4   0  -1  -3  -1  -4  -3   2  -2  -4  -3  -1  -2  -4  -2  -3    0  98   0   0   0   0   0   0   0   0   0   1   0   0   0   0   0   0   0   1  1.15 0.12
   53 K    -1   2  -1  -1  -4   1   0  -2  -1  -4  -3   6  -2  -4  -2  -1  -1  -4  -3  -3    0   1   0   0   0   0   0   0   0   0   0  98   0   0   0   1   0   0   0   0  0.88 0.11
   54 S     1  -1   0  -1  -2  -1  -1  -1   0  -3  -3  -1  -2  -3  -2   5   1  -4  -2  -2    1   0   0   0   0   0   0   0   2   0   0   0   0   0   0  96   0   0   0   0  0.73 0.11
   55 E    -2  -1  -1   1  -5   1   6  -3  -1  -4  -4   0  -3  -4  -2  -1  -2  -4  -3  -3    0   0   0   0   0   0 100   0   0   0   0   0   0   0   0   0   0   0   0   0  1.10 0.12
   56 L    -2  -3  -4  -4  -2  -3  -4  -4  -4   4   4  -3   1   0  -3  -3  -1  -3  -2   2    0   0   0   0   0   0   0   0   0  42  56   0   0   0   0   0   1   0   0   2  0.52 0.07
   57 E    -2  -1  -1   1  -5   1   6  -3  -1  -4  -4   0  -3  -4  -2  -1  -2  -4  -3  -3    0   0   0   0   0   0 100   0   0   0   0   0   0   0   0   0   0   0   0   0  1.10 0.12
   58 Y    -3  -3  -3  -4  -3  -2  -3  -4   1  -2  -2  -3  -2   2  -4  -3  -3   2   8  -2    0   0   0   0   0   0   0   0   0   0   0   0   0   0   0   0   0   0 100   0  1.49 0.15
   59 Y    -3  -3  -3  -4  -3  -2  -3  -4   1  -2  -2  -3  -2   2  -4  -3  -2   1   8  -2    0   0   0   0   0   0   0   0   0   1   1   0   0   0   0   0   0   0  97   1  1.39 0.14
   60 A     5  -2  -2  -2  -1  -1  -1   0  -2  -2  -2  -1  -2  -3  -1   2   0  -3  -2  -1   81   0   0   0   0   0   0   0   0   0   0   0   0   0   0  19   0   0   0   0  0.57 0.09
   61 M    -2  -2  -3  -4  -2  -1  -3  -4  -3   0   1  -2   9  -1  -4  -2  -2  -2  -2   0    0   0   0   0   0   0   0   0   0   0   1   0  99   0   0   0   0   0   0   0  1.08 0.16
   62 L    -2  -3  -4  -4  -2  -3  -4  -4  -4   1   5  -3   2   0  -4  -3  -2  -2  -2   0    0   0   0   0   0   0   0   0   0   0  99   0   1   0   0   0   0   0   0   0  0.72 0.09
   63 S     3  -2  -1  -1  -1  -1  -1   0  -2  -2  -3  -1  -2  -3  -1   4   0  -3  -2  -1   44   0   0   0   0   0   0   2   0   0   0   0   0   0   0  54   0   0   0   0  0.49 0.08
   64 K    -1   2  -1  -1  -4   1   0  -2  -1  -4  -3   6  -2  -4  -2  -1  -1  -4  -3  -3    0   1   0   0   0   1   0   0   0   0   0  99   0   0   0   0   0   0   0   0  0.88 0.12
   65 T     0  -2  -1  -2   1  -1  -2  -2  -2  -1  -2  -1  -1  -3  -2   1   6  -3  -2   0    4   0   0   0   2   0   0   0   0   2   0   0   0   0   0   2  87   0   0   3  0.67 0.10
   66 K     0  -1   2  -1  -3   0  -1   4  -1  -3  -3   0  -2  -3   3   1   0  -3  -3  -3    4   1  19   0   0   4   0  38   0   0   0   3   0   1  18   7   5   0   0   0  0.50 0.04
   67 V    -1  -3  -4  -4  -1  -3  -3  -4  -4   2   0  -3   0  -1  -3  -2  -1  -4  -2   5    0   0   0   0   1   0   0   0   0   2   1   0   0   0   0   0   0   0   0  97  0.66 0.10
   68 Y    -3  -1   0  -2  -4   0  -1  -3   9  -4  -3  -2  -2   0  -3  -2  -3  -2   3  -4    0   0   0   0   0   0   0   0  88   0   0   0   0   2   0   0   0   0  10   0  1.37 0.14
   69 Y    -3  -1   0  -2  -4   0  -1  -3   9  -4  -4  -2  -2  -1  -3  -2  -3  -2   3  -4    0   0   0   0   0   0   0   0  90   0   0   0   0   0   0   0   0   0  10   0  1.42 0.14
   70 F    -3  -3  -3  -4  -3  -3  -3  -4   0  -1  -1  -3  -1   6  -4  -3  -3   1   6  -2    0   0   0   0   0   0   0   0   0   0   1   0   0  48   0   0   0   0  51   0  1.04 0.10
   71 Q     1  -1   3   0  -2   2   0   0   0  -2  -3   0  -1  -2  -1   3   2  -3  -2  -2   12   0  20   0   0  12   0   2   2   0   0   1   1   1   1  37  12   0   0   0  0.31 0.05
   72 G     0  -3  -1  -2  -3  -2  -3   6  -3  -5  -5  -2  -3  -4  -3  -1  -2  -3  -4  -4    0   0   0   1   0   0   0  99   0   0   0   0   0   0   0   0   0   0   0   0  1.33 0.10
   73 G    -1  -1   6   1  -3  -1  -1   2   0  -4  -4  -1  -3  -4  -3   0   1  -4  -3  -3    1   0  72   2   0   0   0  14   0   0   0   0   0   0   0   2  10   0   0   0  0.74 0.09
   74 N    -2  -1   7   1  -4  -1  -1  -1   0  -4  -4  -1  -3  -4  -3   0  -1  -5  -3  -4    0   0 100   0   0   0   0   0   0   0   0   0   0   0   0   0   0   0   0   0  1.21 0.13
   75 N    -2  -3   1  -2  -2  -3  -3  -3  -3   5   1  -3   0  -1  -3  -2   0  -3  -2   2    0   0  14   0   0   0   0   0   0  71   1   0   0   0   0   0   3   0   0  11  0.42 0.08
   76 E    -1  -1   0   4  -4   1   5  -3  -1  -4  -4   0  -3  -4  -2  -1  -1  -4  -3  -3    2   0   0  23   0   0  76   0   0   0   0   0   0   0   0   0   0   0   0   0  0.87 0.09
   77 L    -2  -3  -4  -4  -2  -3  -4  -4  -3   1   5  -3   2   0  -4  -3  -2  -2  -2   0    0   0   0   0   0   0   0   0   0   0  98   0   2   0   0   0   0   0   0   0  0.71 0.09
   78 G     0  -3  -1  -2  -3  -3  -3   6  -3  -5  -5  -2  -3  -4  -3  -1  -2  -3  -4  -4    0   0   0   0   0   0   0 100   0   0   0   0   0   0   0   0   0   0   0   0  1.36 0.11
   79 T    -1  -2  -1  -2  -2  -1  -2  -2  -3  -1  -2  -1  -1  -3  -2   1   6  -3  -2  -1    0   0   0   0   0   0   0   0   0   0   0   0   0   0   0   0 100   0   0   0  0.88 0.12
   80 A     5  -2  -2  -2  -1  -1  -2   0  -2  -2  -2  -1  -2  -3  -1   1  -1  -3  -2   0   95   0   0   0   0   0   0   1   0   0   0   0   0   0   0   2   0   0   0   3  0.64 0.10
   81 V    -1  -4  -4  -4  10  -4  -4  -3  -4  -2  -2  -4  -2  -3  -4  -2  -2  -3  -3   0    2   0   0   0  91   0   0   0   0   0   1   0   0   0   0   0   0   0   0   5  1.72 0.14
   82 G     0  -3  -1  -2  -3  -3  -3   6  -3  -5  -5  -2  -3  -4  -3  -1  -2  -3  -4  -4    0   0   0   0   0   0   0 100   0   0   0   0   0   0   0   0   0   0   0   0  1.36 0.11
   83 K    -1   2  -1  -1  -4   1   0  -2  -1  -4  -3   6  -2  -4  -2  -1  -1  -4  -3  -3    0   5   0   0   0   0   0   0   0   0   0  95   0   0   0   0   0   0   0   0  0.86 0.11
   84 L    -2  -3  -3  -4  -2  -2  -3  -4   0   0   3  -3   1   2  -4  -3  -2   0   5   0    0   0   0   0   0   0   0   0   0   0  54   0   2   2   0   0   0   0  42   0  0.59 0.08
   85 F    -3  -3  -4  -4  -3  -4  -4  -4   0  -1   0  -4  -1   7  -4  -3  -3   0   4  -2    0   0   0   0   0   0   0   0   1   0   0   0   0  89   0   0   0   0  10   0  1.13 0.11
   86 R    -2   7  -1  -2  -4   0  -1  -3   0  -4  -3   2  -2  -4  -3  -1  -2  -4  -2  -3    0  97   0   0   0   0   0   0   1   0   0   0   1   0   0   1   1   0   0   0  1.10 0.12
   87 V    -1  -3  -3  -4   7  -3  -3  -4  -4   1   0  -3   0  -2  -3  -2   0  -3  -2   4    1   0   0   0  33   0   0   0   0   1   0   0   0   0   0   0   3   0   0  63  0.64 0.09
   88 G     0  -2  -1  -2   6  -2  -2   4  -2  -3  -3  -2  -2  -3  -2   2   0  -3  -3  -2    1   0   0   0  25   0   0  39   0   0   0   0   0   0   0  33   2   0   0   0  0.59 0.07
   89 V     0  -2  -1  -2   2  -2  -2  -2  -3   1  -1  -2   0  -2  -2   0   4  -3  -2   3    2   0   0   0   5   0   0   0   0   1   0   0   1   0   0   3  53   0   0  34  0.37 0.07
   90 V    -2  -2  -4  -4  -2  -2  -3  -4  -3   1   4  -3   5   0  -3  -3  -1  -2  -2   1    0   0   0   0   0   0   0   0   0   1  60   0  37   0   0   0   0   0   0   3  0.57 0.08
   91 S     3  -2  -1  -1   0  -1  -1  -1  -2  -2  -2  -1  -2  -3  -1   3   2  -3  -2  -1   41   0   0   0   2   0   0   0   0   0   0   0   0   0   0  46   9   0   0   2  0.41 0.07
   92 I    -2  -4  -4  -4  -2  -3  -4  -4  -4   5   1  -3   1  -1  -3  -3  -1  -3  -2   3    0   0   0   0   0   0   0   0   0  81   0   0   0   0   0   0   0   0   0  19  0.64 0.09
   93 L    -1  -2  -2  -3  -2  -2  -2  -3  -3   1   3  -2   1  -1  -2   0   4  -3  -2   0    0   0   0   0   0   1   0   0   0  11  40   0   0   0   0   0  47   0   0   1  0.34 0.06
   94 E    -3  -2   1   7  -4  -1   1  -2  -2  -4  -5  -1  -4  -4  -2  -1  -2  -5  -4  -4    0   0   1  97   0   0   2   0   0   0   0   0   0   0   0   0   0   0   0   0  1.29 0.12
   95 A     3  -2  -2  -2  -2   0  -1   0  -2  -2  -3  -1  -2  -3   5   0  -1  -4  -3  -1   53   0   0   0   0   4   1   4   0   0   0   0   0   0  37   0   0   0   0   1  0.76 0.07
   96 G     0  -3  -1  -2  -3  -3  -3   6  -3  -5  -5  -2  -3  -4  -3  -1  -2  -3  -4  -4    0   0   0   0   0   0   0 100   0   0   0   0   0   0   0   0   0   0   0   0  1.36 0.11
   97 D    -3  -2   1   7  -4  -1   1  -2  -2  -4  -5  -1  -4  -4  -2  -1  -2  -5  -4  -4    0   0   2  98   0   0   0   0   0   0   0   0   0   0   0   0   0   0   0   0  1.30 0.12
   98 S     1  -1   0  -1  -2  -1  -1  -1  -2  -3  -3  -1  -2  -3  -2   5   1  -4  -2  -2    0   0   0   0   0   0   0   0   0   0   0   0   0   0   0 100   0   0   0   0  0.78 0.12
   99 D    -3  -2   1   7  -4  -1   1  -2  -2  -4  -5  -1  -4  -4  -2  -1  -2  -5  -4  -4    0   0   0  99   0   0   1   0   0   0   0   0   0   0   0   0   0   0   0   0  1.32 0.12
  100 I    -2  -4  -4  -4  -2  -4  -4  -5  -4   6   1  -3   1  -1  -4  -3  -1  -3  -2   2    0   0   0   0   0   0   0   0   0  97   3   0   0   0   0   0   0   0   0   0  0.74 0.10
  101 L    -2  -3  -4  -4  -2  -3  -4  -4  -4   4   4  -3   2   0  -3  -3  -1  -3  -2   1    0   0   0   0   0   0   0   0   0  37  60   0   1   0   0   0   1   0   0   2  0.51 0.06
  102 T     1   3   0  -1  -2   0   0  -1  -1  -2  -2   2  -2  -3  -2   3   2  -3  -2  -2    8  23   1   1   0   0   0   0   0   0   0  16   0   0   0  33  17   0   0   1  0.32 0.05
  103 T     1  -1   1   2  -2   0   0  -1  -1  -2  -2  -1  -2  -2  -1   3   2  -3  -2  -1   13   0   3  13   0   4   2   2   0   1   0   0   0   1   0  36  24   0   0   1  0.30 0.05
  104 L    -1  -1   0  -2  -2   3   0  -3  -1   0   1  -1   4  -1  -2   0  -1  -2  -2   1    1   0   4   0   0  30   1   0   1   4  14   0  27   1   0   5   2   0   0   9  0.21 0.06
  105 A     3  -2  -2  -2  -2  -1  -1  -1  -2  -3  -3  -1  -2  -3   6   1  -1  -4  -3  -2   45   0   0   0   0   0   0   2   0   0   0   0   0   0  47   7   0   0   0   0  0.91 0.06

                      K         Lambda
Standard Ungapped    0.1313     0.3139
Standard Gapped      0.0521     0.2670
PSI Ungapped         0.1703     0.3172
PSI Gapped           0.0521     0.2670
