
Last position-specific scoring matrix computed, weighted observed percentages rounded down, information per position, and relative weight of gapless real matches to pseudocounts
            A   R   N   D   C   Q   E   G   H   I   L   K   M   F   P   S   T   W   Y   V   A   R   N   D   C   Q   E   G   H   I   L   K   M   F   P   S   T   W   Y   V
    1 M    -3  -3  -4  -5  -3  -2  -4  -5  -3   0   1  -3  10  -2  -4  -3  -2  -3  -3   1    0   0   0   0   0   0   0   0   0   0   1   0  93   0   0   0   0   0   0   6  1.74 0.31
    2 R    -3   3  -2  -3  -5   0  -1  -4  -3  -5  -4   7  -3  -5  -3  -2  -3  -5  -4  -4    0  10   0   0   0   0   1   0   0   0   0  88   0   0   0   0   0   0   0   0  1.45 0.32
    3 V    -2  -3  -3  -4  -2  -3  -4  -4  -4   5   0  -3   0  -2  -4  -2   3  -4  -2   3    0   0   0   0   0   0   0   0   0  42   5   0   0   0   0   0  26   0   0  26  0.65 0.19
    4 T    -2  -3  -2  -3  -3  -3  -3  -4  -4  -3  -3  -3  -3  -4  -3  -1   7  -5  -4  -2    0   0   0   0   0   0   0   0   0   0   0   0   0   0   0   0 100   0   0   0  1.73 0.38
    5 V    -2  -4  -4  -5  -2  -4  -4  -5  -4   3   4  -4   0   2  -4  -3  -2  -3  -2   3    0   0   0   0   0   0   0   0   0  22  42   0   0  10   0   0   0   0   0  26  0.63 0.16
    6 S    -1  -3  -1  -2  -3  -2  -2  -2  -3  -4  -5  -2  -4  -5  -3   7   1  -5  -4  -4    0   0   0   0   0   0   0   0   0   0   0   0   0   0   0  96   3   0   0   0  1.44 0.35
    7 I    -2  -4  -5  -5  -2  -4  -4  -5  -4   3   2  -4   0  -2  -4  -3  -2  -4  -3   5    1   0   0   0   0   0   0   0   0  17  18   0   0   0   0   0   0   0   0  64  0.85 0.22
    8 I    -3  -5  -5  -5  -3  -5  -5  -6  -5   7   0  -5  -1  -2  -5  -4  -3  -5  -3   1    0   0   0   0   0   0   0   0   0  98   1   0   0   0   0   0   0   0   0   0  1.63 0.34
    9 K    -3   0  -2  -3  -5  -1  -1  -4  -3  -5  -5   7  -4  -5  -3  -2  -3  -5  -4  -5    0   0   0   0   0   0   0   0   0   0   0 100   0   0   0   0   0   0   0   0  1.74 0.37
   10 A     6  -3  -4  -4  -2  -3  -3  -2  -4  -3  -4  -3  -3  -4  -3  -1  -2  -5  -4  -2  100   0   0   0   0   0   0   0   0   0   0   0   0   0   0   0   0   0   0   0  1.43 0.34
   11 D    -4  -4  -1   8  -6  -2   0  -4  -3  -5  -6  -3  -5  -6  -4  -2  -3  -7  -5  -6    0   0   0 100   0   0   0   0   0   0   0   0   0   0   0   0   0   0   0   0  2.14 0.38
   12 V    -2  -4  -5  -5  -2  -4  -5  -5  -5   5   0  -4  -1  -2  -4  -4  -2  -4  -3   5    0   0   0   0   0   0   0   0   0  42   0   0   0   0   0   0   0   0   0  57  1.06 0.25
   13 G    -2  -4  -2  -3  -5  -4  -4   7  -4  -6  -6  -4  -5  -5  -4  -2  -4  -5  -5  -5    0   0   0   0   0   0   0 100   0   0   0   0   0   0   0   0   0   0   0   0  2.00 0.34
   14 G    -1  -4  -2  -3  -4  -3  -3   6  -3  -5  -5  -3  -4  -5  -3   3  -2  -4  -4  -4    0   0   0   0   0   0   0  71   0   0   0   0   0   0   0  29   0   0   0   0  1.30 0.27
   15 F    -3  -4  -4  -5   1  -3  -4  -5  -1   0   2  -4   0   4  -5  -3  -3   7   5   0    0   0   0   0   4   0   0   0   0   5  18   0   1  21   0   0   0  17  27   7  0.87 0.19
   16 P     2  -4  -4  -4  -1  -3  -3  -3  -4   0  -2  -3  -2  -3   5  -1  -1  -5  -3   4   22   0   0   0   1   0   0   1   0   1   0   0   0   0  30   2   1   0   0  43  0.76 0.21
   17 G    -2  -4  -2  -3  -5  -4  -4   7  -4  -6  -6  -4  -5  -5  -4  -2  -4  -5  -5  -5    0   0   0   0   0   0   0 100   0   0   0   0   0   0   0   0   0   0   0   0  2.00 0.34
   18 H    -4  -3  -2  -4  -6  -2  -3  -5  11  -6  -5  -3  -4  -4  -5  -3  -4  -5  -1  -6    0   0   0   0   0   0   0   0 100   0   0   0   0   0   0   0   0   0   0   0  2.92 0.47
   19 A     2  -2  -1  -2   1  -1  -2  -1   5  -3  -3  -2  -2  -3  -3   4   0  -4  -2  -1   16   0   1   0   3   1   0   3  17   0   1   0   0   0   0  51   3   0   0   5  0.58 0.20
   20 H     0   0   0  -1  -1  -1  -1   0  -1   0  -1   0   0  -2  -2   2   1   2  -2   1    3   5   3   3   1   1   3   5   1   3   4   5   2   0   0  30  11   3   1  16  0.13 0.08
   21 V     0  -4  -3  -4  -1  -3  -3  -4  -4   1  -1  -3   2  -2  -2   1   0  -4  -3   5    4   0   0   0   1   0   0   0   0   4   1   0   6   1   1  12   3   0   0  67  0.67 0.21
   22 H    -4  -2  -1  -3  -6  -2  -2  -4  10  -6  -5  -3  -4  -3  -1  -3  -4  -4   0  -6    0   1   1   1   0   0   0   0  92   0   0   0   0   0   3   0   0   0   1   0  2.50 0.43
   23 P    -3  -3  -3  -1  -5  -1   0  -4  -4  -5  -5  -1  -4  -6   8  -2  -3  -6  -4  -4    0   0   1   2   0   2   6   0   0   0   0   2   0   0  84   1   0   0   0   0  2.19 0.34
   24 K     1   1   0   4  -4   1   3  -2  -2  -4  -4   2  -2  -4  -2  -1  -2  -4  -3  -3   15   6   1  31   0   4  24   0   0   0   0  16   1   0   0   1   0   0   0   0  0.56 0.15
   25 M    -2  -3  -4  -4   0   1  -3  -4  -3   2   4  -3   2  -1  -4  -2   1  -3  -2   1    0   0   0   0   1   9   0   0   0  15  56   0   4   0   0   0   8   0   0   6  0.52 0.16
   26 L    -2  -3  -4  -4  -2  -2  -1  -4  -4   3   3   0   4  -1  -4  -3  -2  -3  -2   1    0   0   0   0   0   0   4   0   0  24  42   9  17   0   0   0   0   0   0   5  0.52 0.16
   27 E     1  -1  -1   2  -4   1   5  -3  -1  -3  -2   2  -3  -4  -2  -1  -2  -4  -3  -3   17   0   1   9   0   2  50   0   0   0   3  13   0   0   0   2   1   0   0   0  0.62 0.18
   28 Y     1   0  -1  -2  -2  -1   0  -3  -2   1   0   2   0   0  -2  -1   1  -3   0   1   13   5   1   0   0   0   4   0   0  10   8  23   1   4   0   1  15   0   2  12  0.12 0.08
   29 A     6  -3  -3  -4   3  -3  -3  -1  -4  -3  -3  -3  -3  -4  -3   0  -1  -4  -4  -1   88   0   0   0   6   0   0   2   0   0   0   0   0   0   0   1   1   0   0   2  1.13 0.29
   30 A     0   3   1   1  -4   1   3  -2  -1  -4  -3   2  -2  -4  -2   0   0  -4  -2  -3    6  21   8   5   0   4  24   2   0   0   0  18   0   0   0   7   4   0   1   0  0.41 0.12
   31 A    -1   1   0   1  -4   1   4  -1  -1  -4  -4   3  -3  -4  -2   0  -1  -4  -3  -3    3   8   3   7   0   5  40   5   0   0   0  23   0   0   0   3   1   0   0   1  0.55 0.15
   32 K    -1   1  -1  -2   2   0   0  -3   0   1   0   2   1  -1  -2   0  -1  -2  -1   1    2   7   3   1   7   2   7   0   3   8   6  18   8   1   0   8   1   0   2  16  0.09 0.07
   33 L    -3  -4  -5  -5  -3  -4  -5  -5  -5   0   6  -4   3  -1  -5  -4  -3  -3  -3  -1    1   0   0   0   0   0   0   0   0   1  92   0   5   0   0   0   1   0   0   1  1.18 0.27
   34 K     2   0   0   0  -3   1   2   0  -1  -3  -3   1  -2  -3  -2   2   0  -4  -3  -2   26   5   3   4   0   6  21   5   1   1   1   8   0   0   0  16   3   0   0   1  0.29 0.10
   35 E     0   0   0   1  -4   1   4  -1  -1  -3  -3   3  -2  -4  -2   0  -1  -4  -3  -3    7   3   4   7   0   6  37   3   0   1   1  26   0   0   0   3   1   0   0   1  0.47 0.13
   36 A     5  -2  -2  -2  -2  -1   0   0  -1  -3  -3  -1  -2  -3  -2   0  -1  -3  -2  -1   75   1   1   1   0   1   5   5   1   1   1   2   0   0   1   3   1   0   1   1  0.71 0.20
   37 Q    -2   2  -1  -2  -2   2  -1  -2  -2  -2  -2   6  -2  -3  -2  -2  -2  -4  -3  -1    2   8   1   0   1   8   1   1   0   1   4  63   1   0   1   0   1   0   0   7  0.70 0.19
   38 K    -1   1   1   1  -4   1   3   1  -1  -3  -3   3  -2  -4  -2   0  -1  -4  -3  -3    4   7   5   8   0   4  24  10   1   0   1  27   0   0   0   6   2   0   0   1  0.37 0.11
   39 R     0   1   2   1  -3   1   2  -2   0  -3  -3   3  -2  -4  -2   2   0  -4  -3  -3    4   7   9   7   0   5  13   1   1   0   0  23   0   0   0  22   6   0   0   0  0.34 0.11
   40 G    -1  -2   0   0  -4  -2  -1   6  -3  -5  -4  -1  -4  -4   0  -1  -2  -4  -4  -4    1   1   3   4   0   1   4  71   0   0   1   4   0   0   4   4   0   0   0   0  1.01 0.20
   41 V    -2  -2  -3  -3  -2  -2  -3  -4  -3   2   4  -2   2  -1  -3  -2   0  -3  -2   1    1   1   0   1   0   0   1   0   0  15  56   3   3   1   1   1   7   0   0   9  0.46 0.14
   42 I    -3  -4  -5  -5  -3  -4  -5  -5  -5   5   4  -4   0  -1  -4  -4  -2  -4  -3   1    0   0   0   0   0   0   0   0   0  42  55   0   0   0   0   0   0   0   0   2  0.92 0.22
   43 I    -2  -2  -2  -3  -2  -2  -1  -4  -3   5   1   0   0  -1  -3  -2   0  -4  -2   2    1   1   1   0   0   0   6   0   0  55   6   9   1   1   0   1   5   0   0  11  0.46 0.16
   44 D    -4  -4  -1   8  -6  -2   0  -3  -3  -5  -6  -3  -5  -6  -4  -1  -3  -7  -5  -5    0   0   0  98   0   0   0   0   0   0   0   0   0   0   0   2   0   0   0   0  2.05 0.37
   45 Y    -2  -4  -4  -5  -3  -4  -4  -4  -1  -2  -2  -4  -2   7  -5  -3  -4   0   7  -2    2   0   0   0   1   0   0   0   1   0   0   0   0  48   0   2   0   0  45   1  1.51 0.30
   46 F    -3   1  -2  -3   1  -2  -2  -4   7  -3  -3  -1  -3   3  -4  -2  -3  -1   6  -3    0   9   0   1   4   0   0   0  33   0   1   2   0  11   0   2   0   0  34   1  0.98 0.23
   47 V    -2  -3  -5  -5  -3  -3  -4  -5  -5   2  -1  -4  -1  -3  -4  -4  -2  -5  -3   6    0   1   0   0   0   1   0   0   0   9   0   0   0   0   0   0   0   0   0  88  1.23 0.29
   48 Y     0  -3  -2  -3  -3  -2  -3  -1  -3  -1   0  -2   1   1  -3   0   5  -3   1  -1    7   0   0   0   0   0   0   3   0   1   9   0   4   8   0   2  60   0   5   1  0.59 0.21
   49 N     0   2   4  -2  -2  -1  -1  -2   6  -4  -4   1  -3  -3  -3   0  -1  -1   0  -3    9  14  28   0   1   0   0   1  29   0   0   6   0   0   0   5   2   1   2   1  0.64 0.18
   50 V     0  -5  -5  -5   9  -4  -5  -4  -5  -1  -2  -4  -2  -3  -4  -3  -2  -4  -4   4    9   0   0   0  52   0   0   0   0   0   0   0   0   0   0   0   0   0   0  38  1.46 0.30
   51 G    -2  -4  -2  -3  -5  -4  -4   7  -4  -6  -6  -4  -5  -5  -4  -2  -4  -5  -5  -5    0   0   0   0   0   0   0 100   0   0   0   0   0   0   0   0   0   0   0   0  2.00 0.34
   52 D    -4  -4  -1   8  -6  -2   0  -4  -3  -5  -6  -3  -5  -6  -4  -2  -3  -7  -5  -6    0   0   0 100   0   0   0   0   0   0   0   0   0   0   0   0   0   0   0   0  2.14 0.38
   53 D    -4  -4  -1   8  -6  -2   0  -4  -3  -5  -6  -3  -5  -6  -4  -2  -3  -7  -5  -6    0   0   0 100   0   0   0   0   0   0   0   0   0   0   0   0   0   0   0   0  2.14 0.38
   54 I    -3  -4  -5  -5  -2  -4  -4  -5  -4   3   5  -4   2  -1  -4  -4  -1  -3  -3   1    0   0   0   0   0   0   0   0   0  23  68   0   4   0   0   0   2   0   0   2  0.84 0.21
   55 S    -1  -1   2   1  -4   4   5  -3  -1  -4  -4  -1  -3  -5  -3   0  -2  -4  -3  -3    4   0  12   6   0  29  41   0   0   0   0   0   0   0   0   5   0   0   0   1  0.75 0.21
   56 L    -3  -4  -5  -6  -3  -4  -5  -6  -5   0   6  -4   1  -1  -5  -4  -3  -3  -3  -1    0   0   0   0   0   0   0   0   0   1  97   0   1   1   0   0   0   0   0   0  1.30 0.29
   57 L    -3  -5  -5  -5  -3  -4  -5  -6  -5   6   2  -4   0  -1  -5  -4  -2  -4  -3   2    0   0   0   0   0   0   0   0   0  76  17   0   1   1   0   0   0   0   0   5  1.12 0.26
   58 M    -3  -4  -5  -6  -4  -3  -5  -5  -4   0   1  -4  10  -2  -5  -4  -3  -4  -3  -2    0   0   0   0   0   0   0   0   0   3   4   0  93   0   0   0   0   0   0   0  2.19 0.44
   59 T    -2  -3  -2  -3  -3  -3  -3  -3  -4  -3  -3  -3  -3  -4  -3   1   7  -5  -4  -2    1   0   0   0   0   0   0   1   0   0   1   0   0   0   0   7  90   0   0   0  1.44 0.34
   60 H    -4  -3  -2  -4  -6  -2  -3  -5  11  -6  -5  -3  -4  -4  -5  -3  -4  -5  -1  -6    0   0   0   0   0   0   0   0 100   0   0   0   0   0   0   0   0   0   0   0  2.90 0.47
   61 T    -2   3   0   1  -3   2   1  -2  -1  -3  -3   2  -2  -2  -3   0   3  -4  -1  -3    0  25   4   7   0   8   9   1   1   0   1  13   0   1   0   1  27   0   2   0  0.40 0.14
   62 K    -2   3   1  -2  -4   1   0  -2   3  -4  -2   5  -2  -3  -3  -2  -2  -4  -1  -3    1  15   7   0   0   6   2   2   8   0   5  51   0   0   0   0   1   0   2   0  0.61 0.18
   63 G    -2  -4  -2  -3  -5  -4  -4   7  -4  -6  -6  -4  -5  -3  -4  -2  -4  -5  -5  -5    0   0   0   0   0   0   0  99   0   0   0   0   0   1   0   0   0   0   0   0  1.95 0.33
   64 E    -1  -1  -2  -1   1  -1   3  -4  -3   1  -1  -1  -1  -3   0  -2   1  -4  -3   4    1   4   1   1   3   0  32   0   0   5   1   2   0   0   3   0   8   0   0  39  0.39 0.16
   65 D    -3  -3   4   6  -5  -1   2  -2  -2  -4  -3  -2  -4  -5  -3  -1  -2  -5  -4  -4    1   0  19  61   0   0  13   2   0   0   3   0   0   0   0   1   0   0   0   0  1.11 0.24
   66 N     0  -2   6   2   1  -1  -1  -2   1  -4  -5  -2  -3  -4  -3   3  -1  -5  -3  -4    6   0  51  11   3   0   0   0   3   0   0   0   0   0   0  25   0   0   0   0  0.84 0.22
   67 K    -1  -1  -1   0  -3   0   4   0  -2  -4  -4   2  -3  -4   4   0  -1  -4  -3  -3    4   1   0   1   0   2  35   8   0   0   0  13   0   0  24   8   4   0   0   0  0.61 0.16
   68 D    -2   0  -1   3  -5   1   5  -3  -1  -4  -4   2  -3  -5  -2  -1  -1  -4  -3  -3    2   3   2  14   0   1  57   1   1   1   0  15   0   0   0   0   2   0   0   1  0.80 0.21
   69 I    -3  -5  -5  -5  -3  -4  -5  -5  -5   6   0  -4  -1  -2  -5  -4  -2  -5  -3   4    0   0   0   0   0   0   0   0   0  73   0   0   0   0   0   0   0   0   0  27  1.21 0.27
   70 H    -4  -3  -2  -4  -6  -2  -3  -5  11  -6  -5  -3  -4  -4  -5  -3  -4  -5  -1  -6    0   0   0   0   0   0   0   0 100   0   0   0   0   0   0   0   0   0   0   0  2.92 0.47
   71 G    -1   1  -1  -1  -4   2   3   3   0  -4  -4   3  -3  -4  -3   0  -1  -4  -3  -4    2   7   0   0   0   9  21  25   2   0   0  29   0   0   0   4   1   0   0   0  0.51 0.15
   72 L    -3  -4  -5  -5  -3  -4  -4  -5  -4   1   5  -4   1   0  -4  -4   0  -3  -2   0    1   0   0   0   0   0   0   0   0   2  84   0   2   3   0   0   6   0   0   2  0.95 0.23
   73 A     6  -3  -3  -4  -1  -3  -3  -2  -4  -3  -3  -3  -3  -4  -3   0  -2  -5  -4  -2   97   0   0   0   0   0   0   0   0   0   0   0   0   0   0   2   0   0   0   0  1.34 0.32
   74 W    -5  -6  -7  -7  -5  -5  -6  -5  -5  -5  -4  -6  -4   0  -7  -6  -5  13   1  -6    0   0   0   0   0   0   0   0   0   0   0   0   0   3   0   0   0  95   1   0  4.01 0.53
   75 E    -3  -1   4   6  -5  -1   2  -3  -1  -5  -5  -1  -4  -5  -3  -1  -1  -5  -4  -4    0   1  28  48   0   1  15   0   1   0   0   3   0   0   0   3   1   0   0   0  0.99 0.22
   76 T     2  -3  -2  -3  -2  -2  -3  -3  -3   1  -2  -2  -2  -3  -3   0   5  -4  -3   1   21   0   0   0   0   0   0   0   0   8   0   0   0   0   0   1  58   0   0  12  0.73 0.23
   77 F    -5  -5  -5  -6  -5  -6  -6  -6  -4  -2  -1  -5  -1   9  -6  -5  -4  -1   1  -3    0   0   0   0   0   0   0   0   0   0   1   0   1  98   0   0   0   0   0   0  2.22 0.38
   78 K    -1   0  -2  -2   1   1   2  -3  -2   0   0   3   2  -2  -3  -1   0  -3  -2   2    1   1   0   0   4   4  15   0   0   3  10  28   7   0   0   2   4   0   0  20  0.22 0.11
   79 E     2   0  -1   1  -3   1   4  -2  -2  -3  -3   2  -2  -4  -2   0  -1  -4  -3  -3   26   3   1   4   0   3  39   0   0   0   0  16   0   0   0   6   1   0   0   0  0.51 0.16
   80 V     4  -4  -3  -4   7  -3  -3   1  -4  -1  -2  -3  -2  -4  -3  -1  -2  -4  -4   0   47   0   0   0  29   0   0  12   0   2   1   0   0   0   0   0   0   0   0   8  0.82 0.22
   81 T     1  -3  -2  -3  -3  -3  -3  -3  -4  -3  -3  -3  -3  -4  -3   0   7  -4  -4  -2   12   0   0   0   0   0   0   0   0   0   0   0   0   0   0   1  87   0   0   0  1.34 0.33
   82 D     0   0   0   1  -1   1   3   0   0  -1  -1   0  -1  -1   0   0   0  -1  -1  -1    9   3   5   9   1   3  26   5   1   3   5   6   1   2   3   6   5   1   2   4  0.13 0.02
   83 Q    -2   1   0   0  -4   1   4  -3  -1  -4  -3   4  -2  -4  -2  -1  -2  -3  -3  -3    2   7   3   1   0   4  42   1   0   1   1  34   0   0   1   1   1   0   0   1  0.68 0.17
   84 I    -1  -3  -3  -3  -2  -2  -3  -3  -3   3   1  -2   0  -1  -2  -2   0  -3  -1   5    3   1   1   1   0   1   1   1   1  14  11   1   1   1   1   1   3   0   1  56  0.47 0.13
   85 A     6  -3  -3  -3  -2  -3  -3  -2  -3  -3  -3  -2  -3  -4  -3   2  -2  -5  -4  -2   88   0   0   0   0   0   0   0   0   0   0   1   0   0   0  12   0   0   0   0  1.16 0.29
   86 K    -3   3  -2  -3  -5   0   0  -4  -2  -5  -4   7  -3  -5  -3  -2  -3  -5  -4  -4    0  15   1   0   0   1   2   0   0   0   0  81   0   0   0   0   0   0   0   0  1.33 0.30
   87 R    -2   1  -1   1  -4   1   4  -2  -1  -4  -4   4  -3  -4   1   0  -2  -4  -3  -3    1   6   1   7   0   2  38   2   0   0   0  31   0   0   6   5   0   0   0   1  0.60 0.17
   88 F    -3  -4  -5  -5  -3  -4  -4  -5  -4   0   6  -3   3   0  -5  -4  -3  -3   0   0    0   0   0   0   0   0   0   0   0   0  87   1   6   1   0   0   0   0   3   2  1.06 0.25
   89 K    -2   0  -2  -3  -5  -1  -1   3  -1  -5  -4   6  -3  -5  -3  -2  -3  -5  -4  -4    0   1   0   0   0   0   0  21   1   0   0  77   0   0   0   0   0   0   0   0  1.15 0.29
   90 L    -3  -4  -5  -5  -3  -2  -4  -5  -4   0   6  -4   1   0  -5  -4  -3  -3  -2  -1    0   0   0   0   0   2   0   0   0   0  94   0   2   2   0   0   0   0   0   0  1.19 0.27
   91 Y    -4  -4  -4  -6  -5  -4  -4  -6   2  -4  -4  -4  -3   1  -5  -4  -4   0   9  -4    0   0   0   0   0   0   0   0   4   0   0   0   0   0   0   0   0   0  96   0  2.43 0.43
   92 G     2  -4  -2  -3  -4  -3  -4   7  -4  -5  -5  -3  -4  -5  -4  -2  -3  -4  -5  -4   17   0   0   0   0   0   0  83   0   0   0   0   0   0   0   0   0   0   0   0  1.52 0.28
   93 A     6  -3  -4  -4  -2  -3  -3  -1  -4  -3  -4  -3  -3  -4  -3  -1  -2  -5  -3  -2   99   0   0   0   0   0   0   1   0   0   0   0   0   0   0   0   0   0   0   0  1.40 0.33
   94 G    -2  -4  -2  -3  -5  -4  -4   7  -4  -6  -6  -4  -5  -5  -4  -2  -4  -5  -5  -5    0   0   0   0   0   0   0 100   0   0   0   0   0   0   0   0   0   0   0   0  2.00 0.34
   95 Q    -3  -1  -2  -3  -5   9   0  -4  -2  -5  -5  -1  -3  -6  -4  -2  -3  -4  -4  -5    0   0   0   0   0 100   0   0   0   0   0   0   0   0   0   0   0   0   0   0  2.14 0.44
   96 D    -4  -4  -1   8  -6  -2   0  -4  -3  -5  -6  -3  -5  -6  -4  -2  -3  -7  -5  -6    0   0   0 100   0   0   0   0   0   0   0   0   0   0   0   0   0   0   0   0  2.14 0.38
   97 L    -3  -4  -5  -5  -3  -4  -5  -5  -5   1   6  -4   2  -1  -5  -4  -3  -3  -3  -1    0   0   0   0   0   0   0   0   0   4  91   0   5   0   0   0   0   0   0   0  1.18 0.27
   98 L    -3  -4  -5  -6  -3  -4  -5  -6  -5   0   6  -4   0  -1  -5  -4  -3  -4  -3  -1    0   0   0   0   0   0   0   0   0   0  99   0   0   0   0   0   0   0   0   0  1.35 0.30
   99 K     2  -1  -1  -2   0  -1  -1  -1  -2  -3  -3   3  -3  -4  -2   4   0  -4  -3  -1   21   0   0   0   2   0   1   1   0   0   0  22   0   0   0  46   2   0   0   5  0.52 0.19
  100 D    -4  -3   0   7  -6  -2   2  -3  -3  -5  -6  -2  -5  -6  -3  -2  -2  -6  -5  -5    0   0   0  85   0   0  11   0   0   0   0   0   0   0   0   1   1   0   0   0  1.69 0.32
  101 A     5  -3  -3  -3  -2  -2  -2  -2  -3  -3  -3  -2  -3  -4  -3   1   2  -4  -3  -2   74   0   0   0   0   0   0   0   0   0   0   0   0   0   0   9  17   0   0   0  0.92 0.26
  102 F    -5  -5  -5  -6  -5  -6  -6  -6  -4  -2  -2  -6  -2   9  -6  -5  -4  -1   1  -3    0   0   0   0   0   0   0   0   0   0   0   0   0 100   0   0   0   0   0   0  2.30 0.39
  103 S     0  -3  -1  -2  -1  -2  -2  -2  -3  -4  -5  -2  -4  -5  -3   7   0  -5  -4  -4    1   0   0   0   1   0   0   0   0   0   0   0   0   0   0  94   3   0   0   0  1.38 0.34
  104 G    -2  -4  -2  -3  -5  -4  -4   7  -4  -6  -6  -4  -5  -5  -4  -2  -4  -5  -5  -5    0   0   0   0   0   0   0 100   0   0   0   0   0   0   0   0   0   0   0   0  2.00 0.34
  105 N    -4  -3   8  -1  -5  -2  -2  -3  -2  -6  -6  -2  -4  -5  -4  -1  -1  -6  -4  -5    0   0  97   0   0   0   0   0   0   0   0   0   0   0   0   0   3   0   0   0  2.01 0.39
  106 I    -2  -4  -5  -5  -3  -4  -4  -5  -5   5   1  -4   0  -2  -4  -4  -2  -4  -3   5    0   0   0   0   0   0   0   0   0  41   7   0   1   0   0   0   0   0   0  52  0.95 0.23
  107 R    -3   5  -2  -3  -5   0  -1  -4  -2  -5  -4   6  -3  -5  -3  -2  -2  -5  -4  -4    0  42   0   0   0   0   0   0   0   0   0  58   0   0   0   0   1   0   0   0  1.28 0.28
  108 G    -2  -4  -2  -3  -5  -4  -4   7  -4  -6  -6  -4  -5  -5  -4  -2  -4  -5  -5  -5    0   0   0   0   0   0   0 100   0   0   0   0   0   0   0   0   0   0   0   0  1.98 0.33
  109 M    -3  -4  -5  -6  -4  -3  -4  -5  -4  -1   3  -4   9  -2  -5  -4  -3  -4  -3  -1    0   0   0   0   0   0   0   0   0   0  22   0  78   0   0   0   0   0   0   0  1.78 0.38
  110 G    -2  -4  -2  -3  -5  -4  -4   7  -4  -6  -6  -4  -5  -5  -4  -2  -4  -5  -5  -5    0   0   0   0   0   0   0 100   0   0   0   0   0   0   0   0   0   0   0   0  2.00 0.34
  111 P    -3  -5  -4  -4  -5  -4  -4  -5  -5  -5  -5  -3  -5  -6   9  -3  -3  -6  -5  -5    0   0   0   0   0   0   0   0   0   0   0   0   0   0 100   0   0   0   0   0  2.91 0.42
  112 Q    -1  -4  -2  -3  -4   0  -4   7  -4  -6  -6  -3  -4  -5  -4  -2  -3  -4  -5  -5    1   0   0   0   0   6   0  93   0   0   0   0   0   0   0   0   0   0   0   0  1.74 0.31
  113 V    -1  -4  -4  -5   3  -4  -4  -5  -4   3  -1  -4   0  -1  -4  -2  -1  -4  -1   6    2   0   0   0   6   0   0   0   0  14   1   0   1   1   0   2   1   0   2  70  0.85 0.23
  114 A     6  -3  -4  -4  -2  -3  -3  -2  -4  -3  -4  -3  -3  -4  -3  -1  -2  -5  -4  -2   99   0   0   0   0   0   0   0   0   0   0   0   0   0   0   0   1   0   0   0  1.41 0.33
  115 E    -3  -2  -2   0  -6   0   7  -4  -2  -6  -5  -1  -4  -6  -3  -2  -3  -5  -4  -5    0   0   0   0   0   0 100   0   0   0   0   0   0   0   0   0   0   0   0   0  1.86 0.38
  116 M    -3  -4  -5  -6  -4  -3  -4  -5  -4   1   1  -4  10  -1  -5  -4  -3  -4  -3  -1    1   0   0   0   0   0   0   0   0   6   8   0  84   1   0   0   0   0   0   0  1.87 0.39
  117 E    -2  -2  -2   0  -4   0   7  -4  -2  -5  -5  -1  -4  -5  -3  -1  -2  -5  -4  -4    1   0   0   0   0   1  92   0   0   0   0   0   0   0   0   3   2   0   0   0  1.56 0.34
  118 F    -4  -5  -5  -6  -4  -5  -5  -5  -3   3  -1  -5   0   8  -5  -4  -4  -1   1  -1    0   0   0   0   0   0   0   0   0  18   1   0   2  78   0   0   0   0   0   2  1.57 0.31
  119 E    -2  -2  -1   0  -4   0   5  -4  -2  -2  -3   1  -2  -4  -3  -1   3  -4  -3   0    1   0   1   2   0   0  55   0   0   2   1   7   0   0   0   0  21   0   1  10  0.68 0.21
  120 E    -3  -2  -2   0  -6   0   7  -4  -2  -5  -4  -1  -4  -5  -2  -2  -3  -5  -4  -4    0   0   0   0   0   0  96   0   0   0   2   0   0   0   1   0   0   0   0   0  1.70 0.36
  121 R    -4   8  -3  -4  -6  -1  -2  -5  -2  -5  -4   0  -4  -5  -4  -3  -3  -5  -4  -5    0 100   0   0   0   0   0   0   0   0   0   0   0   0   0   0   0   0   0   0  2.05 0.38
  122 P    -1   0  -2  -2  -4  -1   0  -1  -3  -3  -4   4  -3  -5   5  -2  -1  -5  -4  -3    3   3   0   0   0   1   4   4   0   1   0  42   0   0  35   0   4   0   0   1  0.89 0.21
  123 S     2  -3  -1  -2  -3  -2  -2  -1  -3  -4  -4  -2  -3  -4  -3   6  -1  -5  -4  -3   20   0   0   0   0   0   0   3   0   0   0   0   0   0   0  77   0   0   0   0  1.05 0.29
  124 E    -3  -2  -2   2  -6   0   7  -4  -2  -5  -5  -1  -4  -5  -3  -2  -3  -5  -4  -5    0   0   0  11   0   0  89   0   0   0   0   0   0   0   0   0   0   0   0   0  1.60 0.34
  125 P    -3  -4  -4  -4  -5  -4  -3  -5  -5  -5  -5  -3  -5  -6   9  -3  -2  -6  -5  -5    0   0   0   0   0   0   0   0   0   0   0   0   0   0  97   0   3   0   0   0  2.77 0.41
  126 I    -2  -4  -5  -5  -2  -4  -4  -5  -5   5   1  -4   0  -1  -4  -3  -2  -4  -3   5    0   0   0   0   0   0   0   0   0  35  11   0   0   1   0   0   0   0   0  53  0.87 0.21
  127 I    -1  -4  -5  -5  -2  -4  -4  -5  -5   5   1  -4   0  -1  -4  -3  -2  -4  -3   4    3   0   0   0   0   0   0   0   0  53   9   0   1   1   0   0   0   0   0  34  0.83 0.21
  128 A     2  -4  -4  -4   0  -3  -4  -4  -4   4   0  -3  -1  -2  -3  -2   0  -4  -3   4   19   0   0   0   2   0   0   0   0  30   0   0   0   0   0   0   5   0   0  44  0.60 0.18
  129 F    -4  -5  -5  -6  -5  -5  -6  -5  -3  -2  -1  -5  -2   9  -6  -5  -4  -1   2  -3    0   0   0   0   0   0   0   0   0   1   1   0   0  96   0   0   0   0   3   0  2.14 0.37
  130 A     1  -3  -4  -5   3  -3  -4  -3   1  -1   1  -3   9   0  -4  -2  -3  -4  -3  -1   12   0   0   0   6   0   0   1   3   0   8   0  66   2   0   1   0   0   0   0  1.19 0.31
  131 A     5  -3  -4  -4   2  -3  -3  -2  -3  -2  -2  -3   5  -3  -3  -1  -2  -4  -3  -2   69   0   0   0   5   0   0   1   0   0   0   0  25   0   0   0   0   0   0   0  0.96 0.28
  132 D    -4  -4  -1   8  -6  -2   0  -4  -3  -5  -6  -3  -5  -6  -4  -2  -3  -7  -5  -6    0   0   0 100   0   0   0   0   0   0   0   0   0   0   0   0   0   0   0   0  2.14 0.38
  133 K    -3   0  -2  -3  -5  -1  -1  -4  -3  -5  -5   7  -4  -5  -3  -2  -3  -5  -4  -5    0   0   0   0   0   0   0   0   0   0   0 100   0   0   0   0   0   0   0   0  1.74 0.37
  134 T    -2  -3  -2  -3  -1  -3  -3  -4  -4  -3  -3  -3  -3  -4  -3  -1   7  -5  -4  -2    0   0   0   0   1   0   0   0   0   0   0   0   0   0   0   0  99   0   0   0  1.70 0.38
  135 E    -1  -2  -2   0  -5   0   6  -3  -2  -5  -5  -1  -4  -5  -3   2  -2  -5  -4  -4    4   0   0   1   0   0  73   0   0   0   0   0   0   0   0  21   0   0   0   0  1.16 0.29
  136 P     0  -4  -4  -4  -5  -3  -3  -4  -4  -5  -5  -3  -5  -6   8  -1  -3  -6  -5  -4    6   0   0   0   0   0   0   0   0   0   0   0   0   0  89   5   0   0   0   0  2.39 0.37
  137 G    -1  -4  -2  -3  -5  -4  -4   7  -4  -6  -6  -3  -5  -5  -4  -1  -3  -5  -5  -5    1   0   0   0   0   0   0  97   0   0   0   0   0   0   0   3   0   0   0   0  1.87 0.32
  138 A     6  -3  -3  -4  -2  -3  -3  -1  -4  -3  -4  -3  -3  -4  -3   0  -2  -5  -4  -2   98   0   0   0   0   0   0   0   0   0   0   0   0   0   0   2   0   0   0   0  1.36 0.32
  139 F    -5  -5  -6  -6  -5  -5  -5  -5  -4  -3  -2  -5  -3   7  -6  -5  -5  11   1  -4    0   0   0   0   0   0   0   0   0   0   1   0   0  46   0   0   0  52   1   0  2.49 0.38
  140 N    -4  -3   8  -1  -5  -2  -3  -3  -2  -6  -6  -2  -5  -5  -4  -1  -2  -6  -4  -5    0   0 100   0   0   0   0   0   0   0   0   0   0   0   0   0   0   0   0   0  2.13 0.40
  141 L    -3  -4  -5  -5  -3  -4  -4  -5  -3   0   5  -4   3   3  -5  -4  -3  -2   2  -1    0   0   0   0   0   0   0   0   0   1  70   0   7  13   0   0   0   0   9   0  0.87 0.22
  142 P    -2  -4  -4  -4  -5  -4  -3  -4  -4  -3  -5  -3  -5  -5   8  -3  -3  -6  -4  -4    2   0   0   0   0   0   0   0   0   1   0   1   0   0  95   0   0   0   0   0  2.66 0.39
  143 L    -3  -4  -5  -5  -3  -3  -4  -5  -4   3   5  -4   2   0  -4  -4  -2  -3  -2   1    0   0   0   0   0   1   0   0   0  24  63   0   3   3   0   0   0   0   0   6  0.78 0.19
  144 Y    -4  -4  -5  -5  -5  -4  -5  -5  -1  -3  -2  -4  -3   6  -5  -4  -4   0   8  -3    0   0   0   0   0   0   0   0   0   0   0   0   0  39   0   0   0   0  61   0  1.83 0.34
  145 K    -3   5  -2  -3  -4   0   0  -4  -2  -5  -4   6  -3  -5  -3  -2  -3  -5  -4  -4    0  30   1   0   0   0   2   0   0   0   0  66   0   0   0   0   0   0   0   0  1.23 0.28
  146 M    -3  -4  -5  -5  -3  -3  -4  -5  -4   5   0  -4   8  -2  -5  -4  -2  -4  -3   1    0   0   0   0   0   0   0   0   0  48   0   0  47   0   0   0   1   0   0   3  1.26 0.30
  147 F    -5  -5  -5  -6  -5  -6  -6  -6  -3  -2  -2  -5  -2   9  -6  -5  -4  -1   2  -3    0   0   0   0   0   0   0   0   0   0   0   0   0  98   0   0   0   0   1   0  2.24 0.39
  148 A     6  -3  -3  -4  -1  -3  -3   0  -4  -3  -3  -3  -3  -4  -3  -1  -2  -5  -4  -2   94   0   0   0   0   0   0   4   0   0   0   0   0   0   0   1   0   0   0   1  1.26 0.31
  149 D    -4  -4   0   8  -6  -2   0  -3  -3  -5  -6  -3  -5  -6  -4  -2  -3  -7  -5  -5    0   0   1  98   0   0   0   0   0   0   0   0   0   0   0   1   0   0   0   0  2.08 0.37
  150 P    -3  -5  -4  -4  -5  -4  -4  -5  -5  -5  -5  -3  -5  -6   9  -3  -3  -6  -5  -5    0   0   0   0   0   0   0   0   0   0   0   0   0   0 100   0   0   0   0   0  2.91 0.42
  151 F    -4  -5  -5  -5  -5  -5  -5  -5  -3  -2  -2  -5   0   9  -6  -4  -4  -1   1  -3    0   0   0   1   0   0   0   0   0   0   0   0   2  97   0   0   0   0   0   0  2.13 0.38
  152 T    -3  -3   8  -1  -2  -2  -2  -3  -2  -5  -6  -2  -4  -5  -4   0   0  -6  -4  -5    0   0  92   0   1   0   0   0   0   0   0   1   0   0   0   3   4   0   0   0  1.82 0.36
  153 T    -2  -3  -2  -3  -3  -3  -3  -4  -4  -3  -3  -3  -3  -4  -3   0   7  -5  -4  -2    0   0   0   0   0   0   0   0   0   0   0   0   0   0   0   2  98   0   0   0  1.67 0.37
  154 A     5  -3  -3  -4  -2  -3  -3  -2  -4   2  -2  -3  -2  -3   1   0  -2  -4  -3  -1   74   0   0   0   0   0   0   0   0  19   0   0   0   0   5   2   0   0   0   1  0.84 0.25
  155 G    -2  -4  -2  -3  -5  -4  -4   7  -4  -6  -6  -4  -5  -5  -4  -2  -4  -5  -5  -5    0   0   0   0   0   0   0 100   0   0   0   0   0   0   0   0   0   0   0   0  2.00 0.34
  156 L    -3  -4  -5  -6  -3  -4  -5  -6  -5   0   6  -4   0  -1  -5  -4  -3  -4  -3  -1    0   0   0   0   0   0   0   0   0   0 100   0   0   0   0   0   0   0   0   0  1.37 0.30
  157 V    -2  -4  -5  -5  -3  -4  -4  -5  -5   3  -1  -4  -1  -3  -4  -4  -2  -5  -3   6    0   0   0   0   0   0   0   0   0  14   0   0   0   0   0   0   1   0   0  86  1.24 0.29
  158 I    -3  -5  -5  -5  -3  -5  -5  -6  -5   7   0  -5  -1  -2  -5  -4  -3  -5  -3   1    0   0   0   0   0   0   0   0   0  99   0   0   0   1   0   0   0   0   0   1  1.63 0.34
  159 D     0  -4  -1   8  -5  -2   0  -3  -3  -5  -6  -3  -5  -6  -3  -1  -3  -6  -5  -5    8   0   0  90   0   0   0   0   0   0   0   0   0   0   0   2   0   0   0   0  1.74 0.33
  160 P    -3  -4  -3  -3  -5  -3  -2  -3  -4  -4  -5  -3  -5  -6   8  -2  -2  -6  -5  -5    0   0   0   0   0   0   1   1   0   0   0   0   0   0  92   2   2   0   0   0  2.51 0.38
  161 S     0   1   3  -1  -3   0  -1  -2  -1  -3  -3   3  -2  -4  -2   3   1  -4  -3  -3    7   6  15   0   0   1   1   1   1   0   1  24   0   0   0  35   8   0   0   1  0.44 0.16
  162 M    -2  -4  -5  -5   0  -3  -4  -5  -4   0   3  -4   9  -1  -5  -4  -3  -4  -3  -1    2   0   0   0   2   0   0   0   0   3  23   0  69   1   0   0   0   0   0   1  1.42 0.33
  163 H    -4  -2  -1  -4  -4  -1  -2  -5  10  -4  -5  -3  -4  -4  -5  -3  -3  -5  -1  -5    0   0   1   0   0   1   1   0  94   1   0   0   0   0   0   0   1   0   0   0  2.56 0.43
  164 E     0  -1   1   4  -2   2   2   1   0  -3  -3   0  -1  -4  -1   1  -1  -4  -3  -3    5   1   7  30   1   9  15  10   2   0   1   5   2   0   1   9   1   0   0   1  0.39 0.11
  165 G    -2  -4  -2  -3  -5  -4  -4   7  -4  -6  -6  -4  -5  -5  -4  -2  -4  -5  -5  -5    0   0   0   0   0   0   0 100   0   0   0   0   0   0   0   0   0   0   0   0  2.00 0.34
  166 F    -4  -5  -5  -6  -3  -5  -6  -5  -3  -2  -2  -5  -2   9  -6  -5  -4  -1   2  -3    0   0   0   0   0   0   0   0   0   0   0   0   0  96   0   0   0   0   3   0  2.18 0.38
  167 I    -1   2   0   0   0   0   0  -3  -2   1  -1   2  -1  -2  -2   0   1  -3  -2   1    2  17   3   5   2   1   3   0   0  15   4  17   1   0   0   5  10   0   0  15  0.14 0.08
  168 F    -4  -5  -5  -6  -5  -6  -6  -5  -3  -2  -1  -5  -2   9  -6  -4  -4  -1   1  -3    0   0   0   0   0   0   0   0   0   0   1   0   0  98   0   0   0   0   1   0  2.21 0.38
  169 E    -3   0  -1   0  -5   1   7  -4  -1  -5  -4  -1  -4  -5  -3  -2  -2  -5  -4  -3    0   3   1   2   0   2  86   0   0   0   1   0   0   0   0   1   2   0   0   2  1.37 0.31
  170 V    -2  -4  -5  -5  -3  -4  -4  -5  -5   4  -1  -4  -1  -2  -4  -4  -2  -5  -3   6    0   0   0   0   0   0   0   0   0  22   0   0   0   0   0   0   0   0   0  77  1.16 0.27
  171 L    -3   0  -3  -4  -3  -2  -3  -4   5  -1   2  -3   2   1  -4  -3  -3   8   2  -1    0   5   1   0   0   1   0   0  19   1  27   0   7   5   0   0   0  23   8   3  0.80 0.19
  172 D    -4  -4  -1   8  -6  -2   0  -4  -3  -5  -6  -3  -5  -6  -4  -2  -3  -7  -5  -6    0   0   0 100   0   0   0   0   0   0   0   0   0   0   0   0   0   0   0   0  2.13 0.38
  173 V    -2  -4  -4  -5  -2  -4  -4  -5  -4   4   2  -4   0  -2  -3  -3  -1  -4  -3   5    1   0   0   0   0   0   0   0   0  25  18   0   1   0   1   0   3   0   0  52  0.72 0.19
  174 V    -2  -1  -3  -3  -3   0  -2  -4  -1   3   0   2   3   2  -3  -2  -2  -2   3   1    0   2   0   0   0   4   1   0   1  25   6  20  13   7   0   0   0   0  16   5  0.32 0.14
  175 E    -2  -1  -1   1  -5   0   6  -2  -2  -5  -5   1  -4  -5  -3  -1  -2  -5  -4  -4    2   1   1   4   0   1  79   2   0   0   0   8   0   0   0   1   1   0   0   0  1.21 0.28
  176 H    -2  -2   3   0  -4  -1  -1   3   8  -5  -5  -1  -4  -4  -4   0  -3  -4  -1  -5    0   1  16   5   0   1   2  23  45   0   0   2   0   0   0   6   0   0   0   0  0.99 0.23
  177 K    -2   3  -2  -2  -5   0   0  -3  -1  -4  -3   6   0  -5  -3  -2  -1  -5  -3  -4    1  14   0   0   0   2   4   0   1   0   1  72   2   0   0   0   2   0   0   0  1.04 0.26
  178 V     0   3   0  -2  -3   0   0  -2  -1  -2  -2   4  -1  -2  -2   1  -1  -4  -1   0    5  17   2   0   0   0   4   1   1   2   1  39   1   1   0  10   3   0   2  10  0.35 0.13
  179 Y    -2  -4  -5  -5  -3  -4  -4  -5  -4   4   0  -4   0  -1  -4  -3  -2  -2   1   5    1   0   0   0   0   0   0   0   0  28   0   0   1   1   0   0   0   0   6  63  0.91 0.23
  180 L    -2  -1  -1  -1  -2  -1   0  -3  -1   1   1   0   2   2  -3  -1   2  -2  -1   1    0   3   1   4   0   0   8   0   1  13  11  10   7  15   0   1  19   0   0   9  0.13 0.08
  181 L    -3  -4  -5  -5  -3  -3  -4  -5  -4   1   4  -4   5   5  -5  -4  -3  -2  -1  -1    0   0   0   0   0   0   0   0   0   3  45   0  21  29   0   0   0   0   0   0  0.88 0.22
  182 K    -1   0   4   2  -3   0   0  -2   1  -4  -4   2  -2  -4  -3   3   0  -4  -3  -3    1   5  27  10   0   1   2   0   4   0   0  16   0   0   0  30   1   0   0   1  0.48 0.16
  183 T     2  -3  -3  -3   7  -3  -3  -3  -3  -2  -1  -3  -1  -3  -3   1   3  -4  -3  -1   24   0   0   0  32   0   0   0   0   1   5   0   2   0   0  10  25   0   0   1  0.76 0.21
  184 P    -3  -5  -4  -4  -5  -4  -4  -5  -5  -5  -5  -3  -5  -6   9  -3  -3  -6  -5  -5    0   0   0   0   0   0   0   0   0   0   0   0   0   0 100   0   0   0   0   0  2.91 0.42
  185 E    -2  -2  -2   1  -6   1   7  -4  -2  -5  -5  -1  -4  -5  -3  -2  -3  -5  -4  -5    1   0   0   5   0   1  90   0   0   0   0   1   0   0   0   1   0   0   0   0  1.55 0.33
  186 D    -3  -2  -1   2  -6   0   7  -4  -1  -5  -5  -1  -4  -5  -3  -2  -3  -5  -4  -5    0   0   1   9   0   0  88   0   1   0   0   0   0   0   0   0   0   0   0   0  1.55 0.33
  187 A    -1  -3  -4  -4  -3  -2  -4  -4  -3   3   3  -3   6  -1  -4   0   0  -3  -2   0    3   0   0   0   0   0   0   0   0  21  25   0  37   0   0   9   4   0   0   1  0.64 0.20
  188 Y    -4  -4  -5  -6  -5  -4  -5  -6  -1  -4  -4  -4  -3   1  -6  -4  -4   0  10  -4    0   0   0   0   0   0   0   0   0   0   0   0   0   0   0   0   0   0 100   0  2.58 0.44
  189 S    -3  -3   0   7  -4  -2   0  -3  -3  -5  -5  -2  -5  -5  -3   0  -2  -6  -2  -5    1   0   1  86   0   0   2   0   0   0   0   1   0   0   0   7   1   0   1   0  1.60 0.31
  190 L    -2  -4  -5  -5  -3  -3  -4  -5  -4   3   5  -4   5  -1  -4  -4  -2  -3  -3   0    1   0   0   0   0   0   0   0   0  21  59   0  18   0   0   0   0   0   0   1  0.86 0.21
  191 L    -3  -4  -5  -6  -3  -4  -5  -6  -5   0   6  -4   1  -1  -5  -4  -3  -4  -3  -1    0   0   0   0   0   0   0   0   0   0  98   0   1   0   0   0   0   0   0   1  1.32 0.29
  192 G     4  -3  -3  -4  -2  -3  -3   0  -3   1  -1  -3   1  -3  -3  -1  -1  -4  -3   3   57   0   0   0   0   0   0   6   0   5   1   0   4   0   0   1   0   0   0  26  0.58 0.20
  193 L    -3  -4  -5  -5  -3  -4  -5  -5  -4   0   5  -4   0   5  -5  -4  -3  -2   0  -1    0   0   0   0   0   0   0   0   0   1  67   0   0  31   0   0   0   0   1   0  1.02 0.24
  194 I    -3  -5  -5  -5  -3  -5  -5  -6  -5   7   1  -5   0  -2  -5  -4  -2  -4  -3   1    0   0   0   0   0   0   0   0   0  89   8   0   0   0   0   0   0   0   0   3  1.37 0.30
  195 G    -2  -4  -2  -3  -5  -4  -4   7  -4  -6  -6  -4  -5  -5  -4  -2  -4  -5  -5  -5    0   0   0   0   0   0   0 100   0   0   0   0   0   0   0   0   0   0   0   0  1.99 0.34
  196 T     5  -3  -2  -2  -2  -1  -2  -1  -3  -3  -3  -2  -2  -4  -2   1   4  -4  -3  -2   57   0   0   1   0   2   1   2   0   0   0   0   0   0   0   9  28   0   0   0  0.71 0.22
  197 T    -2  -1  -2  -3  -4  -1  -2  -3  -2  -2  -3   3   0  -4   6  -1   2  -5  -3  -2    1   1   0   0   0   0   0   0   1   3   0  24   3   0  46   2  17   0   1   1  0.98 0.22
  198 G     0  -1   0  -1  -3  -2   0   4  -2  -4  -4  -2  -3  -4  -3   4  -1  -4  -3  -3    4   3   4   2   0   0   7  40   0   0   0   0   0   0   0  40   0   0   0   0  0.69 0.19
  199 R    -3   8  -2  -3  -6   0  -2  -4   1  -5  -4   1  -3  -5  -4  -3  -3  -5  -3  -5    0  91   0   1   0   1   0   0   4   0   0   2   0   0   0   0   0   0   0   0  1.72 0.34
  200 Y    -4  -4  -5  -6  -5  -4  -4  -5  -1  -3  -3  -4  -3   5  -5  -4  -4   0   9  -3    0   0   0   0   0   0   0   0   0   0   0   0   0  19   0   0   0   0  81   0  2.09 0.37
  201 I     0  -4  -4  -4   4  -3  -4  -3  -4   3   0  -3   3  -2  -3  -2  -1  -4  -3   5    9   0   0   0  12   0   0   1   0  15   1   0   8   0   0   0   2   0   0  52  0.63 0.19
  202 I    -3  -5  -5  -5  -3  -4  -5  -5  -5   7   0  -4  -1  -2  -4  -4  -2  -4  -3   4    0   0   0   0   0   0   0   0   0  75   1   0   0   0   0   0   1   0   0  24  1.20 0.27
  203 R    -2   4  -2  -2  -5   0   0  -3   0  -5  -4   6  -3  -5  -3  -1  -2  -5  -3  -4    0  21   0   1   0   1   2   0   2   0   0  70   0   0   0   3   1   0   0   0  1.11 0.26
  204 K     1   6   0  -2  -4  -1  -1  -3   2  -4  -4   1  -3  -4  -3   1  -1  -4  -2  -3   15  53   4   0   0   0   1   0   5   0   0   5   0   0   0  14   1   0   1   0  0.71 0.20
  205 V    -2  -5  -5  -5  -3  -4  -4  -5  -5   3  -1  -4  -1  -2  -4  -4  -2  -5  -3   6    0   0   0   0   0   0   0   0   0  17   0   0   0   0   0   0   0   0   0  83  1.22 0.28
  206 F    -4  -2  -4  -5  -4  -3  -4  -5   1  -2  -2  -3  -2   5  -5  -3  -3   4   8  -3    0   2   0   0   0   0   0   0   3   1   1   1   0  28   0   0   1   4  58   0  1.46 0.29
  207 R    -2   5  -2  -3  -3   0  -2  -3   2  -4  -4   1  -3  -4   4   1  -1  -4  -3  -4    1  48   1   0   0   1   0   0   7   0   0   4   0   0  23  10   4   0   0   0  0.86 0.21
  208 R    -2   4   0  -3  -5   0  -1  -3  -1  -4  -4   6  -3  -5  -3  -2  -2  -5  -4  -4    0  24   3   0   0   0   0   1   1   0   0  69   0   0   0   1   1   0   0   0  1.13 0.27
  209 A     0   0   0   1  -2   0   2   0  -1  -2  -2   2  -1  -3   0   2   1  -3  -2  -2    9   3   2   7   0   2  19   5   1   1   2  15   1   0   5  18   7   0   1   2  0.20 0.06
  210 D    -2  -3   1   6  -4  -2   0   1  -2  -4  -3  -1  -3  -4  -3   0   2  -4  -4  -3    1   0   5  50   0   0   4  13   0   0   2   1   0   0   0   6  16   0   0   0  0.71 0.18
  211 G    -2  -1   4   2  -4  -2  -2   5  -1  -4  -3   0  -3  -4  -3  -1  -2  -4  -4  -4    0   3  21  14   0   0   0  49   1   0   3   5   0   0   0   2   0   0   0   0  0.75 0.18
  212 A    -2  -2  -1   1  -5   0   6  -4  -2  -2   0  -1   0  -4  -3  -2  -2  -4  -3  -2    2   0   1   6   0   1  70   0   0   2  10   0   3   0   0   0   1   0   0   1  0.88 0.24
  213 P    -1  -4  -4  -4  -3  -1  -3  -4  -4   5   0  -3  -1  -2   5  -3  -2  -4  -3   1    3   0   0   0   0   4   0   0   0  54   3   0   0   1  28   0   0   0   0   6  0.86 0.22
  214 A     5  -3  -3  -4   0  -3  -3   0  -4  -1  -2  -3  -2  -3  -3  -1  -1  -4  -3   3   69   0   0   0   2   0   0   5   0   0   0   0   0   0   0   1   1   0   0  22  0.76 0.23
  215 A     6  -3  -3  -4  -2  -3  -3  -2  -4  -3  -3  -3  -3  -4  -3   1  -2  -5  -4  -2   92   0   0   0   0   0   0   0   0   0   0   0   0   0   0   7   0   0   0   0  1.23 0.30
  216 A     2  -3  -3  -4   0  -3  -3  -3  -4   0  -1  -2  -1  -3  -3   1   1  -4  -3   5   17   0   0   0   2   0   0   0   0   0   0   1   0   0   0  11   7   0   0  63  0.62 0.21
  217 N     2  -3  -1  -3  -1  -2  -2  -2  -3   3  -1  -2  -1  -2  -2   3   1  -4  -3   2   18   0   2   0   1   0   0   0   0  20   0   0   0   0   0  29   8   0   0  22  0.33 0.14
  218 S    -1  -3  -1  -2  -3  -2  -2  -2  -3  -5  -5  -2  -4  -5  -3   7   0  -5  -4  -4    0   0   0   0   0   0   0   0   0   0   0   0   0   0   0  97   2   0   0   0  1.47 0.36
  219 V    -2  -3  -2  -3  -3  -3  -3  -4  -4   0  -3  -3  -2  -4  -3   0   7  -4  -3   2    1   0   0   0   0   0   0   0   0   3   0   0   0   0   0   4  79   0   0  14  1.14 0.30
  220 E    -2  -1  -2   1  -5   5   5  -4  -2  -4  -4  -1  -3  -5  -3  -1   1  -4  -3  -4    1   0   0   6   0  37  46   0   0   0   0   0   0   0   0   2   8   0   0   0  0.98 0.25
  221 R    -3   6  -2  -3  -5  -1  -1  -4  -2  -4  -4   5  -3  -5  -3  -2  -3  -5  -4  -4    0  60   0   0   0   0   0   0   0   0   0  39   0   0   0   0   0   0   0   0  1.34 0.29
  222 L    -3  -4  -5  -6  -3  -4  -5  -6  -5   0   6  -4   1  -1  -5  -4  -3  -4  -3  -1    0   0   0   0   0   0   0   0   0   0  98   0   1   0   0   0   0   0   0   0  1.33 0.29
  223 S     0  -2   5  -1  -3  -2  -2  -2   0  -4  -4  -2  -3   1  -3   3  -1  -3   4  -3    5   0  38   0   0   0   0   1   1   0   0   0   0   6   0  32   0   0  17   0  0.69 0.22
  224 L    -3  -2  -4  -4  -3   3  -1  -5  -1   0   5  -2   1   1  -4  -3  -3  -3  -1  -1    0   0   0   0   0  16   3   0   2   0  68   1   3   5   0   0   0   0   1   0  0.66 0.20
  225 I    -3  -4  -5  -5  -3  -4  -5  -5  -4   6   1  -4   6  -2  -4  -4   0  -4  -3   1    0   0   0   0   0   0   0   0   0  65   5   0  24   0   0   0   4   0   0   2  1.06 0.26
  226 A     6  -3  -4  -4  -2  -3  -3  -2  -4  -3  -4  -2  -3  -4  -3  -1  -2  -5  -4  -2  100   0   0   0   0   0   0   0   0   0   0   0   0   0   0   0   0   0   0   0  1.42 0.33
  227 G    -2  -4  -2  -3  -5  -4  -4   7  -4  -6  -6  -3  -5  -5  -4  -2  -4  -5  -5  -5    0   0   0   0   0   0   0  99   0   0   0   0   0   0   0   0   0   0   0   0  1.96 0.33
  228 R    -2   5  -2  -2  -5   1   3  -4   0  -4  -4   4  -3  -5  -3  -2  -2  -4  -3  -4    0  45   0   0   0   2  18   0   1   0   0  30   0   0   0   1   1   0   0   0  0.92 0.22
  229 Y    -4  -4  -5  -6  -5  -4  -5  -6  -1  -4  -4  -4  -3   1  -6  -4  -4   0  10  -4    0   0   0   0   0   0   0   0   0   0   0   0   0   0   0   0   0   0 100   0  2.56 0.44
  230 V    -2  -5  -5  -5  -3  -4  -4  -5  -5   3  -1  -4  -1  -3  -4  -4  -2  -5  -3   7    0   0   0   0   0   0   0   0   0   9   0   0   0   0   0   0   0   0   0  90  1.31 0.30
  231 G    -2  -4  -2  -3  -5  -4  -4   7  -4  -6  -6  -4  -5  -5  -4  -2  -4  -5  -5  -5    0   0   0   0   0   0   0 100   0   0   0   0   0   0   0   0   0   0   0   0  2.00 0.34
  232 K    -3   0  -2  -3  -5  -1  -1  -4  -3  -5  -5   7  -4  -5  -3  -2  -3  -5  -4  -5    0   0   0   0   0   0   0   0   0   0   0 100   0   0   0   0   0   0   0   0  1.74 0.37
  233 D    -4  -4  -1   8  -6  -2   0  -4  -3  -5  -6  -3  -5  -6  -4  -2  -3  -7  -5  -6    0   0   0 100   0   0   0   0   0   0   0   0   0   0   0   0   0   0   0   0  2.14 0.38
  234 D    -4  -4  -1   8  -6  -2   0  -4  -3  -5  -6  -3  -5  -6  -4  -2  -3  -7  -5  -6    0   0   0 100   0   0   0   0   0   0   0   0   0   0   0   0   0   0   0   0  2.14 0.38
  235 P    -3  -5  -4  -4  -5  -4  -4  -5  -5  -5  -5  -3  -5  -6   9  -3  -3  -6  -5  -5    0   0   0   0   0   0   0   0   0   0   0   0   0   0 100   0   0   0   0   0  2.91 0.42
  236 V    -1  -5  -5  -5  -1  -4  -4  -5  -5   1  -1  -4  -1  -3  -4  -3  -2  -5  -3   7    4   0   0   0   1   0   0   0   0   0   0   0   0   0   0   0   0   0   0  95  1.33 0.31
  237 L     3  -3  -4  -4   6  -3  -3  -1  -3  -1   2  -3   4  -2  -3  -1  -2  -4  -3  -1   36   0   0   0  21   0   0   4   0   0  21   0  16   0   0   0   0   0   0   0  0.61 0.19
  238 L    -1  -4  -5  -5  -2  -4  -4  -5  -5   6   2  -4   1  -1  -4  -3  -2  -3  -3   2    5   0   0   0   0   0   0   0   0  67  12   0   3   2   0   0   0   0   0  11  0.86 0.22
  239 V    -2  -4  -5  -5  -2  -4  -4  -5  -5   2  -1  -4  -1  -3  -4  -3  -1  -5  -3   7    1   0   0   0   0   0   0   0   0   6   0   0   0   0   0   0   1   0   0  92  1.29 0.30
  240 R    -4   8  -3  -4  -6  -1  -2  -5  -2  -5  -4   0  -4  -5  -4  -3  -3  -5  -4  -5    0 100   0   0   0   0   0   0   0   0   0   0   0   0   0   0   0   0   0   0  2.05 0.38
  241 A     4  -3  -3  -4   7  -3  -3  -1  -3  -3  -2  -3  -2  -4  -3   1  -1  -4  -4  -2   53   0   0   0  28   0   0   3   0   0   2   0   0   0   0  10   3   0   0   1  0.89 0.23
  242 Q    -3  -1  -2  -3  -5   9   0  -4  -2  -5  -5  -1  -3  -6  -4  -2  -3  -4  -4  -5    0   0   0   0   0 100   0   0   0   0   0   0   0   0   0   0   0   0   0   0  2.14 0.44
  243 S     0  -2   0  -2  -3  -2  -2   1   5  -4  -4  -2  -3  -4  -3   5  -1  -4  -2  -4    5   0   2   0   0   0   0   8  18   0   0   0   0   0   0  67   0   0   0   0  0.92 0.26
  244 G    -1  -4  -1  -3  -4  -2  -3   7  -2  -5  -5  -2  -4  -5  -4  -2  -3  -4  -4  -4    1   0   1   0   0   2   1  90   1   1   0   1   0   0   0   0   1   0   0   1  1.59 0.29
  245 L    -3  -4  -5  -5  -3  -4  -5  -5  -4  -1   4  -4   2   6  -5  -4  -3  -2   1  -1    0   0   0   0   0   0   0   0   0   0  53   0   3  41   0   0   0   0   1   0  1.02 0.23
  246 P    -3  -5  -4  -4  -5  -4  -4  -5  -5  -5  -5  -3  -5  -6   9  -3  -3  -6  -5  -5    0   0   0   0   0   0   0   0   0   0   0   0   0   0 100   0   0   0   0   0  2.91 0.42
  247 A     6  -3  -4  -4  -2  -3  -3  -2  -4  -3  -4  -3  -3  -4  -3   0  -2  -5  -4  -2   99   0   0   0   0   0   0   0   0   0   0   0   0   0   0   1   0   0   0   0  1.41 0.33
  248 V    -1  -4  -3  -5  -2  -3  -4  -4  -4   1   3  -4   0  -2  -4  -3  -1  -4  -3   5    4   0   1   0   0   1   0   0   0   2  26   0   1   0   0   0   2   0   0  63  0.72 0.21
  249 G    -2  -4  -2  -3  -5  -4  -4   7  -4  -6  -6  -4  -5  -5  -4  -2  -4  -5  -5  -5    0   0   0   0   0   0   0 100   0   0   0   0   0   0   0   0   0   0   0   0  2.00 0.34
  250 E    -3  -2  -2   0  -6   0   7  -4  -2  -6  -5  -1  -4  -6  -3  -2  -3  -5  -4  -5    0   0   0   0   0   0 100   0   0   0   0   0   0   0   0   0   0   0   0   0  1.86 0.38
  251 V     1  -4  -4  -5  -1  -4  -4  -4  -5   4  -1  -4  -1  -2  -4  -3  -1  -4  -3   5   12   0   0   0   1   0   0   0   0  21   0   0   0   0   0   0   2   0   0  64  0.82 0.22
  252 L    -3  -4  -5  -5  -3  -4  -5  -5  -5   1   6  -4   1  -1  -5  -4  -2  -3  -3   1    0   0   0   0   0   0   0   0   0   3  88   0   1   0   0   0   1   0   0   6  1.08 0.25
  253 E    -2  -2  -1   0  -6   0   7  -4  -2  -5  -5  -1  -4  -5  -3  -2  -3  -5  -4  -5    1   0   1   0   0   0  97   0   0   0   0   0   0   0   0   0   0   0   0   0  1.75 0.36
  254 A     3  -4  -4  -3  -4  -3  -3  -1  -4  -4  -4  -3  -4  -5   8  -2  -2  -5  -5  -4   25   0   0   0   0   0   0   4   0   0   0   0   0   0  71   0   0   0   0   0  1.81 0.31
  255 F    -5  -5  -5  -6  -5  -6  -6  -6  -3  -2  -2  -5  -2   9  -6  -5  -4   0   1  -3    0   0   0   0   0   0   0   0   0   0   0   0   0  99   0   0   0   0   1   0  2.25 0.39
  256 A     5  -3  -2  -3  -2  -2  -2  -1  -3  -3  -3  -2  -3  -4  -2   3   1  -4  -3  -2   65   0   0   0   0   0   0   1   0   0   0   0   0   0   0  24  10   0   0   0  0.80 0.23
  257 H    -3  -2   1  -4  -3  -2  -4  -4   3  -1   0  -2   0   7  -5  -3  -2  -1   3  -2    0   2   8   0   0   1   0   0   8   1   8   1   3  59   0   1   2   0   6   1  0.88 0.22
  258 P    -2  -4  -4  -4  -5  -3  -3  -1  -4  -5  -5  -3  -5  -6   8  -2  -3  -6  -5  -5    1   0   0   0   0   0   0   5   0   0   0   0   0   0  92   2   0   0   0   0  2.51 0.38
  259 H    -4  -3  -2  -4  -5  -1  -3  -4  10  -5  -4  -3  -3  -1  -5  -3  -3   2   3  -5    0   0   0   0   0   1   0   0  83   0   0   0   0   2   0   0   1   3   9   0  2.19 0.39
  260 L    -3  -4  -5  -5  -3  -4  -4  -5  -4   2   5  -4   2   0  -3  -4  -1  -3  -3   0    0   0   0   0   0   0   0   0   0  10  81   0   4   1   1   0   2   0   0   1  0.97 0.23
  261 V    -2  -5  -5  -5  -3  -4  -5  -5  -5   1  -1  -4  -1  -3  -4  -4  -2  -5  -3   7    1   0   0   0   0   0   0   0   0   0   0   0   0   0   0   0   0   0   0  99  1.46 0.33
  262 H     3  -2  -1  -1  -3   0   3  -1   0  -4  -4  -1  -3  -4   0   3  -1  -4  -3  -3   32   0   0   0   0   1  20   3   3   0   0   0   0   0   3  36   0   0   0   0  0.52 0.18
  263 G    -2  -4  -2  -3  -5  -4  -4   7  -4  -6  -6  -4  -5  -5  -4  -2  -4  -5  -5  -5    0   0   0   0   0   0   0 100   0   0   0   0   0   0   0   0   0   0   0   0  2.00 0.34
  264 W    -5  -6  -7  -7  -5  -5  -6  -5  -5  -6  -5  -6  -4  -1  -7  -6  -5  13   0  -6    0   0   0   0   0   0   0   0   0   0   0   0   0   1   0   0   0  99   0   0  4.27 0.55
  265 M    -4  -4  -5  -6  -4  -3  -5  -5  -4  -1   0  -4  10  -2  -5  -4  -3  -4  -4  -2    0   0   0   0   0   0   0   0   0   0   0   0 100   0   0   0   0   0   0   0  2.51 0.48
  266 R    -4   8  -3  -4  -6  -1  -2  -5  -2  -5  -4   0  -4  -5  -4  -3  -3  -5  -4  -5    0 100   0   0   0   0   0   0   0   0   0   0   0   0   0   0   0   0   0   0  2.05 0.38
  267 G    -2  -4  -2  -3  -5  -4  -4   7  -4  -6  -6  -4  -5  -5  -4  -2  -4  -5  -5  -5    0   0   0   0   0   0   0 100   0   0   0   0   0   0   0   0   0   0   0   0  2.00 0.34
  268 S    -1  -3  -1  -2  -3  -2  -2  -2  -3  -5  -5  -2  -4  -5  -3   7  -1  -5  -4  -4    0   0   0   0   0   0   0   0   0   0   0   0   0   0   0 100   0   0   0   0  1.54 0.37
  269 H    -4  -3  -2  -4  -6  -2  -3  -5  11  -6  -5  -3  -4  -3  -5  -3  -4  -5  -1  -6    0   0   0   0   0   0   0   0 100   0   0   0   0   0   0   0   0   0   0   0  2.89 0.47
  270 A    -1  -2   5  -1  -1  -1  -2  -3   6  -3  -3  -2  -2   0  -3   0   0  -1   3  -1    3   1  39   0   1   1   0   0  26   1   0   0   1   3   0   5   4   1  10   4  0.69 0.20
  271 G    -2  -4  -2  -3  -5  -4  -4   7  -4  -6  -6  -4  -5  -5  -4  -2  -4  -5  -5  -5    0   0   0   0   0   0   0 100   0   0   0   0   0   0   0   0   0   0   0   0  2.00 0.34
  272 P    -3  -5  -4  -4  -5  -4  -4  -5  -5  -5  -5  -3  -5  -6   9  -3  -3  -6  -5  -5    0   0   0   0   0   0   0   0   0   0   0   0   0   0 100   0   0   0   0   0  2.91 0.42
  273 L    -3  -4  -5  -5  -3  -4  -5  -5  -4   3   5  -4   2   1  -5  -4  -3  -3  -2   0    0   0   0   0   0   0   0   0   0  14  77   0   3   6   0   0   0   0   0   0  0.95 0.22
  274 M    -3  -4  -5  -6  -4  -3  -5  -5  -4   0   0  -4  10  -2  -5  -4  -3  -4  -4  -2    0   0   0   0   0   0   0   0   0   3   0   0  97   0   0   0   0   0   0   0  2.35 0.46
  275 P    -3  -5  -4  -4  -5  -4  -4  -5  -5  -5  -5  -3  -5  -6   9  -3  -3  -6  -5  -5    0   0   0   0   0   0   0   0   0   0   0   0   0   0 100   0   0   0   0   0  2.91 0.42
  276 A    -1  -4  -5  -5   2  -4  -4  -4  -5   1  -1  -4   0  -3  -4  -3  -1  -5  -3   6    4   0   0   0   5   0   0   0   0   0   0   0   1   0   0   1   3   0   0  86  1.10 0.28
  277 R     2  -1  -1  -2  -3  -2  -2   2  -3  -4  -4  -1  -3  -4   3   4  -1  -4  -3  -3   15   3   0   0   0   0   0  15   0   0   0   3   0   0  18  45   0   0   0   0  0.64 0.19
  278 F    -2  -2  -3  -3  -2   2  -1  -4  -2   1   2  -2   2   4  -4  -3  -2  -1   0   2    0   0   0   0   0  13   4   0   1   6  19   0   8  27   0   0   1   0   0  19  0.37 0.14
  279 I     0   3   0   0  -1   1   2  -2   1  -2  -3   3  -2  -2  -1  -1  -1  -3   1  -2    7  17   3   5   2   3  12   1   4   2   0  32   0   0   2   1   1   0   5   2  0.31 0.11
  280 S    -2  -2   2   5  -4   3   2  -3   1  -4  -4  -1  -3  -3  -3   0  -1  -2   2  -4    1   0  12  39   0  16  11   0   3   0   1   1   0   0   0   4   1   0   9   0  0.63 0.17
  281 V     5  -3  -2  -2   0  -2  -2  -2  -3  -1  -3  -2  -2  -4  -2   2  -1  -4  -3  -1   74   0   0   2   1   0   0   0   0   4   0   0   0   0   0  17   0   0   0   1  0.83 0.24
  282 D    -1   0   3   1  -1   0   0  -1   2  -1  -1   0  -1  -2  -1   0   2  -2   0  -1    4   6  22   7   1   2   3   3   8   4   4   4   1   1   2   3  20   1   3   4  0.16 0.05
  283 P    -1  -2  -2  -1  -2  -1  -1  -2  -2  -2  -2  -1  -2  -2   7  -1  -1  -1  -2  -2    4   2   2   2   1   2   3   3   1   2   4   2   1   2  60   3   2   1   2   3  1.12 0.12
  284 E     0   0   0   0   0   0   1   0   0   0   0   0   0   0   0   0   0   0   0   0    9   4   4   6   2   4   9   6   2   7   8   5   2   3   5   6   5   1   3   9  0.01 0.03
  285 R     0   1   0   0   0   0   0   0   0   0   0   0   0   0   0   0   0   0   0   0    7   8   5   5   2   4   6   7   2   5   9   7   2   4   5   7   6   1   3   6  0.02 0.01
  286 R     0   1   0   0   0   0   0   0   0   0   0   0   0   0   0   0   0   0   0   0    7   8   4   5   2   4   6   7   2   5   9   8   2   4   5   7   6   1   3   6  0.02 0.01
  287 I     0   0   0   0   0   0   0   0   0   0   0   0   0   0   0   0   0   0   0   0    7   5   4   5   2   4   6   7   2  10   9   5   2   4   5   7   6   1   3   6  0.01 0.01
  288 A     0   0   0   0   0   0   0   0   0   0   0   0   0   0   0   0   0   0   0   0   12   5   4   5   2   4   6   7   2   5   9   5   2   4   5   7   6   1   3   6  0.02 0.01
  289 I     0   0   0   0   0   0   0   0   0   0   0   0   0   0   0   0   0   0   0   0    7   5   4   5   2   4   6   7   2   7   9   5   3   4   5   7   6   1   3   7  0.01 0.01
  290 G     0   0   0   0   0   0   0   1   0   0   0   0   0   0   0   0   0   0   0   0    7   5   4   5   2   5   6  12   2   5   8   5   2   4   5   7   5   1   4   6  0.02 0.01
  291 P     0   0   0   0   0   0   0   0   0   0   0   0   0   0   2   0   0   0   0   0    9   5   5   5   2   4   6   7   2   5   8   5   2   4   9   7   5   1   3   6  0.04 0.00
  292 K     0   2   0  -1  -1   1   0  -1   0  -1  -1   3   0  -1   0   0   0  -1  -1  -1    4  13   3   3   1   8   4   4   1   4   5  28   2   2   3   4   3   1   2   5  0.14 0.03
  293 M     0  -1  -1  -1   7  -1  -1  -1  -1  -1  -1  -1   2  -1  -1  -1   0  -1  -1   0    7   3   2   3  33   2   3   4   1   3   5   3   8   2   3   4   4   1   2   7  0.36 0.05
  294 T    -1  -3  -1  -2  -2  -2  -2  -3  -3  -2  -3  -2  -2  -4  -2   3   6  -4  -3  -2    1   0   0   0   0   0   0   1   0   0   1   0   0   0   0  20  73   0   0   1  1.07 0.26
  295 R    -4   8  -3  -4  -6  -1  -2  -5  -2  -5  -4   0  -4  -4  -4  -3  -3  -5  -3  -5    0  99   0   0   0   0   0   0   0   0   0   0   0   1   0   0   0   0   0   0  2.00 0.38
  296 F    -5  -5  -5  -6  -5  -6  -6  -6  -4  -2  -2  -6  -2   9  -6  -5  -4  -1   1  -3    0   0   0   0   0   0   0   0   0   0   0   0   0 100   0   0   0   0   0   0  2.28 0.39
  297 D    -4  -4  -1   8  -6  -2   0  -4  -3  -5  -6  -3  -5  -6  -4  -2  -3  -7  -5  -6    0   0   0 100   0   0   0   0   0   0   0   0   0   0   0   0   0   0   0   0  2.14 0.38
  298 G    -2  -4  -2  -3  -5  -4  -4   7  -4  -6  -6  -4  -5  -5  -4  -2  -4  -5  -5  -5    0   0   0   0   0   0   0 100   0   0   0   0   0   0   0   0   0   0   0   0  2.00 0.34
  299 P    -3  -5  -4  -4  -5  -4  -4  -5  -5  -5  -5  -3  -5  -6   9  -3  -3  -6  -5  -5    0   0   0   0   0   0   0   0   0   0   0   0   0   0 100   0   0   0   0   0  2.91 0.42
  300 P    -3  -5  -4  -4  -5  -4  -3  -5  -5  -5  -5  -3  -5  -6   9  -3  -3  -6  -5  -5    0   0   0   0   0   0   0   0   0   0   0   0   0   0  99   0   0   0   0   0  2.88 0.42
  301 K    -4   8  -3  -4  -6  -1  -2  -4  -2  -5  -4   1  -3  -5  -4  -3  -3  -5  -4  -4    0  94   0   0   0   0   0   0   0   0   0   6   0   0   0   0   0   0   0   1  1.85 0.36
  302 V    -1  -4  -5  -5   0  -4  -4  -5  -5   2   0  -4  -1  -2  -4  -3  -2  -5  -3   6    2   0   0   0   2   0   0   0   0   6   4   0   0   1   0   0   0   0   0  86  1.14 0.28
  303 G    -1  -4  -4  -4  -1  -4  -4  -2  -4   5   0  -4   1  -2  -4  -3   0  -4  -3   4    4   0   0   0   1   0   0   3   0  46   2   0   3   0   0   0   4   0   0  37  0.70 0.19
  304 A     6  -3  -3  -3   2  -3  -3   2  -3  -3  -3  -3  -3  -4  -3   0  -2  -4  -4  -2   78   0   0   0   4   0   0  16   0   0   0   0   0   0   0   2   0   0   0   0  0.98 0.26
  305 L     2  -3  -4  -5  -2  -3  -4  -4  -4   0   5  -3   1  -1  -4  -2  -2  -3  -2  -1   27   0   0   0   0   0   0   0   0   2  67   0   2   1   0   0   0   0   1   1  0.70 0.21
  306 G    -1  -4  -2  -3  -5  -4  -4   7  -4  -6  -6  -4  -5  -5  -4  -2  -4  -5  -5  -5    1   0   0   0   0   0   0  99   0   0   0   0   0   0   0   0   0   0   0   0  1.97 0.33
  307 F    -4  -5  -5  -6  -5  -5  -5  -5  -3  -2  -2  -5  -2   9  -6  -5  -4   3   2  -3    0   0   0   0   0   0   0   0   0   0   0   0   0  93   0   0   0   4   3   0  2.10 0.37
  308 Q    -3  -1   1  -2  -5   8   0  -4  -2  -5  -5  -1  -3  -6  -4  -2  -3  -4  -4  -4    0   0   7   0   0  92   0   0   0   0   0   0   0   0   0   1   0   0   0   0  1.85 0.40
  309 L    -2  -4  -5  -5  -2  -4  -4  -5  -4   4   4  -4   1  -1  -4  -4  -2  -3  -2   3    0   0   0   0   0   0   0   0   0  27  51   0   2   0   0   0   0   0   0  19  0.75 0.18
  310 H     3  -1   0  -2   3  -1  -1  -2   3  -3  -3   2  -2  -3  -2   2   0  -4  -2  -2   37   1   4   0   9   1   0   0   9   0   0  15   0   0   0  17   4   0   0   1  0.38 0.15
  311 E    -3  -1   5   4  -5   0   2  -1   1  -5  -5   0  -4  -4  -3  -1  -2  -5  -3  -4    0   1  39  28   0   2  17   4   2   0   0   4   0   0   0   1   0   0   1   0  0.80 0.20
  312 G     0  -4  -2  -3  -1  -3  -3   7  -4  -5  -5  -3  -4  -5  -4  -1  -3  -4  -5  -5    6   0   0   0   2   0   1  89   0   0   0   0   0   0   0   3   0   0   0   0  1.61 0.29
  313 Y    -2   3  -1  -2  -4   1   0  -3   1  -2  -2   5   1  -3  -3  -2  -1  -3   1  -3    0  19   2   0   0   3   4   0   3   2   1  49   5   0   0   0   2   0   6   0  0.59 0.18
  314 L    -3  -4  -5  -6  -3  -4  -5  -6  -5   1   6  -4   1   0  -5  -4  -3  -3  -3  -1    0   0   0   0   0   0   0   0   0   2  95   0   1   2   0   0   0   0   0   0  1.24 0.28
  315 E    -2  -3  -3  -3  -3  -2   0  -3  -1   4   0  -3  -1  -2  -4  -3   0  -4  -3   4    0   0   0   0   0   0  10   2   2  39   3   0   0   0   0   0   6   0   0  37  0.53 0.17
  316 G    -2  -4  -2  -3  -5  -2  -2   7  -4  -6  -5  -3  -3  -5  -4  -2  -3  -5  -5  -5    0   0   0   0   0   1   2  95   0   0   0   0   1   0   0   0   0   0   0   0  1.77 0.31
  317 G    -2  -4  -4  -4  -4  -4  -3  -3  -3  -5  -5  -3  -5  -6   8  -3  -2  -4  -4  -5    1   0   0   0   0   0   0   1   1   0   0   0   0   0  95   0   1   0   1   0  2.65 0.39
  318 V     1   3  -1  -3  -2   2  -1  -3   0   0  -1  -1   0  -3  -3   0  -1  -4  -2   3   14  21   2   0   0  13   2   0   2   1   2   0   1   0   0   6   2   0   0  33  0.27 0.13
  319 D    -4  -4  -1   8  -6  -2   0  -4  -3  -5  -6  -3  -5  -6  -4  -2  -3  -7  -5  -6    0   0   0 100   0   0   0   0   0   0   0   0   0   0   0   0   0   0   0   0  2.14 0.38
  320 L    -3  -4  -5  -5  -3  -3  -4  -5  -3   0   5  -4   6   2  -5  -4  -3  -3  -2  -1    0   0   0   0   0   0   0   0   0   1  59   0  30   9   0   0   0   0   0   0  0.96 0.24
  321 F    -5  -5  -5  -6  -5  -6  -6  -6  -4  -2  -1  -5  -2   9  -6  -5  -4  -1   1  -3    0   0   0   0   0   0   0   0   0   0   2   0   0  98   0   0   0   0   0   0  2.21 0.38
  322 D     2  -2   0   7  -3  -2   0  -1  -3  -4  -5  -1  -4  -5  -3  -1  -2  -5  -3  -4   20   1   2  68   0   0   1   2   0   0   0   4   0   0   0   1   0   0   1   0  1.09 0.25
  323 D    -4  -4  -1   8  -6  -2   0  -3  -3  -5  -6  -3  -5  -6  -4  -2  -3  -7  -5  -6    0   0   0  99   0   0   0   1   0   0   0   0   0   0   0   0   0   0   0   0  2.11 0.38
  324 P    -3  -3  -4  -4  -4  -3  -3  -4  -4  -1  -3  -1  -3  -5   8  -3  -2  -6  -5   1    0   0   0   0   0   0   0   0   0   3   1   4   0   0  77   0   1   0   0  13  1.90 0.31
  325 A     5  -3  -2  -3  -2  -2  -2   0  -3  -3  -3  -2  -3  -4  -2   3  -1  -4  -3  -2   71   0   0   0   0   1   0   5   0   0   0   0   0   0   0  21   0   0   0   1  0.87 0.24
  326 F    -4  -5  -5  -6  -5  -5  -5  -5  -3  -2  -2  -5  -2   8  -6  -4  -4   1   4  -3    0   0   0   0   0   0   0   0   0   0   0   0   0  84   0   0   0   1  15   0  1.93 0.34
  327 D    -4  -4   0   8  -6  -2   0  -3  -3  -5  -6  -3  -5  -6  -4  -2  -3  -6  -5  -5    0   0   2  95   0   0   3   0   0   0   0   0   0   0   0   0   0   0   0   0  1.95 0.35
  328 Y    -2   3   1   0  -4   0   3  -2   0  -2   0   1  -1  -1  -1  -1  -1   1   3  -2    0  19   8   2   0   1  24   1   1   1  11   6   1   0   2   1   1   1  17   0  0.28 0.12
  329 V     4  -3  -2  -3  -2  -2  -2  -2  -3  -2  -3  -2  -2  -4  -2   1   4  -4  -3   0   55   0   0   0   0   0   0   0   0   0   0   0   0   0   0   7  31   0   0   5  0.71 0.22
  330 R    -4   8  -3  -4  -6  -1  -2  -5  -2  -5  -4   0  -4  -5  -4  -3  -3  -5  -4  -5    0 100   0   0   0   0   0   0   0   0   0   0   0   0   0   0   0   0   0   0  2.04 0.38
  331 Q    -1   4   0  -1  -4   4   1  -3   0  -3  -3   2   0  -4  -3  -1  -1  -1  -3  -3    6  30   2   1   0  28   9   0   1   1   1  12   2   0   0   2   3   1   0   1  0.55 0.16
  332 T    -2   1  -1  -2  -3   2   1  -3  -2   0   1   3   2  -2  -3  -1   1  -2  -2   0    0   6   1   1   0  13   6   0   0   7  18  29   7   0   0   0   9   1   0   4  0.24 0.11
  333 A     6  -3  -3  -4   2  -3  -3  -2  -4  -3  -3  -3  -3  -4  -3   0  -2  -5  -4  -1   92   0   0   0   4   0   0   0   0   0   0   0   0   0   0   2   0   0   0   2  1.20 0.30
  334 A     0  -1   5  -1  -3   3  -1  -1  -1  -2   0  -1   1  -3  -3   0  -1  -4  -3  -2   11   1  41   0   0  15   2   2   0   0  14   0   5   0   0   6   1   0   0   1  0.44 0.17
  335 Q    -2   0  -1   2  -4   2   4  -3   1  -1  -2   1  -1  -2  -3  -1  -1  -2  -1  -1    1   3   2  10   0  10  45   0   3   5   4   5   2   2   0   0   2   0   2   4  0.44 0.14
  336 I    -1  -4  -5  -5  -3  -4  -4  -5  -5   6   1  -4   1  -2  -4  -3  -2  -4  -3   3    4   0   0   0   0   0   0   0   0  67   5   0   4   0   0   0   0   0   0  19  0.93 0.23
  337 A     6  -3  -3  -3  -2  -2  -3  -1  -3  -3  -3  -2  -1  -4  -3   0   2  -4  -4  -2   80   0   0   0   0   0   0   2   0   0   0   0   1   0   0   1  14   0   0   0  0.98 0.27
  338 D    -3  -3   2   7  -5  -1   3  -3  -2  -5  -5  -2  -4  -5  -3  -1  -2  -5  -3  -5    0   0   9  66   0   0  18   0   0   0   0   0   0   0   0   2   2   0   1   0  1.24 0.26
  339 Y    -4  -4  -4  -5  -5  -3  -4  -5   1  -2  -3  -4  -1   2  -5  -4  -4   0   9  -3    0   0   0   0   0   0   0   0   2   2   0   0   2   2   0   0   0   0  91   0  2.18 0.40
  340 I    -3  -4  -5  -5  -3  -3  -4  -5  -4   3   3  -4   8   0  -5  -4  -3  -3  -2   0    0   0   0   0   0   0   0   0   0  16  20   0  60   3   0   0   0   0   0   1  1.23 0.29
  341 R    -4   8  -3  -4  -6  -1  -2  -5  -2  -5  -4   0  -4  -5  -4  -3  -3  -5  -4  -5    0 100   0   0   0   0   0   0   0   0   0   0   0   0   0   0   0   0   0   0  2.05 0.38
  342 R    -1   7  -2  -3  -5   1  -2  -3   0  -4  -3   0  -1  -4  -4   0  -2  -4  -2  -4    5  77   0   0   0   4   0   1   2   0   1   1   1   0   0   6   1   0   1   0  1.21 0.28
  343 M    -3  -3  -2  -4  -5   0  -2  -4  10  -4   0  -3   4  -3  -4  -3  -3  -4  -1  -4    0   0   0   0   0   2   0   0  75   0  11   0  11   0   0   0   1   0   0   0  1.81 0.36
  344 G    -2  -4  -2  -3  -5  -4  -4   7  -4  -6  -6  -4  -5  -5  -4  -2  -4  -5  -5  -5    0   0   0   0   0   0   0 100   0   0   0   0   0   0   0   0   0   0   0   0  2.00 0.34
  345 P    -2  -4  -4  -4  -5  -4  -3  -4  -5  -3  -5  -3  -5  -6   9  -3  -3  -6  -5  -5    1   0   0   0   0   0   1   0   0   1   0   0   0   0  96   1   0   0   0   0  2.69 0.40
  346 F    -4  -5  -5  -6  -5  -6  -6  -5  -4  -1  -2  -5  -2   9  -6  -5  -4  -1   1  -2    0   0   0   0   0   0   0   0   0   1   0   0   0  97   0   0   0   0   0   1  2.16 0.38
  347 Q    -3  -2  -2  -1  -5   2   6  -4  -2  -3  -3  -1   5  -4  -3  -2  -3  -4  -4  -3    0   0   0   0   0   6  71   0   0   0   0   0  23   0   0   0   0   0   0   0  1.25 0.31
  348 P    -3  -5  -4  -4  -5  -4  -3  -5  -5  -5  -5  -3  -5  -5   9  -3  -3  -6  -5  -5    0   0   0   0   0   0   0   0   0   0   0   0   0   0  99   0   0   0   0   0  2.87 0.41
  349 H    -3  -3  -2  -4  -5  -2  -2  -3  11  -6  -5  -3  -4  -4  -5  -3  -4  -5  -1  -6    2   0   0   0   0   0   1   1  95   0   0   0   0   0   0   0   0   0   0   0  2.64 0.44
  350 R    -4   8  -3  -4  -6  -1  -2  -5  -2  -5  -4   0  -4  -5  -4  -3  -3  -5  -4  -5    0 100   0   0   0   0   0   0   0   0   0   0   0   0   0   0   0   0   0   0  2.02 0.38
  351 L    -3  -4  -5  -6  -3  -4  -5  -6  -5   0   6  -4   0  -1  -5  -4  -3  -4  -3  -1    0   0   0   0   0   0   0   0   0   0  99   0   0   0   0   0   0   0   0   0  1.35 0.29
  352 P    -2  -4  -2  -2  -4  -3  -1   3   2  -5  -5  -3  -4  -5   7   0  -3  -5  -4  -4    1   0   1   1   0   0   3  24   6   0   0   0   0   0  60   5   0   0   0   0  1.46 0.26
  353 P     0  -3  -3  -3  -2  -2  -2  -4  -2  -1   3  -3   3  -2   4  -1  -2  -3  -3  -1    6   0   0   0   0   1   3   0   1   0  44   0  11   0  27   6   0   0   0   1  0.59 0.17
  354 E    -1  -2  -1   4  -5   0   6  -2  -1  -5  -5  -1  -4  -5  -2  -1  -1  -5  -4  -4    5   0   1  23   0   2  62   1   1   0   0   1   0   0   0   2   2   0   0   0  0.99 0.23
  355 E    -2  -2  -2   4  -5   0   6  -4  -2  -5  -5  -1  -4  -5  -3  -2  -3  -5  -4  -4    2   0   0  23   0   0  75   0   0   0   0   0   0   0   0   0   0   0   0   0  1.36 0.29
  356 M    -3  -4  -5  -6  -4  -3  -5  -5  -4  -1   1  -4  10  -2  -5  -4  -3  -4  -3  -2    0   0   0   0   0   0   0   0   0   0   7   0  93   0   0   0   0   0   0   0  2.20 0.43
  357 E    -3  -2  -2   0  -6   0   7  -4  -2  -6  -5  -1  -4  -6  -3  -2  -3  -5  -4  -5    0   0   0   0   0   0 100   0   0   0   0   0   0   0   0   0   0   0   0   0  1.84 0.37
  358 Y    -4  -4  -5  -6  -5  -4  -5  -6  -1  -4  -3  -4  -3   1  -5  -4  -4   0   9  -4    0   0   0   0   0   0   0   0   0   0   0   0   0   0   0   0   0   0 100   0  2.55 0.44
  359 T    -2  -3  -2  -3  -3  -3  -3  -4  -4  -3  -3  -3  -3  -4  -3  -1   7  -5  -4  -2    0   0   0   0   0   0   0   0   0   0   0   0   0   0   0   0 100   0   0   0  1.71 0.38
  360 A    -1  -3  -1  -3  -3  -3  -3  -3  -4  -3  -3  -2  -3  -4  -3   1   7  -5  -4  -2    2   0   1   0   0   0   0   0   0   0   0   1   0   0   0   6  90   0   0   0  1.43 0.33
  361 L    -3  -4  -5  -5  -3  -3  -4  -5  -4   0   5  -4   6  -1  -5  -4  -3  -3  -3  -1    0   0   0   0   0   0   0   0   0   1  72   0  26   1   0   0   0   0   0   0  1.10 0.26
  362 P    -3  -4  -4  -3  -5  -4  -3  -4  -5  -5  -5  -3  -5  -6   9  -3  -3  -6  -5  -4    0   0   0   1   0   0   0   0   0   0   0   0   0   0  97   1   1   0   0   0  2.76 0.40
  363 K     0   0   0   1  -4   4   2   1   1  -3  -2   3  -1  -3  -2   0  -1  -4  -2  -3    5   0   3   7   0  25  12  12   3   1   5  21   1   0   0   4   1   0   0   0  0.33 0.12
  364 I    -2  -4  -5  -5  -3  -4  -4  -5  -5   3   0  -4  -1  -2  -4  -4  -2  -5  -3   6    0   0   0   0   0   0   0   0   0  11   5   0   0   0   0   0   0   0   0  83  1.14 0.27
  365 L    -2  -3  -4  -5  -3  -2  -3  -5  -4   0   4  -2   7  -1  -4  -2  -2  -3  -3  -1    2   1   0   0   0   1   1   0   0   1  49   1  39   0   0   3   1   0   0   0  0.89 0.24
  366 A    -1   0  -1   0  -4   1   5  -3  -2  -4  -4   4  -3  -5  -2   0  -2  -4  -3  -4    5   2   1   4   0   2  45   1   0   0   0  36   0   0   0   4   1   0   0   0  0.75 0.20
  367 K    -2   3  -1  -2  -4   0  -1  -3  -2  -4  -4   7  -3  -5  -3  -1  -2  -5  -4  -4    0  13   1   0   0   0   1   0   0   0   0  80   0   0   0   1   1   0   0   0  1.23 0.29
  368 V    -3  -4  -5  -5  -3  -4  -5  -5  -4   1   6  -4   1   0  -5  -4  -3  -3  -2   0    0   0   0   0   0   0   0   0   0   4  91   0   0   2   0   0   0   0   1   2  1.13 0.26
  369 K    -1   1  -1  -1  -4   1   3  -2  -1  -4  -3   5  -3  -4  -2  -1  -2  -4  -3  -3    3   4   0   1   0   3  25   2   1   0   1  55   0   0   0   2   1   0   0   1  0.72 0.18
  370 P     0  -1   1   1  -1   0   1   2   0  -2  -1   0  -1  -1   2   1   0  -1  -1  -1    6   3   5   8   1   2   8  20   2   2   4   5   1   2   9  11   4   1   2   3  0.14 0.02
  371 Y    -1   4   0  -1  -1   0   0  -1   0  -1  -1   1  -1  -1   0   0   0  -1   0  -1    5  35   3   3   1   3   4   4   1   6   6   5   1   3   3   4   4   1   4   4  0.17 0.03
  372 P    -1  -1  -1  -1  -1  -1  -1  -1  -1  -1   0  -1   0   4   1  -1  -1   1   1  -1    6   3   3   3   1   3   4   5   1   3   6   4   3  32   8   5   4   2   2   4  0.15 0.03
  373 A     1   0   0   0  -1   0   0   0  -1   0   0   0   0  -1   0   0   0  -1  -1   1   12   4   3   3   1   3   9   8   2   7   6   5   1   2   3   7   7   1   2  15  0.02 0.01
  374 D    -2  -2   1   6  -3  -1   2  -1  -1  -3  -3   0  -3  -3  -2  -1  -1  -4  -3  -3    1   1   6  59   0   1  13   3   1   1   1   4   0   1   1   3   2   0   1   1  0.81 0.16
  375 Q    -3   7  -2  -2  -5   0   0  -4  -2  -4  -3   1  -2  -4  -4  -2  -2  -4  -3  -3    1  84   0   1   0   2   6   0   0   0   1   2   1   0   0   0   1   0   0   2  1.35 0.27
  376 Y    -3  -4  -4  -3  -4  -4  -2  -3  -3  -2  -1  -3  -2   8  -4  -3  -3   4   3  -3    1   0   0   1   0   0   3   1   0   0   0   1   0  77   0   1   1   7   7   0  1.43 0.27
  377 E    -2   0  -2   0  -5   1   5  -3  -2  -3  -4   3  -3  -4  -3  -1  -1  -4  -3  -1    1   4   0   0   0   4  60   0   0   1   0  22   0   0   0   1   1   0   0   4  0.82 0.20
  378 K    -1   1  -1  -1  -4   0   2  -3  -2  -4  -3   5  -3  -4   2   0  -2  -4  -3  -2    3   3   1   1   0   1  11   0   0   0   2  61   0   0  12   3   0   0   0   2  0.68 0.17
  379 D     0  -1   0   1  -2   0   1  -2  -1   1   1   0   0  -1  -2   0   0  -3  -1   1    7   0   5   7   0   2  15   2   1   7  13   4   3   2   0   2   7   0   1  19  0.05 0.03
  380 R    -1   3  -1   1  -4   1   4  -2  -1  -3  -3   3  -2  -4  -1   0  -1  -4  -2  -2    2  18   0   4   0   1  38   2   0   0   0  23   1   0   2   2   2   0   1   3  0.47 0.10
  381 K    -1   0  -1   2  -3   1   2  -2  -1  -1   0   1   0  -1   1   0   0  -2   0  -1    3   5   0  18   0   5  15   1   0   3  11  11   5   3   6   2   4   0   4   3  0.13 0.03
  382 K     0   1  -1  -1  -3   1   1   2  -1  -2  -1   3  -1  -3   0   0  -1  -3  -2  -1    6   7   0   0   0   5   9  18   0   0   5  32   2   0   3   3   1   0   1   6  0.19 0.04
  383 Y    -1   1  -1  -2  -3   0  -1  -1   2  -1  -2   1  -1   1  -1  -1  -1   0   5   0    6   9   2   2   0   4   2   3   4   0   1  13   2   0   3   1   1   0  39   9  0.27 0.05
  384 I    -1   0  -1  -1  -2   0   1  -2   1   1   0   2   0  -2   0  -1   0  -3  -1   1    4   0   0   0   0   1  11   2   5  13  11  24   1   0   5   1   4   0   0  16  0.08 0.03
  385 E     0   1  -1   0  -3   2   2  -2  -1  -2  -3   2  -2  -3   3   1   0  -3  -2  -2    8   8   0   1   0   7  21   0   0   1   0  22   0   0  14  11   4   0   0   3  0.33 0.04
  386 A     1  -1  -1   0  -2   0   2  -1  -1  -1  -1   1  -1   0   2   0  -1  -2   0   0   22   1   0   3   0   2  18   3   1   4   2  10   2   7  11   7   0   0   2   6  0.13 0.02
  387 V     0  -1  -2  -2  -2   0   0  -1  -1   2   1   1   1  -1  -2   0   0   0  -1   2    8   2   0   0   0   5   6   3   2  16  12  13   2   0   0   5   2   2   0  23  0.07 0.02
  388 V     1   0  -2  -2  -2  -1  -1  -1  -2   1   0   1   0  -1  -2   0   1  -2   0   2   12   5   0   0   0   1   1   3   0  14   9  13   0   0   0   3  12   0   4  22  0.07 0.02
  389 K     1   1   0  -1  -2   1   1  -1   3  -2  -2   2  -2  -2   0   1   1  -3  -1  -2   10   5   0   0   0   2  10   2  12   2   0  27   0   2   2  17   8   0   0   2  0.21 0.03
  390 G     1  -1  -1  -1  -2  -1   0   4   1  -3  -3   1  -2  -3  -1   1   0  -3  -1  -2   13   2   0   0   0   0   5  42   6   1   0   9   0   0   2  14   2   0   2   1  0.36 0.04
  391 A     1   0  -1   0  -2   1   2   1   0  -2  -2   1  -2  -3   1   1   1  -3  -1  -1   12   4   0   1   0   5  26  10   1   0   1   8   0   0   5   6  12   0   3   4  0.19 0.03
  392 K     0   0   0   0  -3   1   3  -2   0  -2  -2   2   0  -3   0   0   0  -3  -1  -1    8   2   3   3   0   4  31   0   1   0   1  20   6   0   4   5   4   0   1   7  0.22 0.03
  393 V     1  -1  -1  -1  -2   0   1   0  -1   0   1   0   0  -1  -1   1   1  -3  -1   1   15   0   0   0   0   0  16   5   2   4  16   4   3   0   2  11   7   0   1  13  0.06 0.02
  394 E     0  -1   0   0  -2   1   3   0   1  -1   0   0  -1  -2  -1   1   1  -3  -2  -1    6   0   2   0   0   1  35   5   5   2  13   6   0   0   1  16  10   0   0   0  0.19 0.03
  395 E     1  -1  -1   1  -3   1   3   2   0  -3  -3   0  -2  -3  -1   1   0  -3  -1  -2   13   0   0   3   0   1  42  21   3   0   0   0   0   0   1  11   3   0   2   0  0.35 0.04
  396 S     2  -1  -1   0  -2   1   2   0  -1  -2  -2   0  -2  -3   1   2   0  -3  -2  -2   28   0   0   0   0   5  25   6   0   2   1   1   0   0   6  22   3   0   0   0  0.27 0.03
  397 Q     0   0   0   0  -2   2   1   0   0  -1  -1   1  -1  -2  -1   2   1  -3  -2  -1    6   0   0   1   0  13  11   8   2   5   3  12   0   0   0  23  11   0   0   3  0.16 0.02
  398 H    -1  -1   0  -2  -3   0  -1  -2   8  -3  -3   0  -1  -2  -3  -1  -2  -3   1  -2    6   0   0   0   0   0   0   0  81   0   0   5   3   0   0   3   0   0   0   2  0.93 0.08
  399 D    -2  -2   1   6  -4   0   2  -2  -1  -4  -4  -1  -4  -4  -2  -1  -1  -5  -4  -4    0   0   0  89   0   0  11   0   0   0   0   0   0   0   0   0   0   0   0   0  1.06 0.06

                      K         Lambda
Standard Ungapped    0.1397     0.3204
Standard Gapped      0.0584     0.2670
PSI Ungapped         0.1908     0.3176
PSI Gapped           0.0584     0.2670
