
Last position-specific scoring matrix computed, weighted observed percentages rounded down, information per position, and relative weight of gapless real matches to pseudocounts
            A   R   N   D   C   Q   E   G   H   I   L   K   M   F   P   S   T   W   Y   V   A   R   N   D   C   Q   E   G   H   I   L   K   M   F   P   S   T   W   Y   V
    1 M    -2  -2  -3  -4  -3  -1  -3  -4  -3   0   1  -2   9  -1  -4  -3  -2  -3  -2   0    0   0   0   0   0   0   0   0   0   0   2   0  98   0   0   0   0   0   0   0  1.17 0.17
    2 A     4  -2  -1  -2  -1  -1  -1  -1  -2  -2  -3  -1  -2  -3  -1   3   1  -3  -2  -1   59   0   0   0   0   0   0   0   0   0   0   0   0   0   0  36   5   0   0   0  0.53 0.10
    3 G     1  -1  -1  -1  -2  -1  -1   4  -2  -3  -3  -1  -1  -3  -1   3   0  -3  -3  -2   10   1   0   0   0   0   1  41   0   0   1   0   1   0   2  37   5   0   0   0  0.50 0.08
    4 K    -2   1   0   4  -4   2   1  -1  -1  -4  -3   4  -2  -4  -2  -1  -1  -4  -3  -3    0   1   1  32   0  13   4   2   0   0   0  46   0   0   0   0   0   0   0   0  0.57 0.09
    5 A     3  -1  -1  -2  -1  -1  -1  -1  -2   1  -1  -1  -1  -2   0   3   1  -3  -2   0   42   2   0   0   0   0   0   0   0  11   0   0   1   0   4  30   3   0   0   7  0.28 0.06
    6 H    -2   0   0  -1  -4   4   0  -3   8  -4  -4  -1  -2  -3  -3  -1  -2  -3   0  -4    0   1   1   1   0  30   0   0  64   0   0   0   0   0   0   2   0   0   0   0  1.08 0.14
    7 R    -2   4  -2  -3  -2  -1  -2  -1  -2  -3  -2   0  -2  -1  -2  -1  -1  10   0  -3    3  33   0   0   0   0   0   3   1   1   3   1   1   0   1   4   4  45   0   1  1.10 0.12
    8 L    -2  -3  -4  -5  -2  -3  -4  -5  -4   1   5  -3   2   0  -4  -3  -2  -2  -2   0    0   0   0   0   0   0   0   0   0   0 100   0   0   0   0   0   0   0   0   0  0.79 0.11
    9 S     0  -2   2  -1  -2  -1  -1  -1  -2  -2  -3  -1  -2  -3   0   4   4  -4  -2  -2    2   0   9   1   0   0   0   0   0   0   0   0   0   0   4  47  37   0   0   0  0.48 0.09
   10 A     2  -2  -1   0  -2   0   1  -1  -2  -2  -2  -1  -1  -3   5   0   1  -4  -3  -1   31   1   0   6   0   2   8   2   0   0   1   0   2   0  31   2  12   0   0   1  0.51 0.06
   11 E     2  -1  -1   1  -3   1   5  -2  -1  -3  -3   0  -2  -4  -2   0  -1  -4  -3  -2   23   0   0   4   0   1  69   1   0   0   0   0   0   0   0   1   1   0   0   0  0.66 0.10
   12 E    -2  -1  -1   3  -5   2   6  -3  -1  -4  -4   0  -3  -4  -2  -1  -2  -4  -3  -3    0   0   0  17   0   3  80   0   0   0   0   0   0   0   0   0   0   0   0   0  0.94 0.11
   13 R    -2   7  -1  -2  -4   0  -1  -3  -1  -4  -3   2  -2  -4  -3  -2  -2  -4  -3  -3    0  93   0   0   0   0   0   0   0   0   0   7   0   0   0   0   0   0   0   0  1.14 0.13
   14 D     0  -1   3   3  -3   1   3  -1  -1  -3  -3   0  -3  -3  -2   1  -1  -3   0  -3    5   1  18  23   0   1  35   3   0   0   0   1   0   0   0   8   1   0   4   0  0.44 0.05
   15 Q    -1   1  -1  -1  -4   6   2  -2   3  -4  -3   0  -1  -4  -2  -1  -1  -3  -2  -3    1   2   0   1   0  78   4   1  10   0   1   0   0   0   1   0   1   0   0   0  0.85 0.12
   16 L    -1  -2  -3  -4  -2   0  -2  -4  -2   1   4  -2   2   0  -3  -2  -1  -1  -1   2    3   1   0   0   0   5   0   0   1   3  58   0   3   3   0   1   1   1   0  20  0.31 0.05
   17 L    -2  -3  -4  -4  -2  -3  -3  -4  -4   2   4  -3   2   0  -3  -3  -1  -2  -2   2    0   0   0   0   0   0   0   0   0  10  74   0   2   0   0   0   1   0   0  14  0.54 0.07
   18 P    -1  -2  -2  -3  -3  -2  -2  -3  -1  -1   1  -2   3  -2   6   0  -1  -3  -1  -1    0   0   1   0   0   0   0   0   2   0  20   1  18   0  47   8   1   0   2   1  0.78 0.08
   19 N    -2  -1   3   4  -4   0   3  -1   0  -3  -1  -1   0  -3  -2   0  -1  -4  -3  -3    0   0  24  31   0   0  29   1   1   0   6   0   4   0   0   1   1   0   0   0  0.48 0.06
   20 L    -2  -3  -4  -5  -2  -3  -4  -5  -4   1   5  -3   2   0  -4  -3  -2  -2  -2   0    0   0   0   0   0   0   0   0   0   0  98   0   2   0   0   0   0   0   0   0  0.76 0.10
   21 R    -2   5  -1  -2  -4   1   0  -3   1  -4  -3   4  -2  -4  -2  -1  -1  -4  -2  -3    0  54   1   0   0   3   0   0   3   0   0  38   0   0   0   0   1   0   0   0  0.74 0.09
   22 A     4  -2   1  -2  -1  -1  -1   0  -2  -2  -2  -1  -2  -3  -2   1   0  -3  -2  -1   75   0   9   0   0   0   1   1   0   0   0   2   0   0   0   5   5   0   0   1  0.46 0.09
   23 V     3  -2  -1  -2  -1  -1  -2  -1  -2   0  -1  -1   1  -2  -2   1   2  -3  -2   2   34   0   1   0   0   0   0   2   0   0   3   0   4   0   0  14  22   0   0  21  0.22 0.05
   24 G    -1  -2  -1  -2  -3   1  -2   6  -2  -5  -4  -2  -3  -4  -3  -1  -2  -3  -4  -4    0   0   0   0   0  12   0  88   0   0   0   0   0   0   0   0   0   0   0   0  1.14 0.11
   25 W    -4  -4  -5  -6  -4  -3  -4  -4  -4  -4  -3  -4  -3   0  -5  -4  -4  12   1  -4    0   0   0   0   0   0   0   0   0   0   0   0   0   0   0   0   0 100   0   0  3.26 0.22
   26 N     0  -2   3  -1  -2  -1  -1  -1  -1   0  -1  -1   1  -2  -2   2   0  -3  -2   2    5   0  27   1   0   0   3   1   0   3   3   0   9   0   0  21   2   0   0  27  0.18 0.05
   27 E    -1  -1  -1   1  -4   2   6  -2  -1  -4  -3   0  -3  -4  -2  -1  -2  -4  -3  -3    1   0   0   2   0   2  91   1   0   0   1   1   0   0   0   0   0   0   0   2  0.97 0.12
   28 L    -1  -3  -4  -4  -2  -3  -3  -4  -4   2   3  -3   1  -1   1  -2  -1  -3  -2   4    1   0   0   0   0   0   0   0   0   2  35   0   1   0   6   1   1   0   0  53  0.38 0.07
   29 E    -1   0   0   2  -3   1   4   0  -1  -2  -3   0  -2  -3  -2   1   0  -4  -3   0    0   2   2  12   0   2  50   8   0   0   0   1   0   0   0   9   2   0   0  11  0.39 0.06
   30 G    -1  -2   1   3  -4   0   3   4  -2  -4  -4  -1  -3  -4  -2   0  -1  -4  -3  -3    1   0   4  20   0   0  27  46   0   0   0   0   0   0   0   1   2   0   0   0  0.60 0.07
   31 R    -2   7  -1  -2  -4   2  -1  -3  -1  -4  -3   2  -2  -4  -3  -2  -2  -4  -3  -3    0  94   0   0   0   6   0   0   0   0   0   0   0   0   0   0   0   0   0   0  1.14 0.13
   32 D    -3  -3   1   7  -5  -1   1  -2  -2  -4  -5  -2  -4  -5  -2  -1  -2  -5  -4  -4    0   0   2  98   0   0   0   1   0   0   0   0   0   0   0   0   0   0   0   0  1.35 0.13
   33 A     5  -2  -2  -3  -1  -2  -2   0  -3  -2  -2  -2  -2  -3  -2   0  -1  -3  -3   0   93   0   0   0   0   0   0   1   0   0   0   0   0   0   0   0   0   0   0   6  0.66 0.11
   34 I    -2  -4  -4  -4  -2  -3  -4  -4  -4   5   2  -3   1  -1  -3  -3   0  -3  -2   2    0   0   0   0   0   0   0   0   0  83   9   0   0   0   0   0   6   0   0   2  0.62 0.10
   35 F    -3  -3  -3  -4   0  -3  -3  -4   0  -2  -1  -3  -1   6  -4  -3  -3   1   7  -2    0   0   0   0   2   0   0   0   0   0   0   0   0  40   0   0   0   0  58   0  1.09 0.12
   36 K    -2   2  -1  -1  -4   1   0  -2  -1  -4  -3   6  -2  -4  -2  -1  -1  -4  -3  -3    0   5   0   0   0   4   0   0   0   0   0  89   0   0   0   0   0   0   0   0  0.81 0.12
   37 Q    -2  -1  -1   1  -5   3   6  -3  -1  -4  -4   0  -3  -4  -2  -1  -2  -4  -3  -3    0   0   0   1   0  14  85   0   0   0   0   0   0   0   0   0   0   0   0   0  0.98 0.12
   38 F    -3  -3  -4  -4  -3  -4  -4  -4  -2   0   2  -4   0   7  -4  -3  -3   0   2  -1    0   0   0   0   0   0   0   0   0   1  24   0   1  74   0   0   0   0   1   0  0.88 0.11
   39 H    -1  -1   1  -1  -1  -1  -1  -2   7   0  -1  -1  -1  -1  -3   1  -1  -3   0   0    1   0   6   2   1   1   0   0  48  11   7   0   0   1   0  13   3   0   0   5  0.40 0.08
   40 F    -3  -4  -4  -5  -3  -4  -4  -4  -2  -1   0  -4  -1   8  -5  -3  -3   0   2  -2    0   0   0   0   0   0   0   0   0   0   0   0   0 100   0   0   0   0   0   0  1.36 0.15
   41 K    -2   2  -1  -1  -4   1   0  -2  -1  -4  -3   6  -2  -4  -2  -1  -1  -4  -3  -3    0   2   0   0   0   2   1   0   0   0   0  95   0   0   0   0   0   0   0   1  0.88 0.13
   42 D    -1  -2   4   5  -3  -1   0  -2  -1  -3  -3  -1  -3  -4  -2   1   2  -4  -3  -3    0   0  27  42   0   0   0   0   0   0   0   0   0   0   0   7  25   0   0   0  0.60 0.08
   43 F    -3  -4  -4  -5  -3  -4  -4  -4  -2  -1   0  -4  -1   8  -5  -3  -3   0   2  -2    0   0   0   0   0   0   0   0   0   0   0   0   0 100   0   0   0   0   0   0  1.36 0.15
   44 N    -2   0   7   0  -3  -1  -1  -1   0  -1  -4  -1  -3  -4  -3   0  -1  -5  -3  -3    0   4  86   0   0   0   0   0   0   7   0   0   0   0   0   3   0   0   0   0  0.93 0.12
   45 R    -2   3  -1  -1  -4   6   1  -3   0  -4  -3   1  -1  -4  -2  -1  -2   4  -2  -3    0  16   0   0   0  75   1   0   0   0   0   1   0   0   0   0   0   7   0   0  0.88 0.13
   46 A     5  -2  -2  -3  -1  -2  -2  -1  -2  -2  -2  -1  -2  -3  -2   1   0  -3  -3  -1   98   0   0   0   0   0   0   0   0   0   0   0   0   0   0   0   2   0   0   0  0.74 0.12
   47 F    -3  -4  -4  -5  -3  -4  -4  -4  -2   0   0  -4  -1   8  -5  -3  -3   0   2  -1    0   0   0   0   0   0   0   0   0   4   0   0   0  96   0   0   0   0   0   0  1.26 0.14
   48 G    -1  -3  -1  -2  -3  -3  -3   7  -3  -5  -5  -2  -4  -4  -3  -1  -2  -3  -4  -4    0   0   0   0   0   0   0 100   0   0   0   0   0   0   0   0   0   0   0   0  1.41 0.12
   49 F    -3  -4  -4  -5  -3  -4  -4  -4  -2  -1   0  -4  -1   8  -5  -3  -3   0   2  -2    0   0   0   0   0   0   0   0   0   0   0   0   0 100   0   0   0   0   0   0  1.36 0.15
   50 M    -2  -2  -3  -4  -2  -1  -3  -4  -3   0   1  -2   9  -1  -4  -3  -2  -3  -2   0    0   0   0   0   0   0   0   0   0   0   0   0  96   0   0   0   0   0   0   4  1.13 0.17
   51 T     0  -2   0  -1   0  -1  -1  -2  -2  -2  -2  -1   1  -3  -2   4   4  -3  -2  -1    0   0   0   0   1   0   0   0   0   0   0   0   9   0   0  49  41   0   0   0  0.49 0.09
   52 R    -2   7  -1  -3  -4   0  -1  -3  -1  -4  -3   2  -2  -4  -3  -2  -2  -4  -3  -4    0  99   0   0   0   0   0   0   0   0   0   1   0   0   0   0   0   0   0   0  1.23 0.14
   53 V    -1  -3  -4  -4  -2  -3  -3  -4  -4   2   0  -3   0  -2  -3  -2  -1  -4  -2   6    1   0   0   0   0   0   0   0   0   2   0   0   0   0   0   0   0   0   0  96  0.71 0.12
   54 A     5  -2  -2  -3  -1  -2  -2   0  -2  -2  -2  -2  -2  -3  -2   1  -1  -3  -3  -1   99   0   0   0   0   0   0   1   0   0   0   0   0   0   0   0   0   0   0   0  0.74 0.12
   55 L    -2  -3  -4  -5  -2  -3  -4  -5  -4   1   5  -3   2   0  -4  -3  -2  -2  -2   0    0   0   0   0   0   0   0   0   0   0 100   0   0   0   0   0   0   0   0   0  0.77 0.11
   56 Q    -2   0  -1  -1  -4   7   1  -3   0  -4  -3   1  -1  -4  -2  -1  -2  -3  -2  -3    0   1   0   0   0  95   1   0   1   0   1   1   0   0   0   0   0   0   0   0  1.14 0.15
   57 A     5  -2  -2  -3  -1  -2  -2  -1  -2  -2  -2  -1  -2  -3  -2   1  -1  -3  -3  -1   98   0   0   0   0   0   0   0   0   0   0   0   0   0   0   2   0   0   0   0  0.73 0.12
   58 E    -2  -1  -1   1  -5   2   6  -3  -1  -4  -4   0  -3  -4  -2  -1  -2  -4  -3  -3    0   0   0   0   0   3  97   0   0   0   0   0   0   0   0   0   0   0   0   0  1.11 0.13
   59 K    -2   2  -1  -2  -4   1   0  -2  -2  -4  -3   6  -2  -4  -2  -1  -1  -4  -3  -3    0   3   0   0   0   0   0   0   0   0   0  97   0   0   0   0   0   0   0   0  0.92 0.13
   60 L    -2  -2  -3  -4  -2  -2  -3  -4  -3   1   3  -3   7  -1  -4  -3  -2  -2  -2   0    0   0   0   0   0   0   0   0   0   2  28   0  70   0   0   0   0   0   0   0  0.79 0.13
   61 D    -2  -2   6   5  -4  -1   0   0  -1  -4  -4  -1  -3  -4  -3   0  -1  -5  -3  -4    0   0  55  39   0   0   0   5   0   0   0   0   0   0   0   1   0   0   0   0  0.86 0.10
   62 H    -2  -1   0  -2  -4   0  -1  -3   9  -4  -4  -2  -3  -2  -3  -1  -2  -3   2  -4    0   0   0   0   0   0   0   0  91   0   0   0   0   0   0   5   0   0   4   0  1.49 0.16
   63 H    -2  -1   0  -2  -4   0  -1  -3  10  -4  -4  -2  -3  -2  -3  -1  -3  -4   1  -4    0   0   0   0   0   0   0   0  95   0   0   0   0   0   0   5   0   0   0   0  1.59 0.17
   64 P    -1  -3  -3  -2  -4  -2  -2  -3  -3  -4  -4  -2  -3  -5   8  -2  -2  -5  -4  -3    5   0   0   0   0   0   0   0   0   0   0   0   0   0  95   0   0   0   0   0  2.23 0.15
   65 E    -2   1  -1   1  -5   1   6  -3  -1  -4  -4   0  -3  -4  -2  -1  -2  -4  -3  -3    0   5   0   0   0   1  94   0   0   0   0   0   0   0   0   0   0   0   0   0  1.05 0.13
   66 W    -4  -3  -5  -5  -4  -3  -4  -4  -4  -4  -3  -1  -3   0  -5  -4  -4  12   1  -4    0   0   0   0   0   0   0   0   0   0   0   5   0   0   0   0   0  95   0   0  3.00 0.21
   67 F    -3  -3  -4  -4  -2  -4  -4  -4  -2  -1   0  -1  -1   8  -4  -2  -3   0   2  -2    1   0   0   0   1   0   0   0   0   0   1   5   0  91   0   2   0   0   0   0  1.08 0.13
   68 N    -2  -1   7   1  -3  -1  -1  -1   0  -4  -4  -1  -3  -4  -3   1  -1  -5  -3  -4    0   0  90   0   0   0   0   0   1   0   0   0   0   0   0   9   0   0   0   0  1.09 0.13
   69 V    -1  -3  -4  -4  -2  -3  -3  -2  -4   2   1  -3   1  -1  -3  -2  -1  -4  -2   5    1   0   0   0   0   0   0   4   0   3   5   0   3   0   0   0   1   0   0  84  0.53 0.10
   70 Y    -3  -3  -3  -4  -4  -3  -3  -4   1  -2  -2  -3  -2   3  -4  -3  -3   1   8  -2    0   0   0   0   0   0   0   0   0   0   0   0   0   5   0   0   0   0  95   0  1.47 0.16
   71 N    -2  -1   7   1  -3  -1  -1  -1   1  -4  -4  -1  -3  -3  -3   1  -1  -4   0  -4    0   0  78   4   0   0   0   0   3   0   0   0   0   0   0  10   0   0   5   0  0.85 0.11
   72 K    -2   1  -1  -1  -4   1   1  -2  -1  -4  -3   6  -2  -4  -2  -1  -1  -4  -3  -3    0   0   0   0   0   0   5   0   0   0   0  95   0   0   0   0   0   0   0   0  0.89 0.13
   73 V     0  -3  -4  -4  -1  -3  -3  -4  -4   2   0  -3   0  -2  -3  -2  -1  -4  -2   5    9   0   0   0   0   0   0   0   0   5   0   0   0   0   0   0   0   0   0  87  0.58 0.10
   74 H    -2   0  -1  -1  -4   6   1  -3   6  -4  -3   0  -2  -3  -2  -1  -2  -3  -1  -3    0   0   0   0   0  67   0   0  33   0   0   0   0   0   0   0   0   0   0   0  0.97 0.13
   75 I    -2  -4  -4  -4  -2  -4  -4  -5  -4   6   1  -4   1  -1  -4  -3  -1  -4  -2   3    0   0   0   0   0   0   0   0   0  93   0   0   0   0   0   0   0   0   0   7  0.77 0.12
   76 T    -1  -2  -1  -2  -2  -2  -2  -3  -3  -1  -2  -2  -1  -3  -2   1   6  -3  -3  -1    0   0   0   0   0   0   0   0   0   1   0   0   0   0   0   0  99   0   0   0  0.92 0.14
   77 L    -2  -3  -4  -5  -2  -3  -4  -5  -4   1   5  -3   2   0  -4  -3  -2  -2  -2   0    0   0   0   0   0   0   0   0   0   0 100   0   0   0   0   0   0   0   0   0  0.77 0.11
   78 S     0  -2   0  -1  -2  -1  -1  -2  -2   0  -1  -1  -1  -3  -2   4   4  -3  -2  -1    0   0   0   0   0   0   0   0   0   8   2   0   0   0   0  48  42   0   0   0  0.46 0.09
   79 T     0  -2  -1  -2  -2  -1  -1  -2  -2  -2  -2  -1  -2  -3  -2   3   5  -3  -2  -1    4   0   0   0   0   0   0   0   0   0   0   0   0   0   0  25  71   0   0   0  0.64 0.11
   80 H    -3   0   0  -2   1   0  -1  -3   9  -4  -4  -2  -3  -2  -3  -2  -3  -3   1  -4    0   3   0   0   4   0   0   0  93   0   0   0   0   0   0   0   0   0   0   0  1.53 0.17
   81 E    -1  -2   0   6  -4   0   3  -2  -1  -4  -4  -1  -3  -4  -2  -1  -2  -5  -3  -4    4   0   0  68   0   0  27   0   0   0   0   0   0   0   0   1   0   0   0   0  0.92 0.10
   82 C    -1  -3  -4  -5  10  -4  -5  -4  -4  -2  -2  -4  -2  -3  -4  -2  -2  -3  -1  -2    0   1   0   0  95   0   0   0   0   0   0   0   0   0   0   1   0   0   3   0  1.94 0.17
   83 A     2  -3   0  -2  -3  -2  -2   6  -3  -4  -4  -2  -3  -4  -3   0  -2  -3  -4  -3   18   0   2   0   0   0   0  79   0   0   0   0   0   0   0   1   0   0   0   0  0.98 0.09
   84 G     0  -3  -1  -2  -3  -2  -2   6  -3  -5  -5  -2  -3  -4  -3  -1  -2  -3  -4  -4    1   0   0   0   0   2   1  96   0   0   0   0   0   0   0   0   0   0   0   0  1.30 0.11
   85 L    -2  -3  -4  -5  -2  -3  -4  -5  -4   1   5  -3   2   0  -4  -3  -2  -2  -2   0    0   0   0   0   0   0   0   0   0   1  98   0   0   0   0   0   0   0   0   1  0.74 0.10
   86 S     0  -2   0  -1  -2  -1  -1  -1  -2  -2  -2  -1  -2  -3  -2   5   3  -3  -2  -1    0   0   0   0   0   0   0   0   0   0   4   0   0   0   0  71  22   0   0   3  0.53 0.10
   87 E    -1   2  -1   0  -4   3   3  -2   1  -4  -3   4  -2  -4  -2  -1  -1  -3  -2  -3    0   5   0   0   0  13  29   0   3   0   0  50   0   0   0   0   0   0   0   0  0.58 0.08
   88 R    -2   6   0  -2  -4   1  -1  -3  -1  -3  -1   2  -2  -3  -3  -1  -2   2  -2  -3    0  72   2   0   0   3   0   0   1   0   6  12   0   0   0   0   0   4   0   0  0.76 0.10
   89 D    -3  -2   1   7  -5  -1   1  -2  -2  -4  -5  -1  -4  -5  -2  -1  -2  -5  -4  -4    0   0   4  96   0   0   0   0   0   0   0   0   0   0   0   0   0   0   0   0  1.32 0.13
   90 I    -1  -4  -4  -4  -2  -3  -4  -4  -4   5   1  -3   0  -1  -3  -3  -1  -3  -2   4    1   0   0   0   0   0   0   0   0  54   0   0   0   1   0   0   0   0   0  45  0.57 0.09
   91 N    -1   2   3   0  -3   0   0  -2  -1  -3  -3   4  -2  -4  -2   0   1  -4  -2  -3    1   7  25   1   0   1   0   0   0   0   0  50   0   0   0   2  13   0   0   0  0.46 0.07
   92 L    -2  -3  -4  -4  -2  -2  -3  -4  -3   1   5  -3   4   0  -4  -3  -2  -2  -2   0    0   0   0   0   0   0   0   0   0   0  83   0  17   0   0   0   0   0   0   0  0.67 0.09
   93 A     5  -2  -2  -3  -1  -2  -2  -1  -2  -2  -2  -2  -2  -3  -2   0  -1  -3  -3   0   96   0   0   0   0   0   0   0   0   0   0   0   0   0   0   0   0   0   0   4  0.70 0.12
   94 S     0   1   0  -1  -3   2   0  -1  -1  -3  -3   3  -2  -3  -2   2   2  -3  -2  -2    0   1   3   1   0  14   0   1   0   0   0  39   0   0   0  25  15   0   0   0  0.37 0.06
   95 F    -3  -4  -4  -5  -3  -4  -4  -4  -2  -1   0  -4  -1   8  -5  -3  -3   0   3  -2    0   0   0   0   0   0   0   0   0   0   1   0   0  98   0   0   0   0   1   0  1.32 0.14
   96 I    -2  -4  -4  -4  -2  -4  -4  -5  -4   6   1  -4   1  -1  -4  -3  -1  -4  -2   2    0   0   0   0   0   0   0   0   0  98   0   0   2   0   0   0   1   0   0   0  0.80 0.12
   97 E    -2  -1   0   5  -4   0   5  -2  -1  -4  -4   0  -3  -4  -2  -1  -2  -4  -3  -4    0   0   1  50   0   0  49   0   0   0   0   0   0   0   0   0   0   0   0   0  0.91 0.10
   98 Q    -1   2   0  -1  -4   5   1  -2  -1  -3  -3   4  -2  -4  -2  -1  -1  -3  -2  -3    0   3   2   0   0  45   3   0   0   0   0  45   0   0   0   0   2   0   0   0  0.66 0.10
   99 V     3  -3  -3  -3  -1  -2  -2  -2  -3   2   0  -2   0  -2  -2  -1   0  -3  -2   3   40   0   0   0   0   0   0   0   0  15   3   0   1   0   0   1   1   0   0  39  0.30 0.06
  100 A     4  -2  -1  -2  -1  -1  -1  -1  -2  -2  -2  -1  -1  -3  -1   2   0  -3  -2   0   70   0   0   0   0   0   0   0   0   0   0   0   1   0   0  20   2   0   0   4  0.46 0.08
  101 V     2  -2  -2  -3  -1  -2  -2  -2  -3   1   2  -2   1  -1  -2   0   0  -3  -2   2   36   0   2   0   0   0   0   0   0   2  27   0   1   0   1   1   2   0   0  27  0.22 0.05
  102 S     1  -1   0  -1  -1  -1  -1  -1  -2  -3  -3  -1  -2  -3  -1   5   2  -4  -2  -2    3   0   2   0   1   0   0   0   0   0   0   0   0   0   1  81  13   0   0   0  0.59 0.09
  103 M    -1  -2  -3  -4  -2  -2  -3  -4  -3   2   2  -2   5  -1  -3  -2  -1  -3  -2   3    1   0   0   0   0   0   0   0   0   6  19   1  40   0   0   0   0   0   0  34  0.41 0.07
  104 T     2  -1   2  -1  -1  -1  -1  -1  -1  -2  -2  -1  -1  -3  -1   3   3  -3  -2  -1   17   0  10   0   0   0   0   0   0   0   0   0   0   0   0  38  35   0   0   0  0.33 0.01

                      K         Lambda
Standard Ungapped    0.1344     0.3231
Standard Gapped      0.0510     0.2670
PSI Ungapped         0.1667     0.3180
PSI Gapped           0.0510     0.2670
