
Last position-specific scoring matrix computed, weighted observed percentages rounded down, information per position, and relative weight of gapless real matches to pseudocounts
            A   R   N   D   C   Q   E   G   H   I   L   K   M   F   P   S   T   W   Y   V   A   R   N   D   C   Q   E   G   H   I   L   K   M   F   P   S   T   W   Y   V
    1 M    -1  -2  -3  -4  -2  -1  -2  -3  -2   1   2  -2   6   0  -3  -2  -1  -2  -1   1    0   0   0   0   0   0   0   0   0   0   4   0  84   0   0   0   0   0   0  12  0.43 0.03
    2 A     3  -2  -1  -2  -1  -1  -1   2  -1  -2  -2  -1  -1  -3  -1   1   2  -3  -2  -1   50   0   0   0   0   0   0  18   2   0   0   0   0   0   0   4  25   0   0   2  0.33 0.03
    3 A     2  -2  -1   0   0   0   0   3  -2  -2  -2  -1  -1  -3   0   1   1  -3  -2  -1   31   0   0   3   3   4   4  26   0   1   0   0   1   0   4  13  10   0   0   2  0.26 0.02
    4 A     2  -1   0  -1  -1  -1   0   1  -2  -1  -2   0  -1  -3   1   1   1  -3  -2   0   37   0   2   2   0   0   4  10   0   1   1   6   0   0   6  12   9   0   0   9  0.19 0.02
    5 A     2  -1   0   0  -1   0   1   2  -2  -2  -2   0  -2  -2   2   2   1  -3  -2  -1   20   3   2   3   1   1   9  15   0   0   0   2   0   1   9  22   7   0   0   6  0.21 0.02
    6 A     1  -1   2   0  -1  -1   0   2  -1  -1  -2  -1  -1  -3   0   2   1  -3  -2  -1   18   2  12   3   1   0   6  14   1   1   3   1   0   0   2  22   9   0   0   7  0.17 0.02
    7 A     2  -1   0   0  -1  -1  -1   1  -1  -1  -2  -1  -1  -3   4   1   1  -1  -2   0   23   2   4   4   1   1   3  11   1   1   1   0   0   0  20   9   9   1   1  10  0.25 0.02
    8 G     0   1   2   0  -3   1   0   2   0  -2  -3   2  -2  -3   1   0  -1  -3  -2  -2    4   4  19   3   0   5   2  19   2   2   1  21   0   0   8   7   1   0   0   1  0.25 0.02
    9 A     1   0  -1  -1  -1  -1  -1   0  -1  -2  -2   0  -1  -3   5   1   0  -3  -2  -2   11   8   1   1   1   1   1   5   1   1   4   3   1   0  39  16   5   0   1   1  0.57 0.03
   10 G     0   0   4   0  -1   0   0   3   0  -3  -3   0  -2  -3   0   0   0  -3  -2  -2    6   3  32   2   1   3   4  26   1   1   0   4   1   1   5   3   6   0   0   2  0.29 0.03
   11 P     2  -1  -1  -2   1  -1  -1   0  -1   0  -1  -1  -1  -2   3   1   1  -3  -2   1   29   1   0   0   4   3   0   6   1   4   2   1   0   0  14   9  11   0   1  15  0.20 0.02
   12 E    -1  -1  -1   1  -4   1   6  -3  -1  -4  -3   0  -3  -4  -2   0  -1   1  -3  -2    0   0   0   0   0   1  93   0   0   0   0   0   0   0   0   2   1   2   0   2  0.90 0.08
   13 M     0  -2  -2  -3   0  -2  -2  -3  -3   3   1  -2   2  -1  -2   0   1  -3  -1   2    1   0   0   0   2   1   1   0   0  28  12   1   7   1   0  14   8   0   1  23  0.17 0.02
   14 V    -1  -3  -3  -3  -1  -3  -3  -4  -4   3   1  -3   0  -1  -3  -2  -1  -3  -2   5    0   0   0   1   0   0   0   0   0  10   3   0   0   0   0   0   0   0   0  86  0.51 0.06
   15 R    -2   6  -1  -2  -4   1   0  -3  -1  -3  -3   3  -2  -3  -2  -1  -1  -3  -2  -3    0  73   0   0   0   0   0   0   0   0   0  24   0   0   0   1   0   0   0   0  0.82 0.07
   16 G     0  -3   0  -2  -1  -2  -2   6  -2  -4  -3  -2  -3  -4  -3   0  -2  -3  -3  -3    1   0   1   0   1   0   1  89   0   0   2   0   0   0   0   2   1   0   0   0  1.05 0.07
   17 Q    -1   0  -1  -1  -4   7   1  -3   1  -3  -3   1  -1  -4  -2  -1  -1  -3  -2  -3    0   0   0   0   0  95   0   0   2   2   0   0   0   0   0   0   0   0   0   0  0.96 0.10
   18 V     1  -2   0  -2  -1  -1  -1  -1  -2   2   1  -2   1  -1  -1   0   0  -3  -2   2   19   0   5   2   1   1   2   2   0  25   5   0   3   1   2   3   5   0   0  26  0.11 0.02
   19 F    -3  -3  -4  -4  -3  -4  -4  -4  -2  -1   0  -4  -1   7  -4  -2  -3   0   3  -1    0   0   0   0   0   0   0   0   0   0   0   0   0  96   0   2   0   0   0   0  1.10 0.09
   20 D    -1  -1   0   4  -4   1   4  -2  -1  -3  -3   0  -2  -4  -2   0  -1  -4  -3  -3    1   0   2  38   0   0  53   0   0   0   1   1   1   0   0   2   1   0   0   0  0.70 0.06
   21 V    -1  -3  -3  -4   0  -3  -3  -4  -4   2   0  -3   0  -1  -3  -2   0  -3  -2   5    1   0   0   0   1   0   0   0   0   1   0   0   0   0   0   0   1   0   0  95  0.56 0.07
   22 G     0  -3  -1  -2  -3  -2  -3   6  -1  -4  -4  -2  -3  -4  -3  -1  -2  -3  -3  -4    5   0   0   0   0   0   0  93   1   0   0   1   0   0   0   0   0   0   0   0  1.15 0.07
   23 P    -1  -3  -3  -2  -4  -2  -2  -3  -3  -4  -4  -2  -3  -5   8  -1  -2  -5  -4  -3    0   0   0   0   0   0   0   0   0   0   0   0   0   0 100   0   0   0   0   0  2.29 0.10
   24 R    -2   7  -1  -2  -3   1  -1  -3  -1  -4  -3   2  -2  -4  -3  -1  -2  -3  -2  -3    0  99   0   0   1   0   0   0   0   0   0   1   0   0   0   0   0   0   0   0  1.06 0.09
   25 Y    -3  -2  -3  -4  -3  -2  -3  -4   1  -2  -1  -3  -2   3  -4  -2  -2   2   8  -2    0   0   0   0   0   1   0   0   0   0   1   0   0   0   0   0   0   0  97   0  1.29 0.10
   26 T     0  -1   0  -1  -1  -1  -1  -2  -1  -1  -2  -1  -1  -2  -2   2   5  -3  -2   0    3   2   1   0   0   0   0   1   2   1   0   1   0   0   0  13  71   0   0   6  0.45 0.06
   27 N    -2  -1   6   2  -2   0   0  -1   1  -4  -4   0  -3  -4  -1   1   0  -4  -3  -3    0   0  77   7   1   2   3   1   2   0   0   1   0   0   1   6   1   0   0   0  0.74 0.07
   28 L    -2  -3  -4  -4  -2  -3  -3  -4  -3   1   5  -3   2   0  -4  -3  -2  -2  -2   1    0   0   0   0   0   0   0   0   0   0  99   0   0   0   0   0   0   0   0   1  0.65 0.06
   29 S     2  -1   0  -1   0   1   0  -1  -1  -2  -1   0  -1  -3  -1   3   1  -3  -2  -1   30   0   1   0   1  11   1   0   0   1   4   1   1   0   0  41   6   0   0   2  0.26 0.03
   30 Y    -2  -2  -2  -4  -3  -2  -3  -4   1  -2  -2  -3  -2   3  -4  -2  -2   2   8  -2    0   0   1   0   0   0   0   0   1   0   0   0   0   0   0   0   0   0  97   0  1.27 0.10
   31 I    -2  -3  -4  -4  -2  -3  -4  -4  -4   5   1  -3   2  -1  -2  -2  -1  -3  -2   2    0   0   0   0   0   0   0   0   0  87   0   0   8   0   1   1   0   0   0   2  0.54 0.06
   32 G     0  -3  -1  -2  -3  -2  -2   6  -3  -4  -4  -2  -3  -4  -3  -1  -2  -3  -4  -4    0   0   0   0   0   0   1  98   0   0   0   0   0   0   0   0   0   0   0   0  1.22 0.07
   33 E    -1  -1  -1   1  -4   1   6  -3  -1  -4  -4   0  -3  -4  -2  -1  -1  -4  -3  -3    0   0   0   0   0   0  99   0   0   0   0   0   0   0   0   0   0   0   0   0  0.98 0.08
   34 G     0  -3  -1  -2  -3  -2  -3   6  -3  -4  -4  -2  -3  -4  -2  -1  -2  -3  -4  -4    0   0   1   0   0   0   0  97   0   0   0   0   0   0   1   0   0   0   0   0  1.20 0.07
   35 A     5  -2  -2  -2  -1  -1  -1   0  -2  -2  -2  -1  -1  -3  -1   1   0  -3  -2  -1   97   0   0   0   0   0   0   1   0   0   0   0   0   0   0   1   0   0   0   0  0.60 0.07
   36 Y    -2  -2  -3  -4  -3  -2  -3  -4   1  -2  -2  -2  -2   3  -2  -2  -2   2   8  -2    0   0   0   0   0   0   0   0   0   0   0   0   0   0   1   0   0   0  97   0  1.24 0.09
   37 G     0  -3  -1  -2  -3  -2  -3   6  -3  -4  -4  -2  -3  -4  -3  -1  -2  -3  -4  -4    1   0   0   0   0   0   0  97   0   0   0   0   0   0   0   0   0   0   0   0  1.20 0.07
   38 M    -2  -2  -3  -4  -2  -1  -3  -3  -2   1   2  -2   8  -1  -3  -2  -1  -2  -2   0    0   0   0   0   0   0   0   1   0   1   1   0  96   0   0   0   0   0   0   1  0.85 0.10
   39 V    -1  -3  -3  -4  -1  -3  -3  -4  -3   2   0  -3   0  -1  -3  -2  -1  -4  -2   5    0   0   0   0   0   0   1   0   1   0   0   0   0   0   0   1   0   0   0  98  0.57 0.07
   40 C     0  -3  -3  -4   7  -3  -3  -3  -3   1   0  -3   0  -2  -3  -1  -1  -3  -2   4    2   1   0   0  35   0   0   0   0   1   0   0   0   0   0   1   0   0   0  57  0.55 0.06
   41 S     1  -1   0  -1  -1  -1  -1  -1  -1  -3  -3  -1  -2  -3  -1   5   1  -3  -2  -2    4   0   0   0   0   0   0   0   0   1   0   0   0   0   0  95   0   0   0   0  0.64 0.07
   42 A     5  -2  -2  -2  -1  -1  -1   0  -2  -2  -2  -1  -1  -3  -1   1   0  -3  -2  -1   99   0   0   0   0   0   0   0   0   0   0   0   0   0   0   0   1   0   0   1  0.61 0.07
   43 Y    -2  -1  -1  -2  -2   0  -2  -3   2   0   1  -2   1   2  -3  -1   0   0   5   0    0   1   3   1   0   4   1   0   6   1  18   0   4   7   0   1   9   0  40   3  0.31 0.03
   44 D    -2  -2   1   7  -2  -1   1  -2  -2  -4  -4  -1  -4  -4  -2  -1  -2  -5  -4  -4    0   0   1  96   1   0   2   0   0   0   0   0   0   0   0   0   0   0   0   0  1.16 0.08
   45 N    -1   1   5   0  -3   0  -1  -1   2  -3  -3   0  -2  -3  -2   1   2  -4  -2  -2    1  10  60   1   0   1   1   2   5   0   0   0   0   0   0   4  16   0   0   1  0.51 0.05
   46 V    -1  -2  -2   0  -1   0   0  -3   0   2   1  -1   1  -1  -2  -1   0   1  -1   3    2   0   1   8   1   3   7   1   4   6   8   2   2   0   0   1   2   2   0  48  0.11 0.02
   47 N    -1  -1   3   0  -2  -1  -1  -2  -1  -2  -2   0  -1  -3  -2   1   5  -3  -2  -1    1   2  22   1   0   0   1   0   1   0   0   3   1   0   0   2  66   0   0   0  0.46 0.05
   48 K    -1   1   2   0  -3   1   0   0   0  -3  -3   4  -1  -3  -2   0  -1  -3  -2  -3    0   3  15   4   0   3   1   7   2   0   2  57   1   0   0   3   1   0   0   1  0.37 0.04
   49 V     0  -1   0  -1  -1   2   1  -2   0   1  -1   0   0  -2  -2   1   3  -3  -2   1    4   1   1   0   1  19   7   0   2  10   2   1   0   0   0   5  34   0   0  13  0.17 0.03
   50 R    -2   5  -1  -2  -4   1   0  -2  -1  -3  -3   4  -2  -4  -2  -1  -1  -3  -2  -3    0  47   0   0   0   0   0   0   0   0   0  53   0   0   0   0   0   0   0   0  0.71 0.06
   51 V    -1  -3  -4  -4   0  -3  -3  -4  -4   2   0  -3   1  -1  -3  -2  -1  -4  -2   5    1   0   0   0   1   0   0   0   0   0   0   0   1   0   0   0   0   0   0  98  0.57 0.07
   52 A     5  -2  -2  -2  -1  -1  -1   0  -2  -2  -2  -1  -1  -3  -1   1  -1  -3  -2  -1  100   0   0   0   0   0   0   0   0   0   0   0   0   0   0   0   0   0   0   0  0.63 0.07
   53 I    -2  -4  -4  -4  -2  -3  -4  -5  -4   6   1  -3   1  -1  -3  -3  -1  -3  -2   2    0   0   0   0   0   0   0   0   0  99   0   0   0   0   0   0   0   0   0   1  0.67 0.07
   54 K    -1   2  -1  -1  -4   1   0  -2  -1  -3  -3   6  -2  -4  -2  -1  -1  -4  -2  -3    0   0   0   0   0   0   0   0   0   0   0 100   0   0   0   0   0   0   0   0  0.80 0.08
   55 K    -1   2  -1  -1  -4   1   0  -2  -1  -3  -3   6  -2  -4  -2  -1  -1  -4  -2  -3    0   0   0   0   0   0   0   0   0   0   0 100   0   0   0   0   0   0   0   0  0.80 0.08
   56 I    -2  -4  -4  -4  -2  -3  -4  -5  -4   6   1  -3   1  -1  -3  -3  -1  -3  -2   2    0   0   0   0   0   0   0   0   0 100   0   0   0   0   0   0   0   0   0   0  0.68 0.07
   57 S     1  -1   0  -1  -1  -1  -1  -1  -1  -3  -3  -1  -2  -3  -1   5   1  -4  -2  -2    0   0   0   0   0   0   0   0   0   0   0   0   0   0   0 100   0   0   0   0  0.70 0.08
   58 P    -1  -3  -3  -2  -4  -2  -2  -3  -3  -4  -4  -2  -3  -5   8  -1  -2  -5  -4  -3    0   0   0   0   0   0   0   0   0   0   0   0   0   0 100   0   0   0   0   0  2.28 0.09
   59 F    -3  -4  -4  -4  -3  -4  -4  -4  -2  -1   0  -4  -1   8  -4  -3  -3   0   3  -1    0   0   0   0   0   0   0   0   0   0   0   0   0 100   0   0   0   0   0   0  1.15 0.09
   60 E    -1  -1  -1   1  -4   2   6  -3  -1  -4  -4   0  -3  -4  -2  -1  -1  -4  -3  -3    0   0   0   1   0   2  97   0   0   0   0   0   0   0   0   0   0   0   0   0  0.97 0.08
   61 H    -2  -1   0  -2  -4   0  -1  -3   9  -4  -4  -1  -2  -2  -3  -2  -2  -3   1  -4    0   1   1   0   0   0   0   0  98   0   0   0   0   0   0   0   0   0   0   0  1.41 0.10
   62 Q    -1   0  -1  -1  -4   7   1  -3   0  -4  -3   1  -1  -4  -2  -1  -1  -3  -2  -3    0   0   0   0   0 100   0   0   0   0   0   0   0   0   0   0   0   0   0   0  1.03 0.10
   63 T    -1  -2  -1  -2  -1  -1  -1  -2  -2  -1  -2  -1  -1  -3  -2   1   6  -3  -2  -1    0   0   0   0   0   0   0   0   0   1   0   0   0   0   0   0  99   0   0   0  0.76 0.08
   64 Y    -3  -2  -3  -4  -3  -2  -3  -4   1  -2  -2  -3  -2   3  -4  -2  -2   2   8  -2    0   0   0   0   0   0   0   0   0   0   0   0   0   2   0   0   0   0  98   0  1.31 0.10
   65 C    -1  -4  -3  -4  10  -3  -4  -3  -4  -2  -2  -4  -2  -3  -3   0  -1  -3  -3  -2    0   0   0   0  93   0   0   0   0   0   0   0   0   0   0   7   0   0   0   0  1.64 0.10
   66 Q    -1   0  -1  -1  -4   7   1  -3   0  -4  -3   1  -1  -4  -2  -1  -1  -3  -2  -3    0   0   0   0   0 100   0   0   0   0   0   0   0   0   0   0   0   0   0   0  1.03 0.10
   67 R    -2   7  -1  -2  -4   1  -1  -3  -1  -4  -3   2  -2  -4  -3  -1  -2  -3  -2  -3    0 100   0   0   0   0   0   0   0   0   0   0   0   0   0   0   0   0   0   0  1.08 0.08
   68 T     0  -2  -1  -2  -1  -1  -1  -2  -2  -1  -2  -1  -1  -3  -2   1   6  -3  -2  -1    2   0   0   0   0   0   0   0   0   0   0   0   0   0   0   0  98   0   0   0  0.75 0.08
   69 L    -2  -3  -4  -4  -2  -3  -4  -4  -3   1   5  -3   2   0  -4  -3  -2  -2  -2   0    0   0   0   0   0   0   0   0   0   0 100   0   0   0   0   0   0   0   0   0  0.66 0.06
   70 R    -2   7  -1  -2  -4   1  -1  -3  -1  -4  -3   2  -2  -4  -3  -1  -2  -3  -2  -3    0 100   0   0   0   0   0   0   0   0   0   0   0   0   0   0   0   0   0   0  1.08 0.08
   71 E    -1  -1  -1   1  -4   2   6  -3  -1  -4  -4   0  -3  -4  -2  -1  -1  -4  -3  -3    0   0   0   0   0   0 100   0   0   0   0   0   0   0   0   0   0   0   0   0  1.01 0.08
   72 I    -2  -4  -4  -4  -2  -3  -4  -5  -4   6   1  -3   1  -1  -3  -3  -1  -3  -2   2    0   0   0   0   0   0   0   0   0 100   0   0   0   0   0   0   0   0   0   0  0.68 0.07
   73 K    -1   2  -1  -1  -4   1   0  -2  -1  -3  -3   6  -2  -4  -2  -1  -1  -4  -2  -3    0   1   0   0   0   1   0   0   0   0   0  97   0   0   0   0   1   0   0   0  0.77 0.08
   74 I    -2  -4  -4  -4  -2  -3  -4  -5  -4   6   1  -3   1  -1  -3  -3  -1  -3  -2   2    0   0   0   0   0   0   0   0   0 100   0   0   0   0   0   0   0   0   0   0  0.68 0.07
   75 L    -2  -3  -4  -4  -2  -3  -4  -4  -3   1   5  -3   2   0  -4  -3  -2  -2  -2   0    0   0   0   0   0   0   0   0   0   0 100   0   0   0   0   0   0   0   0   0  0.66 0.06
   76 L    -1  -1  -1  -2  -2  -1  -2  -3  -2   0   2  -1   0  -1  -2   0   4  -3  -2   0    1   4   2   0   0   0   0   0   0   0  36   0   1   0   0   1  55   0   0   0  0.31 0.05
   77 R    -2   7  -1  -2  -2   1  -1  -3   0  -4  -3   2  -2  -4  -3  -1  -2  -3  -2  -3    0  97   0   0   1   1   0   0   1   0   0   0   0   0   0   0   0   0   0   0  1.02 0.08
   78 F    -3  -4  -4  -4  -3  -4  -4  -4  -2  -1   0  -4   0   7  -4  -3  -3   0   3  -1    0   0   0   0   0   0   0   0   0   0   1   0   0  99   0   0   0   0   0   0  1.13 0.08
   79 R    -1   3   1  -1  -4   1   0  -2   2  -3  -3   5  -2  -3  -2  -1  -1  -4  -2  -3    0  21   7   0   0   0   0   0   6   0   0  66   0   0   0   1   0   0   0   0  0.57 0.05
   80 H    -2  -1   0  -2  -4   0  -1  -3   9  -4  -4  -1  -2  -2  -3  -2  -2  -3   1  -4    0   0   0   0   0   0   0   0 100   0   0   0   0   0   0   0   0   0   0   0  1.46 0.11
   81 E    -1  -1  -1   1  -4   2   6  -3  -1  -4  -4   0  -3  -4  -2  -1  -1  -4  -3  -3    0   0   0   0   0   0 100   0   0   0   0   0   0   0   0   0   0   0   0   0  1.01 0.08
   82 N    -2  -1   7   1  -3  -1  -1  -1   0  -4  -4  -1  -3  -4  -3   0  -1  -5  -3  -4    0   0 100   0   0   0   0   0   0   0   0   0   0   0   0   0   0   0   0   0  1.09 0.09
   83 I    -2  -4  -4  -4  -2  -3  -4  -4  -2   5   1  -3   1  -1  -3  -3  -1  -3  -2   3    0   0   0   0   0   0   0   0   1  94   0   0   0   0   0   0   0   0   0   5  0.61 0.07
   84 I    -2  -3  -4  -4  -2  -3  -4  -5  -4   6   1  -3   1  -1  -3  -3  -1  -3  -2   2    0   1   0   0   0   0   0   0   0  99   0   0   0   0   0   0   0   0   0   0  0.65 0.07
   85 G    -1  -2   2   5  -3  -1   0   4  -1  -4  -4  -1  -3  -4  -2   0  -1  -4  -3  -4    0   0  11  50   0   0   0  36   1   0   0   0   0   0   0   2   0   0   0   0  0.68 0.05
   86 I    -2  -4  -4  -4  -2  -3  -4  -4  -4   6   1  -3   1  -1  -3  -3  -1  -3  -2   2    0   0   0   0   0   1   0   0   0  99   0   0   0   0   0   0   0   0   0   0  0.65 0.07
   87 N    -2   5   4  -1  -4   2   0  -2   0  -3  -3   1  -1  -3  -2   0  -1  -3  -2  -3    0  50  33   0   0  10   0   0   0   0   1   3   2   0   0   1   0   0   0   0  0.56 0.05
   88 D    -2  -2   1   7  -4  -1   1  -2  -1  -4  -4  -1  -4  -4  -2  -1  -2  -5  -4  -4    1   0   2  95   0   0   1   0   1   0   0   0   0   0   0   0   0   0   0   0  1.14 0.08
   89 I    -2  -4  -4  -4  -2  -3  -4  -4  -2   6   1  -3   1  -1  -3  -3  -1  -3  -2   2    0   0   0   0   0   0   0   0   1  98   0   0   0   0   0   0   0   0   0   1  0.64 0.07
   90 I    -2  -3  -4  -4  -2  -3  -3  -4  -3   4   4  -3   1   0  -2  -3  -1  -3  -2   2    0   0   0   0   0   0   0   0   0  43  55   0   0   0   1   1   0   0   0   0  0.46 0.04
   91 R    -2   7  -1  -2  -2   1  -1  -3  -1  -4  -3   2  -2  -3  -3  -1  -1  -1  -2  -3    0  95   1   0   1   0   0   1   0   0   0   1   0   0   0   0   1   1   0   0  0.97 0.08
   92 A     4  -2  -2  -2  -1  -1  -1   0  -1  -1  -2  -1  -1  -3  -1   1   1  -3  -2   0   80   0   0   0   0   0   0   0   1   0   0   0   0   0   1   7   6   0   0   5  0.43 0.05
   93 P    -1   1   0   0  -3   0   0  -2  -2  -2  -3   0  -2  -4   6   0   0  -4  -3  -1    1  12   3   5   0   5   5   0   0   0   1   1   0   0  54   5   3   0   0   6  0.90 0.04
   94 T     0  -1   1   0  -2   0  -1  -2   2  -2  -2  -1  -1  -3  -2   2   4  -3  -1  -1    1   2   7   2   0   1   0   0  10   0   1   1   0   0   0  23  52   0   0   1  0.36 0.04
   95 I    -1  -3  -4  -4  -2  -2  -3  -4  -4   5   2  -3   1  -1  -3  -3  -1  -3  -2   2    2   0   0   0   0   1   0   0   0  77  11   1   1   0   0   0   0   0   0   7  0.47 0.05
   96 E    -1  -1   1   6  -4   1   4  -2  -1  -4  -4   0  -3  -4  -2   0  -1  -4  -3  -3    1   0   1  60   0   1  35   0   0   0   0   0   0   0   0   1   0   0   0   0  0.82 0.06
   97 Q    -1   0   2   1  -2   5   2  -2   1  -3  -2   0  -1  -3  -2   0  -1  -3  -1  -2    2   0  13   7   1  50  12   0   4   0   5   1   1   0   0   3   1   0   1   0  0.41 0.04
   98 M    -2  -2  -3  -4  -2  -1  -3  -4  -2   1   2  -2   8   0  -3  -2  -1  -2  -2   0    0   0   0   0   0   0   0   0   0   1   1   0  97   1   0   0   0   0   0   0  0.87 0.10
   99 K    -1   4  -1  -1  -4   1   0  -2  -1  -3  -3   5  -2  -4  -2  -1  -1  -4  -2  -3    0  25   0   0   0   0   0   0   0   0   0  75   0   0   0   0   0   0   0   0  0.70 0.06
  100 D    -2  -2   1   7  -4  -1   1  -2  -2  -4  -4  -1  -4  -4  -2  -1  -2  -5  -4  -4    0   0   0 100   0   0   0   0   0   0   0   0   0   0   0   0   0   0   0   0  1.24 0.08
  101 V    -1  -3  -4  -4  -1  -3  -3  -4  -4   3   0  -3   0  -1  -3  -2  -1  -4  -2   5    0   0   0   0   0   0   0   0   0   5   0   0   0   0   0   0   0   0   0  95  0.58 0.07
  102 Y    -3  -2  -3  -4  -3  -2  -3  -4   1  -2  -2  -3  -2   3  -4  -2  -2   2   8  -2    0   0   0   0   0   0   0   0   0   0   0   0   0   0   0   0   0   0 100   0  1.34 0.10
  103 I    -2  -4  -4  -4  -2  -3  -4  -5  -4   6   1  -3   1  -1  -3  -3  -1  -3  -2   2    0   0   0   0   0   0   0   0   0 100   0   0   0   0   0   0   0   0   0   0  0.68 0.07
  104 V    -1  -3  -4  -4  -1  -3  -3  -4  -4   2   0  -3   0  -1  -3  -2  -1  -4  -2   5    0   0   0   0   0   0   0   0   0   0   0   0   0   0   0   0   0   0   0 100  0.60 0.07
  105 Q    -1   0  -1  -1  -4   7   1  -3   0  -4  -3   1  -1  -4  -2  -1  -1  -3  -2  -3    0   0   0   0   0 100   0   0   0   0   0   0   0   0   0   0   0   0   0   0  1.03 0.10
  106 D    -1  -3  -1   3   8  -2  -1  -2  -3  -2  -2  -2  -2  -3  -3   0   1  -1  -3  -2    1   0   0  24  56   0   0   0   0   0   0   0   0   0   0   3  15   1   0   0  0.80 0.06
  107 L    -2  -3  -4  -4  -2  -3  -4  -4  -3   1   5  -3   2   0  -4  -3  -2  -2  -2   0    0   0   0   0   0   0   0   0   0   0 100   0   0   0   0   0   0   0   0   0  0.66 0.06
  108 M    -2  -2  -3  -4  -2  -1  -3  -4  -2   1   2  -2   8  -1  -3  -2  -1  -2  -2   0    0   0   0   0   0   0   0   0   0   0   0   0 100   0   0   0   0   0   0   0  0.92 0.11
  109 E    -1  -1  -1   1  -4   2   6  -3  -1  -4  -4   0  -3  -4  -2  -1  -1  -4  -3  -3    0   0   0   0   0   0 100   0   0   0   0   0   0   0   0   0   0   0   0   0  1.01 0.08
  110 T    -1  -2  -1  -2  -1  -1  -1  -2  -2  -1  -2  -1  -1  -3  -2   1   6  -3  -2  -1    0   0   0   0   0   0   0   0   0   0   0   0   0   0   0   0 100   0   0   0  0.78 0.08
  111 D    -2  -2   1   7  -4  -1   1  -2  -2  -4  -4  -1  -4  -4  -2  -1  -2  -5  -4  -4    0   0   0 100   0   0   0   0   0   0   0   0   0   0   0   0   0   0   0   0  1.24 0.08
  112 L    -2  -3  -4  -4  -2  -2  -3  -4  -3   1   5  -3   3   0  -3  -3  -2  -2  -2   0    0   0   0   0   0   0   0   0   0   0  86   0  14   0   0   0   0   0   0   0  0.58 0.05
  113 Y    -3  -2  -3  -4  -3  -2  -3  -4   1  -2  -2  -3  -2   3  -4  -2  -2   2   8  -2    0   0   0   0   0   0   0   0   0   0   0   0   0   1   0   0   0   0  99   0  1.33 0.10
  114 K    -1   2  -1  -1  -4   1   0  -2  -1  -3  -3   6  -2  -4  -2  -1  -1  -4  -2  -3    0   0   0   0   0   0   0   0   0   0   0 100   0   0   0   0   0   0   0   0  0.80 0.08
  115 L    -2  -3  -4  -4  -2  -3  -4  -4  -3   1   5  -3   2   0  -4  -3  -2  -2  -2   0    0   0   0   0   0   0   0   0   0   0 100   0   0   0   0   0   0   0   0   0  0.66 0.06
  116 L    -2  -3  -4  -4  -2  -3  -3  -4  -3   1   5  -3   2   0  -4  -3  -2  -2  -2   1    0   0   0   0   0   0   0   0   0   0  99   0   0   0   0   0   0   0   0   1  0.65 0.06
  117 K    -1   2  -1  -1  -4   1   0  -2  -1  -3  -3   6  -2  -4  -2  -1  -1  -4  -2  -3    0   3   0   0   0   0   0   0   0   0   0  97   0   0   0   0   0   0   0   0  0.78 0.07
  118 T     0  -2   0  -1  -1  -1  -1  -2  -2  -1  -2  -1  -1  -3  -2   2   5  -3  -2  -1    2   0   1   0   0   0   0   1   0   0   0   0   0   0   0  12  85   0   0   0  0.62 0.07
  119 Q    -1   0  -1  -1  -4   7   1  -3   0  -4  -3   1  -1  -4  -2  -1  -1  -3  -2  -3    0   0   0   0   0 100   0   0   0   0   0   0   0   0   0   0   0   0   0   0  1.03 0.10
  120 H     0   4   0  -1  -3   2   0  -2   4  -3  -3   3  -1  -3  -2  -1  -1  -3  -1  -3    7  30   1   0   0  15   0   0  17   0   0  29   1   0   1   1   0   0   0   0  0.44 0.04
  121 L    -2  -3  -4  -4  -2  -3  -3  -4  -3   2   5  -3   2   0  -3  -3  -2  -2  -2   1    0   0   0   0   0   0   0   0   0   8  91   0   0   0   0   0   0   0   0   1  0.59 0.05
  122 S     1  -1   0  -1  -1  -1  -1   0  -1  -3  -3  -1  -2  -3  -1   5   1  -3  -2  -2    0   0   0   0   0   0   0   4   0   0   0   0   0   0   0  95   1   0   0   0  0.64 0.07
  123 N    -2  -1   7   1  -3  -1  -1  -1   0  -4  -4  -1  -3  -4  -3   0  -1  -5  -3  -4    0   0 100   0   0   0   0   0   0   0   0   0   0   0   0   0   0   0   0   0  1.09 0.09
  124 D    -2  -2   1   7  -4  -1   1  -2  -2  -4  -4  -1  -4  -4  -2  -1  -2  -5  -4  -4    0   0   0  99   0   0   1   0   0   0   0   0   0   0   0   0   0   0   0   0  1.23 0.08
  125 H    -2  -1   0  -2  -4   0  -1  -3   9  -4  -4  -1  -2  -2  -3  -2  -2  -3   1  -4    0   0   0   0   0   0   0   0 100   0   0   0   0   0   0   0   0   0   0   0  1.46 0.11
  126 I    -1  -3  -4  -4  -2  -3  -4  -4  -4   5   1  -3   1  -1  -3  -3  -1  -3  -2   3    1   0   0   0   0   0   0   0   0  69   0   0   0   0   0   0   1   0   0  30  0.51 0.05
  127 C    -1  -4  -4  -4  10  -4  -5  -3  -4  -2  -2  -4  -2  -3  -4  -2  -2  -3  -3  -2    0   0   0   0 100   0   0   0   0   0   0   0   0   0   0   0   0   0   0   0  1.85 0.11
  128 Y    -3  -2  -3  -4  -3  -2  -3  -4   1  -2  -2  -3  -2   3  -4  -2  -2   2   8  -2    0   0   0   0   0   0   0   0   0   0   0   0   0   0   0   0   0   0 100   0  1.34 0.10
  129 F    -3  -4  -4  -4  -3  -4  -4  -4  -2  -1   0  -4  -1   8  -4  -3  -3   0   3  -1    0   0   0   0   0   0   0   0   0   0   0   0   0 100   0   0   0   0   0   0  1.15 0.09
  130 L    -2  -3  -4  -4  -2  -3  -3  -4  -3   1   5  -3   2   0  -4  -3  -2  -2  -2   1    0   0   0   0   0   0   0   0   0   0  99   0   0   0   0   0   0   0   0   1  0.65 0.06
  131 Y    -3  -2  -3  -4  -3  -2  -3  -4   1  -2  -2  -3  -2   3  -4  -2  -2   2   8  -2    0   0   0   0   0   0   0   0   0   0   0   0   0   0   0   0   0   0 100   0  1.34 0.10
  132 Q    -1   0  -1  -1  -4   7   1  -3   0  -4  -3   1  -1  -4  -2  -1  -1  -3  -2  -3    0   0   0   0   0 100   0   0   0   0   0   0   0   0   0   0   0   0   0   0  1.03 0.10
  133 I    -2  -4  -4  -4  -2  -3  -4  -5  -4   6   1  -3   1  -1  -3  -3  -1  -3  -2   2    0   0   0   0   0   0   0   0   0 100   0   0   0   0   0   0   0   0   0   0  0.68 0.07
  134 L    -2  -3  -4  -4  -2  -3  -4  -4  -3   1   5  -3   2   0  -4  -3  -2  -2  -2   0    0   0   0   0   0   0   0   0   0   0 100   0   0   0   0   0   0   0   0   0  0.66 0.06
  135 R    -2   7  -1  -2  -4   1  -1  -3  -1  -4  -3   2  -2  -4  -3  -1  -2  -3  -2  -3    0 100   0   0   0   0   0   0   0   0   0   0   0   0   0   0   0   0   0   0  1.08 0.08
  136 G     0  -3  -1  -2  -3  -2  -3   6  -3  -5  -4  -2  -3  -4  -3  -1  -2  -3  -4  -4    0   0   0   0   0   0   0 100   0   0   0   0   0   0   0   0   0   0   0   0  1.28 0.07
  137 L    -2  -3  -4  -4  -2  -3  -4  -4  -3   1   5  -3   2   0  -4  -3  -2  -2  -2   0    0   0   0   0   0   0   0   0   0   0 100   0   0   0   0   0   0   0   0   0  0.66 0.06
  138 K    -1   2  -1  -1  -4   1   0  -2  -1  -3  -3   6  -2  -4  -2  -1  -1  -4  -2  -3    0   0   0   0   0   0   0   0   0   0   0 100   0   0   0   0   0   0   0   0  0.80 0.08
  139 Y    -3  -2  -3  -4  -3  -2  -3  -4   1  -2  -2  -3  -2   3  -4  -2  -2   2   8  -2    0   0   0   0   0   0   0   0   0   0   0   0   0   0   0   0   0   0 100   0  1.34 0.10
  140 I    -2  -4  -4  -4  -2  -3  -4  -5  -4   6   1  -3   1  -1  -3  -3  -1  -3  -2   2    0   0   0   0   0   0   0   0   0 100   0   0   0   0   0   0   0   0   0   0  0.68 0.07
  141 H    -2  -1   0  -2  -4   0  -1  -3   9  -4  -4  -1  -2  -2  -3  -2  -2  -3   1  -4    0   0   0   0   0   0   0   0 100   0   0   0   0   0   0   0   0   0   0   0  1.46 0.11
  142 S     1  -1   0  -1  -1  -1  -1  -1  -1  -3  -3  -1  -2  -3  -1   5   1  -4  -2  -2    0   0   0   0   0   0   0   0   0   0   0   0   0   0   0 100   0   0   0   0  0.70 0.08
  143 A     5  -2  -2  -2  -1  -1  -1   0  -2  -2  -2  -1  -1  -3  -1   1  -1  -3  -2  -1  100   0   0   0   0   0   0   0   0   0   0   0   0   0   0   0   0   0   0   0  0.63 0.07
  144 N    -2  -1   7   1  -3  -1  -1  -1   0  -4  -4  -1  -3  -4  -3   0  -1  -5  -3  -4    0   0 100   0   0   0   0   0   0   0   0   0   0   0   0   0   0   0   0   0  1.09 0.09
  145 V    -1  -3  -4  -4  -1  -3  -3  -4  -4   2   0  -3   0  -1  -3  -2  -1  -4  -2   5    0   0   0   0   0   0   0   0   0   0   0   0   0   0   0   0   0   0   0 100  0.60 0.07
  146 L    -2  -3  -4  -4  -2  -3  -4  -4  -3   1   5  -3   2   0  -4  -3  -2  -2  -2   0    0   0   0   0   0   0   0   0   0   0 100   0   0   0   0   0   0   0   0   0  0.66 0.06
  147 H    -2  -1   0  -2  -4   0  -1  -3   9  -4  -4  -1  -2  -2  -3  -2  -2  -3   1  -4    0   0   0   0   0   0   0   0 100   0   0   0   0   0   0   0   0   0   0   0  1.46 0.11
  148 R    -2   7  -1  -2  -4   1  -1  -3  -1  -4  -3   2  -2  -4  -3  -1  -2  -3  -2  -3    0 100   0   0   0   0   0   0   0   0   0   0   0   0   0   0   0   0   0   0  1.08 0.08
  149 D    -2  -2   1   7  -4  -1   1  -2  -2  -4  -4  -1  -4  -4  -2  -1  -2  -5  -4  -4    0   0   0 100   0   0   0   0   0   0   0   0   0   0   0   0   0   0   0   0  1.24 0.08
  150 L    -2  -3  -4  -4  -2  -3  -4  -4  -3   1   5  -3   2   0  -4  -3  -2  -2  -2   0    0   0   0   0   0   0   0   0   0   0 100   0   0   0   0   0   0   0   0   0  0.66 0.06
  151 K    -1   2  -1  -1  -4   1   0  -2  -1  -3  -3   6  -2  -4  -2  -1  -1  -4  -2  -3    0   0   0   0   0   0   0   0   0   0   0 100   0   0   0   0   0   0   0   0  0.80 0.08
  152 P    -1  -3  -3  -2  -4  -2  -2  -3  -3  -4  -4  -2  -3  -5   8  -1  -2  -5  -4  -3    0   0   0   0   0   0   0   0   0   0   0   0   0   0 100   0   0   0   0   0  2.28 0.09
  153 S     1  -1   0  -1  -1  -1  -1  -1  -1  -3  -3  -1  -2  -3  -1   5   1  -4  -2  -2    0   0   0   0   0   0   0   0   0   0   0   0   0   0   0 100   0   0   0   0  0.70 0.08
  154 N    -2  -1   7   1  -3  -1  -1  -1   0  -4  -4  -1  -3  -4  -3   0  -1  -5  -3  -4    0   0 100   0   0   0   0   0   0   0   0   0   0   0   0   0   0   0   0   0  1.09 0.09
  155 L    -2  -3  -4  -4  -2  -3  -4  -4  -3   1   5  -3   2   0  -4  -3  -2  -2  -2   0    0   0   0   0   0   0   0   0   0   0 100   0   0   0   0   0   0   0   0   0  0.66 0.06
  156 L    -2  -3  -4  -4  -2  -3  -4  -4  -3   1   5  -3   2   0  -4  -3  -2  -2  -2   0    0   0   0   0   0   0   0   0   0   0 100   0   0   0   0   0   0   0   0   0  0.66 0.06
  157 L    -2  -3  -4  -4  -2  -3  -3  -4  -3   3   4  -3   2   0  -3  -3  -2  -2  -2   1    0   0   0   0   0   0   0   0   0  19  81   0   0   0   0   0   0   0   0   0  0.54 0.05
  158 N    -2  -1   7   1  -3  -1  -1  -1   0  -4  -4  -1  -3  -4  -3   0  -1  -5  -3  -4    0   0 100   0   0   0   0   0   0   0   0   0   0   0   0   0   0   0   0   0  1.09 0.09
  159 T    -1  -2  -1  -2  -1  -1  -1  -2  -2  -1  -2  -1  -1  -3  -2   1   6  -3  -2  -1    0   0   0   0   0   0   0   0   0   0   0   1   0   0   0   0  99   0   0   0  0.76 0.08
  160 T     0  -2   0  -2  -1  -1  -1  -2  -2  -1  -2  -1  -1  -3  -2   1   6  -3  -2  -1    1   0   1   0   0   0   0   0   0   0   0   0   0   0   0   3  96   0   0   0  0.73 0.08
  161 C    -1  -4  -4  -4  10  -4  -5  -3  -4  -2  -2  -4  -2  -3  -4  -2  -2  -3  -2  -2    0   0   0   0  99   0   0   0   0   0   0   0   0   0   0   0   0   0   1   0  1.82 0.11
  162 D    -2  -2   1   7  -4  -1   1  -2  -2  -4  -4  -1  -4  -4  -2  -1  -2  -5  -4  -4    0   0   0 100   0   0   0   0   0   0   0   0   0   0   0   0   0   0   0   0  1.24 0.08
  163 L    -2  -3  -4  -4  -2  -3  -4  -4  -3   1   5  -3   2   0  -4  -3  -2  -2  -2   0    0   0   0   0   0   0   0   0   0   0 100   0   0   0   0   0   0   0   0   0  0.66 0.06
  164 K    -1   2  -1  -1  -4   1   0  -2  -1  -3  -3   6  -2  -4  -2  -1  -1  -4  -2  -3    0   0   0   0   0   0   0   0   0   0   0 100   0   0   0   0   0   0   0   0  0.80 0.08
  165 I    -2  -4  -4  -4  -2  -3  -4  -4  -4   6   1  -3   1  -1  -3  -3  -1  -3  -2   2    0   0   0   0   0   0   0   0   0  98   0   0   0   0   0   0   1   0   0   2  0.65 0.07
  166 C    -1  -4  -4  -4  10  -4  -5  -3  -4  -2  -2  -4  -2  -3  -4  -2  -2  -3  -3  -2    0   0   0   0 100   0   0   0   0   0   0   0   0   0   0   0   0   0   0   0  1.85 0.11
  167 D    -2  -2   1   7  -4  -1   1  -2  -2  -4  -4  -1  -4  -4  -2  -1  -2  -5  -4  -4    0   0   0 100   0   0   0   0   0   0   0   0   0   0   0   0   0   0   0   0  1.24 0.08
  168 F    -3  -4  -4  -4  -3  -4  -4  -4  -2  -1   0  -4  -1   8  -4  -3  -3   0   3  -1    0   0   0   0   0   0   0   0   0   0   0   0   0 100   0   0   0   0   0   0  1.15 0.09
  169 G     0  -3  -1  -2  -3  -2  -3   6  -3  -5  -4  -2  -3  -4  -3  -1  -2  -3  -4  -4    0   0   0   0   0   0   0 100   0   0   0   0   0   0   0   0   0   0   0   0  1.28 0.07
  170 L    -2  -3  -4  -4  -2  -3  -4  -4  -3   1   5  -3   2   0  -4  -3  -2  -2  -2   0    0   0   0   0   0   0   0   0   0   0 100   0   0   0   0   0   0   0   0   0  0.66 0.06
  171 A     5  -2  -2  -2  -1  -1  -1   0  -2  -2  -2  -1  -1  -3  -1   1  -1  -3  -2  -1  100   0   0   0   0   0   0   0   0   0   0   0   0   0   0   0   0   0   0   0  0.63 0.07
  172 R    -2   7  -1  -2  -4   1  -1  -3  -1  -4  -3   2  -2  -4  -3  -1  -2  -3  -2  -3    0 100   0   0   0   0   0   0   0   0   0   0   0   0   0   0   0   0   0   0  1.08 0.08
  173 V    -1  -3  -4  -4  -1  -3  -3  -4  -4   3   1  -3   0  -1  -3  -2  -1  -3  -2   5    0   0   0   0   0   0   0   0   0  21   0   0   0   0   0   0   0   0   0  79  0.52 0.06
  174 A     5  -2  -2  -2  -1  -1  -1   0  -2  -2  -2  -1  -1  -3  -1   1   0  -3  -2  -1   98   0   0   0   0   0   0   0   0   0   0   0   0   0   0   0   1   0   0   1  0.61 0.07
  175 D    -2  -2   1   7  -4  -1   1  -2  -2  -4  -4  -1  -4  -4  -2  -1  -2  -5  -3  -4    0   0   0  99   0   0   0   0   0   0   0   0   0   0   0   0   0   0   1   0  1.22 0.08
  176 P    -1  -3  -3  -2  -4  -2  -2  -3  -3  -4  -4  -2  -3  -5   8  -1  -2  -5  -4  -3    0   0   0   0   0   0   0   0   0   0   0   0   0   0 100   0   0   0   0   0  2.28 0.09
  177 D    -1  -1   1   5  -4   0   4  -2  -1  -3  -3   0  -3  -4  -2   0  -1  -4  -3  -3    4   0   1  57   0   0  34   1   0   0   1   0   0   0   0   1   1   0   0   1  0.72 0.05
  178 H    -2  -1   0  -2  -4   0  -1  -3   9  -4  -4  -1  -2  -2  -3  -2  -2  -3   2  -4    0   0   0   0   0   0   0   0  98   0   0   0   0   0   0   0   0   0   2   0  1.42 0.10
  179 D    -2  -2   2   7  -4  -1   1  -2  -2  -4  -4  -1  -4  -4  -2  -1  -2  -5  -4  -4    0   0   7  93   0   0   0   0   0   0   0   0   0   0   0   0   0   0   0   0  1.13 0.07
  180 H    -2  -1   0  -2  -4   0  -1  -3   9  -4  -4  -1  -2  -2  -3  -2  -2  -3   1  -4    0   0   0   0   0   0   0   0 100   0   0   0   0   0   0   0   0   0   0   0  1.46 0.11
  181 T     0  -2  -1  -1  -1  -1  -1  -2  -2  -1  -2  -1  -1  -3  -2   1   6  -3  -2  -1    6   0   0   2   0   0   0   0   0   0   0   0   0   0   0   0  92   0   0   0  0.67 0.07
  182 G     0  -3  -1  -2  -3  -2  -3   6  -3  -5  -4  -2  -3  -4  -3  -1  -2  -3  -4  -4    0   0   0   0   0   0   0 100   0   0   0   0   0   0   0   0   0   0   0   0  1.28 0.07
  183 F    -3  -4  -4  -4  -3  -4  -4  -4  -2  -1   0  -4   0   7  -4  -3  -3   0   3  -1    0   0   0   0   0   0   0   0   0   0   3   0   0  96   0   1   0   0   0   0  1.07 0.08
  184 L    -2  -3  -4  -4  -2  -3  -4  -4  -3   1   5  -3   2   0  -4  -3  -2  -2  -2   0    0   0   0   0   0   0   0   0   0   0 100   0   0   0   0   0   0   0   0   0  0.66 0.06
  185 T    -1  -2  -1  -2  -1  -1  -1  -2  -2  -1  -2  -1  -1  -3  -2   1   6  -3  -2  -1    0   0   0   0   0   0   0   0   0   0   0   0   0   0   0   0 100   0   0   0  0.78 0.08
  186 E    -1  -1  -1   1  -4   2   6  -3  -1  -4  -4   0  -3  -4  -2  -1  -1  -4  -3  -3    0   0   0   0   0   0 100   0   0   0   0   0   0   0   0   0   0   0   0   0  1.01 0.08
  187 Y    -3  -2  -3  -4  -3  -2  -3  -4   1  -2  -2  -3  -2   3  -4  -2  -2   2   8  -2    0   0   0   0   0   0   0   0   0   0   0   0   0   0   0   0   0   0 100   0  1.34 0.10
  188 V    -1  -3  -4  -4  -1  -3  -3  -4  -4   2   0  -3   0  -1  -3  -2  -1  -4  -2   5    0   0   0   0   0   0   0   0   0   0   0   0   0   0   0   0   0   0   0 100  0.60 0.07
  189 A     5  -2  -2  -2  -1  -1  -1   0  -2  -2  -2  -1  -1  -3  -1   1  -1  -3  -2  -1  100   0   0   0   0   0   0   0   0   0   0   0   0   0   0   0   0   0   0   0  0.63 0.07
  190 T    -1  -2  -1  -2  -1  -1  -1  -2  -2  -1  -2  -1  -1  -3  -2   1   6  -3  -2  -1    0   0   0   0   0   0   0   0   0   0   0   0   0   0   0   0 100   0   0   0  0.78 0.08
  191 R    -2   7  -1  -2  -4   1  -1  -3  -1  -4  -3   2  -2  -4  -3  -1  -2  -3  -2  -3    0 100   0   0   0   0   0   0   0   0   0   0   0   0   0   0   0   0   0   0  1.08 0.08
  192 W    -4  -4  -5  -5  -3  -3  -4  -4  -3  -4  -3  -4  -2   0  -5  -4  -3  12   2  -4    0   0   0   0   0   0   0   0   0   0   0   0   0   0   0   0   0 100   0   0  2.98 0.13
  193 Y    -3  -2  -3  -4  -3  -2  -3  -4   1  -2  -2  -3  -2   3  -4  -2  -2   2   8  -2    0   0   0   0   0   0   0   0   0   0   0   0   0   0   0   0   0   0 100   0  1.34 0.10
  194 R    -2   7  -1  -2  -4   1  -1  -3  -1  -4  -3   2  -2  -4  -3  -1  -2  -3  -2  -3    0 100   0   0   0   0   0   0   0   0   0   0   0   0   0   0   0   0   0   0  1.08 0.08
  195 A     5  -2  -2  -2  -1  -1  -1   0  -2  -2  -2  -1  -1  -3  -1   1  -1  -3  -2  -1  100   0   0   0   0   0   0   0   0   0   0   0   0   0   0   0   0   0   0   0  0.63 0.07
  196 P    -1  -3  -3  -2  -4  -2  -2  -3  -3  -4  -4  -2  -3  -5   8  -1  -2  -5  -4  -3    0   0   0   0   0   0   0   0   0   0   0   0   0   0 100   0   0   0   0   0  2.28 0.09
  197 E    -1  -1  -1   1  -4   2   6  -3  -1  -4  -4   0  -3  -4  -2  -1  -1  -4  -3  -3    0   0   0   0   0   0 100   0   0   0   0   0   0   0   0   0   0   0   0   0  1.01 0.08
  198 I    -2  -4  -4  -4  -2  -3  -4  -5  -4   6   1  -3   1  -1  -3  -3  -1  -3  -2   2    0   0   0   0   0   0   0   0   0 100   0   0   0   0   0   0   0   0   0   0  0.68 0.07
  199 M    -2  -2  -3  -4  -2  -1  -3  -4  -2   1   2  -2   8  -1  -3  -2  -1  -2  -2   0    0   0   0   0   0   0   0   0   0   0   0   0 100   0   0   0   0   0   0   0  0.92 0.11
  200 L    -2  -3  -4  -4  -2  -3  -4  -4  -3   1   5  -3   2   0  -4  -3  -2  -2  -2   0    0   0   0   0   0   0   0   0   0   0 100   0   0   0   0   0   0   0   0   0  0.66 0.06
  201 N    -2  -1   7   1  -3  -1  -1  -1   0  -4  -4  -1  -3  -4  -3   0  -1  -5  -3  -4    0   0 100   0   0   0   0   0   0   0   0   0   0   0   0   0   0   0   0   0  1.09 0.09
  202 S     1  -1   0  -1  -1  -1  -1  -1  -1  -3  -3  -1  -2  -3  -1   5   1  -4  -2  -2    0   0   0   0   0   0   0   0   0   0   0   0   0   0   0 100   0   0   0   0  0.70 0.08
  203 K    -1   2  -1  -1  -4   1   0  -2  -1  -3  -3   6  -2  -4  -2  -1  -1  -4  -2  -3    0   0   0   0   0   0   0   0   0   0   0 100   0   0   0   0   0   0   0   0  0.80 0.08
  204 G     0  -3  -1  -2  -3  -2  -3   6  -3  -5  -4  -2  -3  -4  -3  -1  -2  -3  -4  -4    0   0   0   0   0   0   0 100   0   0   0   0   0   0   0   0   0   0   0   0  1.28 0.07
  205 Y    -3  -2  -3  -4  -3  -2  -3  -4   1  -2  -2  -3  -2   3  -4  -2  -2   2   8  -2    0   0   0   0   0   0   0   0   0   0   0   0   0   0   0   0   0   0 100   0  1.34 0.10
  206 T     0  -2   0  -1  -1  -1  -1  -2  -2  -1  -2  -1  -1  -3  -2   2   5  -3  -2  -1    0   0   1   0   0   0   0   0   0   0   0   0   0   0   0  19  80   0   0   0  0.61 0.07
  207 K    -1   2  -1  -1  -4   1   0  -2  -1  -3  -3   6  -2  -4  -2  -1  -1  -4  -2  -3    0   0   0   0   0   1   0   0   0   0   0  96   0   0   0   0   3   0   0   0  0.75 0.07
  208 S     1  -1   0  -1  -1  -1  -1  -1  -1  -3  -3  -1  -2  -3  -1   5   1  -3  -2  -2    6   0   0   0   0   0   0   0   0   0   0   0   0   0   0  94   0   0   0   0  0.64 0.07
  209 I    -2  -4  -4  -4  -2  -3  -4  -5  -4   6   1  -3   1  -1  -3  -3  -1  -3  -2   2    0   0   0   0   0   0   0   0   0  97   0   0   0   0   0   0   0   0   0   3  0.66 0.07
  210 D    -2  -2   1   7  -4  -1   1  -2  -2  -4  -4  -1  -4  -4  -2  -1  -2  -5  -4  -4    0   0   0  97   0   0   3   0   0   0   0   0   0   0   0   0   0   0   0   0  1.20 0.08
  211 I    -2  -3  -4  -4  -2  -3  -3  -4  -1   5   1  -3   2  -1  -3  -3  -1  -3  -2   3    0   0   0   0   0   0   0   0   3  75   0   0   4   0   0   0   0   0   0  18  0.49 0.05
  212 W    -4  -4  -5  -5  -3  -3  -4  -4  -3  -3  -2  -4  -2   1  -5  -4  -3  12   2  -4    0   0   0   0   0   0   0   0   0   0   0   0   0   3   0   0   0  97   0   0  2.87 0.13
  213 S     1  -1   0  -1  -1  -1  -1  -1  -1  -3  -3  -1  -2  -3  -1   5   1  -3  -2  -2    4   0   0   0   0   0   0   0   0   0   0   0   0   0   0  96   0   0   0   0  0.66 0.08
  214 V    -1  -3  -4  -4  -1  -3  -3  -4  -4   2   0  -3   0  -1  -3  -2  -1  -4  -2   5    0   0   0   0   0   0   0   0   0   0   0   0   0   0   0   0   0   0   0 100  0.60 0.07
  215 G     0  -3  -1  -2  -3  -2  -3   6  -3  -5  -4  -2  -3  -4  -3  -1  -2  -3  -4  -4    0   0   0   0   0   0   0 100   0   0   0   0   0   0   0   0   0   0   0   0  1.28 0.07
  216 C    -1  -2  -3  -4  10  -4  -4  -3  -4  -2  -2  -4  -2  -3  -4  -2  -2  -3  -3  -2    0   3   0   0  97   0   0   0   0   0   0   0   0   0   0   0   0   0   0   0  1.75 0.10
  217 I    -2  -4  -4  -4  -2  -3  -4  -5  -4   6   1  -3   1  -1  -3  -3  -1  -3  -2   2    0   0   0   0   0   0   0   0   0  97   3   0   0   0   0   0   0   0   0   1  0.65 0.07
  218 L    -2  -3  -4  -4  -2  -3  -4  -4  -3   1   5  -3   2   0  -4  -3  -2  -2  -2   0    0   0   0   0   0   0   0   0   0   0 100   0   0   0   0   0   0   0   0   0  0.66 0.06
  219 A     5  -2  -2  -2   0  -1  -1   0  -2  -2  -2  -1  -1  -3  -1   1  -1  -3  -2   0   93   0   0   0   1   0   0   3   0   0   0   0   0   0   0   0   0   0   0   3  0.55 0.06
  220 E    -1  -1  -1   1  -4   2   6  -3  -1  -4  -4   0  -3  -4  -2  -1  -1  -4  -3  -3    0   0   0   0   0   0 100   0   0   0   0   0   0   0   0   0   0   0   0   0  1.01 0.08
  221 M    -2  -2  -3  -4  -2  -1  -3  -4  -2   1   1  -2   8  -1  -3  -2  -1  -2  -2   0    0   0   0   0   0   0   0   0   0   0   0   0  97   0   0   0   0   0   0   3  0.87 0.10
  222 L    -2  -3  -4  -4  -2  -3  -3  -4  -3   2   5  -3   2   0  -3  -3  -2  -2  -1   1    0   0   0   0   0   0   0   0   0   5  89   0   1   1   0   0   0   0   0   4  0.57 0.05
  223 S     1  -1   1  -1  -1  -1  -1   0  -1  -3  -3  -1  -2  -3  -1   5   1  -3  -2  -2    8   0   3   0   0   0   0   3   0   1   0   0   0   0   0  83   1   0   0   1  0.52 0.06
  224 N    -2   1   7   1  -3   0  -1  -1   0  -4  -4   0  -3  -4  -3   0  -1  -4  -3  -4    0   8  91   0   0   0   0   0   0   0   0   0   0   0   0   2   0   0   0   0  0.93 0.08
  225 R    -2   6  -1  -2  -4   1   0  -3  -1  -4  -3   3  -2  -3  -3  -1  -2  -3  -2  -3    0  84   0   0   0   0   0   0   0   0   1  15   0   0   0   0   0   0   0   0  0.90 0.07
  226 P     0  -3  -3  -2  -3  -2  -2  -3  -3  -3  -3  -2  -3  -4   8  -1  -2  -4  -4  -3    9   0   0   0   0   0   0   0   0   0   0   0   0   0  91   0   0   0   0   0  2.00 0.08
  227 I    -2  -3  -4  -4  -2  -3  -4  -4  -4   5   3  -3   1   0  -3  -3  -1  -3  -2   2    0   0   0   0   0   0   0   0   0  72  27   0   0   0   0   0   1   0   0   0  0.51 0.05
  228 F    -3  -4  -4  -4  -3  -4  -4  -4  -2  -1   0  -4   0   7  -4  -3  -3   0   3  -1    0   0   0   0   0   0   0   0   0   0   3   0   0  97   0   0   0   0   0   0  1.08 0.08
  229 P    -1  -3  -3  -2  -4  -2  -2  -3  -3  -4  -4  -2  -3  -5   8  -1  -2  -5  -4  -3    0   0   0   0   0   0   0   0   0   0   0   0   0   0 100   0   0   0   0   0  2.28 0.09
  230 G     0  -3  -1  -2  -3  -2  -3   6  -3  -5  -4  -2  -3  -4  -3  -1  -2  -3  -4  -4    0   0   0   0   0   0   0 100   0   0   0   0   0   0   0   0   0   0   0   0  1.28 0.07
  231 K    -1   2  -1  -1  -4   1   0  -2  -1  -3  -3   6  -2  -4  -2  -1  -1  -4  -2  -3    0   1   0   0   0   0   0   0   0   0   0  99   0   0   0   0   0   0   0   0  0.79 0.08
  232 H    -2  -1   1  -2  -4   0  -1  -3   9  -4  -4  -1  -2  -2  -3  -2  -2  -3   1  -4    0   0   3   0   0   0   0   0  97   0   0   0   0   0   0   0   0   0   0   0  1.40 0.10
  233 Y    -3  -2  -3  -4  -3  -2  -3  -4   1  -2  -2  -3  -2   3  -4  -2  -2   2   8  -2    0   0   0   0   0   0   0   0   0   0   0   0   0   0   0   0   0   0 100   0  1.34 0.10
  234 L    -2  -3  -4  -4  -2  -3  -4  -4  -3   1   5  -3   2   0  -4  -3  -2  -2  -2   0    0   0   0   0   0   0   0   0   0   0 100   0   0   0   0   0   0   0   0   0  0.66 0.06
  235 D    -2  -2   1   7  -4  -1   1  -2  -2  -4  -4  -1  -4  -4  -2  -1  -2  -5  -4  -4    0   0   0  97   0   0   3   0   0   0   0   0   0   0   0   0   0   0   0   0  1.20 0.08
  236 Q    -1   0  -1  -1  -4   7   1  -1   0  -4  -3   1  -1  -4  -2  -1  -1  -3  -2  -3    0   0   0   0   0  97   0   3   0   0   0   0   0   0   0   0   0   0   0   0  0.98 0.09
  237 L    -2  -3  -4  -4  -2  -3  -4  -4  -3   1   5  -3   2   0  -4  -3  -2  -2  -2   0    0   0   0   0   0   0   0   0   0   0 100   0   0   0   0   0   0   0   0   0  0.66 0.06
  238 N    -2  -1   7   1  -3  -1  -1  -1   0  -4  -4  -1  -3  -4  -3   0   0  -5  -3  -4    0   0  99   0   0   0   0   0   0   0   0   0   0   0   0   0   1   0   0   0  1.07 0.09
  239 H    -2  -1   0  -2  -4   0  -1  -3   9  -4  -2   0  -2  -2  -3  -2  -2  -3   1  -4    0   1   0   0   0   1   0   0  90   0   4   4   0   0   0   0   0   0   1   0  1.17 0.09
  240 I    -2  -4  -4  -4  -2  -3  -4  -4  -4   6   1  -3   1   0  -3  -3  -1  -3   0   2    0   0   0   0   0   0   0   0   0  97   0   0   0   0   0   0   0   0   3   0  0.63 0.07
  241 L    -2  -3  -4  -4  -2  -3  -4  -4  -3   1   5  -3   2   0  -4  -3  -2  -2  -2   0    0   0   0   0   0   0   0   0   0   0 100   0   0   0   0   0   0   0   0   0  0.66 0.06
  242 G     0  -3   0  -1  -3  -2  -2   6  -2  -4  -4  -2  -3  -4  -3   0  -2  -3  -3  -4    3   0   4   1   0   0   1  86   0   0   0   0   0   0   0   5   0   0   0   0  1.01 0.06
  243 I    -1  -3  -4  -4  -1  -3  -3  -4  -4   4   1  -3   1  -1  -3  -2  -1  -3  -2   4    0   0   0   0   0   0   0   0   0  51   0   0   0   0   0   1   1   0   0  47  0.47 0.05
  244 L    -2  -3  -4  -4  -2  -3  -3  -4  -3   2   5  -3   2   0  -3  -3  -2  -2  -2   1    0   0   0   0   0   0   0   0   0   3  94   0   0   0   0   0   0   0   0   4  0.60 0.06
  245 G     0  -3  -1  -2  -3  -2  -3   6  -3  -5  -4  -2  -3  -4  -3  -1  -2  -3  -4  -4    0   0   0   0   0   0   0 100   0   0   0   0   0   0   0   0   0   0   0   0  1.28 0.07
  246 S     1  -1   0  -1  -1  -1  -1  -1  -1  -3  -3  -1  -2  -3  -1   5   1  -3  -2  -2    0   0   0   0   0   0   0   0   0   0   0   0   0   0   1  96   3   0   0   0  0.65 0.07
  247 P    -1  -3  -3  -2  -4  -2  -2  -3  -3  -4  -4  -2  -3  -5   8  -1  -2  -5  -4  -3    0   0   0   0   0   0   0   0   0   0   0   0   0   0 100   0   0   0   0   0  2.28 0.09
  248 S     1  -1   0  -1   1  -1  -1   0  -2  -3  -3  -1  -2  -3  -1   5   2  -3  -2  -2    0   0   0   0   4   0   0   3   0   0   0   0   0   0   0  83  10   0   0   0  0.54 0.06
  249 Q     0   1  -1  -1  -3   6   2  -2   0  -3  -3   1  -1  -4   1   0  -1  -3  -2  -3    7   2   0   0   0  70   4   0   1   0   1   3   1   0   7   5   1   0   0   0  0.61 0.06
  250 E    -1  -1   0   3  -4   1   5  -3   0  -4  -4   0  -3  -4  -2  -1  -1  -4  -3  -3    2   0   0  16   0   0  81   0   1   0   0   0   0   0   0   0   0   0   0   1  0.82 0.06
  251 D    -2  -2   1   7  -4  -1   1  -2  -2  -4  -4  -1  -4  -4  -2  -1  -2  -5  -4  -4    0   0   0 100   0   0   0   0   0   0   0   0   0   0   0   0   0   0   0   0  1.24 0.08
  252 L    -2  -3  -4  -4  -2  -3  -3  -4  -3   1   5  -3   2   0  -3  -3  -2  -2  -1   0    0   0   0   0   0   0   0   0   0   0  96   0   3   1   0   0   0   0   0   0  0.62 0.06
  253 N    -1  -1   5   2  -2   2   2  -1   0  -3  -3   0  -1  -3  -2   0  -1  -4  -2  -3    1   0  53  12   1  10  15   2   1   0   1   1   1   0   0   1   0   0   1   0  0.51 0.04
  254 C    -1  -4  -3  -4  10  -4  -4  -3  -4  -2  -2  -4  -2  -3  -4  -1  -1  -3  -3  -2    0   0   0   0  96   0   0   0   0   0   0   0   0   0   0   3   0   0   1   0  1.71 0.10
  255 I    -2  -4  -4  -4  -2  -3  -4  -5  -4   6   1  -3   1  -1  -3  -3  -1  -3  -2   2    0   0   0   0   0   0   0   0   0  99   0   0   0   0   0   0   0   0   0   1  0.67 0.07
  256 I    -2  -3  -4  -4  -2  -3  -4  -4  -4   5   1  -3   1   0  -3  -3  -1  -3  -1   2    0   0   0   0   0   0   0   0   0  91   2   1   3   0   0   0   0   0   2   1  0.57 0.06
  257 N    -2  -1   7   1  -3  -1  -1  -1   0  -4  -4  -1  -3  -4  -3   0  -1  -5  -3  -4    0   0 100   0   0   0   0   0   0   0   0   0   0   0   0   0   0   0   0   0  1.09 0.09
  258 L    -1  -1  -1   2  -3   0   4  -3  -1   0   0   0   2  -2  -2  -1  -1  -3  -2  -1    2   0   0  17   0   0  43   0   1   9  10   3  14   0   0   0   2   0   0   2  0.28 0.03
  259 K    -1   2  -1  -1  -4   1   0  -2  -1  -3  -3   6  -2  -4  -2  -1  -1  -4  -2  -3    0   1   0   0   0   0   0   0   0   0   0  99   0   0   0   0   0   0   0   0  0.80 0.08
  260 A     5  -2  -2  -2  -1  -1  -1   0  -2  -2  -2  -1  -1  -3  -1   1   0  -3  -2  -1   99   0   0   0   0   0   0   0   0   0   0   0   0   0   0   0   0   0   0   0  0.62 0.07
  261 R    -2   7  -1  -2  -4   1  -1  -3  -1  -4  -3   2  -2  -3  -3  -1  -2  -3  -2  -3    0  98   0   0   0   0   0   0   0   0   0   1   0   0   0   0   0   0   0   0  1.04 0.08
  262 N     0  -1   5   0  -2  -1  -1   2  -1  -3  -3  -1  -2  -3  -2   3   0  -4  -3  -3    0   0  47   0   0   0   0  17   0   0   1   0   0   0   0  31   3   0   0   0  0.49 0.05
  263 Y    -2  -2  -3  -4  -3  -2  -3  -4   1  -2  -2  -3  -2   3  -4  -2  -2   2   8  -2    0   0   0   0   0   0   0   0   0   0   0   0   0   0   0   0   0   0  99   0  1.31 0.10
  264 L    -2  -3  -4  -4  -2  -3  -3  -4  -3   2   4  -3   2   0  -3  -3  -2  -2  -2   1    0   0   0   0   0   0   0   0   0  12  87   0   0   0   0   0   0   0   0   0  0.56 0.05
  265 L    -1   0  -1  -1  -3   6   2  -3   0  -1   1   0   0  -3  -2  -1  -1  -3  -2  -1    0   0   0   0   0  68   9   0   0   1  19   1   0   0   0   0   0   0   0   2  0.52 0.06
  266 S     1  -1   0  -1  -1  -1  -1  -1  -1  -3  -3  -1  -2  -3  -1   5   1  -3  -2  -2    2   0   1   0   0   0   0   0   0   0   0   0   0   0   0  98   0   0   0   0  0.67 0.08
  267 L    -2  -3  -4  -4  -2  -3  -3  -4  -3   1   5  -3   2   0  -3  -3  -2  -2  -2   0    0   0   0   0   0   0   0   0   0   0  98   0   0   0   0   0   0   0   0   0  0.63 0.06
  268 P    -1  -3  -2  -2  -3  -1  -2  -3  -3  -3  -3  -1  -3  -4   8  -1  -2  -4  -3  -3    3   0   1   0   0   1   0   0   0   0   1   1   0   0  92   1   0   0   0   0  1.99 0.08
  269 H    -1  -1  -1  -2  -3   1   0  -2   4  -1  -1  -1   0   3   0  -1  -2   0   4  -1    2   3   1   1   0   7   6   1  14   0   4   0   2  21   5   3   0   0  28   2  0.28 0.03
  270 K    -1   3  -1  -1  -4   1   0  -2  -1  -3  -3   6  -2  -4  -2  -1  -1  -4  -2  -3    0   9   0   0   0   0   0   0   0   0   0  90   0   0   0   0   0   0   0   0  0.72 0.07
  271 N     0  -2   0  -1   1  -1  -1  -2  -2  -3  -3  -1  -3  -4   7   0  -1  -4  -3  -2    4   0   8   1   5   1   2   1   0   0   0   0   0   0  70   4   3   0   0   1  1.33 0.06
  272 K    -1   3   0  -1  -4   1   0  -2  -1  -3  -3   5  -2  -4  -2  -1  -1  -3  -2  -3    0  12   1   0   0   0   0   0   0   0   0  84   0   0   0   0   1   0   0   0  0.67 0.06
  273 V    -1  -3  -3  -4  -1  -2  -3  -4  -3   3   1  -3   1  -1  -3  -2  -1  -3  -2   4    0   0   0   0   0   2   0   0   0  21   4   0   0   0   0   0   0   0   0  72  0.44 0.05
  274 P    -1  -3  -2  -2  -3  -2  -2  -3  -3  -3  -3  -2  -3  -4   8  -1  -2  -4  -4  -3    4   0   1   0   0   0   0   0   0   0   0   0   0   0  92   2   0   0   0   0  1.99 0.08
  275 W    -3  -4  -5  -5  -3  -3  -4  -3  -3  -3  -2  -4  -2   1  -5  -4  -3  12   2  -4    0   0   0   0   0   0   0   0   0   0   1   0   0   3   0   0   0  94   0   0  2.72 0.12
  276 N     0  -1   3   1  -1   1   1  -1   0  -2  -2   0  -1  -2  -1   1   2  -3  -2  -1    6   0  29   5   1   5  12   0   0   2   2   2   1   1   2  11  19   0   0   2  0.23 0.02
  277 R    -1   4   0  -1  -2   1   0  -2  -1  -3  -2   4  -2  -3  -1   0   0  -3  -2  -2    0  40   1   1   1   1   1   0   1   1   1  37   0   0   2   7   7   0   0   0  0.45 0.04
  278 L    -2  -3  -4  -4  -2  -3  -3  -4  -2   2   4  -3   2   0  -3  -3  -2  -2  -1   1    0   0   0   0   0   0   0   0   1   6  87   0   3   0   0   0   0   0   1   2  0.54 0.05
  279 F    -3  -2  -3  -4  -3  -3  -3  -4   0  -1  -1  -3  -1   6  -4  -3  -2   1   6  -2    0   2   0   0   0   0   0   0   0   0   0   0   0  59   0   0   0   0  40   0  0.91 0.07
  280 P    -1  -2  -1  -2  -3  -1  -1  -2  -2  -3  -3  -1  -3  -3   7  -1  -1  -3  -1  -2    4   1   2   0   0   3   1   1   1   0   1   0   0   0  76   1   2   0   3   1  1.47 0.06
  281 N    -1   1   5   2  -3   0   0  -1   2  -3  -3   2  -2  -3  -2   0   0  -4  -2  -3    1   3  46   9   0   1   3   3   6   0   0  21   0   0   0   2   3   0   0   1  0.42 0.04
  282 A     5  -2  -2  -2  -1  -1  -1   0  -2  -2  -2  -1  -1  -3   0   1   0  -3  -2  -1   95   0   0   0   0   0   0   0   0   0   0   0   0   0   2   2   1   0   0   1  0.58 0.07
  283 D    -2  -2   2   7  -4  -1   1  -2  -1  -4  -4  -1  -4  -4  -2  -1  -2  -5  -4  -4    0   0   4  91   0   0   2   0   1   0   0   2   0   0   0   0   0   0   0   0  1.09 0.07
  284 S     0  -1  -1  -1  -2   0  -1  -1  -2  -2  -2  -1  -2  -3   6   1   0  -4  -3  -1    9   2   1   2   0   3   0   1   0   0   2   1   0   0  54  17   2   0   0   5  0.91 0.04
  285 K    -1   3   0  -1  -4   2   0  -1   0  -3  -3   5  -2  -4  -2   0  -1  -3  -2  -3    0  12   3   0   0   6   0   2   1   0   1  74   0   0   0   1   0   0   0   0  0.56 0.05
  286 A     5  -2  -2  -2  -1  -1  -1   0  -2  -2  -2  -1  -1  -3  -1   1   0  -3  -2   0   94   0   0   0   0   0   0   2   0   0   0   0   0   0   0   0   2   0   0   2  0.57 0.06
  287 L    -2  -3  -4  -4  -2  -2  -3  -4  -3   1   5  -3   2   0  -3  -3  -2  -2  -1   1    0   0   0   0   0   1   0   0   0   2  94   0   0   0   0   0   0   0   0   1  0.58 0.05
  288 D    -2  -2   1   7  -4  -1   1  -2  -2  -4  -4  -1  -4  -4  -2  -1  -2  -5  -4  -4    0   0   1  95   0   0   1   1   0   0   0   0   0   0   0   1   0   0   0   0  1.13 0.07
  289 L    -2  -3  -4  -4  -2  -3  -3  -4  -3   1   5  -3   2   0  -3  -3  -2  -2  -2   0    0   0   0   0   0   0   0   0   0   0  97   0   1   0   0   0   0   0   0   0  0.62 0.06
  290 L    -2  -3  -4  -4  -2  -3  -3  -4  -3   1   5  -3   2   0  -3  -3  -2  -2  -2   0    0   0   0   0   0   0   0   0   0   1  97   0   0   0   0   0   0   0   0   0  0.62 0.06
  291 D    -2  -2   1   6  -2  -1   2   1   0  -4  -4  -1  -3  -4  -2  -1  -2  -4  -3  -4    0   0   1  76   1   0   7  12   2   0   0   0   0   0   0   0   0   0   0   0  0.83 0.06
  292 K    -1   3  -1  -1  -1   1   0  -2  -1  -3  -3   5  -2  -4  -2  -1  -1  -3  -2  -3    0  20   0   0   2   0   0   0   0   0   0  76   0   0   0   1   0   0   0   0  0.63 0.06
  293 M    -2  -2  -3  -4  -2  -1  -3  -3  -2   1   2  -2   8  -1  -3  -2  -1  -2  -2   0    0   0   0   0   0   0   0   0   0   0   2   0  96   0   0   0   0   0   0   0  0.85 0.10
  294 L    -2  -3  -4  -4  -2  -3  -3  -4  -3   1   5  -3   2   0  -3  -3  -2  -2  -2   0    0   0   0   0   0   0   0   0   0   0  98   0   0   0   0   0   0   0   0   0  0.62 0.06
  295 T    -1  -2  -1  -2  -1  -1  -1  -2  -2  -1  -2  -1  -1  -3  -2   1   6  -3  -2  -1    0   0   0   0   1   0   2   0   0   1   0   0   0   0   0   0  97   0   0   0  0.72 0.08
  296 F    -3  -4  -4  -4  -3  -4  -4  -4  -2  -1   0  -4  -1   7  -4  -2  -3   0   3  -1    0   0   0   0   0   0   0   0   0   0   0   0   0  98   0   2   0   0   0   0  1.09 0.08
  297 N    -2  -1   7   1  -3   0  -1  -1   0  -4  -4  -1  -3  -4  -3   0  -1  -5  -3  -4    0   0  96   2   0   2   0   0   0   0   0   0   0   0   0   0   0   0   0   0  1.03 0.08
  298 P    -1  -3  -3  -2  -4  -2  -2  -2  -3  -4  -4  -2  -3  -4   8  -1  -2  -4  -4  -3    0   0   0   0   0   0   0   2   0   0   0   0   0   0  96   2   0   0   0   0  2.15 0.09
  299 H    -2  -1   3   0  -3   0  -1  -2   7  -1  -2  -1  -2  -2  -3  -1  -1  -3   1  -2    2   0  26   2   0   1   1   0  54   6   1   2   0   0   0   1   0   0   3   2  0.60 0.06
  300 K    -1   3   1  -1  -4   1   0  -2  -1  -3  -2   5  -2  -3  -2   0  -1  -4  -2  -3    0  13   8   0   0   2   0   0   0   0   2  72   0   0   0   1   2   0   0   0  0.55 0.05
  301 R    -2   7  -1  -2  -4   1  -1  -3  -1  -4  -3   2  -2  -4  -3  -1  -2  -3  -2  -3    0 100   0   0   0   0   0   0   0   0   0   0   0   0   0   0   0   0   0   0  1.08 0.08
  302 I    -2  -4  -4  -4  -2  -3  -4  -4  -4   6   1  -3   1  -1  -3  -3  -1  -3  -2   2    0   0   0   0   0   1   0   0   0  97   0   0   0   0   0   0   0   0   0   2  0.64 0.07
  303 E     0  -1   1   0  -2   0   2   0  -2  -1  -2  -1  -1  -3  -1   1   3  -3  -2   0    3   1   5   1   0   0  18   6   0   1   0   1   0   0   1  12  41   0   0  10  0.23 0.03
  304 V    -1  -3  -4  -4  -1  -3  -3  -4  -4   3   1  -3   0  -1  -3  -2  -1  -3  -2   5    0   0   0   0   0   0   0   0   0   4   1   0   0   0   0   0   0   0   0  95  0.57 0.07
  305 E    -1  -1  -1   1  -4   1   6  -3  -1  -4  -4   0  -3  -4  -2  -1  -1  -4  -3  -3    1   0   0   1   0   0  97   0   0   0   0   0   0   0   0   0   0   0   0   0  0.96 0.08
  306 Q    -1  -1   0   4  -4   3   5  -2  -1  -4  -3   0  -2  -4  -2   0  -1  -4  -3  -3    2   0   0  26   0  15  54   2   0   0   0   0   1   0   0   1   0   0   0   0  0.64 0.05
  307 A     5  -2  -2  -2   0  -1  -1   0  -2  -2  -2  -1  -1  -3  -1   1   0  -3  -2  -1   90   0   0   0   1   0   0   0   0   0   1   0   0   0   0   8   0   0   0   0  0.54 0.06
  308 L    -2  -3  -4  -4  -2  -3  -4  -4  -3   1   5  -3   2   0  -4  -3  -2  -2  -2   0    0   0   0   0   0   0   0   0   0   0 100   0   0   0   0   0   0   0   0   0  0.66 0.06
  309 A     5  -2  -2  -2  -1  -1  -1   0  -2  -2  -2  -1  -2  -3  -1   1   0  -3  -2  -1   90   0   0   0   0   0   2   3   0   0   0   0   0   0   0   5   0   0   0   0  0.54 0.06
  310 H    -2  -1   0  -2  -4   0  -1  -3   9  -4  -4  -1  -2  -2  -3  -2  -2  -3   1  -4    0   0   0   0   0   1   0   0  99   0   0   0   0   0   0   0   0   0   0   0  1.44 0.10
  311 P    -1  -2  -3  -2  -3  -2  -1  -3  -2  -3  -4  -1  -3  -4   8  -1  -2  -4  -4  -3    1   1   0   0   0   0   1   0   1   0   0   1   0   0  93   2   0   0   0   1  2.04 0.08
  312 Y    -3  -2  -3  -4  -3  -2  -3  -4   1  -2  -2  -3  -2   3  -4  -2  -2   2   8  -2    0   0   0   0   0   0   0   0   0   0   0   0   0   0   0   0   0   0 100   0  1.34 0.10
  313 L    -2  -3  -4  -4  -2  -3  -3  -4  -3   1   5  -3   2   1  -4  -3  -2  -2  -1   1    0   0   0   0   0   0   0   0   0   0  95   0   0   3   0   0   0   0   0   1  0.61 0.06
  314 E    -1  -1   0   1  -4   2   6  -3  -1  -4  -4   0  -3  -4  -2   0  -1  -4  -3  -3    1   0   1   2   0   2  93   0   0   0   0   0   0   0   0   1   1   0   0   0  0.90 0.07
  315 Q    -1   0  -1  -1  -4   7   2  -3   0  -4  -3   1  -1  -4  -2  -1  -1  -3  -2  -3    0   0   0   0   0  97   3   0   0   0   0   0   0   0   0   0   0   0   0   0  0.99 0.09
  316 Y    -3  -2  -3  -4  -3  -2  -3  -4   1  -2  -2  -3  -2   3  -4  -2  -2   2   8  -2    0   0   0   0   0   0   0   0   0   0   0   0   0   0   0   0   0   0 100   0  1.34 0.10
  317 Y    -3  -2  -3  -4  -3  -2  -3  -4   1  -2  -2  -3  -2   3  -4  -2  -2   2   8  -2    0   0   0   0   0   0   0   0   0   0   0   0   0   2   0   0   0   0  98   0  1.30 0.10
  318 D    -2  -2   1   7  -4  -1   2  -2  -2  -4  -4  -1  -4  -4  -2  -1  -2  -5  -4  -4    0   0   0  96   0   0   4   0   0   0   0   0   0   0   0   0   0   0   0   0  1.18 0.08
  319 P    -1  -3  -3  -2  -4  -2  -2  -3  -3  -4  -4  -2  -3  -5   8  -1  -2  -5  -4  -3    0   0   0   0   0   0   0   0   0   0   0   0   0   0 100   0   0   0   0   0  2.28 0.09
  320 S     3  -1   0   0  -1   0   0   1  -1  -2  -2  -1  -1  -3  -1   2   2  -3  -2  -1   42   0   3   4   0   4   1   6   1   0   0   0   0   0   0  21  19   0   0   0  0.28 0.03
  321 D    -2  -2   1   7  -4  -1   1  -2  -2  -4  -4  -1  -4  -4  -2  -1  -2  -5  -4  -4    0   0   0 100   0   0   0   0   0   0   0   0   0   0   0   0   0   0   0   0  1.24 0.08
  322 E    -1  -1  -1   1  -4   2   6  -3  -1  -4  -4   0  -3  -4  -2  -1  -1  -4  -3  -3    0   0   0   0   0   0 100   0   0   0   0   0   0   0   0   0   0   0   0   0  1.01 0.08
  323 P    -1  -3  -3  -2  -4  -2  -2  -3  -3  -4  -4  -2  -3  -4   8  -1  -2  -5  -4  -3    0   0   0   0   0   0   0   0   0   0   0   0   0   0  99   1   0   0   0   0  2.25 0.09
  324 I    -1  -3  -3  -4  -1  -3  -3  -4  -4   3   0  -3   0  -1  -3  -2   0  -3  -2   5    0   0   0   0   1   0   1   0   0   9   0   0   0   0   0   0   4   0   0  85  0.48 0.06
  325 A     5  -2  -2  -2   1  -1  -1   0  -2  -2  -2  -1  -1  -3  -1   1   0  -3  -2  -1   97   0   0   0   2   0   0   0   0   0   0   0   0   0   0   1   1   0   0   0  0.59 0.07
  326 E    -1  -1  -1   2  -4   2   6  -3  -1  -4  -3   0  -3  -4  -2  -1  -1  -4  -3  -3    1   0   0   5   0   1  91   0   0   0   1   1   0   0   0   0   1   0   0   0  0.88 0.07
  327 A     1   0  -1   1  -3   2   5  -2   0  -3  -3   1  -2  -3  -2   0   0  -3  -2  -2   15   1   0   0   0   6  66   0   1   1   0   2   0   0   0   3   4   0   0   1  0.52 0.05
  328 P    -1  -3  -3  -2  -4  -2  -2  -3  -3  -4  -4  -2  -3  -5   8  -1  -2  -5  -4  -3    0   0   0   0   0   0   0   0   0   0   0   0   0   0 100   0   0   0   0   0  2.28 0.09
  329 F    -3  -4  -4  -4  -3  -4  -4  -4  -2  -1   0  -4  -1   8  -4  -3  -3   0   3  -1    0   0   0   0   0   0   0   0   0   0   1   0   0  99   0   0   0   0   0   0  1.13 0.08
  330 K    -1   3   0  -1  -3   0   0  -2  -1  -2  -2   3  -2  -3  -2   0   3  -3  -2  -2    0  26   2   2   0   0   0   1   0   0   0  33   0   0   0   1  35   0   0   0  0.39 0.04
  331 F    -3  -3  -4  -4  -3  -3  -4  -4  -2   0   1  -4   0   7  -4  -3  -3   0   3  -1    0   0   0   0   0   1   0   0   0   3   7   0   1  85   0   0   0   0   1   2  0.88 0.07
  332 D     0  -1   1   4  -3   1   4  -2  -1  -3  -3   0  -2  -4  -2   1   0  -4  -3  -3    6   1   3  32   0   0  40   0   0   0   0   0   0   0   0  13   4   0   0   0  0.51 0.04
  333 M    -1  -2  -2  -3  -1  -1  -2  -3  -2   0   1  -2   7  -1  -3  -1   2  -2  -1   0    1   0   0   0   0   0   0   0   0   1   0   0  76   0   0   0  22   0   1   0  0.57 0.08
  334 E    -1  -1  -1   1  -4   1   6  -3  -1  -4  -4   0  -3  -4  -2  -1  -1  -4  -3  -3    0   0   0   1   0   0  99   0   0   0   0   0   0   0   0   0   0   0   0   0  1.00 0.08
  335 L    -2  -3  -3  -4  -2  -3  -3  -4  -3   1   5  -3   2   1  -3  -3  -2  -2   0   0    0   0   1   0   0   0   0   0   0   1  92   0   0   4   0   0   0   0   2   1  0.56 0.05
  336 D    -2  -2   1   7  -4  -1   1  -2  -2  -4  -4  -1  -4  -4  -2  -1  -2  -5  -4  -4    0   0   0 100   0   0   0   0   0   0   0   0   0   0   0   0   0   0   0   0  1.24 0.08
  337 D    -2  -2   1   7  -4  -1   1  -2  -2  -4  -4  -1  -4  -4  -2  -1  -2  -5  -3  -4    1   0   2  97   0   0   0   0   0   0   0   0   0   0   0   0   0   0   1   0  1.17 0.08
  338 L    -2  -3  -4  -4  -2  -3  -3  -4  -3   1   5  -3   2   1  -4  -3  -2  -2  -1   0    0   0   0   0   0   0   0   0   0   1  96   0   1   2   0   0   0   0   0   0  0.62 0.06
  339 P    -1  -3  -3  -2  -4  -2  -2  -3  -3  -4  -4  -2  -3  -4   8  -1  -1  -5  -4  -3    0   0   0   0   0   0   0   0   0   0   0   0   0   0  97   2   1   0   0   0  2.17 0.09
  340 K    -1   2  -1  -1  -4   1   0  -2  -1  -3  -3   6  -2  -4  -2  -1  -1  -4  -2  -3    0   4   0   0   0   0   0   0   0   0   0  96   0   0   0   0   0   0   0   0  0.77 0.07
  341 E    -1  -1  -1   3  -4   2   6  -3  -1  -4  -4   0  -3  -4  -2  -1  -1  -4  -3  -3    0   0   0  10   0   1  88   0   0   0   0   0   0   0   0   0   0   0   0   0  0.90 0.07
  342 K    -1   3  -1  -1  -3   1   0  -2   0  -2  -2   3  -1  -3  -2   0   2  -3  -2  -1    2  28   0   0   0   6   3   0   2   2   0  31   0   0   0   2  23   0   0   3  0.34 0.03
  343 L    -2  -3  -4  -4  -2  -3  -4  -4  -3   1   5  -3   2   0  -4  -3  -2  -2  -2   0    0   0   0   0   0   0   0   0   0   0 100   0   0   0   0   0   0   0   0   0  0.66 0.06
  344 K    -1   2  -1  -1  -4   1   0  -2  -1  -3  -3   6  -2  -4  -2  -1  -1  -4  -2  -3    0   2   0   0   0   0   0   0   0   0   0  98   0   0   0   0   0   0   0   0  0.80 0.08
  345 E    -1   1   0   1  -4   3   5  -2  -1  -3  -3   1  -2  -4  -2   0  -1  -1  -2  -3    1   4   0   2   0  13  68   0   0   0   1   6   0   0   0   2   1   1   0   1  0.63 0.05
  346 L    -2  -2  -4  -4  -2  -2  -3  -4  -1   1   4  -3   3   1  -3  -3  -2  -1   2   0    0   0   0   0   0   0   0   0   1   0  75   0  10   2   0   0   0   0  11   0  0.46 0.05
  347 I    -2  -4  -4  -4  -2  -3  -4  -4  -4   5   1  -3   1  -1  -3  -3  -1  -3  -2   3    0   0   0   0   0   0   0   0   0  91   0   0   0   0   0   0   0   0   0   9  0.62 0.07
  348 F    -3  -3  -4  -4  -3  -4  -4  -4  -1  -1   0  -4  -1   7  -4  -3  -3   1   4  -1    0   0   0   0   0   0   0   0   0   0   0   0   0  89   0   0   0   0  11   0  1.05 0.08
  349 E    -1   0   0   2  -4   3   5  -2   0  -3  -3   1  -2  -4  -2   0  -1  -3  -2  -3    2   1   4   5   0  13  71   0   1   1   0   1   0   0   0   1   1   0   0   0  0.68 0.06
  350 E    -1  -1  -1   1  -4   2   6  -3  -1  -4  -4   0  -3  -4  -2  -1  -1  -4  -3  -3    0   0   0   0   0   1  98   0   0   0   0   0   0   0   0   0   0   0   0   1  0.98 0.08
  351 T     0  -2  -1  -2  -2  -1  -2  -2  -2  -1  -2  -1  -1  -3  -2   1   6  -3  -2  -1    1   0   0   0   0   0   0   0   0   0   0   0   0   0   0   0  99   0   0   0  0.79 0.09
  352 A     2  -1  -1  -2  -1  -1  -1  -1  -2   1   1  -1   1  -1  -2   0   0  -3  -2   1   38   2   3   0   0   3   2   2   0   3  20   1   4   1   0   1   1   0   0  17  0.12 0.02
  353 R    -1   4   0  -1  -3   1   0  -2   0  -1   1   1   0  -1  -2  -1  -1  -3  -1  -1    6  37   4   1   0   7   2   0   3   1  25   7   3   1   0   2   2   0   1   1  0.21 0.03
  354 F    -3  -3  -3  -4  -3  -4  -4  -4  -2   0   1  -4   0   7  -4  -3  -2   0   3  -1    0   0   1   0   0   0   0   0   0   5   6   0   1  81   0   1   0   0   6   0  0.85 0.07
  355 Q    -1   2   0  -1  -4   5   1  -2   1  -3  -3   4  -1  -4  -2   0  -1  -3  -2  -3    1   7   0   0   0  50   1   1   2   0   0  37   0   0   0   2   1   0   0   0  0.58 0.05
  356 P     1   0  -1   0  -3   2   2  -1   0  -3  -2   0  -2  -3   4   0   0  -3  -2  -2   14   1   0   3   0  14  23   1   2   0   2   4   0   0  27   5   4   0   0   0  0.48 0.02
  357 G     0   2   2  -1  -2   0  -1   2   0  -2  -2   0  -2  -3  -2   0   2  -3  -2  -1    7  18  16   1   0   1   0  24   3   3   1   3   0   0   0   1  20   0   0   2  0.22 0.01
  358 Y    -2   0   0  -2  -1   1  -1  -3   3  -1  -1  -1   0   3  -3  -1  -1   1   5  -1    0   3   4   1   2   8   0   0  11   0   2   3   5  11   0   3   2   0  43   2  0.35 0.02
  359 R    -1   4   0   0  -4   5   2  -2   1  -3  -3   1  -1  -4  -1  -1  -1  -3  -2  -3    0  29   0   2   0  63   3   0   1   0   0   0   0   0   2   0   0   0   0   0  0.62 0.04
  360 S     1  -2   0  -1  -2  -1  -1   4  -2  -3  -3  -1  -2  -3  -2   3   1  -3  -3  -2    0   0   2   0   0   0   0  48   0   0   0   0   0   0   0  44   5   0   0   0  0.52 0.01

                      K         Lambda
Standard Ungapped    0.1394     0.3221
Standard Gapped      0.0486     0.2670
PSI Ungapped         0.1586     0.3176
PSI Gapped           0.0486     0.2670
