
Last position-specific scoring matrix computed, weighted observed percentages rounded down, information per position, and relative weight of gapless real matches to pseudocounts
            A   R   N   D   C   Q   E   G   H   I   L   K   M   F   P   S   T   W   Y   V   A   R   N   D   C   Q   E   G   H   I   L   K   M   F   P   S   T   W   Y   V
    1 M    -3  -3  -4  -5  -3  -2  -4  -5  -3  -1   0  -3  10  -2  -4  -3  -2  -3  -3  -1    0   0   0   0   0   0   0   0   0   0   0   0 100   0   0   0   0   0   0   0  1.90 0.35
    2 A     4  -2   1  -1  -2  -1   0  -1  -2  -2  -3  -1  -2  -3  -2   3   2  -4  -3  -2   44   0   6   2   0   0   5   0   0   0   0   0   0   0   0  32  11   0   0   0  0.46 0.13
    3 S     0  -1   1   1  -1  -1  -1  -1  -1  -3  -3  -1  -2  -4   1   4   2  -4  -3  -2    3   1   6   9   1   1   0   1   1   0   0   0   0   0   6  56  14   0   0   1  0.51 0.15
    4 P     0  -1   0  -2   1  -1  -1  -1  -2  -2  -2   0  -1  -2   4   3   1  -3  -2  -2    6   3   2   0   3   1   1   2   0   2   3   6   1   1  20  38  10   0   1   1  0.38 0.11
    5 A     2   0   1   2  -3   2   2  -1  -1  -3  -2   2  -2  -4  -2   0  -1  -4  -3  -2   22   2   7  12   0  13  18   1   0   0   2  19   0   0   0   0   2   0   0   0  0.32 0.10
    6 A     1  -1   0   1  -2   0   1   1  -1  -2  -1   0   2  -3   2   0   0  -3  -2  -1   19   2   4   7   0   2  12  12   0   0   2   8  11   0  10   5   3   0   0   3  0.16 0.06
    7 G     0   0   0  -1  -3   0   0   4  -2  -4  -4   3  -2  -4   0   0  -1  -4  -3  -3    4   1   2   1   0   2   4  41   0   0   0  34   0   0   3   6   3   0   0   0  0.54 0.13
    8 D     0   1   0  -1  -1   1   0   0   0   1  -1   1  -1  -2   0   0   1  -3  -1   0    3   7   4   1   1   9   2   9   3  14   2  13   0   0   4   8  13   0   1   6  0.07 0.04
    9 V    -2  -4  -4  -5  -2  -4  -4  -5  -5   5   0  -4   0  -2  -4  -3  -2  -4  -3   5    0   0   0   0   0   0   0   0   0  44   0   0   0   0   0   0   0   0   0  55  0.88 0.20
   10 L     2  -2  -2  -3  -1  -2  -2   2  -3   0   0  -2  -1  -2  -2   0   2  -2  -1   2   21   0   0   0   1   0   0  16   0   0   9   0   0   0   0   4  22   0   2  25  0.23 0.10
   11 I    -2  -4  -4  -4  -1  -4  -4  -5  -4   6   0  -4   0   0  -4  -3  -2  -4  -2   4    0   0   0   0   1   0   0   0   0  64   1   0   0   3   0   0   0   0   0  31  0.86 0.20
   12 V    -2  -4  -4  -4  -1  -3  -4  -5  -4   5   1  -4   0   1  -4  -3  -1  -4  -2   4    0   0   0   0   0   0   0   0   0  43   5   0   0   5   0   0   0   0   0  46  0.72 0.17
   13 G    -1  -4  -2  -3  -4  -3  -4   7  -4  -5  -5  -3  -4  -1  -4  -2  -3  -4  -3  -5    0   0   0   0   0   0   0  96   0   0   0   0   0   3   0   0   0   0   0   0  1.63 0.26
   14 S     0  -2  -1  -2  -2  -2  -2  -2  -2  -4  -4  -2  -3  -4  -2   6   0  -4  -3  -3    0   0   1   0   0   0   0   0   0   0   0   0   0   0   0  95   0   0   0   0  1.17 0.29
   15 G    -1  -4  -2  -3  -4  -3  -3   7  -3  -5  -5  -3  -4  -4  -3  -2  -3  -4  -4  -4    0   0   0   0   0   0   0  96   0   0   0   0   0   0   0   0   0   0   0   0  1.66 0.27
   16 L    -3  -3  -4  -5  -2  -3  -4  -5  -4   1   5  -4   1  -1  -4  -4  -2  -3  -2   0    0   0   0   0   0   0   0   0   0   4  91   0   0   0   0   0   0   0   0   1  0.97 0.22
   17 V    -3  -4  -4  -4  -3  -4  -4  -5  -4   7   0  -4   0  -2  -4  -4  -2  -4  -3   1    0   0   0   0   0   0   0   0   0  94   0   0   0   0   0   0   0   0   0   2  1.23 0.27
   18 G    -1  -4  -2  -3  -4  -3  -3   7  -3  -5  -5  -3  -4  -4  -3  -2  -3  -4  -4  -4    0   0   0   0   0   0   0  96   0   0   0   0   0   0   0   0   0   0   0   0  1.68 0.27
   19 R    -3   7  -2  -3   3   1  -2  -4  -1  -4  -4   0  -3  -4  -3  -2  -2  -4  -3  -4    0  82   0   0   7   6   0   0   1   0   0   0   0   0   0   2   0   0   0   0  1.31 0.28
   20 S     0  -2  -1  -2  -3  -1  -2  -1  -2  -4  -4  -2  -3  -4  -2   6   0  -4  -3  -3    0   0   1   0   0   1   0   1   0   0   0   0   0   0   0  94   0   0   0   0  1.19 0.30
   21 W    -5  -5  -6  -6  -5  -4  -5  -5  -5  -5  -4  -5  -4  -1  -6  -5  -5  13   0  -5    0   0   0   0   0   0   0   0   0   0   0   0   0   0   0   0   0  96   0   0  3.87 0.50
   22 A     6  -3  -3  -3  -2  -2  -2  -1  -3  -3  -3  -2  -2  -4  -2   0   0  -4  -3  -2   90   0   0   0   0   0   0   1   0   0   0   0   0   0   0   4   3   0   0   0  1.02 0.27
   23 M    -3  -3  -4  -5  -3  -2  -4  -5  -4  -1   0  -3  10  -2  -4  -3  -2  -3  -3  -1    0   0   0   0   0   0   0   0   0   1   2   0  94   0   0   0   1   0   0   0  2.04 0.43
   24 L    -2  -3  -4  -4  -2  -3  -4  -4  -4   1   4  -3   0  -1  -4  -3  -2  -3  -2   4    1   0   0   0   0   0   0   0   0   2  46   0   0   0   0   0   0   0   0  49  0.70 0.20
   25 F    -4  -5  -5  -5  -4  -5  -5  -5  -3  -2  -1  -5  -2   9  -5  -4  -4  -1   1  -3    0   0   0   0   0   0   0   0   0   0   0   0   0  97   0   0   0   0   0   0  2.00 0.36
   26 A     5  -3  -3  -3  -2  -2  -2  -2  -3   0   0  -2  -1  -3  -2   0  -1  -4  -3   1   74   0   0   0   0   0   0   0   0   6   8   0   1   0   0   1   1   0   0   8  0.67 0.22
   27 S     2  -2  -1  -2  -2  -2  -2   1  -2  -4  -4  -2  -3  -4  -2   5   0  -4  -3  -3   15   0   0   0   0   0   0   9   0   0   0   0   0   0   0  73   0   0   0   0  0.84 0.25
   28 G     2  -3  -2  -3  -3  -3  -3   6  -3  -3  -4  -3  -3  -4  -3  -1  -2  -4  -4   0   16   0   0   0   0   0   0  69   0   0   0   0   0   0   0   1   1   0   0  11  0.98 0.21
   29 G    -1  -4  -2  -3  -4  -3  -4   7  -4  -5  -5  -3  -4  -5  -4  -2  -3  -4  -5  -5    0   0   0   0   0   0   0  97   0   0   0   0   0   0   0   0   0   0   0   0  1.77 0.31
   30 F    -3  -4  -4  -5  -4  -4  -4  -5  -1  -2  -1  -4  -2   6  -5  -4  -3   0   7  -2    0   0   0   0   0   0   0   0   0   1   2   0   0  46   0   0   0   0  48   0  1.44 0.29
   31 R    -1   3   0  -1  -4   3   0  -2  -1  -4  -3   4  -2  -4  -2   1   0  -3  -3  -3    1  19   4   1   0  18   3   0   0   0   0  37   0   0   0  11   5   0   0   0  0.54 0.16
   32 V    -2  -4  -4  -5  -1  -4  -4  -5  -5   1  -1  -4  -1  -2  -4  -3  -2  -4  -3   7    0   0   0   0   1   0   0   0   0   1   0   0   0   0   0   0   0   0   0  96  1.23 0.30
   33 K    -2   2  -1  -2  -1   0  -1  -3   0  -2  -3   6  -2  -3  -2   0   0  -4   0  -3    1   6   1   1   1   1   0   0   1   2   0  69   0   1   0   4   6   0   4   1  0.73 0.22
   34 L    -2  -4  -4  -4  -2  -3  -4  -5  -4   4   4  -4   1  -1  -4  -3  -2  -3  -2   1    0   0   0   0   0   0   0   0   0  32  61   0   2   0   0   0   0   0   0   3  0.76 0.19
   35 Y    -4  -4  -4  -5  -2  -3  -4  -5   0  -3  -3  -4  -3   3  -5  -4  -3   0   9  -3    0   0   0   0   1   0   0   0   1   0   0   0   0  11   0   0   0   0  85   0  1.91 0.36
   36 D    -3  -3   0   8  -5  -2   0  -3  -3  -5  -5  -2  -5  -5  -3  -2  -3  -6  -5  -5    0   0   0  97   0   0   0   0   0   0   0   0   0   0   0   0   0   0   0   0  1.89 0.35
   37 I    -2  -3   3  -2  -3  -3  -3  -3  -3   5   0  -2  -1  -2  -3  -1   0  -4  -3   2    2   0  23   0   0   0   0   0   0  54   0   2   0   0   0   2   3   0   0  13  0.55 0.19
   38 E     1  -1  -2   0  -3   4   3  -2  -2  -1  -1   0  -1  -3  -2  -1  -1  -4  -3   1   13   0   0   4   0  24  31   1   0   2   4   2   1   0   0   0   0   0   0  17  0.37 0.15
   39 P    -2  -1  -2  -1  -4   5   1  -3  -1  -4  -4   1  -3  -5   5  -1  -1  -4  -3  -4    1   0   1   2   0  43   5   0   1   0   0   6   0   0  36   2   2   0   0   0  1.05 0.25
   40 R    -1   0   0   0  -4   5   2   3  -1  -4  -4   0  -2  -4  -2   0  -1  -4  -3  -4    1   4   2   2   0  38  13  27   0   0   0   3   0   0   1   4   2   0   0   0  0.58 0.18
   41 Q    -3   0  -2  -2  -5   8   0  -4   0  -5  -3   0  -2  -3  -3  -2  -3  -4  -3  -4    0   1   0   0   0  89   1   0   1   0   2   4   0   1   0   0   0   0   0   0  1.61 0.38
   42 I     2  -3  -3  -4  -2  -3  -3  -3  -4   4   2  -3   0  -2  -3  -1  -1  -3  -2   3   26   0   0   0   0   0   0   0   0  34  15   0   0   0   0   3   0   0   0  21  0.41 0.15
   43 T     2   0  -1  -1  -2   0  -1  -2  -2  -2  -2  -1   0  -3  -1   1   4  -4  -3  -1   22   4   0   3   0   3   1   1   0   0   1   2   3   0   2  10  46   0   0   1  0.44 0.17
   44 G    -1   1   3   1  -2   0   0   0   0  -3  -3   2  -2  -4  -2   2   0  -4  -2  -2    3   7  23   8   1   0   2   7   1   1   0  21   0   0   0  20   5   0   0   1  0.33 0.12
   45 A     6  -3  -3  -3  -2  -2  -3  -1  -3  -3  -3  -2  -3  -4  -2   0  -2  -4  -3  -2   95   0   0   0   0   0   0   0   0   0   0   0   0   0   0   3   0   0   0   0  1.20 0.31
   46 L    -2  -3  -4  -5  -2  -3  -4  -5  -4   3   5  -4   2  -1  -4  -3  -2  -3  -2   1    1   1   0   0   0   1   0   0   0  23  67   0   3   0   0   0   0   0   0   4  0.76 0.19
   47 E     0  -1  -1   1  -4   2   5  -3  -2  -2  -3   1  -2  -4  -2   0   1  -4  -3  -1    5   1   2   5   0   6  54   0   0   2   1   6   1   0   0   2  12   0   0   4  0.56 0.17
   48 N    -2  -1   5   3  -3   0   3  -2  -1  -4  -4   0  -3  -4  -3   1   0  -4  -2  -3    1   0  35  19   0   0  24   1   0   0   1   4   0   0   0   9   3   0   2   0  0.61 0.17
   49 I    -3  -4  -5  -5  -3  -4  -5  -5  -5   7   0  -4   1  -2  -4  -4  -2  -4  -3   2    0   0   0   0   0   0   0   0   0  87   2   0   2   0   0   0   1   0   0   7  1.18 0.28
   50 R    -2   6  -2  -2  -4   0   0  -1   0  -5  -4   2  -3  -4  -3   0  -2  -4  -3  -4    0  70   0   1   0   1   4   4   1   0   0  10   0   0   0   9   0   0   0   0  1.02 0.24
   51 K    -2   1  -1  -1  -4   2   1  -2   0  -3  -3   6  -2  -4  -2  -1  -1  -4  -3  -2    1   3   1   1   0   8   5   3   1   1   0  68   1   0   0   4   1   0   0   2  0.74 0.22
   52 E    -2  -1  -2   0  -5   7   4  -4  -1  -5  -4   0  -3  -5  -3  -1  -2  -4  -3  -4    0   1   0   2   0  69  26   0   0   0   0   1   0   0   0   2   0   0   0   0  1.30 0.31
   53 M    -3  -3  -4  -5  -3  -3  -4  -5  -4   2   4  -3   7  -1  -4  -3  -2  -3  -2   0    0   0   0   0   0   0   0   0   0   7  44   1  45   0   0   0   1   0   0   3  0.93 0.24
   54 K    -2   0  -1   0  -4   1   3  -2   0  -3  -3   5  -1  -4  -2   0   0  -4  -3  -2    1   1   2   2   0   4  22   2   2   0   0  53   2   0   0   3   5   0   0   1  0.59 0.18
   55 S    -1   0  -1   1  -4   0   5  -3  -2  -2   0   0   0  -2  -2   0   0  -3  -3  -2    1   4   2   7   0   1  50   0   0   1  15   2   2   2   0   5   7   0   0   1  0.43 0.15
   56 L    -3  -4  -5  -5  -3  -4  -4  -5  -4   0   6  -4   3  -1  -4  -4  -3   0  -2   0    0   0   0   0   0   0   0   0   0   0  91   0   6   0   0   0   0   1   0   0  1.08 0.26
   57 Q    -2  -1  -2   0  -5   3   6  -3  -1  -5  -4   0  -3  -5  -3  -1  -2  -4  -2  -4    1   0   0   0   0  13  80   1   0   0   0   2   0   0   0   2   1   0   1   0  1.22 0.28
   58 Q    -1   1  -1   0  -4   4   3  -2  -1  -4  -3   3  -1  -4  -2   0  -1   0  -3  -3    3   4   0   3   0  27  27   2   0   0   1  25   1   0   0   4   2   1   0   0  0.56 0.16
   59 S     3  -1   1   0   0  -1  -1  -1  -1  -2  -2  -1  -2  -3  -2   3   1  -4  -3  -1   29   1   8   4   1   2   1   2   1   2   4   2   0   0   0  37   5   0   0   1  0.33 0.13
   60 G    -1  -2  -1  -1  -2   1  -1   6   3  -5  -5   0  -3  -4  -3  -1  -3  -4  -3  -4    0   1   1   2   1   6   3  66  11   0   0   5   0   0   0   2   0   0   0   0  0.93 0.20
   61 S    -1  -2  -2  -3  -1  -2  -3  -3  -3   0   2  -2   6   1  -3   2  -1  -3   0   0    4   1   0   0   1   0   0   0   0   0  17   0  42   7   0  19   1   0   2   4  0.49 0.19
   62 L    -3  -4  -5  -5  -3  -4  -4  -5  -4   0   6  -4   1  -1  -4  -4  -3  -3  -3  -1    0   0   0   0   0   0   0   0   0   0  98   0   0   0   0   0   0   0   0   0  1.19 0.27
   63 K    -3   6  -2  -3  -5   0  -1  -4  -2  -4  -3   5  -3  -4  -3  -2  -2  -4  -3  -4    0  53   0   0   0   0   0   0   0   0   1  45   0   0   0   0   0   0   0   0  1.16 0.27
   64 G    -2  -4  -2  -3  -4  -4  -4   7  -4  -6  -6  -3  -5  -5  -4  -2  -3  -4  -5  -5    0   0   0   0   0   0   0 100   0   0   0   0   0   0   0   0   0   0   0   0  1.88 0.32
   65 S     1  -1   1   0  -2   0   2  -2  -1  -3  -3   0  -2  -3  -1   3   2  -4  -3  -2   11   1   7   5   0   3  15   0   1   0   1   5   0   0   1  32  19   0   0   0  0.35 0.12
   66 L    -3  -3  -5  -5  -3  -3  -4  -5  -4   0   6  -4   1   0  -4  -3  -3  -3  -2  -1    0   0   0   0   0   0   0   0   0   0  95   0   1   2   0   1   0   0   0   0  1.10 0.26
   67 S     0  -2   2  -1  -2  -1  -1   0  -2  -3  -3   0  -2  -4  -1   5   2  -4  -3  -3    0   0  10   0   0   0   0   6   0   0   1   6   0   0   1  57  16   0   0   0  0.58 0.20
   68 A     5  -3  -3  -3  -2  -2  -2  -1  -3  -2  -2  -2  -2  -3  -1   1   0  -4  -3   1   76   0   0   0   0   0   0   0   0   0   0   0   0   0   2   8   3   0   0  10  0.75 0.23
   69 E     0  -1  -1   3  -3   2   4  -2   1  -3  -3   0  -2  -4  -2   0   0  -4  -3  -2   10   1   1  17   0   7  40   1   4   0   0   5   1   0   0   7   7   0   0   1  0.48 0.14
   70 E    -2  -1  -1   0  -5   6   4  -2  -1  -4  -4   1  -2  -5  -3  -1  -2  -4  -3  -3    1   0   0   4   0  55  32   2   0   0   0   4   0   0   0   1   0   0   0   2  0.99 0.26
   71 Q    -3  -1  -2  -2  -5   8   0  -4  -2  -5  -4  -1  -2  -5  -3  -2  -3  -4  -4  -4    0   0   0   0   0  99   1   0   0   0   0   0   0   0   0   0   0   0   0   0  1.93 0.41
   72 L    -3  -3  -4  -5   1  -3  -4  -4  -1   1   4  -4   2   2  -4  -3  -2  -2  -1   0    0   0   0   0   3   0   0   1   2   6  68   0   5  10   0   0   2   0   1   2  0.63 0.17
   73 S     3  -2  -1  -1  -2   1  -1  -1  -2  -3  -3  -1  -1  -3  -2   4   0  -4  -3  -2   39   0   2   1   0   6   1   2   0   0   1   1   1   0   0  42   2   0   0   1  0.51 0.18
   74 L    -3  -3  -5  -5   1  -3  -4  -5  -4   0   6  -4   1  -1  -5  -4  -3  -3  -3   0    0   0   0   0   3   0   0   0   0   0  95   0   0   0   0   0   0   0   0   1  1.11 0.26
   75 I    -3  -4  -5  -5  -1  -4  -5  -5  -2   6   3  -4   0  -1  -4  -4  -2  -4  -3   1    0   0   0   0   1   0   0   0   1  72  22   0   0   0   0   0   0   0   0   3  0.93 0.23
   76 S    -1  -1  -1  -2  -3   0  -1  -2  -1  -4  -4   1  -3  -4  -2   5   2  -4  -3  -3    0   1   0   0   0   3   0   1   1   0   0  11   0   0   0  75   9   0   0   0  0.84 0.26
   77 S     0  -3  -1  -1  -1  -2  -2   5  -3  -2  -3  -1  -3  -4  -3   2   0  -4  -3   0    3   0   0   1   1   0   0  53   0   2   0   2   0   0   0  25   5   0   0   8  0.66 0.17
   78 C    -1  -3  -3  -4   9  -2  -3  -3   4  -3  -3  -3  -3  -1  -2   1   0  -3   2  -3    3   0   0   0  51   1   0   1  13   0   0   0   0   1   1  12   6   0  10   0  1.10 0.25
   79 T    -1  -1   1   3  -2   0   1  -1  -2  -3  -2  -1  -2  -3   0   2   3  -2  -3  -2    2   2   5  21   0   2   7   1   0   0   2   1   0   0   5  23  28   0   0   1  0.37 0.13
   80 N    -3  -3   3   6  -5  -1   0  -3  -1  -4  -5  -2  -4  -5  -3   0  -2  -6  -4  -3    0   0  18  68   0   1   2   0   1   0   0   1   0   0   0   6   1   0   0   1  1.16 0.25
   81 L    -3  -4  -5  -5  -3  -4  -4  -5  -4   3   5  -4   2   0  -4  -4  -2  -3  -2   0    0   0   0   0   0   0   0   0   0  16  78   0   4   1   0   0   0   0   0   0  0.91 0.22
   82 A     2   1  -1  -2  -2   3   1  -1  -2  -3  -3   3  -2  -2  -1   1   0  -3  -2  -2   26   5   1   0   0  16   6   1   0   1   0  29   0   1   2   9   3   0   0   0  0.34 0.13
   83 E     1  -1  -1   0  -3   4   4  -2  -1  -3  -2   0   0  -4  -2  -1   0  -4  -3  -2   14   0   1   4   0  24  39   1   0   0   2   1   2   0   0   1   8   0   0   2  0.51 0.17
   84 A     6  -3  -3  -3   3  -2  -2  -2  -3  -2  -3  -2  -2  -4  -2   0   0  -4  -3  -1   83   0   0   0   7   0   0   0   0   0   1   0   0   0   0   0   4   0   0   2  0.91 0.25
   85 V    -1  -4  -4  -4  -1  -3  -4  -4  -4   2   3  -3   0  -2  -4  -3  -1  -4  -2   5    3   0   0   0   1   0   0   0   0   5  31   0   0   0   0   0   1   0   0  58  0.66 0.19
   86 E    -2   0  -2   0  -5   1   6  -3  -1  -5  -4   3  -3  -5  -3  -1  -2  -4  -2  -4    1   1   0   2   0   3  72   0   0   0   0  18   0   0   0   2   0   0   1   0  1.05 0.25
   87 G    -1  -4  -2   0  -4  -3  -3   7  -4  -5  -5  -3  -4  -5  -4  -2  -3  -4  -3  -5    0   0   0   6   0   0   1  91   0   0   0   0   0   0   0   1   0   0   1   0  1.58 0.29
   88 V     6  -3  -3  -3  -2  -2  -2  -1  -3  -3  -3  -2  -3  -4  -2   0   0  -4  -2  -2   93   0   0   0   0   0   0   0   0   0   0   0   0   0   0   3   3   0   1   0  1.10 0.29
   89 V    -2  -2  -3  -4  -3  -2  -3  -3  -3   2   1   0   4   4  -3  -2   1  -2   0   1    1   1   0   0   0   0   0   0   0  12   5   7  16  29   0   1  15   0   0  12  0.35 0.14
   90 H    -4  -3  -3  -4  -4  -3  -3  -4   7  -2   0  -3  -2   6  -5  -3  -3  -2   2  -3    0   0   0   0   0   0   0   0  39   0   8   0   0  49   0   0   0   0   4   0  1.26 0.28
   91 I    -2  -4  -4  -5  -2  -4  -4  -5  -5   5   0  -4   0  -1  -4  -3  -2  -4  -3   4    0   0   0   0   0   0   0   0   0  55   0   0   0   1   0   0   0   0   0  42  0.92 0.23
   92 Q    -3  -1  -2  -2  -5   8   0  -4  -1  -5  -4   0  -2  -5  -3  -2  -2  -4  -3  -4    0   0   0   0   0 100   0   0   0   0   0   0   0   0   0   0   0   0   0   0  1.75 0.35
   93 E    -2  -2  -2   0  -5   1   7  -4  -2  -5  -4  -1  -4  -5  -3  -2  -2  -4  -4  -4    0   0   0   0   0   0  99   0   0   0   0   0   0   0   0   0   0   0   0   0  1.50 0.29
   94 C    -2  -5  -3  -5  11  -5  -5  -4  -5  -3  -3  -5  -3  -4  -5  -2  -3  -4  -4  -3    1   0   1   0  96   0   0   0   0   0   0   0   0   0   0   2   0   0   0   0  2.59 0.36
   95 V    -1  -3  -3  -4  -2  -3  -3  -4  -4   2  -1  -3  -1  -2  -3  -2   3  -4  -2   5    0   0   0   0   0   0   0   0   0   7   0   0   0   0   0   0  23   0   0  69  0.68 0.19
   96 P    -3  -4  -4  -3  -4  -3  -3  -4  -3  -3  -3  -3  -3   4   7  -3  -3  -3   0  -3    0   0   0   0   0   0   0   0   0   0   0   0   0  27  70   0   0   0   1   0  1.74 0.25
   97 E    -2  -2  -2   0  -5   1   7  -4  -2  -5  -4  -1  -4  -5  -3  -2  -2  -4  -4  -4    0   0   0   0   0   0  99   0   0   0   0   0   0   0   0   0   0   0   0   0  1.50 0.29
   98 N    -2   0   6   3  -4   2   1  -2  -1  -3  -4   0  -2  -4  -3   0  -1  -4  -3  -3    0   3  52  18   0  11   5   0   0   1   0   2   0   0   0   5   0   0   0   1  0.73 0.17
   99 L    -3  -3  -5  -5  -2  -3  -4  -5  -4   1   5  -4   1  -1  -4  -4  -2  -3  -2   1    0   0   0   0   0   0   0   0   0   2  93   0   0   0   0   0   0   0   0   4  0.97 0.21
  100 D    -2  -1  -1   2  -5   1   6  -3  -1  -4  -4   0  -3  -5  -1  -1  -1  -4  -3  -4    1   0   0   9   0   4  79   0   0   0   0   2   0   0   1   1   1   0   0   0  1.07 0.22
  101 L     0  -3  -4  -4  -2  -3  -4  -4  -4   1   4  -3   1  -1  -3  -3  -1  -3  -2   2   11   0   0   0   0   0   0   0   0   1  70   0   2   0   0   0   1   0   0  16  0.58 0.15
  102 K    -2   1  -2  -2  -5   0  -1  -3  -2  -4  -4   7  -3  -5  -3  -2  -2  -5  -3  -4    0   0   0   0   0   0   0   0   0   0   0 100   0   0   0   0   0   0   0   0  1.39 0.29
  103 R    -2   3  -1  -2  -3   4   0  -3  -1  -3  -2   5  -2  -4  -2  -1  -2  -4  -3  -3    0  15   0   0   1  32   1   0   1   1   2  47   0   0   0   0   0   0   0   0  0.75 0.18
  104 K    -1   1   0  -1  -3   1   0  -1  -1  -3  -4   5  -2  -4  -2   1   0  -4  -3  -3    1   0   3   1   0   3   4   2   1   0   0  68   0   0   0  14   3   0   0   0  0.68 0.18
  105 I    -2  -4  -4  -4  -2  -4  -4  -5  -4   5   1  -4   1  -1  -4  -3  -1  -4  -2   4    0   0   0   0   0   0   0   0   0  47   6   0   1   0   0   0   0   0   0  45  0.74 0.17
  106 F    -4  -4  -5  -5  -4  -5  -5  -5  -2  -2  -1  -5   0   8  -5  -4  -4   1   3  -2    0   0   0   0   0   0   0   0   0   0   2   0   1  90   0   0   0   1   6   0  1.62 0.28
  107 A     2   0   0  -1  -1   3   0   2   1  -3  -2   0  -2  -3  -2   1  -1  -3  -2  -2   24   2   3   1   1  23   3  15   4   0   3   5   0   0   0  15   1   0   0   0  0.27 0.09
  108 Q     0   0   0   3  -4   6   2  -2  -1  -4  -3   0  -2  -4  -2   0  -2  -4  -3  -3    6   2   3  21   0  51  12   1   0   0   0   0   0   0   0   3   0   0   0   1  0.72 0.18
  109 L    -2  -3  -4  -4  -2  -3  -4  -4  -4   2   4  -3   2  -1  -4  -3  -2  -3  -2   2    2   0   0   0   0   0   0   0   0  11  66   0   3   0   0   0   0   0   0  17  0.63 0.15
  110 D    -3  -2   0   7  -5  -1   4  -3  -2  -5  -5  -1  -4  -5  -3  -1  -2  -5  -4  -4    0   0   0  72   0   0  28   0   0   0   0   0   0   0   0   0   0   0   0   0  1.32 0.24
  111 S     0   2   0  -1  -1   1   0   1  -1  -1   1   1  -1  -2  -2   1  -1  -3  -2  -1    6  18   3   3   1   6   2  10   1   0  25  12   0   0   0  13   1   0   0   0  0.13 0.06
  112 I    -2  -3  -4  -4   1  -3  -4  -4   2   4   3  -3   1   0  -4  -3  -2  -3   0   2    0   0   0   0   3   0   0   0   8  44  30   0   1   3   0   0   0   0   2   9  0.47 0.13
  113 V     1  -3  -4  -4  -2  -3  -3  -4  -4   2   0  -3   1  -2  -3  -2   0  -4  -2   5   11   0   0   0   0   0   0   0   0   8   0   0   4   0   0   0   5   0   0  72  0.65 0.18
  114 D    -1  -2   1   5  -3  -2   0   4  -2  -4  -5  -2  -4  -4  -2   0  -1  -4  -4  -4    1   0   6  44   0   0   1  38   0   0   0   0   0   0   0   8   1   0   0   0  0.79 0.16
  115 D    -2  -2   2   6  -4   0   2  -1  -2  -4  -4   1  -4  -4  -2   0  -2  -5  -4  -3    0   0  10  56   0   0  14   4   0   0   0  10   0   0   1   3   0   0   0   1  0.79 0.16
  116 R    -1   1   3   4  -3   0   0   0   2  -3  -4   1  -3  -4  -2   1   0  -4  -3  -3    1   9  20  30   0   1   2   4   5   1   0  13   0   0   0  11   4   0   0   0  0.43 0.10
  117 V     0  -3  -3  -4  -1  -3  -3  -4  -4   1  -1  -3   0  -2  -3  -2   2  -4  -2   5    4   0   0   0   1   0   0   0   0   2   0   0   0   0   0   0  18   0   0  75  0.71 0.20
  118 V    -2  -4  -4  -4  -2  -4  -4  -5  -5   6   0  -4   0  -2  -4  -3  -1  -4  -2   4    0   0   0   0   0   0   0   0   0  66   0   0   0   0   0   0   0   0   0  34  0.90 0.20
  119 L    -3  -3  -5  -5  -3  -3  -4  -5  -4   2   5  -4   1   0  -4  -4  -2  -3  -2   0    0   0   0   0   0   0   0   0   0   6  91   0   1   2   0   0   0   0   0   0  0.95 0.21
  120 S     0  -2  -1  -2   2  -2  -2  -1  -2  -4  -4  -2  -3  -4  -2   6   0  -4  -3  -3    3   0   0   0   5   0   0   2   0   0   0   0   0   0   0  90   0   0   0   0  1.01 0.26
  121 S     0  -2  -1  -2  -2  -2  -2  -2  -2  -4  -4  -2  -3  -4  -2   6   0  -4  -3  -3    0   0   0   0   0   0   0   0   0   0   0   0   0   0   0  99   1   0   0   0  1.21 0.29
  122 S     0  -2  -1  -2  -2  -2  -2  -2  -2  -4  -4  -2  -3  -4  -2   6   0  -4  -3  -3    0   0   0   0   0   0   0   0   0   0   0   0   0   0   0 100   0   0   0   0  1.22 0.29
  123 S    -1  -2  -1  -2  -2  -2  -2  -3  -3  -2  -3  -2  -2  -4  -2   2   6  -4  -3  -2    1   0   0   0   0   0   0   0   0   0   0   0   0   0   0  14  85   0   0   0  1.08 0.26
  124 S     0  -2  -1  -2  -2  -2  -2  -2  -2  -4  -4  -2  -3  -4  -2   6   0  -4  -3  -3    0   0   0   0   0   0   0   0   0   0   0   0   0   0   0 100   0   0   0   0  1.22 0.29
  125 C    -2  -5  -4  -5  10  -4  -5  -4  -4  -3  -3  -4  -3  -4  -4  -2   2  -4  -2  -2    0   0   0   0  84   0   0   1   0   0   0   0   0   0   0   0  14   0   1   0  2.14 0.32
  126 L    -3  -3  -4  -5  -2  -3  -4  -5  -3   1   5  -3   1   2  -4  -4  -2  -2  -1   0    0   0   0   0   0   0   0   0   0   6  82   0   0  10   0   0   1   0   0   0  0.79 0.18
  127 L    -1  -2  -4  -4  -1  -2  -3  -4  -3   1   4  -3   4  -1  -2  -2  -2  -3  -2   2    3   2   0   0   1   1   0   0   0   0  59   0  13   0   2   3   0   0   0  17  0.48 0.14
  128 P    -2  -4  -4  -3  -5  -3  -3  -4  -4  -5  -5  -3  -4  -5   8  -2  -3  -6  -5  -4    1   0   0   0   0   0   0   0   0   0   0   0   0   0  99   0   0   0   0   0  2.64 0.33
  129 S     0  -2  -1  -2  -2  -1  -2  -2  -2  -4  -4  -2  -3  -4  -2   6   2  -4  -3  -3    0   0   0   0   0   0   0   0   0   0   0   0   0   0   0  89  11   0   0   0  1.02 0.26
  130 K    -1   1   2   0  -3   1   0  -2  -1  -3   0   5  -2  -3  -2   1  -1  -4  -3  -3    1   4  13   2   0   4   0   0   1   0  11  53   0   0   0   9   0   0   0   0  0.45 0.14
  131 L    -2  -3  -4  -4  -2  -3  -4  -4  -3   2   3  -3   2   3  -4  -3  -2  -2   0   3    0   0   0   0   0   0   0   0   0   8  46   0   4  15   0   0   0   0   0  27  0.51 0.12
  132 F    -3  -4  -4  -4  -4  -4  -4  -4  -3  -2  -1  -4  -1   8  -4   0   0  -1   1  -2    0   0   0   0   0   0   0   0   0   0   0   0   0  82   0  12   6   0   0   0  1.27 0.25
  133 T     2  -1   0   0  -1   0   1  -1  -2  -2  -2  -1  -2  -3  -2   3   3  -3  -3  -1   18   1   2   2   1   3  10   0   0   0   2   2   0   0   0  32  26   0   0   1  0.35 0.12
  134 G    -1   0   0   0  -3   0  -1   5   1  -4  -3   2  -3  -4  -2  -1  -1  -4  -3  -4    0   5   4   5   0   2   1  56   3   0   2  17   0   0   1   1   2   0   0   0  0.61 0.13
  135 L    -2  -3  -4  -5  -2  -3  -4  -5  -4   1   5  -4   1  -1  -4  -3  -2  -3  -2   3    0   0   0   0   0   0   0   0   0   0  72   0   1   0   0   0   0   0   0  27  0.75 0.18
  136 A     1   1  -1  -2  -3   4   0  -2   0  -2  -3   4  -2  -4  -1  -1   0  -4  -2   0   11   3   1   0   0  25   0   0   2   0   0  43   0   0   2   0   4   0   0   8  0.45 0.15
  137 H    -3   0   4  -2  -5  -1  -1  -3   9  -4  -4  -2  -3  -3  -4  -2  -3  -4   0  -5    0   3  23   0   0   1   1   0  70   1   0   1   0   0   0   0   0   0   0   0  1.49 0.28
  138 V    -2   4  -3  -3  -3   0  -2  -4  -3   0  -1   1   0  -3  -1  -2  -1  -4  -2   4    0  28   0   0   0   4   0   0   0   0   0  11   1   0   2   0   0   0   0  54  0.47 0.16
  139 K    -1   1   0  -1  -3   1   0  -1  -1  -4  -3   5  -2  -4  -2   2   0  -4  -3  -3    2   2   2   2   0   3   2   2   1   0   0  56   1   0   0  22   5   0   0   0  0.55 0.16
  140 Q    -2   4   1  -2  -5   6   0  -3   0  -4  -4   0  -2  -5  -3  -1  -2  -4  -3  -4    0  29   5   0   0  64   0   0   1   0   0   0   0   0   0   1   0   0   0   0  1.08 0.24
  141 C    -1  -5  -4  -5  10  -5  -5  -4  -5   0  -3  -5  -3  -2  -4  -3  -2  -4  -4   0    3   0   0   0  86   0   0   0   0   5   0   0   0   2   0   0   0   0   0   5  2.14 0.32
  142 I    -2  -4  -5  -5  -2  -4  -4  -5  -4   6   3  -4   1  -1  -4  -4  -2  -3  -2   2    0   0   0   0   0   0   0   0   0  67  27   0   0   0   0   0   0   0   0   5  0.81 0.18
  143 V    -2  -4  -4  -5  -2  -4  -4  -5  -5   2   0  -4   0  -2  -4  -3  -1  -4  -3   6    0   0   0   0   0   0   0   0   0   8   0   0   0   0   0   0   0   0   0  92  1.05 0.24
  144 A     4  -2  -1  -2  -1  -2  -2  -1  -2  -3  -3  -2  -2  -4  -2   4   0  -4  -3  -2   46   0   0   0   1   0   0   2   0   0   0   0   0   0   0  51   0   0   0   0  0.70 0.20
  145 H    -4  -2  -1  -3  -5  -1  -2  -4  10  -5  -5  -3  -3  -3  -4  -3  -4  -4   0  -5    0   0   0   0   0   0   0   0 100   0   0   0   0   0   0   0   0   0   0   0  2.43 0.37
  146 P    -3  -4  -4  -3  -5  -3  -3  -4  -4  -5  -5  -3  -4  -6   9  -3  -3  -6  -5  -4    0   0   0   0   0   0   0   0   0   0   0   0   0   0 100   0   0   0   0   0  2.69 0.33
  147 V    -2  -4  -4  -5   0  -4  -4  -5  -5   2   0  -4  -1  -2  -4  -3  -1  -4  -3   6    0   0   0   0   2   0   0   0   0   2   0   0   0   0   0   0   0   0   0  97  1.09 0.25
  148 N    -3  -2   8   0  -4  -2  -2  -2  -1  -5  -5  -2  -4  -5  -4  -1  -2  -6  -4  -5    0   0  99   0   0   0   0   0   0   0   0   0   0   0   0   1   0   0   0   0  1.74 0.31
  149 P    -3  -4  -4  -3  -5  -3  -3  -4  -4  -5  -5  -3  -4  -6   9  -3  -3  -6  -5  -4    0   0   0   0   0   0   0   0   0   0   0   0   0   0 100   0   0   0   0   0  2.69 0.33
  150 P    -2  -4  -4  -3  -5  -3  -3  -4  -4  -4  -5  -3  -3  -5   8  -2  -2  -6  -5  -4    0   0   0   0   0   0   0   0   0   0   0   0   0   0  98   0   2   0   0   0  2.59 0.32
  151 Y    -4  -4  -4  -5  -4  -3  -4  -5   0  -3  -3  -4  -3   2  -5  -4  -3   1   9  -3    0   0   0   0   0   0   0   0   0   0   0   0   0   2   0   0   0   0  98   0  2.08 0.34
  152 Y    -3  -3  -4  -4  -2  -3  -4  -5   2  -3  -2  -4  -2   4  -5  -3  -3   1   8  -3    0   0   0   0   1   0   0   0   4   0   1   0   0  18   0   0   0   0  76   0  1.56 0.27
  153 I    -1  -4  -4  -5   0  -4  -4  -5  -5   2   0  -4   0  -2  -4  -3  -1  -4  -3   6    1   0   0   0   2   0   0   0   0   6   1   0   0   0   0   0   0   0   0  91  0.99 0.23
  154 P    -2   2  -2  -3  -4  -2  -2  -3  -3  -4  -4   2  -4  -5   7  -2  -2  -5  -4  -4    0  11   0   0   0   0   0   0   0   0   0  16   0   0  72   0   0   0   0   0  1.72 0.25
  155 L    -3  -4  -5  -5  -3  -3  -4  -5  -4   1   6  -4   1   0  -4  -4  -2  -3  -2   0    0   0   0   0   0   0   0   0   0   3  96   0   0   1   0   0   0   0   0   0  1.02 0.22
  156 V    -2  -4  -4  -5  -2  -4  -4  -5  -5   1  -1  -4  -1  -2  -4  -3  -1   1  -2   6    0   0   0   0   0   0   0   0   0   0   0   0   0   0   0   0   2   3   0  96  1.06 0.25
  157 E    -2  -2  -2   0  -5   0   7  -4  -2  -5  -4  -1  -4  -5  -3  -2  -1  -5  -4  -4    0   0   0   0   0   0  97   0   0   0   0   0   0   0   0   0   3   0   0   0  1.46 0.29
  158 L    -2  -3  -5  -5  -2  -3  -4  -5  -4   3   4  -4   1  -1  -4  -4  -2   1  -2   1    0   0   0   0   0   0   0   0   0  26  68   0   0   0   0   0   0   3   0   4  0.73 0.17
  159 V    -1  -4  -4  -5  -2  -4  -4  -5  -5   2   0  -4  -1  -2  -4  -2  -1  -4  -3   6    0   0   0   0   0   0   0   0   0   4   0   0   0   0   0   3   0   0   0  93  1.01 0.24
  160 P    -3  -4  -4  -3  -5  -3  -3  -4   0  -5  -5  -3  -4  -5   8  -2  -3  -6  -4  -4    0   0   0   0   0   0   0   0   3   0   0   0   0   0  97   0   0   0   0   0  2.58 0.32
  161 H     1  -2  -1  -3  -4  -1  -2  -3  10  -5  -4  -2  -3  -3  -4  -2  -3  -4   0  -4   18   0   0   0   0   0   0   0  82   0   0   0   0   0   0   0   0   0   0   0  1.75 0.31
  162 P    -2  -3  -4  -3  -5  -1  -2  -4  -4  -5  -4  -3  -4  -5   8  -2  -3  -5  -5  -4    0   0   0   0   0   3   0   0   0   0   0   0   0   0  96   0   0   0   0   0  2.51 0.32
  163 E    -2  -1  -2   1  -5   1   6  -3  -2  -4  -3   1  -3  -3  -3  -2  -2   7  -1  -4    1   0   0   3   0   4  67   0   0   0   1   6   0   0   0   0   0  17   1   0  1.04 0.22
  164 T    -2  -3  -2  -3  -2  -2  -2  -3  -3  -2  -3  -2  -1  -4  -3   0   7  -4  -3  -2    0   0   0   0   0   0   0   0   0   0   0   0   1   0   0   0  99   0   0   0  1.37 0.30
  165 S     2   0  -1   4  -3  -1   1  -2   0  -2  -1  -1  -2  -3  -2   0  -1  -4  -3  -1   28   4   0  37   0   0   8   0   3   0   8   2   0   0   0   4   2   0   0   3  0.35 0.11
  166 P     1  -3  -3  -2  -4  -1  -2  -2  -3  -4  -3  -1  -2  -5   7  -1  -1  -5  -4  -3   16   0   0   0   0   3   1   1   0   0   1   2   1   0  70   3   2   0   0   0  1.54 0.22
  167 A     2  -2  -1   0   0  -1   1  -1  -2  -2  -2  -1  -2  -1  -2   3   2  -3  -2  -1   27   0   0   3   2   1  10   2   0   1   1   0   0   3   0  33  13   0   0   4  0.28 0.11
  168 T     0  -3  -2  -3  -2  -2  -3  -3  -3   2  -1  -2  -1  -2  -3  -1   4  -3  -1   4    3   0   0   0   0   0   0   0   0   9   1   0   0   0   0   0  44   0   3  40  0.52 0.17
  169 V    -1  -3  -3  -3  -1  -2  -2  -4  -3   1   1  -3   5  -2  -1  -2   1  -3  -2   3    2   0   0   0   1   0   3   0   0   6   5   0  33   0   3   0  13   0   0  35  0.45 0.15
  170 D    -2  -1   0   5  -4   0   4  -3  -2  -2  -3  -1  -3  -4  -1  -1   0   1  -3  -3    0   1   1  48   0   0  31   0   0   3   1   2   0   0   2   1   6   3   0   0  0.73 0.16
  171 R    -1   5  -1  -2  -3   1  -1  -2  -1  -2  -2   3  -1  -3  -3   0   1  -4  -3  -2    4  47   2   0   0   6   0   1   1   1   1  19   2   0   0   3  11   0   0   2  0.54 0.14
  172 T     0  -2  -2  -3  -2  -2  -2  -3  -3  -2  -3  -1  -2  -4  -2   0   7  -4  -3  -1    8   0   0   0   0   0   0   0   0   0   0   3   0   0   0   0  89   0   0   0  1.09 0.26
  173 H    -3   2  -2  -3  -4  -1  -2  -4   6  -3  -3   1  -2   2  -4  -2  -3  -1   6  -3    0  14   0   0   0   1   0   0  31   1   0   7   0   5   0   0   0   0  41   0  0.93 0.20
  174 A     5  -2  -1  -1  -2  -1   0  -1  -2  -2  -2  -1   0  -3  -2   1   1  -4  -2  -1   67   0   1   3   0   1   7   0   1   2   0   0   3   0   0   8   7   0   0   0  0.50 0.16
  175 L    -2  -3  -5  -5  -2  -3  -4  -5  -4   2   5  -4   1  -1  -3  -4  -2  -3  -2   1    0   0   0   0   0   0   0   0   0  14  81   0   0   0   1   0   0   0   0   4  0.81 0.18
  176 M    -3  -3  -4  -4  -3  -2  -4  -5  -3  -1   1  -3  10  -2  -4  -3  -2  -3  -3  -1    0   0   0   1   0   0   0   0   0   0   2   0  95   0   0   0   0   0   0   0  1.75 0.36
  177 R    -1   2  -1  -2  -3   1   1  -3  -2  -2  -2   4  -2  -3  -2   0   3  -4  -3  -2    2   9   0   0   0   6   6   0   0   3   3  44   0   0   0   2  25   0   0   0  0.44 0.14
  178 K    -2   2  -1   0  -4   2   3  -3  -1  -4  -4   5  -2  -4  -2  -1  -1  -4  -3  -3    0   6   1   4   0   7  28   0   0   0   0  52   0   0   0   2   1   0   0   0  0.70 0.17
  179 I    -2  -4  -3  -4  -2  -4  -4  -5  -4   6   1  -4   0  -1  -4  -3  -2  -4  -2   4    0   0   1   0   0   0   0   0   0  66   1   0   0   0   0   0   0   0   0  31  0.85 0.20
  180 G    -1  -3  -2  -2  -2  -3  -3   7  -4  -5  -5  -3  -4  -5  -4  -2  -3  -4  -5  -5    0   0   0   0   1   0   0  98   0   0   0   0   0   0   0   0   0   0   0   0  1.65 0.26
  181 Q    -2  -1  -2  -2  -5   8   0  -4  -1  -4  -2   0  -2  -5  -3  -2  -1  -4  -3  -4    0   0   0   0   0  93   0   0   0   0   4   0   0   0   0   0   3   0   0   0  1.49 0.32
  182 S     2  -2  -1  -1   1  -1  -1  -1  -2  -2  -2   0  -2  -3  -2   4   1  -4  -3   1   22   0   0   1   4   1   1   0   0   0   0   5   0   0   0  49   4   0   0  14  0.38 0.14
  183 P    -2  -4  -4  -3  -5  -3  -3  -4  -4  -5  -5  -3  -4  -6   9  -2  -3  -6  -5  -4    1   0   0   0   0   0   0   0   0   0   0   0   0   0  99   0   0   0   0   0  2.66 0.33
  184 V    -1  -4  -4  -4  -2  -3  -4  -5   0   3   0  -4   0  -2  -4  -3  -1  -4  -2   6    1   0   0   0   0   0   0   0   3   9   0   0   1   0   0   0   0   0   0  86  0.90 0.22
  185 R    -1   5  -1  -2   3   0  -1  -3  -2  -2  -2   3  -1  -3  -3   0   0  -4  -3  -1    3  44   0   0   9   0   0   0   0   0   2  25   2   0   0   5   4   0   0   5  0.53 0.14
  186 V    -2  -3  -4  -4  -2  -3  -4  -5  -4   2   5  -3   1   0  -4  -2  -2  -3  -2   2    0   0   0   0   0   0   0   0   0   8  74   0   2   2   0   3   0   0   0  11  0.67 0.16
  187 L    -1   2   3  -1  -3   0  -1  -2  -1  -1   1   2   1  -2   0   0   1  -3  -2  -1    1  13  22   0   0   2   0   1   0   2  18  15   4   0   3   7  11   0   0   0  0.19 0.08
  188 K    -2   5  -1  -2  -5   0   0  -3  -2  -4  -4   5  -3  -4  -3  -2  -2  -4  -3  -4    0  36   0   0   0   1   3   0   0   0   0  60   0   0   0   0   0   0   0   0  0.99 0.21
  189 E    -2  -1  -2   0  -5   1   7  -3  -1  -5  -4  -1  -3  -5  -2  -2  -2  -4  -3  -4    0   0   0   0   0   1  96   0   0   0   0   0   0   0   0   0   0   0   0   0  1.42 0.27
  190 I    -2  -4  -4  -4  -2  -3  -4  -4  -4   6   1  -3   1  -1  -4  -3  -1  -4  -2   3    0   0   0   0   0   0   0   0   0  67   2   1   3   0   0   0   3   0   0  21  0.73 0.17
  191 D    -2  -2   0   6  -5  -1   3  -1  -2  -4  -5  -1  -4  -5   1  -1  -2  -5  -4  -4    1   0   0  66   0   0  22   4   0   0   0   0   0   0   7   0   0   0   0   0  1.08 0.21
  192 G    -1  -4  -2  -3  -4  -3  -4   7  -4  -5  -5  -3  -4  -5  -4  -2  -3  -4  -5  -5    0   0   0   0   0   0   0 100   0   0   0   0   0   0   0   0   0   0   0   0  1.74 0.26
  193 F    -4  -4  -4  -5  -4  -4  -4  -2  -3  -2  -1  -2   0   8  -5  -4  -4  -1   2  -2    0   0   0   0   0   0   0   3   0   0   0   3   3  91   0   0   0   0   0   0  1.53 0.28
  194 V     4  -1  -3  -3   0  -2  -2  -1  -3   0  -1  -2   1  -3  -2  -1  -1  -4  -3   3   56   3   0   0   1   0   0   2   0   4   0   0   3   0   0   0   0   0   0  32  0.46 0.16
  195 L    -3  -4  -5  -5  -2  -3  -4  -5  -4   1   5  -4   1  -1  -4  -4  -2  -3  -2   0    0   0   0   0   0   0   0   0   0   5  93   0   0   0   0   0   0   0   0   2  0.98 0.21
  196 N    -3   0   8   0  -4  -1  -2  -2  -1  -4  -5  -1  -3  -4  -3   0   0  -5  -3  -4    0   3  90   0   0   0   0   0   0   0   0   0   0   0   0   1   3   0   0   0  1.43 0.27
  197 R    -3   7  -2  -3  -5   0  -1  -4  -2  -4  -3   1  -3  -3  -3  -1  -2  -4  -3  -4    0  93   0   0   0   0   0   0   0   0   0   0   0   1   0   3   0   0   0   0  1.44 0.26
  198 L    -2  -3  -4  -4  -2  -3  -2  -4  -4   4   3  -3   1  -1  -3  -3  -1  -3  -2   3    0   0   0   0   0   0   3   0   0  30  41   0   0   0   0   0   0   0   0  24  0.49 0.12
  199 Q    -2  -1  -2  -2  -4   8   1  -3   0  -4  -4   0  -2  -5   0  -2  -2  -3  -3  -4    0   0   0   0   0  91   1   0   2   0   0   0   0   0   3   0   0   0   0   0  1.46 0.30
  200 Y     1  -2  -3  -4  -2  -2  -2  -4   0  -3  -2  -3  -1   1  -1  -2  -3   0   8  -2   14   1   0   0   1   0   2   0   0   0   0   0   1   1   3   1   0   0  75   1  1.20 0.24
  201 A     6  -3  -2  -3   2  -2  -2  -1  -3  -3  -3  -2  -2  -4  -2   0  -1  -4  -3  -1   92   0   1   0   5   0   0   0   0   0   0   0   0   0   0   0   0   0   0   1  0.95 0.24
  202 I    -2  -4  -4  -4  -2  -4  -4  -5  -4   6   1  -4   0  -1  -4  -3  -2  -4  -2   4    0   0   0   0   0   0   0   0   0  64   6   0   0   0   0   0   0   0   0  28  0.80 0.18
  203 I    -2  -4  -4  -4   1  -4  -4  -5  -4   6   2  -4   0  -1  -4  -3  -1  -3  -2   2    1   0   0   0   3   0   0   0   0  72  17   0   0   0   0   0   1   0   0   5  0.76 0.18
  204 S     3  -2   3   0  -1  -1  -1   0  -2  -3  -3  -1  -2  -3  -2   3   0  -4  -3  -2   33   0  21   3   1   0   0   5   0   0   0   0   0   0   0  36   0   0   0   0  0.47 0.14
  205 E    -2  -2  -2   0  -5   1   7  -4   1  -5  -4  -1  -3  -5  -3  -2  -2  -4  -3  -4    0   0   0   0   0   0  96   0   3   0   0   0   0   0   0   0   0   0   0   0  1.42 0.28
  206 A     4  -2  -2  -2   3   0  -1  -1  -2  -2  -2  -1  -2  -3  -2   3   0  -3  -3   0   47   0   0   0   9   3   3   0   0   0   0   0   0   0   0  26   4   0   0   6  0.44 0.14
  207 W    -4  -1  -5  -6  -4  -3  -4  -4  -4  -4  -3  -2  -3  -1  -5  -4  -4  12   1  -5    0   3   0   0   0   0   0   0   0   0   1   3   0   0   0   0   0  89   2   0  3.23 0.39
  208 R    -3   7  -1  -1  -5   0  -1  -2   0  -4  -4   1  -3  -4  -3  -2  -3  -4  -2  -4    0  89   1   3   0   0   0   3   1   0   0   0   0   0   0   0   0   0   1   0  1.32 0.26
  209 L    -3  -3  -5  -5  -2  -3  -4  -5  -4   1   5  -4   1  -1  -3  -4  -2  -3  -2   0    0   0   0   0   0   0   0   0   0   3  94   0   1   0   1   0   0   0   0   0  0.95 0.21
  210 V     0  -4  -4  -4  -2  -3  -4  -4  -4   2   0  -3   0  -2  -4  -3  -1  -4  -2   6    5   0   0   0   0   0   0   0   0   5   2   0   0   0   0   0   0   0   0  87  0.89 0.22
  211 E     1   0   0   1  -3   4   2   1   0  -3  -3   1  -2  -3  -2   0  -1  -3   0  -3   11   0   2   6   0  29  19  14   1   0   0  11   0   0   0   2   1   0   3   1  0.36 0.10
  212 E    -2  -2   0   5  -1   0   4  -2  -2  -3  -2  -1  -3  -4  -2  -1  -2  -4  -3  -1    1   0   1  51   2   0  32   1   0   0   3   0   0   0   0   3   0   0   0   5  0.76 0.17
  213 G    -1  -3   0   0  -4  -3  -3   6  -3  -5  -5  -2  -4  -1  -3  -1  -3  -4  -4  -4    2   0   3   4   0   0   1  85   0   0   0   1   0   4   0   0   0   0   0   0  1.25 0.21
  214 I    -1  -2  -4  -4   0  -2  -3  -2  -4   4   1  -3   0   0  -3  -3  -1  -3  -2   4    0   2   0   0   2   1   0   3   0  33   4   0   0   4   0   0   0   0   0  50  0.51 0.14
  215 V    -2  -2  -4  -4  -2  -3  -3  -4  -4   4   2  -3   1  -1  -3  -2  -1   0  -2   3    0   3   0   0   0   0   0   0   0  39  21   0   3   0   0   3   0   2   0  28  0.45 0.12
  216 S     0  -2   2   1  -2   0  -1  -2  -2  -3  -4   0  -3  -4  -2   5   1  -4  -3  -3    1   0   9   7   0   2   0   0   0   1   0   3   0   0   0  72   4   0   0   0  0.69 0.19
  217 P     1  -2  -3  -3  -2  -2  -2  -3  -3   0  -2  -2  -2  -3   6  -1   0  -4  -3   3   10   2   0   0   0   0   0   0   0   0   0   0   0   0  40   4   3   0   0  40  0.78 0.16
  218 S     0   1   0   0   1   1   1   0  -1  -3  -3   2  -2  -1  -2   1   1  -3  -2  -2    4   7   2   3   4   8  12   5   1   0   0  24   0   3   0  13  13   0   0   1  0.21 0.07
  219 D    -3  -2   0   7  -4   0   0  -3  -2  -4  -3  -2  -4  -4  -3  -2  -2  -5  -4  -4    0   2   0  89   0   2   0   0   0   0   3   0   0   0   0   0   0   0   0   0  1.40 0.24
  220 L    -2  -3  -3  -3  -2  -2  -3  -4  -3   4   3  -3   2  -1  -3  -2  -1  -3  -2   2    1   0   0   0   0   2   0   1   0  33  35   0   4   0   0   1   3   0   0  18  0.41 0.10
  221 D    -3  -3   0   7  -4  -2   0  -3  -2  -4  -5  -2  -4  -5  -3  -1   0  -5  -4  -4    0   0   0  90   0   0   0   0   0   0   0   0   0   0   0   0   6   0   0   0  1.48 0.25
  222 L    -1  -2  -2  -3  -2  -2  -3  -3  -3   1   4   0   1  -1  -3  -2   1  -2  -1   0    3   1   2   0   0   0   0   0   0   8  62   6   0   0   0   1  10   0   2   1  0.37 0.12
  223 V    -1  -4  -4  -4   0  -3  -3  -4  -4   2   0  -3   0   1  -2  -3  -1  -3  -2   6    0   0   0   0   1   0   0   0   0   2   1   0   0   6   2   0   0   0   0  84  0.78 0.20
  224 M    -2  -3  -4  -4  -3  -2  -3  -3  -3   0   1  -3   9   0  -1  -3  -2  -3  -2  -1    0   0   0   0   0   0   0   2   0   1   3   0  85   2   4   0   0   0   0   1  1.36 0.30
  225 S     0  -2  -1  -1  -2   0  -1  -2  -2  -3  -3   0  -2  -3  -2   6   1  -4  -3  -2    1   0   0   0   0   4   0   0   0   0   0   4   0   0   0  81   6   0   0   2  0.80 0.21
  226 D    -1  -2   0   4  -2   0   5  -2   2  -4  -4  -1  -3  -4   0  -1  -2   0  -3  -3    4   0   1  31   1   1  47   1   5   0   0   0   0   0   4   2   0   1   0   0  0.70 0.15
  227 G    -1  -3   0  -2  -4  -3  -3   7  -3  -5  -5  -3  -4  -4  -3   0  -2  -4  -4  -4    0   0   2   0   0   0   0  90   0   0   0   0   0   0   0   4   0   0   0   0  1.42 0.22
  228 L    -2  -3  -4  -5  -2  -3  -4  -5  -4   1   5  -3   1  -1  -4  -3  -2  -3  -2   0    0   0   0   0   0   0   0   0   0   0  94   0   1   0   0   0   0   0   0   2  0.93 0.20
  229 G    -1  -3  -2  -2  -3  -3  -3   7  -3  -4  -4  -3  -4  -4  -3  -1  -2  -3  -4  -4    1   0   0   0   0   0   0  91   0   0   1   0   0   0   0   0   2   0   0   0  1.42 0.22
  230 M    -2  -1  -3  -4  -3  -2  -1  -4  -3   0   1  -2   9  -2   0  -3  -2  -3  -2  -1    1   3   0   0   0   0   4   0   0   1   5   0  79   0   4   0   1   0   0   0  1.15 0.26
  231 R    -2   7  -2  -3  -4   0  -1  -3  -2  -4  -3   1  -3  -4  -3  -1  -1  -4  -3  -3    1  89   0   0   0   0   0   0   0   0   1   0   0   0   0   2   4   0   0   0  1.30 0.24
  232 Y    -3  -3  -3  -4  -4  -3  -3  -2   0  -3  -2  -3  -2   1  -4  -3  -3   2   9  -3    1   0   0   0   0   0   0   4   0   0   1   0   0   0   0   0   0   2  89   0  1.67 0.28
  233 A     6  -2  -3  -3  -2  -2  -2  -1  -2  -2  -3  -2  -2  -3  -2   0  -1  -3   0  -1   91   0   0   0   0   0   0   0   0   0   1   0   0   0   0   0   0   0   4   0  0.88 0.21
  234 F    -3  -4  -4  -4  -3  -4  -4  -4  -3  -1  -1  -4  -1   8  -4  -3  -3   0   2  -2    1   0   0   0   1   0   0   0   0   1   1   0   0  93   0   0   0   0   0   0  1.58 0.26
  235 I    -2  -3  -3  -4  -2  -3  -3  -4  -3   5   2  -3   3  -1  -3  -3  -2  -3  -2   2    1   0   1   0   0   0   0   0   0  60  18   0  12   0   0   0   0   0   0   5  0.61 0.15
  236 G    -1  -3  -1  -2  -3  -3  -3   7  -3  -4  -4  -2  -3  -4  -3  -1  -2  -3  -4  -4    1   1   0   1   0   0   1  90   0   1   1   1   0   0   1   1   1   0   0   1  1.38 0.20
  237 P    -1  -3  -3  -3  -4  -2  -2  -3  -3  -3  -4  -2  -3  -4   8  -1  -1  -4  -4  -2    4   0   0   0   0   0   1   1   0   0   1   0   0   0  85   2   2   0   0   2  2.01 0.25
  238 L    -2  -3  -3  -4  -2  -2  -3  -4  -3   1   4  -3   5   2  -3  -3  -2  -2   0   0    1   0   0   0   0   0   1   1   0   5  56   0  23   7   0   1   0   0   2   1  0.56 0.14
  239 E    -2  -1  -1   0  -4   1   7  -3   1  -4  -4   0  -3  -4  -2  -1  -2  -4  -3  -3    1   0   0   0   0   2  88   1   2   0   1   0   0   0   0   1   0   0   0   1  1.19 0.23
  240 T     0  -2  -1  -2  -2  -2  -2  -3  -3  -2  -2  -2  -2  -3  -1   0   6  -3  -3  -1    4   0   0   0   0   0   1   1   0   0   1   0   0   0   3   1  85   0   0   2  0.97 0.23
  241 M     1  -2  -3  -4  -1  -2  -3  -3  -3   1   1  -2   8  -1  -3  -2  -1  -3  -2   0   17   0   0   0   1   0   1   1   0   9   3   0  62   0   0   1   1   0   0   2  0.76 0.21
  242 H    -3  -2  -1  -2  -4  -1  -2  -3  10  -4  -4  -2  -3  -2  -3  -2  -3  -3   1  -4    1   0   0   0   0   0   1   1  90   0   1   0   0   0   0   1   0   0   3   1  1.95 0.30
  243 L    -2  -3  -4  -4  -2  -3  -3  -4  -3   1   5  -3   1  -1  -3  -3  -2  -2  -2   0    1   0   0   0   0   0   1   1   0   3  90   0   0   0   0   1   0   0   0   1  0.84 0.18
  244 N    -3  -2   8   0  -4  -1  -2  -2  -1  -4  -4  -1  -3  -4  -1  -1  -1  -4  -3  -4    1   0  90   0   0   0   1   1   0   0   1   0   0   0   3   1   0   0   0   1  1.39 0.25
  245 A     6  -2  -1  -3  -2  -2  -2  -1  -3  -2  -2  -2  -2  -3  -2   0  -1  -3  -3  -1   90   0   3   0   0   0   0   0   0   0   1   0   0   0   0   1   0   0   0   2  0.86 0.21
  246 E    -1  -1  -1   1  -4   1   6  -3  -1  -4  -4   0  -3  -4   1  -1  -2  -4  -3  -3    2   0   1   3   0   3  78   0   0   0   1   2   0   0   6   0   0   0   0   0  0.99 0.20
  247 G    -1  -4  -2  -2  -4  -3  -3   7  -3  -5  -5  -3  -4  -4  -3  -2  -3  -4  -4  -4    0   0   0   1   0   0   1  96   0   0   0   0   0   0   0   0   0   0   0   0  1.59 0.24
  248 M    -2  -3  -4  -4  -2  -2  -3  -4  -3   2   3  -3   7   1  -4  -3  -1  -3  -2   1    1   0   0   0   0   0   0   0   0   9  28   0  46   5   0   0   3   0   0   6  0.64 0.17
  249 L    -1   0  -1  -1  -2   0   3  -2  -2  -1   2   2   0  -2  -2   1  -1  -3  -2   0    3   1   0   0   0   1  25   2   0   2  28  17   0   0   0  13   1   0   0   5  0.18 0.09
  250 S    -1  -2   5   4  -3   0   0  -1  -1  -4  -4   0  -3  -4  -2   3  -1  -4  -3  -3    0   0  35  27   0   2   2   0   0   0   0   3   0   0   0  29   0   0   0   0  0.67 0.16
  251 Y    -3  -3  -4  -5  -4  -3  -3  -5   0  -3  -3  -3  -3   1  -4  -3  -3   1   9  -3    0   0   0   0   0   0   1   0   0   0   0   0   0   0   0   0   0   0  97   0  2.01 0.33
  252 C    -2  -4  -4  -5   9  -3  -4  -3  -4  -1   1  -4   4  -2  -4  -2  -2  -3  -3  -1    1   0   0   0  63   0   0   1   0   3  10   0  18   1   0   1   1   0   0   0  1.41 0.25
  253 D    -2   1   0   4  -4   2   4  -2  -1  -4  -4   2  -3  -4  -2  -1  -1  -4  -3  -4    0   6   1  28   0   7  41   1   0   0   0  12   0   0   0   1   1   0   0   0  0.67 0.15
  254 R    -3   7  -2  -3  -3   0  -1  -4  -2  -4  -4   1  -3  -4  -4  -2  -1  -4  -3  -4    0  91   0   0   0   2   0   0   0   0   0   3   0   0   0   1   2   0   0   1  1.41 0.27
  255 Y    -4  -4  -4  -5  -4  -3  -4  -4   0  -3  -3  -4  -3   1  -5  -3  -3   2   9  -3    0   0   0   0   0   0   0   1   0   0   0   0   0   0   0   0   0   1  97   0  2.11 0.37
  256 S     1   3   0  -1  -2  -1  -1   3  -1  -4  -3   0  -3  -4  -2   2  -1  -3  -3  -3   13  22   3   1   0   0   0  31   1   0   0   2   0   0   0  25   1   0   0   0  0.44 0.13
  257 E    -2  -1   0   1  -4   1   6  -2  -1  -4  -4   2  -3  -4   0  -1  -2  -4  -3  -2    1   0   3   5   0   4  65   1   0   0   0  11   0   0   3   2   1   0   0   3  0.78 0.19
  258 G    -1  -3  -1  -2  -3  -3  -3   6  -3  -4  -4  -2  -3  -4  -3   1   1  -4  -4  -4    0   0   2   0   0   0   0  76   0   0   0   0   0   0   0  10  10   0   0   0  1.11 0.21
  259 M    -2  -3  -4  -4  -3  -3  -4  -4  -3   5   1  -3   8  -1  -4  -3  -2  -3  -2   1    0   0   0   0   0   0   0   0   0  40   1   0  53   1   0   0   0   0   1   2  1.02 0.26
  260 K    -1   3  -1  -2  -3   1   0  -3   0   0  -2   4  -1  -1  -2  -1   0  -2   2  -1    2  20   1   0   0   7   2   0   2   7   0  36   1   1   0   2   6   0  11   2  0.33 0.12
  261 R    -2   5   0   0  -3   0  -1  -2   4  -3   0   1  -2  -3  -3  -1  -2  -4  -2  -3    2  53   5   6   0   0   0   2  12   0  13   2   0   0   0   3   0   0   0   0  0.56 0.17
  262 V    -2  -4  -4  -4  -2  -4  -4  -5  -4   1   0  -4   0  -2  -4  -3  -1  -4  -3   6    0   0   1   0   0   0   0   0   0   1   2   0   1   0   0   0   1   0   0  92  1.04 0.26
  263 L    -2  -3  -3  -4  -2  -3  -3  -4  -3   0   5  -3   1  -1  -3   1  -2  -3  -2   0    1   0   0   0   0   0   0   0   0   0  76   0   0   0   0  19   0   0   0   2  0.65 0.20
  264 K     0   1   3  -1  -3   1   0  -1  -1  -3  -3   3   0  -3  -2   1   1  -4  -2  -2    4   4  19   1   0   6   4   1   0   0   0  31   4   0   0  14   9   0   0   1  0.33 0.11
  265 S     0  -2   0  -1  -2  -2  -2  -2  -2  -2  -3  -1  -2  -3  -2   4   5  -4  -3  -2    1   0   2   2   0   0   0   0   0   0   0   1   0   0   0  35  56   0   0   0  0.75 0.22
  266 F    -3  -4  -4  -5  -4  -4  -4  -4  -3  -2  -1  -4   1   8  -5  -3  -3  -1   1  -2    1   0   0   0   0   0   0   0   0   0   2   0   3  90   0   2   0   0   0   0  1.61 0.30
  267 G    -1  -3  -2  -3  -4  -3  -3   7  -3  -5  -5  -2  -4  -4  -3  -2  -3  -4  -4  -4    0   0   0   0   0   0   0  95   0   0   0   2   0   0   0   0   0   0   0   0  1.61 0.27
  268 S    -2  -4  -4  -3  -4  -3  -2  -4  -4  -4  -4  -2  -4  -5   8  -2  -2  -5  -5  -4    1   0   0   0   0   0   1   0   0   0   0   1   0   0  93   1   2   0   0   0  2.40 0.33
  269 I    -1  -4  -3  -4  -2  -3  -4  -4  -4   4   0  -3   0  -2  -3  -2   1  -4  -2   5    0   0   1   0   0   0   0   0   0  29   1   0   0   0   1   0   7   0   0  60  0.68 0.19
  270 P    -3  -3  -4  -3  -5  -3  -3  -4  -4  -5  -5  -3  -4  -5   8  -2  -3  -5  -5  -4    0   1   0   0   0   0   0   0   0   0   0   0   0   0  97   1   0   0   0   0  2.58 0.35
  271 E    -2   0   1   4  -4   0   4  -3   0  -4  -3   1  -3  -4  -2   0  -1  -4  -3  -3    1   3   3  29   0   1  44   0   2   0   1   9   0   0   0   3   4   0   0   0  0.67 0.16
  272 F    -4  -4  -4  -5  -4  -4  -5  -5  -3  -2  -1  -4   2   8  -3  -3  -3   1   2  -2    0   0   0   0   0   0   0   0   0   0   0   0   5  87   1   1   0   1   2   0  1.54 0.29
  273 S     0  -2  -1   1   1  -1   0  -1  -2  -3  -3  -1  -2   0  -2   4   1  -3  -2  -1    5   1   0   6   4   1   7   1   0   0   1   0   0   5   0  58   6   0   0   3  0.43 0.16
  274 G    -1   0  -1  -1  -3  -2  -2   6  -3  -5  -5  -2  -4  -4  -3   0  -3  -4  -4  -4    1   6   0   2   0   1   1  83   0   0   0   0   0   0   0   4   0   0   0   0  1.24 0.23
  275 A     2  -1  -1   1  -3   0   5  -2  -2  -3  -3   0  -3  -4   2   0  -1  -4  -3  -3   25   0   1   5   0   1  51   1   0   0   0   5   0   0   8   2   1   0   0   0  0.58 0.17
  276 T     1  -2  -1  -1  -2   0   0   1  -2   1  -1  -1   0  -2   0   0   3  -3  -2   0   12   0   0   2   0   4   6  10   0   9   4   0   3   1   3   3  35   0   0   7  0.18 0.09
  277 V     4  -2  -2  -2  -2  -1   1  -2  -2  -1   0  -1   0  -2  -2   0  -1  -3  -2   2   50   0   0   0   0   0  15   0   0   1  10   1   2   0   0   3   0   0   0  18  0.33 0.14
  278 E     0   0   0   1  -4   3   4  -2  -1  -4  -3   3  -2  -4  -1  -1  -1  -4  -3  -3    7   1   2   5   0  18  39   2   0   0   0  23   0   0   1   0   1   0   0   0  0.56 0.15
  279 K    -1   2   1  -1  -4   0   1  -2  -2  -3  -3   5  -2  -3  -2   1  -1  -4  -3  -2    2  10   5   2   0   2   6   1   0   0   1  55   0   1   0  11   2   0   0   2  0.52 0.16
  280 V    -2  -4  -4  -4  -2  -4  -4  -5  -4   5   0  -4   1  -1  -4  -3  -2  -4  -2   4    0   0   0   0   0   0   0   0   0  56   2   0   3   1   0   0   0   0   0  37  0.82 0.21
  281 N    -1  -2   5   1   0   0  -1  -2   5   0  -2  -2  -2  -1  -3   0   0  -4  -1   0    3   0  40   5   2   2   0   0  18   7   0   0   0   3   0   7   4   0   1   8  0.43 0.15
  282 Q    -2   1   2   0  -4   6   2  -3  -1  -4  -4   2  -2  -4  -2  -1   0  -4  -3  -3    1   3  11   2   0  50  12   0   0   0   0  16   0   0   0   1   4   0   0   0  0.73 0.20
  283 A     3  -2  -1   1  -3   2   4  -2  -1  -3  -3  -1  -2  -4  -2   0  -1  -4  -3  -2   43   0   0   8   0  10  34   0   1   0   0   0   0   0   0   2   0   0   0   1  0.53 0.17
  284 M    -3  -3  -4  -5  -3  -2  -4  -5  -3   2   3  -3   8  -1  -4  -3  -2  -3  -2   0    0   0   0   0   0   0   0   0   0  11  24   0  60   1   0   0   0   0   0   3  1.03 0.27
  285 C    -2  -2   0  -3   9  -3  -2  -3  -3  -3  -2  -3  -3  -4  -4   2   0   2  -2  -2    0   2   5   1  58   0   3   0   0   0   2   0   0   0   0  20   4   3   1   1  1.19 0.26
  286 K     1   0  -1   0  -3   1   5  -3  -2  -2  -2   0   1  -3  -2   0  -1  -4  -3   0   13   3   1   3   0   4  50   0   0   1   2   5   7   0   0   2   1   0   0   8  0.44 0.15
  287 K    -2   1  -1  -1  -3   0   0  -3   1  -1   2   4   2  -1  -3  -1  -2  -2  -2  -1    0   3   1   3   0   0   5   0   4   2  25  43   9   1   0   2   0   0   0   0  0.31 0.14
  288 V    -2  -4  -4  -4   2  -2  -3  -4  -4   5   0  -3   0  -2  -3  -3   1  -4  -2   4    0   0   0   0   4   2   0   0   0  50   1   0   0   0   1   0   8   0   0  34  0.64 0.19
  289 P    -3  -4  -4  -3  -5  -3  -3  -4  -4  -5  -4  -3  -4  -6   8  -2  -2  -6  -5  -4    0   0   0   0   0   0   0   0   0   0   0   0   0   0  96   1   1   0   0   0  2.59 0.37
  290 A     1  -1   1   2   0  -1  -1  -1  -2   0   0  -1  -1  -2   0   1  -1  -3  -2   1   15   2   8  19   2   0   0   3   0   2  14   1   0   0   4  16   0   0   0  15  0.13 0.08
  291 D    -2  -2   0   6  -3  -1   0  -2  -2  -2  -3  -1  -3  -3  -2  -1  -1  -4  -3   1    1   1   2  66   0   1   3   1   0   2   1   4   0   0   1   2   3   0   0  13  0.82 0.19
  292 P    -1   0  -2  -1  -3   3   0  -2   0  -3  -3  -1  -2  -3   6  -1  -2  -3  -3  -3    4   5   1   2   0  17   3   2   2   1   2   1   0   1  52   4   1   0   1   1  1.02 0.17
  293 E     0   0  -1   1  -3   3   4  -2   0  -3  -3   2  -2  -3  -1  -1  -1  -3  -2  -2    6   2   2   3   0  18  44   2   1   1   2  15   0   0   1   1   1   0   0   1  0.53 0.14
  294 H    -1  -1   0  -1  -4   1  -1  -3   8  -3  -3   2  -3  -3  -3  -2  -2  -4  -1  -1    4   0   3   4   0   5   0   0  57   1   1  15   0   0   1   1   1   0   0   6  0.96 0.24
  295 L    -3  -3  -5  -5  -3  -4  -5  -5  -4   0   6  -4   1  -1  -5  -4  -3  -3  -3  -1    0   1   0   0   0   0   0   0   0   0  99   0   0   0   0   0   0   0   0   0  1.21 0.29
  296 A     2  -1   1   1  -2   2   0   0  -2  -3  -3   0  -2  -3   1   2   0  -2  -3  -2   26   0   8  10   0  11   3   5   0   0   1   3   0   0   6  23   3   1   0   0  0.29 0.11
  297 A     5  -2  -2  -2  -2  -1   2  -1  -3  -3  -3   0  -2  -3  -2   0   0  -4  -3  -1   72   0   0   1   0   1  15   0   0   0   0   5   0   1   0   2   3   0   0   1  0.69 0.23
  298 R    -3   8  -2  -3  -5  -1  -2  -4  -2  -5  -4   1  -3  -5  -4  -2  -3   0  -4  -4    0  96   0   0   0   0   0   1   0   0   0   2   0   0   0   0   0   1   0   0  1.74 0.35
  299 R    -3   7  -2  -3  -5   0  -2  -4  -2  -3  -3   2   1  -4  -4  -2  -2  -4  -3  -3    0  86   0   0   0   1   0   0   0   2   0   6   4   0   0   0   2   0   0   0  1.43 0.31
  300 E     1   1   0   0  -4   4   4  -2   0  -4  -3   2  -2  -4  -2  -1  -1  -4  -3  -3   14   4   2   3   0  24  35   1   1   0   0  15   0   0   0   0   1   0   0   0  0.56 0.17
  301 W    -4   4  -4  -4  -4  -2  -4  -5  -4  -5  -4  -2  -3  -2  -5  -4  -4  11   0  -5    0  27   0   1   0   1   0   0   0   0   0   1   0   0   0   0   0  70   1   0  2.62 0.41
  302 R    -3   8  -2  -4  -5  -1  -2  -4  -2  -5  -4   0  -3  -5  -4  -3  -3  -5  -4  -5    0 100   0   0   0   0   0   0   0   0   0   0   0   0   0   0   0   0   0   0  1.87 0.37
  303 D    -4  -3   0   8  -5  -2   0  -3  -3  -5  -6  -2  -5  -5  -3  -2  -3  -6  -5  -5    0   0   2  97   0   0   1   0   0   0   0   0   0   0   0   0   0   0   0   0  1.88 0.35
  304 E     0   0   0   1  -3   4   3  -1   0  -3  -2   1  -1  -4  -2   0   0  -4  -3  -2    9   3   2   8   0  26  29   3   1   0   4   6   1   0   0   3   4   0   0   1  0.40 0.13
  305 C    -1   1  -4  -5   9  -3  -4  -4  -3  -2   2  -3  -1  -1  -4  -3  -2  -3  -1  -2    4  10   0   0  56   0   0   0   0   0  25   1   0   3   0   0   0   0   2   0  1.19 0.26
  306 L    -3  -4  -5  -5  -3  -4  -5  -5  -4   1   6  -4   1  -1  -5  -4  -3  -3  -3   0    0   0   0   0   0   0   0   0   0   2  97   0   0   0   0   0   0   0   0   1  1.16 0.27
  307 K     0  -1  -3  -3  -2  -1  -3  -3  -3   1   0  -2   7  -2  -3   0   3  -3  -3   0    9   3   0   0   0   1   0   1   0   6   4   1  46   0   0   5  21   0   0   5  0.56 0.21
  308 R     1   3  -1  -2  -3   0  -1   3   2  -4  -3   2  -3  -4  -3   0  -2  -4  -3  -3   13  26   0   0   0   2   2  32   7   0   0  13   0   0   0   4   0   0   0   0  0.46 0.14
  309 L    -3  -4  -5  -5  -3  -4  -5  -5  -4   0   6  -4   1  -1  -5  -4  -3  -3  -3   0    0   0   0   0   0   0   0   0   0   0  98   0   0   0   0   0   0   0   0   1  1.18 0.28
  310 A     5  -3  -2  -3  -2  -2  -2  -1  -3  -2  -3  -2  -2  -4  -2   2  -1  -4  -3  -2   80   0   0   0   0   0   0   0   0   2   0   0   0   0   0  17   1   0   0   0  0.90 0.26
  311 K    -2   2  -1  -2  -4   2   0  -3  -2  -1  -3   6  -2  -4  -3  -2  -2  -4  -3  -2    1   6   1   0   0   8   1   0   0   6   2  73   0   0   0   0   1   0   0   2  0.83 0.24
  312 L    -3  -4  -5  -5  -3  -3  -4  -5  -4   0   6  -4   2  -1  -4  -4  -3  -3  -3  -1    0   0   0   0   0   0   0   0   0   1  96   0   3   0   0   0   0   0   0   0  1.14 0.27
  313 K    -3   1  -1  -2  -5   0  -1  -3  -2  -5  -4   7  -3  -5  -3  -2  -2  -5  -4  -4    0   0   1   0   0   1   0   0   0   0   0  98   0   0   0   0   0   0   0   0  1.48 0.34
  314 R    -1   2   0  -1  -4   1   0  -2   1  -4  -3   5  -2  -4  -2   1   0  -4  -1  -3    1   7   1   1   0   4   1   1   4   0   0  58   0   0   0  13   5   0   1   0  0.61 0.19
  315 Q    -2  -1   0   3  -3   5   4  -3  -1  -4  -4   1  -3  -5  -3  -1  -2  -4  -3  -4    0   0   3  20   1  42  30   0   0   0   0   4   0   0   0   0   0   0   0   0  0.85 0.22
  316 M    -2  -2  -3  -4  -3   0  -2  -4   1   2   2  -3   8  -1  -4  -3  -1  -3  -2   1    0   0   1   0   0   3   1   0   4   8  12   0  61   0   0   0   1   0   0   9  0.80 0.22
  317 Q    -1   1   0   1  -4   4   2  -2  -1  -4  -3   4  -2  -4   2  -1  -2  -4  -3  -3    1   1   2  10   0  23  10   1   0   0   1  38   0   0  12   1   0   0   0   0  0.55 0.13
  318 P     1  -1  -1  -1  -2  -1  -1  -1  -2  -3  -3   1  -2  -3   4   4   0  -4  -3  -3    7   2   0   1   0   1   0   2   0   0   0  12   0   0  24  48   2   0   0   0  0.59 0.13
  319 Q    -2   0  -1  -1  -4   6   3  -3  -1  -4  -3   3  -2  -4  -2  -1  -1  -3  -2  -3    0   0   0   0   0  54  23   0   0   0   0  23   0   0   0   0   0   0   0   0  0.77 0.13

                      K         Lambda
Standard Ungapped    0.1345     0.3189
Standard Gapped      0.0549     0.2670
PSI Ungapped         0.1793     0.3173
PSI Gapped           0.0549     0.2670
