
Last position-specific scoring matrix computed, weighted observed percentages rounded down, information per position, and relative weight of gapless real matches to pseudocounts
            A   R   N   D   C   Q   E   G   H   I   L   K   M   F   P   S   T   W   Y   V   A   R   N   D   C   Q   E   G   H   I   L   K   M   F   P   S   T   W   Y   V
    1 M    -2  -2  -3  -4  -2  -1  -3  -4  -3   0   1  -2   9  -1  -4  -2  -2  -2  -2   0    0   0   0   0   0   0   0   0   0   0   0   0 100   0   0   0   0   0   0   0  1.11 0.15
    2 I    -2  -3  -4  -4  -2  -3  -4  -4  -4   3   4  -3   2   0  -3  -3  -2  -2  -2   1    0   0   0   0   0   0   0   0   0  18  81   0   0   0   0   0   0   0   0   0  0.60 0.07
    3 L    -2  -3  -4  -4  -2  -3  -4  -4  -4   1   5  -3   2   0  -4  -3  -2  -2  -2   0    0   0   0   0   0   0   0   0   0   1  99   0   0   0   0   0   0   0   0   0  0.72 0.09
    4 S     1  -1   0  -1  -2  -1  -1  -1  -2  -3  -3  -1  -2  -3  -2   5   1  -4  -2  -2    0   0   0   0   0   0   0   0   0   0   0   0   0   0   0 100   0   0   0   0  0.79 0.12
    5 D    -3  -2   1   7  -4  -1   1  -2  -2  -4  -5  -1  -4  -4  -2  -1  -2  -5  -4  -4    0   0   0 100   0   0   0   0   0   0   0   0   0   0   0   0   0   0   0   0  1.35 0.12
    6 K    -2   6  -1  -2  -4   1   0  -2  -1  -4  -3   4  -2  -4  -2  -1  -2  -3  -2  -3    0  67   0   0   0   1   0   1   0   0   0  31   0   0   0   0   0   0   0   0  0.83 0.09
    7 D    -3  -2   1   7  -4  -1   1  -2  -2  -4  -5  -1  -4  -4  -2  -1  -2  -5  -4  -4    0   0   0 100   0   0   0   0   0   0   0   0   0   0   0   0   0   0   0   0  1.35 0.12
    8 I    -2  -4  -4  -4  -2  -3  -4  -5  -4   6   2  -3   1  -1  -4  -3  -1  -3  -2   2    0   0   0   0   0   0   0   0   0  91   8   0   0   0   0   0   0   0   0   1  0.69 0.10
    9 I    -2   4  -1  -2  -2   0  -1  -3  -1   1   1   2   0  -2  -3  -1  -1  -3  -2  -1    1  48   0   0   1   1   0   0   1  12  20  15   0   0   0   0   2   0   0   0  0.34 0.05
   10 D     4  -1  -1   1  -1  -1   0  -1  -2  -2  -2   1  -2  -3  -1   1   0  -3  -2  -1   65   0   1  12   0   0   1   0   0   0   0  12   0   0   0   3   4   0   0   1  0.34 0.06
   11 Y    -1   0  -1   1  -4   2   5  -3   0  -3  -1   0  -2  -2  -2  -1  -1  -2   2  -3    2   1   0   0   0   6  71   0   0   0   6   0   0   0   0   0   0   0  12   0  0.61 0.08
   12 V    -2  -3  -4  -4  -2  -3  -4  -4  -4   4   3  -3   1   0  -3  -3  -1  -3  -2   3    0   0   0   0   0   0   0   0   0  53  27   0   0   0   0   0   1   0   0  19  0.47 0.06
   13 T     0  -1   1   5  -3   0   2  -1  -1  -3  -3   0  -3  -4  -2   0   1  -4  -3  -2    9   0   2  54   0   1  13   2   0   0   0   2   0   0   0   3  15   0   0   0  0.56 0.06
   14 S     3  -1   0   0  -1   0   1   0  -1  -2  -2   0  -2  -3  -1   3   0  -3  -2  -1   42   1   3   3   0   0   7   1   0   0   1   5   0   0   0  35   1   0   0   1  0.32 0.05
   15 K    -1  -1   1  -1  -3  -1  -1   5  -2  -4  -4   1  -3  -4  -2  -1  -2  -3  -3  -4    0   0   7   1   0   1   2  70   0   0   0  17   0   0   0   0   0   0   0   0  0.78 0.07
   16 R    -2   7  -1  -2  -4   0  -1  -3  -1  -4  -3   2  -2  -4  -3  -1  -2  -4  -2  -3    0  93   0   1   0   0   0   0   0   0   0   6   0   0   0   0   0   0   0   0  1.09 0.11
   17 I    -1  -3  -4  -4  -1  -3  -3  -4  -4   4   2  -3   1  -1  -3  -3  -1  -3  -2   4    0   0   0   0   0   0   0   0   0  34  16   0   0   0   0   0   0   0   0  49  0.46 0.06
   18 I     1   2  -2  -2  -2   0  -1   1  -2   1   0   0   0  -2  -2   0   0  -2  -2   1   14  16   0   0   0   2   1  15   0  18   1   5   0   0   0   4   2   1   0  20  0.10 0.02
   19 I    -2  -3  -4  -4  -2  -3  -4  -4  -4   4   3  -3   2   0  -3  -3  -1  -3  -2   2    0   0   0   0   0   0   0   0   0  40  50   0   3   0   0   0   0   0   0   7  0.48 0.06
   20 K    -2  -1   2   5  -4   0   4  -2  -1  -4  -4   1  -3  -4  -2  -1  -1  -4  -3  -3    1   0   7  52   0   0  33   0   0   0   0   6   0   0   0   0   2   0   0   0  0.74 0.07
   21 P    -2  -3  -3  -2  -4  -2  -2  -3  -3  -4  -4  -2  -3  -5   8  -2  -2  -5  -4  -3    0   0   0   0   0   0   0   0   0   0   0   0   0   0 100   0   0   0   0   0  2.36 0.14
   22 F    -3  -3  -3  -4  -3  -3  -3  -4   0  -1   0  -3  -1   6  -4  -2  -3   4   5  -2    0   0   0   0   0   0   0   0   0   0   3   0   0  56   0   1   0   6  33   0  0.93 0.09
   23 N    -2  -1   3   5  -4   0   2  -2  -1  -3  -4  -1  -3  -4  -2   0  -1  -4  -3  -3    2   0  18  59   0   2  15   0   0   0   0   0   0   0   0   0   1   0   0   1  0.74 0.07
   24 K     0   2  -1   0  -3   0   1  -2  -1  -3  -3   1  -2  -4   6  -1  -1  -4  -3  -2    6  14   0   6   0   0  14   0   0   0   2   7   0   0  47   1   1   0   0   1  0.82 0.06
   25 D     2  -1   1   2  -2   0   2   1  -1  -2  -2   0  -2  -3  -1   1   0  -3  -2  -1   23   0   6  13   0   1  25   8   0   0   1   1   0   0   1  13   4   0   0   3  0.26 0.03
   26 F    -2  -2  -3  -4  -2  -2  -3  -4  -2   0   1  -2   8   3  -4  -2  -2  -2   0   0    0   0   0   0   0   0   0   0   0   0   3   0  78  19   0   0   0   0   0   0  0.79 0.12
   27 V    -1  -3  -4  -4  -1  -3  -3  -4  -4   4   2  -3   1  -1  -3  -2  -1  -3  -2   4    0   0   0   0   0   0   0   0   0  35  14   0   1   0   0   0   0   0   0  50  0.47 0.06
   28 G    -1   0  -1  -1  -4   6   1   2  -1  -4  -3   0  -1  -4  -2  -1  -2  -3  -2  -3    0   0   0   0   0  82   0  18   0   0   0   0   0   0   0   0   0   0   0   0  0.85 0.11
   29 P    -2  -3  -3  -2  -4  -2  -2  -3  -3  -4  -4  -2  -3  -5   8  -2  -2  -5  -4  -3    0   0   0   0   0   0   0   0   0   0   0   0   0   0 100   0   0   0   0   0  2.36 0.14
   30 C     1  -2   0  -1   4  -1  -1  -1  -2  -3  -3  -1  -2  -3  -2   5   1  -3  -2  -2    1   0   0   0  12   0   0   0   0   0   0   0   0   0   0  86   0   0   0   0  0.66 0.10
   31 S     1  -1   0  -1  -2  -1  -1  -1  -2  -3  -3  -1  -2  -3  -2   5   1  -4  -2  -2    0   0   0   0   0   0   0   0   0   0   0   0   0   0   0 100   0   0   0   0  0.79 0.12
   32 Y    -1  -3  -3  -4  -2  -3  -3  -4  -2   4   1  -3   0   0  -3  -3  -1  -1   3   3    0   0   0   0   0   0   0   0   0  52   0   0   0   0   0   0   0   0  18  29  0.45 0.07
   33 D    -3  -2   1   7  -4  -1   1  -2  -2  -4  -5  -1  -4  -4  -2  -1  -2  -5  -4  -4    0   0   0 100   0   0   0   0   0   0   0   0   0   0   0   0   0   0   0   0  1.35 0.12
   34 V    -1  -3  -4  -4  -1  -3  -3  -4  -4   2   0  -3   0   0  -3  -2  -1  -3  -2   5    0   0   0   0   0   0   0   0   0   3   0   0   0   3   0   0   0   0   0  93  0.62 0.10
   35 T    -2   6  -1  -2  -4   0  -1  -3  -1  -3  -3   1  -2  -3  -3  -1   2  -3  -2  -3    0  82   0   0   0   0   0   0   0   0   0   0   0   0   0   0  18   0   0   0  0.86 0.10
   36 L    -2  -3  -4  -4  -2  -3  -4  -4  -3   1   5  -3   2   0  -4  -3  -2  -2  -2   0    0   0   0   0   0   0   0   0   0   3  94   0   2   0   0   0   0   0   0   0  0.68 0.08
   37 G    -2  -2   1   6  -4  -1   1   2  -2  -4  -4  -1  -4  -4  -2  -1  -2  -5  -4  -4    0   0   0  82   0   0   0  18   0   0   0   0   0   0   0   0   0   0   0   0  1.02 0.10
   38 D    -2   6   0   2  -4   0   0  -2  -1  -4  -3   2  -2  -4  -3  -1  -2  -4  -3  -3    0  70   1  18   0   0   0   1   0   0   0   9   0   0   0   1   0   0   0   0  0.73 0.08
   39 E    -2  -2  -3  -2  -3  -1   1  -4   0  -1   0  -2   0   5  -3  -2  -2   2   5  -2    0   0   0   0   0   0  18   0   0   0   4   0   2  41   0   0   0   2  33   0  0.61 0.07
   40 F    -3  -4  -4  -4  -3  -4  -4  -4  -2  -1   0  -4  -1   8  -5  -3  -3   0   2  -2    0   0   0   0   0   0   0   0   0   0   0   0   0 100   0   0   0   0   0   0  1.29 0.13
   41 I    -2   6  -1  -3  -4   0  -1  -3  -1   1  -2   1  -1  -3  -3  -2  -2  -3  -2  -1    0  82   0   0   0   0   0   0   0  18   0   0   0   0   0   0   0   0   0   0  0.79 0.10
   42 I    -1  -3  -4  -4  -1  -3  -3  -4  -4   3   2  -3   1  -1  -3  -2  -1  -3  -2   4    0   0   0   0   0   0   0   0   0  19  24   0   0   0   0   0   1   0   0  56  0.44 0.06
   43 Y    -3  -3  -4  -4  -3  -4  -4  -4  -1  -1   0  -4  -1   7  -4  -3  -3   1   5  -2    0   0   0   0   0   0   0   0   0   0   0   0   0  81   0   0   0   0  18   0  1.10 0.11
   44 D    -2  -1   1   5  -4   0   4  -2  -1  -4  -4   0  -3  -4  -2  -1  -1  -4  -3  -3    0   0   5  48   0   0  46   0   0   0   0   0   0   0   0   1   0   0   0   0  0.82 0.08
   45 D    -2  -1   7   3  -4  -1   0  -1   0  -4  -4  -1  -3  -4  -3   0  -1  -5  -3  -4    0   0  82  18   0   0   0   0   0   0   0   0   0   0   0   0   0   0   0   0  1.00 0.11
   46 E    -2  -1   0  -1  -4   0   2  -3   8  -4  -3  -1  -2  -2  -3  -1   0  -3   1  -3    0   0   0   0   0   0  18   0  74   0   0   0   0   0   0   0   8   0   0   0  1.03 0.11
   47 V    -1   5  -1  -2  -3   0   0  -3  -1  -1  -2   4  -1  -3  -2  -1  -1  -3  -2   1    0  43   0   0   0   0   0   0   0   0   2  38   0   0   0   0   0   0   0  18  0.48 0.07
   48 Y    -3  -3  -3  -4  -3  -2  -3  -4   1  -2  -2  -3  -2   2  -4  -3  -3   1   8  -2    0   0   0   0   0   0   0   0   1   0   0   0   0   0   0   0   0   0  99   0  1.48 0.14
   49 D    -1  -3  -1   2  -3  -1  -1  -2  -3  -3  -3  -1  -3  -4   7  -1   0  -4  -3  -3    3   0   0  18   0   0   1   0   0   0   0   0   0   0  68   2   8   0   0   0  1.38 0.09
   50 L    -2  -1  -1  -2  -3  -1  -1  -3   7  -1   1  -2   0   3  -3  -2  -2  -1   2  -1    1   0   0   1   0   0   0   0  48   0  19   0   0  16   0   1   1   0   5   6  0.46 0.07
   51 S    -1  -3  -2  -3  -2  -2  -3  -3  -3   5   1  -2   0  -1  -2   1  -1  -3  -2   2    1   0   0   0   0   0   0   1   0  74   1   0   0   0   0  19   0   0   0   0  0.37 0.07
   52 K    -2  -1   1   6  -4   0   1  -2  -1  -3  -4   2  -3  -4  -2  -1  -1  -4  -3  -3    1   0   0  74   0   0   0   1   0   0   1  19   0   0   0   1   0   0   0   0  0.83 0.08
   53 E    -1  -2  -2  -1  -3  -1   2  -3  -2  -3  -3  -1  -3  -4   7  -1  -2  -4  -3  -3    1   0   0   0   0   0  19   1   0   0   1   0   0   0  74   1   0   0   0   0  1.55 0.09
   54 L     3  -2  -1  -2  -1  -1  -1  -1  -2  -1   1  -1   0  -2  -1   2   0  -3  -2  -1   56   0   0   0   0   1   1   1   0   0  19   0   0   0   0  18   0   0   0   1  0.27 0.05
   55 N    -1   0   3   1  -2   2   3  -1   0  -2  -2   0  -1  -2  -1   0   0  -1  -1  -1    3   3  20   2   1  13  29   3   1   2   4   3   1   2   2   3   2   1   1   3  0.22 0.02
   56 Y     0   0   0   0  -1   0   0   0   0  -1   0   0   0   1   0   0   0   0   3   0    6   5   4   4   2   3   6   6   2   4   7   5   2   3   5   6   5   1  21   5  0.06 0.00
   57 K     0   1   0   0  -1   1   0   0   0  -1  -1   2   0  -1   0   0   0   0   0  -1    6   4   4   4   2   6   5   6   2   4   7  23   2   3   4   6   5   1   3   5  0.05 0.00
   58 R     0   2   0   0  -1   0   0   0   0  -1  -1   1   0  -1   0   0   0   0   0  -1    6  23   4   4   2   3   5   6   2   4   7   5   2   3   4   6   5   1   3   5  0.06 0.00
   59 I     0   0   0   0  -1   0   0   0  -1   1   0   0   0   0   0   0   0   0   0   1    6   4   4   4   2   3   5   6   2  22   7   5   2   3   4   6   5   1   3   5  0.00 0.00
   60 K     0   1   0   0  -1   0   0   0   2  -1  -1   2   0  -1   0   0   0  -1   0  -1    6   4   4   4   1   3   5   6   8   4   7  22   2   3   4   5   4   1   2   5  0.05 0.00
   61 I     0  -1  -1   0  -1   0   0  -1  -1   2   0   0   0   0   0   0   0  -1   0   1    6   4   3   4   1   3   5   6   2  29   7   4   2   3   4   5   4   1   2   5  0.01 0.00
   62 K     0   0   0   1  -1   0   0   0   0  -1  -1   2  -1  -1   0   0   0  -1  -1  -1    6   4   3  11   1   3   5   6   2   4   7  22   2   3   4   5   4   1   2   5  0.06 0.00
   63 N     0   0   2   0  -1   0   0   0   0  -1  -1   0  -1  -1   2   0   0  -1  -1  -1    6   4  22   4   1   3   5   6   2   4   7   4   2   3  11   5   4   1   2   5  0.10 0.00
   64 S     0   0   0   0   0   0   0   0   0  -1  -1   0   0  -1   0   2   0  -1   0  -1    7   4   3   4   1   3   5   6   2   4   7   4   2   3   4  29   4   1   2   5  0.07 0.00
   65 I     0  -1   0   0  -1   0   0  -1  -1   2   0   0   0   0   0   0   0  -1   0   1    6   4   3   4   1   3   5   6   2  28   7   4   2   3   4   5   4   1   2   6  0.01 0.00
   66 L     0   0   0   0  -1   0   1  -1   0   0   1   0   0   0   0   0   0   0   0   0    7   4   3   4   1   4  10   6   2   4  25   4   2   3   4   5   4   1   2   5  0.02 0.00
   67 V     0   0   0   0  -1   1   0   0   0   1   0   0   0  -1   0   0   0  -1   0   1    6   4   3   4   1   9   5   6   2   5   7   4   2   3   4   5   4   1   2  23  0.01 0.00
   68 C     0  -1   0   0   5   0   0   0  -1  -1  -1   0  -1  -1   1   0   0  -1  -1   0    6   4   3   6  20   3   5   6   2   4   7   4   2   3   9   5   4   1   2   5  0.11 0.00
   69 P     0   0   0   0  -1   0   0   0   0  -1  -1   0  -1  -1   4   0   0   0   0  -1    6   4   4   4   2   3   5   6   2   4   7   5   2   3  23   6   5   1   3   5  0.21 0.00
   70 L     0   0   0   0  -1   0   0   0   0   0   1   0   0   0   0   0   0   0   0   0    7   4   4   4   2   3   5   6   2   4  25   5   2   3   4   6   5   1   3   5  0.01 0.00
   71 N     0   0   2   0  -1   0   0   0   0  -1  -1   0   0  -1   0   0   0   0   0   0    6   4  22   4   2   3   5   6   2   4   7   5   2   3   4   6   5   1   3   6  0.06 0.00
   72 Y     0   0   0   0  -1   0   0   0   0  -1   0   0   0   1   0   0   0   1   3   0    6   5   4   4   2   3   6   6   2   4   7   5   2   3   4   6   5   1  21   5  0.06 0.00
   73 N     1  -1   2   0  -1   0   0  -1  -1   0   0   0   0  -1  -1   0   0  -1  -1   1   16   2  20   2   1   4   3   3   1   5   7   3   2   2   2   4   5   1   1  16  0.05 0.01
   74 L    -1  -1   0   4  -3   1   3  -2  -1  -2   0   0  -1  -2  -2  -1  -1  -3  -2  -2    1   1   1  33   0   6  33   1   0   0  20   1   0   0   0   1   1   0   0   1  0.37 0.05
   75 T    -1   0  -1  -1  -3   6   1  -2   0  -3  -2   0  -1  -3  -2   0   2  -2  -2  -2    1   1   0   1   0  72   1   1   0   1   1   1   0   0   1   1  19   0   0   1  0.66 0.09
   76 E     0  -2  -1   1  -3   0   2  -2  -2  -3  -3  -1  -2  -3   6   1  -1  -3  -3  -2    4   0   0   9   0   1  21   1   0   0   1   0   0   0  46  12   1   0   0   1  0.82 0.06
   77 E    -2  -1   0   5  -4   1   4  -2  -1  -4  -4   0  -3  -4  -2  -1  -2  -4  -3  -4    0   0   0  51   0   0  49   1   0   0   0   0   0   0   0   0   0   0   0   0  0.89 0.09
   78 K    -2  -1  -3  -3  -2  -2  -2  -4  -3   1   4   1   1   0  -3  -2  -2  -2  -2   0    0   0   0   0   0   0   0   0   0   0  82  18   0   0   0   0   0   0   0   0  0.46 0.07
   79 I    -1  -2  -1  -2  -2  -2  -2  -3  -3   2  -1  -2  -1  -2  -2   0   5  -3  -2   0    0   0   0   0   0   0   0   0   0  18   0   0   0   0   0   0  82   0   0   0  0.62 0.10
   80 N    -2   6   3  -1  -4   0  -1  -2   1  -4  -3   1  -2  -3  -3   0  -1  -4  -2  -3    0  70  18   0   0   0   0   0   3   0   0   0   0   0   0   6   2   0   0   0  0.72 0.08
   81 Y    -1  -2  -3  -2  -2  -1   0  -3  -1   0   3  -2   2   1  -2  -2  -1  -1   3   0    2   0   0   0   0   2  12   0   0   0  49   0  10   1   2   0   1   0  18   2  0.25 0.05
   82 F    -1  -3  -4  -4  -2  -3  -3  -4  -3   3   1  -3   0   3  -3  -2  -1  -2   0   4    0   0   0   0   0   0   0   0   0  16   2   0   0  18   0   0   0   0   0  64  0.44 0.07
   83 K    -1   0  -1   1  -4   1   5  -3  -1  -3  -3   2  -2  -4  -2  -1  -1  -4  -3  -2    1   0   0   2   0   1  75   0   0   1   0  18   0   0   0   1   0   0   0   2  0.74 0.09
   84 E     0  -2  -2  -1  -1   0   2  -2  -2  -1  -2  -1  -2  -3   5  -1   0  -4  -3   1   10   0   0   0   2   1  18   0   0   1   0   1   0   0  40   1   8   0   0  18  0.62 0.05
   85 K     0   0   0   3  -3   1   3  -1  -1  -2  -3   3  -2  -3   0   0  -1  -3  -2  -2    9   1   1  17   0   2  31   2   0   0   1  28   0   0   2   1   2   0   0   3  0.34 0.04
   86 Y     0  -1  -1   0  -3  -1  -1   4  -1  -3  -3  -1  -3  -1   3  -1  -2  -1   3  -3    3   2   0   5   0   1   4  46   1   0   0   1   0   0  18   1   0   0  18   0  0.52 0.05
   87 N    -2  -1   3   5  -4   0   1   1  -1  -4  -4   0  -3  -4  -2   0  -1  -4  -3  -3    1   0  17  57   0   0   6  11   0   0   0   6   0   0   0   1   1   0   0   0  0.67 0.06
   88 V    -1  -1  -1   2  -4   1   5  -3  -1  -2  -2   0  -2  -3  -2  -1  -1  -4  -3   1    0   0   0   8   0   1  72   0   0   0   0   0   0   0   0   0   0   0   0  18  0.62 0.08
   89 D     0  -3  -2   2  -3  -2  -1  -2  -3  -3  -4  -2  -3  -3   7  -1  -2  -4  -3  -3    8   0   0  18   0   0   0   1   0   0   0   0   0   1  69   2   0   0   0   0  1.42 0.09
   90 Y    -3  -3  -4  -4  -3  -4  -4  -4  -1  -1   0  -4  -1   7  -4  -3  -3   1   5  -2    0   0   0   0   0   0   0   0   0   0   0   0   0  81   0   0   0   0  18   0  1.10 0.11
   91 V    -1  -3  -4  -4  -2  -3  -4  -4  -4   5   1  -3   1  -1  -3  -3  -1  -3  -2   4    0   0   0   0   0   0   0   0   0  64   0   0   1   0   0   0   0   0   0  35  0.57 0.08
   92 V    -2  -3  -4  -4  -2  -3  -3  -4  -3   1   4  -3   1   0  -3  -3  -1  -2  -2   2    0   0   0   0   0   0   0   0   0   0  82   0   0   0   0   0   0   0   0  18  0.57 0.07
   93 E    -2  -1   0  -1  -4   0   2  -3   9  -4  -4  -1  -2  -2  -3  -2  -2  -3   1  -4    0   0   0   0   0   0  18   0  82   0   0   0   0   0   0   0   0   0   0   0  1.24 0.13
   94 G    -1  -3  -2  -2  -4  -2  -2   2  -3  -4  -4  -2  -3  -4   8  -1  -2  -4  -4  -3    0   0   0   0   0   0   0  18   0   0   0   0   0   0  82   0   0   0   0   0  1.80 0.11
   95 G     0  -3  -1  -2  -3  -3  -3   6  -3  -5  -5  -2  -3  -4  -3  -1  -2  -3  -4  -4    0   0   0   0   0   0   0 100   0   0   0   0   0   0   0   0   0   0   0   0  1.36 0.10
   96 V    -1  -3  -4  -4  -1  -3  -3  -4  -4   3   0  -3   0  -1  -3  -2  -1  -4  -2   5    1   0   0   0   0   0   0   0   0   6   0   0   0   0   0   0   0   0   0  93  0.63 0.09
   97 L    -2  -3  -4  -4  -2  -3  -4  -4  -4   1   5  -3   2   0  -4  -3  -2  -2  -2   0    0   0   0   0   0   0   0   0   0   0 100   0   0   0   0   0   0   0   0   0  0.73 0.09
   98 G     2  -3  -1  -2  -2  -2  -2   5  -3  -3  -3  -2  -3  -3  -2   0  -2  -3  -3  -3   30   0   0   0   0   0   0  70   0   0   0   0   0   0   0   0   0   0   0   0  0.86 0.08
   99 T     1  -1   0  -1  -1  -1  -1  -1  -2  -3  -3  -1  -2  -3  -1   5   3  -3  -2  -2    3   0   0   0   0   0   0   0   0   0   0   0   0   0   0  79  18   0   0   0  0.60 0.09
  100 T    -1  -2  -1  -2  -2  -1  -2  -2  -3  -1  -2  -1  -1  -3  -2   1   6  -3  -2  -1    0   0   0   0   0   0   0   0   0   1   0   0   0   0   0   1  99   0   0   0  0.86 0.12
  101 N    -2  -2   2  -2  -3  -2  -2  -3   1  -2  -1  -2  -1   3  -4  -2  -2   1   7  -2    0   0  18   0   0   0   0   0   0   0   5   0   0  13   0   0   0   0  64   0  0.80 0.09
  102 E    -2  -1  -1   1  -5   1   6  -3  -1  -4  -4   0  -3  -4  -2  -1  -2  -4  -3  -3    0   0   0   0   0   0 100   0   0   0   0   0   0   0   0   0   0   0   0   0  1.10 0.12
  103 Y     0   0  -2  -3  -2   0  -2  -3  -1   1   0  -1   1   0  -3  -1   0  -1   3   3    5   6   0   0   0   8   0   0   0   1   6   1   3   0   0   2   6   0  19  42  0.17 0.04
  104 I    -1  -3  -4  -4   1  -3  -3  -4  -4   4   1  -3   0   0  -3  -2  -1  -3  -2   4    0   0   0   0   3   0   0   0   0  43   0   0   0   2   0   0   0   0   0  53  0.50 0.07
  105 E     0  -1   0  -1  -2   0   2  -1  -2  -2  -2  -1  -2  -3  -2   2   4  -3  -2  -1    2   1   0   0   0   0  18   2   0   0   0   0   0   0   0  15  60   0   0   0  0.45 0.07
  106 L    -2  -3  -4  -4  -2  -3  -4  -4  -4   1   5  -3   2   0  -4  -3  -2  -2  -2   0    0   0   0   0   0   0   0   0   0   0  99   0   1   0   0   0   0   0   0   0  0.73 0.09
  107 P    -1  -3  -3  -2  -4  -2  -2  -3  -3  -4  -4  -2  -3  -5   8  -2  -2  -5  -4  -3    1   0   0   0   0   0   0   1   0   0   0   0   0   0  99   0   0   0   0   0  2.31 0.13
  108 N    -2  -2   3   6  -4  -1   1  -2  -1  -4  -4   0  -3  -4  -2  -1  -1  -5  -3  -4    0   0  15  78   0   0   0   0   1   0   0   6   0   0   0   0   0   0   0   0  0.97 0.09
  109 D    -3  -2   1   7  -4  -1   1  -2  -2  -4  -5  -1  -4  -4  -2  -1  -2  -5  -4  -4    0   0   2  98   0   0   0   0   0   0   0   0   0   0   0   0   0   0   0   0  1.31 0.12
  110 I    -1  -3  -4  -4  -2  -3  -3  -4  -4   4   2  -3   1  -1  -3  -3  -1  -3  -2   3    0   0   0   0   0   0   0   0   0  52  25   0   0   0   0   0   0   0   0  22  0.47 0.06
  111 S     5  -2  -2  -2   2  -1  -1  -1  -2  -2  -2  -1  -2  -3  -1   1   1  -3  -2  -1   82   0   0   0   6   0   0   0   0   0   0   0   0   0   0   6   6   0   0   0  0.53 0.08
  112 A     4  -2  -1  -2  -1  -1  -1   2  -2  -2  -2  -1  -2  -3  -1   2   0  -3  -2  -1   60   0   0   0   0   0   0  15   0   0   0   0   0   0   0  25   0   0   0   0  0.46 0.07
  113 Q    -2   6  -1  -2  -4   2   0  -3  -1  -3  -3   1  -2   0  -3  -1  -2  -3  -2  -3    0  82   0   0   0  12   0   0   0   0   0   0   0   6   0   0   0   0   0   0  0.87 0.10
  114 Y    -2  -3  -4  -4  -2  -3  -3  -4  -2   1   4  -3   1   1  -3  -3  -2  -1   3   1    0   0   0   0   0   0   0   0   0   0  69   0   0   0   0   0   0   0  18  13  0.47 0.07
  115 Q    -2   0  -1   1  -4   3   6  -3  -1  -4  -3   0  -2  -4  -2  -1  -1  -3  -3  -3    0   0   0   0   0  18  82   0   0   0   0   0   0   0   0   0   0   0   0   0  0.93 0.10
  116 G     0  -3  -1  -2  -3  -3  -3   6  -3  -5  -5  -2  -3  -4  -3  -1  -2  -3  -4  -4    0   0   0   0   0   0   0 100   0   0   0   0   0   0   0   0   0   0   0   0  1.36 0.10
  117 R    -1   3  -1  -1  -4   1   0  -2  -1  -3  -3   6  -2  -4  -2  -1  -1  -4  -2  -3    0  18   0   0   0   0   0   0   0   0   0  82   0   0   0   0   0   0   0   0  0.78 0.10
  118 S     1  -1   0  -1  -2  -1  -1  -1  -2  -3  -3  -1  -2  -3  -2   5   1  -4  -2  -2    0   0   0   0   0   0   0   0   0   0   0   0   0   0   0 100   0   0   0   0  0.79 0.12
  119 S     1  -1   0  -1  -2  -1  -1  -1  -2  -3  -3  -1  -2  -3  -2   5   1  -4  -2  -2    0   0   0   0   0   0   0   0   0   0   0   0   0   0   0 100   0   0   0   0  0.79 0.12
  120 L    -2  -3  -4  -4  -2  -3  -4  -4  -4   1   5  -3   2   0  -4  -3  -2  -2  -2   0    0   0   0   0   0   0   0   0   0   0 100   0   0   0   0   0   0   0   0   0  0.73 0.09
  121 G     0  -3  -1  -2  -3  -3  -3   6  -3  -5  -5  -2  -3  -4  -3  -1  -2  -3  -4  -4    0   0   0   0   0   0   0 100   0   0   0   0   0   0   0   0   0   0   0   0  1.36 0.10
  122 R    -2   7  -1  -2  -4   0  -1  -3  -1  -4  -3   2  -2  -4  -3  -2  -2  -4  -3  -3    0 100   0   0   0   0   0   0   0   0   0   0   0   0   0   0   0   0   0   0  1.19 0.12
  123 V    -2  -3  -4  -4  -2  -3  -3  -4  -3   1   4  -3   1   0  -3  -3  -1  -2  -2   2    0   0   0   0   0   0   0   0   0   0  82   0   0   0   0   0   0   0   0  18  0.57 0.07
  124 F    -1  -3  -1  -2  -3  -3  -3   6  -3  -3  -3  -2  -3   2  -3  -1  -2  -2  -1  -3    0   0   0   0   0   0   0  82   0   0   0   0   0  18   0   0   0   0   0   0  0.97 0.09
  125 L    -2  -3  -4  -4  -2  -3  -4  -4  -4   1   5  -3   2   0  -4  -3  -2  -2  -2   0    0   0   0   0   0   0   0   0   0   0 100   0   0   0   0   0   0   0   0   0  0.73 0.09
  126 T    -2  -3  -3  -4  -2  -2  -3  -4  -3   1   4  -3   1   0  -3  -2   2  -2  -2   1    0   0   0   0   0   0   0   0   0   0  75   0   1   0   0   0  18   0   0   6  0.45 0.07
  127 S     0  -2   0  -2  -2  -1  -1  -2  -2  -2  -2  -1  -1  -3  -2   2   6  -3  -2  -1    0   0   0   0   0   0   0   0   0   0   0   0   0   0   0  18  82   0   0   0  0.70 0.10
  128 H    -3  -1   0  -2  -4   0  -1  -3   9  -4  -4  -2  -3  -2  -3  -2  -3  -3   1  -4    0   0   0   0   0   0   0   0 100   0   0   0   0   0   0   0   0   0   0   0  1.65 0.15
  129 Q     2  -1   0  -1  -2   3   0  -1  -1  -3  -3   0  -2  -3  -1   4   1  -3  -2  -2   13   0   0   0   0  18   0   0   0   0   0   0   0   0   0  68   0   0   0   0  0.51 0.08
  130 T    -1  -2  -1  -2  -2  -1  -2  -2  -3  -1  -2  -1  -1  -3  -2   1   6  -3  -2  -1    0   0   0   0   0   0   0   0   0   0   0   0   0   0   0   0 100   0   0   0  0.88 0.12
  131 A     5  -2  -2  -2  -1  -1  -2   0  -2  -2  -2  -1  -2  -3  -1   1  -1  -3  -3  -1  100   0   0   0   0   0   0   0   0   0   0   0   0   0   0   0   0   0   0   0  0.72 0.10
  132 G     0  -3  -1  -2  -3  -3  -3   6  -3  -5  -5  -2  -3  -4  -3  -1  -2  -3  -4  -4    0   0   0   0   0   0   0 100   0   0   0   0   0   0   0   0   0   0   0   0  1.36 0.10
  133 W    -3  -4  -4  -5  -3  -4  -4  -4  -2  -1   0  -4  -1   7  -5  -3  -3   6   2  -2    0   0   0   0   0   0   0   0   0   0   0   0   0  85   0   0   0  15   0   0  1.23 0.11
  134 I    -2  -4  -4  -4  -2  -3  -4  -4  -4   5   1  -3   1  -1  -3  -3  -1  -3  -2   3    0   0   0   0   0   0   0   0   0  85   0   0   0   0   0   0   0   0   0  15  0.67 0.09
  135 D    -3  -2   1   7  -4  -1   1  -2  -2  -4  -5  -1  -4  -4  -2  -1  -2  -5  -4  -4    0   0   0 100   0   0   0   0   0   0   0   0   0   0   0   0   0   0   0   0  1.35 0.12
  136 A     1  -3  -3  -2  -3  -2  -2  -2  -3  -3  -3  -2  -3  -4   8  -1  -2  -4  -4  -3   18   0   0   0   0   0   0   0   0   0   0   0   0   0  82   0   0   0   0   0  1.77 0.11
  137 G     0  -3  -1  -2  -3  -3  -3   6  -3  -5  -5  -2  -3  -4  -3  -1  -2  -3  -4  -4    0   0   0   0   0   0   0 100   0   0   0   0   0   0   0   0   0   0   0   0  1.36 0.10
  138 F    -3  -4  -4  -4  -3  -4  -4  -4  -2  -1   0  -4  -1   8  -5  -3  -3   0   2  -2    0   0   0   0   0   0   0   0   0   0   0   0   0 100   0   0   0   0   0   0  1.29 0.13
  139 K     0   0   0  -1  -1   0   0  -1  -1  -3  -3   2  -2  -3  -1   4   2  -3  -2  -2    0   0   0   1   1   0   4   1   0   0   0  18   0   0   0  66   8   0   0   0  0.45 0.07
  140 G     0  -3  -1  -2  -3  -3  -3   6  -3  -5  -5  -2  -3  -4  -3  -1  -2  -3  -4  -4    0   0   0   0   0   0   0 100   0   0   0   0   0   0   0   0   0   0   0   0  1.36 0.10
  141 K    -2   0   0  -2  -3   0  -1  -3   9  -4  -4   2  -2  -2  -3  -2  -2  -3   1  -4    0   0   0   0   0   0   0   0  81   0   0  18   0   0   0   0   0   0   0   0  1.19 0.13
  142 I    -1  -3  -4  -4  -1  -3  -3  -4  -4   4   1  -3   0  -1  -3  -2  -1  -3  -2   5    0   0   0   0   0   0   0   0   0  31   0   0   0   0   0   0   0   0   0  69  0.56 0.08
  143 T    -1  -2  -1  -2  -2  -1  -2  -2  -3  -1  -2  -1  -1  -3  -2   1   6  -3  -2  -1    0   0   0   0   0   0   0   0   0   0   0   0   0   0   0   0 100   0   0   0  0.88 0.12
  144 L    -2  -3  -4  -4  -2  -3  -4  -4  -4   1   5  -3   2   0  -4  -3  -2  -2  -2   0    0   0   0   0   0   0   0   0   0   0 100   0   0   0   0   0   0   0   0   0  0.73 0.09
  145 E    -2  -1  -1   1  -5   1   6  -3  -1  -4  -4   0  -3  -4  -2  -1  -2  -4  -3  -3    0   0   0   0   0   0 100   0   0   0   0   0   0   0   0   0   0   0   0   0  1.10 0.12
  146 I    -2  -3  -4  -4  -2  -3  -4  -4  -4   3   4  -3   2   0  -3  -3  -2  -2  -2   1    0   0   0   0   0   0   0   0   0  18  82   0   0   0   0   0   0   0   0   0  0.60 0.07
  147 V     2  -2   0  -1  -1  -1  -1  -1  -2  -1  -2  -1  -1  -3  -2   4   1  -3  -2   1   12   0   0   0   0   0   0   0   0   0   0   0   0   0   0  70   0   0   0  18  0.42 0.08
  148 A     1  -1   6   0  -3  -1  -1  -1   0  -4  -4  -1  -3  -4  -2   0  -1  -4  -3  -3   18   0  82   0   0   0   0   0   0   0   0   0   0   0   0   0   0   0   0   0  0.85 0.10
  149 F    -1  -3  -3  -4  -2  -3  -3  -4   1   2   1  -3   1   2  -3  -2  -1  -2   0   4    1   0   0   0   0   0   0   0   6   0   5   0   3  12   0   0   0   0   0  73  0.39 0.07
  150 D     4  -2   2   2  -2  -1  -1  -1  -2  -2  -3  -1  -2  -3  -2   0  -1  -4  -3  -1   68   0  14  18   0   0   0   0   0   0   0   0   0   0   0   0   0   0   0   0  0.43 0.07
  151 K    -2  -1  -3  -3  -2  -2  -2  -4  -3   1   4   1   1   0  -3  -2  -2  -2  -2   0    0   0   0   0   0   0   0   0   0   0  82  18   0   0   0   0   0   0   0   0  0.46 0.07
  152 P    -2  -3  -3  -2  -4  -2  -2  -3  -3  -4  -4  -2  -3  -5   8  -2  -2  -5  -4  -3    0   0   0   0   0   0   0   0   0   0   0   0   0   0 100   0   0   0   0   0  2.36 0.14
  153 V    -2  -4  -4  -4  -2  -3  -4  -4  -4   5   1  -3   1  -1  -3  -3  -1  -3  -2   3    0   0   0   0   0   0   0   0   0  79   0   0   1   0   0   0   0   0   0  21  0.62 0.08
  154 I    -1   1  -1  -2  -3   0   0  -2  -2   1  -1   5   0  -3  -2  -1   1  -3  -2  -1    0   0   0   0   0   0   0   0   0  18   2  65   2   0   0   0  12   0   0   0  0.37 0.07
  155 L    -2  -3  -4  -4  -2  -3  -4  -4  -4   1   5  -3   2   0  -4  -3  -2  -2  -2   0    0   0   0   0   0   0   0   0   0   0 100   0   0   0   0   0   0   0   0   0  0.73 0.09
  156 Y    -3  -3  -4  -5  -3  -3  -3  -4   0  -3  -2  -3  -2   1  -4  -3  -3  11   6  -3    0   0   0   0   0   0   0   0   1   0   0   0   0   1   0   0   0  62  35   0  2.01 0.14
  157 K    -1  -2  -3  -2  -4  -2  -2  -3  -3  -4  -4   1  -3  -4   8  -1  -2  -4  -4  -3    0   0   0   0   0   0   0   0   0   0   0  12   0   0  87   0   0   0   0   0  1.94 0.12
  158 N    -1  -3   3  -1  -3  -2  -2   6  -2  -4  -4  -2  -3  -4  -3  -1  -2  -3  -4  -4    0   0  18   0   0   0   0  82   0   0   0   0   0   0   0   0   0   0   0   0  1.05 0.09
  159 Q    -2  -2  -3  -4  -2   2  -2  -4  -2   0   1  -2   8  -1  -3  -2  -1  -2  -2   0    0   0   0   0   0  12   0   0   0   0   0   0  88   0   0   0   0   0   0   0  0.87 0.14
  160 R    -1   3  -1  -1  -4   1   0  -2  -1  -3  -3   6  -2  -4  -2  -1  -1  -4  -2  -3    0  19   0   0   0   0   0   0   0   0   0  81   0   0   0   0   0   0   0   0  0.78 0.10
  161 I    -2  -4  -4  -4  -2  -4  -4  -5  -4   6   1  -3   1  -1  -4  -3  -1  -3  -2   2    0   0   0   0   0   0   0   0   0  97   0   0   0   0   0   0   0   0   0   3  0.75 0.10
  162 G     0  -3  -1  -2  -3  -3  -3   6  -3  -5  -5  -2  -3  -4  -3  -1  -2  -3  -4  -4    0   0   0   0   0   0   0 100   0   0   0   0   0   0   0   0   0   0   0   0  1.36 0.10
  163 Q    -2   0  -1  -1  -4   7   1  -3   0  -4  -3   1  -1  -4  -2  -1  -2  -3  -2  -3    0   0   0   0   0 100   0   0   0   0   0   0   0   0   0   0   0   0   0   0  1.16 0.14
  164 L    -2  -3  -4  -4  -2  -3  -3  -4  -3   1   5  -3   3   1  -4  -3  -2  -2  -1   0    0   0   0   0   0   0   0   0   0   0  86   0   8   5   0   0   0   0   0   1  0.60 0.08
  165 I    -1  -4  -4  -4  10  -4  -5  -4  -4   2  -1  -4  -2  -3  -4  -2  -2  -3  -3  -1    0   0   0   0  82   0   0   0   0  18   0   0   0   0   0   0   0   0   0   0  1.49 0.13
  166 F    -2  -3  -4  -4  -3  -3  -4  -4  -2   0   2  -3   3   6  -4  -3  -2   0   2   0    0   0   0   0   0   0   0   0   0   0  23   0  11  61   0   0   0   0   2   3  0.66 0.08
  167 S    -2  -3  -3  -4  -3  -3  -3  -3  -2   0   0  -3  -1   7  -4   0  -2   0   2  -1    0   0   0   0   0   0   0   0   0   5   1   0   0  82   0  12   0   0   0   0  0.85 0.10
  168 K    -2   6  -1  -2  -4   2   0  -3  -1  -4  -3   3  -2  -4  -2  -1  -1  -3  -2  -3    1  67   0   0   0   9   0   0   0   0   0  23   0   0   0   1   0   0   0   0  0.79 0.08
  169 L    -2  -3  -4  -4  -2  -3  -4  -4  -3   1   5  -3   2   0  -4  -3  -1  -2  -2   0    0   0   0   0   0   0   0   0   0   0  97   0   1   0   0   0   2   0   0   0  0.69 0.09
  170 L     0  -1   0  -1  -2  -1  -1  -1   1  -2   0  -1  -1  -2  -2   4   3  -3  -2  -1    0   0   0   0   0   0   1   0   6   0  12   0   0   0   0  60  20   0   0   0  0.36 0.07
  171 S     1  -1   0  -1  -2  -1  -1  -1  -2  -3  -3  -1  -2  -3  -2   5   1  -4  -2  -2    0   0   0   0   0   0   0   0   0   0   0   0   0   0   0 100   0   0   0   0  0.79 0.12
  172 P     0  -3  -3  -2  -3  -2  -2  -3  -3  -3  -4  -2  -3  -4   8  -1  -2  -5  -4  -3    6   0   0   0   0   0   0   0   0   0   0   0   0   0  92   2   0   0   0   1  2.06 0.12
  173 A     5  -2  -2  -2  -1  -1  -1   0  -2  -2  -2  -1  -2  -3  -1   1   0  -3  -2  -1   88   0   0   0   0   0   0   0   0   0   0   0   0   0   0   9   2   0   0   1  0.59 0.09
  174 D    -2  -1  -1   3  -4   1   6  -3  -1  -4  -3   0  -3  -4  -2  -1  -1  -4  -3  -3    0   0   0  16   0   1  81   0   0   0   1   0   0   0   0   0   1   0   0   0  0.89 0.10
  175 V    -2   0   2  -2  -3   0  -1  -3   7  -1  -2   0  -1   0  -3  -1  -2  -3   1   1    0   4  12   0   0   1   1   0  51   0   0   6   0   6   0   0   0   0   1  18  0.50 0.08
  176 G    -1  -3  -2  -2  -4  -2  -2   2  -3  -4  -4  -2  -3  -4   8  -1  -2  -4  -4  -3    0   0   0   0   0   0   0  18   0   0   0   0   0   0  82   0   0   0   0   0  1.80 0.11
  177 Y    -3  -3  -3  -4  -3  -2  -3  -4   1  -2  -2  -3  -2   2  -4  -3  -3   2   8  -2    0   0   0   0   0   0   0   0   0   0   0   0   0   0   0   0   0   0 100   0  1.49 0.14
  178 S     0  -3  -1  -2   2  -2  -2   6  -3  -4  -4  -2  -3  -4  -3   1  -2  -3  -4  -3    0   0   0   0   6   0   0  82   0   0   0   0   0   0   0  12   0   0   0   0  1.00 0.08
  179 E     0  -1   0   0  -2   1   4  -2  -1  -3  -3   0  -2  -3  -1   4   0  -3  -2  -3    2   0   0   0   0   0  44   0   0   0   0   1   0   0   0  52   1   0   0   0  0.54 0.08
  180 R     0   4  -1  -1  -3   1   1  -1  -1  -3  -3   3  -2  -3  -1   0  -1  -3  -2  -3    9  30   0   0   0   5  11   3   0   0   0  37   0   0   1   4   1   0   0   0  0.43 0.05
  181 K     0   0  -2  -3  -3  -1  -2  -3   1  -2  -2   2  -2   2  -2  -1  -2   1   7  -2    9   2   0   0   0   0   0   0   1   0   0  21   0   0   0   1   0   0  66   0  0.71 0.09
  182 T     0  -2   1  -1  -3  -2  -2   6  -2  -4  -4  -1  -3  -4  -3   0   0  -3  -3  -3    1   0   7   0   0   0   0  79   0   0   1   1   0   0   0   6   6   0   0   0  0.91 0.08
  183 S     0  -1   1  -1  -2  -1  -1  -1  -2  -3  -3  -1  -2  -3  -2   5   1  -4  -2  -2    0   0   3   0   0   0   0   0   0   0   0   0   0   0   0  97   0   0   0   0  0.75 0.11
  184 K    -2   6  -1  -2  -4   1   0  -3   1  -4  -3   3  -2  -4  -3  -1  -2  -3  -2  -3    0  75   0   0   0   0   0   0   4   0   0  21   0   0   0   0   0   0   0   0  0.88 0.09
  185 Y    -3  -3  -3  -4  -3  -2  -3  -4   1  -2  -2  -3  -2   2  -4  -3  -3   2   8  -2    0   0   0   0   0   0   0   0   0   0   0   0   0   0   0   0   0   0 100   0  1.49 0.14
  186 A     1   0  -1  -1  -3   6   1  -2   0  -3  -3   0  -1  -3  -2   0  -1  -3  -2  -3   12   0   0   0   0  80   0   0   0   0   1   0   0   0   0   6   0   0   0   0  0.77 0.11
  187 Y    -1  -3   0  -1  -3  -2  -2   6  -1  -4  -4  -2  -3  -1  -3  -1  -2  -2   3  -3    0   0   2   3   0   0   0  77   0   0   0   0   0   0   0   0   0   0  18   0  0.90 0.08
  188 Q    -2   0  -1  -1  -4   7   1  -3   0  -4  -3   1  -1  -4  -2  -1  -2  -3  -2  -3    0   0   0   0   0 100   0   0   0   0   0   0   0   0   0   0   0   0   0   0  1.16 0.14
  189 K    -2   6  -1  -2  -4   1  -1  -3  -1  -4  -3   3  -2  -4  -3  -1  -2  -4  -2  -3    0  82   0   0   0   0   0   0   0   0   0  18   0   0   0   0   0   0   0   0  0.97 0.10
  190 S     0  -3  -1  -2  -3  -2  -2   6  -2  -4  -4  -2  -3  -4  -2   1   0  -3  -3  -3    0   0   0   0   0   0   0  82   0   0   0   0   0   0   0  12   6   0   0   0  0.99 0.08
  191 V    -1  -3  -3  -2  -3  -2  -2  -3  -3  -2  -3  -2  -2  -4   8  -2  -2  -4  -3   1    0   0   0   0   0   0   0   0   0   0   0   0   0   0  82   0   0   0   0  18  1.72 0.11
  192 M    -1  -2  -1  -2  -2  -1  -2  -2  -2  -1  -1  -1   3  -2  -2   0   6  -3  -2  -1    0   0   0   0   0   0   0   0   0   0   0   0  18   0   0   0  82   0   0   0  0.66 0.11
  193 P     2  -2  -2  -2  -2  -1  -2  -2  -3  -3  -3  -1  -3  -4   7  -1  -1  -4  -3  -2   34   0   0   0   0   2   0   0   0   0   0   0   0   0  64   0   0   0   0   0  1.33 0.09
  194 S     1  -1   0  -1  -2  -1  -1  -1  -2  -3  -3  -1  -2  -3  -2   5   1  -4  -2  -2    0   0   0   0   0   0   0   0   0   0   0   0   0   0   0 100   0   0   0   0  0.79 0.12
  195 L    -2   6  -1  -3  -4   0  -1  -3  -1  -2   1   2  -1  -3  -3  -2  -2  -3  -2  -2    0  78   0   0   0   0   0   0   0   0  18   4   0   0   0   0   0   0   0   0  0.74 0.09
  196 I     1  -2   0  -1  -1  -1  -1  -1  -2   1  -2  -1  -1  -2  -2   4   1  -3  -2  -1    7   0   0   0   0   0   0   0   0  18   0   0   0   0   0  75   0   0   0   0  0.43 0.08
  197 H    -2  -2  -2  -3  -3  -2  -2  -3   5  -2  -1  -2  -1   4  -4  -2  -2   4   6  -2    1   0   0   0   0   0   0   0  27   0   0   0   0  29   0   1   0   5  38   0  0.79 0.08
  198 L     0   0   0  -2  -2   3  -1  -3  -1   0   3   0   1  -1  -2  -1  -1  -2  -2   0    9   3   6   0   0  24   0   0   0   0  46   5   3   0   0   2   0   0   0   2  0.19 0.05
  199 D    -2  -1   6   3  -3  -1   0  -1   0  -4  -4  -1  -3  -4  -3   1  -1  -5  -3  -4    0   0  76  19   0   0   0   0   0   0   0   0   0   0   0   5   0   0   0   0  0.90 0.10
  200 N    -3  -3   1  -3  -3  -3  -3  -3  -2  -1   0  -3  -1   7  -4  -3  -3   0   2  -2    0   0  12   0   0   0   0   0   0   0   0   0   0  88   0   0   0   0   0   0  0.99 0.11
  201 H    -2  -1   0  -2  -4   0  -1  -3   9  -3  -3  -1  -2  -2  -3   0  -2  -3   1  -3    0   0   0   0   0   1   0   0  89   1   0   0   0   0   0   6   0   0   2   1  1.31 0.13
  202 K    -2   6  -1  -2  -4   1  -1  -3  -1  -3  -3   3  -2  -3  -3  -1  -2  -3  -2  -1    0  76   0   0   0   1   0   0   0   0   0  16   0   0   0   0   0   0   0   7  0.81 0.09
  203 K     0  -1  -1  -2  -2  -1  -1  -2  -2  -2  -2   2  -1  -3  -2   1   5  -3  -2  -1    1   0   0   0   0   0   0   0   0   0   0  19   0   0   0   3  75   0   0   2  0.56 0.09
  204 D    -2  -2   1   6  -4   0   3  -2  -1  -4  -4  -1  -3  -4  -2  -1  -1  -4  -3  -4    0   0   1  74   0   0  25   0   0   0   0   0   0   0   0   0   0   0   0   0  0.94 0.07

                      K         Lambda
Standard Ungapped    0.1390     0.3184
Standard Gapped      0.0634     0.2670
PSI Ungapped         0.2073     0.3180
PSI Gapped           0.0634     0.2670
