
Last position-specific scoring matrix computed, weighted observed percentages rounded down, information per position, and relative weight of gapless real matches to pseudocounts
            A   R   N   D   C   Q   E   G   H   I   L   K   M   F   P   S   T   W   Y   V   A   R   N   D   C   Q   E   G   H   I   L   K   M   F   P   S   T   W   Y   V
    1 M    -1  -2  -3  -4  -2  -1  -3  -3  -2   2   2  -2   6   0  -3  -2  -1  -2  -1   2    0   0   0   0   0   0   0   0   0   8   0   0  77   0   0   0   0   0   0  16  0.47 0.05
    2 T     1  -2   0  -1  -2  -1  -1  -1  -2  -2  -3  -1  -2  -3  -2   5   2  -4  -2  -2    9   0   0   0   0   0   0   0   0   1   0   0   0   0   0  82   8   0   0   0  0.65 0.12
    3 I    -1  -3  -3  -4  -2  -2  -3  -4  -3   3   2  -3   7   0  -3  -2  -1  -2  -1   1    4   0   0   0   0   0   0   0   0  22  14   0  53   2   0   1   2   0   2   1  0.59 0.14
    4 L     1  -3  -4  -4  -2  -2  -3  -3  -3   1   4  -3   2   1  -3  -2  -1  -2  -1   0   18   0   0   0   0   0   0   0   0   3  68   0   5   3   0   1   1   0   1   1  0.43 0.10
    5 T     1   0  -1  -2  -2  -1  -2   0  -2  -1   1  -1   1  -1  -2   1   3  -3  -2   0    9   6   0   0   0   1   0   6   0   1  16   0   6   1   0  13  37   0   1   3  0.19 0.07
    6 Y    -1   1   2  -1   3   2  -1  -2   4  -2  -2   0  -1   0  -2   0   0  -1   3  -2    2   7  14   0   8  12   0   0  13   1   1   6   0   1   0   9   5   0  19   0  0.24 0.07
    7 P     1  -1   0  -2  -1  -1  -1  -1  -2   0   0  -1   0  -2   0   2   3  -3  -2   0   16   1   2   0   0   1   0   3   1   7   8   0   1   0   4  22  27   0   0   7  0.19 0.06
    8 F     0  -2  -3  -3  -2  -2  -3  -2  -2   2   2  -2   2   3  -3  -1  -1  -1   1   1   13   2   0   0   0   1   0   1   0  14  21   0   8  22   0   2   2   0   5   8  0.19 0.05
    9 K     0   5  -1  -2  -3   1   0  -2  -1  -3  -3   4  -2  -3  -2  -1  -1  -1  -1  -2    9  47   0   0   0   2   0   2   0   1   1  32   0   0   0   2   1   1   2   1  0.58 0.11
   10 N    -1   1   4   0  -1   0  -1  -1  -1  -2  -2   1  -1  -3  -1   2   1  -3  -2  -2    2   7  38   3   2   2   0   2   0   2   2   8   1   0   1  20   8   0   0   2  0.33 0.08
   11 L    -1  -1  -3  -3   4  -2  -3  -2  -2   1   3  -2   1   1  -3  -1  -1   0  -1   0    3   5   0   0  13   0   0   3   1   5  48   0   0   6   0   7   2   1   0   5  0.24 0.07
   12 P    -1  -1  -1  -2   2  -2  -2  -2  -1  -3  -3  -1  -3  -4   7   2  -1  -4  -3  -2    2   4   1   0   5   0   0   2   1   0   2   2   0   0  56  21   1   0   0   3  1.06 0.13
   13 T     1  -1   0  -2  -1  -1  -1  -1  -2   1   0  -1   0  -2  -1   2   1  -3  -2   2   17   2   6   0   0   0   0   1   0   5  12   3   0   0   1  20  12   0   0  21  0.12 0.05
   14 A     1   0   1  -1   0   0  -1  -1  -2   0  -1   0  -1  -1  -1   2   3  -3  -2   0   10   3  10   0   2   2   0   2   0   6   7   4   0   2   1  22  26   0   0   3  0.16 0.05
   15 S     1  -2   0  -2   1  -1  -1   0  -2  -1   0  -1  -1  -2   2   3   1  -2  -2  -1    6   0   2   0   3   0   0   4   0   5  10   2   0   1  10  48   7   0   0   3  0.26 0.08
   16 K     1   1   0  -1  -1   0   0   1  -1  -1  -2   2  -1  -3   1   2   1  -3  -2   0   14   7   3   0   0   1   2   8   0   1   3  18   1   0   8  21   6   0   0   7  0.16 0.04
   17 W    -1   0  -1  -3   1   0  -2  -2  -1  -2   0  -1  -1   1  -3   0  -1   9   1  -1    2   6   3   1   4   4   0   3   1   1   9   2   0   6   0   9   2  42   1   4  0.85 0.11
   18 A     3  -1  -1  -1  -1  -1  -1   1  -2  -1  -1  -1  -1  -1  -1   1   1  -3  -2   0   48   1   2   2   0   1   0  12   0   3   3   3   0   3   1   7   9   0   1   4  0.23 0.07
   19 L     1  -1  -1  -2  -1  -1  -2   0  -1   0   1  -1   0   0  -1   0   0  -2   0   1   20   1   1   0   1   2   0   5   2   2  25   4   1   4   1   9   5   0   4  11  0.06 0.03
   20 R    -1   4   1  -1   1   3   0  -1   1  -2  -2   2  -2  -2  -1   0  -1  -1  -2  -2    4  36   7   2   4  17   0   3   3   2   2  12   0   1   2   3   1   1   0   1  0.32 0.07
   21 F    -1  -2  -1  -2  -1  -2  -2  -1   0   0   1  -2   0   4  -3   0   1  -1   2   0    3   0   2   2   1   1   1   5   2   3  16   0   2  32   0   7  11   0   6   5  0.17 0.05
   22 S     2  -2   0  -1   2  -1  -2   3  -1  -2  -2  -1  -2   0   0   2   0  -3  -1  -1   26   0   5   1   5   0   0  25   1   1   1   0   0   7   5  21   1   0   1   2  0.26 0.06
   23 I     2  -1  -2  -3   0  -2  -2  -2  -3   2   2  -2   1  -1  -1  -1   1  -3  -1   2   24   2   0   0   2   1   0   1   0  10  24   0   2   0   2   2   9   0   1  20  0.16 0.05
   24 R    -1   7  -1  -3  -4   0  -1  -2  -1  -3  -2   2  -2  -3  -3  -2  -2  -2  -3  -3    3  83   2   0   0   2   0   1   0   1   3   4   0   1   1   0   0   0   0   0  1.00 0.17
   25 P     1  -2   0  -2   4  -1  -1  -1   0  -2  -1  -1  -2  -2   3   2   1  -1   0  -2   17   0   5   0  14   1   1   1   2   0   5   0   0   1  15  29   6   1   3   0  0.31 0.08
   26 L    -2  -3  -3  -4  -2  -3  -3  -4  -3   2   4  -3   1   1  -3  -3  -1  -2  -1   1    1   0   1   0   0   0   0   0   1  13  67   0   0   7   0   0   1   0   1   7  0.49 0.10
   27 S     0   0   1  -1   1   0  -1   0  -2  -3  -3  -1  -2  -3  -2   5   1  -3  -1  -2    3   3   5   0   4   3   0   6   0   0   0   1   0   0   0  69   2   0   2   1  0.49 0.13
   28 C     0  -2  -2  -3   6  -1  -2  -3  -3   0  -1  -2  -1  -2  -2   1   3  -3  -2   1    4   1   0   0  27   2   0   0   0   3   5   0   0   0   0   8  36   0   1  11  0.43 0.10
   29 S     0  -1   0  -1  -2  -1  -1   1  -2  -2  -2  -1  -2  -3  -2   4   3  -3  -2  -1    3   2   1   1   0   0   0  10   0   1   2   0   0   0   0  58  21   0   0   2  0.45 0.12
   30 S     2   0   0  -1  -1   0  -1  -1  -1  -1  -1  -1  -1  -1   0   3   1  -3  -2   0   16   5   2   0   1   2   0   2   2   1   3   1   0   2   4  43   8   0   0   7  0.22 0.07
   31 Q     0   0   1  -1  -1   4   0  -1   3  -2  -2   0  -1  -3   1   1   0  -3  -1  -1    8   4   6   1   1  36   1   2   9   1   2   3   0   0   6   8   6   0   0   4  0.27 0.07
   32 L    -1  -1  -2  -3   0  -1  -2  -3   0   1   3  -2   1   1  -2  -1  -1   0   0   1    1   4   1   0   2   3   0   1   4   4  57   0   1   5   1   4   3   1   1   5  0.22 0.06
   33 R    -1   2   2   0  -2   4   1  -2   2  -2  -2   0  -1  -2  -1   0  -1  -2   0  -2    5  13  11   2   0  37   3   0   6   1   4   1   0   1   2   7   1   0   4   1  0.30 0.08
   34 A     4  -1  -1  -2   0   0  -1  -1  -2  -1  -1  -1  -1  -2  -1   1   0  -2  -2   0   61   1   2   1   1   3   2   1   0   1   3   1   0   1   1  10   5   0   1   4  0.31 0.08
   35 A     2   0   0  -1   0   2   0   0  -1  -1  -1   0  -1  -2   1   1   0  -2  -1  -1   32   2   3   1   2  18   1   3   0   1   5   3   1   1   8   5   5   0   2   4  0.16 0.04
   36 P     1   0   0   0  -1   0   0   0  -1  -1  -1   0  -1  -1   4   0   0   0   0   0   14   5   3   4   1   4   6   5   1   4   5   3   1   2  21   7   5   1   3   5  0.19 0.01
   37 A     2   0   0  -1  -1   0   0   0  -1  -1  -1   0  -1  -1   1   1   0  -1  -1   0   31   5   3   3   1   3   3   7   1   2   6   5   1   2   6   6   6   1   1   5  0.09 0.01
   38 V     2  -1  -1  -2  -1  -1  -1  -1  -2   1   0   0   0  -1   0   0   0  -2  -1   3   23   3   1   2   1   2   2   2   1   2   4   5   1   1   5   3   4   0   1  38  0.11 0.04
   39 Q     0   0   0  -1  -2   5   1  -1   1  -2  -2   1  -1  -2   0   0  -1  -2  -1  -2    4   2   2   1   0  56   3   5   3   2   3   4   1   1   3   4   3   0   1   3  0.42 0.08
   40 T     1  -1  -1  -1  -1   0  -1  -1   0  -1  -1  -1  -1  -2   3   1   3  -2  -1  -1   17   1   2   2   1   3   2   2   2   1   4   3   0   1  16   4  35   0   1   3  0.26 0.05
   41 K    -1   1   0  -1  -2   1   0  -1  -1  -2  -2   5  -2  -3  -1   0  -1  -2  -2  -2    3   2   2   1   1   3   3   3   1   1   2  66   0   1   1   5   3   0   1   1  0.44 0.09
   42 T     0  -1   0  -1  -2   1   0  -1  -1  -2  -2   0  -2  -3   0   4   2  -3  -2  -1    2   1   2   1   0   8   2   2   0   2   1   2   0   0   3  56  15   0   0   1  0.37 0.09
   43 K    -1   2  -1  -1  -4   1   0  -2  -1  -3  -3   6  -2  -4  -1  -1  -1  -4  -3  -3    2   6   1   0   0   1   0   0   0   0   0  84   0   0   1   2   1   0   0   1  0.78 0.15
   44 K    -1   2   0  -1  -4   1   0  -2  -1  -3  -3   6  -2  -3  -1  -1  -1  -4  -2  -3    2   4   2   0   0   2   0   1   0   1   1  81   0   1   2   2   0   0   0   0  0.72 0.14
   45 T     0  -1   0  -1  -2  -1  -1  -2  -2  -2  -2  -1  -2  -3   0   2   5  -3  -2  -1    3   1   3   0   0   0   1   1   0   0   1   2   0   0   3  18  64   0   0   0  0.54 0.12
   46 L    -1  -2  -3  -4  -2  -2  -3  -4  -3   1   5  -2   1   0  -2  -2  -1  -2  -2   1    2   1   0   0   0   1   1   1   0   2  81   1   0   1   1   3   1   0   0   5  0.51 0.10
   47 A     4  -1  -1  -2  -1  -1  -1   1  -2  -2  -2   0  -2  -3   2   1   0  -3  -2  -1   57   0   1   0   0   2   2   6   0   0   1   5   0   0   9  11   4   0   0   2  0.36 0.08
   48 K    -1   3   0   2  -4   0   0  -2  -1  -3  -3   4  -2  -4   0   0  -1  -4  -3  -2    0  20   1  14   0   0   0   1   0   0   0  54   0   0   3   3   1   0   0   2  0.51 0.10
   49 P    -1   1   0  -1  -3   0  -1  -1  -2  -3  -3   1  -2  -4   6   1   0  -4  -3  -3    2   8   5   1   0   2   1   2   0   0   0  12   0   0  49  12   6   0   0   0  0.86 0.09
   50 N    -1  -2   3  -1  -3  -1  -2   4  -1  -3  -3  -1  -2  -3  -2   0   2  -3  -3  -2    1   0  26   1   0   2   0  47   0   1   0   2   0   0   1   2  17   0   0   1  0.54 0.09
   51 I     0  -2  -2  -3  -2  -2  -3   2  -3   2   1  -2   2  -1  -3  -1  -1  -3  -2   3    3   2   0   0   0   1   0  23   0   6   7   0   9   0   0   1   2   0   0  46  0.24 0.07
   52 R    -2   4  -1  -2  -4   2   0  -2  -1  -4  -3   5  -2  -4  -2  -1  -1  -4  -3  -3    0  20   1   0   0   5   0   0   0   0   0  71   0   0   1   0   0   0   0   0  0.74 0.13
   53 N    -3  -1   7   1  -4  -1  -1  -1   0  -4  -4  -1  -3  -4  -3   0  -1  -5  -3  -4    0   0  97   1   0   0   0   0   0   0   0   1   0   0   0   0   0   0   0   0  1.29 0.19
   54 V    -2  -4  -4  -4  -2  -3  -4  -4  -4   5   1  -3   0  -1  -3  -3  -1  -3  -2   3    0   0   0   0   0   0   0   0   0  71   0   0   0   0   0   0   0   0   0  28  0.66 0.12
   55 V    -1  -3  -4  -4  -2  -3  -3  -4  -4   2   0  -3   0  -2  -3  -3  -1  -4  -2   6    0   0   0   0   0   0   0   0   0   1   0   0   0   0   0   0   0   0   0  98  0.78 0.16
   56 V    -2  -3  -4  -4  -2  -3  -3  -4  -3   1   4  -3   1   1  -3  -3  -1  -2  -1   3    0   0   0   0   0   0   0   0   0   1  64   0   0   6   0   0   0   0   0  28  0.49 0.09
   57 V    -1  -3  -4  -4  -2  -3  -3  -4  -4   2   0  -3   0  -2  -3  -3  -1  -4  -2   6    0   0   0   0   0   0   0   0   0   2   0   0   0   0   0   0   0   0   0  97  0.77 0.15
   58 D    -2  -1   0   5  -4   0   5  -2  -1  -4  -4  -1  -3  -4  -2  -1  -2  -4  -3  -4    1   0   0  49   0   0  49   0   0   0   0   0   0   0   0   0   0   0   0   0  0.92 0.13
   59 G     0  -3  -1  -1  -3  -3  -3   6  -3  -5  -5  -2  -4  -4  -3  -1  -2  -3  -4  -4    3   0   0   2   0   0   0  95   0   0   0   0   0   0   0   0   0   0   0   0  1.33 0.15
   60 V    -1  -4  -4  -4  -1  -3  -3  -4  -4   2   0  -3   0  -2  -3  -3  -1  -4  -2   6    0   0   0   0   1   0   0   0   0   3   0   0   0   0   0   0   0   0   0  97  0.78 0.16
   61 R    -2   7  -1  -3  -5   0  -1  -3   0  -4  -3   1  -2  -4  -3  -2  -2  -4  -3  -4    0  98   0   0   0   1   0   0   1   0   0   0   0   0   0   0   0   0   0   0  1.29 0.19
   62 T    -1  -2  -1  -2  -2  -2  -2  -2  -3   3  -1  -2  -1  -2  -2   0   5  -3  -2   0    0   0   0   0   0   0   0   1   0  26   1   0   0   0   0   1  71   0   0   0  0.59 0.14
   63 P    -2  -3  -3  -3  -4  -2  -2  -3  -3  -4  -4  -2  -4  -5   8  -2  -2  -5  -4  -3    0   0   0   0   0   0   0   0   0   0   1   0   0   0  99   0   0   0   0   0  2.42 0.21
   64 F    -3  -4  -4  -5  -4  -4  -4  -4  -2  -1  -1  -4  -1   8  -5  -3  -3   0   2  -2    0   0   0   0   0   0   0   0   0   0   0   1   0  99   0   0   0   0   0   0  1.43 0.19
   65 L    -2  -3  -4  -5  -2  -2  -4  -5  -4   1   5  -3   2   0  -4  -3  -2  -2  -2   0    0   0   0   0   0   1   0   0   0   0  99   0   0   0   0   0   0   0   0   0  0.81 0.14
   66 L    -2  -2  -2  -3  -2   2  -1  -3  -1   1   3  -1   4   0  -3  -2  -1  -2  -2   1    0   0   0   0   0  21   0   0   1   2  41   0  22   1   0   0   2   0   0   9  0.32 0.09
   67 S     1  -2   0  -1  -2  -1  -1  -1  -2  -3  -3  -1  -2  -3  -2   6   1  -4  -3  -3    4   0   0   0   0   0   0   1   0   0   0   0   0   0   0  95   0   0   0   0  0.83 0.17
   68 G    -1  -3  -1  -2  -3  -3  -3   6  -3  -4  -4  -2  -3   0  -3  -1  -2  -3  -3  -4    0   0   0   0   0   0   1  92   0   0   0   0   1   5   0   1   0   0   0   0  1.24 0.15
   69 T    -1  -2  -1  -2  -1  -2  -2  -3  -3  -1  -2  -2  -2  -3  -2   1   6  -3  -3  -1    0   0   0   0   1   0   0   0   0   2   0   0   0   0   0   2  94   0   0   0  0.91 0.18
   70 S     0  -1   0   3  -2   1   0  -2  -1  -2  -2  -1  -2  -3  -2   3   3  -3  -2  -2    1   0   1  28   0   6   2   0   1   1   1   0   0   1   0  31  27   0   0   0  0.40 0.09
   71 Y    -3  -3  -3  -4  -3  -2  -3  -4   1  -2  -2  -3  -2   3  -4  -3  -3   1   8  -2    0   0   0   0   0   0   0   0   0   1   0   0   0   3   0   0   0   0  92   0  1.46 0.20
   72 K     3   0   0  -1  -2   0   0  -1  -1  -1  -2   2  -1  -2  -1   2   0  -3  -2  -1   39   1   5   0   0   4   1   1   0   2   0  23   0   2   0  15   2   0   0   5  0.22 0.06
   73 D    -2   0   2   5  -4   0   1  -2  -1  -3  -4   2  -3  -4  -2   0  -1  -4  -3  -3    0   1  13  55   0   1   1   0   0   1   0  23   0   0   0   3   0   0   0   0  0.66 0.10
   74 L    -2  -3  -4  -4  -2  -2  -3  -3  -3   1   5  -3   3   0  -3  -3  -2  -2  -2   0    0   0   0   0   0   1   0   1   0   4  83   0   7   1   0   0   0   0   0   0  0.60 0.11
   75 M    -2  -2  -3  -4  -1  -1  -3  -4  -3   0   1  -2   9  -1  -3  -2  -2   0  -2   0    0   0   0   0   1   0   0   0   0   1   2   0  92   0   0   0   0   1   0   0  1.13 0.21
   76 P     0  -3  -3  -2  -3  -2  -2  -2  -3  -3  -3  -2  -3  -4   8  -1  -2  -4  -3  -3    8   0   0   0   0   0   0   1   0   0   1   0   0   0  84   3   0   0   0   0  1.83 0.16
   77 H    -3  -1   0  -2  -4  -1  -1  -2  10  -4  -4  -2  -3  -2  -3  -2  -3  -3   1  -4    0   0   1   0   0   0   0   1  93   0   0   0   0   0   0   0   0   0   1   0  1.64 0.21
   78 D    -2  -2   1   6  -4   0   2  -2  -2  -4  -4  -1  -3  -4  -2  -1  -1  -4  -3  -4    0   0   1  79   0   2  13   0   0   0   0   0   0   0   0   0   1   0   0   0  1.06 0.14
   79 L    -2  -3  -4  -4  -2  -3  -3  -4  -3   1   5  -3   1   0  -3  -3  -2  -2  -2   0    0   0   0   0   0   0   0   0   0   1  93   0   0   1   0   0   0   0   0   2  0.70 0.12
   80 A     5  -2  -2  -2  -1   1  -1   0  -2  -2  -2  -1  -1  -3  -1   1  -1  -3  -2  -1   85   0   0   0   0   7   0   1   0   0   1   0   1   0   0   2   1   0   0   1  0.59 0.13
   81 R    -2   7  -1  -2  -4   0  -1  -3  -1  -4  -3   2  -2  -4  -3  -1  -1  -3  -2  -3    0  87   0   0   0   1   0   1   0   0   0   5   0   0   0   0   2   0   0   1  1.03 0.15
   82 A     3  -1   0  -2  -2   1  -1   1   4  -2  -2  -1  -1  -2  -2   0   0  -3  -1  -1   46   0   4   0   0   8   2   8  18   0   1   1   0   0   0   1   7   0   0   3  0.27 0.07
   83 A     5  -2  -2  -2  -1  -1  -1  -1  -2  -2  -2  -1  -2  -3  -1   2   0  -3  -2   0   77   0   0   0   0   0   0   0   0   0   0   0   0   0   1  15   1   0   0   3  0.55 0.11
   84 L    -2  -3  -4  -4  -2  -3  -3  -4  -3   1   5  -3   2   1  -3  -3  -2  -2  -1   0    0   0   0   0   0   0   0   0   0   1  88   0   3   3   0   1   0   0   0   1  0.65 0.11
   85 T    -1   0  -1  -1  -2   4   1  -2  -1  -1   1   1   0  -2  -2   0   0  -2  -1  -1    1   3   0   0   0  38   3   0   0   3  25   8   2   0   0  11   2   0   1   1  0.25 0.07
   86 G     0  -3  -1  -2  -3  -2  -2   6  -3  -4  -4  -2  -3  -4  -3   1  -2  -3  -4  -4    1   0   0   1   0   0   1  87   0   0   0   0   0   0   0  10   0   0   0   0  1.15 0.13
   87 L    -2  -3  -4  -4  -2  -3  -4  -4  -4   2   5  -3   1   0  -4  -3  -2  -2  -2   0    0   0   0   0   0   0   0   0   0   8  91   0   0   0   0   0   0   0   0   0  0.72 0.12
   88 L    -1  -3  -4  -4  -2  -2  -3  -3  -3   2   4  -3   2   0  -3  -3  -1  -2  -2   1    3   0   0   0   0   0   0   1   0   7  75   0   4   0   0   0   1   0   0   8  0.52 0.09
   89 H    -1   2   2   0  -3   2   0  -2   5  -3  -3   2  -2  -3  -2   0   1  -3  -1  -3    1  11  16   4   0  12   1   1  24   0   1  16   0   0   0   2  11   0   0   0  0.35 0.07
   90 R    -2   5  -1  -2  -4   1   0  -3   0  -4  -3   4  -2  -4  -2  -1  -2   1  -2  -3    0  52   0   1   0   2   0   0   1   0   0  40   0   0   0   1   0   2   0   0  0.76 0.12
   91 T    -1  -2   0  -2  -2  -2  -2  -3  -3  -1  -2  -2  -2  -3  -2   1   6  -3  -2  -1    0   0   1   0   0   0   0   0   0   1   1   0   0   0   0   2  93   0   0   1  0.87 0.17
   92 S     0  -1   3   1  -3  -1  -1   4  -1  -4  -4   0  -3  -3  -2   2  -1  -3  -3  -3    4   1  18   5   0   1   1  45   0   0   0   5   0   0   0  20   0   0   0   0  0.51 0.07
   93 V    -1  -3  -4  -4  -1  -3  -3  -4  -4   4   2  -3   2   0  -3  -3  -1  -3  -2   3    0   0   0   0   1   0   0   0   0  32  24   0   4   2   0   0   0   0   0  38  0.44 0.08
   94 P    -1  -3  -1   1  -3  -1  -1  -2  -2  -4  -4  -1  -3  -4   7   1  -1  -5  -4  -3    0   0   2  10   0   1   2   0   0   0   0   0   0   0  73  11   0   0   0   1  1.54 0.14
   95 K    -2   3  -1  -2  -4   1   0  -2  -1  -3  -3   6  -2  -4  -1  -1   0  -4  -3  -3    0  13   1   0   0   1   0   0   1   0   0  78   0   0   2   0   3   0   0   0  0.74 0.13
   96 E    -2  -1   0   5  -4   0   4  -2  -1  -4  -4  -1  -3  -4  -2   0  -1  -4  -3  -4    1   0   1  56   0   0  34   0   1   0   0   0   0   0   0   5   1   0   0   0  0.84 0.12
   97 V     2  -2  -2  -2  -1  -2  -1  -2  -3   2   1  -2   1  -1  -2   0   0  -3  -2   3   33   0   0   2   0   0   2   0   0  10  10   0   4   0   0   4   0   0   0  34  0.21 0.06
   98 V    -1  -3  -4  -4  -2  -3  -3  -4  -4   3   0  -3   0  -1  -3  -3  -1  -4  -2   5    0   0   0   0   0   0   0   0   0  19   0   0   0   0   0   0   0   0   0  81  0.67 0.13
   99 D    -3  -2   0   7  -5  -1   2  -2  -2  -4  -5  -1  -4  -5  -2  -1  -2  -5  -4  -4    0   0   0  91   0   0   8   1   0   0   0   0   0   0   0   0   0   0   0   0  1.28 0.16
  100 Y    -3  -3  -2  -4  -4  -2  -3  -4   3  -3  -2  -3  -2   2  -4  -3  -3   1   8  -2    0   0   1   0   0   0   0   0   5   0   0   0   0   0   0   0   0   0  94   0  1.53 0.20
  101 I    -2  -4  -4  -4  -2  -4  -4  -5  -4   6   1  -4   0  -1  -4  -3  -1  -4  -2   3    0   0   0   0   0   0   0   0   0  90   2   0   0   0   0   0   0   0   0   8  0.79 0.14
  102 I    -1  -3  -4  -4   1  -3  -3  -4  -4   4   1  -3   0  -1  -3  -2   0  -3  -2   4    1   0   0   0   3   0   0   0   0  46   1   0   0   0   0   0   3   0   0  46  0.53 0.10
  103 F    -3  -3  -3  -4  -2  -3  -3  -4   0   0  -1  -3   1   5  -4  -3  -2   1   7  -1    0   0   0   0   1   0   0   0   0   4   1   0   5  24   0   0   0   0  62   4  0.96 0.14
  104 G    -1  -3  -1  -2  -4  -3  -3   7  -3  -5  -5  -2  -4  -4  -3  -1  -3  -3  -4  -4    0   0   0   0   0   0   0 100   0   0   0   0   0   0   0   0   0   0   0   0  1.46 0.16
  105 T    -1  -2   0  -2  -2  -2  -2  -3  -3  -2  -2  -2  -2  -3  -2   1   6  -4  -3  -1    1   0   1   0   0   0   0   0   0   0   0   0   0   0   0   2  96   0   0   0  0.93 0.18
  106 V    -1  -3  -4  -4  -2  -3  -3  -4  -4   2   0  -3   0  -2  -3  -2  -1  -4  -2   6    0   0   0   0   0   0   0   0   0   0   0   0   0   0   0   0   0   0   0  98  0.78 0.15
  107 I    -2  -4  -4  -4  -2  -4  -4  -5  -4   6   1  -4   1  -1  -4  -3  -2  -3  -2   2    0   0   0   0   0   0   0   0   0  96   0   0   1   0   0   0   0   0   0   2  0.83 0.15
  108 Q    -2   0  -1  -1  -4   7   1  -3  -1  -4  -3   0   0  -4  -2  -1  -2  -3  -2  -3    0   0   0   0   0  96   0   0   0   0   0   0   2   0   0   1   0   0   0   0  1.20 0.20
  109 E    -2  -1  -1   1  -5   1   6  -3  -1  -4  -4   0  -3  -4  -2  -1  -2  -4  -3  -3    0   0   0   0   0   0  98   0   0   0   0   0   0   0   0   0   0   0   0   0  1.17 0.17
  110 V    -1  -3  -4  -4  -2  -3  -3  -4  -4   2   0  -3   0  -2  -3  -2  -1  -4  -2   6    0   0   0   0   0   0   0   0   0   0   0   0   0   0   0   0   0   0   0  98  0.78 0.15
  111 K    -2   2  -1  -2  -4   1   0  -2  -2  -4  -3   6  -2  -4  -2  -1  -2  -4  -3  -3    0   2   1   0   0   0   0   0   0   0   0  96   0   0   0   0   0   0   0   0  0.95 0.16
  112 T    -1  -2  -1  -2  -2  -2  -2  -3  -3  -2  -2  -2  -2  -3  -2   1   6  -3  -3  -1    0   0   0   0   0   0   0   0   0   0   0   0   0   0   0   0  98   0   0   0  0.98 0.18
  113 S     0  -2   0  -1  -2  -1  -1  -1  -2  -3  -3  -1  -2  -3  -2   6   1  -4  -3  -3    1   0   1   0   0   0   0   0   0   0   0   0   0   0   0  97   0   0   0   0  0.84 0.17
  114 N    -3  -1   7   0  -4  -1  -1  -1   0  -4  -4  -1  -3  -4  -3   0  -1  -5  -3  -4    0   0  98   0   0   0   0   0   0   0   0   0   0   0   0   0   0   0   0   0  1.31 0.19
  115 V    -1  -3  -4  -4  -2  -3  -3  -4  -4   4   1  -3   0  -1  -3  -3  -1  -3  -2   4    0   0   0   0   0   0   0   0   0  39   1   0   0   0   0   0   0   0   0  59  0.59 0.11
  116 A     5  -2  -2  -2  -1  -2  -2   1  -2  -2  -2  -2  -2  -3  -2   0  -1  -3  -3  -1   89   0   0   0   0   0   0   9   0   0   0   0   0   0   0   1   1   0   0   0  0.67 0.13
  117 R    -2   7  -1  -3  -4   0  -1  -3  -1  -4  -3   1  -2  -4  -3  -2  -2  -4  -3  -3    0  98   0   0   0   0   0   0   0   0   0   1   0   0   0   0   0   0   0   0  1.27 0.18
  118 E    -2  -1  -1   1  -5   1   6  -3  -1  -4  -4   0  -3  -4  -2  -1  -2  -4  -3  -3    0   0   0   1   0   0  97   0   0   0   0   0   0   0   0   0   0   0   0   0  1.16 0.17
  119 A     5  -2  -2  -3  -1  -2  -2  -1  -3  -2  -2  -2  -2  -3  -2   0  -1  -4  -3  -1   98   0   0   0   0   0   0   0   0   0   0   0   0   0   0   0   0   0   0   2  0.79 0.16
  120 A     5  -2  -2  -2  -1  -2  -2  -1  -2  -2  -2  -1  -1  -3  -2   1  -1  -3  -3  -1   90   0   0   0   0   0   0   0   0   0   0   0   1   0   0   8   0   0   0   0  0.70 0.14
  121 L    -2  -3  -4  -5  -2  -3  -4  -5  -4   1   5  -3   2   0  -4  -3  -2  -2  -2   0    0   0   0   0   0   0   0   0   0   0  99   0   1   0   0   0   0   0   0   0  0.81 0.14
  122 G     1  -3  -1  -2   0  -2  -2   6  -3  -4  -4  -2  -3  -4  -3   0  -1  -3  -3  -3   14   0   0   0   2   1   0  76   0   0   0   0   0   0   0   5   1   0   0   0  0.93 0.11
  123 A     6  -2  -2  -3  -1  -2  -2   0  -3  -2  -2  -2  -2  -3  -2   0  -1  -4  -3  -1   99   0   0   0   0   0   0   1   0   0   0   0   0   0   0   0   0   0   0   0  0.81 0.16
  124 G    -1  -3  -1  -2  -4  -3  -3   7  -3  -5  -5  -2  -4  -4  -3  -1  -3  -3  -4  -4    0   0   0   0   0   0   0 100   0   0   0   0   0   0   0   0   0   0   0   0  1.46 0.16
  125 F    -3  -4  -4  -5  -3  -4  -4  -4  -2  -1   0  -4  -1   8  -5  -3  -3   0   4  -2    0   0   0   0   0   0   0   0   0   2   2   0   0  88   0   0   0   0   8   0  1.24 0.17
  126 S     0  -2   0  -1  -1  -1  -1  -1  -2  -3  -3  -1  -2  -3   0   6   1  -4  -3  -3    0   0   1   0   1   0   0   0   0   0   0   0   0   0   4  95   0   0   0   0  0.81 0.17
  127 D    -2  -2   2   6  -4   0   1  -2  -1  -3  -2  -1  -2  -4  -2  -1  -2  -5  -4  -4    0   0   6  81   0   3   4   0   1   0   5   0   1   0   0   0   0   0   0   0  1.02 0.14
  128 K    -1   3  -1  -2  -4   1   0  -2   0  -4  -3   6  -2  -3  -2  -1  -1  -4  -2  -3    1  17   1   0   0   1   0   0   1   0   0  76   0   1   0   1   1   0   1   0  0.74 0.13
  129 T    -1  -2  -2  -2  -2  -2  -2  -3  -3   3  -1  -2  -1  -2  -2   0   5  -3  -2   1    0   0   0   0   0   0   0   0   0  33   0   0   0   0   0   0  65   0   0   2  0.56 0.13
  130 P    -2  -3  -3  -3  -4  -2  -2  -3  -3  -4  -4  -2  -4  -5   8  -2  -2  -5  -4  -4    0   0   0   0   0   0   0   0   0   0   0   0   0   0 100   0   0   0   0   0  2.45 0.21
  131 A     5  -2  -2  -2   2  -2  -2  -1  -2  -2  -2  -1  -2  -3  -2   1  -1  -3  -3  -1   87   0   0   0   4   0   0   0   0   0   0   0   0   0   0   9   0   0   0   0  0.66 0.14
  132 H    -3  -1   0  -2  -4  -1  -1  -3  10  -5  -4  -2  -3  -2  -3  -2  -3  -4   1  -4    0   0   0   0   0   0   0   0 100   0   0   0   0   0   0   0   0   0   0   0  1.86 0.23
  133 T    -1  -2  -1  -2  -2  -2  -2  -3  -3  -2  -2  -2  -2  -3  -2   1   6  -3  -3  -1    0   0   0   0   0   0   0   0   0   0   0   0   0   0   0   0  98   0   0   0  0.98 0.18
  134 V    -1  -4  -4  -4  -2  -3  -3  -4  -4   2   0  -3   0  -2  -3  -3  -1  -4  -2   6    0   0   0   0   0   0   0   0   0   0   0   0   0   0   0   0   0   0   0 100  0.82 0.16
  135 T    -1  -2  -1  -2  -2  -2  -2  -3  -3  -2  -2  -2  -2  -3  -2   1   6  -4  -3  -1    1   0   0   0   0   0   0   0   0   0   0   0   0   0   0   2  97   0   0   0  0.96 0.18
  136 M    -2  -2  -3  -4  -3   2  -2  -4  -2   0   1  -2   8  -1  -4  -2  -2  -3  -2   0    0   0   0   0   0  12   0   0   0   0   2   0  87   0   0   0   0   0   0   0  1.04 0.21
  137 A     6  -2  -2  -3  -1  -2  -2  -1  -3  -2  -2  -2  -2  -3  -2   0  -1  -4  -3  -1  100   0   0   0   0   0   0   0   0   0   0   0   0   0   0   0   0   0   0   0  0.82 0.16
  138 C    -2  -5  -4  -5  10  -4  -5  -4  -4  -2  -2  -4  -3  -3  -4  -2  -2  -3  -2  -2    0   0   0   0  98   0   0   0   0   0   0   0   0   0   0   0   0   0   2   0  2.19 0.23
  139 I    -2  -4  -4  -4  -2  -4  -4  -5  -4   6   1  -4   0  -1  -4  -3  -2  -4  -2   2    0   0   0   0   0   0   0   0   0 100   0   0   0   0   0   0   0   0   0   0  0.92 0.17
  140 S     0  -2   0  -1  -2  -1  -1  -1  -2  -3  -4  -1  -2  -3  -2   6   1  -4  -3  -3    0   0   0   0   0   0   0   0   0   0   0   0   0   0   0 100   0   0   0   0  0.90 0.18
  141 A     2  -2   0  -1  -2  -1  -1  -1  -2  -3  -3  -1  -2  -3  -2   5   1  -4  -3  -2   14   0   0   0   0   0   0   0   0   0   0   0   0   0   0  86   0   0   0   0  0.73 0.15
  142 N    -3  -1   8   0  -4  -1  -1  -1   0  -4  -5  -1  -3  -4  -3   0  -1  -5  -3  -4    0   0 100   0   0   0   0   0   0   0   0   0   0   0   0   0   0   0   0   0  1.36 0.20
  143 Q    -1   0  -1  -1  -4   7   1  -3  -1  -3  -3   0  -1  -4  -2  -1  -2  -3  -2   0    4   0   0   0   0  84   0   0   0   0   0   0   0   0   0   0   0   0   0  10  0.91 0.18
  144 A     5  -2  -2  -3  -1  -2  -2   0  -2  -2  -2  -2  -2  -3  -2   1  -1  -3  -3  -1   95   0   0   0   0   0   0   3   0   0   0   0   0   0   0   2   0   0   0   0  0.75 0.15
  145 M    -2  -3  -4  -4  -2  -2  -3  -4  -3   4   1  -3   7  -1  -4  -3  -2  -3  -2   1    0   0   0   0   0   0   0   0   0  37   2   0  59   0   0   0   0   0   0   2  0.73 0.15
  146 T    -1  -2  -1  -2  -2  -2  -2  -3  -3  -2  -2  -2  -2  -3  -2   1   6  -4  -3  -1    0   0   0   0   0   0   0   0   0   1   0   0   0   0   0   2  97   0   0   0  0.96 0.18
  147 T     0  -2  -1  -2  -2  -1  -2  -2  -2  -2  -2  -1  -2  -3  -2   2   6  -3  -3  -1    0   0   0   0   0   0   0   0   0   0   0   0   0   0   0  19  80   0   0   0  0.77 0.15
  148 G     3  -3  -1  -2   2  -2  -2   5  -3  -3  -3  -2  -2  -3  -2   0  -1  -3  -3  -2   36   0   0   0   5   0   0  57   0   0   0   0   0   0   0   1   0   0   0   1  0.72 0.10
  149 V     0  -3  -3  -4  -1  -3  -3  -3  -2   3   1  -3   2   1  -3  -2  -1  -3   0   4    7   0   0   0   1   0   0   0   1  27   1   0   7   5   0   1   0   0   2  50  0.37 0.08
  150 G    -1  -3  -1  -2  -3  -3  -3   7  -3  -5  -5  -2  -4  -4  -3   0  -2  -3  -4  -4    0   0   0   0   0   0   0  97   0   0   0   0   0   0   0   3   0   0   0   0  1.39 0.15
  151 L    -2  -3  -4  -4  -2  -1  -3  -4  -3   1   4  -3   5   0  -4  -3  -2  -2   0   0    0   0   0   0   0   2   0   0   0   0  69   0  25   2   0   0   0   0   3   0  0.58 0.11
  152 I    -2  -4  -4  -4  -2  -4  -4  -5  -4   6   1  -4   2  -1  -4  -3  -2  -3  -2   2    0   0   0   0   0   0   0   0   0  90   4   0   4   0   0   0   0   0   0   1  0.78 0.14
  153 A     5  -2   0  -2  -1  -1  -1  -1   0  -2  -2  -1  -1  -3  -2   1   0  -3  -2  -1   86   0   4   0   0   1   0   0   3   0   0   0   0   0   0   2   1   0   0   2  0.58 0.13
  154 S     4  -2  -1  -2  -1  -1  -1  -1  -2  -2  -2  -1  -1  -3  -1   3   1  -3  -2  -1   49   0   0   0   0   0   0   0   0   0   0   0   1   0   0  41   9   0   0   0  0.48 0.11
  155 G    -1  -3  -1  -1  -3  -3  -3   7  -3  -5  -5  -2  -4  -4  -3  -1  -2  -4  -4  -4    0   0   1   1   0   0   0  97   0   0   0   0   0   0   0   0   0   0   0   0  1.39 0.15
  156 Q     1   0  -1  -1  -3   6   1  -2   0  -2  -2   0  -1  -3  -2   0   0  -3  -2   0   11   0   0   0   0  67   0   1   2   1   1   0   0   0   0   2   4   0   1  10  0.58 0.13
  157 C    -1  -3  -3  -4   8  -3  -3  -2  -1  -1  -2  -3   0   0  -2   0  -1  -1   4  -1    3   0   0   0  53   0   0   1   0   4   0   0   3   2   2   5   1   0  25   0  0.87 0.13
  158 D    -3  -2   1   7  -5  -1   2  -2  -1  -4  -5  -1  -4  -5  -2  -1  -2  -5  -4  -4    0   0   1  88   0   0  10   0   1   0   0   0   0   0   0   0   0   0   0   0  1.26 0.16
  159 V     2  -2  -2  -3  -1  -2  -2  -2  -3   1   0  -2   0  -2  -2   0   2  -3  -2   3   23   0   0   0   0   0   0   0   0   5   0   0   2   0   0   7  14   0   0  48  0.27 0.08
  160 I    -1  -3  -4  -4   2  -3  -3  -3  -4   4   0  -3   0  -1  -3  -2  -1  -3  -2   4    3   0   0   0   5   0   0   1   0  32   0   0   0   1   0   0   0   0   0  57  0.49 0.10
  161 V    -1  -3  -4  -4  -2  -3  -3  -4  -4   3   1  -3   1  -1  -3  -3  -1  -4  -2   5    0   0   0   0   0   0   0   0   0  18   2   0   2   0   0   0   0   0   0  78  0.63 0.12
  162 A     5  -2  -2  -3   1  -2  -2   0  -3  -2  -2  -2  -2  -3  -2   0  -1  -3  -3  -1   96   0   0   0   3   0   0   1   0   0   0   0   0   0   0   0   0   0   0   0  0.77 0.15
  163 G    -1  -3  -1  -2  -4  -3  -3   7  -3  -5  -5  -2  -4  -4  -3  -1  -3  -3  -4  -4    0   0   0   0   0   0   0 100   0   0   0   0   0   0   0   0   0   0   0   0  1.46 0.16
  164 G    -1  -3  -1  -2  -1  -3  -3   7  -3  -5  -5  -2  -4  -4  -3  -1  -2  -3  -4  -4    0   0   0   0   2   0   0  98   0   0   0   0   0   0   0   0   0   0   0   0  1.40 0.16
  165 V    -1  -3  -4  -4  -2  -3  -3  -4  -4   2   0  -3   0  -2  -3  -3  -1  -4  -2   6    1   0   0   0   0   0   0   0   0   0   0   0   0   0   0   0   0   0   0  99  0.80 0.16
  166 E    -2  -1  -1   1  -5   1   6  -3  -1  -4  -4   0  -3  -4  -2  -1  -2  -4  -3  -4    0   0   0   1   0   0  99   0   0   0   0   0   0   0   0   0   0   0   0   0  1.20 0.18
  167 L    -3  -3  -4  -4  -3  -3  -4  -4  -2   0   2  -4   0   6  -4  -2  -1   0   2  -1    0   0   0   0   0   0   0   0   0   0  28   0   1  66   0   1   4   0   0   0  0.77 0.13
  168 M    -2  -3  -3  -4  -3  -2  -3  -4  -3   0   2  -3   9  -1  -4  -3  -2  -3  -2   0    0   0   0   0   0   0   0   0   0   0   5   0  95   0   0   0   0   0   0   0  1.24 0.22
  169 S     0  -2   0  -1  -2  -1  -1  -1  -2  -3  -4  -1  -2  -3  -2   6   1  -4  -3  -3    0   0   0   0   0   0   0   0   0   0   0   0   0   0   0 100   0   0   0   0  0.90 0.18
  170 D    -3  -3   1   7  -5  -1   1  -2  -2  -4  -5  -2  -4  -5  -2  -1  -2  -5  -4  -4    0   0   2  98   0   0   0   0   0   0   0   0   0   0   0   0   0   0   0   0  1.43 0.18
  171 V    -1  -3  -4  -4  -2  -3  -3  -4  -4   3   0  -3   0  -2  -3  -2  -1  -4  -2   5    2   0   0   0   0   0   0   0   0   9   0   0   1   0   0   0   0   0   0  89  0.69 0.14
  172 P    -2  -3  -3  -3  -4  -2  -2  -3  -3  -4  -4  -2  -4  -5   8  -2  -2  -5  -4  -4    0   0   0   0   0   0   0   0   0   0   0   0   0   0 100   0   0   0   0   0  2.45 0.21
  173 I    -2  -4  -4  -4  -2  -4  -4  -5  -4   6   1  -4   0  -1  -4  -3  -2  -4  -2   2    0   0   0   0   0   0   0   0   0 100   0   0   0   0   0   0   0   0   0   0  0.92 0.17
  174 R    -2   7  -1  -3  -1   0  -1  -3  -1  -4  -3   1  -2  -4  -3  -2  -2  -4  -3  -4    0  98   0   0   2   0   0   0   0   0   0   0   0   0   0   0   0   0   0   0  1.27 0.18
  175 H    -3  -1  -1  -2  -4  -1  -1  -3   9  -3  -1  -2  -2   0  -3  -2  -3   0   1  -3    0   0   0   0   0   0   0   0  87   0   6   0   0   5   0   0   0   1   0   1  1.40 0.20
  176 S     0  -2   2  -1  -2  -1  -1  -1  -2  -3  -4  -1  -2  -3  -2   5   1  -4  -3  -3    0   0   7   0   0   0   0   1   0   0   0   0   0   0   0  92   0   0   0   0  0.78 0.16
  177 R    -2   7  -1  -3  -5   0  -1  -3  -1  -4  -3   2  -2  -4  -3  -2  -2  -4  -3  -4    0  97   0   0   0   0   0   0   0   0   0   3   0   0   0   0   0   0   0   0  1.27 0.18
  178 K    -1   1  -1  -1  -4   2   0  -2  -1  -4  -3   6  -2  -4   0   0  -1  -4  -3  -3    0   1   0   0   0   5   0   1   0   0   0  87   0   0   3   3   0   0   0   0  0.82 0.15
  179 M    -2  -3  -3  -4  -3  -2  -3  -4  -3   1   2  -3   9  -1  -4  -3  -2  -3  -2   0    0   0   0   0   0   0   0   0   0   2   5   0  93   0   0   0   0   0   0   0  1.18 0.21
  180 R    -2   7  -1  -3  -5   0  -1  -3  -1  -4  -3   1  -2  -4  -3  -2  -2  -4  -3  -4    0 100   0   0   0   0   0   0   0   0   0   0   0   0   0   0   0   0   0   0  1.32 0.19
  181 K     0   1   0  -1  -3   1   0  -1  -1  -3  -3   5  -2  -4  -2   1  -1  -4  -3  -3    3   1   2   0   0   4   3   3   0   0   0  68   0   0   0  16   0   0   0   0  0.55 0.11
  182 L    -1  -2  -2  -3  -2  -2  -2  -3  -3   1   3  -2   3   0  -3  -1   3  -2  -1   0    2   0   0   0   0   0   0   0   0   7  33   0  17   4   0   0  37   0   0   1  0.32 0.09
  183 M    -2  -3  -3  -4  -2  -2  -3  -4  -3   0   3  -3   8  -1  -4  -3  -2  -2  -2   0    1   0   0   0   0   0   0   0   0   0  23   0  76   0   0   0   0   0   0   0  0.92 0.18
  184 L    -2  -3  -4  -5  -2  -3  -4  -5  -4   1   5  -3   2   0  -4  -3  -2  -2  -2   0    0   0   0   0   0   0   0   0   0   1  97   0   2   0   0   0   0   0   0   0  0.78 0.13
  185 D     0   2   0   1  -2   0   1  -1  -1  -3  -3   2  -2  -3  -2   3   2  -3  -2  -2    4  12   0  11   0   1   5   3   0   0   0  14   0   0   0  36  14   0   0   0  0.30 0.06
  186 L     1  -2  -3  -4  -2  -1  -3  -3  -3   1   4  -2   2   0  -3  -1  -1  -2  -2   0   18   0   0   0   0   3   0   0   0   1  68   0   4   2   0   3   0   0   0   1  0.38 0.09
  187 N    -2  -1   7   0  -4   0  -1  -1   0  -4  -4  -1  -3  -4  -2   1   0  -5  -3  -4    0   0  89   0   0   2   0   0   0   0   0   0   0   0   1   5   3   0   0   0  1.10 0.17
  188 K    -2   4  -1  -2  -4   1   0  -3  -1  -4  -3   5  -2  -4  -2  -1  -2  -4  -3  -3    0  27   0   0   0   0   0   0   0   0   0  73   0   0   0   0   0   0   0   0  0.84 0.14
  189 A     5  -2  -2  -3  -1  -2  -2  -1  -3  -2  -2  -2  -2  -3  -2   1   0  -4  -3  -1   98   0   0   0   0   0   0   0   0   0   0   0   0   0   0   1   2   0   0   0  0.78 0.15
  190 K    -2   1  -1  -2  -4   1   0  -3  -2  -4  -4   6  -2  -4  -2  -1  -2  -4  -3  -3    0   0   0   0   0   0   0   0   0   0   0 100   0   0   0   0   0   0   0   0  1.03 0.18
  191 S    -1  -2   0  -2  -2  -1  -2  -2  -2  -2  -2  -1  -2  -3  -2   2   6  -3  -3  -1    0   0   4   0   0   0   0   1   0   0   0   1   0   0   0   9  85   0   0   0  0.77 0.15
  192 M    -1  -3  -3  -4  -2  -2  -3  -4  -3   1   4  -3   2   0   2  -2  -1  -2  -2   1    4   0   0   0   0   0   0   0   0   5  61   0   6   1  13   0   3   0   0   7  0.40 0.08
  193 G     1  -2  -1  -2  -3   0  -2   5  -2  -3  -3  -2  -1  -3   1   0  -2  -3  -3  -2    8   0   2   0   0   6   0  67   0   0   2   0   3   0   7   3   0   0   0   2  0.71 0.09
  194 Q     2   0  -1  -1  -3   6   1  -1  -1  -3  -3   0  -1  -4  -2  -1  -1  -3  -2  -3   20   0   1   1   0  75   0   2   0   0   0   1   0   0   0   0   0   0   0   0  0.80 0.16
  195 R    -1   6  -1  -2  -4   1   0  -3  -1  -4  -3   4  -2  -4  -2  -1  -1  -4  -3  -3    2  61   0   0   0   1   0   0   0   0   0  33   1   0   0   0   1   0   0   0  0.81 0.13
  196 L    -2  -3  -4  -5  -2  -3  -4  -5  -4   1   5  -3   2   0  -4  -3  -2  -1  -2   0    1   0   0   0   0   0   0   0   0   0  96   0   2   0   0   0   0   1   0   0  0.77 0.13
  197 S     1  -1   1  -1  -2   1  -1   2  -1  -3  -3   0  -2  -3  -2   4   1  -3  -2  -2   12   0   4   0   0   9   0  13   0   0   0   2   0   0   0  60   2   0   0   0  0.44 0.10
  198 L    -2  -3  -4  -5  -2  -3  -4  -5  -4   1   5  -3   2   0  -4  -3  -2  -2  -2   1    0   0   0   0   0   0   0   0   0   2  95   0   1   0   0   0   0   0   0   2  0.77 0.13
  199 I    -1  -3  -4  -4  -2  -3  -3  -4  -3   3   4  -3   1   1  -3  -3  -1  -2  -1   1    6   0   0   0   0   0   0   0   0  35  52   0   1   4   0   0   0   0   0   3  0.45 0.08
  200 S     2  -1  -1  -1  -2  -1  -1   3  -2  -3  -2  -1  -1  -3  -2   3   0  -3  -2  -2   19   3   0   0   0   0   0  23   0   0   2   1   2   0   0  48   1   0   0   1  0.40 0.09
  201 K     0   1   0  -1  -3   2   0  -1  -1  -3  -3   4  -2  -3  -2   3   1  -3  -2  -2    0   4   0   0   0  13   0   1   0   0   0  41   0   0   0  31   9   0   0   0  0.42 0.09
  202 F    -2  -3  -4  -4  -2  -3  -4  -4  -3   4   2  -3   1   4  -4  -3  -2  -2   0   1    0   0   0   0   0   0   0   0   0  54  18   0   2  24   0   0   0   0   0   2  0.51 0.10
  203 R    -2   7  -1  -2  -4   0  -1  -3  -1  -4  -3   1  -2  -4  -3   1  -1  -4  -3  -3    0  85   0   1   0   0   0   0   0   0   0   1   1   0   0  12   1   0   0   0  0.98 0.15
  204 F    -1  -3  -3  -3  -3  -2  -2  -3  -3  -1   2  -2   2  -1   6  -2  -1  -3  -2  -1    1   0   1   0   0   0   0   0   0   0  31   0   8   2  55   0   1   0   0   0  1.03 0.12
  205 N     1  -1   3   3  -1  -1   0   0  -1  -3  -3   0  -2  -2  -2   1  -1  -4  -2  -2   19   0  20  29   2   0   0   6   0   0   1   8   0   2   0  15   0   0   0   0  0.32 0.06
  206 F     0  -2  -2  -3  -3  -2  -2  -3   5  -2  -1  -2  -1   5  -2  -2  -2   0   5  -1    9   0   0   0   0   0   0   0  24   0   2   0   1  34   2   1   0   0  26   2  0.59 0.10
  207 L    -2  -3  -4  -4  -2  -3  -4  -4  -3   0   3  -3   1   5  -2  -2  -2   3   1   0    0   0   0   0   0   0   0   0   0   0  53   0   0  38   2   3   0   4   0   0  0.56 0.10
  208 A     3  -2  -1  -2  -1  -1  -1  -1  -2   0  -1  -1   0  -2  -2   2   1   0  -2   1   48   0   1   0   0   0   0   0   0   7   0   1   4   0   0  18  10   2   0   9  0.26 0.07
  209 P    -2  -3  -3  -3  -4  -2  -2  -3  -3  -4  -3  -2  -3  -5   8  -2  -2  -5  -4  -3    0   0   0   0   0   0   0   0   0   0   2   0   0   0  98   0   0   0   0   0  2.36 0.20
  210 E    -2  -1  -1   2  -5   1   6  -3  -1  -4  -4   0  -3  -4  -2  -1  -2  -4  -3  -3    0   0   0   6   0   0  92   0   0   0   0   0   0   0   0   2   0   0   0   0  1.09 0.16
  211 L    -2  -3  -4  -4  -2  -3  -3  -4  -3   1   5  -3   1   1  -3  -2  -2  -2  -1   0    1   0   0   0   0   0   0   0   0   1  89   0   0   3   0   2   0   0   0   0  0.62 0.11
  212 P    -2  -3  -3  -2  -4  -2  -2  -3  -3  -3  -4  -2  -3  -4   8  -2  -2  -4  -4  -3    0   0   0   0   0   0   0   0   0   1   0   0   0   0  95   0   0   0   0   0  2.25 0.19
  213 A     5  -2  -2  -2  -1  -1  -1   0  -2  -2  -2  -1  -2  -3  -1   1  -1  -3  -2  -1   87   0   0   0   0   0   0   4   0   0   1   0   0   0   0   4   0   0   0   0  0.62 0.12
  214 V    -1  -3  -3  -4  -1  -3  -3  -4  -4   2   0  -3   1  -1  -3  -2  -1  -3  -2   5    0   0   0   0   0   0   0   0   0   2   3   0   2   0   0   0   0   0   0  89  0.62 0.13
  215 S     5  -2  -2  -2  -1  -1  -1  -1  -2  -2  -2  -1  -2  -3  -1   1   0  -3  -2  -1   89   0   0   0   0   0   0   0   0   0   1   0   0   0   0   5   2   0   0   1  0.64 0.13
  216 E    -2  -1  -1   1  -4   1   6  -3  -1  -4  -4   0  -3  -4  -2  -1  -2  -3  -3  -3    0   0   0   0   0   0  93   0   0   0   1   2   0   0   0   0   0   0   0   0  1.05 0.15
  217 F    -3  -4  -4  -4  -3  -4  -4  -4  -2  -1   0  -4  -1   8  -4  -3  -3   0   2  -2    0   0   0   0   0   0   0   0   0   0   0   0   0  96   0   0   0   0   1   0  1.31 0.17
  218 S     0  -2   0  -1  -2  -1  -1  -1  -2  -3  -3  -1  -2  -3  -2   6   1  -4  -3  -2    0   0   0   0   0   0   0   0   0   0   0   0   0   0   0  96   0   0   0   0  0.82 0.16
  219 T     0  -1  -1  -2  -2  -1  -1  -2  -2  -2  -2  -1  -2  -3  -2   3   5  -3  -2  -1    0   2   0   0   0   0   0   0   0   0   0   0   0   0   0  21  75   0   0   0  0.69 0.14
  220 S     1  -1   3  -1  -2  -1  -1   3  -1  -3  -3  -1  -2  -3  -2   2   0  -3  -3  -2   16   2  22   0   0   0   0  33   0   0   0   0   0   0   0  27   0   0   0   0  0.45 0.07
  221 E    -2   0  -1   1  -5   1   6  -3  -1  -4  -4   0  -3  -4  -2  -1  -2  -4  -3  -3    0   2   0   0   0   0  96   0   0   0   0   0   0   0   0   0   0   0   0   0  1.12 0.17
  222 T    -1  -2  -1  -2  -2  -2  -2  -2  -3  -1  -1  -2  -1  -3  -1   1   6  -3  -2   0    0   0   0   0   0   0   0   0   0   1   2   0   1   0   2   2  86   0   0   6  0.74 0.15
  223 M    -2  -2  -3  -4  -3  -2  -3  -4  -3   0   1  -2   9  -1  -4  -3  -2   1  -2   0    0   0   0   0   0   0   0   0   0   0   0   0  96   0   0   0   0   2   0   0  1.23 0.22
  224 G    -1  -3  -1  -2  -3  -2  -2   7  -3  -5  -4  -2  -4  -4  -3  -1  -2  -3  -4  -4    0   0   0   0   0   0   2  96   0   0   0   0   0   0   0   0   0   0   0   0  1.35 0.15
  225 H    -3  -1   0  -2  -4  -1  -1  -3  10  -4  -4  -2  -3  -2  -3  -2  -3  -3   1  -4    0   0   0   0   0   0   0   0  97   0   0   0   0   1   0   0   0   0   0   0  1.75 0.22
  226 S     0  -2   0  -1  -2  -1  -1  -1  -2  -3  -3  -1  -2  -3  -2   6   1  -4  -3  -3    1   0   0   0   0   0   0   0   0   0   0   0   0   0   0  97   0   0   0   0  0.84 0.17
  227 A     5  -2  -2  -2  -1  -2  -2   2  -2  -2  -2  -2  -2  -3  -2   0  -1  -3  -3  -1   85   0   0   0   0   0   0  12   0   0   1   0   0   0   0   1   0   0   0   0  0.64 0.13
  228 D    -3  -3   0   7  -4  -1   1  -2  -2  -4  -5  -2  -4  -4  -2  -1  -2  -5  -4  -4    0   0   0  98   0   0   0   0   0   0   0   0   0   0   0   0   0   0   0   0  1.39 0.17
  229 R    -2   7  -1  -3  -4   0  -1  -3  -1  -4  -3   1  -2  -4  -3  -2  -2  -4  -3  -3    0  98   0   0   0   0   0   0   0   0   0   0   0   0   0   0   0   0   0   0  1.26 0.18
  230 L    -2  -3  -4  -4  -2  -3  -4  -4  -4   1   5  -3   2   0  -4  -3  -2  -2  -2   0    0   0   0   0   0   0   0   0   0   0  98   0   1   0   0   0   0   0   0   0  0.77 0.13
  231 A     5  -2  -2  -3   3  -2  -2   0  -2  -2  -2  -2  -2  -3  -2   0   0  -3  -3  -1   86   0   0   0   8   0   0   2   0   0   0   0   0   0   0   1   2   0   0   0  0.64 0.13
  232 A     5  -2  -2  -2  -1  -2  -2  -1  -2  -2  -2  -1  -2  -3  -2   1   0  -3  -3  -1   92   0   0   0   0   0   0   0   0   0   0   0   0   0   0   4   3   0   0   0  0.70 0.14
  233 A     5  -2  -2  -2  -1  -1  -2  -1  -2  -2  -2  -1  -2  -3  -2   1  -1  -3  -3  -1   92   0   0   0   0   0   0   0   0   0   0   0   0   0   0   6   1   0   0   0  0.70 0.14
  234 F    -3  -4  -4  -4  -3  -4  -4  -4  -2  -1   0  -4  -1   8  -5  -3  -3   0   2  -2    0   0   0   0   0   0   0   0   0   0   0   0   0  98   0   0   0   0   0   0  1.38 0.18
  235 A     2  -1   1  -1  -2   0  -1   4  -1  -3  -3   0  -2  -3  -2   1  -1  -3  -3  -2   22   0   8   0   0   4   1  47   1   0   0   8   0   0   0   6   0   0   0   0  0.47 0.07
  236 V     1  -3  -3  -4  -1  -3  -3  -3  -4   3   0  -3   0  -1  -3  -2  -1  -3  -2   4   11   0   0   0   0   0   0   0   0  21   0   0   0   0   0   0   0   0   0  66  0.48 0.10
  237 S     0  -2   0  -1  -2  -1  -1  -1  -2  -3  -3  -1  -2  -3  -1   5   3  -3  -2  -2    0   0   1   0   0   0   0   1   0   0   0   0   0   0   0  77  19   0   0   0  0.65 0.13
  238 R    -2   7  -1  -3  -4   0  -1  -3  -1  -4  -3   1  -2  -4  -3  -2  -2   0  -2  -3    0  96   0   0   0   0   0   0   0   0   0   0   0   0   0   0   0   2   0   0  1.22 0.17
  239 L     0   1  -1  -1  -2   2   0  -2  -1   0   2   1   1  -1  -2  -1  -1  -2  -2   1    7   6   1   1   0  14   7   0   0   2  28  14   5   0   0   3   1   0   0  11  0.11 0.04
  240 E    -1  -1  -1   2  -5   1   6  -3  -1  -4  -4   0  -3  -4  -2  -1  -2  -4  -3  -3    2   0   0   5   0   0  93   0   0   0   0   0   0   0   0   0   0   0   0   0  1.09 0.17
  241 Q    -2   0  -1  -1  -4   8   1  -3  -1  -4  -3   0  -1  -4  -2  -1  -2  -3  -3  -3    0   0   0   0   0 100   0   0   0   0   0   0   0   0   0   0   0   0   0   0  1.32 0.21
  242 D    -3  -3   0   7  -5  -1   1  -2   0  -4  -5  -2  -4  -5  -2  -1  -2  -5  -4  -4    0   0   0  98   0   0   0   0   2   0   0   0   0   0   0   0   0   0   0   0  1.42 0.18
  243 E    -1  -1  -1   3  -4   1   6  -3  -1  -4  -4   0  -3  -4  -2  -1  -2  -4  -3  -3    3   0   0  13   0   3  80   0   0   0   0   0   0   0   0   1   0   0   0   0  0.92 0.14
  244 Y    -3  -3  -3  -4  -3  -3  -3  -4   0  -2  -1  -3  -1   6  -4  -3  -3   1   7  -2    0   0   0   0   0   0   0   0   0   0   0   0   0  42   0   0   0   0  58   0  1.19 0.16
  245 A     5  -2  -2  -3  -1  -2  -2   0  -3  -2  -2  -2  -2  -3  -2   1  -1  -4  -3  -1   96   0   0   0   0   0   0   1   0   0   0   0   0   0   0   3   0   0   0   0  0.77 0.15
  246 L    -2  -3  -4  -4  -2  -2  -3  -4  -3   1   5  -3   2   0  -4  -3  -2  -2  -2   1    1   0   0   0   0   0   0   0   0   4  83   0   4   1   0   1   0   0   0   6  0.61 0.11
  247 R    -2   7  -1  -3  -5   0  -1  -3  -1  -4  -3   1  -2  -4  -3  -2  -2  -4  -3  -4    0  99   0   0   0   0   0   0   0   0   0   1   0   0   0   1   0   0   0   0  1.30 0.18
  248 S     0  -2   0  -1  -2  -1  -1  -1  -2  -3  -3  -1  -2  -2  -1   6   1  -4  -2  -3    0   0   0   0   0   0   0   0   0   0   0   0   0   2   0  96   1   0   0   0  0.80 0.16
  249 H    -3  -1   0  -2  -4  -1  -1  -3  10  -4  -4  -2  -3  -2  -3  -2  -3  -4   1  -4    0   0   0   0   0   0   0   0  99   0   0   0   0   0   0   0   0   0   0   0  1.81 0.23
  250 S     0  -1   0  -1  -1   0  -1  -2  -2  -2  -2   0  -1  -3  -2   3   5  -3  -2  -1    2   3   1   0   0   2   0   0   0   1   0   3   1   0   0  25  60   0   0   1  0.50 0.11
  251 L    -2  -3  -3  -4   0  -3  -3  -4  -3   1   5  -2   2   1  -3  -3  -2  -2  -1   0    1   0   1   0   2   0   0   0   0   0  88   2   1   4   0   0   0   0   0   0  0.60 0.11
  252 A     6  -2  -2  -3  -1  -2  -2  -1  -2  -2  -2  -2  -2  -3  -2   0  -1  -3  -3  -1   99   0   0   0   0   0   0   0   0   0   0   0   0   0   0   0   0   0   0   0  0.80 0.15
  253 K    -1   1   0   0  -4   2   1  -2   3  -3  -3   5  -2  -3  -2  -1  -1  -3  -1  -3    4   1   2   5   0  13   2   0  11   0   0  60   0   1   0   0   0   0   1   0  0.52 0.10
  254 K    -1   1   0   0  -4   3   2  -2   0  -3  -3   5  -2  -4  -2  -1  -1  -1  -2  -3    2   2   2   2   0  14  15   0   1   0   0  58   0   0   0   1   1   1   0   0  0.55 0.10
  255 A     5  -2  -2  -3  -1  -2  -2  -1  -2  -2  -2  -2  -2  -3  -2   0   0  -3  -3  -1   97   0   0   0   0   0   0   0   0   0   0   0   0   0   0   0   2   0   0   0  0.77 0.15
  256 Q     0   0  -1  -1  -3   6   1  -2   0  -3  -3   0  -1  -1  -2   0   1  -2  -1  -2    5   1   0   0   0  68   3   0   1   0   0   0   0   4   0   5  11   0   2   0  0.63 0.13
  257 D    -2  -1   1   6  -4   1   3  -2  -1  -4  -4   1  -3  -4  -2   0  -1  -4  -3  -3    1   0   2  59   0   7  21   0   0   0   0   7   0   0   0   1   2   0   0   0  0.78 0.11
  258 E     1   0   0   1  -3   1   3   0  -1  -3  -3   3  -2  -3  -2   0  -1  -3  -2  -2   19   0   3   3   0   4  33   7   0   0   0  26   0   0   0   3   0   0   0   0  0.35 0.07
  259 G    -1  -3  -1  -2  -3  -3  -3   6  -3  -5  -5  -2  -4  -4  -3  -1  -2  -3  -4  -4    0   0   1   0   0   0   0  96   0   0   0   1   0   0   0   0   0   0   0   0  1.35 0.15
  260 L    -2  -2  -2  -3  -1  -2  -3  -4   2   0   3  -2   1   2  -3  -2  -2   0   4   0    0   0   3   0   1   0   0   0   6   0  58   3   1   7   0   0   0   1  20   0  0.39 0.08
  261 L    -2  -3  -4  -4  -2  -3  -4  -4  -3   1   5  -3   2   3  -4  -3  -2   0  -1   0    0   0   0   0   0   0   0   0   0   0  85   0   1  13   0   0   0   1   0   0  0.65 0.11
  262 S     0  -1   0  -1  -2   2   0  -2  -2  -1  -1   0  -1  -3   0   3   3  -3  -2  -1    1   1   0   1   0  11   6   0   0   1   4   2   0   0   2  33  36   0   0   2  0.32 0.08
  263 D    -3  -3   0   7  -4  -1   1  -2  -2  -4  -5  -2  -3  -4  -2  -1  -2  -5  -4  -4    0   0   0  98   0   0   0   0   0   0   0   0   1   0   0   0   0   0   0   0  1.41 0.18
  264 V    -1   0  -3  -4  -2  -2  -3  -4  -3   3   2  -2   1  -1  -3  -2  -1  -3  -2   4    0   6   0   0   0   0   0   0   0  20  18   1   1   0   0   1   0   0   0  52  0.38 0.08
  265 V    -1  -3  -3  -3  -1  -3  -2  -4  -3   3   2  -3   1  -1  -3  -2  -1  -3  -2   4    0   0   0   0   1   0   3   0   0  27  18   0   1   0   0   1   0   0   0  48  0.40 0.08
  266 P     0  -2  -1  -1  -3  -2  -1  -1  -2  -3  -3  -1  -3  -4   7   1   0  -4  -3  -3    4   0   1   3   0   0   1   3   0   0   0   0   0   0  62  18   6   0   0   0  1.21 0.12
  267 F    -2  -3  -4  -4  -2  -3  -4  -4  -1   1   0  -3   0   6  -4  -3  -2   0   4   0    0   0   0   0   1   0   0   0   0   7   1   0   1  61   0   1   0   0  19   9  0.79 0.12
  268 K    -1   1   0  -1  -4   2   0  -2  -1  -3  -3   6  -2  -2  -1  -1  -1  -3  -2  -3    0   1   1   0   0   8   0   0   0   0   0  81   0   2   1   1   3   0   0   0  0.71 0.13
  269 V    -1  -3  -4  -4  -1  -3  -3  -4  -4   2   0  -3   1  -1  -3  -2  -1  -4  -2   5    1   0   0   0   1   0   0   0   0   3   1   0   2   0   0   0   0   0   0  92  0.70 0.14
  270 P    -1  -3  -2  -1  -4  -1  -1  -3  -3  -4  -4  -2  -3  -4   8  -1  -1  -4  -4  -3    1   0   0   3   0   1   2   0   0   0   0   0   0   0  87   3   1   0   0   0  1.94 0.17
  271 G    -1  -3   0  -2  -3  -2  -2   6  -3  -5  -4  -2  -3  -4  -3  -1  -2  -3  -4  -4    0   0   2   1   0   0   2  94   0   0   0   0   0   0   0   0   0   0   0   0  1.28 0.14
  272 K     0   3  -1  -2  -3   0   0  -2  -1  -1  -2   4  -1  -3  -2   0   0  -3  -2   0    7  21   0   0   0   1   0   2   0   1   0  47   0   0   0   5   3   0   0  12  0.34 0.08
  273 D    -2  -1   1   6  -4   0   2  -1  -1  -4  -4   0  -3  -4  -1  -1  -1  -4  -3  -4    2   2   3  68   0   1  13   3   1   0   0   4   0   0   1   1   1   0   0   0  0.81 0.11
  274 T    -1  -2  -1  -2  -2  -1  -2  -3  -2   2   0   0   0  -2   0   0   4  -3  -1   1    1   0   0   0   0   1   0   0   0  22   3   8   1   1   5   0  49   0   2   7  0.28 0.08
  275 V    -1  -3  -4  -4  -2  -3  -3  -4  -4   3   0  -3   0  -1  -2  -3  -1  -4  -2   5    0   0   0   0   0   0   0   0   0  12   0   0   1   0   1   0   0   0   0  85  0.66 0.13
  276 T     0  -2   0   1  -2  -1   1  -2  -2  -1  -2  -1  -1  -2  -2   2   4  -3  -2   0    1   0   1  10   0   0  10   0   0   2   1   0   1   1   0  24  42   0   0   7  0.32 0.08
  277 K    -1   3  -1  -2  -3   1   0  -2  -1  -3  -3   6  -2  -4  -2  -1  -1  -4  -3  -3    3  10   1   0   0   4   0   0   0   0   0  81   0   0   0   0   0   0   0   1  0.74 0.14
  278 D    -3  -3   0   7  -5  -1   1  -2  -2  -4  -5  -2  -4  -5  -2  -1  -2  -5  -4  -4    0   0   0 100   0   0   0   0   0   0   0   0   0   0   0   0   0   0   0   0  1.47 0.18
  279 N    -3  -1   8   0  -4  -1  -1  -1   0  -4  -5  -1  -3  -4  -3   0  -1  -5  -3  -4    0   0 100   0   0   0   0   0   0   0   0   0   0   0   0   0   0   0   0   0  1.36 0.20
  280 G    -1  -3  -1  -2  -1  -3  -3   7  -3  -5  -5  -2  -4  -4  -3  -1  -2  -3  -4  -4    0   0   0   1   2   0   0  98   0   0   0   0   0   0   0   0   0   0   0   0  1.40 0.16
  281 I    -2  -4  -4  -4  -2  -4  -4  -5  -4   6   1  -4   0  -1  -4  -3  -1  -4  -2   2    0   0   0   0   0   0   0   0   0  93   0   0   0   0   0   0   0   0   0   7  0.83 0.15
  282 R    -2   7  -1  -3  -1   0  -1  -3  -1  -4  -3   1  -2  -4  -3  -2  -2  -4  -3  -4    0  98   0   0   2   0   0   0   0   0   0   0   0   0   0   0   0   0   0   0  1.26 0.18
  283 P    -1  -3  -3  -3  -2  -2  -2  -3  -3   0  -2  -2  -2  -3   7  -2  -1  -4  -3   3    0   0   0   0   0   0   0   0   0   1   0   0   0   0  63   0   0   0   0  36  1.29 0.14
  284 S     0  -2   0  -1  -2  -1  -1  -1  -2  -3  -3  -1  -2  -3  -2   6   1  -4  -3  -3    1   0   0   0   0   0   0   1   0   0   0   0   0   0   0  97   1   0   0   0  0.85 0.17
  285 S     0  -2   0  -1  -2  -1  -1  -1  -2  -3  -3  -1  -2  -3   0   4   4  -4  -2  -2    1   0   1   0   0   0   0   0   0   0   0   0   0   0   2  64  32   0   0   0  0.61 0.13
  286 L    -2  -2  -3  -3  -2  -2  -2  -3  -3   1   2  -1   6  -1   3  -2  -1  -3  -2   0    1   0   0   0   0   0   0   0   0   4  26   5  41   0  20   1   0   0   0   2  0.50 0.11
  287 E    -1  -1  -1   1  -5   2   6  -3  -1  -4  -4   0  -3  -4  -2  -1  -2  -4  -3  -3    2   0   0   3   0   2  93   0   0   0   0   0   0   0   0   0   0   0   0   0  1.08 0.16
  288 Q    -1   0  -1  -1  -4   7   1  -3  -1  -4  -3   1  -1  -4  -2  -1  -2  -3  -2  -3    2   0   1   0   0  87   0   0   0   0   0   7   0   0   0   2   0   0   0   0  1.05 0.18
  289 M    -2  -2  -3  -4  -2  -2  -3  -4  -3   1   3  -2   7  -1  -4  -3  -2  -2  -2   0    0   2   0   0   0   0   0   0   0   3  31   0  64   0   0   0   0   0   0   0  0.76 0.15
  290 A     4  -2  -1  -2  -2  -1  -1   3  -2  -3  -3  -1  -2  -3  -2   1   0  -3  -3  -2   57   0   0   0   0   2   1  29   0   0   0   0   0   0   0   8   3   0   0   0  0.50 0.09
  291 K    -2   2  -1  -2  -4   1   0  -2  -2  -3  -2   6  -2  -4  -2   0  -1  -4  -3  -3    0   2   0   0   0   1   0   0   0   0   3  90   0   0   0   4   0   0   0   0  0.84 0.15
  292 L    -2  -3  -4  -5  -2  -3  -4  -5  -4   1   5  -3   1   0  -4  -3  -2  -2  -2   0    0   0   0   0   0   0   0   0   0   2  98   0   0   0   0   0   0   0   0   0  0.81 0.14
  293 K    -2   3  -1  -2  -4   1   0  -2  -1  -3  -3   6  -2  -4  -2  -1  -1  -4  -3  -3    0  12   1   0   0   0   0   0   0   0   0  85   0   0   0   0   0   0   0   0  0.83 0.14
  294 P     1  -3  -3  -2  -3  -2  -2  -3  -3  -3  -3  -2  -3  -4   8  -1  -2  -4  -4  -3   13   0   0   0   0   0   0   0   0   0   0   0   0   0  84   0   0   0   0   0  1.88 0.16
  295 A     5  -2  -2  -3  -1  -2  -2   0  -3  -2  -2  -2  -2  -3  -2   1  -1  -3  -3   0   93   0   0   0   0   0   0   3   0   0   0   0   0   0   0   1   0   0   0   3  0.71 0.14
  296 F    -3  -4  -4  -5  -4  -4  -4  -4  -2  -1   0  -4  -1   8  -5  -4  -3   0   2  -2    0   0   0   0   0   0   0   0   0   0   0   0   0 100   0   0   0   0   0   0  1.45 0.19
  297 I    -2  -4  -4  -4  -2  -3  -4  -4  -4   5   1  -3   0  -1  -3  -3  -1  -4  -2   4    0   0   0   0   0   0   0   0   0  66   0   0   0   0   0   0   0   0   0  34  0.66 0.12
  298 K    -2   2  -1  -2  -4   0   0  -3  -2  -2  -3   6  -2  -4  -2  -1  -2   0  -3  -3    0   8   0   0   0   0   0   0   0   3   0  88   0   0   0   0   0   2   0   0  0.83 0.15
  299 P    -2  -3  -3  -2  -4  -2  -2  -3  -3  -4  -4  -2  -3  -5   8  -2  -2  -5  -4  -3    0   0   0   0   0   0   0   0   0   0   0   0   0   0  97   0   0   0   0   0  2.33 0.19
  300 Y    -3  -2  -1  -3  -4  -1  -1  -3   8  -3  -3  -2  -2   1  -3  -2  -3  -1   5  -3    0   0   0   0   0   0   0   0  62   0   0   0   0   3   0   0   0   0  32   0  1.17 0.16
  301 G    -1  -3  -1  -2  -3  -3  -3   7  -3  -5  -4  -2  -3  -4  -3  -1  -2  -3  -4  -4    0   0   0   0   0   0   0  97   0   0   0   0   0   0   0   0   0   0   0   0  1.37 0.15
  302 T    -1  -2  -1  -2  -2  -2  -2  -3  -3  -2  -2  -2  -2  -3  -2   1   6  -4  -3  -1    0   0   0   0   0   0   0   0   0   0   0   0   0   0   0   3  97   0   0   0  0.97 0.18
  303 V    -1  -3  -4  -4  -2  -3  -3  -4  -4   3   1  -3   0  -1  -3  -3  -1  -4  -2   5    0   0   0   0   0   0   0   0   0  19   3   0   0   0   0   0   0   0   0  78  0.64 0.12
  304 T    -1  -2  -1  -2  -2  -2  -2  -3  -3  -2  -2  -2  -2  -3   0   1   6  -4  -3  -1    0   0   0   0   0   0   0   0   0   0   0   0   0   0   3   0  97   0   0   0  0.96 0.18
  305 A     5  -2  -2  -3  -1  -2  -2  -1  -3  -2  -2  -2  -2  -3  -1   0  -1  -4  -3  -1   98   0   0   0   0   0   0   0   0   0   0   0   0   0   1   0   1   0   0   0  0.79 0.16
  306 A     5  -2  -2  -3  -1  -2  -2   0  -2  -2  -2  -1  -2  -3  -2   0  -1  -3  -3  -1   93   0   0   0   0   0   0   4   0   0   0   3   0   0   0   0   0   0   0   0  0.71 0.14
  307 N    -2  -1   7   0  -4  -1  -1  -1   0  -4  -4  -1  -3  -4  -3   0   0  -5  -3  -4    0   0  95   0   0   0   0   0   0   0   0   0   0   0   0   4   2   0   0   0  1.24 0.18
  308 S     3  -2  -1  -1  -1  -1  -1  -1  -2  -2  -2  -1  -2  -3  -2   4   0  -3  -2  -2   36   0   0   0   0   0   0   0   0   0   3   0   0   0   0  61   0   0   0   0  0.54 0.12
  309 S     0  -2   0  -1  -2  -1  -1   0  -2  -3  -4  -1  -2  -3  -2   6   1  -4  -3  -3    0   0   0   0   0   0   0   3   0   0   0   0   0   0   0  97   0   0   0   0  0.85 0.17
  310 F    -3  -4  -4  -4  -3  -4  -4  -4  -2  -1   0  -4  -1   7  -4  -2  -3   0   3  -1    0   0   0   0   0   0   0   0   0   0   2   0   0  87   0   3   0   0   6   2  1.16 0.16
  311 L    -2  -3  -4  -4  -2  -1  -3  -5  -3   1   5  -3   2   0  -4  -3  -2  -2  -2   0    0   0   0   0   0   3   0   0   0   1  96   0   0   0   0   0   0   0   0   0  0.74 0.13
  312 T    -1  -2  -1  -2  -2  -2  -2  -2  -3  -2  -2  -2  -2  -3  -2   1   6  -3  -3  -1    0   0   0   0   0   0   0   0   0   0   0   0   0   0   0   4  93   0   0   1  0.89 0.17
  313 D    -2  -2   1   7  -4  -1   1  -2  -2  -4  -4  -1  -4  -4  -2  -1  -2  -5  -4  -4    2   0   2  93   0   0   0   0   0   0   0   1   0   0   0   0   0   0   0   0  1.28 0.16
  314 G    -1  -3  -1  -2  -3  -3  -3   7  -1  -5  -4  -2  -4  -4  -3  -1  -2  -3  -4  -4    0   0   0   0   0   0   0  97   1   0   0   0   0   0   0   0   0   0   0   0  1.37 0.15
  315 A     5  -2  -2  -2  -1  -2  -2   0  -2  -2  -2  -2  -2  -3  -2   1  -1  -3  -3  -1   92   0   0   0   0   0   0   3   0   1   0   0   0   0   0   2   0   0   0   0  0.69 0.14
  316 S     0  -2   0  -1  -2   0  -1  -1  -2  -3  -3  -1  -2  -3  -1   6   1  -4  -3  -3    0   0   0   0   0   2   0   0   0   0   0   0   0   0   1  95   0   0   0   0  0.80 0.16
  317 A     5  -1  -2  -3  -1  -2  -2  -1  -2  -2  -2  -1  -2  -2  -2   0  -1  -3  -2  -1   94   2   0   0   0   0   0   0   0   0   0   0   0   1   0   1   0   0   0   0  0.71 0.14
  318 M     0  -3  -3  -4   7  -3  -3  -3  -3   1   0  -3   3  -2  -3  -2  -1  -3  -2   3    8   0   0   0  41   0   0   0   0   3   0   0  15   0   0   0   1   0   0  31  0.65 0.11
  319 L    -2  -3  -4  -4  -2  -3  -4  -4  -4   1   5  -3   1   0  -3  -3  -1  -2  -2   1    0   0   0   0   0   0   0   0   0   3  91   0   0   0   0   0   2   0   0   3  0.68 0.12
  320 I    -2  -3  -4  -4  -2  -3  -4  -4  -4   5   2  -3   1   0  -3  -3  -1  -3  -2   2    0   0   0   0   0   0   0   0   0  67  20   0   2   1   0   0   0   0   0   9  0.55 0.10
  321 M    -2  -2  -3  -4   1  -1  -3  -4  -3   0   1  -2   8  -1  -3  -1   0  -3  -2   0    0   0   0   0   4   0   0   0   0   0   2   0  84   0   0   2   7   0   0   0  0.93 0.19
  322 A     1  -2   0  -1  -1  -1  -1  -1  -2  -2  -3  -1  -2  -3  -1   4   3  -3  -2  -2   12   0   0   0   0   0   1   0   0   0   0   0   0   0   1  55  29   0   0   0  0.49 0.11
  323 E    -2  -1  -1   1  -4   1   6  -3  -1  -4  -2   0  -3  -4  -2  -1  -2  -4  -3  -3    0   0   0   0   0   0  95   0   0   0   4   0   0   0   0   0   0   0   0   0  1.07 0.17
  324 E     1  -1  -1   2  -4   1   5  -2  -1  -4  -3   0  -3  -4  -1  -1  -1  -4  -3  -3   13   0   0   7   0   0  75   0   0   0   0   0   0   0   1   0   2   0   0   0  0.76 0.13
  325 K    -1   2  -1  -2  -4   0   0  -3  -2  -4  -3   6  -2  -4  -1  -1  -2  -4  -3  -3    1   1   0   0   0   0   0   0   0   0   2  95   0   0   1   0   0   0   0   0  0.91 0.16
  326 A     5  -2  -2  -3   1  -2  -2  -1  -3  -2  -2  -2  -2  -3  -2   0  -1  -3  -3  -1   96   0   0   0   3   0   0   0   0   0   0   0   0   0   0   0   0   0   0   1  0.75 0.15
  327 L    -2  -1  -3  -3  -2  -1  -2  -4  -3   0   4   2   1  -1  -3  -2  -2  -3  -2   0    0   0   0   0   0   0   0   0   0   0  72  26   0   0   0   0   0   0   0   1  0.44 0.11
  328 A     4  -1  -2  -1  -2   1   2  -1  -2  -2  -2  -1  -2  -3   0   1  -1  -3  -2  -1   64   0   0   0   0  10  16   0   0   0   2   0   0   0   2   6   0   0   0   0  0.42 0.10
  329 M    -2  -2  -3  -4  -2  -2  -3  -4  -3   1   3  -3   7   0  -2  -3  -2  -2  -2   0    0   1   0   0   0   0   0   0   0   0  33   0  63   2   2   0   0   0   0   0  0.75 0.15
  330 G    -1  -3  -1  -2  -3  -3  -3   7  -3  -5  -4  -2  -4  -4  -3  -1  -2  -3  -4  -4    0   0   0   0   0   0   0  99   0   0   1   0   0   0   0   0   0   0   0   0  1.41 0.16
  331 Y    -3  -3  -2  -4  -3  -3  -3  -4   0  -1   2  -3   0   3  -4  -3  -2   3   6  -1    0   0   2   0   0   0   0   0   0   0  28   0   0  12   0   0   0   3  54   0  0.76 0.12
  332 K    -2   2  -1  -2  -4   1   0  -2  -2  -4  -3   6  -2  -4  -1  -1  -1  -4  -3  -3    0   1   0   0   0   0   2   0   0   0   0  94   0   0   1   0   1   0   0   0  0.92 0.16
  333 P    -1  -3  -3  -3  -4  -2  -2  -3  -1  -4  -2  -2  -3  -4   8  -2  -2  -5  -4  -3    2   0   0   0   0   0   0   0   2   0   4   0   0   0  92   0   0   0   0   0  2.14 0.19
  334 K    -2   1  -1  -2  -4   0   0  -2  -2  -2  -2   6  -2  -4  -2  -1  -1  -4  -3  -3    0   0   0   0   0   0   0   0   0   2   3  93   0   0   0   2   0   0   0   0  0.85 0.16
  335 A     5  -2  -2  -3  -1  -2  -2  -1  -2  -2  -2  -1  -2  -3   0   0  -1  -3  -3  -1   92   1   0   0   0   0   0   0   0   0   1   0   0   0   2   0   0   0   0   2  0.68 0.14
  336 Y    -2  -3  -3  -4  -3  -2  -3  -4   1  -2  -2  -3  -2   2  -4  -3  -3   1   8  -2    2   0   0   0   0   0   0   0   0   0   0   0   0   2   0   0   0   0  95   0  1.51 0.20
  337 L    -2  -3  -4  -4  -2  -3  -3  -4  -3   1   5  -3   2   0  -3  -3  -2  -2  -2   0    0   0   0   0   0   0   0   0   0   3  91   0   1   1   0   0   0   0   0   2  0.69 0.12
  338 R    -2   7  -1  -2  -1   0  -1  -3  -1  -4  -3   1  -2  -4  -3  -2  -2  -4  -3  -3    0  94   0   0   2   0   0   0   0   0   0   1   0   0   0   0   0   0   0   0  1.17 0.17
  339 D    -2  -2   2   6  -4  -1   1  -2  -1  -4  -4  -1  -4  -4  -1  -1  -2  -5  -3  -4    1   0   6  81   0   1   5   1   1   0   0   0   0   0   2   0   0   0   0   0  1.04 0.13
  340 F    -3  -3  -4  -4   0  -4  -4  -4  -2  -1   0  -4  -1   7  -4  -3  -3   0   3  -2    0   0   0   0   2   0   0   0   0   0   0   0   0  88   0   0   0   0   6   0  1.17 0.16
  341 M     0  -3  -3  -3  -1  -2  -3  -3  -3   2   1  -2   1   0  -3  -1   1  -3  -2   4    2   0   0   0   0   0   0   0   0   6  11   0   2   2   0   1  12   0   0  61  0.35 0.08
  342 Y    -3  -3  -3  -4  -3  -1  -3  -4   1  -2  -2  -3  -2   3  -4  -3  -2   1   8  -2    0   0   0   0   0   2   0   0   0   0   0   0   0   7   0   0   0   0  87   0  1.34 0.18
  343 V    -1  -3  -3  -4  -2  -3  -3  -4  -4   2   0  -3   0  -2  -3  -2   0  -3  -2   5    0   0   0   0   0   0   0   0   0   2   0   0   0   0   0   0   4   0   0  90  0.64 0.13
  344 S     2  -2   0  -1  -2  -1  -1  -1  -2  -3  -3  -1  -2  -3  -1   5   1  -3  -2  -2   11   0   0   0   0   0   0   0   0   0   0   0   0   0   0  86   0   0   0   0  0.69 0.14
  345 Q    -2   0  -1  -1  -4   7   1  -3   0  -4  -3   0  -1  -4  -2  -1  -2  -3  -2  -3    0   0   1   0   0  95   0   0   0   0   0   0   0   0   0   0   0   0   0   0  1.19 0.19
  346 D    -3  -2   1   7  -4  -1   1  -2  -2  -4  -4  -2  -4  -4  -2  -1  -2  -5  -4  -4    0   0   0  96   0   0   0   0   0   0   0   0   0   0   0   0   0   0   0   0  1.34 0.16
  347 P    -1  -3  -3  -2  -4  -2  -2  -3  -3  -4  -4  -2  -3  -5   8  -2  -2  -5  -4  -3    2   0   0   0   0   0   0   0   0   0   0   0   0   0  96   0   0   0   0   0  2.28 0.19
  348 K    -1   1  -1  -2  -3   1   0  -2  -2   0  -2   5  -2  -3  -2  -1  -1  -4  -2   0    0   1   0   0   0   2   0   0   0   8   0  79   0   1   0   0   1   0   0   7  0.59 0.13
  349 D    -3  -2   1   7  -4  -1   1  -1  -2  -4  -5  -2  -4  -4  -2  -1  -2  -5  -4  -4    0   0   1  95   0   0   0   2   0   0   0   0   0   0   0   0   0   0   0   0  1.32 0.17
  350 Q    -2   0  -1  -1  -4   7   1  -3  -1  -4  -3   0  -1  -4  -2  -1  -2  -3  -2  -3    0   0   0   0   0  97   1   0   0   0   0   0   0   0   0   0   0   0   0   0  1.25 0.20
  351 L    -2  -3  -4  -4   0  -3  -4  -4  -4   1   5  -3   1   0  -4  -3  -2  -2  -2   0    0   0   0   0   2   0   0   0   0   0  96   0   0   0   0   0   0   0   0   0  0.74 0.13
  352 L    -2  -3  -4  -4  -2  -3  -4  -4  -4   1   5  -3   1   0  -4  -3  -2  -2  -2   0    0   0   0   0   0   0   0   0   0   0  96   0   0   0   0   0   0   0   0   2  0.75 0.13
  353 L    -2  -3  -4  -4  -2  -3  -4  -4  -4   1   5  -3   2   0  -4  -3  -2  -2  -2   0    0   0   0   0   0   0   0   0   0   0  98   0   1   0   0   0   0   0   0   0  0.79 0.13
  354 G    -1  -3  -1  -2  -3  -3  -3   6  -3  -5  -5  -2  -4  -4  -3   0  -2  -3  -4  -4    0   0   0   0   0   0   0  95   0   0   0   0   0   0   0   4   0   0   0   0  1.34 0.15
  355 P    -2  -3  -3  -3  -4  -2  -2  -3  -3  -4  -4  -2  -4  -5   8  -1  -2  -5  -4  -4    0   0   0   0   0   0   0   0   0   0   0   0   0   0  98   2   0   0   0   0  2.37 0.20
  356 T     3  -2  -1  -2  -1  -1  -2  -2  -2  -2  -2  -1  -1  -3  -2   1   5  -3  -2  -1   35   0   0   0   0   0   0   0   0   0   0   0   0   0   0   2  62   0   0   0  0.58 0.13
  357 Y    -3  -3  -3  -4  -4  -3  -3  -4   1  -2  -2  -3  -2   2  -4  -3  -3   1   9  -2    0   0   0   0   0   0   0   0   1   0   0   0   0   0   0   0   0   0  99   0  1.65 0.22
  358 A     4  -2  -2  -2  -2  -2  -2   3  -2  -2  -3  -2  -2  -3  -2   1  -1  -3  -3  -1   67   0   0   0   0   0   0  27   0   0   0   0   0   0   0   5   0   0   0   1  0.58 0.11
  359 T    -1  -2  -1  -2  -2  -2  -2  -3  -3   1  -2  -2  -1  -3  -2   1   6  -3  -2   0    0   0   0   0   0   0   0   0   0  11   0   0   0   0   0   1  86   0   0   2  0.76 0.16
  360 P    -1  -3  -3  -3  -4  -2  -2  -3  -3  -4  -3  -2  -3  -5   8  -1  -2  -5  -4  -3    3   0   0   0   0   0   0   0   0   0   2   0   0   0  92   3   0   0   0   0  2.14 0.18
  361 K    -2   2  -1  -2  -4   1   0  -2  -2  -3  -3   6  -2  -4  -2  -1  -1  -4  -3  -3    0   5   0   0   0   3   1   0   0   1   0  88   0   0   0   0   1   0   0   1  0.83 0.15
  362 V    -1  -3  -4  -4  -2  -3  -3  -4  -4   3   1  -3   0  -1  -3  -2  -1  -3  -2   5    2   0   0   0   0   0   0   0   0  12   7   0   0   0   0   0   0   0   0  77  0.56 0.11
  363 L    -2  -3  -4  -4  -2  -3  -4  -4  -3   1   5  -3   2   0  -4  -3  -2  -2  -2   0    0   0   0   0   0   0   0   0   0   0  96   0   1   0   0   0   0   0   0   1  0.75 0.13
  364 E    -1  -1   0   3  -4   1   5  -2  -1  -4  -4   1  -3  -4  -2  -1  -1  -4  -3  -3    2   0   1  12   0   3  73   1   0   0   0   5   0   0   0   1   0   0   0   0  0.78 0.12
  365 K    -2   4   0  -2  -4   1   0  -2  -1  -3  -3   5  -1  -4  -2  -1  -1  -4  -2  -3    0  23   2   0   0   0   0   1   0   2   0  69   1   0   0   1   0   0   0   0  0.69 0.12
  366 A     5  -2  -1  -2  -1  -1  -1  -1  -2  -2  -2  -1  -2  -3  -1   2   1  -3  -2  -1   77   0   1   0   0   0   0   0   0   0   0   0   0   0   0  13   5   0   0   1  0.54 0.11
  367 G    -1  -3  -1  -2  -3  -3  -3   6  -3  -4  -4  -2  -3  -4  -3  -1  -2  -3  -4  -4    0   0   0   0   0   0   0  96   0   0   0   1   0   0   0   1   0   0   0   0  1.34 0.15
  368 L    -2  -3  -4  -4  -2  -3  -4  -4  -3   1   5  -3   1   0  -4  -3  -2  -2  -2   0    0   0   0   0   0   0   0   0   0   1  97   0   0   0   0   0   0   0   0   0  0.75 0.13
  369 T     0  -1   0  -1  -2   0  -1  -1  -2  -2  -2   2  -1  -3  -2   2   5  -3  -2  -1    5   1   0   1   0   4   0   2   0   0   0  15   0   0   0  13  57   0   0   0  0.42 0.10
  370 M    -2  -2  -2  -4  -2  -2  -3  -4  -3   1   3  -2   6   0  -1  -2  -1  -2  -2   1    1   0   2   0   0   0   0   0   0   4  44   0  40   0   3   0   1   0   0   4  0.48 0.10
  371 N     1   0   3   0  -2   1   0   0  -1  -3  -3   1  -2  -3  -1   2   0  -3  -2  -2   18   0  26   3   0   4   3   2   0   0   0  13   0   0   0  29   1   0   0   0  0.32 0.06
  372 D    -3  -2   0   7  -4  -1   1  -2  -2  -4  -4  -2  -4  -4  -2  -1  -2  -5  -2  -4    0   0   0  93   0   0   2   0   0   0   0   0   0   0   0   0   0   0   2   0  1.28 0.16
  373 I    -2  -4  -4  -4  -2  -3  -4  -4  -4   6   1  -3   0  -1  -3  -3  -1  -3  -2   2    0   0   0   0   0   0   0   0   0  91   1   0   0   0   0   0   0   0   0   6  0.77 0.14
  374 D    -2  -2   1   7  -4  -1   1  -2  -2  -4  -4  -1  -4  -4  -2   0  -2  -5  -4  -4    1   0   1  91   0   0   0   0   0   0   0   0   0   0   0   5   0   0   0   0  1.23 0.16
  375 A     1  -3  -3  -3  -1  -2  -2  -3  -3   1   0  -2   0  -2  -2  -1   0  -3  -2   4   18   0   0   0   0   0   0   0   0   1   0   0   0   0   0   3   6   0   0  70  0.39 0.10
  376 F    -3  -4  -4  -4  -3  -4  -4  -4  -2  -1  -1  -4  -1   7  -4  -3  -3   8   2  -2    0   0   0   0   0   0   0   0   0   0   1   0   0  73   0   0   0  23   0   0  1.29 0.16
  377 E    -2  -1  -1   1  -4   1   6  -3  -1  -4  -4   0  -3  -4  -2  -1  -2  -4  -3  -3    0   0   0   0   0   0  96   0   0   0   0   0   0   0   0   0   0   0   0   0  1.12 0.17
  378 F    -2  -3  -3  -4  -2  -3  -3  -4  -1   1   0  -3   0   6  -4  -3  -2   0   4   1    0   0   0   0   0   0   0   0   0  10   1   0   0  63   0   0   0   0  14   8  0.75 0.11
  379 H    -3  -1   0  -2  -4  -1  -1  -3  10  -4  -4  -2  -3  -2  -3  -2  -3  -3   1  -4    0   0   0   0   0   0   0   0  96   0   0   0   0   0   0   0   0   0   0   0  1.72 0.21
  380 E    -2  -1  -1   1  -4   1   6  -3  -1  -4  -4   0  -3  -4  -2  -1  -2  -4  -3  -3    0   0   0   0   0   0  96   0   0   0   0   0   0   0   0   0   0   0   0   0  1.12 0.17
  381 A     5  -2  -2  -2  -1  -2  -2  -1  -2  -2  -2  -1  -2  -3  -2   0  -1  -3  -2  -1   95   0   0   0   0   0   0   0   0   0   0   0   0   0   0   0   0   0   0   2  0.72 0.14
  382 F    -3  -4  -4  -4  -3  -4  -4  -4  -2  -1   0  -4  -1   8  -4  -3  -3   0   2  -2    0   0   0   0   0   0   0   0   0   0   0   0   0  96   0   0   0   0   0   0  1.32 0.17
  383 S     5  -2  -2  -2  -1  -1  -1  -1  -2  -2  -2  -1  -2  -3  -1   2   0  -3  -2  -1   82   0   0   0   0   0   0   0   0   0   0   0   0   0   0  15   0   0   0   0  0.61 0.12
  384 G     0  -3  -1  -2  -3  -3  -3   6  -3  -4  -4  -2  -3  -4  -3  -1  -2  -3  -4  -4    4   0   0   0   0   0   0  94   0   0   0   0   0   0   0   1   0   0   0   0  1.29 0.14
  385 Q    -2   0  -1  -1  -4   7   1  -3  -1  -4  -3   0  -1  -4  -2  -1  -1  -3  -2  -3    0   0   0   0   0  98   0   0   0   0   0   0   0   0   0   0   1   0   0   0  1.25 0.20
  386 I    -2  -4  -4  -4  -2  -4  -4  -5  -4   6   1  -3   1  -1  -4  -3  -1  -3  -2   2    0   0   0   1   0   0   0   0   0  93   1   0   1   0   0   0   0   0   0   3  0.79 0.15
  387 L    -2  -3  -4  -4  -1  -2  -3  -4  -3   1   4  -3   4   0  -3  -3  -2  -2  -2   1    0   0   0   0   1   0   0   0   0   3  75   0  17   0   0   0   0   0   0   3  0.60 0.11
  388 A     5  -2  -2  -2  -1  -1  -2  -1  -2  -2  -2  -1  -2  -3  -2   1  -1  -3  -3  -1   90   0   0   0   0   0   0   0   0   0   0   0   0   0   0   8   0   0   0   0  0.69 0.14
  389 N    -3  -1   7   0  -4  -1  -1  -1   0  -4  -4  -1  -3  -4  -3   0  -1  -5  -3  -4    0   0  98   0   0   0   0   0   0   0   0   0   0   0   0   0   0   0   0   0  1.30 0.19
  390 F    -2  -3  -4  -4  -2  -3  -3  -4  -3   1   4  -3   4   4  -4  -3  -2  -1   0   0    0   0   0   0   0   0   0   0   0   1  58   0  15  24   0   0   0   0   0   0  0.53 0.10
  391 K    -1   2  -1  -2  -4   1   0  -2  -2  -4  -3   6  -2  -4  -2  -1  -1  -4  -3  -3    1   2   0   0   0   0   0   0   0   0   0  93   0   0   0   1   1   0   0   0  0.89 0.16
  392 A     5  -2  -2  -3  -1  -2  -2  -1  -2  -2  -2  -2  -2  -3  -2   0  -1  -3  -3  -1   98   0   0   0   0   0   0   0   0   0   0   0   0   0   0   0   0   0   0   0  0.78 0.15
  393 M    -2  -2  -3  -4  -2  -2  -3  -4  -3   0   3  -2   8  -1  -4  -3  -2  -2  -2   0    0   0   0   0   0   0   0   0   0   0  18   0  80   0   0   0   0   0   0   0  0.95 0.18
  394 D    -2  -2   0   7  -4  -1   2  -2  -2  -4  -4  -1  -4  -4  -2  -1  -2  -5  -4  -4    0   0   0  91   0   0   5   1   0   0   0   0   0   0   0   1   0   0   0   0  1.26 0.16
  395 S     0  -2   0  -1  -2  -1  -1  -1  -2  -3  -3  -1  -2  -3  -2   6   1  -4  -3  -3    0   0   0   0   0   0   0   0   0   0   0   0   0   0   0  98   0   0   0   0  0.86 0.17
  396 D    -3  -2   1   7  -4  -1   1  -2  -2  -4  -5  -2  -4  -4  -2  -1  -2  -5  -4  -4    0   0   1  95   0   0   2   0   0   0   0   0   0   0   0   0   0   0   0   0  1.35 0.17
  397 W    -4  -4  -5  -5  -3  -3  -4  -3  -3  -3  -3  -4  -2   1  -5  -3  -3  12   3  -4    0   0   0   0   0   0   0   0   0   1   0   0   0   4   0   2   0  86   6   0  2.71 0.23
  398 F    -3  -4  -4  -4  -3  -4  -4  -4  -2  -1   0  -4  -1   8  -5  -3  -3   1   2  -2    0   0   0   0   0   0   0   0   0   0   0   0   0  97   0   0   0   0   1   0  1.36 0.18
  399 A     5  -2  -2  -2   2  -2  -2   1  -2  -2  -2  -2  -2  -3  -2   1  -1  -3  -3  -1   79   0   1   0   6   0   0   7   0   0   0   0   0   0   0   4   1   0   0   2  0.54 0.11
  400 E    -2   0  -1  -1  -4   6   1  -3  -1  -4  -3   3  -1  -4  -2  -1  -1  -3  -2  -3    0   0   0   0   0  75   2   0   0   0   0  18   0   0   0   1   3   0   0   0  0.89 0.16
  401 N    -1  -1   5   0  -2  -1  -1  -2  -1  -3  -3   0  -2  -3  -2   0   4  -4  -2  -2    0   2  46   0   0   0   1   0   1   0   0   7   0   0   0   1  42   0   0   0  0.58 0.12
  402 Y    -3  -3  -3  -4   1  -1  -3  -4   1  -2  -2  -3  -1   2  -4  -3  -2   1   8  -2    0   0   0   0   4   2   0   0   2   0   0   0   1   1   0   0   1   0  87   0  1.29 0.18
  403 M    -2  -2  -3  -4  -2   0  -3  -4  -3   1   2  -2   8  -1  -3  -2  -2  -1  -2   0    0   0   0   0   0   3   0   0   0   3  15   0  76   0   0   0   0   0   0   2  0.84 0.17
  404 G    -1  -2   2  -2  -3  -2  -2   6  -2  -4  -4  -1  -3  -4  -3  -1  -2  -3  -4  -4    0   0  11   0   0   0   0  82   0   0   0   5   0   0   0   0   0   0   0   0  1.05 0.12
  405 R    -2   7  -1  -2  -4   0  -1  -3  -1  -3  -1   2  -1  -3  -3  -2  -2  -3  -2  -3    0  84   0   0   0   0   0   0   0   0   8   5   1   0   0   0   0   0   0   0  0.94 0.14
  406 K    -1   1   0  -1  -3   2   0  -2  -1  -3  -3   5  -2  -4   0   1   0  -3  -2  -3    1   0   3   1   0  11   0   0   0   0   0  59   0   0   2  17   4   0   0   0  0.49 0.10
  407 T     1  -1   0  -1  -2   0   1   0  -2  -2  -2   0  -2  -3  -1   3   2  -3  -2  -2   10   0   1   0   0   1  11   7   0   2   0   3   0   0   0  44  21   0   0   0  0.33 0.07
  408 K    -2   2  -1  -2  -4   1   0  -2  -2  -4  -3   6  -2  -4  -2  -1  -2  -4  -3  -3    0   1   0   0   0   0   0   0   0   0   0  97   0   0   0   0   0   0   0   0  0.97 0.17
  409 V    -1  -3  -4  -4  -1  -3  -3  -4  -4   2   0  -3   0   0  -2  -2  -1  -3  -1   5    1   0   0   0   1   0   0   0   0   4   0   0   0   4   2   0   1   0   1  86  0.60 0.13
  410 G    -1  -3  -1  -2  -3  -3  -3   7  -3  -5  -5  -2  -4  -4  -3  -1  -2  -3  -4  -4    0   0   0   0   0   0   0  99   0   0   0   0   0   0   0   0   0   0   0   0  1.45 0.16
  411 L     3  -2  -1  -2  -1  -1  -1  -1  -2   0  -1  -1  -1  -2  -1   1   2  -3  -2   1   52   0   1   0   0   1   0   0   0   1   3   0   0   0   1  12  14   0   0  15  0.30 0.08
  412 P    -2  -3  -3  -3  -4  -2  -2  -3  -3  -3  -3  -2  -3  -5   8  -2  -2  -5  -4  -3    0   0   0   0   0   0   0   0   0   2   1   0   0   0  96   1   0   0   0   1  2.26 0.19
  413 P    -1  -3  -1   3  -4  -2  -1  -3  -3  -3  -3  -1  -3  -4   7  -1  -2  -5  -4  -3    3   0   0  23   0   0   1   0   0   0   2   1   0   0  67   3   0   0   0   0  1.41 0.13
  414 L    -2  -3  -4  -4  -2  -2  -3  -4  -3   2   4  -3   6   0  -3  -3  -2  -2  -2   1    0   0   0   0   0   0   0   0   0   7  51   0  39   1   0   0   0   0   0   1  0.59 0.11
  415 E    -1  -1   1   3  -4   1   5  -2  -1  -4  -4   0  -3  -4  -2   1  -1  -4  -3  -3    2   0   8  19   0   0  58   1   0   0   0   2   0   0   0   9   0   0   0   0  0.66 0.10
  416 K    -2   2  -1  -2  -4   1   0  -3  -2  -4  -4   6  -2  -4  -2  -1  -2  -4  -3  -3    0   1   0   0   0   0   0   0   0   0   0  99   0   0   0   0   0   0   0   0  1.02 0.17
  417 F    -3  -4  -4  -5  -3  -4  -4  -4  -2  -1   1  -4   0   7  -4  -3  -3   5   2  -1    0   0   0   0   0   0   0   0   0   1  10   0   1  74   0   0   0  10   0   3  1.01 0.14
  418 N    -3  -1   8   0  -4  -1  -1  -1   0  -4  -5  -1  -3  -4  -3   0  -1  -5  -3  -4    0   0 100   0   0   0   0   0   0   0   0   0   0   0   0   0   0   0   0   0  1.36 0.19
  419 N    -1  -1   3  -1   0  -1  -2  -2  -1   0   2   0   0  -2  -2   0   2  -3  -2  -1    2   0  29   0   2   0   0   0   0   3  31   7   1   0   0   2  24   0   0   0  0.22 0.07
  420 W    -4  -2  -5  -6  -4  -2  -4  -4  -4  -4  -3  -4  -3   0  -5  -4  -4  12   1  -4    0   2   0   0   0   1   0   0   0   0   0   0   0   0   0   0   0  97   0   0  3.21 0.27
  421 G    -1  -3  -1  -2  -4  -3  -3   7  -3  -5  -5  -2  -4  -4  -3  -1  -2  -3  -4  -4    0   0   0   0   0   0   0 100   0   0   0   0   0   0   0   0   0   0   0   0  1.46 0.16
  422 G     0  -3  -1  -2  -3  -3  -3   7  -3  -5  -5  -2  -4  -4  -2  -1  -2  -3  -4  -4    1   0   0   0   0   0   0  98   0   0   0   0   0   0   1   0   0   0   0   0  1.40 0.15
  423 S     1  -2   0  -1  -2  -1  -1  -1  -2  -3  -3  -1  -2  -3  -2   6   1  -4  -3  -3    1   0   0   0   0   0   0   0   0   0   0   0   0   0   0  99   0   0   0   0  0.88 0.17
  424 L    -2  -3  -4  -5  -2  -3  -4  -5  -4   1   5  -3   1   0  -4  -3  -2  -2  -2   0    0   0   0   0   0   0   0   0   0   1  98   0   0   0   0   0   0   0   0   1  0.79 0.13
  425 S     0  -1   0  -1  -2  -1  -1  -1  -2  -3  -3  -1  -2  -2  -2   6   1  -4  -2  -3    1   1   0   0   0   0   0   0   0   0   0   0   0   2   0  95   0   0   0   0  0.79 0.16
  426 L    -2  -3  -4  -4  -2  -3  -4  -4  -4   4   4  -3   1   0  -4  -3  -2  -3  -2   1    0   0   0   0   0   0   0   0   0  34  65   0   0   0   0   0   0   0   0   0  0.59 0.10
  427 G    -1  -2  -1  -2  -3  -3  -3   7  -3  -5  -5  -2  -4  -4  -3  -1  -2  -3  -4  -4    0   1   0   0   0   0   0  99   0   0   0   0   0   0   0   0   0   0   0   0  1.42 0.15
  428 H    -3  -1   0  -2  -4  -1  -1  -3  10  -5  -4  -2  -3  -2  -3  -2  -3  -4   1  -4    0   0   0   0   0   0   0   0 100   0   0   0   0   0   0   0   0   0   0   0  1.86 0.23
  429 P    -2  -3  -3  -2  -4  -2  -2  -3  -3  -4  -4  -2  -4  -5   8  -2  -2  -5  -4  -3    0   0   0   0   0   0   0   0   0   0   0   0   0   0  98   0   0   0   0   0  2.36 0.19
  430 F    -3  -4  -4  -5  -3  -4  -4  -4  -2  -1   0  -4  -1   8  -5  -3  -3   0   2  -2    0   0   0   0   0   0   0   0   0   0   0   0   0  99   0   0   0   0   0   0  1.40 0.18
  431 G     3  -3  -1  -2  -2  -2  -2   5  -3  -4  -4  -2  -3  -4  -2   0  -2  -3  -3  -3   30   0   0   0   0   0   0  68   0   0   0   0   0   0   0   0   0   0   0   0  0.88 0.11
  432 A     5  -2  -2  -3  -1  -2  -2  -1  -2  -2  -2  -2  -2  -3  -2   0  -1  -3  -3  -1   99   0   0   0   0   0   0   0   0   0   0   0   0   0   0   0   0   0   0   0  0.80 0.15
  433 T    -1  -2  -1  -2  -2  -2  -2  -2  -3  -2  -2  -2  -2  -3  -2   1   6  -3  -3  -1    2   0   1   0   0   0   0   0   0   0   0   0   0   0   0   0  96   0   0   0  0.93 0.17
  434 G    -1  -3  -1  -2  -3  -3  -3   7  -3  -5  -5  -2  -4  -4  -3  -1  -2  -3  -4  -4    0   1   0   0   0   0   0  99   0   0   0   0   0   0   0   0   0   0   0   0  1.43 0.15
  435 C    -1  -3  -4  -4   8  -3  -4  -4  -4   0  -1  -3  -1  -2  -3  -2  -1  -2  -3   3    1   1   0   0  53   0   0   0   0   1   0   0   0   0   0   1   0   0   0  43  0.97 0.14
  436 R    -2   7  -1  -3  -5   0  -1  -3  -1  -4  -3   1  -2  -4  -3  -2  -2  -2  -3  -4    0 100   0   0   0   0   0   0   0   0   0   0   0   0   0   0   0   0   0   0  1.31 0.18
  437 L    -2  -3  -4  -5  -2  -3  -4  -5  -4   1   5  -3   1   0  -3  -3  -2  -2  -2   0    0   0   0   0   0   0   0   0   0   0 100   0   0   0   0   0   0   0   0   0  0.81 0.14
  438 V     1  -3  -3  -3   1  -2  -3  -3  -3   2   0  -3   0  -2  -3  -1   0  -3  -2   4   17   0   0   0   4   0   0   0   0   1   4   0   1   0   0   0   6   0   0  66  0.38 0.10
  439 M    -1  -2  -2  -3  -2  -1  -2  -3  -3   1   0  -2   5  -2  -3   0   4  -3  -2   1    0   0   0   0   0   0   0   0   0  11   0   0  37   0   0   1  45   0   0   4  0.47 0.12
  440 A     1  -2  -1  -2  -2  -1  -1  -2   5  -2  -2  -1  -1  -3  -2   0   4  -3  -1  -1   18   0   0   0   0   0   0   0  26   0   0   0   2   0   0   0  54   0   0   0  0.52 0.12
  441 A     4  -2  -2  -2  -1  -2  -2  -1  -2  -1  -1  -1  -1  -3  -2   1   2  -3  -2   2   60   0   0   0   0   0   0   1   0   0   0   0   0   0   0   2  19   0   0  18  0.39 0.10
  442 A     5  -2  -2  -2  -1  -2  -2  -1  -2  -2  -2  -2  -2  -3  -2   0   0  -3  -3  -1   94   0   0   2   0   0   0   0   0   0   0   0   0   0   0   0   2   0   0   1  0.71 0.14
  443 N    -2  -1   6   0  -4  -1  -1  -2   7  -4  -4  -1  -3  -3  -3  -1  -2  -4  -1  -4    0   0  53   0   0   0   0   0  45   0   1   0   0   0   0   0   0   0   0   0  1.03 0.16
  444 R    -2   7  -1  -3  -4   0  -1  -3  -1  -4  -3   1  -2  -4  -3  -2  -2  -4  -3  -4    0  99   0   0   0   0   0   0   0   0   0   0   0   0   0   0   0   0   0   0  1.29 0.18
  445 L    -2  -3  -4  -4  -2  -3  -4  -4  -4   1   5  -3   2   0  -4  -3  -2  -2  -2   0    0   0   0   0   0   0   0   0   0   0  97   0   2   0   0   0   0   0   0   0  0.77 0.13
  446 R    -1   2  -1  -2  -3   2   0  -3   1   1  -1   2   0  -2  -2  -1  -1  -3  -2   1    3  14   1   0   0  16   1   0   3  16   1  25   2   0   0   0   0   0   0  17  0.19 0.06
  447 K    -1   4   1  -1  -4   1   0  -2   0  -4  -3   5  -2  -4  -2  -1  -1  -4  -2  -3    1  22   5   1   0   0   1   0   2   0   0  66   0   0   0   1   0   0   0   0  0.67 0.11
  448 E    -2  -1   0   2  -5   1   6  -2  -1  -4  -4   0  -3  -4  -2  -1  -2  -4  -3  -3    0   0   1   5   0   0  90   2   0   0   0   0   0   0   0   0   0   0   0   1  1.02 0.16
  449 G    -1  -2   0   4  -4  -2  -1   5  -2  -4  -4  -2  -3  -4  -3  -1  -2  -4  -4  -4    0   2   3  32   0   0   0  63   0   0   0   0   0   0   0   0   0   0   0   0  0.87 0.11
  450 G    -1  -3  -1  -2  -3  -3  -3   7  -3  -5  -4  -2  -4  -4  -3  -1  -2  -3  -4  -4    0   0   0   0   0   0   0  99   0   0   0   0   0   0   0   0   0   0   0   0  1.41 0.15
  451 Q    -2   0  -1  -1  -4   7   1  -3   0  -4  -3   1  -1  -4  -2  -1  -1  -3  -2  -3    0   1   0   0   0  90   0   0   0   0   0   7   0   0   0   0   1   0   0   0  1.10 0.18
  452 Y    -3  -3  -3  -4  -3  -3  -3  -4   0   0   0  -3  -1   5  -4  -3  -2   1   7  -1    0   0   0   0   0   0   0   0   0   4   6   0   0  26   0   0   0   0  63   1  0.99 0.14
  453 G     3  -3  -1  -2  -2  -2  -2   5  -3  -3  -3  -2  -3  -4  -2   0  -2  -3  -3  -3   32   0   0   0   0   0   0  67   0   0   0   0   0   0   0   0   0   0   0   0  0.86 0.11
  454 L    -2  -3  -4  -4   1  -3  -4  -4  -4   1   5  -3   1   0  -4  -3  -2  -2  -2   1    0   0   0   0   3   0   0   0   0   1  86   0   0   1   0   0   0   0   0   9  0.62 0.11
  455 V    -1  -3  -4  -4  -2  -3  -3  -4  -4   3   1  -3   0  -1  -3  -2  -1  -3  -2   5    0   0   0   0   0   0   0   0   0  21   2   0   0   0   0   0   0   0   0  74  0.58 0.11
  456 A     5  -2  -2  -2  -1  -1  -1  -1  -2  -2  -2  -1  -2  -3  -1   1   0  -3  -2  -1   87   0   0   0   0   0   0   0   0   0   0   0   0   0   0   5   5   0   0   0  0.63 0.13
  457 A     5  -2  -2  -3  -1  -2  -2  -1  -2  -2  -2  -1  -2  -3  -2   0  -1  -3  -3  -1   95   0   0   0   0   0   0   0   0   0   0   0   0   0   0   0   0   0   0   2  0.72 0.14
  458 C    -1  -4  -4  -4  10  -4  -5  -4  -4  -2  -2  -4  -2  -3  -4  -2  -2  -3  -3  -2    0   0   0   0  97   0   0   0   0   0   0   0   0   0   0   0   0   0   0   0  2.11 0.21
  459 A     5  -2  -2  -3  -1  -2  -2  -1  -2  -2  -2  -1  -2  -3  -2   0  -1  -3  -3  -1   97   0   0   0   0   0   0   0   0   0   0   0   0   0   0   0   0   0   0   0  0.75 0.14
  460 A     5  -2  -2  -2  -1  -2  -2  -1  -2  -2  -2  -1  -2  -3  -2   0   0  -3  -3  -1   95   0   0   0   0   0   0   0   0   0   0   0   0   0   0   0   2   0   0   0  0.72 0.14
  461 G    -1  -3  -1  -2  -3  -3  -3   7  -3  -4  -4  -2  -3  -4  -3  -1  -2  -3  -4  -4    0   0   0   0   0   0   0  97   0   0   0   0   0   0   0   0   0   0   0   0  1.35 0.14
  462 G    -1  -3  -1  -2  -3  -3  -3   7  -3  -4  -4  -2  -3  -4  -3  -1  -2  -3  -4  -4    0   0   0   0   0   0   0  97   0   0   0   0   0   0   0   0   0   0   0   0  1.35 0.14
  463 Q    -2   0  -1  -1  -3   6   1  -3   1  -1   0   0  -1  -3  -2  -1  -2  -3  -2  -2    0   0   0   0   0  77   0   0   4   3  13   0   0   0   0   0   0   0   0   0  0.74 0.15
  464 G    -1  -3  -1  -2  -3  -3  -3   7  -3  -5  -4  -2  -4  -4  -3  -1  -2  -3  -4  -4    0   0   0   0   0   0   0 100   0   0   0   0   0   0   0   0   0   0   0   0  1.42 0.15
  465 H    -2  -2  -1  -2  -3  -1  -1  -3   9  -1  -2  -2  -2  -1  -3  -2  -2  -3   0   2    0   0   0   0   0   0   0   0  73   0   0   0   0   1   0   0   0   0   0  25  1.03 0.16
  466 A     4  -2  -2  -2  -1  -2  -2   3  -2  -2  -3  -2  -2  -3  -2   0  -1  -3  -3  -1   73   0   0   0   0   0   0  26   0   0   0   0   0   0   0   0   0   0   0   1  0.61 0.11
  467 M    -2  -3  -3  -4  -1  -2  -3  -4  -3   1   1  -3   9  -1  -4  -3  -2  -3  -2   0    0   0   0   0   1   0   0   0   0   2   0   0  96   0   0   0   0   0   0   0  1.18 0.21
  468 I    -2  -3  -4  -4  -2  -3  -4  -4  -4   5   2  -3   1  -1  -3  -3  -1  -3  -2   3    0   0   0   0   0   0   0   0   0  58  21   0   0   0   0   0   0   0   0  21  0.53 0.09
  469 V    -1  -3  -4  -4  -2  -3  -3  -3  -4   3   2  -3   1  -1  -3  -2  -1  -3  -2   4    0   0   0   0   0   0   0   2   0  24  14   0   1   0   0   0   0   0   0  59  0.47 0.09
  470 E    -2  -1  -1   1  -5   1   6  -3  -1  -4  -4   0  -3  -4  -2  -1  -2  -4  -3  -3    0   0   0   0   0   0 100   0   0   0   0   0   0   0   0   0   0   0   0   0  1.18 0.17
  471 A     3   4  -1  -2  -2   0  -1  -2   0  -2   0   1  -1  -2  -2   0   0  -3  -2  -1   38  42   0   0   0   0   0   0   2   0  11   2   0   0   0   0   5   0   0   0  0.35 0.08
  472 Y    -3  -2  -2  -4  -2  -2  -2  -4   5  -3  -2  -3  -2   2  -4  -2  -3   1   8  -2    0   0   0   0   0   0   0   0  21   0   0   0   0   0   0   0   0   0  78   0  1.28 0.17
  473 P    -2  -3  -3  -3  -4  -2  -2  -3  -3  -4  -3  -2  -3  -5   8  -2  -2  -5  -4  -3    0   0   0   0   0   0   0   0   0   0   2   0   0   0  97   0   0   0   0   0  2.31 0.18
  474 K    -1   1   0  -1  -4   6   2  -2   0  -3  -3   3  -1  -4  -2  -1  -1  -3  -2  -3    0   0   0   0   0  68   7   0   0   0   0  26   0   0   0   0   0   0   0   0  0.70 0.08

                      K         Lambda
Standard Ungapped    0.1321     0.3183
Standard Gapped      0.0517     0.2670
PSI Ungapped         0.1690     0.3183
PSI Gapped           0.0517     0.2670
