
Last position-specific scoring matrix computed, weighted observed percentages rounded down, information per position, and relative weight of gapless real matches to pseudocounts
            A   R   N   D   C   Q   E   G   H   I   L   K   M   F   P   S   T   W   Y   V   A   R   N   D   C   Q   E   G   H   I   L   K   M   F   P   S   T   W   Y   V
    1 M    -3  -3  -4  -5  -4  -2  -4  -5  -4  -1   0  -3  10  -2  -5  -4  -3  -4  -3  -1    0   0   0   0   0   0   0   0   0   0   0   0 100   0   0   0   0   0   0   0  2.08 0.41
    2 G    -1   1  -1  -2  -4  -1  -2   6  -3  -5  -5   1  -4  -4  -3  -1  -2  -4  -4  -4    0   8   1   1   0   1   0  75   0   0   0  11   0   0   0   1   1   0   0   0  1.08 0.21
    3 K    -2   3  -2  -2  -5   0  -1  -3  -2  -4  -4   7  -2  -5  -3  -2  -2  -5  -3  -4    0  11   0   0   0   1   0   0   0   0   0  88   1   0   0   0   0   0   0   0  1.24 0.28
    4 V     1  -3  -3  -4  -2  -3  -3  -3  -4   2   0  -2   0  -1  -1  -2  -1  -4  -2   5   10   0   0   0   0   0   0   1   0   3   5   3   1   1   2   0   2   0   0  71  0.57 0.18
    5 A     4  -2  -2  -3   2  -2  -1  -1  -2  -1  -1  -2   0  -2  -2   0   1  -3  -2   2   51   0   0   0   5   0   2   3   1   1   3   1   2   1   0   2  12   0   0  16  0.34 0.13
    6 V     1  -3  -3   0  -2  -3  -3  -3  -4   2   0  -3   1  -2  -3  -2  -1  -4  -2   5   10   0   0   7   0   0   0   1   0   3   2   0   2   1   0   0   1   0   0  71  0.56 0.18
    7 G     1  -2  -2  -2   2  -2  -3   5  -3  -2  -2  -2  -2  -3  -2  -1   1  -3  -3  -1    9   1   0   0   7   0   1  60   0   1   3   0   0   0   1   0  10   0   0   6  0.69 0.15
    8 A     4  -2  -2  -3  -2   0  -2  -1  -2   0  -1  -2  -1  -3  -2   0   1  -4  -3   2   52   0   0   0   0   6   0   2   1   3   4   0   0   0   0   1  10   0   0  22  0.37 0.15
    9 T     4  -2  -2  -3  -2  -2  -1  -1  -2  -2  -2   0  -2  -3  -2   0   2  -3  -1   0   61   0   0   0   0   0   2   2   0   0   0   7   0   0   0   2  19   0   3   3  0.49 0.17
   10 V     0  -3  -4  -4   0  -3  -3  -4  -4   2   0  -3   1  -1  -3  -2  -1  -3   1   5    5   1   0   0   2   0   1   0   0  11   1   0   2   0   0   3   0   0   5  69  0.60 0.18
   11 V     1  -3  -4  -3  -2  -3  -3  -3  -4   4   0  -3   0  -2  -3  -2   0  -4  -2   5   15   0   0   1   0   0   0   0   0  25   2   0   0   0   1   0   4   0   0  54  0.55 0.17
   12 C     0   0  -3  -3   9  -3  -4   2  -4  -3  -2  -3  -3  -2  -4   0  -2  -4  -4  -1    5   7   0   1  56   0   0  19   0   0   1   0   0   1   0   6   1   0   0   3  1.13 0.23
   13 T     5  -3  -2  -3  -2  -2  -2   2  -3  -2  -3  -2  -2  -3  -2   0   0  -4  -3   0   73   0   0   0   0   0   0  12   0   0   0   0   0   1   0   3   6   0   0   5  0.68 0.20
   14 A     5  -3  -3  -2   0  -2  -2  -1  -3  -1  -2  -2  -1  -2  -2   0   1  -4  -3   0   77   0   0   1   1   0   0   1   0   1   0   0   1   2   1   0   7   0   0   7  0.68 0.21
   15 A     5  -2  -2  -2  -1  -2   0  -1  -3  -2  -2  -2  -1  -3  -2   0   2  -4  -3   0   67   0   0   1   0   0   6   1   0   0   0   0   1   0   0   0  17   0   0   7  0.58 0.19
   16 V     3  -3  -3  -4  -1  -3  -3  -2  -4   1  -1  -3  -1  -2  -2  -1   0  -4  -3   5   31   0   0   0   0   0   0   1   0   3   0   0   0   0   1   1   3   0   0  59  0.56 0.18
   17 C     0  -3  -4  -5  10  -4  -4  -3  -4  -2  -3  -4  -3  -4  -4  -1  -2  -4  -4   1    6   1   0   0  74   0   1   2   0   1   0   0   0   0   0   3   1   0   0  11  1.72 0.29
   18 A     5  -3  -3  -3  -2  -2  -2   1  -3  -2  -2  -2  -1  -3  -2   0   0  -4  -3   0   79   0   0   0   0   1   0   6   0   0   2   0   1   0   1   0   3   0   0   6  0.72 0.21
   19 V     4  -3  -3  -3  -2  -2  -2   0  -3   0  -1  -2  -1  -3  -1   0   0  -4  -3   2   55   0   0   0   0   0   2   5   0   2   3   0   1   0   2   0   5   0   0  25  0.42 0.15
   20 A     6  -3  -3  -3  -2  -2  -2  -1  -3  -2  -3  -2  -2  -3  -2   0   0  -4  -3   0   84   0   0   1   0   1   0   2   0   0   0   0   0   1   0   2   5   0   0   4  0.83 0.23
   21 V     4  -2  -2  -3  -2  -2  -2  -1  -3  -1  -2  -1  -1  -3  -2   0   1  -4  -3   2   57   0   0   0   0   0   0   1   0   1   0   3   0   0   0   4  11   0   0  22  0.46 0.16
   22 L    -1  -3  -4  -4  -2  -3  -4  -4  -2   1   4  -3   1   0  -3  -3  -2  -2   1   2    2   0   0   0   0   1   0   0   1   1  67   0   0   3   0   0   0   0   4  18  0.60 0.17
   23 V    -1  -3  -4  -4  -2  -3  -3  -4  -4   4   1  -3   1  -1  -3  -2   0  -3  -2   4    3   0   0   0   0   0   0   0   0  27  12   1   3   1   0   0   4   0   0  47  0.53 0.15
   24 V    -1  -3  -4  -4  -2  -2  -1  -3  -2   2   0  -3   3  -1  -3  -2  -1  -4  -2   5    4   0   0   0   0   1   6   1   1   6   4   0   9   1   0   1   1   0   0  66  0.56 0.18
   25 R    -2   6   0  -3  -4   0  -1  -2   2  -4  -4   2  -3  -4  -3   0   0  -4  -3  -4    0  66   4   0   0   2   0   1   5   0   0   9   0   0   0   6   5   0   0   0  0.95 0.24
   26 R    -3   5   0  -3  -4   3  -1  -4   8  -5  -4   0  -2  -3  -4  -2  -3  -4   0  -4    0  37   2   0   0  13   0   0  41   0   0   2   0   0   0   0   0   0   2   0  1.12 0.27
   27 R    -3   7  -2  -3  -4   1  -1  -3   1  -4  -3   2  -3  -4  -4  -2  -2  -4  -1  -4    0  78   0   0   0   5   1   1   4   0   2   6   0   0   0   0   1   0   2   0  1.26 0.29
   28 M    -2  -1  -4  -4  -3  -2  -4  -4  -3   1   1  -2   9  -2  -4  -2  -2  -4  -3   0    1   2   0   0   0   1   0   1   0   5   8   2  71   0   0   2   1   0   0   5  1.22 0.33
   29 Q    -2   5  -2  -2  -5   2   0  -2  -2  -3  -3   5  -2  -4  -3  -1  -1  -4  -3  -4    1  41   0   0   0   6   4   2   0   1   1  40   0   0   0   1   2   0   0   0  0.84 0.23
   30 S     0   0   2  -1   2   0   1  -1  -2  -2  -3   2  -2  -4  -2   4   0  -4  -3  -2    4   5  14   1   4   1   8   3   0   2   0  15   1   0   0  40   1   0   0   3  0.36 0.15
   31 S     2   1   0  -1   1  -1  -1  -1  -2  -3  -3  -1  -3  -4  -2   5   0  -2  -2  -2   14   7   2   3   3   0   1   2   0   1   1   0   0   0   0  58   2   0   1   2  0.52 0.20
   32 G     0   0   0  -1  -3  -1   0   5  -2  -4  -4   0  -3  -4  -2   1  -2  -4  -4  -3    6   7   4   2   0   0   8  54   0   0   0   7   0   0   1   8   1   0   0   2  0.62 0.16
   33 K    -2   5  -1  -1  -4   2   0  -3  -1  -4  -3   4  -2  -4  -2  -1  -1  -3  -2  -4    1  42   2   1   0   9   4   1   1   0   1  34   0   0   1   1   3   0   0   0  0.77 0.21
   34 W    -4   0  -5  -6   1  -4  -4  -5  -4  -4  -3  -1  -3  -2  -6  -4  -4  12   0  -3    1   5   0   0   3   0   0   0   0   0   2   4   0   0   0   1   0  80   1   1  2.92 0.46
   35 G     4   0   0  -2   0  -1   0   2  -2  -2  -3  -1  -2  -3  -2   1   0  -4  -2  -1   49   4   3   1   1   0   5  15   1   0   0   3   0   0   0   9   4   0   0   5  0.37 0.15
   36 R    -2   6  -2  -2  -4   0  -1  -3   0  -4  -4   5  -2  -4  -2  -2  -1  -4  -3  -3    1  49   0   1   0   2   1   0   2   0   0  38   1   0   1   0   3   0   0   1  0.93 0.25
   37 V     5  -3  -3  -3   0  -3  -3  -1  -3  -2  -3  -2  -2  -4  -2   0   0  -4  -3   2   74   0   0   0   2   0   0   1   0   0   0   0   0   0   0   3   4   0   0  16  0.79 0.26
   38 L     1   0  -2  -2  -2  -1   1  -1  -3   1   1  -1   6  -2  -3  -1  -1  -3  -2   1   12   6   0   1   0   1  12   4   0   5   8   2  36   0   0   1   3   0   1   7  0.31 0.17
   39 A     4  -1  -1   0  -1   0   2   0  -2  -3  -3   0  -2  -4  -2   1  -1  -4  -3  -2   48   2   1   5   1   2  16   4   0   0   0   4   0   0   0  12   2   0   0   1  0.41 0.17
   40 I    -3  -5  -5  -5  -3  -4  -5  -5  -5   6   1  -4   2  -1  -5  -4  -2  -4  -3   3    0   0   0   0   0   0   0   0   0  75   4   0   4   1   0   0   0   0   0  17  1.12 0.29
   41 L    -2  -4  -5  -5  -3  -4  -4  -5  -4   2   4  -4   1   0  -4  -3  -2  -3  -2   3    1   0   0   0   0   0   0   0   0   5  60   0   1   4   0   1   0   0   0  29  0.73 0.21
   42 K    -1   4  -1  -1  -3   1   1  -2  -2  -4  -3   5  -2  -4  -3  -1  -2  -3  -3  -3    5  24   1   1   0   3   6   1   0   0   2  51   0   0   0   1   1   0   0   1  0.70 0.22
   43 A    -2  -2  -2   3  -5   0   6  -3  -2  -5  -5  -1  -4  -5  -3  -2  -3  -5  -4  -2    1   0   0  17   0   1  76   2   0   0   0   0   0   0   0   0   0   0   0   3  1.25 0.32
   44 F    -3  -4  -5  -5  -4  -4  -5  -5  -3   0   3  -5   0   7  -5  -4  -3  -1   0   0    0   0   0   0   0   0   0   0   0   1  36   0   2  56   0   0   0   0   0   5  1.11 0.27
   45 E    -3   1  -1   1  -5   3   6  -3  -1  -5  -5   0  -4  -5  -3  -2  -3  -5  -4  -4    0   8   1   4   0  10  73   1   0   0   0   3   0   0   0   0   0   0   0   0  1.16 0.30
   46 E    -2   0  -1   2  -5   0   6  -3  -1  -4  -5   0  -4  -5  -3  -1  -2  -5  -4  -4    1   3   1  12   0   1  73   1   1   0   0   4   0   0   0   2   1   0   0   0  1.10 0.29
   47 D     0   2  -1  -1  -4   3   1  -2  -1  -4  -4   5   0  -4  -3  -1  -1  -4  -3  -3    6  10   2   3   0  13   4   1   0   0   0  54   3   0   0   2   1   0   0   0  0.66 0.21
   48 C    -3  -4  -5  -6  11  -5  -6  -5  -5  -4  -2  -5  -3  -2  -5  -1  -3  -5  -5  -3    0   1   0   0  91   0   0   0   0   0   2   0   0   2   0   4   0   0   0   0  2.76 0.48
   49 A     4  -2  -2   0  -2  -2   0   3  -3  -3  -3  -1  -3  -4  -2   1  -1  -1  -3  -2   51   1   0   5   0   0   7  25   0   0   0   3   0   0   0   5   1   1   0   1  0.54 0.19
   50 T     1  -3  -2  -3  -3  -3  -3  -3  -4  -2  -3  -3  -1  -4  -3   0   7  -5  -4  -1   10   0   0   0   0   0   0   0   0   0   1   0   1   0   0   1  85   0   0   1  1.25 0.36
   51 P    -3  -4  -4  -3  -5  -1  -3  -4  -3  -5  -5  -3  -5  -6   8   0  -2  -6  -5  -5    0   0   0   0   0   2   0   0   0   0   1   0   0   0  89   6   1   0   0   0  2.41 0.42
   52 I     1  -3  -2  -1  -2  -2  -1  -3  -3   4   1  -3   0  -2  -1  -1   1  -4  -2   2   12   0   1   4   0   0   3   0   0  37  11   0   0   0   2   2  12   0   0  15  0.28 0.13
   53 S     2  -2  -2  -1  -3  -1   1   4  -2  -3  -3  -2  -2  -2   0   2  -1   2  -3  -2   23   1   0   0   0   2  13  34   0   0   0   0   1   1   3  16   1   3   0   1  0.43 0.15
   54 K    -3   4  -2  -3  -5   0  -1  -3  -2  -4  -1   6  -2  -4  -3  -2  -2  -5  -3  -4    0  18   1   0   0   1   0   0   0   0   8  70   1   0   0   0   0   0   0   0  1.02 0.29
   55 L    -3  -4  -5  -6  -3  -4  -5  -6  -5   0   6  -4   0  -1  -5  -4  -3  -4  -3  -1    0   0   0   0   0   0   0   0   0   0  99   0   0   0   0   0   0   0   0   0  1.34 0.33
   56 R    -3   6  -1  -2  -4   0  -1  -3  -1  -5  -3   4  -3  -4  -3  -2  -2  -2  -3  -4    0  63   2   2   0   2   0   1   1   0   1  26   0   0   0   0   1   1   0   0  1.10 0.28
   57 Q    -3  -1  -2   0  -5   7   1  -2   1  -4  -2   0  -2  -5  -3  -2  -3  -4  -3  -4    0   1   0   3   0  76   6   3   3   0   5   1   0   0   0   1   0   0   0   0  1.25 0.35
   58 V    -2  -4  -5  -5  -3  -4  -4  -5  -5   3   0  -4   0  -2  -4  -4  -2  -5  -3   6    0   0   0   0   0   0   0   0   0  13   3   0   0   0   0   0   0   0   0  83  1.16 0.31
   59 A     6  -3  -3  -3  -2  -3  -3  -1  -4  -3  -3  -3  -3  -4  -3   0  -1  -4  -4   0   86   0   0   0   0   0   0   2   0   0   0   0   0   0   0   4   1   0   0   7  1.04 0.31
   60 D    -2  -3   0   7  -5  -1   1  -3  -3  -5  -5  -2  -5  -5  -3  -1  -2  -6  -5  -5    3   0   2  85   0   1   5   0   0   0   0   0   0   0   0   3   1   0   0   0  1.59 0.35
   61 A     6  -3  -3  -1  -2  -3  -2  -2  -4  -3  -3  -3  -3  -4  -2   0  -2  -5  -4  -2   94   0   0   3   0   0   1   0   0   0   0   0   0   0   0   1   0   0   0   0  1.22 0.35
   62 M    -3  -4  -5  -6  -4  -3  -5  -5  -4  -1   1  -4  10  -2  -5  -4  -3  -3  -3  -1    0   0   0   0   0   0   0   0   0   0   4   0  95   0   0   0   0   0   0   0  2.24 0.49
   63 T     2  -2  -1  -1  -2  -2  -1  -3  -3  -1  -2  -1   0  -3  -3   0   5  -4  -3   1   21   1   2   3   0   0   4   0   0   2   1   1   2   0   0   2  50   0   0  12  0.49 0.20
   64 V     1  -3  -4  -2  -2  -3  -2  -3  -1   1  -1  -2   0  -2  -4  -2  -1  -4  -3   6   12   0   0   2   0   0   3   1   2   1   0   1   1   1   0   1   2   0   0  72  0.66 0.24
   65 E    -3  -2  -2   0  -6   0   7  -4  -2  -5  -5  -1  -4  -5  -3  -2  -3  -5  -4  -5    0   0   0   0   0   0  99   0   0   0   0   0   0   0   0   0   0   0   0   0  1.78 0.41
   66 M    -3  -4  -5  -6  -4  -3  -5  -5  -4  -1   0  -4  10  -2  -5  -4  -3  -4  -4  -2    0   0   0   0   0   0   0   0   0   0   1   0  99   0   0   0   0   0   0   0  2.43 0.52
   67 H    -3   1   0  -3  -3  -1   0  -2  10  -5  -5  -2  -4  -4  -4  -3  -4  -5  -1  -5    2   8   3   0   1   1   4   2  79   0   0   0   0   0   0   0   0   0   0   0  1.89 0.40
   68 A     6  -1  -3  -3  -2  -2  -2  -2  -3  -3  -3  -1  -3  -4  -3  -1  -2  -5  -4  -2   93   3   0   0   0   0   0   0   0   0   0   2   0   0   0   0   0   0   0   1  1.16 0.33
   69 G    -2  -4  -2  -3  -5  -4  -4   7  -4  -6  -6  -4  -5  -5  -4  -2  -4  -5  -5  -5    0   0   0   0   0   0   0 100   0   0   0   0   0   0   0   0   0   0   0   0  1.98 0.37
   70 L    -3  -4  -5  -6  -3  -4  -5  -6  -5   0   6  -4   0  -1  -5  -4  -3  -4  -3  -1    0   0   0   0   0   0   0   0   0   0 100   0   0   0   0   0   0   0   0   0  1.34 0.33
   71 A     6  -1  -3  -2  -2  -2   0  -2  -2  -3  -3  -2  -3  -4  -3  -1  -2  -4  -3  -1   84   3   0   2   0   0   5   0   1   0   0   0   0   0   0   0   0   0   0   4  0.92 0.29
   72 S     0  -3  -1  -1  -2  -2  -1  -1  -2  -4  -4  -1  -3  -4  -2   6   0  -5  -4  -3    3   0   0   1   0   0   2   2   0   1   0   2   0   0   1  86   0   0   0   0  1.07 0.33
   73 D    -2  -2  -2   3  -6   0   7  -4  -2  -5  -5  -1  -4  -5  -3  -2  -3  -5  -4  -5    1   0   0  17   0   1  81   0   0   0   0   0   0   0   0   0   0   0   0   0  1.43 0.34
   74 G    -1  -4  -2   0  -4  -3  -3   7  -4  -3  -5  -3  -4  -5  -2   0  -3  -4  -5  -5    1   0   1   4   0   0   0  86   0   2   0   0   0   0   1   4   0   0   0   0  1.45 0.30
   75 G     0  -4  -2  -1  -3  -3  -3   7   1  -5  -5  -3  -4  -5  -4  -2  -3  -4  -4  -4    5   0   0   2   0   0   1  87   4   0   0   0   0   0   0   0   0   0   0   0  1.51 0.31
   76 S     0  -2  -1  -2  -2  -1  -2  -2  -3  -4  -4  -2  -3  -4  -3   6   0  -5  -4  -3    3   0   1   1   0   2   0   1   0   0   0   0   0   0   0  91   2   0   0   0  1.22 0.36
   77 K    -2   2  -1  -2  -4   0  -1  -3  -2  -4  -3   6  -1  -5  -2   0   0  -5  -3  -3    0   8   1   1   0   1   1   0   1   0   1  75   1   0   1   4   5   0   0   0  0.97 0.28
   78 L    -3  -4  -5  -5  -3  -4  -5  -5  -5   1   6  -4   1  -1  -5  -3  -3  -3  -3   1    0   0   0   0   0   0   0   0   0   2  90   0   0   0   0   2   0   0   0   5  1.09 0.28
   79 K    -3   1   0  -2  -5   0  -1  -1  -2  -5  -4   7  -3  -5  -3  -2  -2  -5  -4  -4    0   3   4   0   0   2   0   3   0   0   0  87   0   0   0   0   0   0   0   0  1.30 0.34
   80 M    -3  -4  -4  -6  -1  -3  -5  -5  -4  -1   0  -4  10  -2  -5  -4  -3  -3  -3  -2    0   0   0   0   2   0   0   0   0   0   0   0  97   0   0   0   0   0   0   0  2.31 0.51
   81 L    -3  -4  -5  -5  -3  -4  -4  -5  -3   3   5  -4   1  -1  -4  -4  -3  -3  -3   0    0   0   0   0   0   0   1   0   1  15  82   0   0   0   0   0   0   0   0   1  1.00 0.27
   82 I    -3  -4   0  -4  -3  -4  -4  -5  -4   6   1  -4   1  -2   0  -3  -2  -4  -3   2    0   0   7   0   0   0   0   0   0  70   9   0   2   0   5   0   0   0   0   6  0.83 0.25
   83 S    -1  -3  -1  -2  -3  -2  -2  -2  -3  -4  -4  -2  -3  -4  -3   6   3  -5  -4  -3    0   0   0   0   0   0   0   0   0   0   0   0   0   0   0  83  17   0   0   0  1.18 0.35
   84 Y    -4  -3  -4  -5  -3  -4  -4  -5   2  -2  -3  -4  -3   4  -5  -2  -4   0   9  -3    0   1   0   0   1   0   0   0   4   1   0   0   0  14   0   3   0   0  77   0  1.77 0.38
   85 V    -2  -5  -5  -5  -3  -4  -5  -5  -5   2  -1  -4  -1  -2  -4  -3  -2  -5  -3   7    0   0   0   0   0   0   0   0   0   5   0   0   0   0   0   0   0   0   0  94  1.35 0.35
   86 D    -3  -3   0   7  -5  -1   0  -3   1  -5  -6  -2  -5  -5  -3  -1  -3  -6  -4  -5    0   0   2  87   0   1   1   0   4   0   0   1   0   0   0   3   0   0   0   0  1.65 0.35
   87 N    -3  -1   7  -1  -3   0  -2  -2   1  -5  -5   1  -4  -5  -4   1  -1  -5  -4  -4    0   2  73   0   0   2   0   0   2   0   0   8   0   0   0   9   1   0   0   1  1.22 0.31
   88 L    -3  -4  -5  -6  -3  -4  -5  -6  -5   0   6  -4   0  -1  -5  -4  -3  -4  -3  -1    0   0   0   0   0   0   0   0   0   1  99   0   0   0   0   0   0   0   0   0  1.32 0.33
   89 P    -3  -5  -4  -4  -5  -4  -3  -5  -5  -5  -5  -3  -5  -5   9  -3  -3  -6  -5  -3    0   0   0   0   0   0   0   0   0   0   0   0   0   1  98   0   0   0   0   1  2.78 0.46
   90 S    -2  -3   0  -1  -3  -2  -2  -3  -2  -3  -3  -2  -1  -4  -3   2   6  -4  -3  -2    0   0   4   2   0   0   1   0   0   0   0   1   1   0   0  15  76   0   0   0  1.08 0.32
   91 G    -2  -2  -2  -3  -4  -4  -4   7  -4  -6  -6  -3  -5  -5  -4  -2  -3  -4  -4  -5    0   2   0   0   0   0   0  97   0   0   0   0   0   0   0   0   0   0   0   0  1.83 0.35
   92 D    -3  -1   3   6  -5  -1   0  -2  -1  -3  -5  -1  -4  -5  -3   0  -2  -5  -2  -4    1   3  14  66   0   1   3   2   1   1   0   1   0   0   0   5   0   0   1   0  1.07 0.26
   93 E    -3  -2  -2   0  -6   0   7  -4  -2  -6  -5  -1  -4  -6  -3  -2  -3  -5  -4  -5    0   0   0   0   0   0  99   0   0   0   0   1   0   0   0   0   0   0   0   0  1.80 0.42
   94 K    -2   1   0   0  -4   1   3  -3   5  -4  -3   5  -3  -4  -3  -1  -1  -4  -2  -4    1   3   3   3   0   6  21   0  16   0   1  43   0   0   0   0   3   0   0   0  0.65 0.21
   95 G    -2  -4  -2  -3  -5  -4  -4   7  -4  -6  -4  -4  -4  -5  -4  -2  -4  -5  -5  -5    0   0   0   0   0   0   0  97   0   0   2   0   0   0   0   0   0   0   0   0  1.86 0.37
   96 L    -2  -3  -5  -5  -3  -2  -4  -5  -4   1   5  -4   1   0  -4  -3  -2   0  -2   2    1   0   0   0   0   2   0   0   0   5  73   0   1   3   0   0   0   1   0  13  0.77 0.23
   97 F    -4  -2  -5  -6  -5  -5  -5  -5  -3  -2  -2  -5  -2   8  -6  -4  -4  -1   4  -3    0   2   0   0   0   0   0   0   0   0   0   0   0  84   0   0   0   0  14   0  1.85 0.38
   98 Y    -4  -4  -5  -6  -5  -4  -5  -6  -1  -4  -2  -4  -3   1  -5  -4  -4   0   9  -4    0   0   0   0   0   0   0   0   0   0   2   0   0   0   0   0   0   0  98   0  2.44 0.49
   99 A     6  -3  -3  -4  -2  -3  -3   0  -4  -3  -3  -3  -3  -4  -3   0  -2  -5  -4  -2   92   0   0   0   0   0   0   5   0   0   0   0   0   0   0   3   0   0   0   0  1.21 0.34
  100 L    -3  -4  -5  -5  -3  -4  -5  -5  -5   0   6  -4   0  -1  -5  -3  -3  -4  -3   0    0   0   0   0   0   0   0   0   0   0  95   0   0   0   0   2   0   0   0   3  1.19 0.31
  101 D    -4  -4  -1   8  -6  -2   0  -4  -3  -5  -6  -1  -5  -6  -4  -2  -3  -7  -5  -5    0   0   0  98   0   0   0   0   0   0   0   2   0   0   0   0   0   0   0   0  2.03 0.42
  102 L    -2  -4  -5  -6  -3  -4  -5  -5  -5   0   6  -4   0  -1  -5  -4  -3  -3  -3  -1    2   0   0   0   0   0   0   0   0   0  97   0   0   1   0   0   0   0   0   0  1.25 0.32
  103 G    -1  -4  -2  -3   0  -4  -4   7  -4  -6  -6  -4  -5  -5  -4  -2  -4  -5  -5  -5    1   0   0   0   2   0   0  97   0   0   0   0   0   0   0   0   0   0   0   0  1.87 0.37
  104 G    -2  -4  -2  -3   0  -4  -4   7  -4  -6  -6  -4  -5  -5  -4  -2  -4  -5  -5  -5    0   0   0   0   2   0   0  98   0   0   0   0   0   0   0   0   0   0   0   0  1.90 0.37
  105 T    -2  -3  -2  -3  -3  -3  -3  -4  -4  -3  -3  -3  -3  -4  -1  -1   7  -5  -4  -2    0   0   0   0   0   0   0   0   0   0   0   0   0   0   2   0  97   0   0   0  1.62 0.42
  106 N    -2  -2   8  -1  -5  -2  -2  -3  -2  -6  -6  -1  -4  -5  -4  -1  -2  -6  -4  -5    2   0  95   0   0   0   0   0   0   0   0   3   0   0   0   0   0   0   0   0  1.91 0.43
  107 F    -3  -5  -5  -6  -5  -5  -5  -5  -3  -1  -2  -5  -2   9  -6  -5  -4  -1   1  -3    2   0   0   0   0   0   0   0   0   2   0   0   0  96   0   0   0   0   0   0  2.10 0.42
  108 R    -4   8  -3  -4  -1   0  -2  -5  -2  -5  -4   0  -4  -5  -4  -3  -3  -5  -4  -5    0  96   0   0   1   2   0   0   0   0   0   0   0   0   0   0   0   0   0   0  1.89 0.42
  109 V     0  -4  -5  -5  -2  -4  -4  -5  -5   1   0  -4  -1  -3  -4  -3  -1  -5  -3   6    5   0   0   0   0   0   0   0   0   1   3   0   0   0   0   0   2   0   0  89  1.17 0.33
  110 M    -3  -4  -5  -5  -3  -4  -4  -5  -4   1   5  -4   3  -1  -5  -2  -3  -3  -3   0    0   0   0   0   0   0   0   0   0   5  83   0   8   0   0   3   0   0   0   1  1.03 0.29
  111 R    -4   8  -3  -4  -6  -1  -2  -5  -2  -5  -4   1  -4  -5  -3  -3  -3  -5  -4  -5    0  97   0   0   0   0   0   0   0   0   0   2   0   0   1   0   0   0   0   0  1.94 0.43
  112 V    -2  -5  -5  -5  -3  -4  -5  -5  -5   2  -1  -4   0  -3  -4  -4  -1  -5  -3   7    0   0   0   0   0   0   0   0   0   3   2   0   1   0   0   0   1   0   0  93  1.32 0.36
  113 L    -3  -1  -2  -3  -5   7   0  -4   4  -4  -1   0  -2  -4  -4  -2  -3  -4  -3  -3    0   1   0   0   0  72   1   0  12   0   8   4   0   0   0   0   0   0   0   1  1.28 0.37
  114 L    -3  -4  -5  -6  -3  -4  -5  -6  -5   0   6  -4   0   0  -5  -4  -3  -1  -3  -1    1   0   0   0   0   0   0   0   0   0  97   0   0   2   0   0   0   1   0   0  1.28 0.34
  115 G     0  -3  -2  -3  -4  -4  -4   7  -4  -6  -6  -3  -5  -5  -4  -2  -3  -5  -5  -5    4   1   0   0   0   0   0  93   0   0   0   0   0   0   0   1   0   0   0   0  1.75 0.36
  116 G    -2  -2  -2  -3  -5  -3  -3   7  -4  -6  -6  -3  -5  -5  -4  -2  -4  -5  -5  -5    0   3   0   0   0   0   1  96   0   0   0   0   0   0   0   0   0   0   0   0  1.84 0.37
  117 K    -2   3   0  -2  -5   0  -1  -3  -2  -4  -3   6  -3  -4  -2  -2  -1  -4  -3  -3    1  15   3   1   0   1   1   0   0   0   2  71   0   0   1   0   2   0   0   1  0.98 0.29
  118 Q    -2  -1  -1   4  -5   1   5   0  -1  -4  -4   1  -3  -4  -3  -1  -2  -4  -3  -4    0   0   1  24   0   4  52   7   1   0   1   7   0   0   0   1   1   0   1   0  0.81 0.23
  119 E    -1   1   0   0  -3   1   0   4  -1  -4  -3   3  -3  -4  -3   0  -2  -4  -3  -3    2   9   4   5   0   5   3  38   1   0   1  23   0   0   0   7   0   0   0   2  0.47 0.15
  120 R    -2   6  -2  -3  -2  -1  -2   4   2  -4  -4   0  -3  -4  -3  -2  -3  -4  -3  -3    1  51   1   0   1   1   0  36   6   0   1   0   0   0   0   1   0   0   0   1  0.91 0.26
  121 V    -2  -4  -4  -4  -2  -4  -3  -4  -4   4   0  -4  -1  -2  -4  -3  -2  -4  -3   5    1   0   0   0   0   0   1   1   0  28   4   0   0   0   0   0   0   0   0  62  0.83 0.25
  122 V     1  -3  -4  -4  -2  -3  -2  -3  -4   4   0  -2   0  -2  -3  -2  -1  -4  -3   5   10   0   0   0   0   0   2   2   0  24   6   2   1   0   0   0   1   0   0  51  0.55 0.20
  123 K    -2   1   3  -1  -3   0   0  -2   3  -4  -4   5  -3  -3  -3   0  -2  -4  -2  -4    2   5  16   2   0   1   4   1   8   0   0  52   0   1   0   6   1   0   0   0  0.63 0.21
  124 Q    -3   2  -2  -2  -2   7   0  -4   0  -2  -3   1  -2  -5  -2  -2  -2  -4  -3  -3    0   8   0   0   1  74   1   0   2   2   1   6   0   0   1   1   1   0   0   1  1.23 0.35
  125 E    -3  -2  -2   1  -5   2   7  -4  -2  -5  -5  -1  -4  -5  -3  -2  -2  -5  -4  -4    0   0   0   3   0   6  88   0   0   0   0   0   0   0   0   0   1   0   0   0  1.51 0.37
  126 F    -1  -3  -3  -4  -1  -3  -3  -3  -1  -2  -2  -3  -2   7  -3   2  -2  -1   3  -1    4   0   0   0   1   0   0   1   1   0   1   0   0  55   1  21   1   0  10   3  0.86 0.26
  127 E     1   1  -1   0  -3   1   4  -3  -1  -3  -3   2  -2  -4  -1  -1   2  -4  -3  -1   13   5   1   3   0   3  38   0   0   1   1  11   0   0   1   0  19   0   0   3  0.42 0.17
  128 E    -2  -1  -2   0  -5   0   7  -1  -2  -5  -5  -1  -4  -5  -3  -2  -2  -5  -4  -4    1   1   0   0   0   1  89   4   0   0   0   1   0   0   0   0   1   0   0   1  1.46 0.37
  129 V     0  -4  -4  -5  -2  -4  -4  -4  -5   1  -1  -4  -1  -2  -4  -3  -2  -4  -3   6    7   0   0   0   0   0   0   0   0   3   2   0   0   0   0   0   1   0   0  85  1.07 0.31
  130 S     1  -3  -1  -2  -3  -2  -2  -2  -3  -4  -4  -2  -3  -4   1   6   0  -5  -4  -3    6   0   0   0   0   0   0   0   0   0   1   0   0   0   5  83   3   0   0   0  1.09 0.34
  131 I    -3  -5  -5  -5  -3  -5  -5  -6  -5   7   0  -5  -1  -2  -5  -3  -3  -5  -3   1    0   0   0   0   0   0   0   0   0  97   0   0   0   0   0   1   0   0   0   0  1.56 0.38
  132 P    -3  -4  -4  -4  -5  -4  -3  -4  -4  -5  -5  -3  -5  -6   9  -3  -3  -6  -5  -5    0   0   0   0   0   0   0   0   0   0   0   0   0   0  98   0   0   0   0   0  2.79 0.47
  133 P    -1  -1  -3  -3  -4   1  -2  -4   0  -3  -4  -2  -3  -5   8  -1  -2  -5  -4  -4    3   3   0   0   0   8   1   0   2   1   1   1   1   0  73   3   1   0   0   0  1.74 0.34
  134 H    -2  -1   3   0  -4   1   2  -3   8  -5  -4  -1  -3  -3  -2   0  -2  -4  -1  -4    3   1  13   3   0   5  15   0  49   0   0   2   0   0   1   6   0   0   0   0  0.98 0.27
  135 L    -3  -3  -5  -5  -2  -4  -4  -5  -4   0   6  -4   2   0  -4  -4  -3  -3  -2   0    0   1   0   0   1   0   0   0   0   1  88   0   3   2   0   0   0   0   0   3  1.07 0.29
  136 M    -3  -4  -4  -5  -4  -3  -4  -5  -4  -1   0  -4  10  -2  -5  -4  -3  -4  -3  -2    0   0   0   0   0   0   0   0   0   1   0   0  96   1   0   0   0   0   0   0  2.25 0.50
  137 T     0  -3  -2  -3  -1  -2  -3  -3  -3   2   0  -2  -1  -1  -3   1   4  -4  -2   3    4   0   0   1   1   0   0   1   0   9   4   0   0   2   0  12  34   0   0  32  0.40 0.17
  138 G     1  -2  -2  -3  -4  -3  -3   6  -3  -5  -5  -2  -4  -4  -3   0  -3  -4  -4  -4    9   2   0   0   0   0   1  80   0   0   0   1   0   0   0   5   0   0   0   0  1.29 0.28
  139 G    -1  -2   0  -2  -2  -2  -2   1  -3  -3  -3  -1  -2  -4  -2   4   5  -4  -3  -2    2   0   4   0   0   0   0   9   0   0   1   2   0   0   0  34  47   0   0   0  0.67 0.24
  140 S     0  -3   0  -2   2  -2  -2  -1  -3  -4  -4  -2  -3  -4  -1   6   0  -4  -3  -3    4   0   2   0   4   0   1   2   0   0   0   0   0   0   2  82   2   0   0   1  1.01 0.32
  141 D    -1  -2   2   4  -3   1   2  -1   3  -2  -3   0  -1  -3  -2   1  -1  -4  -2  -3    3   0   9  32   0   6  16   4  11   2   0   3   2   0   0  10   2   0   0   1  0.44 0.14
  142 E     2  -2  -2   2  -4   0   5   0  -2  -4  -4  -1  -3  -4  -3  -1  -2  -4  -4  -3   24   0   0   8   0   2  59   6   0   0   0   1   0   0   0   0   0   0   0   0  0.80 0.25
  143 L    -3  -4  -5  -6  -3  -4  -5  -6  -5   0   6  -4   0  -1  -5  -4  -3  -3  -3  -1    0   0   0   0   0   0   0   0   0   0  99   0   0   0   0   0   0   0   0   0  1.32 0.33
  144 F    -4  -5  -5  -6   0  -5  -5  -5  -3  -2  -2  -5  -2   9  -6  -5  -4  -1   1  -3    0   0   0   0   3   0   0   0   0   0   0   0   0  96   0   0   0   0   0   0  2.10 0.42
  145 N    -3  -3   1   7  -4  -2   1   0  -2  -5  -6  -2  -5  -5  -3  -2  -3  -6  -5  -5    0   0   4  83   0   0   3   8   1   0   0   0   0   0   0   0   0   0   0   0  1.54 0.34
  146 F    -4  -4  -4  -5  -4  -4  -5  -5  -2  -2  -2  -5  -2   8  -5  -4  -4   0   6  -3    0   0   0   0   0   0   0   0   0   0   0   0   0  67   0   0   0   0  32   0  1.73 0.36
  147 I    -3  -5  -5  -5  -3  -5  -5  -6  -5   7   0  -5   0  -2  -5  -4  -3  -5  -3   1    0   0   0   0   0   0   0   0   0  96   1   0   0   0   0   0   0   0   0   2  1.53 0.37
  148 A     6  -3  -3  -4  -2  -3  -3  -2  -4  -3  -3  -3  -3  -4  -3  -1  -1  -5  -4  -1   94   0   0   0   0   0   0   0   0   0   0   0   0   0   0   0   2   0   0   4  1.23 0.35
  149 E     3  -1  -1  -1  -2   0   2   0  -2  -2  -2   2  -2  -4  -2   2   1  -4  -3  -2   33   0   0   2   0   1  18   4   0   1   2  13   1   0   0  15  10   0   0   0  0.33 0.15
  150 A     3  -1  -2  -1  -3   0   5  -2  -2  -4  -4   1  -3  -4  -2   0  -1  -4  -3  -2   35   0   0   0   0   0  49   0   0   0   0   9   0   0   0   4   1   0   0   1  0.71 0.24
  151 L    -3  -4  -5  -6  -3  -4  -5  -6  -5   0   6  -4   0  -1  -5  -4  -3  -4  -3   0    0   0   0   0   0   0   0   0   0   0  97   0   0   0   0   0   0   0   0   3  1.28 0.32
  152 A     6  -3  -3  -3  -2  -2  -2  -1  -3  -3  -3  -2  -3  -4  -3   1  -1  -4  -4  -1   86   0   0   0   0   0   2   1   0   0   1   2   0   0   0   5   1   0   0   2  1.02 0.31
  153 K    -2   3   0  -1  -4   0   0  -3  -1  -4  -4   6  -1  -5  -3   0  -1  -5  -3  -4    0  14   4   2   0   1   5   1   0   0   0  64   2   0   0   6   1   0   0   0  0.84 0.25
  154 F    -5  -5  -5  -6  -5  -6  -6  -6  -3  -2  -2  -5  -2   9  -6  -5  -4  -1   1  -3    0   0   0   0   0   0   0   0   0   0   0   0   0  99   0   0   0   0   1   0  2.24 0.44
  155 V    -1  -4  -5  -5  -3  -4  -4  -5  -5   3  -1  -4  -1  -2  -4  -3  -2  -5  -3   6    1   0   0   0   0   0   0   0   0  16   0   0   0   0   0   0   0   0   0  83  1.17 0.32
  156 A     5  -2   0   0  -2  -2   0  -1  -2  -3  -3  -1  -3  -4  -2   1  -1  -4  -3  -2   71   0   4   6   0   0   4   2   1   0   0   1   0   0   0   9   1   0   0   0  0.70 0.25
  157 T    -1   0  -1   1  -2   2   1  -2  -2  -3  -3   0  -2  -4  -2   3   4  -4  -3  -2    2   4   0   7   0  10   8   1   0   0   1   4   0   0   0  22  40   0   0   0  0.47 0.19
  158 E    -3  -2  -2   0  -6   0   7  -4  -2  -5  -5  -1  -4  -5  -3  -2  -3  -5  -4  -5    0   0   0   0   0   0  99   0   0   0   0   0   0   0   0   0   0   0   0   0  1.79 0.42
  159 C    -1  -3  -1  -1  -3  -2   1   6  -3  -5  -5  -2  -4  -5   1   1  -2  -4  -4  -4    0   0   1   3   0   0  11  66   0   0   0   0   0   0   7   9   0   0   0   0  0.96 0.24
  160 E    -2  -1  -1   3  -5   2   6  -3   0  -4  -4   0  -2  -5   0  -1  -2  -4  -3  -3    0   1   1  16   0  11  59   1   2   0   0   3   1   0   3   1   0   0   0   1  0.88 0.25
  161 D    -2  -1   1   5  -1  -1   2   3  -2  -3  -4   0  -4  -4  -3  -1  -2  -5  -4  -4    0   2   5  41   2   0  14  25   0   2   1   6   0   0   0   2   0   0   0   0  0.64 0.19
  162 F    -3  -4  -4  -4   0  -3  -4  -5  -2  -1   0  -4   0   7  -5  -2  -2  -1   3  -2    2   0   0   0   2   1   0   0   1   1   7   0   1  71   0   3   2   0   7   1  1.18 0.29
  163 H    -3   1   0  -2  -3   3   0  -3   8  -4  -3   0  -2   2  -3  -2  -3  -2   0  -3    0   7   3   1   1  14   3   0  52   0   1   4   0   9   0   2   0   0   1   1  0.99 0.27
  164 L    -2  -3  -4  -4  -3   0  -3  -4  -3   2   4  -3   0   0   4  -2  -2  -3  -2   1    1   0   0   0   0   7   0   0   0   9  51   0   0   2  20   1   0   0   0   7  0.56 0.18
  165 P     0  -1  -2  -3  -3  -2  -1  -3   0  -3  -2  -2  -3  -1   7   1  -1  -4  -2  -3    5   2   1   0   0   0   3   1   3   0   5   1   0   3  57  16   1   0   1   1  1.15 0.25
  166 E     0  -3   0   0  -4  -2   1  -2  -2  -3  -4  -2  -3  -4   7  -1  -2  -5  -4  -2   10   0   4   3   0   0  12   2   1   0   0   0   0   1  58   3   1   0   0   4  1.20 0.25
  167 G    -1  -4  -1   0  -3  -3  -3   7  -4  -5  -5  -3  -4  -5  -4  -1  -3  -4  -5  -4    0   0   2   4   0   0   0  88   0   0   0   0   0   0   0   3   0   0   0   1  1.52 0.31
  168 R    -2   6  -1  -3  -1   2  -1  -3  -1  -4  -3   3   0  -4  -3   0   0  -4  -3  -3    0  59   1   0   2   7   0   1   0   0   0  15   3   0   0   6   5   0   0   1  0.85 0.24
  169 Q    -3   1  -1  -2  -5   7   1  -3   0  -5  -4   1  -2  -5  -2  -1  -2  -4  -3  -4    0   6   1   1   0  75   3   1   1   0   1   7   0   0   1   2   1   0   0   0  1.27 0.35
  170 R    -3   8  -2  -4  -6  -1  -2  -4  -2  -5  -4   0  -3  -5  -4  -3  -3  -5  -4  -5    0  97   0   0   0   1   0   0   0   0   0   1   0   0   0   0   0   0   0   0  1.92 0.41
  171 E    -3  -2  -2   0  -6   1   7  -4  -2  -5  -5  -1  -4  -5  -3  -2  -3  -5  -4  -4    0   0   0   2   0   3  94   0   0   0   0   0   0   0   0   0   0   0   0   0  1.64 0.39
  172 L    -3  -4  -5  -5  -3  -4  -5  -5  -5   1   6  -4   1  -1  -5  -4  -3  -3  -3  -1    0   0   0   0   0   0   0   0   0   6  92   0   1   0   0   0   0   0   0   0  1.16 0.30
  173 G    -2  -4  -2  -3  -4  -4  -4   7  -4  -6  -6  -3  -5  -5  -4  -2  -3  -4  -5  -5    0   0   0   0   0   0   0  98   0   0   0   0   0   0   0   1   0   0   0   0  1.90 0.37
  174 F    -4  -5  -5  -6  -5  -5  -5  -5  -3  -1  -2  -5  -2   9  -6  -5  -4  -1   1  -3    0   0   0   0   0   0   0   0   0   1   0   0   0  97   0   0   0   0   0   0  2.14 0.42
  175 T    -2  -3  -2  -3  -3  -3  -3  -4  -1  -3  -3  -3  -3  -4  -3   0   7  -5  -4  -2    0   0   0   0   0   0   0   0   1   0   0   0   0   0   0   3  95   0   0   0  1.54 0.40
  176 F    -4  -5  -5  -6  -5  -5  -5  -5  -3  -2  -1  -5  -2   9  -6  -5  -4  -1   1  -3    0   0   0   0   0   0   0   0   0   0   1   0   0  98   0   0   0   0   0   0  2.15 0.43
  177 S    -1  -3  -1  -2  -3  -2  -2  -2  -3  -4  -4  -2  -3  -4  -3   7  -1  -5  -4  -4    0   0   0   0   0   0   0   0   0   0   1   0   0   0   0  97   0   0   0   0  1.42 0.40
  178 F    -4  -5  -5  -6  -1  -5  -5  -5  -3  -1  -2  -5  -2   9  -6  -4  -4  -1   2  -3    0   0   0   0   1   0   0   0   0   1   0   0   0  95   0   0   0   0   1   0  2.05 0.41
  179 P    -3  -4  -4  -4  -5  -3  -3  -4  -4  -5  -4  -3  -5  -6   9  -2  -3  -6  -5  -5    0   0   0   0   0   0   0   0   0   0   1   0   0   0  97   1   0   0   0   0  2.71 0.45
  180 V    -2  -4  -5  -5  -1  -4  -4  -5  -5   1  -1  -4   1  -3  -4  -3  -2  -5  -3   6    0   0   0   0   1   0   0   0   0   3   1   0   4   0   0   1   0   0   0  89  1.18 0.32
  181 K    -2   4   0  -2  -4   0  -1  -3   0  -2  -1   4   4  -3  -3  -1  -1  -2  -3  -2    0  28   5   0   0   2   1   0   2   1   2  34  17   0   0   2   3   0   0   1  0.53 0.19
  182 Q    -2   0  -2  -2  -5   8   0  -4  -2  -5  -4  -1  -3  -5  -3  -2  -3  -4  -4  -4    1   1   0   0   0  94   1   0   0   0   0   0   0   0   0   0   0   0   0   0  1.84 0.44
  183 T    -1  -1   0  -2  -2  -2  -2  -3  -2  -1   1  -2  -1  -2  -3   1   5  -4  -3  -1    1   3   4   1   0   0   0   0   1   2  19   1   0   1   0  11  55   0   0   0  0.55 0.22
  184 S     0  -3  -1  -2  -3  -2  -2  -2  -3  -4  -4  -2  -3  -3  -3   6   0  -4  -3  -3    5   0   0   1   0   0   0   0   0   0   1   0   0   1   0  90   1   0   0   0  1.20 0.35
  185 L    -3  -4  -3  -4  -3  -4  -4  -5  -4   6   1  -4   0  -1  -4  -3  -2  -4  -3   2    0   0   1   0   0   0   0   0   0  74  11   0   0   1   0   0   0   0   0   9  0.94 0.25
  186 S     4  -2   3   1  -1  -2  -1  -1  -2  -3  -3  -2  -2  -3  -1   2   0  -4  -3  -1   46   0  15   7   1   0   0   1   0   0   1   0   0   0   1  22   3   0   0   2  0.46 0.18
  187 S     0  -2  -1  -2  -3  -2  -2  -1  -3  -4  -4  -2  -3  -3  -2   6   0  -4  -3  -3    2   1   0   0   0   0   0   2   0   0   1   0   0   1   0  88   2   0   0   0  1.14 0.33
  188 G    -2  -3  -2  -3  -4  -4  -4   7  -4  -6  -6  -3  -5  -5  -4  -2  -3  -4  -5  -5    0   1   0   0   0   0   0  98   0   0   0   0   0   0   0   0   0   0   0   0  1.89 0.36
  189 S    -1  -3   1  -2  -1  -2  -2  -3  -3  -2  -3  -2  -2  -4  -3   0   7  -4  -2  -1    2   0   7   1   1   0   0   0   0   2   0   0   0   0   0   3  80   0   1   1  1.11 0.33
  190 L    -3  -4  -5  -5  -3  -4  -4  -5  -4   1   6  -4   0  -1  -1  -3  -3  -3  -3  -1    0   0   0   0   0   0   0   0   0   4  90   0   0   0   3   1   0   0   0   0  1.07 0.29
  191 I    -2  -4  -5  -4  -3  -4  -3  -5  -4   6   1  -4   2  -1  -4  -4  -2  -4  -3   2    1   0   0   0   0   0   1   0   0  71   8   0   5   0   0   0   0   0   0  12  0.94 0.26
  192 K    -2   5   0  -2  -5   1  -1  -3  -1  -4  -4   6  -3  -5  -3  -2  -1  -4  -3  -4    0  30   3   0   0   3   0   0   0   0   0  60   0   0   0   0   2   0   0   0  1.02 0.27
  193 W    -5  -5  -6  -7  -1  -5  -5  -5  -5  -5  -4  -6  -4  -2  -6  -5  -5  13   0  -5    0   0   0   0   1   0   0   0   0   0   0   0   0   0   0   0   0  97   0   0  4.03 0.59
  194 T    -2  -3  -2  -3  -3  -3  -3  -2  -4  -3  -3  -3  -3  -4  -3   0   7  -4  -4  -2    1   0   1   0   0   0   0   1   0   0   0   0   0   0   0   2  93   0   0   0  1.48 0.39
  195 K    -3   0  -1  -3  -5  -1  -1  -3  -3  -5  -4   7  -3  -5  -3  -2  -3  -5  -4  -4    0   0   1   0   0   0   0   0   0   0   0  97   0   0   0   0   0   0   0   0  1.59 0.39
  196 G     0  -3  -2  -3  -4  -3  -4   7  -4  -5  -5  -3  -4  -5  -4   0  -3  -4  -5  -4    5   1   1   0   0   0   0  86   0   0   0   0   0   0   0   6   0   0   0   0  1.50 0.31
  197 F    -4  -5  -5  -5  -4  -5  -5  -5  -3  -2  -1  -5  -2   9  -5  -3  -4  -1   1  -2    0   0   0   0   0   0   0   0   0   0   0   0   0  95   0   1   0   0   0   1  2.02 0.41
  198 S     1  -2   3  -1   0  -2  -2  -2   0  -4  -3   0  -3  -3  -2   5   0  -4  -3  -3    8   0  15   1   2   0   0   0   2   0   1   4   0   1   0  63   2   0   0   0  0.68 0.25
  199 I    -3  -5  -5  -5  -1  -4  -5  -5  -5   7   0  -4  -1  -2  -4  -4  -2  -4  -3   2    0   0   0   0   1   0   0   0   0  89   0   0   0   0   0   0   1   0   0   6  1.33 0.33
  200 E    -2  -2   1   5  -5   0   4  -3  -1  -4  -4  -1  -4  -4  -2  -1  -2  -5  -2  -3    2   0   7  45   0   1  35   0   1   1   0   1   0   0   1   3   1   0   1   1  0.88 0.23
  201 E    -3  -3   0   7  -5  -1   3   1  -3  -5  -5  -2  -4  -5  -3  -1  -3  -5  -4  -5    1   0   1  70   0   0  16  10   0   0   0   0   0   0   0   1   0   0   0   0  1.26 0.29
  202 A     4  -3  -2  -3  -2  -2  -2  -1  -3  -1  -1  -2   3  -3  -2   0   3  -4  -3   0   47   0   0   0   0   0   0   2   0   0   2   0  12   0   0   1  28   0   0   7  0.53 0.22
  203 V    -2  -4  -4  -5  -2  -4  -4  -5  -5   2   0  -4  -1  -2  -3  -3  -2  -4  -3   6    1   0   0   0   0   0   0   0   0   9   2   0   0   0   1   0   0   0   0  85  1.09 0.30
  204 G    -2  -4   0   1  -4  -3  -3   7  -3  -5  -5  -3  -4  -5  -4  -2  -3  -4  -5  -5    0   0   3  10   0   0   1  85   0   0   0   0   0   0   0   0   0   0   0   0  1.48 0.31
  205 Q    -2   1  -1  -1  -4   5   4  -3  -1  -4  -3   3  -1  -4  -3  -2  -2  -4  -3  -4    1   4   0   0   0  39  27   0   0   0   1  24   1   0   0   0   0   0   0   0  0.84 0.25
  206 D    -4  -4   0   8  -5  -2   0  -3  -3  -5  -6  -3  -5  -5  -3  -2  -3  -6  -4  -5    0   0   1  96   0   0   1   0   0   0   0   0   0   0   0   0   0   0   0   0  1.94 0.39
  207 V    -2  -4  -5  -5  -3  -4  -4  -5  -5   2   0  -4   0  -2  -4  -3  -2  -4  -3   6    0   0   0   0   0   0   0   0   0   6   3   0   2   0   0   0   0   0   0  87  1.16 0.31
  208 V    -2  -4  -5  -5  -3  -4  -4  -5  -5   1  -1  -4  -1  -3  -4  -3  -2  -5  -3   7    1   0   0   0   0   0   0   0   0   0   0   0   0   0   0   2   0   0   0  96  1.32 0.35
  209 G     3  -1  -2  -2  -2   0   0   3  -3  -2  -2  -1  -2  -3  -2   0  -1  -3  -3   1   38   2   0   1   0   3   5  28   0   1   1   2   0   1   0   6   1   0   0  12  0.37 0.15
  210 A     0  -2  -2   0  -5   1   7  -3  -1  -5  -4   0  -3  -3  -3  -1  -2  -4  -3  -4    8   0   0   0   0   4  80   0   1   0   0   2   0   1   0   1   0   0   0   0  1.19 0.31
  211 L    -3  -4  -5  -5  -3  -4  -4  -5  -4   0   6  -4   0  -1  -4  -4  -3  -3  -3  -1    0   0   0   0   0   0   0   0   0   1  97   0   0   0   0   0   0   0   0   0  1.23 0.31
  212 N     0  -2   1  -2  -3   2  -1  -3  -1  -1  -3  -1  -2  -4  -2   1   5  -4  -3  -1    5   1   7   0   0  10   2   0   1   3   0   1   1   0   0   8  60   0   0   1  0.66 0.24
  213 K    -2   2  -1  -1  -4   1   1  -2  -2  -4  -4   6  -1  -4  -2  -1   0  -4  -3  -3    2   9   1   2   0   3   8   1   0   0   0  65   2   0   0   2   5   0   0   0  0.79 0.24
  214 A     6  -3  -3  -3   0  -2  -2  -1  -3  -3  -3  -2  -3  -4  -2   2  -1  -4  -3  -2   81   0   0   0   2   0   0   1   0   0   0   0   0   0   0  13   0   0   0   0  0.98 0.29
  215 L    -3  -3  -4  -5  -3  -3  -4  -5  -4   3   3  -3   8  -1  -4  -3  -2  -3  -3   0    0   0   0   0   0   0   0   0   0  15  21   0  59   1   0   0   1   0   0   1  1.13 0.31
  216 E    -2   0  -1   2  -5   2   5  -3   0  -4  -4   2  -3  -4  -2  -1  -2  -4  -3  -3    2   3   0  10   0   5  58   1   2   0   0  16   0   0   0   1   0   0   0   1  0.84 0.23
  217 R    -3   7  -2  -2  -5   0  -1  -3  -1  -4  -4   4  -3  -4  -3  -2  -3  -4  -3  -4    0  69   0   1   0   0   2   1   0   0   0  23   0   0   0   2   0   0   0   0  1.25 0.30
  218 V    -1   1  -2  -2  -3   5   0  -3   0   1  -2   2  -1  -3  -3  -1  -1  -4  -3   1    5   7   0   0   0  42   0   0   2  11   1  14   0   0   0   1   1   0   0  15  0.48 0.20
  219 G    -1  -4  -1  -2  -4  -3  -3   7  -2  -5  -5  -3  -4  -5  -4  -2  -3  -4  -5  -4    0   0   1   2   0   0   0  90   1   0   0   1   0   0   0   1   0   0   0   1  1.58 0.32
  220 L    -2  -3  -4  -5  -1  -3  -4  -5  -2   2   5  -4   1  -1  -3  -3  -2  -3  -1   2    1   0   0   0   1   0   0   0   1  11  66   0   0   0   1   0   0   0   1  18  0.70 0.20
  221 D    -3  -3   1   7  -5  -1   1  -3  -1  -4  -5  -1  -4  -5  -3  -2  -3  -5  -4  -3    1   0   5  80   0   2   5   0   1   0   0   2   0   0   0   0   0   0   0   1  1.40 0.31
  222 M    -3  -4  -4  -5  -4  -3  -4  -5  -4   0   0  -4  10  -2  -5  -4  -3  -4  -3   0    0   0   0   0   0   0   0   0   0   2   2   0  91   0   0   0   0   0   0   3  2.03 0.46
  223 R    -3   7   0  -3   0   0  -1  -4   3  -4  -4   2  -3  -4  -3  -2  -3  -4  -2  -4    0  69   4   0   2   1   1   0  10   0   0  10   0   0   0   1   0   0   0   0  1.14 0.28
  224 I    -2  -4  -4  -5  -2  -4  -4  -5  -5   2  -1  -4  -1  -2  -4  -3  -2  -4  -3   6    1   0   1   0   0   0   0   0   0   6   0   0   0   0   0   0   0   0   0  89  1.18 0.32
  225 A     4  -2  -1  -2  -2  -2  -2  -1  -3  -3  -3  -2  -2  -3  -2   3   3  -4  -3  -1   48   0   1   0   0   1   0   0   0   0   1   1   0   0   0  23  23   0   0   1  0.61 0.22
  226 A     6  -3  -3  -3  -2  -3  -3  -2  -3  -3  -3  -2  -3  -4  -2   0  -1  -4  -3  -2   94   1   0   0   0   0   0   0   0   0   0   0   0   0   0   1   1   0   0   1  1.21 0.33
  227 L    -3  -4  -5  -5  -3  -3  -4  -5  -4   0   6  -4   1  -1  -4  -4  -3  -3  -3   0    0   0   0   0   0   1   0   0   0   0  94   0   1   1   0   0   0   0   0   2  1.15 0.29
  228 V    -2  -4  -5  -5  -3  -4  -4  -5  -5   2  -1  -4  -1  -2  -4  -4  -2  -5  -3   7    0   0   0   0   0   0   0   0   0   8   0   0   0   0   0   0   0   0   0  91  1.28 0.34
  229 N    -4  -3   8  -1  -5  -2  -2  -3  -2  -6  -6  -2  -4  -5  -4  -2  -2  -6  -4  -5    0   0  99   0   0   0   0   0   0   0   0   0   0   0   0   0   0   0   0   0  2.08 0.45
  230 D    -4  -4  -1   8  -6  -2   0  -3  -3  -5  -6  -3  -5  -6  -4  -2  -3  -6  -5  -5    0   0   0  99   0   0   0   0   0   0   0   0   0   0   0   0   0   0   0   0  2.07 0.42
  231 T     0  -3  -2  -3  -3  -3  -3  -4  -4  -2  -3  -3  -3  -4  -2  -1   7  -5  -4  -2    5   0   0   0   0   0   0   0   0   1   0   0   0   0   1   0  93   0   0   0  1.47 0.39
  232 V    -2  -4  -5  -5  -3  -4  -5  -5  -5   5   0  -4  -1  -2  -4  -4  -2  -5  -3   5    0   0   0   0   0   0   0   0   0  39   0   0   0   0   0   0   0   0   0  61  1.07 0.29
  233 G    -2  -2  -2  -3  -5  -4  -4   7  -4  -6  -6  -3  -5  -5  -4  -2  -4  -5  -5  -5    0   3   0   0   0   0   0  97   0   0   0   0   0   0   0   0   0   0   0   0  1.87 0.37
  234 T    -1  -3  -2  -3  -3  -3  -3  -4  -4  -3  -3  -3  -3  -4  -3  -1   7  -5  -4  -2    3   0   0   0   0   0   0   0   0   0   0   0   0   0   0   0  97   0   0   0  1.62 0.42
  235 L    -3  -4  -5  -6  -3  -4  -5  -6  -5   0   6  -4   1  -1  -5  -4  -3  -4  -3   0    0   0   0   0   0   0   0   0   0   0  97   0   0   0   0   0   0   0   0   2  1.28 0.32
  236 A     6  -3  -4  -4  -2  -3  -3  -2  -4  -3  -3  -3  -3  -4  -3  -1  -2  -5  -4  -2   99   0   0   0   0   0   0   0   0   0   0   0   0   0   0   0   0   0   0   1  1.40 0.38
  237 G     0   0  -2  -3  -4  -3  -3   7  -4  -5  -5  -2  -4  -5  -4  -2  -3  -4  -5  -5    6   6   0   0   0   0   0  86   0   0   0   1   0   0   0   0   0   0   0   0  1.50 0.32
  238 G     1  -4  -2  -3  -4  -3  -3   7  -4  -5  -5  -3  -4  -5  -4  -1  -3  -4  -5  -4   12   0   0   0   0   0   1  85   0   0   0   0   0   0   0   1   0   0   0   0  1.52 0.32
  239 R    -3   7  -2  -3  -5   0  -2  -4  -2  -3  -4   3  -3  -5  -4  -2  -3  -5  -4  -4    0  81   0   0   0   1   0   0   0   1   0  15   0   0   0   2   0   0   0   0  1.49 0.35
  240 Y    -4  -4  -4  -5  -5  -4  -4  -5   1  -3  -3  -4  -3   4  -5  -4  -4   0   9  -3    0   0   0   0   0   0   0   0   1   0   0   0   0  13   0   0   0   0  86   0  2.13 0.44
  241 Y    -1  -2   1   0  -2  -2  -1  -2   1  -2  -1  -2  -1   2  -3   1   1   4   4  -1    2   1   9   7   0   0   3   2   4   0   5   0   1   9   0  12  10   6  22   5  0.24 0.11
  242 N    -3  -2   7   5  -5  -1  -1  -3   1  -5  -5  -2  -4  -5  -4  -1  -2  -6  -2  -5    0   0  61  33   0   1   0   0   2   0   0   0   0   0   0   0   0   0   1   0  1.33 0.32
  243 P    -2   0   5   0  -4   2   1  -2   0  -4  -4   3  -3  -4   3   0  -1  -5  -3  -4    0   1  33   2   0  10  10   0   1   0   0  19   0   0  18   4   1   0   0   0  0.64 0.19
  244 D    -4  -4   2   8  -6  -2   0  -3  -3  -5  -6  -3  -5  -6  -4  -2  -3  -6  -5  -5    0   0   6  92   0   0   0   1   0   0   0   0   0   0   0   0   0   0   0   0  1.87 0.39
  245 V    -1  -4  -5  -5  -3  -4  -4  -5  -5   1  -1  -4  -1  -3  -4  -3   0  -5  -3   7    2   0   0   0   0   0   0   0   0   0   0   0   0   0   0   0   3   0   0  94  1.29 0.35
  246 V     1  -3  -4  -3  -1  -3  -3  -3  -3   4   0  -3   3  -1  -3  -1  -1  -4  -2   4   17   0   0   1   1   0   0   0   0  30   1   0   9   1   0   3   1   0   0  36  0.48 0.18
  247 A     5  -3  -3  -4  -2  -3  -3  -2  -4   1  -2  -3  -1  -3  -3  -1  -1  -4  -3   2   71   0   0   0   0   0   0   0   0  11   1   0   1   0   0   0   1   0   0  16  0.75 0.26
  248 A     6  -3  -3  -3  -2  -3  -3   2  -3  -3  -4  -3  -3  -4  -3   0  -2  -4  -4  -2   85   0   0   0   0   0   0  13   0   0   0   0   0   0   0   2   0   0   0   0  1.09 0.32
  249 V    -2  -5  -5  -5  -3  -4  -5  -5  -5   2  -1  -4  -1  -3  -4  -4  -2  -5  -3   7    0   0   0   0   0   0   0   0   0   4   2   0   0   0   0   0   0   0   0  94  1.34 0.35
  250 I    -3  -5  -5  -5  -3  -5  -5  -6  -5   7   0  -5  -1  -2  -5  -4  -1  -5  -3   1    0   0   0   0   0   0   0   0   0  96   0   0   0   0   0   0   3   0   0   2  1.51 0.37
  251 L    -3  -4  -5  -6  -3  -4  -5  -6  -5   0   6  -4   1   1  -5  -4  -3  -3  -2  -1    0   0   0   0   0   0   0   0   0   0  94   0   1   5   0   0   0   0   0   0  1.21 0.31
  252 G    -2  -4  -2  -3  -5  -4  -4   7  -4  -6  -6  -4  -5  -5  -4  -2  -4  -5  -5  -5    0   0   0   0   0   0   0 100   0   0   0   0   0   0   0   0   0   0   0   0  1.98 0.38
  253 T    -2  -3  -2  -3  -3  -3  -3  -4  -4  -3  -3  -3  -3  -4  -3  -1   7  -5  -4  -2    0   0   1   0   0   0   0   0   0   0   0   0   0   0   0   0  99   0   0   0  1.70 0.43
  254 G    -2  -4  -2  -3  -5  -4  -4   7  -4  -6  -6  -4  -5  -5  -4  -2  -4  -5  -5  -5    0   0   0   0   0   0   0 100   0   0   0   0   0   0   0   0   0   0   0   0  1.98 0.38
  255 T    -2  -3  -2  -3  -3  -3  -3  -3  -4  -3  -3  -3  -3  -4  -3   2   7  -5  -4  -2    0   0   0   0   0   0   0   0   0   0   0   0   0   0   0  12  88   0   0   0  1.42 0.38
  256 N    -4  -3   8  -1  -5  -2  -2  -3  -2  -6  -6  -2  -5  -5  -4  -2  -2  -6  -4  -5    0   0 100   0   0   0   0   0   0   0   0   0   0   0   0   0   0   0   0   0  2.12 0.46
  257 A     6  -3  -4  -4  -2  -3  -3  -2  -4  -3  -4  -3  -3  -4  -3  -1  -2  -5  -4  -2  100   0   0   0   0   0   0   0   0   0   0   0   0   0   0   0   0   0   0   0  1.40 0.38
  258 A     6  -3  -4  -4   3  -3  -3  -2  -4  -3  -3  -3  -3  -4  -3  -1  -2  -5  -4  -2   93   0   0   0   6   0   0   0   0   0   0   0   0   0   0   0   0   0   0   0  1.28 0.36
  259 Y    -4  -4  -5  -6  -5  -4  -5  -6  -1  -4  -4  -4  -3   1  -6  -4  -4   0  10  -4    0   0   0   0   0   0   0   0   0   0   0   0   0   0   0   0   0   0 100   0  2.55 0.50
  260 V    -2  -5  -5  -5  -3  -4  -4  -5  -5   2  -1  -4  -1  -3  -4  -4  -2  -5  -3   7    0   0   0   0   0   0   0   0   0   9   1   0   0   0   0   0   0   0   0  90  1.27 0.34
  261 E    -3  -2  -2   0  -6   0   7  -4  -2  -6  -5  -1  -4  -6  -3  -2  -3  -5  -4  -5    0   0   0   1   0   0  99   0   0   0   0   0   0   0   0   0   0   0   0   0  1.80 0.42
  262 R    -3   7  -2  -3   1   0  -2  -4   4  -5  -4   1  -3  -4  -3  -1  -3  -2  -2  -4    0  71   0   0   3   2   0   0  14   0   0   5   0   0   0   3   0   0   0   0  1.22 0.31
  263 A     6  -3  -3  -4  -2  -3  -3  -2  -4  -2  -3  -3  -1  -4  -3   0  -1  -4  -4   1   86   0   0   0   0   0   0   0   0   1   0   0   1   0   0   2   0   0   0   9  1.03 0.31
  264 T    -2  -1   3   1  -4   4   1  -3   7  -4  -4  -1  -3  -4  -3   0  -2  -4  -1  -4    0   0  18   7   0  27   5   0  32   0   1   1   0   0   0   6   1   0   1   0  0.81 0.24
  265 A     6  -3  -2  -3  -2  -2  -2  -1  -3  -3  -3  -2  -3  -4  -2   0  -1  -4  -3  -1   88   0   1   0   0   0   1   1   0   0   0   0   0   0   0   4   2   0   0   2  1.05 0.31
  266 I    -3  -5  -5  -5  -3  -5  -5  -6  -5   7   0  -5  -1  -2  -5  -4  -3  -4  -3   1    0   0   0   0   0   0   0   0   0  96   0   0   0   0   0   0   0   0   0   2  1.52 0.36
  267 P    -2  -4  -2  -3  -5  -3  -3  -4  -4  -5  -4  -2  -4  -5   8   0  -2  -5  -5  -4    0   0   1   0   0   0   0   0   0   0   1   1   0   0  87   7   2   0   0   0  2.28 0.39
  268 K    -3   1  -2  -3  -5  -1  -1  -3  -3  -5  -4   7  -2  -5  -3  -2  -3  -5  -4  -4    0   1   0   0   0   0   0   0   0   0   0  96   1   0   0   0   0   0   0   0  1.57 0.39
  269 W    -4  -4  -5  -5   0  -4  -5  -3  -4  -4  -2  -5  -3  -1  -5  -4  -4  12   1  -4    1   0   0   0   3   0   0   1   0   0   4   0   0   1   0   0   0  84   2   0  3.20 0.48
  270 H    -3   0   1  -2  -1   2   1  -2   9  -4  -4  -1  -3  -3  -2  -2  -1  -4  -1  -4    1   4   4   1   1  12   7   2  60   0   0   2   0   0   1   1   3   0   0   0  1.20 0.29
  271 G    -1  -4  -2  -2  -4  -3  -3   7  -4  -5  -5  -3  -4  -5  -4  -2  -3  -4  -4  -4    1   0   1   2   0   0   1  92   0   0   0   0   0   0   0   1   0   0   0   1  1.63 0.32
  272 L    -2  -3  -3  -1  -3  -2   0  -4   0  -1   3  -2   0  -2   5  -2  -2  -3  -3   0    1   0   1   3   0   0   9   0   2   0  48   0   0   0  28   1   1   0   0   4  0.59 0.18
  273 L    -2  -3  -4  -4  -3  -1  -3  -4  -1   0   5  -3   1  -1   0  -3  -2  -3  -2   0    0   1   0   0   0   3   0   0   2   2  77   0   1   1   5   2   1   0   0   4  0.70 0.22
  274 P    -3  -4  -4  -3  -5  -3  -3  -4  -4  -4  -4  -3  -4  -5   8  -2  -3  -5  -5  -4    0   0   0   0   0   0   0   0   0   0   1   0   0   0  93   2   0   0   0   0  2.51 0.41
  275 K    -2   2   0  -1  -4   1   0  -3  -2  -4  -4   6  -1  -4  -3  -1  -2  -4  -3  -4    1   5   4   1   0   3   4   1   0   0   0  77   1   0   0   2   0   0   0   0  1.02 0.28
  276 S    -1  -3  -1  -2  -3  -2  -2  -2  -3  -5  -5  -2  -4  -5  -3   7   0  -5  -3  -4    0   0   0   0   0   0   0   0   0   0   0   0   0   0   0  98   2   0   0   0  1.45 0.41
  277 G    -2  -4  -1  -2  -5  -4  -2   7  -4  -6  -6  -3  -5  -5  -4  -2  -3  -2  -5  -5    0   0   1   1   0   0   2  94   0   0   0   0   0   0   0   0   0   0   0   0  1.75 0.35
  278 E    -3  -2   1   3  -5   1   6  -3  -1  -5  -5   0  -4  -5  -3  -1  -2  -5  -3  -4    0   0   6  14   0   3  71   0   0   0   0   2   0   0   0   2   1   0   0   0  1.12 0.29
  279 M    -3  -4  -5  -6  -4  -3  -4  -5  -4  -1   0  -3  10  -2  -5  -4  -2  -4  -3  -2    0   0   0   0   0   0   0   0   0   0   0   1  97   0   0   0   1   0   0   0  2.30 0.51
  280 V    -1  -4  -5  -5  -3  -4  -4  -5  -5   1  -1  -4  -1  -3  -4  -3  -2  -5  -3   7    2   0   0   0   0   0   0   0   0   1   0   0   0   0   0   0   0   0   0  96  1.34 0.35
  281 I    -3  -5  -5  -5  -3  -5  -5  -5  -5   7   0  -4  -1  -2  -5  -4  -3  -4  -3   1    0   0   0   0   0   0   0   0   0  96   0   0   0   0   0   0   0   0   0   1  1.49 0.36
  282 N    -4  -3   8  -1  -5  -2  -2  -2  -1  -5  -5  -2  -4  -5  -4  -1  -2  -6  -4  -5    0   0  97   0   0   0   0   0   0   0   0   0   0   0   0   0   0   0   0   0  2.00 0.43
  283 M    -3  -3  -4  -5  -3  -3  -4  -5  -4  -1   0  -3   9  -2  -4  -3   2  -4  -3  -1    0   0   0   0   0   0   0   0   0   0   0   0  80   0   0   0  17   0   0   1  1.70 0.43
  284 E    -3  -2  -2   0  -6   0   7  -4  -2  -5  -5  -1  -4  -5  -3  -2  -3  -5  -4  -4    0   0   0   0   0   0  97   0   0   0   0   0   0   0   0   0   0   0   0   0  1.72 0.40
  285 W    -5  -4  -6  -6  -5  -4  -5  -5  -5  -5  -4  -5  -4  -2  -6  -5  -5  13   0  -5    0   1   0   0   0   0   0   0   0   0   0   0   0   0   0   0   0  96   0   0  4.01 0.59
  286 G    -2  -4  -2  -3  -4  -4  -4   7  -4  -6  -5  -3  -5  -5  -4  -2  -3  -4  -5  -5    0   0   0   0   0   0   0  97   0   0   0   0   0   0   0   1   0   0   0   0  1.85 0.36
  287 N    -3  -2   8   0  -5  -2  -2  -2  -1  -5  -5  -2  -4  -5  -4   0  -2  -6  -4  -5    0   0  92   2   0   0   0   0   0   0   0   1   0   0   0   4   0   0   0   0  1.79 0.40
  288 F    -4  -5  -5  -6  -4  -5  -5  -5  -3  -2  -1  -5  -2   9  -6  -4  -4  -1   1  -3    0   0   0   0   0   0   0   0   0   0   1   0   0  97   0   0   0   0   0   1  2.12 0.42
  289 R    -3   6  -2  -3   0   1  -1  -3   0  -4  -3   2  -2  -3  -3  -1  -2   5   0  -4    0  60   0   0   2   6   0   1   1   0   1  10   0   0   0   3   1  10   3   0  0.96 0.26
  290 S    -1  -3  -1  -2  -1  -2  -2  -2  -3  -4  -4  -2  -3  -4  -3   7   0  -5  -4  -4    1   0   0   0   1   0   0   0   0   0   0   0   0   0   0  95   1   0   0   0  1.36 0.38
  291 S     0  -3  -1  -1   0  -2  -1  -2  -3  -2  -3  -2  -3  -4   0   6   0  -4  -3  -2    4   0   1   2   2   0   1   1   0   1   1   0   0   0   4  77   2   0   0   3  0.86 0.29
  292 H    -4  -2  -1  -2   0  -1  -2  -4  10  -4  -3  -1  -3  -3  -4  -3  -4  -4   1  -5    0   1   1   1   2   1   0   0  86   0   2   3   0   0   0   0   0   0   2   0  2.15 0.43
  293 L    -3  -4  -5  -5  -3  -4  -5  -5  -4   0   6  -4   0  -1  -4  -4  -3  -3  -3  -1    0   0   0   0   0   0   0   0   0   1  96   0   0   1   0   0   0   0   0   0  1.22 0.31
  294 P    -3  -3  -4  -4  -5  -3  -3  -4  -4  -5  -5  -3  -5  -5   9  -3  -3  -6  -5  -4    0   1   0   0   0   0   0   0   0   0   0   0   0   0  96   0   1   0   0   0  2.69 0.44
  295 L    -2  -1  -4  -4  -2  -3  -3  -4  -2   2   4  -2   2  -1  -4  -3  -1  -3  -2   2    0   4   0   0   0   0   0   0   1   8  63   3   4   0   0   1   2   0   1  12  0.55 0.18
  296 T    -2  -3  -2  -3  -3  -2  -3  -3  -3  -3  -3  -2  -3  -4  -3   1   7  -4  -3  -2    1   0   0   0   0   0   0   0   0   0   0   0   0   0   0   7  90   0   0   0  1.41 0.37
  297 E    -3  -2  -2   1  -5   0   7  -4  -2  -4  -4  -1  -3  -4  -2  -2  -2  -4  -1  -3    0   0   0   6   0   1  83   0   0   1   0   1   0   1   1   1   0   0   3   1  1.27 0.32
  298 F    -3  -4  -4  -5  -3  -3  -4  -5   0  -3  -3  -4  -3   3  -5  -4  -3   0   9  -1    2   0   0   0   1   0   0   0   0   0   0   0   0  10   0   0   0   0  82   3  1.83 0.39
  299 D    -4  -4  -1   8  -5  -2   0  -3  -3  -5  -5  -3  -5  -5  -3  -2  -3  -6  -5  -5    0   0   0  97   0   0   0   0   0   0   0   0   0   0   0   0   0   0   0   0  1.97 0.40
  300 H    -2   0   1  -1  -3   5   2  -3   6  -2  -1   0  -2  -3  -3  -1  -2  -2   0  -2    1   2   5   1   0  35  12   0  25   2   5   5   0   1   0   1   1   0   2   2  0.61 0.21
  301 T     5  -2  -1   0  -2  -1   0  -1  -2  -2  -2  -2  -2  -3  -2   2   0  -4  -3  -1   61   1   2   5   0   1   5   2   0   1   3   0   0   0   0  12   5   0   0   1  0.50 0.19
  302 L    -3  -4  -5  -5  -3  -3  -4  -5  -4   0   6  -4   3  -1  -4  -4  -3  -3  -3  -1    0   0   0   0   0   0   0   0   0   0  89   0   7   1   0   0   0   0   0   0  1.11 0.29
  303 D    -4  -4   0   8  -5  -2   0  -3  -3  -5  -5  -3  -5  -5  -3  -2  -3  -6  -5  -5    0   0   1  96   0   0   0   0   0   0   0   0   0   0   0   0   0   0   0   0  1.95 0.39
  304 F     3  -1   1  -1  -1   1  -1  -1  -2  -1  -1  -1  -1   1  -2   0   0  -1  -1   1   36   2   7   2   1   6   2   1   0   2   3   3   0   8   0   6   4   1   0  14  0.14 0.10
  305 E    -2  -2  -2   3  -5   0   7  -3  -1  -5  -5  -1  -4  -5  -3  -1  -3  -5  -4  -4    1   0   0  14   0   0  79   2   0   0   0   0   0   0   0   1   0   0   0   0  1.29 0.32
  306 S    -1  -3  -1  -2  -2  -2  -2  -2  -3  -4  -4  -2  -3  -4  -3   7   1  -5  -4  -3    0   0   0   0   0   0   0   0   0   0   0   0   0   0   0  94   4   0   0   0  1.32 0.37
  307 L    -3  -4  -5  -5  -3  -4  -4  -5  -4   1   6  -3   1  -1  -3  -3  -3  -3  -3   0    0   0   0   0   0   0   0   0   0   3  88   2   1   0   1   1   0   0   0   2  1.01 0.27
  308 N    -4  -2   8  -1  -5  -2  -2  -2   0  -5  -5  -2  -4  -5  -4  -1  -2  -5  -2  -5    0   0  94   0   0   0   0   0   2   0   0   0   0   0   0   1   0   0   1   0  1.88 0.41
  309 P    -2  -3  -4  -4  -4  -3  -3  -4  -4  -3  -4  -3  -4  -5   8  -2  -3  -5  -3   0    2   1   0   0   0   0   0   0   0   0   0   0   0   0  83   1   0   0   1  10  2.12 0.37
  310 G    -1  -3  -1  -3  -3  -3  -4   7  -4  -5  -5  -3  -4  -5  -4  -2  -3  -4  -5  -5    2   1   1   0   0   0   0  93   0   0   0   0   0   0   0   1   0   0   0   0  1.71 0.34
  311 E    -3  -2  -2   1  -5   0   7  -4  -2  -5  -5  -1  -4  -5  -3  -2  -3  -5  -4  -4    0   0   0   5   0   1  90   0   0   0   0   2   0   0   0   0   0   0   0   0  1.54 0.37
  312 Q    -3  -1  -2  -2  -5   8   0  -4   0  -5  -4  -1  -3  -5  -3  -2  -3  -4  -1  -4    0   0   0   0   0  94   1   0   1   0   0   0   0   0   0   0   0   0   2   0  1.86 0.45
  313 I    -2  -4  -4  -4   0  -4  -4  -1  -5   7   0  -4   0  -2  -4  -2  -1  -4  -3   1    0   0   0   0   2   0   0   6   0  81   1   0   1   0   0   3   2   0   0   1  0.98 0.29
  314 L    -4  -4  -4  -5  -3  -4  -4  -5  -2  -2  -1  -4  -2   8  -5  -4  -4   0   6  -3    0   0   0   0   0   0   0   0   0   0   2   0   0  67   0   0   0   0  27   0  1.56 0.33
  315 E    -3  -2  -2   0  -5   0   7  -2  -2  -5  -5  -1  -4  -5  -3  -2  -3  -5  -4  -4    0   0   0   0   0   0  93   3   0   0   0   0   0   0   0   0   0   0   0   0  1.56 0.37
  316 K    -3   0  -2  -3  -5  -1  -1  -3  -3  -5  -4   7  -3  -5  -3  -2  -3  -5  -4  -4    0   0   0   0   0   0   0   0   0   0   0  97   0   0   0   0   0   0   0   0  1.59 0.38
  317 I    -2  -3  -4  -4  -3  -3  -4  -4  -4   4   3  -3   6  -1  -4  -3  -2  -3  -2   1    0   0   0   0   0   0   0   0   0  28  36   0  26   0   0   0   1   0   0   6  0.72 0.21
  318 I    -3  -4  -4  -4  -2  -4  -4  -5  -4   7   0  -4   1  -2  -4  -3   1  -4  -3   1    0   0   0   0   1   0   0   0   0  80   1   0   2   0   0   0  11   0   0   2  1.06 0.29
  319 S     0  -3  -1  -2  -3  -2  -2  -2  -3  -4  -4  -2  -3  -4  -3   7   0  -5  -4  -4    2   0   0   0   0   0   0   1   0   0   0   0   0   0   0  96   0   0   0   0  1.37 0.38
  320 G    -2  -3  -2  -3  -4  -4  -4   7  -4  -5  -5  -3  -4  -5  -4  -2  -3  -4  -5  -5    0   1   0   0   0   0   0  97   0   0   0   0   0   0   0   0   0   0   0   0  1.84 0.35
  321 M    -3  -3  -4  -5  -4  -3  -4  -5  -4  -1   0  -2  10  -2  -5  -4  -3  -4  -3  -2    0   0   0   0   0   0   0   0   0   0   2   3  93   0   0   0   0   0   0   0  2.13 0.48
  322 Y    -4  -4  -4  -5  -5  -4  -4  -5   0  -4  -3  -4  -3   1  -5  -4  -4   0   9  -3    0   0   0   0   0   0   0   0   0   0   0   0   0   0   0   0   0   0  97   0  2.40 0.47
  323 L    -3  -4  -5  -5  -3  -4  -4  -5  -4   0   6  -4   3  -1  -4  -4  -3  -3  -3  -1    0   0   0   0   0   0   0   0   0   0  89   0   8   0   0   0   0   0   0   0  1.12 0.29
  324 G    -1  -4  -2  -3  -4  -4  -4   7  -4  -5  -5  -3  -4  -5  -4  -2  -3  -4  -5  -5    1   0   0   0   0   0   0  97   0   0   0   0   0   0   0   0   0   0   0   0  1.85 0.35
  325 E    -3  -2  -1   5  -5   0   6  -3  -2  -5  -5  -1  -4  -5  -3  -2  -3  -5  -4  -5    0   0   0  29   0   0  70   0   0   0   0   0   0   0   0   0   0   0   0   0  1.35 0.33
  326 I    -3  -5  -5  -5   0  -5  -5  -6  -5   7   1  -5  -1  -2  -5  -4  -3  -4  -3   2    0   0   0   0   2   0   0   0   0  88   5   0   0   0   0   0   0   0   0   5  1.32 0.33
  327 L    -2  -4  -5  -5  -3  -4  -4  -5  -5   1   2  -4   0  -1  -4  -3  -2  -4  -3   6    1   0   0   0   0   0   0   0   0   1  21   0   0   2   0   0   0   0   0  75  0.94 0.28
  328 R    -3   8  -3  -4  -1  -1  -2  -4  -2  -5  -4   0  -4  -5  -4  -2  -2  -5  -4  -5    0  95   0   0   2   0   0   0   0   0   0   0   0   0   0   1   2   0   0   0  1.83 0.41
  329 R    -3   8  -2  -4  -1  -1  -2  -4  -2  -3  -3   1  -3  -5  -4  -3  -3  -5  -4  -4    0  90   0   0   2   0   0   0   0   2   2   4   0   0   0   0   0   0   0   0  1.66 0.38
  330 V    -1  -4  -5  -5  -3  -4  -4  -5  -5   2  -1  -4  -1  -2  -4  -3  -2  -5  -3   6    3   0   0   0   0   0   0   0   0   9   1   0   0   0   0   0   0   0   0  87  1.18 0.32
  331 L    -3  -4  -5  -5  -3  -4  -5  -5  -5   0   6  -4   1  -1  -5  -4  -3  -3  -3  -1    0   0   0   0   0   0   0   0   0   0  98   0   1   0   0   0   0   0   0   0  1.27 0.32
  332 L    -2  -3  -4  -5   7  -3  -4  -5  -1   0   4  -4   0  -1  -4  -3  -2   0   0   0    0   1   0   0  26   1   0   0   2   0  59   0   0   1   0   1   1   1   4   3  0.84 0.24
  333 K    -3   5  -2  -3  -5   0  -1  -3  -2  -4  -4   6  -3  -5  -3  -2  -2  -2  -3  -4    0  37   0   0   0   1   1   0   0   0   0  58   0   0   0   1   0   1   0   0  1.15 0.30
  334 M    -3  -4  -4  -5  -3  -3  -4  -5  -4   1   2  -4   9  -2  -4  -4  -3  -3  -3   0    0   0   0   0   0   0   0   0   0   6  18   0  73   0   0   0   0   0   0   2  1.50 0.38
  335 A     6  -3  -3  -3  -2  -3  -3  -2  -3  -3  -3  -2  -3  -4  -3   1  -1  -4  -4  -2   92   0   0   0   0   0   0   0   0   0   0   0   0   0   0   6   1   0   0   0  1.19 0.33
  336 E    -2  -1  -1   1  -4   3   6  -2   1  -4  -2   0  -3  -4  -3  -1  -2  -4  -3  -2    1   1   1   4   0  13  62   2   3   0   4   2   0   0   0   1   1   0   0   3  0.81 0.24
  337 D    -3  -1  -2   1  -5   2   7  -4  -1  -5  -5  -1  -4  -5  -3  -2  -3  -5  -4  -4    0   1   0   5   0   6  85   0   0   0   0   0   0   0   0   0   0   0   0   0  1.42 0.35
  338 A     6  -3  -3  -3  -1  -2  -2  -2  -3  -3  -3  -2  -2  -4  -2   1   0  -4  -3  -1   82   0   0   0   1   0   0   0   0   0   0   0   0   0   0   8   4   0   1   3  0.95 0.29
  339 A     3  -1  -1   2   0  -1   0   1  -2  -3  -3  -1  -2  -1  -2   3   0  -2  -2  -2   33   2   1  12   1   0   6  11   0   0   1   0   0   3   1  25   1   0   0   1  0.32 0.14
  340 F    -3  -4  -5  -5  -3  -4  -5  -5  -3   2   3  -4   0   6  -5  -4  -3  -1   0  -1    0   0   0   0   0   0   0   0   0  16  31   0   0  51   0   0   0   0   0   0  0.95 0.25
  341 F    -4  -5  -5  -6  -4  -5  -5  -5  -3  -2  -1  -5  -2   9  -6  -4  -4  -1   1  -3    0   0   0   0   0   0   0   0   0   0   1   0   0  97   0   0   0   0   0   0  2.13 0.42
  342 G    -1  -3  -2  -3  -4  -3  -4   7  -4  -5  -5  -3  -4  -5  -4  -2  -3  -4  -5  -5    3   1   0   0   0   0   0  93   0   0   0   0   0   0   0   1   0   0   0   0  1.70 0.33
  343 D    -3  -3   0   7  -5  -2   1  -1  -2  -4  -5  -1  -2  -5  -1  -2  -2  -5  -4  -3    1   0   2  77   0   0   6   3   1   0   0   2   1   0   2   1   2   0   0   2  1.26 0.29
  344 T    -1  -2   1   0  -1  -2   0  -2  -1   2  -1  -1  -1  -2   0   0   4  -3  -1   1    1   1   9   4   1   0   6   1   2  15   0   2   1   0   3   3  37   0   2  11  0.24 0.14
  345 V    -2  -4  -3  -1  -3  -4  -4  -5  -5   3  -1  -3  -1  -2  -4  -2  -1  -5  -3   6    1   0   0   4   0   0   0   0   0  14   0   0   0   0   0   1   1   0   0  77  0.93 0.28
  346 P    -2  -3  -3  -3  -5  -2  -3  -4   0  -5  -4  -3  -4  -6   8  -3  -2  -6  -5  -4    1   1   0   0   0   1   0   0   3   0   1   0   0   0  89   0   2   0   0   0  2.38 0.41
  347 S    -1  -2  -2  -3  -3   0  -1  -3   0  -3  -3  -2  -3  -5   7   1   0  -5  -3  -3    3   1   0   0   0   3   2   0   2   1   2   0   0   0  63  15   5   0   0   0  1.38 0.28
  348 K    -3   1   0  -2  -5   0  -1  -3  -2  -4  -3   7  -3  -5  -3  -1  -2  -5  -4  -4    0   1   3   0   0   1   0   0   0   0   2  88   0   0   0   2   1   0   0   0  1.31 0.35
  349 L    -3  -4  -5  -5  -3  -4  -5  -5  -5   0   6  -4   1  -1  -5  -4  -3  -3  -3   0    0   0   0   0   0   0   0   0   0   0  96   0   1   0   0   0   0   0   0   2  1.25 0.32
  350 R    -2   3   0  -1  -4   1   2  -3  -1  -2  -2   5  -1  -3  -3  -1  -2  -4  -2  -3    2  15   3   0   0   3  18   1   0   2   4  49   1   0   0   1   0   0   1   0  0.60 0.20
  351 I    -1  -2  -2  -1  -2   0   0  -4  -2   4  -1   0  -1  -2  -3  -1   3  -4  -3   2    1   1   1   2   0   3   8   0   0  33   1   6   0   0   0   1  26   0   0  16  0.32 0.16
  352 P    -2   1  -3  -3  -3   0  -3  -4   1  -4  -3  -2  -4  -5   8  -1  -3  -5  -4  -4    2   9   0   0   0   4   0   0   3   0   3   0   0   0  73   4   0   0   0   0  1.72 0.33
  353 F    -4  -5  -4  -5  -4  -5  -5  -5  -3  -2  -1  -5  -2   8  -5  -3  -4   2   3  -3    0   0   0   0   0   0   0   0   0   0   1   0   0  87   0   2   0   2   7   0  1.83 0.38
  354 I    -2  -4  -4  -4  -3  -3  -4  -5  -2   6   0  -4   0  -2  -4  -2   0  -4  -3   3    1   0   0   0   0   1   0   0   1  66   4   0   1   0   0   3   6   0   0  17  0.79 0.24
  355 I    -3  -4  -5  -5   0  -4  -5  -5  -4   1   6  -4   0   0  -5  -4  -3  -3  -3  -1    0   0   0   0   2   0   0   0   0   3  92   0   0   2   0   0   0   0   0   0  1.13 0.30
  356 R    -3   7  -2  -3  -5   0  -2  -2  -2  -4  -4   2  -2  -5  -4  -1  -1  -1  -3  -4    0  79   0   0   0   2   0   3   0   0   0   6   0   0   0   5   3   1   0   0  1.30 0.32
  357 T    -1  -3  -2  -3  -3  -3  -3  -4  -4  -2  -3  -3  -3  -4  -3   0   7  -4  -3  -2    1   0   0   0   0   0   0   0   0   0   0   0   0   0   0   1  95   0   1   0  1.55 0.40
  358 P    -3  -4  -4  -4  -5  -3  -3  -4   0  -4  -3  -3  -4  -3   8  -3  -3  -5   0  -4    0   0   0   0   0   0   0   0   3   1   2   0   0   1  88   0   0   0   3   0  2.28 0.40
  359 H    -2  -2   1   5  -4  -1   3  -3   5  -3  -4  -2  -3  -4  -3  -2  -2  -5  -2  -1    2   0   4  46   0   1  20   0  19   1   0   0   0   0   0   0   0   0   0   6  0.83 0.23
  360 M    -3  -4  -4  -5  -3  -3  -4  -5  -4   3   0  -4   9  -2  -5  -4  -2  -4  -3   0    0   0   0   0   0   0   0   0   0  14   1   0  79   0   0   0   2   0   0   3  1.68 0.42
  361 S     0  -3  -1  -2   1  -2  -2  -2  -3  -4  -2  -2  -3  -4  -3   6   0  -4  -3  -3    4   0   0   0   3   0   0   0   0   0   5   0   0   0   0  85   0   0   1   1  1.06 0.33
  362 A     6  -2  -3  -3  -2  -2  -2  -2  -3  -1  -3   0   1  -4  -2   0  -1  -4  -3  -1   79   1   0   0   0   0   1   0   0   2   0   5   4   0   0   3   2   0   0   2  0.81 0.27
  363 M    -3  -4  -4  -5  -4  -3  -4  -5  -4   1   1  -4  10  -2  -5  -4  -3  -4  -3  -1    0   0   0   0   0   0   0   0   0   5   4   0  89   0   0   0   0   0   0   1  1.99 0.46
  364 H    -4  -3   0  -3  -5  -2  -2  -4  11  -5  -5  -3  -4  -4  -4  -3  -4  -5  -1  -5    0   0   3   0   0   0   0   0  95   0   0   0   0   0   0   0   0   0   0   0  2.60 0.49
  365 N    -2  -2  -1  -2  -4   2  -1  -3  10  -5  -4  -2  -3  -3  -4  -1  -3  -4  -1  -5    2   1   1   1   0  10   1   1  78   0   1   0   0   0   0   4   0   0   0   0  1.85 0.39
  366 D    -4  -4  -1   8  -5  -2   0  -3  -3  -5  -6  -2  -5  -5  -3  -2  -3  -6  -5  -5    0   0   0  97   0   0   0   0   0   0   0   1   0   0   0   0   0   0   0   0  1.97 0.40
  367 T    -1  -2   0   0  -3  -1   1  -2  -3  -2  -3  -1  -1  -3  -2   2   5  -4  -3  -2    3   1   4   3   0   2   9   1   0   1   0   2   1   0   0  11  60   0   0   1  0.65 0.23
  368 S    -1  -3  -1  -2  -3  -2  -2  -2  -3  -4  -4  -2  -3  -4  -3   6   3  -4  -3  -3    0   0   0   0   0   0   0   0   0   0   0   0   0   0   0  83  14   0   0   1  1.13 0.34
  369 P     1  -2  -2  -2  -3  -2  -2  -2   1  -3  -3  -2  -3  -4   6   3  -1  -2  -2  -2    9   1   0   0   0   0   0   1   4   0   3   0   0   0  41  34   2   0   1   1  0.89 0.23
  370 D    -4  -3   0   8  -5  -2   0  -3  -3  -5  -5  -3  -5  -5  -3  -2  -3  -6  -4  -5    0   0   2  94   0   0   0   1   0   0   0   0   0   0   0   0   0   0   0   0  1.87 0.38
  371 L    -3  -4  -5  -5  -3  -4  -5  -5  -4   0   6  -4   0  -1  -4  -4  -3  -3  -3  -1    0   0   0   0   0   0   0   0   0   0  97   0   0   1   0   0   0   0   0   0  1.24 0.31
  372 K    -2   4   0  -2  -4   0   0  -2  -2  -3  -4   5  -3  -4  -3  -1  -1  -4  -3  -3    2  29   4   0   0   1   2   2   0   1   0  51   0   0   0   2   3   0   0   0  0.78 0.23
  373 I    -2  -3  -3  -2  -2  -3  -1  -4  -2   2   0  -3   0  -2  -3  -3   1  -4  -3   5    1   0   1   2   0   0   4   0   1   9   4   0   1   0   0   0   7   0   0  68  0.65 0.22
  374 V    -2  -4  -5  -5  -3  -4  -4  -5  -5   1   0  -4  -1  -2  -4  -3  -2  -4  -3   7    1   0   0   0   0   0   0   0   0   1   2   0   0   1   0   0   0   0   0  93  1.24 0.33
  375 G     2  -2  -2  -1  -3  -2  -1   6  -3  -4  -4  -2  -3  -4  -3  -1  -2  -4  -4  -3   23   1   0   3   0   0   5  62   0   1   1   1   0   0   0   3   1   0   0   0  0.90 0.22
  376 S     0   0   3   0  -2  -1   1  -2  -1  -2  -3   1  -2  -3  -2   3   1  -4  -3  -2    6   4  21   4   0   0  12   0   0   3   1   6   0   0   0  32   9   0   0   0  0.35 0.14
  377 K    -2   1  -1  -2  -4   0  -1  -3  -1   0  -3   6  -3  -4  -3  -2  -1  -5  -3  -1    0   3   2   0   0   0   1   0   1   7   0  78   0   0   0   0   3   0   0   5  0.98 0.30
  378 I    -3  -4  -5  -5  -3  -4  -4  -5  -4   0   6  -4   1  -1  -4  -4  -3  -3  -3  -1    0   0   0   0   0   0   0   0   0   1  95   0   2   1   0   0   0   0   0   0  1.20 0.30
  379 K    -2   2   0  -2  -5   1   0  -3  -1  -4  -4   6  -3  -5  -3  -2  -2  -5  -3  -4    2  10   3   0   0   3   2   1   1   0   0  77   0   0   0   1   0   0   0   0  1.10 0.30
  380 D    -3  -1   1   7  -5  -1   2  -3  -1  -5  -5  -2  -4  -5  -3  -1  -2  -5  -4  -4    0   2   5  71   0   1  14   0   1   0   0   1   0   0   0   2   1   0   0   1  1.23 0.28
  381 I    -2  -4  -1  -4  -3  -4  -4  -5  -4   6   0  -3   0  -1  -4  -3  -1  -4  -3   3    2   0   4   0   0   0   0   0   0  69   2   1   0   1   0   0   1   0   0  17  0.85 0.25
  382 L    -3  -4  -5  -5  -3  -4  -4  -5  -4   0   5  -4   0   4  -3  -4  -3  -2   1   0    0   0   0   0   0   0   0   0   0   0  72   0   0  20   1   0   0   0   3   2  0.88 0.24
  383 E    -2  -2  -1   0  -5   0   5   4  -2  -5  -5  -1  -4  -5  -3  -2  -3  -4  -4  -4    1   0   1   1   0   1  54  38   0   0   0   3   0   0   0   0   0   0   0   0  0.95 0.26
  384 V    -3  -5  -5  -5  -3  -5  -5  -5  -5   7   0  -4  -1  -2  -5  -4  -2  -4  -3   3    0   0   0   0   0   0   0   0   0  84   0   0   0   0   0   0   0   0   0  14  1.29 0.32
  385 P     0  -2   0  -1  -1   0   0  -2   2  -3  -3  -1  -2  -3   3   4   1  -4  -2  -2    4   1   2   2   1   4   4   0   5   1   1   1   1   0  16  49   8   0   0   1  0.53 0.20
  386 T    -3  -2   6   3  -4  -2  -1   0   1  -4  -4  -2  -3  -4  -3   1   0  -5  -3  -4    0   0  56  20   0   0   0   5   3   0   1   1   0   0   0   9   4   0   0   0  0.93 0.26
  387 T    -1  -3  -2  -3  -3  -3  -3  -3  -4  -1  -3  -3  -2  -4  -3   2   7  -4  -4  -2    2   0   0   0   0   0   0   0   0   3   1   0   0   0   0  10  83   0   0   0  1.23 0.35
  388 S    -1  -3  -1  -2   1  -2  -2  -2  -3  -4  -4  -2  -3  -4   1   6   1  -3  -4  -3    0   0   0   0   4   0   0   0   0   0   0   1   0   0   5  82   7   0   0   0  1.08 0.34
  389 L    -3  -2  -5  -5  -2  -2  -4  -5  -4   0   5  -4   1   1  -4  -4  -3  -1  -1   0    0   1   0   0   1   2   0   0   0   1  83   0   1   5   0   0   0   0   1   4  0.90 0.26
  390 K    -2   1  -1   0  -4   1   3  -2  -2  -4  -4   5  -3  -5  -2  -1  -1  -4  -3  -4    1   5   1   3   0   3  21   2   0   0   1  57   0   0   1   2   3   0   0   0  0.75 0.24
  391 M     0  -2  -2  -3  -2  -2  -2  -3  -3   0  -1  -1   5  -3  -3  -1   5  -4  -3   2    4   0   0   0   0   1   1   0   0   4   1   3  23   0   0   0  46   0   0  15  0.61 0.24
  392 R    -4   8  -3  -4  -6  -1  -2  -5  -2  -5  -4   0  -4  -4  -4  -3  -3  -5  -4  -5    0  98   0   0   0   0   0   0   0   0   0   0   0   0   0   0   0   0   0   0  1.98 0.43
  393 K    -2   4  -2  -3  -5   0  -1  -3  -2  -4  -4   6  -2  -4  -3  -2  -3  -4   0  -4    1  19   0   0   0   0   1   0   0   0   0  74   0   0   0   0   0   0   3   0  1.19 0.32
  394 V     0  -3  -4  -4  -2  -3  -4  -4  -4   3   2  -3   3  -1  -4  -3  -1  -3  -2   4    6   0   0   0   0   0   0   0   0  23  16   0   9   1   0   0   2   0   0  42  0.55 0.18
  395 V    -2  -4  -4  -5  -2  -4  -4  -5  -5   4   0  -4   0  -2  -4  -3  -1  -4  -3   6    1   0   0   0   0   0   0   0   0  23   0   0   0   0   0   0   3   0   0  71  1.00 0.28
  396 I    -2  -2  -4  -5  -2  -4  -4  -5  -3   2   0  -3  -1  -2  -4  -3  -2  -4  -1   6    0   2   0   0   0   0   0   0   1   5   4   1   0   1   0   0   0   0   2  82  0.98 0.30
  397 S    -1  -1  -1   2  -5   1   6  -3   1  -4  -4   1  -2  -5  -3   0  -2  -4  -3  -3    4   2   1  11   0   5  60   0   4   0   0   5   1   0   0   6   0   0   0   0  0.81 0.24
  398 L    -2  -4  -5  -5  -2  -4  -4  -5  -4   3   4  -4   0  -1  -4  -4  -2  -3  -2   3    1   0   0   0   0   0   0   0   0  17  56   0   0   0   0   0   1   0   0  25  0.75 0.22
  399 C    -3  -6  -5  -6  11  -6  -6  -5  -6  -3  -4  -6  -4  -4  -5  -3  -3  -5  -5  -3    0   0   0   0  99   0   0   0   0   0   0   0   0   0   0   0   0   0   0   0  3.24 0.55
  400 N    -3  -2   5   6  -5  -1   2  -2   0  -3  -5  -2  -4  -5  -3  -1  -2  -5  -3  -3    0   1  33  48   0   0   9   2   1   1   0   0   0   0   0   1   0   0   1   1  1.02 0.27
  401 I    -2  -4  -5  -5  -3  -4  -5  -5  -5   7   0  -4   0  -2  -4  -3   0  -4  -3   2    2   0   0   0   0   0   0   0   0  79   3   1   1   0   0   0   5   0   0   8  1.06 0.30
  402 I    -2  -4  -5  -5  -3  -4  -4  -5  -5   4   0  -4   0  -2  -4  -3  -1  -4  -3   6    0   0   0   0   0   0   0   0   0  23   1   0   0   0   0   0   1   0   0  74  1.05 0.29
  403 A     6  -3  -3  -3   2  -3  -3  -2  -3  -3  -3  -2  -3  -4  -3   0   1  -4  -3  -1   84   0   0   0   4   0   0   0   0   0   0   0   0   0   0   3   7   0   0   2  1.00 0.30
  404 T    -1   1  -1  -2  -3   0   1  -3  -2  -1  -3   1  -2  -3  -2   1   5  -4  -3  -1    1   7   1   0   0   3  11   0   0   3   0   8   0   0   0  10  52   0   0   2  0.52 0.21
  405 R    -4   8  -3  -4  -6  -1  -2  -5  -2  -5  -4   0  -3  -5  -4  -3  -3  -5  -4  -5    0  99   0   0   0   0   0   0   0   0   1   0   0   0   0   0   0   0   0   0  1.96 0.42
  406 G     2  -4  -2  -3  -4  -3  -4   6  -4  -5  -5  -3  -4  -5  -4  -1  -3  -4  -5  -4   16   0   0   0   0   0   0  81   0   0   0   0   0   0   0   3   0   0   0   0  1.40 0.30
  407 A     6  -3  -3  -4  -2  -3  -3  -1  -4  -3  -3  -3  -3  -4  -2   0  -2  -5  -4  -2   96   0   0   0   0   0   0   1   0   0   0   0   0   0   1   2   0   0   0   0  1.30 0.36
  408 R    -4   8  -3  -4  -1  -1  -2  -5  -1  -5  -4   0  -4  -5  -4  -3  -3  -5  -4  -5    0  96   0   0   2   1   0   0   1   0   0   0   0   0   0   1   0   0   0   0  1.85 0.41
  409 L    -3  -4  -5  -6  -3  -4  -5  -6  -5   0   6  -4   0  -1  -5  -4  -3  -4  -3   0    0   0   0   0   0   0   0   0   0   0  97   0   0   0   0   0   0   0   0   2  1.27 0.32
  410 S     5  -3  -2  -2  -1  -2  -2  -2  -3  -3  -4  -2  -3  -4  -2   4  -1  -4  -3  -2   56   0   0   1   1   0   0   0   0   0   0   0   0   0   0  42   1   0   0   0  0.86 0.29
  411 A     6  -3  -3  -4  -2  -3  -3  -1  -4  -3  -3  -3  -3  -4  -3   0  -2  -5  -4  -2   96   0   0   0   0   0   0   2   0   0   0   0   0   0   0   2   0   0   0   0  1.30 0.36
  412 A     6  -3  -3  -4  -2  -3  -3  -2  -4  -3  -3  -3  -3  -4  -3   0  -1  -5  -4  -2   96   0   0   0   0   0   0   0   0   0   0   0   0   0   0   2   1   0   0   0  1.30 0.36
  413 G    -1  -4  -2  -3  -5  -4  -4   7  -4  -6  -6  -4  -5  -5  -4  -2  -4  -5  -5  -5    1   0   0   0   0   0   0  98   0   0   0   0   0   0   0   0   0   0   0   0  1.92 0.37
  414 I    -3  -5  -5  -5  -3  -5  -5  -6  -5   7   0  -5   1  -2  -5  -4  -2  -5  -3   2    0   0   0   0   0   0   0   0   0  85   3   0   2   0   0   0   0   0   0  10  1.32 0.34
  415 Y    -1  -3  -4  -4  -3  -3  -4  -4   0   0   3  -3   1   2  -4  -3  -2  -2   3   2    6   0   0   0   0   0   0   0   2   0  44   0   1  10   0   0   0   0  13  23  0.49 0.18
  416 G    -1  -4  -2  -3  -4  -4  -4   7  -4  -6  -6  -3  -5  -5  -4  -1  -3  -5  -5  -5    2   0   0   0   0   0   0  95   0   0   0   0   0   0   0   3   0   0   0   0  1.83 0.37
  417 I    -3  -5  -5  -5  -3  -5  -5  -6  -5   7   0  -5   0  -2  -5  -4  -3  -5  -3   2    0   0   0   0   0   0   0   0   0  88   1   0   0   0   0   0   0   0   0  10  1.42 0.36
  418 L    -3  -4  -5  -6  -3  -4  -5  -6  -5   1   6  -4   1  -1  -5  -4  -3  -4  -3   0    0   0   0   0   0   0   0   0   0   3  94   0   1   0   0   0   0   0   0   1  1.24 0.33
  419 K    -3   1  -2  -3  -5   0  -1  -4  -3  -4  -4   7  -2  -5  -3  -2  -3  -5  -4  -4    0   3   0   0   0   2   0   0   0   0   1  92   1   0   0   0   0   0   0   0  1.51 0.39
  420 K    -3   0  -2  -3  -5  -1  -1  -4  -3  -4  -4   7  -2  -5  -3  -2  -3  -5  -4  -4    0   0   0   0   0   0   0   0   0   0   0  98   1   0   0   0   0   0   0   0  1.68 0.43
  421 L    -2  -3  -4  -4  -3   0  -4  -4  -4   3   4  -3   5  -1  -4  -3   0  -3  -2   0    0   0   0   0   0   4   0   0   0  23  44   0  20   0   0   0   6   0   0   2  0.64 0.21
  422 G    -2  -4  -2  -2  -5  -3  -3   7  -4  -6  -6  -3  -5  -5  -4  -2  -4  -5  -5  -5    0   0   0   1   0   0   1  97   0   0   0   0   0   0   0   0   0   0   0   0  1.87 0.38
  423 R    -3   7  -2  -3  -4   0  -2  -4  -1  -4  -4   3  -3  -5  -4  -3  -3  -5  -4  -4    0  81   0   0   0   1   0   0   1   1   0  16   0   0   0   0   0   0   0   0  1.56 0.37
  424 D    -3  -4   0   8  -5  -2   0  -2  -1  -5  -6  -2  -5  -5  -4  -2  -3  -6  -5  -4    1   0   1  90   0   0   3   2   1   0   0   1   0   0   0   1   0   0   0   1  1.75 0.38
  425 T     0  -1  -1  -2   0  -2  -2   0  -3  -1  -2   0  -2  -3  -3   0   5  -4  -3   0    4   2   2   0   1   0   0   9   0   3   1   5   0   0   0   3  59   0   0   7  0.57 0.22
  426 T     0  -3  -3  -2  -1  -2  -3  -2  -3   1   1  -2   0  -1   2   0   0  -3  -2   4    5   1   0   2   1   0   0   2   0   7  11   1   2   2  13   8   4   0   0  41  0.30 0.13
  427 K    -1   3   0  -1  -2   0   0  -1  -1  -3  -3   5  -2  -4   0   0   0  -2  -3  -2    4  14   3   1   1   1   3   4   1   1   1  47   0   0   4   8   5   0   0   2  0.45 0.16
  428 D     0  -1   1   4  -3   0   3  -1  -2  -3  -3   0  -3  -4   0   1  -1  -4  -3  -1    8   0   5  31   0   3  24   3   0   0   1   3   0   0   4   9   3   0   0   4  0.43 0.14
  429 E    -1  -3   0   1  -3  -2  -1   6  -3  -4  -4  -2  -2  -3  -3  -1  -2  -4  -4  -3    3   1   4  10   0   0   2  67   0   0   1   2   1   1   1   3   1   0   0   2  0.93 0.22
  430 E    -2  -1  -1   2  -4   1   5   2  -1  -3  -3   0  -3  -4  -1  -1  -2  -4  -3  -2    1   2   1   7   0   2  56  15   0   1   1   3   0   0   3   2   1   0   0   3  0.63 0.20
  431 V    -1   1   2  -1  -3   1   0  -1  -2  -2  -2   5   0  -4  -1   0   0  -4  -3  -2    2   2   9   2   0   3   3   4   0   2   2  53   4   0   3   4   6   0   0   1  0.46 0.18
  432 Q    -2   2  -1  -2  -5   7   1  -2   1  -4  -4   1  -1  -5   1  -2  -2  -4  -3  -4    1   9   2   0   0  65   5   2   2   0   0   4   1   0   7   1   0   0   0   0  1.04 0.31
  433 K    -3   6  -1  -3  -5   0  -1  -3  -2  -5  -4   5  -3  -5  -3  -2  -2  -5  -4  -4    0  51   1   0   0   0   1   0   0   0   0  45   0   0   0   0   1   0   0   0  1.22 0.32
  434 S    -1  -2  -1  -2  -3  -2  -2  -3  -3  -2  -3  -2  -2  -3  -2   4   6  -4  -3  -2    1   0   1   0   0   0   0   0   0   1   0   0   1   0   0  37  57   0   0   0  0.96 0.31
  435 V    -1  -4  -5  -5  -3  -4  -4  -4  -5   1  -1  -4   0  -3  -4  -3  -2  -5  -3   7    4   0   0   0   0   0   1   0   0   2   0   0   1   0   0   0   1   0   0  91  1.23 0.34
  436 I    -3  -5  -5  -5  -3  -4  -5  -5  -5   6   0  -4  -1  -2  -4  -4  -2  -4  -3   4    0   0   0   0   0   0   0   0   0  70   0   0   0   1   0   0   0   0   0  29  1.15 0.30
  437 A     6  -3  -3  -4  -2  -3  -3  -1  -4  -3  -3  -3  -3  -4  -3   0  -2  -5  -4  -2   97   0   0   0   0   0   0   1   0   0   0   0   0   0   0   1   0   0   0   0  1.36 0.38
  438 M    -2  -3  -4  -5  -3  -3  -4  -5  -4   3   3  -3   7  -1  -4  -3  -2  -3  -3   3    0   0   0   0   0   0   0   0   0  13  25   0  42   0   0   0   0   0   0  19  0.87 0.26
  439 D    -4  -4  -1   8  -6  -2   0  -4  -3  -5  -6  -3  -5  -6  -4  -2  -3  -7  -5  -5    0   0   0  99   0   0   0   0   0   0   0   0   0   0   0   0   0   0   0   0  2.11 0.43
  440 G    -2  -4  -2  -3  -5  -4  -4   7  -4  -6  -6  -4  -5  -5  -4  -2  -4  -5  -5  -5    0   1   0   0   0   0   0  99   0   0   0   0   0   0   0   0   0   0   0   0  1.94 0.38
  441 G    -1  -4  -2  -3  -4  -4  -4   7  -4  -6  -6  -3  -5  -5  -4  -1  -3  -4  -5  -5    3   0   0   0   0   0   0  94   0   0   0   0   0   0   0   2   0   0   0   0  1.78 0.36
  442 L    -3  -4  -5  -5  -3  -4  -5  -5  -5   0   6  -4   1  -1  -5  -4  -3  -3  -3   1    0   0   0   0   0   0   0   0   0   0  91   0   0   0   0   0   0   0   0   7  1.16 0.31
  443 F    -4  -4  -5  -5  -4  -4  -5  -5  -1  -3  -2  -4  -2   7  -5  -4  -4   0   7  -3    0   0   0   0   0   0   0   0   0   0   0   0   0  49   0   0   0   0  50   0  1.75 0.38
  444 E    -3  -2  -2   0  -6   0   7  -4  -2  -5  -5   1  -4  -5  -3  -2  -3  -5  -4  -4    0   0   0   0   0   0  90   0   0   0   0   7   0   0   0   0   0   0   0   1  1.55 0.39
  445 H    -4  -1  -2  -4  -5  -1  -2  -4  10  -5  -5  -3  -4  -3  -5  -3  -4  -4   2  -5    0   2   0   0   0   2   0   0  90   0   1   0   0   0   0   0   0   0   5   0  2.43 0.48
  446 Y    -4  -4  -4  -5  -2  -4  -4  -5  -1  -4  -3  -4  -3   1  -5  -4  -4   0   9  -4    0   0   1   0   1   0   0   0   0   0   0   0   0   0   0   0   0   0  97   0  2.45 0.50
  447 T     0  -2  -1  -2  -3  -2  -2  -1  -3  -2  -3   0  -1  -4   0   2   6  -4  -3  -2    6   0   2   0   0   0   1   3   0   1   0   7   1   0   4  14  60   0   0   0  0.68 0.25
  448 Q    -1   0  -1  -1  -4   1   4  -3  -2   0  -2   4  -2   0  -3  -2  -2  -4  -2  -2    3   0   1   0   0   3  34   0   0   7   3  41   0   5   0   0   0   0   0   2  0.55 0.21
  449 F    -4  -5  -5  -5  -4  -5  -5  -5  -2  -2  -1  -5  -2   8  -5  -4  -4  -1   5  -3    0   0   0   0   0   0   0   0   0   0   1   0   0  78   0   0   0   0  19   0  1.78 0.38
  450 S    -1   6  -1  -3  -4  -1  -2  -2  -2  -4  -4   0  -3  -4  -3   3  -1  -4  -3  -4    3  62   1   0   0   0   0   2   0   0   0   0   0   0   0  30   1   0   0   0  1.02 0.30
  451 E    -1   0   2   0  -3   2   2  -2   0  -3  -3   3  -1  -4  -2   1   1  -3  -3  -2    3   2  14   1   0   8  17   1   2   1   0  24   1   0   0  14  10   0   0   2  0.33 0.13
  452 C    -1  -4  -3  -5  10  -4  -5  -4  -2  -3  -3  -4  -3  -3  -5   0  -1  -1   2  -3    3   0   1   0  75   0   0   0   1   0   0   0   0   1   0   9   2   1   8   0  2.03 0.41
  453 M    -3  -4  -5  -5  -3  -3  -4  -5  -4   0   5  -4   6  -1  -4  -4  -3  -3  -3   0    0   0   0   0   0   0   0   0   0   0  64   0  29   1   0   0   0   0   0   5  1.02 0.29
  454 E    -2  -1  -1   0  -5   3   6  -3  -2  -4  -3   2  -3  -5  -3  -2  -2  -4  -4  -3    0   1   2   1   0  10  70   1   0   0   1  10   0   0   0   0   1   0   0   2  1.06 0.30
  455 S     1  -1   4   0  -2   0   0   0  -1  -3  -4  -1  -3  -4  -3   4   0  -4  -3  -3    8   1  26   4   1   2   5   4   1   1   0   1   0   0   0  43   3   0   0   0  0.54 0.21
  456 S     1  -3  -2  -3  -1  -2  -2  -3  -4  -3  -3  -3  -3  -4  -3   1   7  -5  -4  -2   10   0   0   0   1   0   2   0   0   0   0   0   0   0   0   7  80   0   0   0  1.19 0.36
  457 L    -3  -4  -5  -5  -3  -4  -4  -5  -5   1   5  -4   2  -1  -4  -4  -2  -3  -3   1    1   0   0   0   0   0   0   0   0   4  81   0   3   0   0   0   1   0   0  10  0.98 0.27
  458 K     0   2   3   0  -2   0   0  -1   0  -3  -3   4  -2  -3  -2   0   0  -1  -2  -2    6  13  16   3   1   2   3   2   2   1   0  36   0   1   0   4   6   1   1   3  0.37 0.15
  459 E    -3  -2  -1   2  -6   0   7  -3  -1  -5  -5  -1  -4  -5  -3  -2  -3  -5  -2  -5    0   0   1  11   0   1  83   1   0   0   0   0   0   0   0   1   0   0   2   0  1.41 0.37
  460 L    -3  -4  -5  -5  -3  -4  -5  -5  -5   1   6  -4   3  -1  -5  -3  -3  -3  -3   0    0   0   0   0   0   0   0   0   0   3  88   0   6   0   0   2   0   0   0   1  1.14 0.31
  461 L    -3  -4  -5  -6  -3  -4  -5  -6  -5   1   6  -4   1  -1  -5  -4  -3  -4  -3   1    0   0   0   0   0   0   0   0   0   2  89   0   0   1   0   0   0   0   0   9  1.14 0.31
  462 G    -2  -4  -2  -3  -5  -4  -4   7  -3  -6  -6  -4  -5  -5  -3  -2  -4  -5  -5  -5    0   0   0   1   0   0   0  97   0   0   0   0   0   0   1   0   0   0   0   0  1.88 0.39
  463 D    -2  -1  -1   4  -5   0   5  -2  -1  -4  -4   0  -3  -4  -2  -1  -2  -4  -4  -3    1   2   1  30   0   2  49   1   1   1   0   5   0   0   1   2   1   0   0   2  0.85 0.24
  464 E    -2  -2  -2   1  -4   1   7  -2  -2  -4  -4   0  -4  -5  -3  -2  -2   0  -4  -4    2   0   0   6   0   2  80   2   0   0   0   3   0   0   0   1   1   2   0   0  1.22 0.33
  465 A     3  -3  -3  -3  -1  -3  -3  -2  -4   1   0  -3   0  -2  -3  -1   0  -4  -3   4   33   0   0   1   0   0   0   1   0   4   5   0   2   1   0   1   3   0   0  48  0.51 0.21
  466 S     4  -2  -2  -2  -1  -2  -2  -1  -3  -3  -3  -1  -3  -1  -2   4   0   0  -1  -2   42   0   0   1   0   0   0   2   0   0   0   2   0   2   0  43   2   1   2   0  0.62 0.24
  467 G     0   0   0   2  -3   0   3  -1   2  -4  -4   2  -2  -4   0   1   0  -4  -2  -3    7   2   1  11   0   2  28   3   7   0   0  19   1   0   3  13   3   0   0   0  0.38 0.14
  468 S    -1  -1   3  -1  -1  -1  -2  -2   2  -3  -3  -1  -2  -3  -2   4   4  -4  -3  -3    1   2  19   1   1   0   0   0   5   0   1   1   1   1   0  38  28   0   0   0  0.59 0.23
  469 V    -2  -4  -4  -5  -3  -4  -4  -5  -5   5   0  -4   0  -1  -4  -3  -2  -4  -3   5    1   0   0   0   0   0   0   0   0  44   2   0   1   1   0   0   1   0   0  49  0.93 0.27
  470 E     0  -2  -3  -3   0  -2  -1  -2  -3   2   0  -1  -1  -1  -3   0   0  -4  -2   5    6   1   1   1   1   0   5   3   0   7   2   3   0   3   0   9   3   0   0  55  0.37 0.18
  471 V    -2  -4  -5  -5  -2  -4  -4  -5  -4   6   1  -4   0   1  -4  -3  -2  -4  -2   3    1   0   0   0   1   0   0   0   0  60   6   0   1   6   0   0   1   0   0  23  0.84 0.25
  472 T    -2   0  -2   0  -4   0   5  -4  -2   0  -3   3  -3  -4  -3  -2  -1  -4  -3  -1    0   2   0   1   0   1  57   0   0   6   0  23   0   0   0   0   4   0   0   6  0.77 0.26
  473 H    -4  -2  -2  -4  -4   1  -3  -5   9  -3   3  -3   0  -3  -2  -3  -3  -4  -1  -3    0   0   0   0   0   5   0   0  61   0  30   0   2   0   2   0   0   0   0   0  1.39 0.37
  474 S     4  -3  -2  -3  -2  -2  -2  -2  -3  -3  -4  -2  -2  -3  -3   5   0  -4  -3  -1   40   0   0   0   0   0   0   0   0   0   0   0   0   1   0  54   2   0   0   3  0.82 0.29
  475 N    -3  -2   7   0  -5  -1  -1  -2  -1  -3  -5   1  -2  -5  -4  -1  -2  -6  -4  -4    0   0  77   3   0   1   2   0   0   2   0   9   1   0   0   3   1   0   0   1  1.33 0.35
  476 D    -4  -4  -1   8  -6  -3  -1  -4  -3  -6  -6  -3  -6  -6  -4  -3  -3  -7  -6  -6    0   0   0 100   0   0   0   0   0   0   0   0   0   0   0   0   0   0   0   0  2.20 0.46
  477 G    -2  -5  -3  -3  -5  -4  -4   7  -4  -6  -6  -4  -5  -5  -4  -2  -4  -5  -5  -4    0   0   0   0   0   0   0  98   0   0   0   0   0   0   0   0   0   0   0   1  1.97 0.40
  478 S    -1  -3  -2  -2  -3  -2  -2  -3  -3  -5  -5  -2  -4  -5  -1   7  -1  -5  -4  -4    0   0   0   0   0   0   0   0   0   0   0   0   0   0   2  98   0   0   0   0  1.51 0.44
  479 G    -2  -2  -2  -3  -5  -4  -4   7  -4  -6  -6  -3  -5  -5  -4  -1  -4  -5  -5  -5    0   2   0   0   0   0   0  95   0   0   0   0   0   0   0   2   0   0   0   0  1.84 0.38
  480 I    -3  -5  -5  -5  -3  -4  -5  -6  -5   7   1  -4   0  -2  -5  -4  -1  -4  -3   2    0   0   0   0   0   0   0   0   0  78   7   0   0   0   0   0   3   0   0  11  1.16 0.31
  481 G    -2  -5  -2  -2  -5  -4  -4   7  -4  -6  -6  -4  -5  -5  -4  -2  -4  -5  -5  -5    0   0   0   1   0   0   0  99   0   0   0   0   0   0   0   0   0   0   0   0  1.99 0.40
  482 A     7  -4  -4  -4  -2  -3  -3  -2  -4  -3  -4  -3  -3  -4  -3  -1  -2  -5  -4  -2  100   0   0   0   0   0   0   0   0   0   0   0   0   0   0   0   0   0   0   0  1.45 0.40
  483 A     6  -3  -3  -4  -2  -3  -3  -2  -4  -3  -4  -3  -3  -4  -3   0  -1  -5  -4  -2   95   0   0   0   0   0   0   0   0   0   0   0   0   0   0   3   2   0   0   0  1.31 0.37
  484 L    -3  -4  -5  -6  -3  -4  -5  -6  -5   1   6  -4   0  -1  -5  -4  -3  -4  -3  -1    0   0   0   0   0   0   0   0   0   2  97   0   0   0   0   0   0   0   0   0  1.31 0.34
  485 L    -3  -4  -5  -5  -3  -4  -5  -6  -5   2   6  -4   0  -1  -5  -4  -3  -3  -3   0    0   0   0   0   0   0   0   0   0  10  87   0   0   1   0   0   0   0   0   1  1.13 0.30
  486 A     6  -3  -4  -4  -2  -3  -3  -2  -4  -3  -4  -3  -3  -4  -3  -1  -2  -5  -4  -2   98   1   0   0   0   0   0   0   0   0   0   0   0   0   0   1   0   0   0   0  1.38 0.38
  487 A     7  -4  -4  -4  -2  -3  -3  -2  -4  -3  -4  -3  -3  -4  -3  -1  -2  -5  -4  -2   99   0   0   0   0   0   0   0   0   0   0   0   0   0   0   0   0   0   0   0  1.43 0.39
  488 S     0  -3  -1  -2   0  -2  -2  -2  -3  -5  -5  -2  -4  -5  -3   7  -1  -5  -4  -4    4   0   0   0   1   0   0   0   0   0   0   0   0   0   0  95   0   0   0   0  1.41 0.41
  489 H    -4  -2   1  -3  -5   1  -2  -4  10  -5  -5  -3  -4  -3  -4  -3  -4  -4   2  -5    0   1   7   0   0   6   0   0  79   0   0   0   0   0   0   0   0   0   6   1  2.05 0.43
  490 S     0  -3  -1  -2  -2  -2  -2  -2  -3  -5  -5  -2  -4  -5  -2   7  -1  -5  -4  -4    2   0   0   0   0   0   0   0   0   0   0   0   0   0   1  97   0   0   0   0  1.44 0.41
  491 L    -3   1  -1  -2  -5   7   0  -4   1  -4   0   0   0  -4  -3  -2  -3  -3  -3  -3    0   7   1   0   0  69   2   0   3   0  11   4   2   0   1   1   0   0   0   0  1.06 0.33
  492 Y    -4  -3  -4  -6  -1  -4  -4  -6   1  -3  -3  -4  -3   1  -5  -4  -4   0   9  -4    0   1   0   0   1   0   0   0   1   0   1   0   0   1   0   0   0   0  94   0  2.28 0.47
  493 L    -1  -2  -4  -4  -2  -3  -3  -4  -3   1   4  -3   1  -1   1  -2  -1  -3  -2   1    4   3   0   0   0   0   0   0   0   6  64   0   0   0   7   3   2   0   0  10  0.50 0.17
  494 E    -2  -1   1   2  -5   2   6  -2  -1  -5  -4   0  -3  -5  -2  -1  -2  -4  -3  -4    1   0   6   9   0   8  68   2   0   0   0   3   0   0   1   0   0   0   0   1  0.94 0.23
  495 D    -2   0   1   5  -4   2   4  -2  -1  -4  -4   0  -3  -4  -2   0  -1  -4  -2  -3    1   3   5  41   0   6  39   0   0   0   0   2   0   0   0   2   1   0   1   0  0.67 0.09
  496 S     0  -1   2   0  -2   2   0  -1  -1  -3  -3   0  -2  -3  -1   4   1  -3  -2  -2    2   0  15   0   0  14   0   0   0   0   0   0   0   0   0  65   4   0   0   0  0.45 0.06

                      K         Lambda
Standard Ungapped    0.1350     0.3185
Standard Gapped      0.0611     0.2670
PSI Ungapped         0.1996     0.3175
PSI Gapped           0.0611     0.2670
