
Last position-specific scoring matrix computed, weighted observed percentages rounded down, information per position, and relative weight of gapless real matches to pseudocounts
            A   R   N   D   C   Q   E   G   H   I   L   K   M   F   P   S   T   W   Y   V   A   R   N   D   C   Q   E   G   H   I   L   K   M   F   P   S   T   W   Y   V
    1 M    -1  -1  -2  -3  -2   0  -2  -3  -2   1   2  -1   6   0  -3  -2  -1  -2  -1   1    0   0   0   0   0   0   0   0   0   0   0   0 100   0   0   0   0   0   0   0  0.33 0.00
    2 L    -2  -2  -4  -4  -1  -2  -3  -4  -3   2   4  -3   2   0  -3  -3  -1  -2  -1   1    0   0   0   0   0   0   0   0   0   0 100   0   0   0   0   0   0   0   0   0  0.45 0.01
    3 H    -2   0   1  -1  -3   0   0  -2   8  -3  -3  -1  -2  -1  -2  -1  -2  -3   2  -3    0   0   0   0   0   0   0   0 100   0   0   0   0   0   0   0   0   0   0   0  0.85 0.00
    4 Q    -1   1   0   0  -3   6   2  -2   0  -3  -2   1   0  -3  -1   0  -1  -2  -2  -2    0   0   0   0   0 100   0   0   0   0   0   0   0   0   0   0   0   0   0   0  0.64 0.00
    5 Q    -1   1   0   0  -3   5   2  -2   0  -2  -2   1   0  -3  -1   0  -1  -2  -1  -2    1   1   1   1   0  85   1   1   0   1   1   1   0   1   1   1   1   0   0   1  0.51 0.00
    6 R    -1   4  -1  -1  -2   0   0  -2  -1  -1   1   1   0  -1  -1  -1  -1  -1  -1  -1    2  48   1   2   1   1   2   2   1   2  26   2   1   1   2   2   2   0   1   2  0.19 0.00
    7 N    -1   3   4   0  -2   0   0  -1   0  -2  -2   1  -1  -2  -1   0   0  -2  -1  -2    2  25  48   2   1   1   2   2   1   2   3   2   1   1   2   2   2   0   1   2  0.29 0.00
    8 Q    -1   0   0  -1  -2   4   1  -2   0  -2  -1   1   0   2  -1   0  -1  -1   0  -1    2   1   1   1   0  58   2   2   1   1   2   1   1  20   1   2   1   0   1   2  0.26 0.00
    9 H    -1   0   0   0  -3   1   2  -2   6  -3  -3   0  -2  -2   3  -1  -1  -2   1  -3    1   1   1   1   0   1  20   1  51   1   1   1   0   0  18   1   1   0   0   1  0.52 0.00
   10 A     3  -1  -1  -1  -1   0   1  -1  -2   0  -1  -1  -1  -2  -1   1   1  -3  -2   1   51   0   0   0   0   0  19   0   0   0   0   0   0   0   0   0  13   0   0  18  0.19 0.00
   11 R    -1   4   0  -1  -3   2   0   1   0  -3  -3   3  -1  -3  -2  -1  -1  -3  -2  -3    0  47   0   0   0  18   0  16   0   0   0  19   0   0   0   0   0   0   0   0  0.44 0.00
   12 L    -1  -1  -2  -3  -2  -1  -2  -3  -2   1   3   1   3   0  -3  -2  -1  -2  -1   0    0   0   0   0   0   0   0   0   0   0  64  18  19   0   0   0   0   0   0   0  0.25 0.00
   13 I    -2  -2   3  -1  -2  -2  -2  -2  -1   3   1  -2   0  -1  -3  -1  -1  -3  -2   2    0   0  36   0   0   0   0   0   0  64   0   0   0   0   0   0   0   0   0   0  0.20 0.00
   14 P    -1  -2  -2  -2  -3  -1  -1  -2  -2  -3  -3  -1  -2  -4   7   0   1  -4  -3  -2    0   0   0   0   0   0   0   0   0   0   0   0   0   0  85   0  15   0   0   0  1.66 0.01
   15 V    -1  -2  -3  -3  -1  -2  -3  -3  -3   2   2  -2   4   0  -3  -2  -1  -2  -1   3    0   0   0   0   0   0   0   0   0   0  25   0  35   0   0   0   0   0   0  40  0.28 0.00
   16 E    -1   0   0   2  -4   2   5  -2   0  -3  -3   1  -2  -3  -1   0  -1  -3  -2  -3    0   0   0   0   0   0 100   0   0   0   0   0   0   0   0   0   0   0   0   0  0.76 0.01
   17 L    -2  -2  -3  -4  -2  -2  -3  -3  -1   0   2  -3   1   1  -3  -3  -2   8   4   0    0   0   0   0   0   0   0   0   0   0  47   0   0   0   0   0   0  31  22   0  0.70 0.01
   18 Y    -1   0   2  -1  -3   0  -1  -2   1  -2  -2   2  -1   1  -2  -1  -1   0   5  -2    0   0  22   0   0   0   0   0   0   0   0  31   0   0   0   0   0   0  47   0  0.35 0.01
   19 M    -2  -2  -3  -4  -2  -1  -3  -3  -2   1   2  -2   8  -1  -3  -2  -1  -2  -2   0    0   0   0   0   0   0   0   0   0   0   0   0 100   0   0   0   0   0   0   0  0.80 0.09
   20 S     1  -1   1  -1  -1  -1  -1  -1  -1  -3  -3  -1  -2  -3  -1   5   1  -3  -2  -2    0   0   7   0   0   0   0   0   0   0   0   0   0   0   0  93   0   0   0   0  0.61 0.07
   21 D    -2  -2   1   7  -4  -1   2  -2  -2  -4  -4  -1  -4  -4  -2  -1  -2  -5  -4  -4    1   0   0  93   0   0   7   0   0   0   0   0   0   0   0   0   0   0   0   0  1.10 0.07
   22 K    -1   2   0  -1  -4   1   0  -2   0  -3  -3   6  -2  -4  -2  -1  -1  -4  -2  -3    0   1   1   0   0   0   0   0   1   0   1  95   0   0   0   0   1   0   0   0  0.70 0.07
   23 I    -2  -4  -4  -4  -2  -3  -4  -4  -4   5   1  -3   1   0  -3  -3  -1  -3  -2   2    0   0   0   0   0   0   0   0   0  98   0   0   0   2   0   0   0   0   0   0  0.63 0.07
   24 I    -1  -3  -3  -4  -1  -3  -3  -4  -4   4   2  -3   1  -1  -3  -2  -1  -3  -2   3    0   0   0   0   0   0   0   0   0  49  16   1   1   0   0   0   1   0   0  34  0.40 0.04
   25 H    -2   0   0  -1  -4   4   0  -3   8  -4  -3   0  -2  -2  -2  -1  -2  -3   1  -3    0   1   0   0   0  34   0   0  65   0   0   0   0   0   0   0   0   0   0   0  0.90 0.08
   26 L    -2  -3  -4  -4  -2  -3  -3  -4  -3   2   4  -3   2   0  -3  -3  -1  -2  -1   1    0   0   0   0   0   0   0   0   0   3  91   0   0   0   0   0   0   0   0   6  0.56 0.05
   27 T     0  -1   0  -1  -1  -1  -1  -2  -2  -2  -2  -1  -1  -3  -1   3   5  -3  -2  -1    1   0   0   0   0   0   0   0   0   0   0   0   0   0   0  26  73   0   0   0  0.55 0.06
   28 D    -2  -2   1   7  -4  -1   1  -2  -2  -4  -4  -1  -4  -4  -2  -1  -2  -5  -4  -4    0   0   0 100   0   0   0   0   0   0   0   0   0   0   0   0   0   0   0   0  1.20 0.08
   29 D     0  -2   2   5  -3  -1   1   0  -1  -3  -4  -1  -3  -4  -2   1  -1  -4  -3  -3   12   0   6  66   0   0   4   3   0   0   0   0   0   0   0   7   1   0   0   1  0.65 0.05
   30 S     1  -1   0  -1   0  -1  -1   1  -1  -3  -3   0  -2  -3  -1   4   1  -3  -2  -2    1   1   0   0   1   0   0  11   0   0   0   1   0   0   0  82   3   0   0   0  0.51 0.06
   31 F    -3  -3  -4  -4  -3  -4  -4  -4  -2  -1   0  -4   0   7  -4  -3  -3   1   3  -1    0   0   0   0   0   0   0   0   0   0   0   0   0 100   0   0   0   0   0   0  1.10 0.08
   32 D    -1  -1   0   5  -4   1   4  -1  -1  -4  -4   0  -3  -4  -2  -1  -1  -4  -3  -3    2   0   0  49   0   0  46   2   0   0   0   0   0   0   0   0   0   0   0   1  0.74 0.05
   33 T     2  -1   1  -1  -1  -1  -1  -1  -2  -1  -2   0  -1  -3  -1   2   4  -3  -2  -1   27   0   8   2   0   1   0   0   0   1   0   3   0   0   0  11  46   0   0   1  0.31 0.04
   34 D    -2  -2   1   6  -4   0   2  -2   0  -4  -4   0  -3  -4  -2   0  -1  -5  -3  -4    2   0   3  83   0   1   5   0   3   0   0   3   0   0   0   2   0   0   0   0  0.91 0.06
   35 V    -1  -3  -3  -4  -1  -3  -3  -4  -4   2   1  -3   0  -1  -3  -2   0  -3  -2   5    0   0   0   0   0   0   0   0   0   0   2   0   0   0   0   0   0   0   0  98  0.52 0.06
   36 L    -2  -3  -4  -4  -2  -3  -3  -4  -3   3   4  -3   2   0  -3  -3  -1  -2  -1   2    0   0   0   0   0   0   0   0   0  21  72   0   0   0   0   0   1   0   0   6  0.45 0.03
   37 K    -1   2   2   0  -3   2   1  -2   0  -3  -3   4  -2  -4  -2   0  -1  -3  -2  -3    0   2  16   1   0  13   1   0   1   0   0  65   0   0   0   1   0   0   0   0  0.49 0.04
   38 A     5  -2  -1  -2  -1  -1  -1   0  -2  -2  -2  -1  -1  -3  -1   1   0  -3  -2  -1   97   0   1   0   0   0   0   0   0   0   0   0   0   0   0   2   0   0   0   0  0.54 0.06
   39 D     1  -1   1   4  -2   1   3  -1  -1  -3  -3   0  -2  -3  -1   1   0  -3  -2  -2   14   0   3  31   0   4  25   0   0   0   0   4   0   0   1  15   3   0   0   0  0.39 0.02
   40 G     0  -2  -1  -1  -1  -1  -2   6  -2  -4  -4  -1  -3  -3  -2   0  -1  -3  -3  -3    3   2   0   1   2   2   0  83   0   0   0   1   0   0   0   3   1   0   0   2  0.86 0.04
   41 A     1  -2  -2  -2  -2  -2  -2  -2  -3  -1   1  -2  -1  -2   6   0  -1  -3  -2   0   19   0   0   0   0   0   0   0   0   0  21   0   0   1  49   3   0   0   0   7  0.77 0.03
   42 I    -1  -3  -3  -3  -1  -2  -3  -3  -3   3   1  -2   0   0  -3  -1   1  -3  -1   4    0   0   0   0   0   0   0   0   0  24   0   0   0   4   0   0  15   0   0  57  0.32 0.03
   43 L    -2  -3  -4  -4  -2  -3  -3  -4  -3   1   5  -3   2   0  -3  -3  -2  -2  -1   1    0   0   0   0   0   0   0   0   0   0 100   0   0   0   0   0   0   0   0   0  0.60 0.05
   44 V    -1  -3  -3  -4  -1  -3  -3  -4  -4   2   1  -3   0  -1  -3  -2   0  -3  -2   5    0   0   0   0   0   0   0   0   0   0   0   0   0   0   0   0   0   0   0 100  0.53 0.06
   45 D    -2  -2   1   7  -4  -1   1  -2  -2  -4  -4  -1  -4  -4  -2  -1  -2  -5  -4  -4    0   0   0 100   0   0   0   0   0   0   0   0   0   0   0   0   0   0   0   0  1.16 0.07
   46 F    -3  -3  -4  -4  -3  -4  -4  -4  -2  -1   0  -4   0   7  -4  -3  -3   1   3  -1    0   0   0   0   0   0   0   0   0   0   0   0   0 100   0   0   0   0   0   0  1.05 0.07
   47 W    -3  -3  -5  -5  -3  -3  -4  -3  -3  -3  -2  -4  -2   0  -5  -4  -3  12   2  -4    0   0   0   0   0   0   0   0   0   0   0   0   0   0   0   0   0 100   0   0  2.83 0.11
   48 A     5  -2  -2  -2  -1  -1  -1   0  -2  -2  -2  -1  -1  -3  -1   1   0  -3  -2  -1  100   0   0   0   0   0   0   0   0   0   0   0   0   0   0   0   0   0   0   0  0.57 0.06
   49 E    -1  -1  -1   1  -4   2   6  -3  -1  -4  -3   0  -2  -4  -2   0  -1  -3  -3  -3    2   0   0   1   0   0  97   0   0   0   0   0   0   0   0   0   0   0   0   0  0.88 0.06
   50 W    -3  -3  -5  -5  -3  -3  -4  -3  -3  -3  -2  -4  -2   0  -5  -4  -3  12   2  -4    0   0   0   0   0   0   0   0   0   0   0   0   0   0   0   0   0 100   0   0  2.83 0.11
   51 C    -1  -4  -3  -4  10  -4  -4  -3  -4  -2  -2  -4  -2  -3  -4  -1  -1  -3  -3  -1    0   0   0   0 100   0   0   0   0   0   0   0   0   0   0   0   0   0   0   0  1.70 0.09
   52 G     0  -3  -1  -2  -3  -2  -3   6  -3  -4  -4  -2  -3  -4  -3  -1  -2  -3  -4  -4    2   0   0   0   0   0   0  98   0   0   0   0   0   0   0   0   0   0   0   0  1.18 0.06
   53 P    -1  -3  -3  -2  -1  -1  -2  -3  -3  -3  -3  -1  -3  -4   8  -1  -2  -4  -3  -3    2   0   0   0   2   1   0   0   0   0   0   0   0   0  95   0   0   0   0   0  2.06 0.07
   54 C    -1  -4  -3  -4  10  -4  -4  -3  -4  -2  -2  -4  -2  -3  -3  -1  -1  -3  -3  -1    2   0   0   0  98   0   0   0   0   0   0   0   0   0   0   0   0   0   0   0  1.65 0.09
   55 K    -1   2  -1  -1  -4   1   0  -2  -1  -3  -3   6  -2  -4  -1  -1  -1  -4  -2  -3    0   0   0   0   0   0   0   0   0   0   0 100   0   0   0   0   0   0   0   0  0.73 0.07
   56 M    -2  -2  -3  -4  -2  -1  -3  -3  -2   1   2  -2   8   0  -3  -2  -1  -2  -2   0    0   0   0   0   0   0   0   0   0   1   0   0  99   0   0   0   0   0   0   0  0.76 0.09
   57 I    -2  -4  -4  -4  -2  -3  -4  -4  -4   5   2  -3   1   0  -3  -3  -1  -3  -2   2    0   0   0   0   0   0   0   0   0  97   3   0   0   0   0   0   0   0   0   0  0.58 0.06
   58 A     5  -2  -2  -2  -1  -1  -1   0  -2  -2  -2  -1  -1  -3  -1   1   0  -3  -2  -1  100   0   0   0   0   0   0   0   0   0   0   0   0   0   0   0   0   0   0   0  0.57 0.06
   59 P    -1  -3  -3  -2  -3  -2  -2  -3  -3  -3  -2  -2  -2  -4   8  -1  -2  -4  -3  -2    2   0   0   0   0   0   0   0   0   0   6   0   0   0  92   0   0   0   0   0  1.92 0.07
   60 I    -2  -3  -4  -4  -2  -3  -4  -4  -4   5   1  -3   1  -1  -3  -3  -1  -3  -2   3    0   0   0   0   0   0   0   0   0  91   3   0   0   0   0   0   0   0   0   7  0.54 0.05
   61 L    -2  -3  -4  -4  -2  -3  -3  -4  -3   1   5  -3   2   0  -3  -3  -2  -2  -1   1    0   0   0   0   0   0   0   0   0   0 100   0   0   0   0   0   0   0   0   0  0.60 0.05
   62 D    -1  -2   2   6  -4  -1   1  -2  -1  -4  -4  -1  -3  -4  -2   0  -1  -5  -3  -3    3   0   8  83   0   0   1   0   0   0   0   0   0   0   0   4   0   0   0   0  0.91 0.05
   63 E    -1  -1   0   3  -4   1   6  -2  -1  -4  -3   0  -3  -4  -2  -1  -1  -4  -3  -3    0   0   0  12   0   0  88   0   0   0   0   0   0   0   0   0   0   0   0   0  0.85 0.06
   64 I    -1  -3  -4  -4  -1  -3  -3  -4  -4   4   1  -3   1  -1  -3  -2  -1  -3  -2   3    0   0   0   0   0   0   0   0   0  66   0   0   0   0   0   0   0   0   0  34  0.47 0.04
   65 A     5  -2  -2  -2  -1  -1  -1   0  -2  -2  -2  -1  -1  -3  -1   1   0  -3  -2   0   93   0   0   0   0   0   0   0   0   0   0   0   0   0   0   6   0   0   0   1  0.52 0.05
   66 D    -1  -1   1   4  -3   1   3  -1  -1  -3  -3   0  -2  -3  -1   0   0  -4  -3  -2    3   0   6  35   0   3  35   3   0   0   0   0   0   0   1   1   9   0   0   4  0.45 0.03
   67 E    -1   0  -1   1  -4   2   6  -3   0  -4  -3   0  -2  -4  -2  -1  -1  -3  -3  -3    0   0   0   0   0   1  99   0   0   0   0   0   0   0   0   0   0   0   0   0  0.92 0.07
   68 Y    -2  -2  -3  -4  -3  -2  -3  -4   1  -2  -1  -3  -1   4  -4  -2  -2   2   7  -2    0   0   0   0   0   0   0   0   0   0   0   0   0  14   0   0   0   0  86   0  1.07 0.07
   69 Q     1   0   0   2  -3   3   3  -2   0  -3  -3   0  -2  -3  -1   0   0  -3  -2  -2   20   0   0  15   0  25  35   0   1   0   0   0   0   0   0   2   2   0   0   0  0.41 0.03
   70 G     0  -3   0  -1  -3  -2  -2   6  -2  -4  -4  -2  -3  -4  -3  -1  -2  -3  -4  -4    0   0   3   1   0   0   0  95   0   0   0   0   0   0   0   0   0   0   0   0  1.13 0.05
   71 K    -1   3  -1  -1  -4   1   0  -2  -1  -3  -3   5  -2  -4  -2  -1  -1  -3  -2  -3    0   9   0   0   0   2   0   0   0   0   0  88   0   0   0   0   0   0   0   0  0.66 0.06
   72 L    -1  -3  -4  -4  -1  -3  -3  -4  -3   2   4  -3   2   0  -3  -3  -1  -2  -1   2    0   0   0   0   0   0   0   0   0   2  78   0   0   0   0   0   0   0   0  21  0.46 0.04
   73 T     0  -1   0  -1  -1  -1  -1  -2  -2  -1  -2   0  -1  -3  -2   1   6  -3  -2   0    0   0   0   0   0   0   0   0   0   0   0   4   0   0   0   1  94   0   0   1  0.63 0.06
   74 V    -1  -3  -3  -4  -1  -3  -3  -4  -4   4   1  -3   1  -1  -3  -2  -1  -3  -2   4    0   0   0   0   0   0   0   0   0  48   3   0   0   0   0   0   0   0   0  49  0.44 0.04
   75 A     4  -2  -1  -2   0  -1  -1   3  -2  -2  -2  -1  -2  -3  -1   1   0  -3  -2  -1   64   0   0   0   1   0   0  28   0   0   0   0   0   0   0   2   6   0   0   0  0.44 0.04
   76 K    -1   2  -1  -1  -4   1   0  -2  -1  -3  -3   6  -2  -4  -1  -1  -1  -4  -2  -3    0   0   0   0   0   0   0   0   0   0   0 100   0   0   0   0   0   0   0   0  0.73 0.07
   77 L    -2  -3  -4  -4  -2  -3  -3  -4  -3   2   4  -3   2   0  -3  -3  -2  -2  -1   1    0   0   0   0   0   0   0   0   0   4  95   0   0   0   0   0   0   0   0   1  0.57 0.05
   78 N    -2  -1   7   1  -3   0  -1  -1   0  -4  -4  -1  -3  -4  -3   0   0  -4  -3  -4    0   0 100   0   0   0   0   0   0   0   0   0   0   0   0   0   0   0   0   0  1.00 0.07
   79 I    -2  -4  -4  -4  -2  -3  -4  -4  -4   5   1  -3   1  -1  -3  -3  -1  -3  -2   2    0   0   0   0   0   0   0   0   0 100   0   0   0   0   0   0   0   0   0   0  0.60 0.06
   80 D    -2  -2   1   7  -4  -1   1  -2  -2  -4  -4  -1  -4  -4  -2  -1  -2  -5  -4  -4    0   0   0 100   0   0   0   0   0   0   0   0   0   0   0   0   0   0   0   0  1.16 0.07
   81 Q    -1   0   0   1  -3   5   3  -2   2  -3  -3   1  -1  -3  -2   0  -1  -3  -2  -3    0   0   1   6   0  55  26   0   7   0   0   0   0   0   0   5   0   0   0   0  0.58 0.05
   82 N    -2  -1   7   1  -3   0  -1  -1   1  -4  -4  -1  -3  -4  -3   0   0  -4  -2  -3    0   0  97   0   0   0   0   0   2   0   0   0   0   0   0   1   0   0   0   0  0.95 0.07
   83 P     2  -2  -2  -2  -2  -1  -1  -1  -2  -2  -3  -1  -2  -3   7   1  -1  -4  -3  -2   24   0   0   0   0   1   0   1   0   0   0   0   0   0  60  10   1   0   0   1  1.10 0.04
   84 G     2  -1   0   1  -2   0   0   3   1  -3  -3  -1  -2  -3  -2   0  -1  -3  -2  -2   33   0   3   7   0   4   6  35   6   0   1   0   0   0   0   1   2   0   0   0  0.32 0.02
   85 T     0  -2  -1  -2   2  -1  -1  -2  -2  -1  -2  -1  -1  -2  -2   1   5  -3  -2   0    0   0   0   0   6   0   0   0   0   2   0   0   0   0   0   1  89   0   0   0  0.57 0.06
   86 A     3  -2  -2  -2  -1  -1  -1  -1  -2  -2  -2  -1  -2  -3   5   0  -1  -3  -2  -1   61   0   0   0   0   0   0   0   0   0   0   0   0   0  37   1   0   0   0   0  0.74 0.04
   87 P    -1  -3  -2  -2  -3  -2  -2  -3  -3  -3  -3  -1  -3  -4   8  -1  -1  -4  -3  -3    2   0   0   0   0   0   0   0   0   0   0   0   0   0  96   0   0   0   0   0  2.08 0.07
   88 K    -1   2  -1  -1  -3   1   0  -2  -1  -3  -3   5  -2  -3  -1  -1  -1   3  -2  -3    0   1   0   0   0   3   0   0   0   0   0  88   0   0   0   0   0   6   0   0  0.61 0.06
   89 Y    -2  -2  -3  -4  -3  -2  -3  -4   1  -1  -1  -3  -1   5  -4  -2  -2   2   7  -2    0   0   0   0   0   0   0   0   2   0   0   0   0  33   0   0   0   0  65   0  0.91 0.06
   90 G     0  -2  -1  -2  -3  -2  -2   6  -2  -3  -3  -2  -3  -3  -2  -1  -2  -3  -3  -3    1   0   0   0   0   0   0  92   0   2   1   0   0   0   0   0   0   0   0   0  1.03 0.05
   91 I    -1  -3  -3  -3  -2  -3  -2  -4  -3   5   1  -3   1  -1  -3  -2  -1  -3  -2   3    1   0   0   0   0   0   2   0   0  86   1   0   0   0   0   0   0   0   0   6  0.44 0.05
   92 R    -2   6  -1  -2  -4   1   0  -3  -1  -3  -2   2  -2  -3  -2  -1  -1  -3  -2  -3    1  94   0   0   0   0   0   0   0   0   1   0   0   0   0   0   0   0   0   0  0.87 0.06
   93 G     0  -2  -1  -2  -3  -2  -2   6  -2  -4  -4  -2  -3  -3  -2  -1  -2  -3  -3  -3    1   0   0   0   0   0   0  94   0   0   1   0   0   0   0   0   0   0   0   0  1.08 0.05
   94 I    -2  -3  -3  -3  -2  -3  -3  -4  -3   5   1  -3   1   0  -3  -3  -1  -3  -2   2    1   0   0   0   0   0   0   0   0  94   1   0   0   0   0   0   0   0   0   0  0.50 0.05
   95 P    -1  -3  -3  -2  -3  -2  -2  -3  -3  -3  -3  -2  -3  -4   8  -1  -2  -4  -4  -3    2   0   0   0   0   0   0   0   0   0   0   0   0   0  98   0   0   0   0   0  2.16 0.08
   96 T     0  -2   0   0  -1  -1  -1  -2  -2  -1  -2  -1  -1  -3  -2   1   5  -3  -2  -1    3   0   0   6   0   0   0   0   0   0   0   0   0   0   0   0  90   0   0   0  0.58 0.06
   97 L    -2  -2  -3  -4  -2  -2  -3  -4  -3   1   4  -3   2   0  -3  -1  -1  -2  -1   0    0   0   0   0   0   0   0   0   0   0  94   0   0   0   0   6   0   0   0   0  0.50 0.05
   98 L    -1  -3  -4  -4  -2  -2  -3  -4  -3   1   4  -3   2   0  -3  -2  -1  -2  -1   1    6   0   0   0   0   0   0   0   0   3  91   0   0   0   0   0   0   0   0   0  0.50 0.04
   99 L     0  -3  -4  -4  -2  -2  -3  -4  -3   1   4  -3   2   0  -3  -2  -1  -2  -1   1    8   0   0   0   0   0   0   0   0   0  92   0   0   0   0   0   0   0   0   0  0.50 0.04
  100 F    -3  -3  -4  -4  -3  -4  -4  -4  -2   0   0  -4   0   7  -4  -3  -2   0   3   0    0   0   0   0   0   0   0   0   0   0   0   0   0  94   0   0   0   0   0   6  0.93 0.07
  101 K    -1   2  -1  -1  -4   2   1  -2  -1  -3  -3   5  -2  -4  -1  -1  -1  -3  -2  -3    0   4   0   0   0   6   0   0   0   0   0  89   0   0   0   0   0   0   0   0  0.66 0.06
  102 N    -2  -1   5   4  -3   0   1   0   0  -4  -4   0  -3  -4  -2   0  -1  -4  -3  -3    1   0  58  31   0   0   2   4   0   0   0   4   0   0   0   0   0   0   0   0  0.66 0.04
  103 G     0  -3  -1  -2  -3  -2  -3   6  -3  -4  -4  -2  -3  -4  -3  -1  -2  -3  -4  -4    0   0   0   0   0   0   0 100   0   0   0   0   0   0   0   0   0   0   0   0  1.22 0.06
  104 E     1   0   1   1  -3   2   4  -1  -1  -3  -3   0  -2  -3  -1   1   0  -3  -2  -2   13   0   9   1   0   7  55   1   0   0   0   1   0   0   0   6   5   0   0   1  0.43 0.03
  105 V    -1  -3  -3  -4  -1  -3  -3  -4  -4   3   1  -3   1  -1  -3  -2   0  -3  -2   5    0   0   0   0   0   0   0   0   0   6   3   0   1   0   0   0   0   0   0  90  0.48 0.05
  106 A     4  -2  -2  -2  -1  -1  -1   0  -2   0  -1  -1  -1  -2  -1   1   0  -3  -2   1   82   0   0   0   0   0   1   0   0   3   0   0   0   0   0   3   0   0   0  12  0.39 0.04
  107 A     4  -2  -1   1  -1  -1  -1   0  -2  -2  -2  -1  -1  -3  -1   1   0  -3  -2  -1   89   0   0  11   0   0   0   0   0   0   0   0   0   0   0   0   0   0   0   0  0.47 0.05
  108 T     0  -2   0  -2  -1  -1  -1  -2  -2  -1  -2  -1  -1  -3  -2   1   6  -3  -2   0    0   0   0   0   0   0   0   0   0   0   0   0   0   0   0   1  99   0   0   0  0.69 0.07
  109 K    -1   2  -1  -1  -4   1   0  -2  -1  -3  -3   6  -2  -4  -1  -1  -1  -4  -2  -3    0   0   0   0   0   0   0   0   0   0   0 100   0   0   0   0   0   0   0   0  0.73 0.07
  110 V    -1  -3  -3  -4  -1  -3  -3  -4  -4   2   1  -3   0  -1  -3  -2   0  -3  -2   5    0   0   0   0   0   0   0   0   0   0   0   0   0   0   0   0   0   0   0 100  0.53 0.06
  111 G     0  -3  -1  -2  -3  -2  -3   6  -3  -4  -4  -2  -3  -4  -3  -1  -2  -3  -4  -4    0   0   0   0   0   0   0 100   0   0   0   0   0   0   0   0   0   0   0   0  1.22 0.06
  112 A     5  -2  -2  -2  -1  -1  -1   0  -2  -2  -2  -1  -1  -3  -1   1   0  -3  -2  -1  100   0   0   0   0   0   0   0   0   0   0   0   0   0   0   0   0   0   0   0  0.57 0.06
  113 L    -2  -3  -4  -4  -2  -3  -3  -4  -3   1   5  -3   2   0  -3  -3  -2  -2  -1   1    0   0   0   0   0   0   0   0   0   1  98   0   0   0   0   0   0   0   0   1  0.59 0.05
  114 S     1  -1   0  -1  -1   0  -1  -1  -1  -3  -3  -1  -2  -3  -1   5   1  -3  -2  -2    0   0   0   0   0   0   0   0   0   0   0   0   0   0   0  98   2   0   0   0  0.62 0.06
  115 K    -1   2  -1  -1  -4   1   0  -2  -1  -3  -3   6  -2  -4  -1  -1  -1  -4  -2  -3    0   1   0   0   0   0   0   0   0   0   0  99   0   0   0   0   0   0   0   0  0.72 0.06
  116 G     0  -2   0  -1  -2  -1  -1   4  -2  -2  -3  -1  -2  -3  -2   1   3  -3  -3  -2    1   0   2   0   0   0   0  44   0   0   0   3   0   0   0   8  42   0   0   0  0.47 0.04
  117 Q    -1   1   0  -1  -4   7   2  -2   0  -3  -3   1  -1  -4  -2  -1  -1  -3  -2  -3    0   0   0   0   0 100   0   0   0   0   0   0   0   0   0   0   0   0   0   0  0.94 0.08
  118 L    -2  -3  -4  -4  -2  -3  -3  -4  -3   1   5  -3   2   0  -3  -3  -2  -2  -1   1    0   0   0   0   0   0   0   0   0   0 100   0   0   0   0   0   0   0   0   0  0.60 0.05
  119 K    -1   2  -1  -1  -3   1   1  -2  -1  -3  -3   5  -2  -4  -1   0  -1  -3  -2  -2    0   0   0   0   0   0   3   0   0   0   0  93   0   0   0   2   0   0   0   2  0.63 0.06
  120 E    -1  -1  -1   2  -4   2   6  -2  -1  -4  -3   0  -2  -4  -2   0  -1  -3  -3  -3    2   0   0   7   0   2  88   0   0   0   0   0   0   0   0   0   1   0   0   0  0.83 0.06
  121 F    -3  -3  -4  -4  -3  -4  -4  -4  -2  -1   0  -4   0   7  -4  -3  -3   1   3  -1    0   0   0   0   0   0   0   0   0   0   1   0   0  99   0   0   0   0   0   0  1.06 0.08
  122 L    -2  -3  -4  -4  -2  -3  -3  -4  -3   2   5  -3   2   0  -3  -3  -2  -2  -1   1    0   0   0   0   0   0   0   0   0   4  96   0   0   0   0   0   0   0   0   0  0.59 0.05
  123 D    -2  -2   3   6  -4   0   1  -2  -1  -3  -4  -1  -3  -4  -2   0   0  -5  -3  -3    0   0  13  75   0   0   4   0   0   1   0   0   0   0   0   2   4   0   0   0  0.83 0.05
  124 A     4  -1  -1  -1  -1   0   0   0  -1  -2  -2   1  -1  -3  -1   1   0  -3  -2  -1   72   0   1   1   0   1   6   2   1   0   0  10   0   0   0   5   3   0   0   0  0.35 0.04
  125 N    -2  -1   7   1  -3   0  -1  -1   1  -4  -4   0  -3  -4  -3   0   0  -4  -3  -3    0   0  96   0   0   0   0   0   1   0   0   1   0   0   0   2   0   0   0   0  0.96 0.08
  126 L    -2  -3  -4  -4  -2  -2  -3  -4  -3   2   4  -3   2   0  -3  -3  -1  -2  -1   1    0   0   0   0   0   1   0   0   0  12  85   0   1   0   0   0   0   0   1   1  0.51 0.04
  127 A     4  -2  -1  -2  -1  -1  -1   3  -2  -2  -2  -1  -1  -3  -1   1   0  -3  -2  -1   72   0   0   0   0   0   0  25   0   0   0   0   0   0   0   3   0   0   0   0  0.40 0.01

                      K         Lambda
Standard Ungapped    0.1382     0.3200
Standard Gapped      0.0477     0.2670
PSI Ungapped         0.1559     0.3177
PSI Gapped           0.0477     0.2670
