
Last position-specific scoring matrix computed, weighted observed percentages rounded down, information per position, and relative weight of gapless real matches to pseudocounts
            A   R   N   D   C   Q   E   G   H   I   L   K   M   F   P   S   T   W   Y   V   A   R   N   D   C   Q   E   G   H   I   L   K   M   F   P   S   T   W   Y   V
    1 M    -2  -3  -4  -5  -3  -2  -4  -5  -4   2   1  -3   9  -2  -4  -3  -2  -3  -3   1    0   0   0   0   0   0   0   0   0  12   5   0  74   0   0   0   0   0   0   9  1.25 0.26
    2 S    -1   3  -2  -3  -5   2  -1  -4  -3  -5  -4   5  -3  -5   4  -1  -1  -5  -4  -4    3  18   0   0   0  11   0   0   0   0   0  44   0   0  19   3   2   0   0   0  0.91 0.28
    3 L    -3  -5  -6  -6  -3  -5  -5  -6  -5   5   5  -5   0  -2  -5  -5  -3  -2  -3   0    0   0   0   0   0   0   0   0   0  41  56   0   1   0   0   0   0   0   0   1  1.13 0.31
    4 V    -3  -5  -5  -6  -3  -5  -5  -6  -6   4  -1  -5  -1  -3  -5  -4  -2  -5  -4   6    0   0   0   0   0   0   0   0   0  27   1   0   0   0   0   0   0   0   0  72  1.34 0.36
    5 E    -4  -3  -3  -1  -7   2   7  -5  -3  -6  -5  -2  -4  -6  -4  -3  -4  -6  -5  -5    0   0   0   0   0   7  92   0   0   0   0   0   0   0   0   0   0   0   0   0  1.92 0.48
    6 C    -3  -7  -6  -7  11  -6  -7  -6  -6  -4  -5  -6  -5  -6  -6  -1  -4  -6  -6  -4    1   0   0   0  94   0   0   0   0   0   0   0   0   0   0   5   0   0   0   0  3.38 0.62
    7 V    -3  -5  -5  -6  -3  -5  -5  -6  -6   5  -1  -5  -1  -3  -5  -4  -2  -5  -4   6    0   0   0   0   0   0   0   0   0  33   0   0   0   0   0   0   0   0   0  66  1.35 0.36
    8 P    -3  -5  -5  -5  -6  -4  -4  -5  -5  -6  -6  -4  -6  -7   9  -3  -4  -7  -6  -6    1   0   0   0   0   0   0   0   0   0   0   0   0   0  98   0   0   0   0   0  3.03 0.57
    9 N    -5  -3   9  -2  -6  -3  -3  -3  -2  -6  -7  -3  -5  -6  -5  -2  -3  -7  -5  -6    0   0 100   0   0   0   0   0   0   0   0   0   0   0   0   0   0   0   0   0  2.52 0.56
   10 F    -5  -6  -6  -7  -5  -6  -6  -6  -4  -1  -2  -6  -3   9  -7  -5  -5  -2   2  -3    0   0   0   0   0   0   0   0   0   3   0   0   0  94   0   0   0   0   3   0  2.42 0.51
   11 S    -2  -4  -2  -3  -4  -3  -3  -3  -4  -5  -5  -3  -4  -5  -3   7  -1  -6  -5  -5    0   0   0   0   0   0   0   0   0   0   0   0   0   0   0 100   0   0   0   0  1.86 0.52
   12 E    -4  -3  -2   0  -7  -1   8  -5  -3  -6  -6  -2  -5  -6  -4  -3  -4  -6  -5  -5    0   0   1   3   0   0  96   0   0   0   0   0   0   0   0   0   0   0   0   0  2.04 0.50
   13 G     2  -5  -3  -4  -5  -4  -4   7  -4  -6  -6  -4  -5  -6  -4  -2  -4  -5  -5  -5   18   0   0   0   0   0   0  82   0   0   0   0   0   0   0   0   0   0   0   0  1.72 0.40
   14 R    -4   8  -3  -4  -5   0  -3  -5  -3  -4  -5   1  -4  -6  -5  -3  -4  -6  -5  -5    0  93   0   0   0   2   0   0   0   1   0   3   0   0   0   0   0   0   0   0  2.07 0.48
   15 D    -4   7   2   2  -4  -1  -2  -4  -2  -6  -5   0  -4  -5  -4  -2  -3  -6  -4  -5    0  72  10  14   0   0   0   0   0   0   0   1   0   0   0   1   0   0   0   0  1.47 0.39
   16 R    -1   0  -2  -3  -4   1   0  -3  -3  -3  -2   3  -2  -4   6  -1  -1  -5  -4  -2    3   5   1   0   0   7   6   1   0   1   3  20   1   0  45   2   3   0   0   2  0.93 0.25
   17 D    -2  -2  -2   2  -6   0   7  -3  -2  -5  -5   0  -4  -6  -3  -2  -3  -5  -4  -3    2   0   1  12   0   2  73   1   0   0   0   4   0   0   0   1   1   0   0   1  1.29 0.36
   18 R    -2  -3  -4  -5  -3  -4  -4  -5  -5   3  -1   0  -1  -3  -5  -4  -2  -5  -3   6    0   1   1   0   0   0   0   0   0  14   1   8   0   0   0   0   0   0   0  74  1.14 0.34
   19 V    -3  -5  -5  -5  -3  -5  -5  -6  -5   6   0  -5   0  -2  -5  -4  -2  -5  -2   5    0   0   0   0   0   0   0   0   0  48   6   0   1   0   0   0   0   0   1  44  1.16 0.32
   20 N    -1  -1   1   5  -5   2   5  -3  -2  -5  -5   0  -4  -5  -3  -2  -2  -5  -4  -4    6   2   5  33   0   7  42   1   0   0   0   3   0   0   0   1   0   0   0   0  0.92 0.28
   21 R     4   0  -2  -1  -3   4   2  -2  -2  -4  -3   2  -2  -4  -3   0  -1  -4  -3  -3   39   4   0   2   0  20  14   1   0   0   1  14   0   0   0   5   1   0   0   0  0.54 0.23
   22 I    -4  -6  -6  -6  -4  -6  -6  -7  -6   8   0  -5  -1  -3  -6  -5  -3  -5  -4   1    0   0   0   0   0   0   0   0   0  96   2   0   0   0   0   0   0   0   0   2  1.92 0.46
   23 R     1  -1  -4  -4   1  -2  -3  -4  -4   2   1  -2   0  -2  -4  -2  -1  -4  -3   5   13   3   0   0   2   1   1   0   0  12  11   2   2   0   0   1   2   0   0  49  0.51 0.20
   24 D     2  -1   1   4  -3   1   2   0  -2  -4  -4   0  -3  -4  -3   1  -1  -4  -4  -3   25   2   8  26   0   5  14   6   0   0   0   3   0   0   0   8   2   0   0   0  0.44 0.17
   25 A     4  -2  -3  -2  -2   0   4  -2  -3  -3  -4  -2  -3  -4  -2   1   0  -5  -4  -1   48   1   0   0   0   2  30   1   0   0   0   0   0   0   1   8   5   0   0   4  0.66 0.26
   26 I     0  -5  -5  -5  -3  -4  -5  -4  -5   6   0  -4   2  -1  -5  -4  -3  -4  -2   3    8   0   0   0   0   0   0   1   0  64   2   0   6   2   0   0   0   0   1  16  1.03 0.31
   27 A     0   4  -1  -2  -3   2   1  -2  -2  -3  -2   2  -2  -4  -3   0   2  -4  -3  -2    9  34   1   0   0  10   7   2   0   1   2  13   0   0   0   5  14   0   0   2  0.45 0.18
   28 S     2   0   0  -1  -3   1   0   0  -2  -3  -4   2  -3  -4  -2   4   0  -4  -3  -3   17   2   2   1   0   5   4   7   0   1   0  18   0   0   0  38   3   0   0   0  0.43 0.19
   29 V     0  -3  -4  -4  -2  -3  -3  -3  -3   2  -1  -2  -1  -2  -4  -3   0  -4   0   6    6   1   0   1   0   1   1   1   0   9   1   2   1   1   0   1   7   0   3  65  0.73 0.27
   30 D     0  -1   0   2  -3   0   3  -1  -2  -4  -4   1  -3  -5   5   0  -2  -5  -4  -3    8   2   3  10   0   2  25   4   0   0   0   9   0   0  28   6   1   0   0   0  0.62 0.19
   31 T    -1  -3   1   0  -5  -2   0   6  -3  -5  -5  -1  -4  -5  -2  -1  -2  -5  -4  -5    2   1   7   6   0   1   8  68   0   0   0   3   0   0   2   1   2   0   0   0  1.09 0.28
   32 V     1  -5  -5  -5  -2  -4  -5  -5  -5   3  -1  -4  -2  -3  -5  -3  -1  -5  -4   6    9   0   0   0   0   0   0   0   0  11   0   0   0   0   0   0   2   0   0  77  1.21 0.35
   33 K    -1   2  -1  -2  -3   1  -1  -3   3  -1  -2   3  -1  -2  -3   0   1   2   0   0    2  14   2   0   0   5   2   0   8   3   2  29   1   0   0   5  11   3   3   8  0.30 0.15
   34 I    -3  -4  -5  -5  -3  -4  -5  -5  -5   3   4  -4   1  -1  -5  -4  -2  -4  -3   3    0   0   0   0   0   0   0   0   0  16  55   0   2   1   0   0   0   0   0  25  0.89 0.26
   35 L    -4  -5  -6  -6  -4  -5  -5  -6  -5   0   6  -5   0  -1  -5  -5  -3  -3  -3  -1    0   0   0   0   0   0   0   0   0   2  95   0   0   1   0   0   0   0   0   1  1.51 0.39
   36 D    -4  -4   0   8  -6  -3  -1  -3  -4  -6  -7  -3  -6  -6  -4  -3  -4  -7  -4  -6    0   0   3  95   0   0   0   1   0   0   0   0   0   0   0   0   0   0   0   0  2.24 0.49
   37 V    -2   3  -3  -4  -1   1  -2  -4   2  -1  -2   0  -1   0  -4  -1  -1   3   5   2    2  21   0   0   1   7   0   0   5   2   1   5   1   1   0   4   3   3  27  17  0.47 0.20
   38 E    -2  -2  -1  -1  -3   1   4  -3   5  -5  -4  -1  -4  -4  -3   4  -1  -5  -3  -4    0   1   1   0   0   5  27   0  17   0   0   3   0   0   0  43   2   0   0   0  0.82 0.30
   39 M    -1  -3  -2  -3  -3  -3  -3  -3  -2  -2  -2  -2   7  -4   0   5   0  -3  -2  -3    3   1   0   0   0   0   0   0   0   1   1   0  30   0   4  55   2   0   1   0  1.00 0.36
   40 D    -5  -4   0   8  -7  -3  -1  -4  -4  -6  -7  -4  -6  -7  -4  -3  -4  -7  -6  -6    0   0   3  97   0   0   0   0   0   0   0   0   0   0   0   0   0   0   0   0  2.34 0.51
   41 P     3  -1  -2  -2  -2  -1   0  -1   0  -1   0   1  -1  -2   3   0  -1  -3  -1  -1   31   1   1   0   0   1   5   3   2   1  11  13   1   1  16   4   1   0   2   4  0.26 0.13
   42 N    -3  -4   1   8  -5  -3  -1  -4  -4  -6  -6  -3  -5  -6  -4   1  -2  -7  -5  -6    0   0   6  81   0   0   0   0   0   0   0   0   0   0   0  12   1   0   0   0  1.78 0.43
   43 H    -5  -4  -3  -4  -7  -3  -3  -5  11  -7  -6  -4  -5  -5  -6  -4  -5  -6  -1  -7    0   0   0   0   0   0   0   0 100   0   0   0   0   0   0   0   0   0   0   0  3.38 0.65
   44 N    -5  -3   9  -2  -6  -3  -3  -3   0  -6  -7  -3  -5  -6  -5  -2  -3  -7  -5  -6    0   0  99   0   0   0   0   0   1   0   0   0   0   0   0   0   0   0   0   0  2.46 0.55
   45 R    -4   8  -3  -5  -7  -2  -3  -5  -3  -6  -5  -1  -4  -6  -5  -4  -4  -6  -5  -6    0 100   0   0   0   0   0   0   0   0   0   0   0   0   0   0   0   0   0   0  2.40 0.54
   46 S     2  -3  -2  -3   0  -3  -3  -3  -3  -3  -3  -3  -2  -4  -3   4   5  -5  -4  -2   15   0   0   0   2   0   0   0   0   0   1   0   1   0   0  38  42   0   0   1  0.89 0.32
   47 V    -3  -5  -5  -2  -4  -5  -5  -6  -6   0  -2  -5  -2  -4  -5  -4  -3  -6  -4   7    0   0   0   3   0   0   0   0   0   0   0   0   0   0   0   0   0   0   0  97  1.74 0.46
   48 I    -3  -5  -5  -5  -3  -4  -5  -5  -5   4   2  -4   0   0  -5  -4  -2  -4  -3   5    0   0   0   0   0   0   0   0   0  26  14   0   1   2   0   0   0   0   0  56  0.99 0.29
   49 T    -3  -4  -3  -4  -4  -4  -4  -4  -5  -4  -4  -4  -4  -5  -4   0   8  -5  -5  -3    0   0   0   0   0   0   0   0   0   0   0   0   0   0   0   3  96   0   0   0  1.96 0.51
   50 F    -4  -5  -5  -6  -4  -5  -6  -6  -4   0   1  -5   2   8  -6  -5  -4  -2   2  -2    0   0   0   0   0   0   0   0   0   4  10   0   6  73   0   0   0   0   4   1  1.64 0.39
   51 V     1  -4  -5  -5  -1  -4  -4  -5  -5   4   0  -4   0  -2  -4  -3  -1  -5  -3   5   12   0   0   0   1   0   0   0   0  22   3   0   1   0   0   0   2   0   0  59  0.89 0.28
   52 C    -1  -5  -3  -4   2  -4  -5   7  -5  -6  -6  -4  -5  -6  -5  -2  -4  -5  -6  -5    4   0   0   0   5   0   0  91   0   0   0   0   0   0   0   1   0   0   0   0  1.92 0.42
   53 D     0  -2  -1   2  -4   0   4  -1   0  -4  -4  -1  -3  -5   3   1   0  -5  -3  -3    7   0   1  11   0   1  38   3   2   0   0   1   0   0  14  12   7   0   0   1  0.57 0.21
   54 S    -2  -4  -5  -3  -6  -4  -4  -5  -5  -2  -5  -3  -4  -6   8  -3  -4  -7  -5  -3    2   1   0   1   0   0   0   0   0   2   0   1   0   0  90   1   0   0   0   2  2.55 0.51
   55 S     1  -1  -1   2  -4   2   5  -1  -2  -4  -4   0  -2  -4  -3  -1  -2  -5  -4  -3   13   1   1  12   0  11  47   4   0   0   0   4   1   0   0   3   1   0   0   1  0.67 0.24
   56 K     4  -1  -1  -1  -3   0   1   1  -2  -3  -3   0  -2  -3   1   1  -1  -3  -3  -1   44   2   2   3   0   3   8  11   0   0   1   7   0   0   6   6   1   0   0   3  0.35 0.16
   57 A     1  -5  -5  -5   2  -4  -5  -5  -5   2  -1  -4   0  -3  -4  -3  -2  -5  -3   6   12   0   0   0   4   0   0   0   0   7   3   0   2   0   0   0   0   0   0  73  1.07 0.33
   58 V     0  -1  -2  -1  -4   0   4  -2  -2   0   0   3  -2  -2  -3  -1  -2  -4  -2   1    7   1   0   0   0   1  34   2   0   5  13  21   0   1   0   2   1   0   0  12  0.34 0.18
   59 D    -1  -1   0   2  -5   2   6  -4  -2  -4  -3   1  -3  -5  -3  -2  -2  -5  -4  -4    4   3   3   8   0   7  65   0   0   0   2   6   0   0   0   1   1   0   0   1  1.03 0.31
   60 A     7  -4  -4  -4  -3  -3  -3  -1  -4  -4  -4  -3  -4  -5  -3  -1  -2  -5  -4  -2   94   0   0   0   0   0   0   3   0   0   0   0   0   0   0   1   0   0   0   1  1.54 0.43
   61 A     6  -4  -4  -4  -1  -3  -3  -2  -4  -1  -1  -3   0  -4  -3  -1  -2  -5  -4   0   83   0   0   0   1   0   0   0   0   3   4   0   2   0   0   0   1   0   0   6  1.16 0.37
   62 F    -5  -5  -6  -6  -4  -6  -6  -6  -4   0   0  -6  -2   8  -6  -5  -4   1   3  -2    0   0   0   0   0   0   0   0   0   4   7   0   0  80   0   0   0   1   6   2  1.87 0.42
   63 A     2   4   2   0  -3   2   0  -2  -1  -4  -1   1  -2  -4  -3  -1  -2  -4  -3  -3   19  32  14   5   0  10   3   0   0   0   6   6   0   0   0   2   1   0   0   1  0.45 0.19
   64 G     4  -3  -3  -3   0  -3  -3   3  -3  -3   0  -3   3  -3  -3   1  -1  -4  -4  -2   42   0   0   0   2   0   0  28   0   0   8   0   9   0   0   9   1   0   0   1  0.60 0.23
   65 I     2  -4  -4  -4   4  -4  -4  -4  -4   5  -1  -4   0  -2  -4  -1   1  -4  -1   1   18   0   0   0  11   0   0   0   0  50   0   0   1   0   0   3   8   0   3   6  0.69 0.25
   66 K     3   2  -2  -2  -3   2   1  -1  -2  -3  -3   4  -2  -4  -3   0  -2  -4  -3  -2   26   9   0   0   0   8   6   2   0   1   2  39   1   0   0   4   1   0   0   1  0.53 0.22
   67 A    -1   3  -2  -3  -4   0  -1  -4  -3  -2  -3   6  -2  -5  -3  -2   2  -5  -4   0    3  12   0   0   0   1   1   0   0   2   1  59   1   0   0   0  14   0   0   6  0.84 0.29
   68 A     7  -4  -4  -4  -1  -3  -4  -2  -4  -4  -4  -3  -4  -5  -3  -1  -2  -5  -4  -2   97   0   0   0   1   0   0   0   0   0   0   0   0   0   0   0   0   0   0   2  1.63 0.45
   69 A     5  -2  -3  -3  -1  -2  -3  -1  -3  -1  -3  -2  -1  -4  -3   2   0  -4  -1   0   59   2   0   0   1   1   0   2   0   2   0   1   1   0   0  19   3   0   2   6  0.67 0.26
   70 E    -2   0  -2   0  -6   2   7  -3  -2  -6  -5   0  -4  -6  -4  -2  -3  -5  -4  -5    3   4   0   2   0   8  77   2   0   0   0   2   0   0   0   1   1   0   0   0  1.37 0.38
   71 I    -4  -3  -3  -6  -4  -4  -5  -6  -2   0   6  -3   0  -2  -5  -4  -3  -3  -3  -1    0   1   1   0   0   0   0   0   1   2  89   1   1   0   0   1   0   0   0   2  1.23 0.35
   72 I    -4  -6  -6  -6  -4  -6  -6  -7  -6   8  -1  -6  -1  -3  -6  -5  -3  -5  -4   0    0   0   0   0   0   0   0   0   0  99   1   0   0   0   0   0   0   0   0   0  2.05 0.48
   73 D    -5  -4   3   8  -6  -3  -1  -4  -4  -6  -7  -3  -6  -6  -4  -3  -4  -7  -6  -6    0   0  12  87   0   0   0   0   0   0   0   0   0   0   0   0   0   0   0   0  2.08 0.47
   74 M    -4  -4  -5  -6  -4  -4  -5  -6  -5  -1   5  -4   8  -2  -5  -5  -3  -4  -4  -2    0   0   0   0   0   0   0   0   0   0  50   0  50   0   0   0   0   0   0   0  1.61 0.42
   75 D    -2   2   4   4  -4  -1   2  -2  -2  -4  -4  -1  -4  -5  -3   0   2  -5  -4  -4    1  12  21  28   0   1  14   1   0   0   0   1   0   0   0   6  15   0   0   0  0.64 0.22
   76 A    -1   1   0  -1  -4   3   2  -3   3  -2  -2   3  -2  -3  -3  -1   1  -4  -1  -1    2   5   5   1   0  20  11   1   9   1   2  26   0   0   0   2   9   0   2   5  0.40 0.18
   77 H    -5  -3  -3  -4  -6   0  -3  -5  11  -7  -6  -4  -5  -5  -6  -4  -5  -6  -1  -7    0   0   0   0   0   3   0   0  97   0   0   0   0   0   0   0   0   0   0   0  3.22 0.63
   78 R    -2   3  -1  -2  -4   3   1  -3   2  -3  -4   3  -3  -4  -3   1   3  -4  -3  -3    0  15   1   0   0  17   9   0   5   1   0  21   0   0   0   8  21   0   0   0  0.52 0.21
   79 G    -2  -5  -3  -4  -5  -5  -5   7  -5  -7  -7  -4  -6  -6  -5  -3  -4  -5  -6  -6    0   0   0   0   0   0   0 100   0   0   0   0   0   0   0   0   0   0   0   0  2.27 0.47
   80 E     1  -3  -3  -1  -5   1   7   0  -3  -5  -5  -1  -4  -6  -4  -2  -3  -5  -4  -4   12   0   0   0   0   5  75   6   0   0   0   1   0   0   0   1   1   0   0   0  1.31 0.38
   81 H    -5  -4  -3  -4  -7  -3  -3  -5  11  -7  -6  -4  -5  -5  -6  -4  -5  -6  -1  -7    0   0   0   0   0   0   0   0 100   0   0   0   0   0   0   0   0   0   0   0  3.38 0.65
   82 P    -4  -5  -4  -5  -6  -4  -4  -5  -5  -6  -6  -4  -6  -7   9  -4  -4  -7  -6  -6    0   0   1   0   0   0   0   0   0   0   0   0   0   0  99   0   0   0   0   0  3.06 0.58
   83 R    -4   8  -3  -5  -5  -2  -3  -5  -3  -6  -5  -1  -4  -6  -5  -4  -4  -6  -5  -6    0 100   0   0   0   0   0   0   0   0   0   0   0   0   0   0   0   0   0   0  2.38 0.54
   84 F    -3  -4  -5  -6  -4  -4  -5  -6  -5   5   1  -4   8   1  -5  -4  -3  -4  -3   1    0   0   0   0   0   0   0   0   0  36  10   0  45   4   0   0   0   0   0   4  1.28 0.36
   85 G    -2  -5  -3  -4  -5  -5  -5   7  -5  -7  -7  -4  -6  -6  -5  -3  -4  -5  -6  -6    0   0   0   0   0   0   0 100   0   0   0   0   0   0   0   0   0   0   0   0  2.27 0.47
   86 A     7  -4  -4  -5  -3  -4  -4  -2  -4  -4  -4  -3  -4  -5  -4  -1  -3  -5  -5  -3  100   0   0   0   0   0   0   0   0   0   0   0   0   0   0   0   0   0   0   0  1.75 0.47
   87 A     1  -4  -3  -4   1  -3  -3  -4  -4  -2  -1  -3   0  -4  -4  -1   7  -5  -4   0   10   0   0   0   3   0   0   0   0   1   4   0   2   0   0   1  72   0   0   7  1.11 0.36
   88 D    -5  -5  -1   8  -7  -3  -1  -4  -4  -6  -7  -4  -6  -7  -4  -3  -4  -7  -6  -6    0   0   0 100   0   0   0   0   0   0   0   0   0   0   0   0   0   0   0   0  2.47 0.53
   89 V    -3  -5  -6  -6  -4  -5  -5  -6  -6   0  -2  -5  -2  -4  -5  -4  -3  -6  -4   7    0   0   0   0   0   0   0   0   0   0   0   0   0   0   0   0   0   0   0 100  1.87 0.48
   90 I    -2  -5  -5  -5   4  -5  -5  -6  -5   5  -1  -5   0  -2  -5  -4  -2  -5  -3   5    0   0   0   0  10   0   0   0   0  32   1   0   1   1   0   0   0   0   0  55  1.12 0.32
   91 P    -4  -5  -5  -5  -6  -4  -4  -5  -5  -6  -6  -4  -6  -7   9  -4  -4  -7  -6  -6    0   0   0   0   0   0   0   0   0   0   0   0   0   0 100   0   0   0   0   0  3.13 0.59
   92 F    -5  -6  -6  -6  -5  -6  -6  -6  -4  -2   1  -6  -2   9  -6  -5  -5  -2   0  -3    0   0   0   0   0   0   0   0   0   0  11   0   0  89   0   0   0   0   0   0  2.23 0.48
   93 V    -3  -5  -5  -5  -3  -5  -5  -6  -6   5  -1  -5  -1  -3  -5  -4  -1  -5  -4   6    0   0   0   0   0   0   0   0   0  37   0   0   0   0   0   0   2   0   0  61  1.28 0.35
   94 P    -4  -5  -5  -5  -6  -4  -4  -5  -5  -6  -6  -4  -6  -7   9  -4  -4  -7  -6  -6    0   0   0   0   0   0   0   0   0   0   0   0   0   0 100   0   0   0   0   0  3.13 0.59
   95 L    -3  -5  -5  -5  -3  -5  -5  -6  -5   6   2  -5   0  -2  -5  -4  -3  -5  -3   3    0   0   0   0   0   0   0   0   0  59  17   0   0   0   0   0   0   0   0  23  1.13 0.31
   96 Q     0   3  -1  -2  -3   0  -1  -1  -2  -4  -3   2   0  -4  -3   4   0  -3  -2  -3    6  19   0   1   0   4   2   2   0   0   1  11   3   0   0  47   2   0   1   0  0.57 0.24
   97 D    -3  -3   3   4  -5  -2   1   5  -3  -5  -6  -2  -5  -5  -4  -2  -3  -5  -4  -5    0   0  17  29   0   0  10  42   0   0   0   0   0   0   0   0   0   0   0   0  0.98 0.28
   98 T     1  -4  -4  -5  -2  -4  -4  -4  -5   3  -1  -4   2  -2  -4  -2   1  -5  -3   5   10   0   0   0   0   0   0   0   0  15   1   0   5   1   0   1   8   0   0  59  0.80 0.27
   99 K    -2  -3  -1  -2  -3  -2  -2  -3  -4  -3  -4  -1  -3  -5  -3   3   7  -5  -4  -3    0   0   1   1   0   0   2   1   0   0   0   3   0   0   0  19  71   0   0   0  1.23 0.39
  100 M    -4  -4  -4  -6  -4  -2  -3  -5  -4   1   0  -3  10  -3  -5  -4  -1  -4  -4  -1    0   0   0   0   0   1   2   0   0   5   5   1  78   0   0   0   4   0   0   3  1.93 0.49
  101 E     1  -1  -1   3  -4   2   5  -3  -2  -4  -4   0  -3  -5  -2  -1  -2  -5  -4  -3   14   2   1  21   0   9  42   1   0   0   1   4   0   0   1   2   1   0   0   1  0.70 0.24
  102 T    -3  -3  -2   5  -6   0   6  -4  -3  -6  -6  -2  -5  -5  -4  -2  -2  -6  -4  -5    1   0   0  28   0   2  67   0   0   0   0   0   0   0   0   0   1   0   0   0  1.47 0.39
  103 C     0  -7  -6  -7  11  -6  -7  -6  -6  -4  -4  -6  -5  -6  -6  -4  -4  -6  -6  -4    7   0   0   0  93   0   0   0   0   0   0   0   0   0   0   0   0   0   0   0  3.32 0.61
  104 V    -1  -5  -5  -5  -3  -5  -5  -6  -5   4  -1  -4  -1  -3  -5  -4  -2  -5  -4   6    3   0   0   0   0   0   0   0   0  25   0   1   0   0   0   0   0   0   0  71  1.27 0.36
  105 R     2  -1  -1   0  -4   2   5  -3  -2  -4  -3   0  -3  -4  -3  -1  -1  -5  -4  -2   20   2   2   3   0   8  52   1   0   0   1   3   0   0   0   2   3   0   0   2  0.73 0.26
  106 L    -3  -4  -5  -5  -3  -4  -5  -5  -4   4   5  -4   4  -1  -5  -4  -3  -2   0   0    1   0   0   0   0   0   0   0   0  24  56   0  14   0   0   0   0   0   3   1  0.94 0.28
  107 A     6  -4  -4  -4  -3  -3  -3  -2  -4  -4  -4  -3  -3  -5  -3   2  -2  -5  -4  -3   86   0   0   0   0   0   0   0   0   0   0   0   0   0   0  14   0   0   0   0  1.40 0.41
  108 R    -3   6   2  -2  -5   2   0  -4   3  -4  -4   4  -3  -5  -4  -2  -3  -5  -3  -4    1  44   9   1   0   7   3   0   7   0   0  28   0   0   0   0   0   0   0   1  0.94 0.28
  109 D    -1   5  -1  -1  -5   2   3  -3   0  -4  -4   2  -3  -5  -3   0  -1  -5  -3  -4    3  42   1   3   0   9  21   1   1   1   0  10   0   0   0   6   2   0   0   0  0.74 0.24
  110 L    -2  -4  -5  -6  -2  -4  -5  -6  -5   0   5  -5   0   0  -5  -4  -2  -4  -3   2    2   0   0   0   1   0   0   0   0   0  76   0   0   3   0   0   1   0   0  17  1.07 0.31
  111 G     1  -5  -3  -4  -5  -4  -4   7  -5  -6  -6  -4  -5  -6  -4  -2  -4  -5  -5  -5   13   0   0   0   0   0   0  87   0   0   0   0   0   0   0   0   0   0   0   0  1.83 0.41
  112 K    -1   3  -2  -2  -5   4   3  -4  -2  -5  -4   5  -3  -5  -3  -1  -2  -4  -4  -4    5  12   0   0   0  18  21   0   0   0   0  41   0   0   0   2   0   0   0   0  0.83 0.27
  113 R    -3   7  -3  -2  -6  -1   2  -5  -2  -5  -5   2  -3  -5  -4  -3  -3  -4  -4  -4    1  73   0   1   0   1  15   0   0   0   0   7   0   0   0   0   1   0   0   1  1.49 0.39
  114 V    -2  -5  -5  -5  -3  -5  -5  -5  -5   5   0  -5   1   0  -5  -4  -2  -5  -3   5    1   0   0   0   0   0   0   0   0  38   1   0   2   3   0   0   0   0   0  53  1.09 0.32
  115 G     3  -4  -2  -4  -4  -4  -4   6  -4  -5  -5  -3  -4  -4  -4   0  -3   1  -4  -4   24   0   0   0   0   0   0  69   0   0   0   0   0   0   0   4   0   2   0   0  1.34 0.34
  116 E    -1   1   1   3  -5   0   5  -2  -1  -4  -4   0  -4  -5  -3   0  -1  -5  -3  -4    3   8   5  18   0   2  47   2   1   0   0   4   0   0   0   7   3   0   0   0  0.73 0.24
  117 E    -3   0  -2   0  -6   0   7  -4  -2  -5  -5   2  -4  -5  -3  -2  -2  -5  -4  -5    0   3   1   1   0   1  75   1   0   0   0  15   0   0   0   1   2   0   0   0  1.35 0.38
  118 L    -3  -5  -5  -6  -4  -4  -5  -6  -4  -1   6  -5   0   0  -5  -4  -2  -1  -1  -1    1   0   0   0   0   0   0   0   0   0  91   0   0   4   0   0   1   1   2   0  1.34 0.37
  119 G    -1  -1   4   1  -4   2   0   3   1  -5  -4   1  -3  -4  -3   1  -2  -4  -3  -4    3   2  22   6   0   9   5  29   3   0   0  10   0   0   0   9   0   0   0   0  0.50 0.18
  120 I    -4  -6  -6  -6  -4  -5  -6  -6  -6   8   0  -5  -1  -2  -5  -5  -3  -5  -4   2    0   0   0   0   0   0   0   0   0  90   2   0   0   0   0   0   0   0   0   8  1.75 0.43
  121 P    -3  -5  -5  -5  -6  -4  -4  -5  -5  -6  -6  -4  -6  -7   9  -2  -4  -7  -6  -5    1   0   0   0   0   0   0   0   0   0   0   0   0   0  96   3   0   0   0   0  2.91 0.56
  122 V    -2  -5  -5  -6   1  -5  -5  -6  -6   1  -2  -5  -1  -3  -5  -4  -1  -5  -4   7    0   0   0   0   2   0   0   0   0   5   0   0   0   0   0   0   3   0   0  89  1.50 0.41
  123 Y    -5  -5  -5  -6  -5  -5  -5  -6  -1  -3  -4  -5  -4   4  -6  -5  -5  -1   9  -4    0   0   0   0   0   0   0   0   0   0   0   0   0  15   0   0   0   0  85   0  2.50 0.54
  124 L    -4  -5  -6  -6  -4  -5  -5  -6  -4  -1   6  -5   1   0  -5  -5  -4  -4  -3  -2    0   0   0   0   0   0   0   0   0   0  94   0   2   3   0   0   0   0   0   0  1.47 0.39
  125 Y    -5  -5  -5  -6  -6  -5  -5  -6  -1  -5  -4  -5  -4   0  -6  -5  -5  -1  10  -4    0   0   0   0   0   0   0   0   0   0   0   0   0   0   0   0   0   0 100   0  2.97 0.62
  126 A    -2  -3  -3  -1  -6  -1   7  -2  -3  -6  -6  -2  -5  -6  -4  -2  -4  -6  -4  -5    2   0   0   0   0   0  94   3   0   0   0   0   0   0   0   1   0   0   0   0  1.89 0.48
  127 E     2   0  -1   2  -3   1   4  -3  -1  -4  -3   2  -3  -4  -3   0  -2  -4  -1  -3   22   4   2  10   0   3  35   0   1   0   1  15   0   0   0   5   0   0   2   0  0.50 0.20
  128 A     6  -4  -4  -4  -3  -3  -3  -2  -4  -4  -4  -3  -4  -5  -3   2  -2  -5  -4  -3   87   0   0   0   0   0   0   0   0   0   0   0   0   0   0  13   0   0   0   0  1.42 0.41
  129 A     7  -3  -4  -4  -2  -2  -3  -2  -4  -4  -4  -3  -4  -5  -3  -1  -3  -5  -4  -3   97   0   0   0   1   1   0   0   0   0   0   0   0   0   0   1   0   0   0   0  1.65 0.45
  130 Q    -1   0  -2  -3  -2  -1  -2  -4  -4  -2  -2   0  -1  -3  -3   1   6  -5  -4  -2    4   4   0   0   0   2   0   0   0   1   3   6   1   0   1  11  64   0   0   1  0.88 0.31
  131 R    -1   6  -1  -3   0  -1  -2  -3  -1  -2  -3   1  -2  -4  -4   1   0  -5  -4  -2    5  58   2   0   2   1   0   0   1   2   1   8   1   0   0  10   6   0   0   2  0.85 0.28
  132 P    -2  -4  -4  -3  -5  -2  -1  -5  -5  -5  -5  -2  -5  -6   8  -1  -3  -6  -5  -5    3   0   0   1   0   1   4   0   0   0   0   2   0   0  83   3   1   0   0   0  2.24 0.46
  133 D    -2  -2  -1   4  -5   0   6  -2   1  -5  -5   0  -4  -5  -3   0  -2  -2  -2  -4    3   0   1  25   0   1  54   2   4   0   0   3   0   0   0   4   1   0   1   0  0.97 0.29
  134 R    -4   8  -2  -5  -4  -2  -3  -5  -3  -6  -5   0  -3  -5  -5  -4  -4  -6  -4  -5    0  97   1   0   0   0   0   0   0   0   0   1   0   0   0   0   0   0   0   0  2.24 0.51
  135 S    -1   3  -2  -2  -4   2   3  -3  -2  -2  -3   3  -2  -4  -3  -1   0  -4  -3   1    3  18   0   0   0  11  22   0   0   1   0  24   0   0   0   1   6   0   0  13  0.48 0.20
  136 D    -3  -1   8   2  -5  -2  -3  -3  -2  -6  -6  -2  -5  -6  -5  -1  -2  -6  -5  -3    1   3  82   7   0   0   0   0   0   0   0   1   0   0   0   3   0   0   0   2  1.74 0.44
  137 L    -4  -5  -6  -6  -4  -5  -6  -6  -5  -1   6  -5   0  -2  -6  -5  -4  -4  -4  -2    0   0   0   0   0   0   0   0   0   0 100   0   0   0   0   0   0   0   0   0  1.67 0.42
  138 A     5  -3  -3  -2  -3  -1   4  -3  -3  -4  -4  -2  -3  -5   1   1  -2  -5  -4  -3   59   0   0   0   0   1  28   0   0   0   0   0   0   0   6   6   0   0   0   0  0.90 0.32
  139 A    -1  -2   5   5  -4   0   0  -3  -1  -4  -4   1  -4  -4  -3  -1  -1  -4  -2  -1    4   0  33  33   0   2   5   0   1   0   0  11   0   0   0   1   3   0   1   4  0.73 0.24
  140 I    -3  -5  -5  -5  -3  -5  -5  -6  -3   6   0  -5  -1  -2  -5  -4  -3  -5  -2   5    0   0   0   0   0   0   0   0   1  54   4   0   0   0   0   0   0   0   1  41  1.21 0.33
  141 R    -4   8  -3  -5  -7  -2  -3  -5  -3  -6  -5  -1  -4  -6  -5  -4  -4  -6  -5  -6    0 100   0   0   0   0   0   0   0   0   0   0   0   0   0   0   0   0   0   0  2.40 0.54
  142 N    -3   6  -1  -3  -5   0  -1  -4  -2  -5  -4   5  -4  -5  -4  -1  -2  -5  -4  -5    0  43   2   0   0   1   2   0   0   0   0  45   0   0   0   3   2   0   0   0  1.17 0.33
  143 K    -2  -4  -3  -4  -5  -4  -3   7  -5  -6  -6  -2  -5  -6  -5  -2  -4  -5  -6  -5    0   0   0   0   0   0   1  95   0   0   0   2   0   0   0   1   0   0   0   0  2.01 0.44
  144 N     0   0   0   0  -1   0   2   0   0  -1  -1   0  -1  -1   0   0   0  -1  -1  -1    6   4   4   4   1   3  23   6   2   4   7   6   2   3   4   7   5   1   2   5  0.08 0.01
  145 F     0  -1  -1  -1  -1   0   0  -1   0   0   0  -1   0   4   0   0   0   0   1   0    6   4   3   4   1   3   5   6   2   4   7   4   2  27   4   5   4   1   2   5  0.09 0.02
  146 Q    -2  -1  -2  -1  -4   6   5  -3  -1  -4  -3  -1  -2  -4  -2  -2  -2  -3  -3  -3    1   1   1   1   0  48  35   1   0   1   2   1   0   1   1   1   1   0   1   1  1.06 0.28
  147 Y    -3  -3  -3  -4  -3  -3  -3  -4  -1  -3  -2  -3  -3   3  -4  -3  -3   1   9  -3    1   1   1   1   0   1   1   1   0   1   2   1   0   8   1   1   1   1  75   1  1.74 0.35
  148 E    -4  -3  -3  -1  -7  -1   8  -5  -3  -6  -6  -2  -5  -6  -4  -3  -4  -6  -5  -5    0   0   0   0   0   0  99   0   0   0   0   0   0   0   0   0   0   0   0   0  2.15 0.52
  149 Q     0  -3  -2  -3  -3   0  -3   6  -2  -4  -3  -2  -4  -5  -4  -2  -2  -5  -5  -4    7   1   1   0   0   6   1  74   1   0   3   2   0   0   0   1   2   0   0   1  1.22 0.31
  150 L    -3  -4  -5  -6  -3  -4  -5  -6  -4   2   5  -4   4   3  -5  -4  -3   0  -2  -1    0   0   0   0   0   0   0   0   0  11  65   0  10  13   0   0   0   1   0   0  0.99 0.29
  151 K     0   3  -2  -3  -3  -1  -1  -4  -2  -3  -3   6  -3   2  -2  -2  -2  -4  -3  -4    6  18   1   0   1   1   1   0   0   1   1  56   0  12   1   1   1   0   0   0  0.85 0.29
  152 E     0  -1  -1   2  -4   1   5  -3  -2  -4  -3   0  -3  -5  -3   0   1  -5  -3  -2   10   2   1  11   0   4  49   1   0   0   1   6   0   0   0   3   9   0   0   2  0.65 0.23
  153 A     1  -1  -1   0  -4   0   5  -3  -2  -3  -4   3  -3  -5  -3   0  -1  -5  -4  -2   16   1   1   3   0   0  42   0   0   1   1  23   0   0   0   7   3   0   0   2  0.62 0.24
  154 I    -4  -5  -6  -6  -4  -5  -5  -6  -6   7   1  -5   2  -2  -5  -5  -3  -5  -4   1    0   0   0   0   0   0   0   0   0  82   8   0   4   0   0   0   0   0   0   5  1.50 0.38
  155 K     1   0  -1  -1  -4   1   3   2  -1  -4  -3   4  -2  -4  -3   0   0  -4  -3  -3   12   3   1   1   0   4  20  14   1   0   1  33   0   0   0   4   5   0   0   1  0.43 0.18
  156 E    -2   0   2   3  -3   1   1  -3  -1  -3  -2   1  -2  -4  -3   0   3  -4  -3  -3    1   4  13  19   0   5  10   0   1   0   2   8   1   0   0   6  29   0   0   1  0.43 0.18
  157 E    -2  -3   2   3  -5  -2   2  -4  -3  -5  -5  -2  -4  -6   7  -2  -3  -6  -5  -5    1   0  10  20   0   1  13   0   0   0   0   1   0   0  51   1   0   0   0   0  1.33 0.33
  158 K    -1  -1   0   3  -4   0   4  -2  -2  -4  -4   1  -2  -5   4  -1  -2  -5  -4  -4    6   1   4  16   0   2  35   2   1   0   0   8   1   0  23   1   0   0   0   0  0.72 0.23
  159 W    -2   7  -3  -1  -5  -2  -3  -4  -3  -5  -4   0  -4  -3  -5  -3  -4   8   0  -5    4  61   0   4   0   0   0   0   0   0   0   3   0   0   0   0   0  24   2   0  1.63 0.41
  160 K     1   2  -1  -1  -3   1   1  -3   1  -2  -3   4  -1  -3  -2  -1   0  -2  -2  -2   17  12   1   2   0   7   7   0   4   2   1  38   1   1   1   1   4   0   0   2  0.42 0.18
  161 P    -3  -5  -5  -5  -6  -4  -4  -5  -5  -6  -6  -4  -6  -7   9  -4  -4  -7  -6  -6    1   0   0   0   0   0   0   0   0   0   0   0   0   0  99   0   0   0   0   0  3.07 0.58
  162 D    -5  -3  -1   8  -7  -3  -1  -4  -4  -6  -7  -4  -6  -7  -4  -3  -4  -7  -6  -6    0   1   0  99   0   0   0   0   0   0   0   0   0   0   0   0   0   0   0   0  2.43 0.52
  163 F    -5  -5  -5  -6  -2  -5  -4  -6  -3  -3  -2  -5  -3   8  -6  -5  -4  -1   6  -3    0   0   0   0   1   0   1   0   0   0   1   0   0  72   0   0   0   0  24   0  2.00 0.45
  164 G    -2  -5  -3  -4  -5  -5  -5   7  -5  -7  -7  -4  -6  -6  -5  -3  -4  -1  -6  -6    0   0   0   0   0   0   0  99   0   0   0   0   0   0   0   0   0   1   0   0  2.23 0.47
  165 P    -3  -5  -4  -3  -6  -3  -1  -5  -5  -6  -5  -2  -5  -7   9  -3  -4  -7  -5  -5    1   0   0   1   0   0   3   0   0   0   0   1   0   0  92   0   0   0   0   0  2.70 0.53
  166 S     3   1   1   0   0   1   0  -1  -1  -2  -2   1  -2  -4   0   2  -1  -3  -3  -1   31   9   6   4   2   5   5   1   2   1   1   7   0   0   4  18   1   0   0   2  0.25 0.13
  167 V    -1   3  -1  -1  -2   1   3  -3   0  -1  -2   3  -1  -3  -2  -1  -1  -4  -3   0    4  18   1   0   1   5  23   0   1   3   1  26   2   0   1   2   3   0   0   8  0.41 0.17
  168 V    -2  -4  -4  -5  -3  -3  -4  -5   2   2   4  -4   5  -1  -3  -4  -2  -4  -2   3    1   0   0   0   0   0   0   0   7  11  39   0  20   1   1   0   1   0   0  20  0.67 0.23
  169 G    -3  -3   3  -2  -5  -3  -3   4   7  -5  -5  -2  -4  -5   2  -2  -2  -5  -3  -5    0   0  18   0   0   0   0  39  28   0   0   1   0   0  11   1   2   0   0   0  1.08 0.31
  170 K    -2  -1  -2  -3  -4  -1  -2  -3  -3  -4  -4   4  -3  -5   3   1   4  -5  -4  -3    1   2   0   0   0   1   0   1   0   0   0  34   0   0  17   9  35   0   0   0  0.81 0.29
  171 A     6  -4  -4  -4  -3  -3  -3  -2  -4  -4  -4  -3  -3  -5  -3   1  -2  -2  -4  -3   87   0   0   0   0   0   0   1   0   0   0   0   0   0   0  10   0   1   0   0  1.38 0.41
  172 G    -2  -5  -3  -4  -5  -5  -5   7  -5  -7  -7  -4  -6  -6  -5  -3  -4  -5  -6  -6    0   0   0   0   0   0   0 100   0   0   0   0   0   0   0   0   0   0   0   0  2.27 0.47
  173 A     6  -4  -4  -4   2  -3  -3  -2  -4  -2  -3  -3  -3  -4  -3  -1  -2  -5  -4   2   80   0   0   0   4   0   0   1   0   1   0   0   0   0   0   1   0   0   0  13  1.19 0.37
  174 S    -2  -4  -3  -4  -2  -3  -4  -4  -4  -1  -3  -3  -2  -4  -4   0   7  -5  -4   2    0   0   0   0   0   0   0   0   0   3   0   0   1   0   0   3  80   0   0  13  1.42 0.42
  175 I     4  -4  -3  -5  -2  -4  -4  -3  -4   1  -2  -4  -2  -3  -4  -2  -2  -5  -4   5   45   0   1   0   0   0   0   0   0   7   0   0   0   0   0   0   0   0   0  47  0.91 0.31
  176 I    -3  -5  -6  -6  -3  -5  -5  -6  -6   6  -1  -5  -1  -3  -5  -4  -3  -5  -4   5    0   0   0   0   0   0   0   0   0  57   0   0   0   0   0   0   0   0   0  43  1.37 0.36
  177 G    -2  -5  -3  -4  -5  -5  -5   7  -5  -7  -7  -4  -5  -6  -5  -2  -4  -5  -6  -6    1   0   0   0   0   0   0  99   0   0   0   0   0   0   0   1   0   0   0   0  2.21 0.47
  178 A     7  -4  -4  -4  -1  -3  -3  -2  -4  -3  -4  -3  -3  -5  -3  -1  -2  -5  -4   0   91   0   0   0   1   0   0   0   0   0   0   0   0   0   0   0   0   0   0   7  1.45 0.42
  179 R    -4   8  -3  -5  -7  -2  -3  -5  -3  -6  -5  -1  -4  -6  -5  -4  -4  -6  -5  -6    0 100   0   0   0   0   0   0   0   0   0   0   0   0   0   0   0   0   0   0  2.40 0.54
  180 D     0  -2   0   0  -4   2   2  -3   0  -2  -2  -1   3   1   4  -1  -2  -3  -1  -1    9   1   4   4   0  11  15   1   2   0   1   2  12   9  21   2   1   0   1   4  0.34 0.16
  181 F    -2  -5  -5  -5  -4  -4  -4  -5  -3  -3  -4  -4  -4   5   7  -3  -4  -4   1  -4    2   0   0   0   0   0   0   0   0   1   0   0   0  25  65   1   0   0   5   0  1.84 0.41
  182 L    -4  -5  -6  -6  -4  -5  -6  -6  -5  -1   6  -5   0  -2  -6  -5  -4  -4  -4  -2    0   0   0   0   0   0   0   0   0   0 100   0   0   0   0   0   0   0   0   0  1.66 0.42
  183 I    -3  -5  -6  -6  -3  -5  -5  -6  -6   7  -1  -5  -1  -3  -5  -5  -3  -5  -4   4    0   0   0   0   0   0   0   0   0  67   0   0   0   0   0   0   0   0   0  33  1.43 0.37
  184 A     7  -4  -4  -5  -3  -4  -4  -2  -4  -4  -4  -3  -4  -5  -4  -1  -3  -5  -5  -3  100   0   0   0   0   0   0   0   0   0   0   0   0   0   0   0   0   0   0   0  1.76 0.47
  185 Y    -5  -5  -5  -6  -5  -5  -5  -6  -2  -3  -3  -5  -3   8  -6  -5  -5   0   7  -4    0   0   0   0   0   0   0   0   0   0   0   0   0  58   0   0   0   0  42   0  2.06 0.46
  186 N    -5  -3   9  -2  -6  -3  -3  -3  -2  -6  -7  -3  -5  -6  -5  -2  -3  -7  -5  -6    0   0 100   0   0   0   0   0   0   0   0   0   0   0   0   0   0   0   0   0  2.52 0.56
  187 V    -1  -5  -5  -6  -2  -5  -5  -6  -6   4  -1  -5  -1  -3  -5  -4  -2  -5  -4   6    3   0   0   0   0   0   0   0   0  21   1   0   0   0   0   0   0   0   0  75  1.31 0.36
  188 N    -4  -4   7  -2  -5  -3  -3  -4  -1  -5  -5  -3  -4   0  -5  -3  -3  -2   7  -5    0   0  52   1   0   0   0   0   0   0   0   0   0   2   0   0   0   0  45   0  1.72 0.45
  189 L    -4  -5  -6  -6  -4  -5  -6  -6  -5  -1   6  -5   0  -2  -6  -5  -4  -4  -4  -2    0   0   0   0   0   0   0   0   0   0 100   0   0   0   0   0   0   0   0   0  1.67 0.42
  190 N     0  -2   4   2  -4  -2  -2   4  -3  -4  -4  -2  -4  -5  -3   0   3  -5  -4  -4    5   1  25  13   0   0   0  30   0   0   0   0   0   0   0   5  21   0   0   0  0.68 0.23
  191 T    -3  -3  -3  -4  -3  -3  -4  -4  -5  -3  -4  -3  -4  -5  -4   0   8  -5  -5  -3    0   0   0   0   0   0   0   0   0   0   0   0   0   0   0   5  94   0   0   0  1.89 0.50
  192 S    -1  -2   4   5  -4  -1   0   0  -1  -4  -5  -1  -3  -5   1   2   0  -5  -4  -4    4   1  19  37   0   1   3   5   1   0   0   2   0   0   6  16   5   0   0   0  0.65 0.22
  193 N    -4  -1   4   7  -6  -2   0  -3  -2  -6  -6  -1  -5  -6  -4  -2  -3  -6  -4  -6    0   2  24  67   0   1   2   0   1   0   0   2   0   0   0   0   0   0   0   0  1.54 0.38
  194 M    -2  -4  -5  -5  -3  -3  -3  -5  -5   3   2  -2   1  -2  -4  -4  -2  -4  -2   5    0   0   0   0   0   0   1   0   0  19  21   3   3   0   0   0   1   0   1  51  0.76 0.25
  195 E     0   0   1   2  -4   0   4  -1  -2  -4  -4   0  -3  -4  -2   3   0   0  -3  -3    6   3   8  10   0   1  32   4   0   0   0   5   0   0   0  24   4   2   0   0  0.47 0.19
  196 I    -3  -5  -6  -6  -4  -5  -6  -6  -6   7  -1  -5  -1  -3  -3  -5  -2  -5  -4   3    1   0   0   0   0   0   0   0   0  81   1   0   0   0   1   0   1   0   0  15  1.49 0.39
  197 G     7  -4  -4  -4  -3  -3  -4  -1  -4  -4  -4  -3  -4  -5  -3  -1  -3  -5  -5  -3   97   0   0   0   0   0   0   3   0   0   0   0   0   0   0   0   0   0   0   0  1.65 0.45
  198 K    -2   2   2   1  -5   3   0  -3  -2  -5  -5   6  -3  -5  -3  -1  -2  -5  -4  -4    1   8  10   8   0  12   3   0   0   0   0  54   0   0   0   2   1   0   0   0  0.86 0.28
  199 K     1   2   1  -2  -5   1   0  -3  -1  -5  -4   6  -3  -5  -3  -1  -2  -5  -4  -4   12   8   6   1   0   4   2   0   1   0   0  63   0   0   0   2   1   0   0   0  0.95 0.30
  200 I    -4  -6  -6  -6  -4  -6  -6  -7  -6   8  -1  -5  -1  -3  -6  -5  -3  -5  -4   1    0   0   0   0   0   0   0   0   0  94   0   0   0   0   0   0   0   0   0   5  1.89 0.45
  201 A     7  -4  -4  -4  -3  -3  -3  -1  -4  -4  -4  -3  -4  -5  -3  -1  -3  -5  -4  -3   95   0   0   0   0   0   0   3   0   0   0   0   0   0   0   2   0   0   0   0  1.57 0.44
  202 S    -2   5   0  -1  -5   0  -1  -3  -1  -5  -4   6  -3  -5  -4  -1  -2  -5  -4  -4    1  31   4   3   0   2   1   0   1   0   1  54   0   0   0   2   1   0   0   0  1.08 0.32
  203 A     5  -1  -2  -3  -2  -1  -2  -1  -3  -2  -3  -1  -3  -3  -3   1   1  -5  -4   0   65   3   1   1   0   2   0   1   0   1   1   4   0   1   0   8   8   0   0   4  0.70 0.27
  204 I    -3  -5  -5  -5  -3  -5  -5  -6  -5   5   0  -5   0  -3  -5  -4  -2  -5  -3   5    0   0   0   0   0   0   0   0   0  37   6   0   1   0   0   0   0   0   0  56  1.16 0.32
  205 R    -4   8  -3  -5  -7  -2  -3  -5  -3  -6  -5   0  -4  -6  -5  -4  -4  -6  -5  -6    0 100   0   0   0   0   0   0   0   0   0   0   0   0   0   0   0   0   0   0  2.39 0.54
  206 A     0  -3   0  -2  -4   0   1   1   8  -4  -3  -3  -3   3  -4  -1  -3  -3   1  -4    9   0   5   0   0   4   8  10  39   0   0   0   0  16   0   4   0   0   2   0  0.80 0.27
  207 K     0   1  -2  -3  -3  -1  -2  -1  -3   1  -1   1  -2  -4  -3   5  -1  -5  -4  -2    5   7   0   0   0   1   0   2   0  10   6   8   1   0   0  59   0   0   0   1  0.62 0.28
  208 D    -1  -1   1   1  -3  -2  -2   2  -2  -5  -5   0  -4  -5  -3   5   1  -5  -4  -4    1   2   6   8   0   0   0  13   1   0   0   5   0   0   0  61   5   0   0   0  0.79 0.29
  209 G    -2  -5  -3  -4  -5  -5  -5   7  -5  -7  -7  -4  -6  -6  -5  -3  -4  -5  -6  -6    0   0   0   0   0   0   0 100   0   0   0   0   0   0   0   0   0   0   0   0  2.27 0.47
  210 G    -2  -5  -3  -4  -5  -5  -5   7  -5  -7  -7  -4  -6  -6  -5  -3  -4  -5  -6  -6    0   0   0   0   0   0   0 100   0   0   0   0   0   0   0   0   0   0   0   0  2.25 0.47
  211 L    -4  -4  -5  -6  -4  -4  -5  -6  -3  -1   5  -5   1   5  -5  -4  -4  -1   4  -2    0   0   0   0   0   0   0   0   0   0  62   0   1  22   0   0   0   0  15   0  1.09 0.31
  212 T    -1   7  -3  -4  -5  -1  -2  -4   0  -5  -4   2  -1  -5   0  -2   0  -5  -4  -3    4  68   0   0   0   1   0   0   2   0   0  10   2   0   4   1   6   0   0   2  1.19 0.34
  213 F    -3  -4   0  -5  -2  -4  -5  -5   2  -4  -3  -4  -3   6  -6  -2  -4  -1   8  -4    1   0   5   0   1   0   0   0   3   0   0   0   0  29   0   3   0   0  57   0  1.65 0.40
  214 V    -2  -5  -5  -6   4  -5  -5  -6  -6   1  -1  -5  -2  -3  -5  -4  -2  -5  -4   7    2   0   0   0  10   0   0   0   0   5   2   0   0   0   0   0   0   0   0  82  1.39 0.38
  215 K    -3   1  -3  -3  -6   0  -2  -4  -3  -6  -5   8  -3  -6  -4  -3  -3  -6  -5  -5    0   5   0   0   0   3   0   0   0   0   0  92   0   0   0   0   0   0   0   0  1.83 0.47
  216 S     6  -4  -4  -4  -3  -3  -3   2  -4  -4  -4  -3  -4  -5  -3   0  -2  -5  -4  -3   83   0   0   0   0   0   0  13   0   0   0   0   0   0   0   4   0   0   0   0  1.30 0.38
  217 L    -2  -4  -4  -5  -3  -3  -5  -4  -4   2   5  -3   6  -2  -5  -4  -3  -4  -3  -1    3   0   1   0   0   0   0   1   0  11  55   2  27   0   0   0   0   0   0   1  0.98 0.30
  218 A    -1  -5  -3  -4  -5  -4  -5   7  -5  -6  -6  -4  -5  -6  -3  -3  -4  -5  -6  -6    3   0   0   0   0   0   0  96   0   0   0   0   0   0   1   0   0   0   0   0  2.08 0.45
  219 F    -3  -4  -5  -5  -3  -4  -5  -5  -4   2   3  -4   3   5  -5  -4  -3  -3  -1   3    0   0   0   0   0   0   0   0   0   8  25   0   8  31   0   0   0   0   0  28  0.79 0.24
  220 F    -2  -2  -1   0  -4  -1   3  -4  -2  -1   3   0   3  -1  -3  -2  -2  -3  -1  -2    3   1   2   4   0   0  29   0   0   1  36   6  11   2   1   2   1   0   2   1  0.38 0.19
  221 L    -3  -4  -5  -5  -3  -4  -5  -5  -5   4   3  -4   0  -2  -5  -4  -2  -4  -3   4    0   0   0   0   0   0   0   0   0  24  35   0   0   0   0   0   1   0   0  40  0.89 0.26
  222 K    -1  -1  -1   3  -5   0   5  -3  -2  -5  -5   4  -4  -5  -3  -1  -2  -5  -4  -4    4   1   1  16   0   1  41   1   0   0   0  32   0   0   0   2   1   0   0   0  0.87 0.28
  223 D    -1  -1  -1   3  -4   0   4   3  -2  -4  -4  -1  -3  -4  -2  -1  -2  -4  -3  -4    2   2   2  19   0   1  40  26   0   1   1   1   0   0   1   1   1   0   0   1  0.70 0.21
  224 K    -3   7  -2  -3  -4   0  -1  -3  -2  -4  -3   3  -3  -4  -2  -2  -2  -4  -3  -4    1  69   1   1   0   1   3   1   0   1   1  14   0   0   1   1   2   0   0   1  1.24 0.30
  225 N    -1  -1   4   1  -3  -1  -1   4   0  -3  -3  -1  -2  -3  -2  -1  -1  -3  -2  -3    2   3  27   6   0   2   2  38   2   1   2   3   1   1   1   2   1   0   1   2  0.55 0.15
  226 M    -1  -1  -2  -2   1   3  -1  -2  -2   4   1  -1   2  -1  -2  -2  -1  -2  -2   1    2   3   1   1   3  17   2   3   1  33  11   2   7   1   1   2   2   1   1   5  0.25 0.11
  227 V     5  -4  -4  -4  -3  -3  -4  -3  -4  -1  -2  -3  -2  -4  -4  -2  -1  -5  -4   4   55   0   0   0   0   0   0   0   0   0   0   0   0   0   0   0   3   0   0  41  0.96 0.33
  228 Q    -4  -2  -3  -3  -6   9  -1  -5  -3  -6  -5  -2  -4  -7  -5  -3  -4  -5  -5  -6    0   0   0   0   0 100   0   0   0   0   0   0   0   0   0   0   0   0   0   0  2.53 0.61
  229 I    -3  -5  -6  -6  -3  -5  -5  -6  -6   2  -2  -5  -2  -3  -5  -4  -3  -6  -4   7    0   0   0   0   0   0   0   0   0  10   0   0   0   0   0   0   0   0   0  90  1.63 0.43
  230 S    -2  -4  -2  -3  -4  -3  -3  -3  -4  -5  -5  -3  -4  -5  -4   7   1  -6  -4  -4    0   0   0   0   0   0   0   0   0   0   0   0   0   0   0  93   7   0   0   0  1.67 0.48
  231 M    -4  -5  -5  -6  -2  -4  -5  -6  -5   2  -1  -5  10  -3  -6  -5  -4  -5  -4  -2    0   0   0   0   1   0   0   0   0  13   1   0  86   0   0   0   0   0   0   0  2.42 0.57
  232 N    -5  -3   9  -2  -6  -3  -3  -3  -2  -6  -7  -3  -5  -6  -5  -2  -3  -7  -5  -6    0   0 100   0   0   0   0   0   0   0   0   0   0   0   0   0   0   0   0   0  2.50 0.56
  233 L    -4  -4  -5  -6  -4  -4  -5  -6  -5   0   5  -4   6   0  -5  -4  -3  -4  -3   0    0   0   0   0   0   0   0   0   0   1  68   0  26   2   0   0   0   0   0   3  1.26 0.35
  234 T    -2  -4  -3  -4   2  -4  -4  -4  -5   0  -2  -4  -2  -4  -4  -2   6  -5  -4   4    0   0   0   0   4   0   0   0   0   2   1   0   0   0   0   0  61   0   0  32  1.13 0.37
  235 N    -4  -2   7   5  -6  -2  -2  -3  -1  -6  -6  -3  -5  -6  -4  -2  -3  -7  -4  -6    0   1  67  29   0   0   0   0   1   0   0   0   0   0   0   0   0   0   0   0  1.71 0.43
  236 Y    -5  -5  -5  -6  -4  -5  -5  -6   0  -4  -3  -5  -3   6  -5  -4  -3  -1   8  -4    0   0   0   0   0   0   0   0   1   0   0   0   0  31   0   0   1   0  66   0  2.06 0.47
  237 R    -2   4  -1  -2  -4   1   2  -3   2  -3  -3   3  -3  -4  -2  -1   3  -4  -3  -3    1  29   2   0   0   7  16   0   5   1   1  16   0   0   1   1  20   0   0   1  0.56 0.21
  238 K    -1   2  -2  -2  -4   2   1   1   0  -5  -4   5  -2  -5  -3  -2  -2  -5  -4  -4    2  10   0   1   0   9   9  11   3   0   1  51   0   0   0   1   1   0   0   0  0.72 0.25
  239 T    -2  -4  -2  -4  -4  -3  -4  -4  -4  -3  -4  -3  -3  -5  -4   1   7  -5  -4  -1    0   0   0   0   0   0   0   0   0   0   0   0   0   0   0   7  89   0   0   3  1.71 0.47
  240 P     0  -4  -4  -4  -5  -3  -4  -4  -5  -5  -6  -3  -5  -6   8   1  -3  -6  -5  -5    6   0   0   0   0   1   0   0   0   0   0   0   0   0  81  11   0   0   0   0  2.25 0.47
  241 I    -3  -4  -5  -5  -3  -4  -5  -6  -5   5   4  -4   2  -2  -4  -4  -3  -4  -3   3    0   0   0   0   0   0   0   0   0  42  36   0   4   0   0   0   0   0   0  18  0.92 0.26
  242 Y     2  -4  -3  -4  -4  -2  -3  -4   5  -3  -3  -4  -3   5  -2  -2  -3  -1   6  -3   20   0   0   0   0   1   1   0  16   0   0   0   0  30   2   1   0   0  28   0  0.97 0.30
  243 R    -3   8  -3  -4  -5   1  -3  -5  -1  -5  -2   0  -3  -5  -5  -3  -2  -5  -4  -3    0  85   0   0   0   4   0   0   1   0   3   2   0   0   0   1   2   0   0   1  1.72 0.43
  244 A     2  -5  -5  -5  -3  -4  -4  -4  -5   1  -2  -4  -2  -3  -4  -3  -2  -5  -4   6   21   0   0   0   0   0   0   0   0   2   0   0   0   0   0   1   1   0   0  76  1.20 0.37
  245 Y    -3  -4  -5  -5  -4  -2  -4  -5  -3   0   0  -4   2   7  -5  -4  -2  -2   2   3    0   0   0   0   0   2   0   0   0   1   4   0   4  51   0   0   2   0   4  30  1.05 0.31
  246 E    -3  -3  -2   1  -6   0   7  -5  -3  -6  -6  -2  -5  -6  -4  -3  -4  -6  -5  -5    1   0   1   6   0   1  91   0   0   0   0   0   0   0   0   0   0   0   0   0  1.85 0.47
  247 L     0  -4  -4  -4  -3  -3  -4  -4  -3  -1   2  -3   6   2  -4  -2   3  -3  -2   0    6   0   0   0   0   0   0   0   0   1  19   0  32  11   0   1  26   0   0   4  0.71 0.27
  248 V    -2  -5  -5  -6  -3  -5  -5  -6  -6   6  -1  -5  -1  -3  -5  -4  -3  -5  -4   5    1   0   0   0   0   0   0   0   0  59   0   0   0   0   0   0   0   0   0  40  1.35 0.36
  249 R    -3   6  -2  -3  -6  -1   0  -4  -3  -5  -5   5  -3  -5  -4  -3  -3  -5  -4  -5    0  46   0   0   0   0   6   0   0   0   0  46   0   0   0   0   0   0   0   0  1.35 0.37
  250 L    -1   6   0  -3  -2  -1  -2  -3  -2  -2  -1   0   3  -4  -4   2  -1  -5  -3  -2    4  53   3   0   1   0   1   0   0   3   4   0   8   0   0  18   2   0   0   1  0.76 0.28
  251 E    -3  -3  -3  -1  -7  -1   8  -5  -2  -6  -6  -2  -5  -4  -4  -3  -4  -6  -4  -5    0   0   0   0   0   0  98   0   0   0   0   0   0   1   0   0   0   0   0   0  2.07 0.51
  252 A     7  -4  -4  -5  -1  -3  -4  -2  -4  -4  -4  -3  -4  -5  -4  -1  -2  -5  -5  -3   99   0   0   0   1   0   0   0   0   0   0   0   0   0   0   0   0   0   0   0  1.70 0.46
  253 A     3   1   0   0  -3   3   3  -2  -2  -4  -3   1  -1  -4  -3   0  -1  -4  -3  -3   34   7   3   4   0  13  23   2   0   0   1   7   1   0   0   2   2   0   0   0  0.44 0.19
  254 R    -4   8  -3  -4  -5  -1  -3  -5   0  -6  -5   0  -4  -5  -5  -3  -4  -6  -4  -5    0  93   0   0   0   1   0   0   2   0   0   2   0   0   0   0   0   0   0   0  2.10 0.49
  255 Y    -5  -4  -4  -6  -4  -4  -5  -6   1  -4  -4  -5  -4   1  -6  -5  -4   3   9  -4    0   0   0   0   0   0   0   0   3   0   1   0   0   2   0   0   0   3  90   0  2.55 0.55
  256 G    -2  -5  -3  -3  -5  -5  -5   7  -5  -7  -7  -4  -6  -6  -5  -3  -4  -5  -6  -6    0   0   0   1   0   0   0  99   0   0   0   0   0   0   0   0   0   0   0   0  2.22 0.47
  257 V    -1  -5  -5  -6   0  -5  -5  -5  -5   1  -1  -5  -2  -3  -5  -4  -1  -5  -3   7    4   0   0   0   2   0   0   0   0   2   2   0   0   0   0   0   3   0   0  86  1.36 0.39
  258 L     1  -1   3  -1  -3  -1  -1   2  -1  -3  -3  -2   0  -4   3   2   1  -4  -3  -3   10   2  21   1   0   2   2  13   1   0   2   0   3   0  17  17   7   0   0   0  0.42 0.16
  259 P    -3  -5  -5  -5  -3  -5  -5  -6  -6   6  -1  -5  -1  -3  -3  -4  -2  -5  -4   5    1   0   0   0   0   0   0   0   0  46   1   0   0   0   1   0   0   0   0  51  1.23 0.34
  260 V    -1  -2  -3  -3  -3  -2  -2  -4   5   3   0  -2  -1  -2  -4  -2   2  -4  -1   3    4   2   0   0   0   1   2   0  20  19   7   2   0   0   0   1  13   0   0  28  0.44 0.20
  261 E    -2   0   0  -2  -3  -2   1   4   6  -5  -5  -1  -4  -3  -4   1  -2  -4  -2  -5    0   5   3   0   0   0  11  41  23   0   0   2   0   1   0  14   0   0   1   0  0.80 0.26
  262 S     0  -3  -2  -3  -1  -3  -3  -2  -4  -5  -5  -3  -4  -5  -3   7   2  -5  -4  -4    3   0   0   0   1   0   0   1   0   0   0   0   0   0   0  86   9   0   0   0  1.44 0.44
  263 E    -4  -2  -3  -1  -7   0   8  -5  -3  -6  -6  -2  -5  -6  -4  -3  -4  -6  -5  -5    0   1   0   0   0   1  99   0   0   0   0   0   0   0   0   0   0   0   0   0  2.12 0.52
  264 I    -3  -5  -5  -5  -3  -4  -5  -6  -5   5   4  -5   0  -2  -5  -4  -3  -4  -3   2    0   0   0   0   0   0   0   0   0  48  38   0   0   0   0   0   0   0   0  14  1.02 0.29
  265 V    -3  -5  -5  -6  -3  -5  -5  -6  -6   5  -1  -5  -1  -3  -5  -4  -2  -5  -2   6    0   0   0   0   0   0   0   0   0  31   0   0   0   0   0   0   0   0   1  68  1.35 0.37
  266 G    -2  -5  -3  -4  -5  -5  -5   7  -5  -7  -7  -4  -6  -6  -5  -3  -4  -5  -6  -6    0   0   0   0   0   0   0 100   0   0   0   0   0   0   0   0   0   0   0   0  2.27 0.47
  267 L    -4  -4  -6  -6  -4  -4  -5  -6  -5   0   6  -5   3  -2  -5  -5  -2  -4  -3  -1    0   0   0   0   0   0   0   0   0   0  89   0   8   0   0   0   2   0   0   1  1.39 0.37
  268 V    -1  -4  -4  -5  -3  -4  -4  -5  -5   5   1  -4   0  -2  -4  -3   2  -4  -3   4    5   0   0   0   0   0   0   0   0  36   6   0   0   0   0   0  12   0   0  40  0.78 0.26
  269 P    -4  -5  -5  -5  -6  -4  -4  -5  -5  -6  -6  -4  -6  -7   9  -4  -4  -7  -6  -6    0   0   0   0   0   0   0   0   0   0   0   0   0   0  99   0   0   0   0   0  3.09 0.58
  270 E    -1  -2   0  -3  -4   5   1  -4  -2  -2   1  -2   6  -3  -4  -2  -3  -4  -3  -2    4   1   5   0   0  37   9   0   0   0  15   0  25   0   0   1   0   0   0   1  0.76 0.30
  271 Q     0   0   1   3  -4   4   3  -2  -1  -4  -4   2  -2  -5  -3  -1  -2  -5  -3  -4   10   2   5  21   0  20  26   2   0   0   0  12   1   0   0   1   0   0   0   0  0.61 0.21
  272 A     7  -4  -4  -4  -3  -3  -3  -2  -4  -4  -4  -3  -4  -2  -3   0  -2  -5  -4  -3   94   0   0   0   0   0   0   0   0   0   0   0   0   2   0   4   0   0   0   0  1.53 0.43
  273 L    -3  -4  -6  -6  -4  -4  -5  -6  -5   1   6  -5   3   0  -5  -5  -3  -4  -3  -1    1   0   0   0   0   0   0   0   0   5  84   0   6   2   0   0   0   0   0   1  1.26 0.34
  274 I    -1  -3  -1  -3  -3  -3  -3  -5  -3   4   2  -4   1   0  -4  -3   0  -4  -1   4    2   0   3   1   0   0   1   0   0  28  20   0   2   3   0   1   4   0   1  33  0.52 0.19
  275 D    -1  -3   1   7  -6   0   1  -3  -2  -5  -6  -2  -3  -6  -4  -2  -3  -6  -5  -5    5   0   4  75   0   4   8   1   0   0   0   1   1   0   0   1   0   0   0   0  1.50 0.38
  276 V     4  -3  -3  -4   4  -3  -3  -3  -4  -1  -2  -3  -2  -4  -3   1   2  -4  -3   3   38   0   0   0  11   0   0   0   0   1   0   0   0   0   0  11  13   0   0  25  0.60 0.24
  277 A     6  -4  -4  -4  -2  -3  -3  -2  -4  -3  -3  -3  -1  -3  -3   0  -2  -5  -4  -2   89   0   0   0   0   0   0   1   0   1   1   0   1   1   0   4   1   0   0   1  1.34 0.40
  278 K     0   1  -1   3  -3   2   3  -2  -2   0  -2   0  -2  -4  -3  -1  -1  -4  -3   1    8   8   1  21   0   9  20   1   0   5   1   5   1   0   0   2   2   0   0  15  0.30 0.14
  279 Y    -4  -4  -5  -6  -5  -4  -5  -5   2  -4  -3  -5  -3   5  -6  -5  -5  10   6  -4    0   1   0   0   0   0   0   0   6   0   0   0   0  25   0   0   0  39  28   0  2.09 0.44
  280 Y    -4  -5  -5  -6  -6  -5  -5  -6   1  -4  -4  -5  -4   1  -6  -4  -5  -1  10  -4    1   0   0   0   0   0   0   0   2   0   0   0   0   2   0   0   0   0  94   0  2.72 0.58
  281 L    -3  -4  -5  -6  -4  -4  -5  -5  -5   0   6  -5   1  -2  -5  -4   1  -3  -3  -1    0   0   0   0   0   0   0   0   0   1  86   0   3   0   0   0   9   0   0   0  1.25 0.36
  282 Q    -3   4  -2  -3  -6   7  -1  -2  -1  -5  -5   1  -2  -6  -4  -3  -3  -5  -4  -5    0  22   0   0   0  66   0   2   1   0   0   8   1   0   0   0   0   0   0   0  1.49 0.42
  283 L    -3  -4  -6  -6  -3  -4  -5  -6  -5   2   6  -5   2   0  -5  -4  -3  -3  -3   0    0   0   0   0   0   0   0   0   0  11  79   0   5   2   0   0   0   0   0   2  1.16 0.32
  284 N    -3  -2   0   5  -6  -1   5  -3   1  -5  -5  -1  -5  -6  -2  -2  -3  -6  -4  -5    1   1   4  41   0   1  46   0   4   0   0   2   0   0   1   1   0   0   0   0  1.21 0.33
  285 G    -1   0   5   2  -3   2   0   2  -1  -4  -3   0  -3  -4  -2  -1  -2  -5  -4  -4    3   4  32  13   0  12   5  20   1   0   2   4   0   0   1   2   0   0   0   0  0.55 0.20
  286 F    -5  -6  -6  -7  -5  -6  -6  -6  -4  -2   0  -6  -1   9  -5  -5  -5  -2   1  -4    0   0   0   0   0   0   0   0   0   0   5   0   1  92   0   0   0   0   1   0  2.34 0.51
  287 D    -1   0   0   4  -3   1   2  -2  -1  -4  -4   2  -3  -4  -2   3   0  -5  -3  -4    2   3   3  24   0   5  14   1   1   1   0  12   0   0   0  28   5   0   0   0  0.49 0.19
  288 E    -1   2  -1   0  -4  -1   0  -2   0  -1  -2   2   1  -3   5   1  -1  -4  -1  -2    3  12   2   4   0   1   6   1   3   4   1  16   4   0  27   9   2   0   2   3  0.42 0.15
  289 G    -1  -2   2   5  -4   0   3   0   0  -5  -5   0  -3  -5  -3   1  -1  -5  -3  -4    4   1  10  34   0   3  24   5   2   0   0   6   0   0   0   9   1   0   0   0  0.64 0.21
  290 N    -4   0  -2  -3  -6   8  -1  -4  -2  -6  -4  -1   0  -6  -4  -2  -3  -5  -4  -5    0   3   1   0   0  89   0   0   0   0   1   1   2   0   0   1   0   0   0   0  2.05 0.54
  291 I    -3  -5  -5  -6  -3  -5  -5  -6  -6   6   0  -5  -1  -3  -5  -4  -2  -5  -4   5    0   0   0   0   0   0   0   0   0  54   3   0   0   0   0   0   0   0   0  42  1.29 0.35
  292 L    -4  -5  -6  -6  -4  -5  -5  -6  -5   2   6  -5   0   0  -5  -5  -3  -4  -3  -1    0   0   0   0   0   0   0   0   0   9  88   0   0   2   0   0   0   0   0   0  1.37 0.37
  293 E    -4  -3  -3  -1  -7  -1   8  -5  -3  -6  -6  -2  -5  -6  -4  -3  -4  -6  -5  -6    0   0   0   1   0   0  99   0   0   0   0   0   0   0   0   0   0   0   0   0  2.16 0.53
  294 R    -1   1   4  -1  -4   1   1  -2   0  -3  -3   2  -2  -3  -3   1   1  -1   1  -2    3   9  27   1   0   5   7   1   2   1   0  19   1   0   0   8  10   1   7   2  0.38 0.17
  295 K    -3   7  -1  -4  -5   0  -2  -4   0  -5  -5   4  -4  -5  -4  -3  -3  -5  -2  -5    0  64   3   0   0   2   0   0   2   0   0  27   0   0   0   0   0   0   1   0  1.43 0.38
  296 M    -3  -4  -5  -6  -3  -4  -5  -6  -5   3   5  -5   3  -2  -5  -4  -3  -4  -3   1    0   0   0   0   0   0   0   0   0  18  69   0   8   0   0   0   0   0   0   5  1.08 0.30
  297 E     0   1  -1  -2  -3   2   0  -2   1  -2   0   0   1   2  -3   0  -1   4   3  -1   10   8   2   1   0  10   5   2   3   0   8   4   6  10   0   6   2   7  15   2  0.20 0.11
  298 K     1  -1  -1   1  -4   2   5  -1  -1  -4  -4   0  -2  -4  -2   1  -1  -4  -3  -3   16   2   1   6   0   7  44   4   1   0   0   3   1   0   1  10   2   0   0   0  0.54 0.20
  299 A     4  -1  -1  -2  -1  -1  -1   0  -3  -1  -2   0   0  -1  -1   1   0  -1  -3   0   51   2   1   1   1   1   3   3   0   2   2   4   3   2   1  13   5   1   0   5  0.33 0.14
  300 A     1  -2  -1  -2  -2   2   0   2  -2   0   1  -1   2  -2  -1   0  -1  -3  -2  -1   17   0   1   1   0  15   4  17   0   6  20   2   7   1   2   5   1   0   0   1  0.14 0.08
  301 N     1  -1   0   0  -2   2   0   2  -1  -3  -3   0  -2  -4  -1   2   1  -4  -3  -2   14   1   4   5   0  11   3  21   0   0   0   5   0   0   1  25  10   0   0   1  0.31 0.10
  302 M     1   1  -1   0  -3   2   3   0  -1  -2  -2   2  -1  -3  -1   1   1  -3  -3  -1   11   5   1   2   0   9  23   4   0   0   2  15   1   0   2  14   7   0   0   5  0.24 0.08
  303 E    -2  -1  -1   2  -5   5   5  -3  -1  -4  -4   0  -3  -5  -2  -1  -2  -4  -3  -4    0   0   0  13   0  32  52   0   0   0   0   3   0   0   0   0   0   0   0   0  0.94 0.18

                      K         Lambda
Standard Ungapped    0.1358     0.3191
Standard Gapped      0.0673     0.2670
PSI Ungapped         0.2199     0.3175
PSI Gapped           0.0673     0.2670
