
Last position-specific scoring matrix computed, weighted observed percentages rounded down, information per position, and relative weight of gapless real matches to pseudocounts
            A   R   N   D   C   Q   E   G   H   I   L   K   M   F   P   S   T   W   Y   V   A   R   N   D   C   Q   E   G   H   I   L   K   M   F   P   S   T   W   Y   V
    1 M    -1  -2  -3  -3  -2  -1  -2  -3  -2   1   3  -2   6   0  -3  -2  -1  -2  -1   1    0   0   0   0   0   0   0   0   0   0  20   0  80   0   0   0   0   0   0   0  0.36 0.01
    2 A     4  -1  -2  -2  -1  -1  -1   0  -2  -2  -2   0  -1  -2  -1   1   0  -3  -2   0   92   0   0   0   0   0   0   0   0   0   0   8   0   0   0   0   0   0   0   0  0.38 0.01
    3 T     1  -1   0  -1   2  -1  -1  -2  -2  -1  -1  -1  -1  -2  -1   2   5  -3  -2   0    6   0   0   0   5   0   0   0   0   0   0   0   0   0   0   6  82   0   0   0  0.41 0.01
    4 H    -2  -1  -1  -2  -3  -1  -1  -3   5  -2  -2  -1  -1   2   1  -1  -1   1   5  -2    0   0   0   0   0   0   0   0  33   0   0   0   0   5   6   4   5   0  47   0  0.52 0.02
    5 G    -1   2   1  -1  -2   0  -1   3  -1  -1   0   1  -1  -2  -2   0  -1  -3  -2   0    0  22   8   0   0   0   0  30   0   0  13  10   0   0   0   4   0   0   0  13  0.17 0.01
    6 Q    -1   0  -1   0  -3   4   2  -2   1  -2   0   0  -1  -2   3   0  -1  -3  -1  -1    0   3   0   0   0  42  16   0   5   0  11   0   0   0  14   5   0   0   0   3  0.34 0.01
    7 T     1   0   0  -1  -1   0   0   0  -1  -2  -2   0  -1  -3   2   2   2  -3  -2  -1   12   3   2   0   0   5   0   5   0   0   3   5   0   0  12  31  17   0   0   4  0.24 0.01
    8 C     0  -1  -2  -3   7  -2  -2  -2   2   0   0  -1   0  -1  -3  -1  -1   2  -1   0    9   3   0   0  45   0   0   0  11   5  14   3   3   0   0   0   3   4   0   0  0.40 0.02
    9 A     2  -1   0  -1  -1   0   0   0  -1   0   0   0   1  -2   0   1   2  -3  -2   0   24   0   2   0   0   5   5   5   0   5   5   7   6   0   2  10  19   0   0   4  0.11 0.00
   10 R    -1   3   0   2  -3   2   1  -1  -1  -2  -2   1  -1  -3  -2   0   0   2  -2  -1    4  34   0  18   0  16   2   2   0   2   0   2   0   0   0  10   2   4   0   4  0.27 0.01
   11 P    -1   0   0  -1  -3   0  -1  -2  -1  -2  -2   2  -2  -3   6   0   1  -3  -2  -1    2   4   7   0   0   2   0   0   0   2   0  20   0   0  45   4  12   0   0   2  0.71 0.02
   12 M    -1  -2  -3  -4  -2  -1  -3  -3  -2   1   2  -2   8   0  -3  -2  -1  -2  -2   1    0   0   0   0   0   0   0   0   0   0   0   0  97   0   0   0   0   0   0   3  0.72 0.10
   13 C     4  -2  -2  -2   5  -1  -2  -1  -2  -2  -2  -1  -1  -1  -2   1   0  -2  -1  -1   70   0   0   0  21   0   0   0   0   0   0   0   0   3   0   4   0   0   3   0  0.43 0.05
   14 I    -1  -3  -3  -3  -1  -3  -3  -4  -3   4   1  -3   1  -1  -3  -2   0  -3  -2   4    2   0   0   0   0   0   0   0   0  35   0   0   0   0   0   0   3   0   0  60  0.40 0.04
   15 P    -1  -3  -3  -2  -3  -2  -2  -3  -3  -3  -3  -2  -3  -4   8  -1  -2  -4  -4  -3    0   0   0   0   0   0   0   0   0   0   0   0   0   0 100   0   0   0   0   0  2.22 0.09
   16 P    -1  -3  -3  -2  -3  -2  -2  -3  -3  -3  -3  -1  -3  -4   8  -1  -2  -4  -4  -3    1   0   0   0   0   0   0   0   0   0   0   0   0   0  99   0   0   0   0   0  2.18 0.09
   17 S     3  -1   0  -1   2  -1  -1   0  -2  -2  -2  -1  -1  -3   0   3   2  -3  -2  -1   36   0   0   0   5   0   0   1   0   0   0   0   0   0   3  45  10   0   0   1  0.34 0.04
   18 Y    -2  -2  -3  -4  -3  -2  -3  -4   2  -2  -2  -2  -1   3  -4  -2  -2   2   8  -2    0   0   0   0   0   0   0   0   3   0   0   0   0   2   0   0   0   0  95   0  1.15 0.09
   19 A     4  -2  -2  -2   2  -1  -1   1  -2  -1  -2  -1  -1  -3  -1   1   0  -3  -2   0   81   0   0   0   4   0   0   6   0   1   0   0   0   0   1   3   0   0   0   4  0.41 0.05
   20 D    -2  -2   1   7  -4  -1   1  -1  -2  -4  -4  -1  -4  -4  -2  -1  -2  -5  -4  -4    0   0   0  97   0   0   0   3   0   0   0   0   0   0   0   0   0   0   0   0  1.10 0.08
   21 L    -2  -1  -4  -4  -2  -2  -3  -4  -3   1   4  -3   2   0  -3  -3  -2  -2  -1   1    0   2   0   0   0   0   0   0   0   0  98   0   0   0   0   0   0   0   0   0  0.56 0.06
   22 G     0  -3  -1  -2  -3  -2  -3   6  -2  -4  -4  -2  -3  -4  -3  -1  -2  -3  -4  -4    3   0   0   0   0   0   0  97   0   0   0   0   0   0   0   0   0   0   0   0  1.17 0.07
   23 K    -1   2  -1  -1  -4   1   0  -2  -1  -3  -3   6  -2  -4  -1  -1  -1  -3  -2  -3    0   3   0   0   0   0   0   0   0   0   0  97   0   0   0   0   0   0   0   0  0.71 0.07
   24 A     3  -1   0  -1  -1  -1  -1   0  -1  -2  -2  -1  -2  -3  -1   4   1  -3  -2  -1   31   0   0   0   0   0   0   0   0   0   1   0   0   0   1  66   0   0   0   0  0.43 0.05
   25 A     5  -2  -2  -1  -1  -1  -1   0  -2  -2  -2  -1  -1  -3   0   1   0  -3  -2  -1   94   0   0   3   0   0   0   0   0   0   0   0   0   0   1   1   0   0   0   0  0.51 0.06
   26 R    -1   5   0  -1  -4   1   0  -2  -1  -3  -3   4  -2  -3  -2  -1  -1  -3  -2  -3    0  57   1   0   0   0   1   0   0   0   0  38   0   0   0   1   0   0   0   0  0.65 0.05
   27 D    -2  -2   1   7  -4  -1   1  -2  -2  -3  -4  -1  -3  -4  -2  -1  -1  -5  -4  -3    0   0   0  99   0   0   0   0   0   1   0   0   0   0   0   0   0   0   0   0  1.12 0.08
   28 I    -1  -3  -2  -3  -2  -3  -3  -4  -3   5   1  -3   1   0  -3  -2  -1  -3  -2   3    0   0   3   0   0   0   0   0   0  78   2   0   0   1   0   0   0   0   0  16  0.45 0.05
   29 F    -3  -3  -3  -4  -3  -4  -4  -4  -2   0   0  -4   0   7  -4  -2  -2   1   3  -1    0   0   0   0   0   0   0   0   0   0   4   0   0  95   0   1   0   0   0   0  0.95 0.08
   30 N    -1  -1   6   1  -3   0  -1  -1   0  -3  -3   0  -2  -3  -2   1   1  -4  -2  -3    0   0  77   1   0   0   0   0   1   0   0   1   0   0   0   9  11   0   0   0  0.68 0.06
   31 K    -1   2  -1  -1  -4   1   0  -2  -1  -3  -3   5  -2  -4  -1  -1  -1  -3  -2  -3    0   3   0   0   0   3   0   0   0   0   0  94   0   0   0   0   0   0   0   0  0.69 0.07
   32 G     0  -2  -1  -1  -3  -2  -2   6  -2  -4  -4  -2  -3  -4  -3  -1  -2  -3  -4  -4    0   2   0   1   0   0   0  96   0   0   0   0   0   0   0   0   0   0   0   0  1.14 0.07
   33 F    -2  -2  -3  -4  -3  -2  -3  -4   1  -1  -1  -3  -1   5  -4  -2  -2   2   7  -1    0   0   0   0   0   0   0   0   0   0   1   0   0  31   0   0   0   0  67   0  0.92 0.07
   34 G     0  -3  -1  -2  -3  -2  -2   6  -2  -4  -4  -2  -3  -4  -2  -1  -2  -3  -3  -4    1   0   0   0   0   0   1  97   0   0   0   0   0   0   0   0   0   0   0   0  1.15 0.07
   35 F    -2  -3  -3  -4  -3  -3  -3  -3  -1  -1   0  -3   0   7  -4  -2  -2   1   3  -1    0   0   0   0   0   0   0   0   0   0   3   0   0  89   0   3   0   0   2   0  0.84 0.07
   36 G     0  -3  -1  -2  -3  -2  -2   6  -2  -4  -4  -2  -3  -3  -2  -1  -2  -3  -3  -3    0   0   0   0   0   0   0  97   0   0   0   0   0   0   0   0   0   0   0   0  1.14 0.06
   37 L    -2  -2  -3  -4  -2  -2  -3  -4  -3   2   4  -2   3   0  -3  -2  -1  -2  -1   1    0   0   0   0   0   2   0   0   0   4  76   0   9   1   0   0   1   0   0   5  0.42 0.04
   38 V    -1  -3  -3  -3  -1  -3  -3  -3  -3   3   1  -3   1  -1  -3  -2   0  -3  -1   4    0   0   0   0   0   0   0   0   0  18   0   0   0   0   0   0   0   0   0  79  0.43 0.05
   39 K    -1   2  -1  -1  -3   1   0  -2  -1  -3  -3   5  -2  -3  -1  -1  -1  -3  -2  -3    0   0   0   0   0   0   0   0   0   0   0  95   0   0   0   0   2   0   0   0  0.66 0.07
   40 L    -2  -2  -4  -4  -2  -2  -3  -4  -3   1   4  -3   2   0  -3  -3  -1   1  -1   0    0   0   0   0   0   0   0   0   0   0  94   0   0   0   0   0   0   2   0   0  0.53 0.05
   41 D    -2  -2   1   6  -4   0   2  -2  -1  -3  -4  -1  -3  -3  -2  -1  -1  -4  -2  -3    0   0   0  88   0   0   7   0   0   0   0   0   0   0   0   0   0   0   2   0  0.95 0.07
   42 V    -1  -3  -3  -3  -1  -2  -3  -3  -3   2   2  -3   1  -1  -3  -2   0  -3  -1   4    0   0   0   0   0   0   0   0   0   0  21   0   0   0   0   0   0   0   0  76  0.39 0.05
   43 K    -1   2  -1  -1  -3   1   0  -2  -1  -3  -3   5  -2  -3  -1  -1  -1  -3  -2  -3    0   0   0   0   0   0   0   0   0   0   0  97   0   0   0   0   0   0   0   0  0.68 0.07
   44 T     0  -1   0  -1  -1  -1  -1  -2  -2  -1  -2  -1  -1  -2  -1   1   5  -3  -2   0    0   0   0   0   0   0   0   0   0   0   1   0   0   0   0   0  94   0   0   0  0.61 0.07
   45 K    -1   2   0  -1  -3   1   0  -2  -1  -3  -3   5  -2  -3  -1   0   0  -3  -2  -2    0   2   0   0   0   0   0   0   0   0   0  91   0   0   0   0   4   0   0   0  0.62 0.07
   46 S     1  -1   0  -1  -1   0  -1  -1  -1  -2  -2  -1  -2  -3  -1   5   1  -3  -2  -2    2   0   0   0   0   0   0   0   0   0   3   0   0   0   0  91   2   0   0   0  0.52 0.07
   47 C     2  -1  -1  -1   5   0   1  -1  -2  -2  -2  -1  -1  -3  -1   2   0  -3  -2  -1   31   0   0   1  23   6  10   2   0   0   0   0   0   0   1  20   3   0   0   2  0.29 0.03
   48 S     0  -1   3   0  -1   0   0  -1  -1  -3  -3   0  -2  -3  -1   4   1  -3  -2  -2    0   0  27   0   1   0   0   0   0   0   0   0   0   0   0  68   2   0   0   0  0.47 0.05
   49 G     0  -3  -1  -1  -3  -2  -2   6  -2  -4  -4  -2  -3  -3  -2  -1  -2  -3  -3  -3    0   0   0   3   0   0   0  94   0   0   0   0   0   0   0   0   0   0   0   0  1.09 0.06
   50 V    -1  -3  -3  -3  -1  -2  -3  -3  -3   2   1  -3   1  -1  -3  -2   0  -3  -1   4    0   0   0   0   0   0   0   0   0   0  10   0   3   0   0   0   0   0   0  85  0.41 0.05
   51 E    -1   0  -1   1  -4   2   6  -2   0  -4  -3   1  -2  -4  -1   0  -1  -3  -2  -3    0   0   0   0   0   0  94   0   0   0   0   3   0   0   0   0   0   0   0   0  0.84 0.07
   52 F    -3  -3  -3  -4  -3  -3  -3  -3  -2   0   0  -3   0   7  -4  -3  -2   1   3  -1    0   0   0   0   0   0   0   0   0   0   3   0   0  94   0   0   0   0   0   0  0.92 0.08
   53 S     0   1   0  -1  -2   0   0  -1  -1  -2  -2   3  -1  -3  -1   2   2  -3  -2  -1    3   0   1   0   0   0   0   0   0   0   3  41   0   0   0  23  27   0   0   0  0.29 0.04
   54 T     0  -1   0  -1  -1  -1  -1  -2  -2  -1  -2  -1  -1  -2  -1   2   5  -3  -2   0    0   0   0   0   0   0   0   0   0   3   0   0   0   0   0  10  85   0   0   0  0.54 0.06
   55 S     1  -1   0  -1   0  -1  -1  -1  -1  -2  -3  -1  -2  -3  -1   4   2  -3  -2  -2    9   0   0   0   1   0   0   0   0   0   0   0   0   0   0  82   6   0   0   0  0.49 0.06
   56 G     0  -3  -1  -2  -3  -2  -2   6  -2  -4  -4  -2  -3  -4  -2  -1  -2  -3  -3  -4    0   0   0   0   0   0   0  98   0   0   0   0   0   0   0   0   0   0   0   0  1.18 0.07
   57 S     1  -1   0  -1  -1  -1  -1  -1  -1  -2  -2  -1  -2  -3  -1   5   1  -3  -2  -2    0   0   1   0   0   0   0   0   0   0   5   0   0   0   0  91   2   0   0   0  0.52 0.07
   58 S     2  -1   0  -1  -1  -1  -1  -1  -1  -3  -3  -1  -2  -3   0   5   1  -3  -2  -2   11   0   0   0   0   0   0   0   0   0   0   0   0   0   2  87   0   0   0   0  0.53 0.07
   59 N    -2  -1   7   1  -3   0  -1  -1   0  -4  -4  -1  -3  -4  -3   0   0  -4  -3  -3    0   0  99   0   0   0   0   0   0   0   0   0   0   0   0   1   0   0   0   0  0.98 0.09
   60 T     0  -2  -1  -2  -1  -1  -1  -2  -2   1  -1  -1   0  -2  -2   1   5  -3  -2   1    4   0   0   0   0   0   0   0   0   7   0   0   3   0   0   1  77   0   0   8  0.43 0.06
   61 D    -2  -2   1   6  -4   0   2  -2  -1  -4  -4  -1  -3  -4  -2  -1  -1  -5  -3  -4    0   0   0  87   0   0  13   0   0   0   0   0   0   0   0   0   0   0   0   0  1.01 0.07
   62 T     0  -1   0  -1  -1  -1  -1  -2  -2  -1  -2  -1  -1  -3  -1   2   5  -3  -2  -1    3   0   3   0   0   0   0   0   0   0   0   0   0   0   0   6  88   0   0   0  0.58 0.07
   63 G     0  -2   1  -1  -2  -1  -1   4  -1  -3  -3  -1  -2  -3  -2   3   0  -3  -3  -3    2   0   5   0   0   0   0  52   1   0   0   0   0   0   0  39   2   0   0   0  0.57 0.04
   64 K    -1   2  -1  -1  -4   1   0  -2  -1  -3  -3   6  -2  -4  -1  -1  -1  -3  -2  -3    0   3   0   0   0   0   0   0   0   0   0  97   0   0   0   0   0   0   0   0  0.71 0.08
   65 V     1  -3  -3  -3  -1  -2  -3  -3  -3   2   0  -3   0  -1  -3  -2   0  -3  -2   5    9   0   0   0   0   0   0   0   0   0   0   0   0   0   0   0   0   0   0  91  0.44 0.06
   66 T     1  -1   2  -1  -1  -1  -1  -1  -1  -1  -2  -1  -1  -2  -2   2   3  -3  -2   0    9   0  19   0   0   0   0   1   1   3   0   0   0   0   0  20  44   0   0   5  0.30 0.04
   67 G     0  -1  -1  -2  -3  -2  -2   6  -2  -4  -4  -2  -3  -3  -3  -1  -2   1  -3  -3    2   5   0   0   0   0   0  90   0   0   0   0   0   0   0   0   0   3   0   0  1.02 0.06
   68 T     1  -1   2  -1  -1  -1  -1  -1  -1  -2  -2  -1  -1  -3  -1   3   3  -3  -2  -1    4   0  13   0   0   0   0   0   1   1   0   0   0   0   0  44  37   0   0   0  0.38 0.04
   69 L    -2  -3  -4  -4  -2  -2  -3  -4  -3   1   5  -3   2   0  -3  -2  -1  -2  -1   1    0   0   0   0   0   0   0   0   0   0  97   0   0   0   0   3   0   0   0   0  0.56 0.06
   70 E    -1   0  -1   1  -4   2   6  -3   0  -4  -3   0  -2  -4  -2  -1  -1  -3  -3  -3    0   0   0   1   0   1  98   0   0   0   0   0   0   0   0   0   0   0   0   0  0.92 0.08
   71 T     0  -2   0  -1  -1  -1  -1  -2  -2  -1  -2  -1  -1  -3  -2   1   6  -3  -2   0    0   0   0   0   0   0   0   0   0   0   0   0   0   0   0   1  99   0   0   0  0.68 0.08
   72 K    -1   2  -1  -1  -4   1   1  -2  -1  -3  -3   6  -2  -4  -1  -1  -1  -4  -2  -3    0   0   0   0   0   0   2   0   0   0   0  98   0   0   0   0   0   0   0   0  0.71 0.08
   73 Y    -2  -2  -3  -4  -3  -2  -3  -4   1  -2  -2  -2  -2   3  -4  -2  -2   2   8  -2    0   0   0   0   0   0   0   0   0   0   0   0   0   0   0   0   0   0 100   0  1.22 0.10
   74 K    -1   2   0  -1  -4   1   0  -2  -1  -3  -3   5  -2  -4  -1  -1  -1  -3  -2  -3    0   3   1   0   0   0   0   0   0   0   0  96   0   0   0   0   0   0   0   0  0.70 0.07
   75 W    -3   1  -3  -4  -3  -2  -3  -3  -3  -2  -1  -2   0   0  -4  -3  -2  11   1  -2    0  12   0   0   0   0   0   0   0   2   6   1   3   0   0   0   0  72   0   2  1.68 0.09
   76 C     2  -1  -1  -1   5  -1  -1   0  -2  -2  -2   0  -2  -3   1   1   1  -3  -2  -1   32   0   0   4  24   0   0   3   0   0   0   8   0   0   6  15   6   0   0   2  0.30 0.03
   77 E    -1  -1   0   2  -4   2   6  -3  -1  -4  -3   0  -3  -4  -2  -1  -1  -3  -3  -3    0   0   0   7   0   0  93   0   0   0   0   0   0   0   0   0   0   0   0   0  0.88 0.07
   78 Y    -2  -1  -3  -4  -3  -2  -2  -4   2  -2  -1  -2  -1   3  -3  -2  -2   2   7  -2    0   3   0   0   0   0   0   0   1   0   6   0   0   0   0   0   0   0  90   0  1.01 0.09
   79 G     0  -3  -1  -2  -3  -2  -3   6  -3  -4  -4  -2  -3  -4  -3  -1  -2  -3  -4  -4    0   0   0   0   0   0   0 100   0   0   0   0   0   0   0   0   0   0   0   0  1.22 0.07
   80 L    -2  -3  -4  -4  -2  -3  -3  -4  -3   1   4  -3   2   0  -3  -3  -1  -2  -1   1    0   0   0   0   0   0   0   0   0   0  93   0   0   0   0   0   0   0   0   7  0.55 0.05
   81 T     0  -2   0  -1  -1  -1  -1  -2  -2  -1  -1  -1   0  -2  -2   1   5  -3  -2   0    0   0   1   0   0   0   0   0   0   1   0   0   4   0   0   3  89   0   0   0  0.57 0.07
   82 F    -3  -3  -4  -4  -3  -4  -4  -4  -2  -1   0  -4   0   7  -4  -3  -3   1   3  -1    0   0   0   0   0   0   0   0   0   0   0   0   0  99   0   0   0   0   1   0  1.03 0.08
   83 T     0  -2   0  -1  -1  -1  -1  -2  -2   0  -2  -1  -1  -3  -2   1   5  -3  -2   0    0   0   3   0   0   0   0   0   0   4   0   0   0   0   0   3  91   0   0   0  0.59 0.07
   84 E    -1   0  -1   1  -4   2   6  -3   0  -4  -3   1  -2  -4  -2   0  -1  -3  -2  -3    0   0   0   0   0   8  90   0   0   0   0   2   0   0   0   0   0   0   0   0  0.84 0.07
   85 K    -1   2  -1  -1  -4   1   0  -2  -1  -3  -3   6  -2  -4  -1  -1  -1  -4  -2  -3    0   1   0   0   0   0   0   0   0   0   0  99   0   0   0   0   0   0   0   0  0.72 0.08
   86 W    -3  -3  -4  -5   0  -3  -4  -3  -3  -3  -2  -4  -2   0  -4  -3  -3  12   2  -4    0   0   0   0   3   0   0   0   0   0   0   0   0   0   0   0   0  97   0   0  2.72 0.13
   87 N    -1  -1   6   1  -3   0  -1  -1   0  -3  -3  -1  -2  -3  -2   1   2  -4  -2  -3    0   0  76   0   0   0   0   0   0   0   0   0   0   0   0   7  17   0   0   0  0.69 0.07
   88 T     0  -2   0  -2  -1  -1  -1  -2  -2  -1  -2  -1  -1  -3  -2   1   6  -3  -2   0    0   0   0   0   0   0   0   0   0   0   0   0   0   0   0   0  98   0   0   0  0.67 0.08
   89 D    -2  -2   1   6  -4   0   3  -2  -1  -4  -4  -1  -3  -4  -2  -1  -1  -5  -3  -4    0   0   0  84   0   0  16   0   0   0   0   0   0   0   0   0   0   0   0   0  0.99 0.07
   90 N    -2  -1   7   1  -3   0  -1  -1   0  -4  -4  -1  -3  -4  -3   0   0  -4  -3  -3    0   0 100   0   0   0   0   0   0   0   0   0   0   0   0   0   0   0   0   0  1.00 0.09
   91 T     0  -2   0  -1  -1  -1  -1  -2  -2  -1  -2  -1  -1  -3  -2   1   6  -3  -2   0    0   0   1   0   0   0   0   0   0   0   0   0   0   0   0   1  98   0   0   0  0.67 0.08
   92 L    -2  -2  -4  -4  -2  -2  -3  -4  -3   1   5  -3   2   0  -3  -3  -1  -2  -1   1    0   0   0   0   0   0   0   0   0   0  98   0   0   0   0   0   0   0   0   0  0.57 0.06
   93 G     0  -3  -1  -2  -3  -2  -2   6  -2  -4  -4  -2  -3  -3  -2   0  -2  -3  -3  -3    4   0   0   0   0   0   0  92   0   0   0   0   0   0   0   3   0   0   0   0  1.05 0.06
   94 T     0  -2   0  -2  -1  -1  -1  -2  -2  -1  -2  -1  -1  -3  -2   1   6  -3  -2   0    0   0   0   0   0   0   0   0   0   0   0   0   0   0   0   0  96   0   0   1  0.64 0.08
   95 E    -1  -1  -1   1  -4   2   6  -2  -1  -4  -3   0  -3  -4  -2  -1  -1  -3  -3  -3    0   0   0   0   0   0  99   1   0   0   0   0   0   0   0   0   0   0   0   0  0.91 0.08
   96 I    -1  -3  -4  -4  -2  -3  -3  -4  -4   5   1  -3   2  -1  -3  -3  -1  -3  -2   3    0   0   0   0   0   0   0   0   0  79   0   0   4   0   0   0   0   0   0  17  0.49 0.06
   97 A     3  -2  -1  -2   5  -1  -1  -1  -2  -1  -2  -1  -1  -3  -1   1   3  -3  -2  -1   40   0   0   0  18   0   0   0   0   0   0   0   1   0   0   6  36   0   0   0  0.36 0.04
   98 I    -1  -3  -3  -4  -1  -3  -3  -4  -3   4   2  -3   2  -1  -3  -2  -1  -3  -1   3    0   0   0   0   0   0   0   0   0  44  11   0   6   0   0   0   0   0   0  39  0.39 0.04
   99 E    -1  -1  -1   1  -4   2   6  -3  -1  -4  -3   0  -3  -4  -2  -1  -1  -3  -3  -3    0   0   0   1   0   0  99   0   0   0   0   0   0   0   0   0   0   0   0   0  0.92 0.08
  100 D    -2  -2   1   7  -4  -1   1  -2  -2  -4  -4  -1  -4  -4  -2  -1  -2  -5  -4  -4    0   0   0 100   0   0   0   0   0   0   0   0   0   0   0   0   0   0   0   0  1.16 0.08
  101 Q    -1   1   0  -1  -4   6   1  -2   0  -3  -3   2  -1  -4  -2  -1  -1  -3  -2  -3    0   0   0   0   0  92   0   0   0   0   0   8   0   0   0   0   0   0   0   0  0.85 0.09
  102 I    -2  -3  -4  -4  -2  -3  -4  -4  -4   4   2  -3   1   0  -3  -3  -1  -3  -2   2    0   0   0   0   0   0   0   0   0  72  25   0   0   0   0   0   0   0   0   4  0.47 0.05
  103 C     3  -2  -2  -2   5  -1  -2  -1  -2  -1  -2  -1  -1  -3  -2   1   3  -3  -2   0   45   0   0   0  23   0   0   0   0   0   0   0   0   0   0   0  29   0   0   2  0.39 0.05
  104 Q    -1   2   0  -1  -3   3   1  -2   1  -3  -3   4  -1  -3  -1   0  -1  -3  -2  -3    0   5   2   0   0  24   3   0   3   0   0  62   0   0   0   0   0   0   0   0  0.51 0.05
  105 G     0  -3  -1  -2  -3  -2  -2   6  -2  -4  -4  -2  -3  -3  -2  -1  -2  -3  -3  -4    0   0   0   0   0   0   0  98   0   0   0   0   0   0   0   0   0   0   0   0  1.16 0.07
  106 L    -2  -2  -3  -4  -2  -2  -3  -4  -3   1   4  -3   2   0  -3  -3  -1  -2  -1   1    0   0   0   0   0   0   0   0   0   0  94   0   0   0   0   0   0   0   0   0  0.52 0.05
  107 K    -1   2  -1  -1  -3   1   0  -2  -1  -3  -3   5  -2  -3  -1  -1  -1  -3  -2  -3    0   0   0   0   0   0   0   0   0   0   0  97   0   0   0   0   0   0   0   0  0.67 0.07
  108 L    -2  -2  -4  -4  -2  -2  -3  -4  -3   1   4  -3   2   0  -3  -3  -1  -2  -1   1    0   0   0   0   0   0   0   0   0   0  94   0   1   0   0   0   1   0   0   2  0.53 0.05
  109 T     0  -1   1  -1  -1   0  -1  -2  -1  -1  -2  -1  -1  -3  -1   1   5  -3  -2  -1    0   0   5   0   0   3   0   0   1   0   0   0   1   0   0   1  87   0   0   0  0.54 0.07
  110 F    -3  -3  -3  -4  -3  -4  -4  -4  -2  -1   0  -3   0   7  -4  -3  -2   1   3  -1    0   0   0   0   0   0   0   0   0   0   2   0   0  96   0   0   0   0   0   0  0.96 0.08
  111 D    -2  -2   1   6  -4   0   2  -2  -1  -4  -4  -1  -3  -4  -2  -1  -1  -4  -3  -3    0   0   0  89   0   0   8   0   0   0   0   0   0   0   0   0   0   0   0   0  1.01 0.07
  112 T     0  -1   0  -1  -1  -1  -1  -2  -2  -1  -2  -1  -1  -3  -1   2   5  -3  -2  -1    2   0   3   0   0   0   0   0   0   0   0   0   0   0   0  10  84   0   0   0  0.54 0.06
  113 T     0  -1   0  -1  -1  -1  -1  -2  -2  -1  -2  -1  -1  -2  -1   2   5  -3  -2   0    0   0   0   0   0   1   0   0   0   2   0   0   1   0   2  13  80   0   0   0  0.51 0.06
  114 F    -3  -3  -3  -4  -3  -3  -4  -3  -2  -1   0  -3   0   7  -4  -2  -2   1   3  -1    0   0   0   0   0   0   0   0   0   0   0   0   0  96   0   2   0   0   0   0  0.95 0.08
  115 S     1  -1   0  -1   0  -1  -1  -1   0  -2  -2  -1  -1  -2  -1   4   1  -3  -2   0    0   0   0   0   1   0   0   0   2   0   3   0   0   0   0  83   0   0   0   9  0.41 0.06
  116 P    -1  -2  -2  -2  -3  -1  -1  -3  -3  -3  -3  -1  -3  -4   8  -1  -1  -4  -3  -3    0   0   0   0   0   2   0   0   0   0   0   0   0   0  96   0   0   0   0   0  2.09 0.09
  117 N    -2  -1   7   1  -3   0  -1  -1   0  -4  -4  -1  -3  -3  -2   0   0  -4  -3  -3    0   0  96   0   0   0   0   0   0   0   0   0   0   0   0   0   2   0   0   0  0.92 0.08
  118 T     0  -1   0  -1  -1  -1  -1  -2  -2  -1  -2  -1  -1  -3  -1   1   5  -3  -2   0    0   2   0   0   0   0   0   0   0   0   0   0   0   0   0   3  93   0   0   0  0.61 0.07
  119 G     0  -3  -1  -2  -3  -1  -2   6  -2  -4  -4  -2  -3  -3  -2  -1  -2  -3  -3  -3    0   0   0   0   0   2   0  95   0   0   0   0   0   0   0   0   0   0   0   0  1.11 0.06
  120 K    -1   2  -1  -1  -4   1   0  -2  -1  -3  -3   6  -2  -4  -1  -1  -1  -4  -2  -3    0   0   0   0   0   0   0   0   0   0   0 100   0   0   0   0   0   0   0   0  0.73 0.08
  121 K    -1   2  -1  -1  -4   1   0  -2  -1  -3  -3   6  -2  -4  -1  -1  -1  -4  -2  -3    0   0   0   0   0   0   0   0   0   0   0 100   0   0   0   0   0   0   0   0  0.73 0.08
  122 S     1  -1   1  -1   1   0  -1  -1  -1  -3  -3   0  -2  -3  -1   5   1  -3  -2  -2    0   0   3   0   3   0   0   0   0   0   0   2   0   0   0  92   0   0   0   0  0.56 0.07
  123 G     1  -3  -1  -2  -3  -2  -2   6  -2  -4  -4  -2  -3  -3  -2   0  -2   0  -3  -3    8   0   0   0   0   0   0  88   0   0   0   0   0   0   0   2   0   2   0   0  1.01 0.06
  124 K    -1   2  -1  -1  -4   1   0  -2  -1  -3  -3   5  -2  -4  -1  -1  -1  -3  -2  -3    0   2   0   0   0   2   0   0   0   0   0  97   0   0   0   0   0   0   0   0  0.70 0.07
  125 I    -1  -3  -2  -3  -1  -3  -3  -4  -3   4   1  -3   1  -1  -3  -2   0  -3  -2   3    0   0   2   0   0   0   0   0   0  45   8   0   0   0   0   0   2   0   0  43  0.38 0.04
  126 K    -1   2  -1  -1  -4   1   1  -2  -1  -3  -3   5  -2  -4  -1  -1  -1  -3  -2  -3    0   1   0   0   0   0   2   0   0   0   0  97   0   0   0   0   0   0   0   0  0.70 0.07
  127 S     1  -1   0  -1  -1  -1  -1  -1  -2  -2  -2  -1  -1  -1  -1   3   4  -3  -2  -1    6   0   0   0   0   0   0   1   0   0   0   0   0   3   0  43  47   0   0   0  0.40 0.05
  128 S     3  -2  -1  -1  -1  -1  -1   2  -2  -2  -2  -1  -2  -3  -1   2   0  -3  -2  -1   58   0   0   0   0   0   0  13   0   0   1   0   0   0   0  29   0   0   0   0  0.39 0.04
  129 Y    -2  -2  -3  -4  -3  -2  -3  -4   1  -2  -2  -2  -2   3  -4  -2  -2   2   8  -2    0   0   0   0   0   0   0   0   0   0   0   0   0   1   0   0   0   0  99   0  1.21 0.10
  130 K    -1   2  -1  -1  -4   1   0  -2  -1  -3  -3   6  -2  -4  -1  -1  -1  -4  -2  -3    0   1   0   0   0   0   0   0   0   0   0  99   0   0   0   0   0   0   0   0  0.72 0.08
  131 R    -2   6  -1  -2   0   1  -1  -3   0  -3  -2   2  -1  -3  -3  -1  -2  -3  -2  -3    0  94   0   0   3   1   0   0   1   0   0   0   2   0   0   0   0   0   0   0  0.87 0.08
  132 E    -1  -1   0   3  -4   2   5  -2  -1  -4  -3   0  -3  -4  -2   0  -1  -3  -3  -3    0   0   0  11   0   2  87   0   0   0   0   0   0   0   0   0   0   0   0   0  0.83 0.07
  133 C    -2  -2  -2  -3   6  -2  -3  -3   3  -2  -2  -2  -2   2  -3  -2  -2   1   6  -2    0   0   1   0  33   0   0   0  12   0   0   0   0   6   0   0   0   0  49   0  0.71 0.06
  134 I    -1  -3  -3  -4  -1  -3  -3  -4  -3   4   2  -3   1   0  -3  -2  -1  -3  -2   3    0   0   0   0   0   0   0   0   0  47  17   0   1   0   0   0   0   0   0  35  0.40 0.04
  135 N    -2  -1   7   1  -3   0  -1  -1   1  -4  -4  -1  -3  -4  -2   1   0  -4  -2  -3    0   0  96   0   0   0   0   0   1   0   0   0   0   0   0   3   0   0   0   0  0.94 0.08
  136 L     0  -3  -3  -4  -1  -2  -3  -3  -3   2   4  -3   2   0  -3  -2  -1  -2  -1   2    7   0   0   0   0   0   0   0   0   3  65   0   1   3   0   0   0   0   0  21  0.36 0.04
  137 G     0  -3  -1  -2  -3  -2  -3   6  -2  -4  -4  -2  -3  -4  -3  -1  -2  -3  -4  -4    1   0   0   0   0   0   0  99   0   0   0   0   0   0   0   0   0   0   0   0  1.20 0.07
  138 C    -1  -4  -3  -4   9  -3  -4  -3  -1   0  -1  -3  -1  -2  -3  -1  -1  -3  -2   1    1   0   0   0  79   0   0   0   3   1   1   0   0   0   0   0   0   0   0  16  1.15 0.08
  139 D    -2  -2   1   6  -4  -1   1  -1  -1  -4  -4  -1  -4  -4  -2  -1  -1  -5  -4  -4    0   0   2  93   0   0   3   3   0   0   0   0   0   0   0   0   0   0   0   0  1.05 0.07
  140 V     0  -3  -3  -4  -1  -2  -3  -3  -3   2   1  -3   2  -1  -3  -2   0  -3  -2   4    4   0   0   0   0   0   0   0   0   5   0   0   6   0   0   0   0   0   0  84  0.42 0.06
  141 D    -2  -2   1   7  -4  -1   1  -2  -2  -4  -4  -1  -3  -4  -2  -1  -1  -5  -3  -4    0   0   0  98   0   0   0   0   0   0   0   0   0   0   0   0   0   0   0   0  1.11 0.08
  142 F    -2  -3  -3  -4  -2  -3  -3  -4  -2   0   2  -3   0   6  -4  -3  -2   0   2  -1    0   0   0   0   0   0   0   0   0   0  19   0   0  78   0   0   0   0   0   2  0.71 0.06
  143 D    -2  -2   1   7  -4  -1   1  -2  -2  -4  -4  -1  -4  -4  -2  -1  -2  -5  -4  -4    0   0   0 100   0   0   0   0   0   0   0   0   0   0   0   0   0   0   0   0  1.16 0.08
  144 F    -3  -3  -4  -4  -3  -4  -4  -4  -2   1   1  -4   0   7  -4  -3  -2   0   2  -1    0   0   0   0   0   0   0   0   0  10   3   0   0  87   0   0   0   0   0   0  0.83 0.07
  145 A     5  -2  -2  -2  -1  -1  -1   0  -2  -2  -2  -1  -1  -3  -1   1   0  -3  -2  -1   94   0   0   0   0   0   0   0   0   0   0   0   0   0   0   3   3   0   0   0  0.52 0.06
  146 G     0  -3  -1  -1  -3  -2  -3   6  -2  -4  -4  -2  -3  -4  -3  -1  -2  -3  -4  -4    0   0   0   1   0   0   0  99   0   0   0   0   0   0   0   0   0   0   0   0  1.20 0.07
  147 P    -1  -3  -3  -2  -3  -2  -2  -3  -3  -3  -3  -1  -3  -4   8  -1  -2  -4  -4  -3    0   0   0   0   0   0   0   0   0   0   0   0   0   0  99   1   0   0   0   0  2.19 0.09
  148 A     3  -2  -1  -2  -1  -1  -1  -1  -2  -1  -1  -1  -1  -2  -1   2   3  -3  -2   0   47   0   0   0   0   0   0   0   0   0   2   0   1   0   0   8  41   0   0   1  0.34 0.04
  149 I    -2  -3  -4  -4   0  -3  -4  -4  -4   5   1  -3   1  -1  -3  -3  -1  -3  -2   3    0   0   0   0   3   0   0   0   0  86   1   0   0   0   0   0   0   0   0  10  0.51 0.06
  150 H    -2   1   0  -2  -4   0  -1  -3   8  -4  -3  -1  -2  -2  -1  -1  -2  -3   1  -4    0  10   0   0   0   0   0   0  87   0   0   0   0   0   2   1   0   0   0   0  1.06 0.09
  151 G     1  -3  -1  -2  -2  -2  -2   6  -2  -4  -4  -2  -3  -3  -2   0  -2  -3  -3  -3   12   0   0   0   0   0   0  84   0   0   0   0   0   0   0   4   0   0   0   0  0.95 0.06
  152 S     3  -1  -1  -1  -1  -1  -1   0  -2  -2  -2  -1  -1  -3   0   3   1   0  -2  -1   55   0   1   0   0   0   0   0   0   0   0   0   1   0   3  38   1   2   0   0  0.38 0.05
  153 A     4  -2  -2  -2  -1  -1  -1   1  -2  -1  -1  -1  -1  -1  -1   1   0  -3  -2   0   81   0   0   0   0   0   0   7   0   0   5   0   0   2   0   0   0   0   0   4  0.38 0.05
  154 V    -1  -3  -3  -4  -1  -3  -3  -4  -4   2   1  -3   0   0  -3  -2   0  -3  -1   5    0   0   0   0   0   0   0   0   0   0   0   0   0   2   0   0   0   0   0  98  0.51 0.07
  155 F     0  -3  -3  -3  -2  -2  -3  -1  -2   1   2  -2   0   4  -3  -1  -1  -1   1   2   13   0   0   0   0   0   0   4   0   4  21   0   0  35   0   0   2   0   0  21  0.22 0.03
  156 G     0  -3  -1  -2  -3  -2  -2   6  -2  -4  -4  -2  -3  -4  -2   0  -1  -3  -3  -3    2   0   0   0   0   0   0  95   0   0   0   0   0   0   0   2   1   0   0   0  1.12 0.06
  157 Y    -2  -2  -3  -4  -3  -2  -3  -4   1  -2  -2  -2  -1   3  -3  -2  -2   2   8  -2    0   0   0   0   0   0   0   0   0   0   0   0   0   1   0   0   0   0  97   0  1.15 0.10
  158 E    -1  -1   0   2  -4   2   6  -3  -1  -4  -3   0  -3  -4  -2  -1  -1  -3  -3  -3    0   0   0   8   0   0  92   0   0   0   0   0   0   0   0   0   0   0   0   0  0.87 0.07
  159 G     0  -3  -1  -2   0  -2  -3   6  -2  -4  -4  -2  -3  -4  -3   0  -2  -3  -4  -4    0   0   0   0   3   0   0  96   0   0   0   0   0   0   0   2   0   0   0   0  1.13 0.07
  160 W    -3  -3  -4  -5   0  -3  -4  -3  -3  -3  -2  -4  -2   0  -4  -3  -3  12   2  -4    0   0   0   0   3   0   0   0   0   0   0   0   0   0   0   0   0  97   0   0  2.72 0.13
  161 L    -2  -3  -4  -4  -2  -3  -3  -4  -3   1   5  -3   2   0  -3  -3  -2  -2  -1   1    0   0   0   0   0   0   0   0   0   0 100   0   0   0   0   0   0   0   0   0  0.60 0.06
  162 A     5  -2  -2  -2  -1  -1  -1   1  -2  -2  -2  -1  -1  -3  -1   1   0  -3  -2   0   92   0   0   0   0   0   0   5   0   0   0   0   0   0   0   0   1   0   0   2  0.50 0.06
  163 G     0  -3  -1  -2  -3  -2  -3   6  -3  -4  -4  -2  -3  -4  -3  -1  -2  -3  -4  -4    0   0   0   0   0   0   0 100   0   0   0   0   0   0   0   0   0   0   0   0  1.22 0.07
  164 Y    -2  -2  -3  -4  -2  -2  -3  -4   2  -2  -2  -2  -1   3  -4  -2  -2   2   8  -2    0   0   0   0   1   0   0   0   1   0   0   0   0   2   0   0   0   0  96   0  1.15 0.09
  165 Q    -1   1   0  -1  -4   7   2  -2   0  -3  -3   1  -1  -4  -2  -1  -1  -3  -2  -3    0   0   0   0   0 100   0   0   0   0   0   0   0   0   0   0   0   0   0   0  0.94 0.10
  166 M    -1  -2  -3  -4  -2  -1  -3  -3  -2   1   2  -2   8   0  -3  -2  -1  -2  -2   0    0   0   0   0   0   0   0   0   0   0   0   0  99   0   0   0   0   0   0   1  0.76 0.11
  167 T     1  -1   0  -1  -1  -1  -1  -1  -2  -1  -2  -1  -1  -3   0   2   5  -3  -2  -1   10   0   1   0   0   0   0   0   0   0   0   0   0   0   3  13  73   0   0   0  0.47 0.06
  168 F    -2  -3  -3  -4  -3  -3  -3  -3  -2   0   0  -3   0   7  -4  -1  -2   0   3  -1    0   0   0   0   0   0   0   0   0   5   0   0   0  88   0   5   0   0   1   1  0.82 0.07
  169 D    -2  -2   1   6  -4   0   2  -2  -1  -4  -4  -1  -3  -4  -2  -1  -1  -5  -3  -4    0   0   0  89   0   0  11   0   0   0   0   0   0   0   0   0   0   0   0   0  1.03 0.07
  170 S     1  -1   0  -1  -1  -1  -1  -1  -2  -2  -2  -1  -1  -3   0   4   4  -3  -2  -1    1   0   0   0   0   0   0   0   0   0   0   0   0   0   2  55  42   0   0   0  0.47 0.05
  171 A     5  -2  -2  -2  -1  -1  -1   0  -2  -2  -2  -1  -1  -3  -1   1   0  -3  -2  -1   96   0   0   0   0   0   0   1   0   0   0   0   0   0   0   1   2   0   0   0  0.53 0.07
  172 K    -1   2  -1  -1  -4   1   0  -2  -1  -3  -3   6  -2  -4  -1  -1  -1  -3  -2  -3    0   0   0   0   0   1   0   0   0   0   0  99   0   0   0   0   0   0   0   0  0.72 0.08
  173 S     1  -1   0  -1  -1   0  -1  -1  -1  -3  -3  -1  -2  -3  -1   5   1  -3  -2  -2    0   0   0   0   0   0   0   0   0   0   0   0   0   0   0  99   1   0   0   0  0.62 0.08
  174 K    -1   4  -1  -1  -4   1   0  -2  -1  -3  -3   5  -2  -4  -2  -1  -1  -3  -2  -3    0  21   0   0   0   0   0   0   0   0   0  79   0   0   0   0   0   0   0   0  0.65 0.06
  175 L    -1  -2  -3  -4  -2  -2  -3  -4  -3   2   3  -2   4   0  -3  -2  -1  -2  -1   1    0   0   0   0   0   0   0   0   0   3  55   0  32   1   0   0   3   0   0   6  0.41 0.04
  176 T     0  -2   0  -1  -1  -1  -1  -2  -2   0  -1  -1  -1  -2  -1   1   5  -3  -2   0    6   0   0   0   0   0   0   0   0   4   1   1   0   0   0   7  79   0   0   2  0.48 0.06
  177 R    -1   4   0  -1  -4   4   1  -2   2  -3  -2   2  -1  -3  -2  -1  -1  -3  -2  -3    0  45   0   0   0  45   0   0   5   0   0   5   1   0   0   0   0   0   0   0  0.61 0.06
  178 N    -1  -1   5   1  -2   0  -1  -1   0  -3  -3  -1  -2  -3  -2   3   0  -4  -2  -3    0   0  65   0   0   0   0   0   0   0   0   0   0   0   0  34   1   0   0   0  0.64 0.06
  179 N    -2  -1   7   1  -3   0  -1  -1   0  -4  -4  -1  -3  -4  -3   0   0  -4  -3  -3    0   0 100   0   0   0   0   0   0   0   0   0   0   0   0   0   0   0   0   0  1.00 0.09
  180 F    -3  -3  -4  -4  -3  -4  -4  -4  -2   0   1  -4   0   7  -4  -3  -3   1   3  -1    0   0   0   0   0   0   0   0   0   1   4   0   0  92   0   0   0   0   2   0  0.93 0.08
  181 A     4  -2  -1  -2  -1  -1  -1   0  -2  -2  -2  -1  -1  -3  -1   2   0  -3  -2  -1   86   0   0   0   0   0   0   0   0   0   0   0   0   0   0  13   1   0   0   0  0.49 0.06
  182 V    -1  -3  -3  -4  -1  -3  -3  -4  -4   3   1  -3   1  -1  -3  -2  -1  -3  -2   4    0   0   0   0   0   0   0   0   0  18   9   0   0   0   0   0   0   0   0  73  0.43 0.05
  183 G     0  -3  -1  -2  -3  -2  -3   6  -3  -4  -4  -2  -3  -4  -3  -1  -2  -3  -4  -4    0   0   0   0   0   0   0 100   0   0   0   0   0   0   0   0   0   0   0   0  1.22 0.07
  184 Y    -2  -2  -3  -4  -3  -2  -3  -4   1  -2  -2  -2  -2   3  -4  -2  -2   2   8  -2    0   0   0   0   0   0   0   0   0   0   0   0   0   1   0   0   0   0  99   0  1.21 0.10
  185 R    -1   4  -1  -1  -4   1   0  -2  -1  -3  -3   5  -2  -3  -2  -1  -1  -3  -2  -3    0  31   0   0   0   2   0   0   0   0   0  66   0   0   0   0   1   0   0   0  0.62 0.06
  186 T     1  -2  -1  -2  -1  -1  -1  -2  -2  -1  -2  -1  -1  -3  -1   1   5  -3  -2   0   13   0   0   0   0   0   0   0   0   0   0   0   0   0   0   1  86   0   0   0  0.56 0.07
  187 G     0  -1   0   1  -3  -1  -1   5  -2  -4  -4  -1  -3  -4  -2   0  -2  -3  -3  -3    3   3   2   9   0   0   5  77   0   0   0   0   0   0   0   1   0   0   0   0  0.81 0.05
  188 D    -2  -2   1   6  -4   0   2  -2  -1  -4  -4  -1  -3  -4  -2  -1  -1  -5  -3  -4    0   0   2  88   0   0  10   0   0   0   0   0   0   0   0   0   0   0   0   0  1.02 0.07
  189 F    -3  -3  -4  -4  -3  -4  -4  -4  -2  -1   0  -4   0   7  -4  -3  -3   1   3  -1    0   0   0   0   0   0   0   0   0   0   0   0   0 100   0   0   0   0   0   0  1.05 0.09
  190 Q    -1   1   0  -1  -4   7   2  -2   0  -3  -3   1  -1  -4  -2  -1  -1  -3  -2  -3    0   0   0   0   0  99   0   0   1   0   0   0   0   0   0   0   0   0   0   0  0.93 0.10
  191 L    -2  -3  -4  -4  -2  -3  -3  -4  -3   1   5  -3   2   0  -3  -3  -2  -2  -1   1    0   0   0   0   0   0   0   0   0   0  99   0   1   0   0   0   0   0   0   0  0.59 0.06
  192 H    -2  -1   0  -2  -3   0  -1  -3   9  -4  -3  -1  -2  -2  -3  -1  -2  -3   1  -4    0   0   1   0   0   1   0   0  95   0   1   0   0   0   0   0   0   0   0   0  1.20 0.10
  193 T     0  -2   0  -1  -1  -1  -1  -2  -2  -1  -2  -1  -1  -2  -1   1   5  -3  -2   0    2   0   0   0   0   0   0   0   0   0   0   0   0   0   0   0  94   0   0   0  0.61 0.07
  194 N    -2  -1   6   1  -1   0  -1  -1   2  -3  -3   0  -2  -3  -2   0   0  -4  -2  -3    0   0  84   0   2   0   0   0   4   0   0   3   0   0   0   0   0   0   0   1  0.72 0.07
  195 V    -1  -3  -3  -3  -1  -2  -3  -3  -3   3   1  -3   0  -1  -3  -2   0  -3  -1   5    0   0   0   0   0   0   0   0   0   8   0   0   0   0   0   0   0   0   0  88  0.44 0.06
  196 N    -2  -1   6   1  -3   0  -1  -1   0  -2  -3   0  -2  -3  -2   0   0  -4  -2  -3    0   0  90   0   0   0   0   0   0   3   0   2   0   0   0   2   0   0   0   0  0.80 0.07
  197 D    -2  -2   2   6  -4  -1   1  -2  -1  -3  -4  -1  -3  -4  -2   0  -1  -4  -3  -3    0   0  10  86   0   0   0   0   0   0   0   0   0   0   0   0   0   0   0   0  0.94 0.06
  198 G     0  -3  -1  -2  -3  -2  -2   6  -2  -4  -4  -2  -3  -3  -2  -1  -2  -3  -3  -3    0   0   0   0   0   0   0  96   0   0   0   0   0   0   0   0   0   0   0   0  1.11 0.06
  199 T     1  -1   0  -1   0  -1  -1  -1  -1  -2  -2  -1   0  -2  -1   3   3  -3  -2  -1   11   2   0   0   1   0   0   0   0   0   0   0   3   0   0  41  40   0   0   0  0.34 0.04
  200 E    -1   0  -1   1  -4   2   6  -2   0  -4  -3   0  -2  -4  -1   0  -1  -3  -2  -3    1   0   0   0   0   0  97   0   0   0   0   0   0   0   0   0   0   0   0   0  0.88 0.08
  201 F    -3  -3  -3  -4  -3  -4  -4  -4  -2  -1   0  -3   0   7  -4  -3  -3   1   3  -1    0   0   0   0   0   0   0   0   0   0   0   0   0  98   0   0   0   0   0   0  0.99 0.08
  202 G     0  -3  -1  -2  -2  -2  -2   6  -2  -4  -4  -2  -3  -3  -2   0  -2  -3  -3  -3    4   0   0   0   1   0   0  91   0   0   0   0   0   0   0   2   0   0   0   0  1.04 0.06
  203 G     0  -1  -1  -2  -3  -2  -2   6  -2  -4  -4  -2  -3  -3  -2  -1  -2  -3  -3  -3    0   3   0   0   0   0   0  95   0   0   0   0   0   0   0   0   0   0   0   0  1.11 0.06
  204 S     1  -1   0  -1  -1   0  -1  -1  -1  -3  -3  -1  -2  -3  -1   5   1  -3  -2  -2    0   0   0   0   0   0   0   0   0   0   0   0   0   0   0  99   1   0   0   0  0.62 0.08
  205 I    -2  -3  -4  -4  -2  -3  -4  -4  -4   5   1  -3   1  -1  -3  -3  -1  -3  -2   3    0   0   0   0   0   0   0   0   0  93   1   0   0   0   0   0   0   0   0   6  0.56 0.07
  206 Y    -2  -2  -3  -4  -3  -2  -3  -4   1  -2  -2  -2  -2   3  -4  -2  -2   2   8  -2    0   0   0   0   0   0   0   0   0   0   0   0   0   0   0   0   0   0 100   0  1.22 0.10
  207 Q    -1   1   0  -1  -4   7   2  -2   0  -3  -3   1  -1  -4  -2  -1  -1  -3  -2  -3    0   0   0   0   0 100   0   0   0   0   0   0   0   0   0   0   0   0   0   0  0.94 0.10
  208 K    -1   2  -1  -1  -4   1   0  -2  -1  -3  -3   6  -2  -4  -1  -1  -1  -4  -2  -3    0   1   0   0   0   0   0   0   0   0   0  99   0   0   0   0   0   0   0   0  0.72 0.08
  209 V    -1  -3  -3  -3  -1  -2  -2  -4  -3   2   1  -3   0  -1  -2  -2   0  -3  -2   5    0   0   0   0   0   0   3   0   0   0   2   0   0   0   1   1   0   0   0  94  0.46 0.06
  210 C     0  -1   4   0   5  -1  -1  -1  -1  -3  -3  -1  -2  -2  -2   2   0  -3  -2  -2    0   0  43   0  23   0   0   0   0   0   0   0   0   3   0  32   0   0   0   0  0.47 0.05
  211 E    -2  -1   1   5  -4   0   3  -2  -1  -4  -4   0  -3  -4  -1   0  -1  -4  -3  -3    0   0   3  64   0   0  28   0   0   0   0   3   0   0   1   1   0   0   0   0  0.78 0.05
  212 D    -1   1   2   3  -3   1   1  -2   0  -3  -3   3  -2  -3  -2   0  -1  -3  -1  -3    0   2  17  25   0   5   2   0   1   0   0  42   0   0   0   4   0   0   3   0  0.39 0.03
  213 L    -2  -3  -4  -4  -2  -3  -3  -4  -3   1   4  -3   2   1  -3  -3  -1  -2  -1   1    0   0   0   0   0   0   0   0   0   0  92   0   2   3   0   0   0   0   0   3  0.54 0.05
  214 D    -1  -1   0   4  -4   1   5  -2  -1  -4  -4   0  -3  -4  -2   0  -1  -4  -3  -3    0   0   0  28   0   0  72   0   0   0   0   0   0   0   0   0   0   0   0   0  0.79 0.06
  215 T     0  -2   0  -2  -1  -1  -1  -2  -2  -1  -2  -1  -1  -3  -2   1   6  -3  -2   0    0   0   0   0   0   0   0   0   0   0   0   0   1   0   0   1  97   0   0   0  0.67 0.08
  216 S     4  -2  -1  -2  -1  -1  -1   0  -2  -2  -2  -1  -1  -3  -1   2   0  -3  -2  -1   71   0   0   0   0   0   0   1   0   0   0   0   0   0   0  25   0   0   0   0  0.42 0.05
  217 V    -1  -3  -3  -4  -1  -3  -3  -4  -4   3   1  -3   0  -1  -3  -2   0  -3  -2   5    0   0   0   0   0   0   0   0   0   7   0   0   0   0   0   0   0   0   0  93  0.51 0.06
  218 N    -2  -1   6   1  -3   0  -1  -1   1  -4  -4  -1  -3  -3  -2   1   0  -4  -2  -3    0   0  87   3   0   1   0   0   2   0   0   0   0   0   0   5   3   0   0   0  0.81 0.07
  219 L    -2  -3  -4  -4  -2  -3  -3  -4  -3   1   5  -3   2   1  -3  -3  -2  -2  -1   1    0   0   0   0   0   0   0   0   0   0  98   0   0   2   0   0   0   0   0   0  0.58 0.06
  220 A     5  -2  -1  -2  -1  -1  -1   0  -2  -2  -2  -1  -1  -3  -1   1   0  -3  -2  -1   92   0   3   0   0   0   0   0   0   0   0   0   0   0   0   3   2   0   0   0  0.50 0.06
  221 W    -3  -3  -5  -5  -3  -3  -4  -3  -3  -3  -2  -4  -2   0  -4  -4  -3  12   2  -4    0   0   0   0   0   0   0   0   0   0   0   0   0   0   0   0   0 100   0   0  2.84 0.13
  222 T     0  -2  -1  -2  -1  -1  -1  -2  -2  -1  -1  -1   0  -2  -2   1   5  -3  -2   0    5   0   0   0   0   0   0   0   0   2   0   0   3   0   0   6  82   0   0   1  0.51 0.06
  223 S     4  -2  -1  -2  -1  -1  -1   0  -2  -2  -2  -1  -1  -3  -1   3   0  -3  -2  -1   71   0   0   0   0   0   0   0   0   0   0   0   0   0   0  28   0   0   0   1  0.44 0.05
  224 G     0  -3  -1  -2  -3  -2  -3   6  -2  -4  -4  -2  -3  -4  -3   0  -2  -3  -4  -4    0   0   0   0   0   0   0  99   0   0   0   0   0   0   0   1   0   0   0   0  1.19 0.07
  225 T     0  -1   3   0  -2   0  -1  -1  -1  -2  -2  -1  -2  -3  -1   3   3  -3  -2  -1    0   0  24   0   0   2   0   0   0   3   0   0   0   0   0  46  26   0   0   0  0.38 0.04
  226 N    -1  -1   6   1  -3   0  -1  -1   0  -4  -4  -1  -3  -3  -2   1   0  -4  -2  -3    0   0  85   0   0   0   0   0   0   0   0   0   0   0   0  13   2   0   0   0  0.80 0.07
  227 C     0  -2   3  -1   5  -1  -1   2  -1  -3  -3  -1  -2  -2  -2   2   0  -3  -2  -2    2   0  24   0  23   0   0  15   0   0   0   0   0   3   0  34   1   0   0   0  0.37 0.04
  228 T     0  -2   0  -2  -1  -1  -1  -2  -1  -1  -2  -1  -1  -3  -2   1   5  -3  -2   0    0   0   0   0   0   0   0   0   2   3   0   0   0   0   0   0  96   0   0   0  0.63 0.08
  229 R    -1   6   0  -2   2   1  -1  -2   0  -3  -3   1  -2  -3  -2   0  -1  -3  -2  -3    2  79   2   0   8   2   0   0   1   0   0   0   0   0   0   7   0   0   0   0  0.66 0.06
  230 F    -3  -3  -3  -4  -3  -4  -4  -4  -2  -1   0  -4   0   7  -4  -2  -3   1   3  -1    0   0   0   0   0   0   0   0   0   0   0   0   0  98   0   2   0   0   0   0  1.00 0.08
  231 G     0  -3  -1  -2  -3  -2  -3   6  -2  -4  -4  -2  -3  -4  -3  -1  -2  -3  -4  -4    2   0   0   0   0   0   0  98   0   0   0   0   0   0   0   0   0   0   0   0  1.19 0.07
  232 I    -2  -3  -4  -4  -2  -3  -4  -4  -4   5   1  -3   1  -1  -3  -3  -1  -3  -2   2    0   0   0   0   0   0   0   0   0  90   3   0   1   0   0   0   2   0   0   4  0.52 0.06
  233 A     5  -2  -2  -1  -1  -1  -1   1  -2  -2  -2  -1  -1  -3  -1   1   0  -3  -2  -1   92   0   0   2   0   2   0   4   0   0   0   0   0   0   0   0   0   0   0   0  0.49 0.06
  234 A     5  -2  -2  -2  -1  -1  -1   0  -2  -2  -2  -1  -1  -3  -1   1   1  -3  -2  -1   92   0   0   0   0   0   0   1   0   0   0   0   0   0   0   0   7   0   0   0  0.51 0.06
  235 K    -1   2  -1  -1  -4   1   1  -2  -1  -3  -3   6  -2  -4  -1  -1  -1  -4  -2  -3    0   0   0   0   0   0   3   0   0   0   0  97   0   0   0   0   0   0   0   0  0.71 0.08
  236 Y    -2  -2  -3  -4  -3  -2  -3  -4   1  -2  -2  -2  -2   3  -4  -2  -2   2   8  -2    0   0   0   0   0   0   0   0   0   0   0   0   0   0   0   0   0   0 100   0  1.22 0.10
  237 Q    -1   1  -1  -1  -3   6   1  -2   0  -3  -2   1   0  -3  -2  -1  -1  -2  -2  -2    2   0   0   0   0  90   0   0   0   0   3   2   2   0   0   0   0   0   0   0  0.77 0.08
  238 L    -2  -3  -4  -4  -2  -3  -3  -4  -3   2   4  -3   2   0  -3  -3  -1  -2  -1   1    0   0   0   0   0   0   0   0   0  11  89   0   0   0   0   0   0   0   0   0  0.54 0.05
  239 D    -2  -2   1   7  -4  -1   1  -2  -2  -4  -4  -1  -4  -4  -2  -1  -2  -5  -4  -4    0   0   0 100   0   0   0   0   0   0   0   0   0   0   0   0   0   0   0   0  1.16 0.08
  240 P     0  -1  -1  -1  -2   0   0  -1  -2  -3  -2   1  -2  -3   5   2   0  -3  -2  -2    2   0   0   1   0   1   2   0   0   0   3  13   0   0  40  37   2   0   0   0  0.70 0.04
  241 T     0  -1   1   3  -2  -1   0  -1  -1  -2  -3  -1  -2  -3  -1   2   3  -3  -2  -2    0   0   7  28   0   0   1   0   1   0   0   0   0   0   0  24  38   0   1   0  0.38 0.04
  242 A     4  -2  -2  -2  -1  -1  -1   0  -2  -2  -2  -1  -1  -3   0   1   1  -3  -2  -1   85   0   0   0   0   0   0   0   0   0   0   0   0   0   2   6   7   0   0   0  0.46 0.06
  243 S     1  -1   0  -1   0  -1  -1  -1  -1  -3  -3  -1  -2  -3  -1   5   1  -3  -1  -2    4   0   0   0   1   0   0   0   0   0   0   0   0   0   0  94   0   0   1   0  0.56 0.07
  244 I    -2  -3  -4  -4  -2  -3  -4  -4  -3   4   1  -3   1   2  -3  -3  -1  -2  -1   3    0   0   0   0   0   0   0   0   0  71   6   0   0  12   0   0   0   0   0  12  0.42 0.05
  245 S     1  -1   1  -1   0   0  -1  -1  -1  -3  -3  -1  -2  -3  -1   5   1  -3  -2  -2    2   0   2   0   2   0   0   0   0   0   0   0   0   0   0  92   2   0   0   0  0.56 0.07
  246 A     5  -2  -2  -2  -1  -1  -1   0  -2  -1  -2  -1  -1  -3  -1   1   0  -3  -2   0   93   0   0   0   0   0   0   0   0   0   0   0   0   0   0   0   2   0   0   5  0.50 0.06
  247 K    -1   2  -1  -1  -4   1   1  -2  -1  -3  -3   5  -2  -4  -1   0  -1  -3  -2  -3    0   0   0   0   0   0   3   0   0   0   0  95   0   0   0   2   0   0   0   0  0.68 0.07
  248 V    -1  -3  -3  -4  -1  -3  -3  -4  -4   2   1  -3   0  -1  -3  -2   0  -3  -2   5    0   0   0   0   0   0   0   0   0   1   0   0   0   0   0   0   0   0   0  99  0.53 0.07
  249 N    -2  -1   7   1  -3   0  -1  -1   0  -4  -4  -1  -3  -3  -2   0   0  -4  -3  -3    0   0  98   0   0   0   0   0   0   0   0   0   0   0   0   0   0   0   0   0  0.96 0.08
  250 N    -2  -1   7   1  -3   0  -1  -1   0  -4  -4  -1  -3  -3  -2   0   0  -4  -3  -3    0   0  98   0   0   0   0   0   0   0   0   0   0   0   0   0   0   0   0   0  0.96 0.08
  251 S     2  -1   1  -1  -1  -1  -1   0  -1  -2  -2  -1  -2  -3  -1   4   1  -3  -2  -1   26   0   8   0   0   0   0   1   0   0   0   0   0   0   0  59   5   0   0   0  0.39 0.04
  252 S     1   0   0  -1   0   0  -1  -1  -1  -3  -3   0  -2  -3  -1   5   1  -3  -2  -2    0   2   0   0   2   0   0   0   0   0   0   0   0   0   0  93   1   0   0   0  0.55 0.07
  253 L    -2  -2  -3  -4  -2  -2  -3  -4  -3   1   4  -3   2   0  -3  -2  -1  -2  -1   1    0   0   0   0   0   0   0   0   0   0  92   0   2   0   0   3   0   0   0   1  0.49 0.05
  254 I    -1  -3  -3  -3  -1  -3  -3  -4  -3   4   1  -3   1  -1  -3  -2  -1  -3  -2   4    0   0   0   0   0   0   0   0   0  48   0   0   0   0   0   0   0   0   0  49  0.42 0.04
  255 G     0  -3  -1  -2  -3  -2  -2   6  -2  -4  -4  -2  -3  -3  -2  -1  -2  -3  -3  -3    0   0   0   0   0   0   0  97   0   0   0   0   0   0   0   0   0   0   0   0  1.14 0.06
  256 V    -1  -3  -3  -3  -1  -2  -3  -3  -3   3   1  -3   1  -1  -3  -2  -1  -3  -1   4    0   0   0   0   0   0   0   0   0  23  10   0   3   0   0   0   0   0   0  62  0.37 0.04
  257 G     0  -3  -1  -2  -3  -2  -2   6  -2  -4  -4  -2  -3  -3  -2  -1  -2  -3  -3  -3    0   0   0   0   0   0   0  97   0   0   0   0   0   0   0   0   0   0   0   0  1.14 0.06
  258 Y    -2  -2  -3  -3   1  -2  -2  -3   1  -2  -2  -2  -1   3  -3  -2  -2   2   8  -2    0   0   0   0   4   0   0   0   0   0   0   0   0   0   0   0   0   0  93   0  1.06 0.09
  259 T     0  -1   0  -1  -1  -1  -1  -2  -2  -1  -2  -1  -1  -2   0   1   5  -3  -2   0    2   0   1   0   0   0   0   0   0   1   0   0   0   0   3   5  87   0   0   0  0.55 0.07
  260 Q    -1   1   0  -1  -3   6   1  -2   1  -3  -3   1  -1  -3  -2  -1  -1  -2  -2  -3    0   0   0   0   0  94   0   0   3   0   0   0   0   0   0   0   0   0   0   0  0.84 0.09
  261 T     0  -1   0  -1  -1  -1  -1  -2  -2  -1  -1  -1  -1  -2  -1   2   5  -3  -2   0    1   2   1   0   0   0   0   0   0   3   0   0   0   0   0   8  83   0   0   0  0.51 0.06
  262 L    -2  -2  -4  -4  -2  -2  -3  -4  -3   1   4  -3   2   0  -3  -3  -1  -2  -1   1    0   0   0   0   0   0   0   0   0   1  96   0   0   0   0   0   0   0   0   0  0.55 0.05
  263 R    -2   6  -1  -2  -4   1   0  -3  -1  -3  -2   2  -1  -3  -2  -1  -1  -3  -2  -3    0  87   0   0   0   0   0   0   0   0   0   9   1   0   0   0   0   0   0   0  0.82 0.07
  264 P    -1  -2  -2  -2  -3  -2  -1  -3  -3  -3  -3  -1  -3  -4   8  -1  -1  -4  -3  -3    0   0   0   0   0   0   0   0   0   0   0   1   0   0  96   0   0   0   0   0  2.07 0.08
  265 G     0  -3  -1  -1   0  -2  -2   6  -2  -4  -4  -2  -3  -3  -2  -1  -2  -3  -3  -3    0   0   0   1   2   0   0  94   0   0   0   0   0   0   0   0   0   0   0   0  1.07 0.06
  266 V    -1  -3  -3  -3  -1  -2  -3  -3  -3   3   1  -2   3  -1  -3  -2   0  -3  -1   4    0   0   0   0   0   0   0   0   0  14   0   0  16   0   0   0   0   0   0  68  0.38 0.05
  267 K    -1   2  -1  -1  -4   1   0  -2  -1  -3  -3   6  -2  -4  -1  -1  -1  -3  -2  -3    0   0   0   0   0   1   0   0   1   0   0  99   0   0   0   0   0   0   0   0  0.71 0.08
  268 L    -2  -3  -4  -4  -2  -3  -3  -4  -3   2   4  -3   2   1  -3  -3  -1  -2  -1   1    0   0   0   0   0   0   0   0   0   2  92   0   1   2   0   0   0   0   0   2  0.54 0.05
  269 T     0  -2  -1  -2  -1  -1  -1  -2  -2   0   0  -1  -1  -2  -2   1   5  -3  -2   0    0   0   0   0   0   1   0   0   0   5   5   0   0   0   0   1  82   0   0   4  0.46 0.06
  270 L    -2  -3  -4  -4  -2  -2  -3  -4  -3   1   4  -3   2   0  -3  -3  -1  -2  -1   1    0   0   0   0   0   0   0   0   0   0  95   0   4   0   0   0   0   0   0   1  0.57 0.05
  271 S     1  -1   0  -1   1  -1  -1  -1  -1  -3  -3  -1  -2  -3  -1   5   1  -3  -2  -2    1   0   0   0   4   0   0   0   0   0   0   0   0   0   0  95   0   0   0   0  0.58 0.07
  272 A     4  -2  -2  -2  -1  -1  -1   2  -2  -2  -2  -1  -1  -3  -1   1   0  -3  -2  -1   79   0   0   0   0   0   0  14   0   0   0   0   0   0   0   2   4   0   0   0  0.45 0.05
  273 L    -2  -3  -4  -4  -2  -2  -3  -4  -3   1   4  -3   2   0  -3  -3  -2  -2  -1   1    0   0   0   0   0   1   0   0   0   0  97   0   1   0   0   0   0   0   0   1  0.57 0.06
  274 V    -1  -3  -3  -4  -1  -3  -3  -4  -4   3   1  -3   1  -1  -3  -2   0  -3  -2   4    0   0   0   0   0   0   0   0   0  15  10   0   1   0   0   0   0   0   0  75  0.43 0.05
  275 D    -2  -2   1   7  -4  -1   1  -2  -2  -4  -4  -1  -4  -4  -2  -1  -1  -5  -4  -4    3   0   0  97   0   0   0   0   0   0   0   0   0   0   0   0   0   0   0   0  1.10 0.08
  276 G     0  -3  -1  -2  -3  -2  -3   6  -2  -4  -4  -2  -3  -3  -3  -1  -2   1  -3  -4    0   0   0   0   0   0   0  97   0   0   0   0   0   0   0   0   0   3   0   0  1.16 0.07
  277 K    -1   2  -1  -1  -4   1   0  -2  -1  -3  -3   6  -2  -4  -1  -1  -1  -4  -2  -3    0   0   0   0   0   0   0   0   0   0   0 100   0   0   0   0   0   0   0   0  0.73 0.08
  278 S     0  -1   5   0   0   0  -1   0   0  -3  -3  -1  -2  -3  -2   3   0  -4  -2  -3    0   0  53   0   2   0   0   3   0   0   0   0   0   0   0  42   0   0   0   0  0.53 0.05
  279 I    -2  -3  -4  -4  -2  -3  -4  -4  -3   5   1  -3   1   2  -3  -3  -1  -2  -1   2    0   0   0   0   0   0   0   0   0  77   0   0   2  12   0   0   0   0   0   8  0.44 0.05
  280 N    -2  -1   7   1  -3   0  -1  -1   2  -4  -4  -1  -3  -3  -2   1   0  -4  -2  -3    0   0  93   0   0   0   0   0   4   0   0   0   0   0   0   3   0   0   0   0  0.90 0.08
  281 A     4  -2  -1  -2  -1  -1  -1   0  -2  -2  -2  -1  -1  -3  -1   1   1  -3  -2   0   82   0   0   0   0   0   0   0   0   0   0   0   0   0   0   8   8   0   0   2  0.44 0.05
  282 G     0  -3  -1  -2  -3  -2  -3   6  -3  -4  -4  -2  -3  -4  -3  -1  -2  -3  -4  -4    0   0   0   0   0   0   0 100   0   0   0   0   0   0   0   0   0   0   0   0  1.22 0.07
  283 G     0  -3  -1  -2  -3  -2  -2   6  -2  -4  -4  -2  -3  -4  -3   0  -2  -1  -3  -4    0   0   0   0   0   0   0  96   0   0   0   0   0   0   0   3   0   1   0   0  1.13 0.06
  284 H    -2  -1   0  -2  -4   0  -1  -3   9  -4  -3  -1  -2  -2  -3  -1  -2  -3   1  -4    0   0   0   0   0   0   0   0  99   0   0   1   0   0   0   0   0   0   0   0  1.29 0.10
  285 K    -1   2  -1  -1  -4   1   0  -2  -1  -3  -3   6  -2  -4  -1  -1  -1  -3  -2  -3    0   2   0   0   0   0   0   0   0   0   0  98   0   0   0   0   0   0   0   0  0.71 0.07
  286 V    -1  -1  -4  -4  -2  -2  -3  -4  -3   2   4  -2   2   0  -3  -3  -1  -2  -1   1    2   3   0   0   0   0   0   0   0   3  83   0   0   0   0   0   0   0   0   9  0.45 0.04
  287 G     0  -3  -1  -2  -3  -2  -2   6  -2  -4  -4  -2  -3  -4  -3  -1  -1  -3  -3  -3    0   0   0   0   0   0   0  97   0   0   0   0   0   0   0   0   3   0   0   0  1.14 0.06
  288 L    -2  -3  -4  -4  -2  -2  -3  -4  -3   1   4  -3   2   0  -3  -3  -1  -2  -1   1    0   0   0   0   0   0   0   0   0   1  95   0   4   0   0   0   0   0   0   0  0.56 0.05
  289 A     2  -2  -1  -2  -2  -2  -2   5  -2  -3  -3  -2  -3  -3  -2   0  -1  -3  -3  -3   23   0   0   0   0   0   0  76   0   0   0   0   0   0   0   1   0   0   0   0  0.84 0.05
  290 L    -2  -3  -4  -4  -2  -3  -3  -4  -3   1   4  -3   2   2  -1  -3  -2  -2   0   0    0   0   0   0   0   0   0   0   0   1  82   0   2  12   3   0   0   0   0   0  0.45 0.04
  291 E    -1   0  -1   2  -4   2   6  -3   0  -4  -3   0  -2  -4  -2   0  -1  -3  -3  -3    0   0   0   3   0   0  97   0   0   0   0   0   0   0   0   0   0   0   0   0  0.89 0.07
  292 L    -2  -3  -4  -4  -2  -3  -3  -4  -3   1   4  -3   2   2  -3  -3  -2  -2  -1   0    0   0   0   0   0   0   0   0   0   0  90   0   0  10   0   0   0   0   0   0  0.52 0.05
  293 E    -1   0   0   2  -4   2   6  -3   0  -4  -3   0  -2  -4  -2   0  -1  -3  -3  -3    0   0   0   5   0   1  94   0   0   0   0   0   0   0   0   0   0   0   0   0  0.86 0.07
  294 A     5  -2  -2  -2  -1  -1  -1   0  -2  -2  -2  -1  -1  -3  -1   1   0  -3  -2   0  100   0   0   0   0   0   0   0   0   0   0   0   0   0   0   0   0   0   0   0  0.55 0.06

                      K         Lambda
Standard Ungapped    0.1331     0.3158
Standard Gapped      0.0474     0.2670
PSI Ungapped         0.1548     0.3174
PSI Gapped           0.0474     0.2670
