
Last position-specific scoring matrix computed, weighted observed percentages rounded down, information per position, and relative weight of gapless real matches to pseudocounts
            A   R   N   D   C   Q   E   G   H   I   L   K   M   F   P   S   T   W   Y   V   A   R   N   D   C   Q   E   G   H   I   L   K   M   F   P   S   T   W   Y   V
    1 R    -4   8  -3  -4  -6  -1  -3  -5  -3  -6  -5   0  -4  -6  -5  -3  -4  -5  -4  -5    0 100   0   0   0   0   0   0   0   0   0   0   0   0   0   0   0   0   0   0  2.23 0.48
    2 I    -4  -6  -6  -6  -4  -5  -6  -6  -6   8  -1  -5  -1  -3  -5  -5  -3  -5  -4   0    0   0   0   0   0   0   0   0   0 100   0   0   0   0   0   0   0   0   0   0  1.87 0.44
    3 G    -2  -4  -3  -4  -5  -4  -5   7  -4  -6  -6  -4  -5  -6  -5  -3  -4  -5  -6  -6    0   0   0   0   0   0   0 100   0   0   0   0   0   0   0   0   0   0   0   0  2.12 0.42
    4 R    -4   8  -3  -4  -6  -1  -3  -5  -3  -6  -5   0  -4  -6  -5  -3  -4  -5  -4  -5    0  99   0   0   0   0   0   0   0   0   0   1   0   0   0   0   0   0   0   0  2.21 0.49
    5 L     0  -3   4  -2  -2  -2  -3  -3  -1   1   4  -3   2  -2  -4  -2  -1  -4  -3   0    9   0  26   0   0   1   0   0   1   5  48   0   4   0   0   1   2   0   0   2  0.48 0.21
    6 V    -1  -4  -4  -5  -3  -4  -4  -5  -5   1  -1  -4  -1  -3  -4  -1   2  -5  -3   6    3   0   0   0   0   0   0   0   0   1   0   0   0   0   0   3  15   0   0  78  1.09 0.34
    7 F    -1  -5  -5  -6  -3  -5  -5  -5  -3  -2   0  -5  -1   8  -6  -4  -2  -1   2  -3    6   0   0   0   0   0   0   0   0   0   5   0   1  81   0   0   2   0   3   1  1.71 0.39
    8 R    -3   7  -2  -4  -6  -1  -2  -4  -3  -5  -5   4  -4  -5  -4  -3  -3  -5  -4  -5    0  72   0   0   0   1   0   0   0   0   0  27   0   0   0   0   0   0   0   0  1.60 0.39
    9 A     2  -1   2  -3  -2  -2  -2  -1  -3   4   0  -2  -1  -2  -3  -1  -1  -4  -3   2   26   4  12   0   0   0   2   3   0  34   5   0   0   0   0   1   0   0   0  11  0.30 0.16
   10 C     2  -3  -4  -4   0  -3  -3  -3  -3   3   3  -3   4  -1  -3  -2  -2  -3  -2   1   23   0   0   0   2   0   0   1   0  21  30   0  17   1   0   1   0   0   0   4  0.44 0.17
   11 R     1   1  -1  -2  -1   1   0  -2   1   0   0   0   4   0  -2   0  -1  -2   0   0   12  10   2   1   1   8   5   2   5   6   8   3  19   3   1   4   3   0   2   5  0.10 0.07
   12 K     2  -1   0   0  -2   2   3  -1  -1  -2  -2   1  -2  -3  -1   0  -1  -2  -2  -2   21   1   3   3   0  12  28   4   1   1   3   9   1   1   1   7   2   0   1   2  0.29 0.10
   13 L    -1   1  -1  -1  -1   0  -1  -1   0   0   2   0   1   1  -1  -1   0  -1   0   0    5   8   3   3   1   3   3   4   2   4  31   4   2   6   3   4   5   1   3   4  0.04 0.02
   14 Y    -1   4   0   0  -2   1   2  -1   0  -2  -2   1  -1  -2  -1  -1  -1  -2   1  -2    4  30   3   5   1   3  18   4   2   1   3   5   1   1   3   2   3   0   8   2  0.27 0.09
   15 P    -1   4   0   1  -3   0   0  -1   0  -3  -3   2  -2  -4   3   0  -1  -4  -3  -3    4  30   5   8   0   1   4   5   2   1   2  12   0   0  16   9   1   0   0   1  0.40 0.13
   16 K     0  -1   1   3  -3   0   1   2  -2  -3  -4   1  -3  -4   2   1   0  -4  -3  -3    4   0   7  18   0   1   9  18   0   0   0  12   0   0  12  11   5   0   0   1  0.35 0.11
   17 D    -1  -2   3   4  -4   0   4   2  -2  -4  -4  -1  -4  -5  -2  -1  -2  -5  -4  -3    2   0  17  27   0   2  29  15   0   0   1   2   0   0   0   1   1   0   0   2  0.62 0.20
   18 I    -3  -4  -5  -5   1  -4  -4  -5  -3   3   1  -4   3   6  -5  -4  -2  -2   1   1    0   0   0   0   3   0   0   0   0  23  13   0   7  40   0   0   1   0   2  10  0.74 0.22
   19 Q    -3  -2  -1   3  -6   1   6  -4  -2  -5  -5  -1  -4  -5  -3  -2  -3  -5  -4  -4    0   0   2  18   0   5  70   0   0   0   0   2   0   0   0   1   0   0   0   1  1.25 0.33
   20 V    -2  -4  -5  -5  -3  -3  -4  -5  -5   4   1  -4  -1   1  -4  -4  -2  -4  -2   5    0   0   0   0   0   1   0   0   0  25   8   0   0   7   0   0   0   0   0  59  0.90 0.26
   21 V    -1  -5  -5  -5  -3  -4  -5  -5  -5   2   0  -4   0  -3  -4  -4  -2  -5  -3   7    3   0   0   0   0   0   0   0   0   5   3   1   1   0   0   0   0   0   0  87  1.28 0.35
   22 A     5  -3  -2  -3  -3  -2  -3   3  -2  -4  -3  -3  -3  -4  -3  -1  -2  -4  -4  -3   69   0   1   0   0   2   0  26   1   0   1   0   0   0   0   1   0   0   0   0  0.98 0.30
   23 I    -3  -5  -5  -5  -3  -5  -5  -6  -5   7   0  -5  -1  -2  -5  -4  -3  -5  -3   3    0   0   0   0   0   0   0   0   0  81   2   0   0   0   0   0   0   0   0  16  1.38 0.34
   24 H    -4  -3   8  -1  -5  -2  -3  -3   3  -6  -6  -3  -5  -5  -5  -2  -3  -6  -4  -5    0   0  94   0   0   0   0   0   6   0   0   0   0   0   0   0   0   0   0   0  2.10 0.46
   25 D    -4  -4  -1   8  -6  -3  -1  -4  -4  -6  -6  -3  -6  -6  -4  -3  -4  -7  -5  -6    0   0   0  99   0   0   0   0   0   0   0   0   0   0   0   0   0   0   0   0  2.25 0.46
   26 L    -3  -4  -6  -6  -3  -4  -5  -6  -5   2   6  -5   1  -1  -5  -5  -3  -4  -3  -1    0   0   0   0   0   0   0   0   0   9  90   0   1   0   0   0   0   0   0   0  1.28 0.33
   27 G     1  -3  -2  -3   2  -3  -3  -1  -4  -3  -3  -3  -2  -3  -3   1   6  -4  -4  -2   12   0   0   0   5   0   0   5   0   0   0   0   0   1   0   7  69   0   0   0  0.97 0.31
   28 D    -3  -4   1   7  -5  -2   0  -3  -3  -5  -6  -3  -5  -6   0  -1  -3  -6  -5  -5    1   0   5  83   0   0   1   0   0   0   0   0   0   0   5   4   0   0   0   0  1.65 0.37
   29 I     4  -3   3  -1  -2  -2  -2  -2  -2  -1  -3  -2  -2  -4   1   0   2  -4  -3  -1   44   0  18   2   0   0   0   1   0   5   0   0   0   0   8   4  15   0   0   2  0.46 0.20
   30 K     0   1  -1  -1  -4   1   0  -3  -2  -4  -4   6  -3  -5  -1  -1  -2  -5  -3  -3    9   5   2   2   0   3   4   1   0   0   0  69   0   0   2   2   1   0   0   1  0.91 0.28
   31 T     0  -3  -2  -3  -3  -2  -3  -3  -2  -2  -2  -2   3  -4  -3   2   6  -4  -3   0    4   0   0   0   0   1   0   0   1   0   1   0   8   0   0  13  67   0   0   4  0.96 0.31
   32 N    -3  -4   0  -5  -3  -4  -5  -5  -4   0   6  -4   0  -1  -5  -4  -3  -4  -3  -1    0   0   6   0   0   0   0   0   0   0  92   0   1   0   0   0   0   0   0   0  1.23 0.33
   33 V     6  -3  -3  -4  -2  -3  -2  -1  -4  -2  -3  -2  -2  -4  -3   0  -2  -5  -4  -1   86   1   0   0   0   0   1   3   0   2   0   0   0   0   0   3   0   0   0   4  1.11 0.33
   34 Y    -4  -3  -2  -4  -4  -1  -3  -4   9  -2  -2  -3   1  -1  -4  -3   2  -2   3  -4    0   0   1   0   0   2   0   0  66   2   2   0   5   1   0   0  13   0   8   0  1.56 0.38
   35 L    -4  -4  -6  -6  -3  -4  -5  -6  -5   0   6  -5   1  -2  -5  -5  -3  -4  -3  -1    0   0   0   0   0   0   0   0   0   0  99   0   1   0   0   0   0   0   0   0  1.47 0.36
   36 L    -3  -4  -5  -6  -3  -4  -5  -6  -5   0   6  -5   0   3  -5  -4  -3  -3  -2  -1    0   0   0   0   0   0   0   0   0   0  87   0   0  13   0   0   0   0   0   0  1.23 0.32
   37 K    -3   1  -1  -3  -6   0  -1  -4  -3  -5  -5   7  -4  -6  -3  -2  -3  -5  -4  -5    0   2   1   0   0   1   1   0   0   0   0  95   0   0   0   0   0   0   0   0  1.71 0.42
   38 Y    -5  -4  -4  -6  -5  -4  -5  -6  -1  -4  -4  -5  -4   1  -6  -4  -4   1  10  -4    0   0   0   0   0   0   0   0   0   0   0   0   0   1   0   0   0   1  98   0  2.67 0.53
   39 D    -4  -4  -1   8  -6  -3  -1  -4  -4  -6  -6  -3  -6  -6  -4  -3  -4  -7  -6  -6    0   0   0 100   0   0   0   0   0   0   0   0   0   0   0   0   0   0   0   0  2.29 0.47
   40 T    -1  -3  -2  -3  -3  -2  -2  -3  -3  -4  -5  -2  -4  -5  -3   6   3  -5  -4  -4    0   0   0   0   0   0   0   0   0   0   0   0   0   0   0  84  16   0   0   0  1.35 0.39
   41 A     0  -4  -2  -4  -2  -3  -3  -4  -4   2  -1  -3  -1  -3  -4  -2   4  -4  -3   5    7   0   2   0   0   0   0   0   0  11   1   0   0   0   0   0  28   0   0  52  0.71 0.25
   42 H    -3  -2  -2  -3  -5   4  -2  -4   9  -4  -4  -2   3  -1  -4  -2  -3  -4   1  -4    0   0   0   0   0  19   0   1  61   0   0   0  10   2   0   1   0   0   4   0  1.60 0.39
   43 R    -2   2  -2  -3  -5  -2  -3   7  -4  -6  -6  -1  -5  -5  -4  -2  -3  -5  -5  -5    0  11   0   0   0   1   0  84   0   0   0   2   0   0   0   0   0   0   0   0  1.57 0.34
   44 A    -2   6  -1  -3  -5   0  -1  -3  -2  -2  -3   4  -2  -4  -1  -2  -2  -5  -3  -1    1  48   1   0   0   2   0   0   0   3   0  32   0   0   3   0   2   0   0   5  0.85 0.26
   45 F    -4  -5  -5  -6  -4  -5  -5  -5  -3  -3  -2  -5  -2   8  -6  -4  -4   5   5  -3    0   0   0   0   0   0   0   0   0   0   1   0   0  73   0   0   0   8  18   0  1.86 0.39
   46 P    -1  -1   3   3  -4   0   0  -1  -1  -4  -4   1  -3  -5   5  -1  -2  -5  -3  -4    4   1  20  16   0   4   4   3   1   0   0  12   0   0  33   3   0   0   0   0  0.75 0.20
   47 E    -1  -3  -2  -1  -4  -3  -1   6  -2  -5  -5   0  -4  -4  -4  -2  -3  -4  -3  -4    4   1   0   2   0   0   5  79   1   0   0   5   0   0   0   0   0   0   1   1  1.30 0.30
   48 P    -1  -2   0   2  -3   0   3  -3  -1  -3  -3   1  -2  -4   1   1   4  -4  -3  -2    1   0   2  10   0   3  20   0   1   0   0   7   0   0   5   7  41   0   0   1  0.49 0.19
   49 V    -2  -5  -5  -5  -3  -4  -5  -5  -5   3  -1  -4  -1  -3  -5  -4  -2  -5  -3   6    0   0   0   0   0   0   0   0   0  14   1   0   0   0   0   0   0   0   0  84  1.34 0.35
   50 T     0   0   0   1  -2   0   2   0  -1  -2  -2   1  -2  -2  -1   2   1  -2  -1  -1    6   3   1   7   0   2  20   5   1   1   2  12   0   1   1  21  12   0   1   3  0.22 0.08
   51 V     0  -2  -2  -2  -1  -1  -2  -2   2   0   0  -2  -1   2  -1  -1  -1   0   3   2   10   1   1   2   1   1   2   2   7   4   6   2   1  11   2   3   2   1  16  25  0.17 0.07
   52 D    -1  -1   1   5  -2   0   2   0  -1  -2  -2   0  -1  -2  -1   0   0  -2  -2  -2    4   2   5  38   1   3  11   8   1   3   4   3   1   2   2   4   5   1   1   3  0.33 0.07
   53 E     0  -1   0   2  -2   1   4   0   0  -2  -2   0  -1  -2  -1   0   0  -1  -1  -1    7   2   2  11   1   3  35   6   2   2   4   3   1   2   3   4   5   1   2   3  0.23 0.06
   54 A     2  -1   0   0  -1   0   0   2  -1  -1  -1   0  -1  -1   0   1   0  -1  -1  -1   31   2   3   7   1   4   4  14   1   2   4   4   1   2   3   7   5   1   2   3  0.13 0.04
   55 K     0   0   1   1  -2   1   2   1  -1  -2  -2   2  -1  -2  -1   0   0  -2  -1  -1    5   4   8   6   1   3  14  10   1   2   4  21   1   2   2   5   6   1   1   3  0.14 0.04
   56 Q    -1  -1   1   4  -3   0   2   3  -1  -3  -2   0  -2  -2  -2   0  -1  -3  -2  -2    3   1   4  29   0   2  12  27   1   1   3   4   1   2   1   4   2   0   1   2  0.39 0.10
   57 E    -1  -1   3   4  -3   0   3   0  -1  -3  -3   0  -3  -3  -2   0   0  -3  -2  -3    1   1  16  27   0   2  20   6   1   1   1   6   0   1   1   7   6   0   1   1  0.43 0.12
   58 F     1  -1   2   0   0  -1  -1   0   1  -2  -1  -1  -1   1  -2   2   0  -2   1  -1   19   1  12   3   3   1   2   8   5   1   4   1   1   7   1  18   4   0   7   3  0.12 0.07
   59 T    -3  -3  -4  -4  -3  -3  -3  -5  -4   5   4  -3   1  -1  -4  -3  -1  -3  -2   0    0   1   0   0   0   1   1   0   0  38  50   1   2   1   0   0   3   0   0   1  0.73 0.22
   60 V    -2  -3  -3  -4  -2  -3  -3  -4  -4   5   0  -3   0  -1  -4  -2   1  -4  -2   4    1   1   1   0   1   0   1   0   0  41   3   1   1   1   0   2   7   0   0  40  0.68 0.21
   61 G    -1  -4  -4  -5  -3  -4  -4   0  -5   3  -1  -4  -1  -3  -4  -3  -2  -5  -3   6    3   0   0   0   0   0   0   8   0  13   0   0   0   0   0   1   0   0   0  74  0.95 0.29
   62 E    -3  -2   7   4  -5  -2   0   0  -1  -5  -5  -1  -3  -4  -4  -1  -1  -5  -4  -4    1   1  60  24   0   0   3   5   1   0   0   1   1   0   0   1   2   0   0   0  1.15 0.30
   63 G    -2  -3  -2  -1  -5  -3  -4   7  -2  -6  -5  -3  -5  -5  -4  -2  -3  -5  -5  -5    0   1   0   3   0   0   0  92   1   0   1   1   0   0   0   1   0   0   0   0  1.75 0.36
   64 A    -1   2  -1   0  -4   1   0  -3   0  -4  -4   6  -2  -4  -1  -1  -2  -4  -3  -2    4   9   2   5   0   3   3   0   2   0   1  63   1   0   2   2   1   0   0   2  0.78 0.25
   65 D     0   2   0   0  -3   0   3  -2  -1  -3  -3   4  -2  -3   0   0   1  -4  -3  -3    5   9   2   3   0   1  19   2   1   1   0  34   1   1   4   7   9   0   0   1  0.38 0.14
   66 K    -1  -3  -3  -3  -2  -2  -3  -2  -3   6   0  -2   0  -1  -3  -2  -1  -3  -1   3    3   0   1   1   0   1   0   2   0  59   3   3   1   2   0   2   2   0   2  17  0.63 0.20
   67 W    -1   3  -1  -2  -3   1   0  -2  -1  -2  -2   5  -1  -2  -1  -1  -2   4  -2  -2    2  19   1   1   1   4   4   2   1   2   4  45   1   1   2   1   1   6   1   2  0.52 0.15
   68 V     1  -2  -1  -2   0  -1  -1  -2  -2   1   0  -1   0  -1  -1  -1   0  -2  -1   3   14   2   3   2   2   1   2   3   1   7   5   2   1   2   2   3   6   0   1  40  0.18 0.08
   69 V    -1  -1  -1  -1  -1  -1  -1  -1  -1   1   2  -1   1   0  -1  -1   0  -1  -1   1    5   3   2   3   1   2   3   4   1   7  32   3   5   2   3   4   5   1   2  15  0.08 0.03
   70 K     0   0   0   0  -1   0   0   0   0  -1  -1   1   0  -1   0   0   0  -1   0   0   10   4   3   4   1   5   5   5   2   5   7  15   2   3   4   9   6   1   4   5  0.04 0.01
   71 S     0   0   1   0  -1   0   0   0  -1   0   0   0   0  -1   2   0   0  -1  -1   1    8   3   9   3   1   3   4   5   1   5   6   6   3   3  11   6   5   1   2  16  0.06 0.01
   72 I    -1  -1  -1  -1  -1  -1  -1  -1  -1   2   1  -1   1   0  -1  -1   0  -1  -1   2    4   3   2   3   1   2   3   4   1  25  16   3   2   2   3   4   3   1   2  14  0.07 0.03
   73 G     0  -1   0  -1   1  -1  -1   0   0  -1  -1  -1  -1   1  -1   2   2  -1   2  -1    6   2   2   4   3   2   2   5   2   2   6   2   2   8   2  17  21   1  10   3  0.11 0.05
   74 G     5  -2  -2  -2  -2  -1   0   0  -2  -2  -2  -2   0  -3  -2   1  -1  -3  -3  -1   61   1   1   1   0   1   8   5   0   1   1   1   2   1   1  10   1   0   0   4  0.53 0.18
   75 R    -2   1  -2   0  -4   0   6  -3  -1   0  -3   0  -3  -4  -3  -2  -2  -4  -3  -2    1   9   0   1   0   2  69   1   1   7   1   2   0   0   1   1   1   0   0   2  0.93 0.26
   76 L    -3   6  -2  -3  -5  -1  -1  -4  -2  -4  -2   5  -3  -4  -3  -2  -2  -4  -3  -2    0  51   0   0   0   0   0   0   0   0   3  39   0   0   1   0   1   0   0   3  1.09 0.29
   77 G    -2  -3   5   6  -5  -2  -1   0  -2  -5  -5  -2  -3  -5  -3   1  -2  -6  -4  -4    2   0  28  53   0   0   1   5   0   0   0   0   0   0   0   9   1   0   0   0  1.07 0.28
   78 P    -3  -5  -5  -4  -6  -4  -4  -5  -5  -6  -6  -4  -5  -7   9  -3  -4  -7  -6  -5    0   0   0   0   0   0   0   0   0   0   0   0   0   0 100   0   0   0   0   0  3.01 0.52
   79 S     5  -1  -2  -3  -2  -1  -1  -1  -3  -1  -2   0  -2  -3  -2   2   0  -4  -3  -1   59   3   0   0   0   1   3   2   0   4   2   5   0   0   0  15   3   0   0   1  0.53 0.21
   80 Q     0   0   4   1  -4   2   3  -2  -1  -4  -4   2  -3  -4  -3   0  -1  -4  -3  -3    6   2  28   7   0  12  21   1   0   0   0  17   0   0   0   3   1   0   0   0  0.53 0.18
   81 L    -3  -4  -5  -6  -1  -4  -5  -6  -5   3   6  -4   0  -1  -5  -4  -3  -4  -3  -1    0   0   0   0   1   0   0   0   0  17  82   0   0   0   0   0   0   0   0   0  1.15 0.30
   82 P    -3  -4  -3  -3  -5  -3  -3  -3  -4  -5  -5   1  -5  -6   8  -3  -3  -6  -5  -5    1   0   1   1   0   0   0   1   0   0   0   8   0   0  87   0   0   0   0   0  2.39 0.44
   83 W    -6  -6  -7  -8  -6  -5  -6  -6  -6  -6  -5  -6  -5  -2  -7  -6  -6  13  -1  -6    0   0   0   0   0   0   0   0   0   0   0   0   0   0   0   0   0 100   0   0  4.47 0.68
   84 K     1   0  -2  -2  -3  -1  -1   4  -3  -4  -4   5  -3  -4  -2  -1  -2  -4  -4  -3   12   2   0   1   0   1   1  30   0   0   0  47   0   0   1   3   1   0   0   1  0.68 0.23
   85 E     0  -1  -1   4  -3   1   4  -2  -2  -4  -4   1  -3  -4  -2   0  -1  -4  -3  -3    9   1   1  31   0   3  38   1   0   0   0   6   0   0   1   5   2   0   0   0  0.69 0.20
   86 L    -2  -3  -2  -4  -2  -3  -3  -4  -1   0   4  -2   5  -1  -4  -3   1  -3  -2   0    1   1   2   0   0   0   1   0   2   2  57   2  18   1   0   0   9   0   1   3  0.61 0.21
   87 G    -1  -3   1  -1  -4  -2  -2   6  -3  -5  -5   0  -4  -5   1  -1  -1  -4  -4  -4    2   0   8   3   0   1   2  64   0   0   0   7   0   0   9   1   2   0   0   0  0.98 0.24
   88 I     0  -3  -4  -4  -1  -3  -3  -3  -4   2  -1  -3  -1  -2   1  -2  -1  -4  -3   5    8   0   0   0   1   0   1   1   0  10   1   0   0   0   7   1   2   0   0  65  0.70 0.22
   89 D    -3  -3   0   7  -6   0   2  -3  -3  -5  -6  -1  -5  -6  -3  -1  -3  -6  -4  -5    0   0   1  77   0   4  12   0   0   0   0   3   0   0   0   2   0   0   0   0  1.51 0.35
   90 V    -2  -4  -5  -5  -2  -4  -4  -5  -4   4   0  -4   0   2  -4  -3  -2  -3   0   5    0   0   0   0   0   0   0   0   0  27   5   0   1   8   0   0   0   0   3  54  0.81 0.24
   91 V     1  -4  -5  -5  -1  -4  -4  -5  -5   1  -1  -4  -1  -3  -4  -3  -2  -5  -3   6   13   0   0   0   1   0   0   0   0   1   0   0   0   0   0   0   0   0   0  84  1.21 0.35
   92 L    -2  -4  -5  -5  -3  -4  -5  -5  -5   5   2  -4   0  -2  -4  -4  -2  -4  -3   4    0   0   0   0   0   0   0   0   0  38  20   0   0   0   0   0   0   0   0  40  0.87 0.24
   93 E    -3  -3  -3  -1  -6   0   8  -5  -3  -6  -6  -2  -5  -6  -4  -3  -3  -5  -5  -5    0   0   0   0   0   0 100   0   0   0   0   0   0   0   0   0   0   0   0   0  2.00 0.46
   94 S     1  -3  -2  -3   0  -2  -2  -2  -3  -5  -5  -2  -4  -5  -3   6  -1  -5  -4  -4   11   0   0   0   2   0   0   1   0   0   0   0   0   0   0  86   0   0   0   0  1.30 0.39
   95 T    -3  -4  -3  -4  -3  -3  -3  -4  -4  -3  -4  -3  -3  -5  -4  -1   8  -5  -4  -3    0   0   0   0   0   0   0   0   0   0   0   0   0   0   0   0 100   0   0   0  1.90 0.48
   96 G    -2  -5  -3  -4  -5  -4  -5   7  -4  -6  -6  -4  -5  -6  -5  -3  -4  -5  -6  -6    0   0   0   0   0   0   0 100   0   0   0   0   0   0   0   0   0   0   0   0  2.12 0.42
   97 I    -2  -3  -5  -5  -3  -4  -4  -5  -4   5   0  -3  -1   2  -4  -4  -2  -4  -2   5    1   1   0   0   0   0   0   0   0  40   3   1   0   8   0   0   0   0   0  46  0.85 0.25
   98 F    -5  -5  -6  -6  -5  -6  -6  -6  -4  -3  -2  -6  -2   9  -6  -5  -5  -1   2  -3    0   0   0   0   0   0   0   0   0   0   0   0   0  98   0   0   0   0   2   0  2.40 0.47
   99 R    -1   6  -2  -3  -4  -1  -2  -4  -3  -3  -3   1  -3  -4  -3  -1   4  -5  -4  -2    3  55   0   0   0   0   0   0   0   0   0   5   0   0   0   1  33   0   0   1  1.02 0.30
  100 T     1  -1   1   0  -2   0   0   0  -1  -3  -2   2  -2  -3  -2   2   3  -4  -3  -1   11   1   6   3   0   1   3   5   1   0   1  21   0   0   0  23  20   0   0   3  0.30 0.14
  101 K    -1   6  -2  -3  -4   0  -1  -3   0  -4  -3   4  -2  -4  -3  -2  -2  -4  -3  -4    6  58   0   0   0   2   0   1   2   0   1  26   1   0   1   1   0   0   0   0  1.04 0.26
  102 A     3  -2  -2  -1  -1   0   5  -2  -2  -3  -3   0  -2  -3  -2   1  -1  -3  -2  -2   27   1   1   1   2   1  49   1   0   1   1   3   0   0   1   8   2   0   1   1  0.61 0.20
  103 E     1  -1   0   1  -2   1   0  -1  -1  -2  -1   2  -1  -2  -1   3   1  -2  -2  -1    8   1   2   8   1   5   5   3   1   1   4  14   1   1   2  29   8   0   1   5  0.18 0.07
  104 K     0  -1  -1   1  -1   0   1   0  -1  -1  -1   0  -1  -1   3   0   0  -1  -1   0   11   3   2  10   1   3  10   7   1   3   6   5   2   2  16   4   3   1   2   9  0.13 0.02
  105 D     0   0   0   1  -1   0   1   0   0  -1   0   0   0  -1   0   0   0   0   0   0    9   4   4   8   2   5   9   7   2   4   8   5   2   3   4   8   5   1   3   5  0.04 0.00
  106 A     0   0   0   0   0   0   0   0   0   0   0   0   0   0   0   0   0   0   0   0   10   5   4   5   2   4   6   8   2   5  11   6   3   3   5   6   6   1   3   6  0.01 0.02
  107 E     0   0   0   1   0   0   0   0   0   0   0   0   0   0   0   0   0   0   0   0    8   5   5   9   2   4   6   7   2   5   8   6   2   4   5   7   5   1   3   6  0.02 0.02
  108 G     0   0   0   0   0   0   0   1   0   0   0   0   0   0   0   0   0   0   0   0    9   5   5   5   2   4   6  13   2   5   8   5   2   3   5   6   5   1   3   6  0.03 0.02
  109 K     0   0   0   0  -1   0   0   0   0   0   0   1   0  -1   0   0   0   0   0   0    9   4   4   5   2   4   5   8   2   5   8  11   2   3   5   7   6   1   3   6  0.03 0.00
  110 I     0   0   0   1  -1   0   0   0   0   0   0   0   0  -1   0   0   0   0   0   0    7   4   5   8   2   4   5   8   2   5   8   6   2   3   4   7   5   1   3  11  0.01 0.03
  111 K     0   0   0   0  -1   0   0   1   0  -1  -1   0  -1  -1   0   0   1  -1  -1   0    6   4   5   4   1   3   7  14   2   4   7   9   2   3   4   8   9   1   2   6  0.04 0.00
  112 K    -1   1  -1  -1  -2   0   0  -1  -1  -2  -2   5  -1  -2  -1   0  -1  -2  -1  -2    3   6   2   2   1   2   3   3   1   2   4  53   1   2   2   5   3   1   1   3  0.43 0.11
  113 D     0  -1  -1   2  -2  -1   0   3  -1  -2  -2  -1  -2  -2   3   0  -1  -2  -2  -2    8   2   2  13   1   2   7  31   1   2   3   2   1   1  15   3   2   0   1   2  0.33 0.07
  114 G    -1  -2  -1  -2  -3   3  -1   5  -2  -3  -2  -1  -2  -3  -2  -1  -2  -2  -2  -3    3   1   1   1   1  16   2  56   1   1   3   3   1   1   1   2   2   0   1   2  0.69 0.15
  115 Y    -3  -3  -3  -4   5  -3  -4  -4  -1   1   0  -3   1   1  -4  -3  -3  -1   7  -1    1   1   0   1  16   0   1   1   0  11   6   1   5   2   1   1   1   0  52   2  1.04 0.26
  116 D     2  -2  -1   3  -2   0   1   3  -2  -3  -3  -1   1  -3  -2   0  -1  -3  -3  -2   18   1   1  24   0   4   9  26   0   0   1   2   6   0   0   3   1   0   0   1  0.38 0.13
  117 G    -2  -1   0   4  -3   0   0   0  -2  -3  -2   3   0  -3  -2   1   0   1  -3  -3    1   1   2  29   0   2   0   7   0   0   4  27   4   0   1  12   7   2   0   0  0.38 0.16
  118 H    -5  -3  -2  -4  -6  -2  -3  -5  11  -6  -6  -4  -4  -4  -5  -4  -5  -5  -1  -6    0   0   0   0   0   0   0   0 100   0   0   0   0   0   0   0   0   0   0   0  3.13 0.58
  119 L    -3  -4  -5  -5  -3  -4  -5  -5  -5   4   5  -4   0  -1  -5  -4  -3  -4  -3   1    0   0   0   0   0   0   0   0   0  29  64   0   0   0   0   0   0   0   0   6  0.95 0.26
  120 V     0   0   0   2  -4   2   2  -3  -2  -1  -3   4  -2  -4  -2  -1   1  -4  -3  -2    9   0   3  12   0   8  17   0   0   4   1  34   0   0   0   1   9   0   0   2  0.39 0.16
  121 S     6  -3   3  -3  -3  -2  -3  -1  -3  -4  -4  -3  -3  -4  -3   0  -2  -5  -4  -2   80   0  15   0   0   0   0   3   0   0   0   0   0   0   0   1   1   0   0   0  1.08 0.33
  122 G    -2  -5  -3  -4  -5  -4  -4   7  -4  -6  -6  -4  -5  -6  -5  -3  -4  -5  -5  -6    1   0   0   0   0   0   1  99   0   0   0   0   0   0   0   0   0   0   0   0  2.07 0.41
  123 A     7  -4  -4  -4  -1  -3  -3  -2  -4  -4  -4  -3  -3  -5  -3  -1  -2  -5  -4  -2   99   0   0   0   1   0   0   0   0   0   0   0   0   0   0   0   0   0   0   0  1.53 0.41
  124 K    -3   2  -2  -2  -5   0   0  -3  -3  -5  -5   7  -3  -5  -2  -1  -3  -5  -4  -4    0  10   1   1   0   1   3   1   0   0   0  80   0   0   1   2   0   0   0   0  1.28 0.34
  125 K    -3   2  -2  -3  -4  -1  -1  -4  -3  -5  -5   7  -4  -5  -3  -2  -3  -5  -3  -5    0   9   0   0   0   0   0   0   0   0   0  90   0   0   0   0   0   0   0   0  1.63 0.40
  126 V    -2  -5  -5  -6  -3  -5  -5  -6  -6   1  -1  -5  -1  -3  -5  -4  -2  -5  -4   7    1   0   0   0   0   0   0   0   0   1   0   0   0   0   0   0   0   0   0  98  1.59 0.41
  127 V    -2  -4  -5  -5  -2  -4  -5  -5  -5   5   2  -4   1  -2  -4  -4  -2  -4  -3   4    1   0   0   0   0   0   0   0   0  47  16   0   2   0   0   0   0   0   0  34  0.88 0.25
  128 L    -3  -4  -6  -6  -3  -4  -5  -6  -5   2   6  -5   0  -2  -5  -5  -3  -4  -3  -1    0   0   0   0   0   0   0   0   0   8  92   0   0   0   0   0   0   0   0   0  1.32 0.33
  129 S    -1  -3  -2  -3   0  -2  -3  -3  -3  -3  -4  -3  -3  -4  -3   4   6  -5  -4  -3    0   0   0   0   2   0   0   0   0   0   0   0   0   0   0  42  56   0   0   0  1.14 0.35
  130 V     3  -4  -4  -5  -3  -2  -4  -4  -5   0  -2  -4  -2  -3  -4  -2  -2  -5  -3   6   32   0   0   0   0   1   0   0   0   0   0   0   0   0   0   0   0   0   0  67  0.97 0.31
  131 P    -3  -5  -5  -4  -6  -4  -4  -5  -5  -6  -6  -4  -5  -7   9  -3  -4  -7  -6  -5    0   0   0   0   0   0   0   0   0   0   0   0   0   0 100   0   0   0   0   0  3.01 0.52
  132 S     6  -3  -3  -3  -2  -3  -3  -2  -3  -4  -4  -3  -3  -4   2   2  -1  -5  -4  -2   73   0   0   0   0   0   0   0   0   0   0   0   0   0   9  17   1   0   0   0  1.00 0.31
  133 A     0   0  -2  -2  -5   0  -1  -3  -3  -5  -5   7  -4  -5  -3  -1  -3  -5  -4  -4    6   0   0   1   0   1   0   0   0   0   0  87   0   0   0   4   0   0   0   0  1.43 0.38
  134 D    -4  -4   0   8  -6  -2   0   0  -3  -6  -6  -3  -5  -6  -4  -2  -3  -6  -5  -6    0   0   1  87   0   0   3   8   0   0   0   0   0   0   0   0   0   0   0   0  1.80 0.40
  135 E     0  -1   0   3  -4   2   4   1  -2  -4  -4   1  -3  -4  -1  -1  -1  -4  -3  -3   10   0   2  18   0   7  35  10   0   0   0  10   0   0   2   2   4   0   0   0  0.50 0.17
  136 I     0  -4  -4  -4  -2  -4  -4  -4  -4   6   0  -4   0  -2   2  -3  -2  -4  -3   3   10   0   0   0   0   0   0   0   0  56   5   0   0   0  10   0   0   0   0  16  0.74 0.23
  137 E    -4  -4  -1   8  -6  -1   1  -4  -3  -6  -6  -3  -5  -6  -4  -3  -3  -7  -5  -6    0   0   0  91   0   1   7   0   0   0   0   0   0   0   0   0   0   0   0   0  1.98 0.42
  138 C     4   0   2  -3   3  -2  -2  -2  -3  -1   1  -1  -1  -2  -3  -1  -2  -4  -3  -1   45   6  16   0   6   1   0   1   0   2  19   2   1   0   0   0   0   0   0   0  0.37 0.19
  139 T    -2  -3  -3  -4  -3  -3  -3  -4  -4  -1  -2  -3   5  -4  -4  -1   7  -5  -4  -1    0   0   0   0   0   0   0   0   0   3   0   0  20   0   0   0  76   0   0   1  1.37 0.39
  140 L    -2  -5  -5  -5   5  -4  -5  -5  -5   6   1  -4   0  -2  -4  -4  -2  -4  -3   4    0   0   0   0  14   0   0   0   0  52   6   0   1   0   0   0   0   0   0  28  0.98 0.27
  141 V    -2  -5  -5  -6  -3  -5  -5  -6  -6   1  -1  -5  -1  -3  -5  -4  -2  -5  -4   7    0   0   0   0   0   0   0   0   0   0   0   0   0   0   0   0   0   0   0 100  1.65 0.42
  142 L    -3  -4  -5  -5   1  -3  -4  -5  -4   1   5  -4   5   0  -4  -4  -3  -3  -2   0    0   0   0   0   3   0   0   0   0   5  69   0  15   2   0   0   0   0   0   4  0.91 0.26
  143 G    -2  -5  -3  -4  -5  -4  -5   7  -4  -6  -6  -4  -5  -6  -5  -3  -4  -5  -6  -6    0   0   0   0   0   0   0 100   0   0   0   0   0   0   0   0   0   0   0   0  2.12 0.42
  144 V    -2  -5  -5  -6  -3  -5  -5  -6  -6   1  -1  -5  -1  -3  -5  -4  -2  -5  -4   7    0   0   0   0   0   0   0   0   0   1   0   0   0   0   0   0   0   0   0  99  1.63 0.41
  145 N    -4  -3   9  -1  -5  -3  -3  -3  -2  -6  -6  -3  -5  -6  -5  -2  -3  -7  -5  -6    0   0 100   0   0   0   0   0   0   0   0   0   0   0   0   0   0   0   0   0  2.31 0.50
  146 D    -4  -3   1   7  -3  -2   1  -3   0  -5  -6  -2  -5  -6  -3  -2  -2  -6  -5  -5    0   0   3  82   1   0   8   1   2   0   0   0   0   0   0   0   2   0   0   0  1.61 0.36
  147 E    -1  -2   3   5  -4   0   3  -1   2  -4  -4   0  -4  -4  -3   0  -2  -4  -2  -4    3   0  13  41   0   1  20   3   5   0   0   6   0   0   0   6   1   0   1   0  0.71 0.20
  148 D     0  -1  -1   4  -3   2   1  -2  -1   0  -1   1   1  -3  -2   0   1  -4  -3   0    6   0   1  26   0  12   6   0   1   5   3  11   7   0   0   3  11   0   0   6  0.26 0.12
  149 L    -3  -4  -5  -6  -3  -4  -5  -6  -5   2   6  -5   0  -1  -5  -4  -3  -4  -2  -1    0   0   0   0   0   0   0   0   0  10  89   0   0   0   0   0   0   0   1   0  1.25 0.32
  150 K    -2   2  -1  -1  -4   0  -1  -3  -3  -3  -4   5  -3  -4  -3   0   4  -5  -3  -3    1   8   1   2   0   2   1   1   0   0   0  44   0   0   0   4  36   0   0   0  0.74 0.26
  151 P     2  -2  -2   1  -4  -2  -1   0  -3  -4  -4   1  -3  -5   6   0  -2  -5  -4  -3   22   1   0   8   0   0   2   6   0   0   0  10   0   0  44   7   0   0   0   0  0.92 0.23
  152 E    -1  -2   0   4  -4   0   5  -2  -2  -4  -4   0  -4  -5  -3   1   0  -5  -4  -4    4   0   2  27   0   1  45   3   0   0   0   3   0   0   0  10   5   0   0   0  0.78 0.23
  153 T    -2  -2  -1   4  -4  -1   0  -3   7  -1  -1  -2   3  -3  -3  -2   0  -4  -1  -1    1   0   0  26   0   2   5   0  36   2   5   0  10   0   0   0   6   0   0   6  0.71 0.24
  154 K    -2   1   0  -2  -3   3   1  -3  -1  -2  -1   5  -2  -4  -3  -1   1  -4  -3  -1    1   6   4   0   0  17   5   0   1   2   5  46   0   0   0   1   8   0   0   4  0.53 0.20
  155 C    -2  -5  -4  -5   8  -4  -5  -5  -5   4   0  -4  -1   0  -5  -2  -1  -4  -2   1    2   0   0   0  44   0   0   0   0  33   5   0   0   3   0   1   4   0   1   7  1.16 0.29
  156 I    -2  -5  -5  -5  -3  -4  -5  -5  -5   5   0  -4   0  -1  -4  -4  -2  -2  -2   5    0   0   0   0   0   0   0   0   0  33   3   0   0   2   0   0   0   0   1  61  1.03 0.29
  157 S    -1  -3  -2  -3  -3  -3  -3  -3  -3  -5  -5  -3  -4  -5  -3   7  -1  -5  -4  -4    0   0   0   0   0   0   0   0   0   0   0   0   0   0   0 100   0   0   0   0  1.69 0.46
  158 N    -4  -3   9  -1  -5  -3  -3  -3  -2  -6  -6  -3  -5  -6  -5  -2  -3  -7  -5  -6    0   0 100   0   0   0   0   0   0   0   0   0   0   0   0   0   0   0   0   0  2.31 0.50
  159 A     7  -4  -4  -4  -3  -3  -3  -2  -4  -4  -4  -3  -3  -5  -3  -1  -2  -5  -4  -2  100   0   0   0   0   0   0   0   0   0   0   0   0   0   0   0   0   0   0   0  1.56 0.41
  160 S    -1  -3  -2  -3  -3  -3  -3  -3  -3  -5  -5  -3  -4  -5  -3   7  -1  -5  -4  -4    0   0   0   0   0   0   0   0   0   0   0   0   0   0   0 100   0   0   0   0  1.69 0.46
  161 C    -3  -7  -6  -7  11  -6  -7  -6  -6  -4  -4  -6  -4  -5  -6  -4  -4  -5  -5  -4    0   0   0   0 100   0   0   0   0   0   0   0   0   0   0   0   0   0   0   0  3.51 0.59
  162 T    -2  -4  -3  -4  -3  -3  -3  -4  -4  -3  -4  -3  -3  -5  -4  -1   8  -5  -4  -3    0   0   0   0   0   0   0   0   0   0   0   0   0   0   0   0 100   0   0   0  1.89 0.47
  163 T    -3  -4  -3  -4  -3  -3  -3  -4  -4  -3  -4  -3  -3  -5  -4  -1   8  -5  -4  -3    0   0   0   0   0   0   0   0   0   0   0   0   0   0   0   0 100   0   0   0  1.90 0.48
  164 N    -4  -3   9  -1  -5  -3  -3  -3  -2  -6  -6  -3  -5  -6  -5  -2  -3  -7  -5  -6    0   0 100   0   0   0   0   0   0   0   0   0   0   0   0   0   0   0   0   0  2.31 0.50
  165 C    -3  -6  -6  -7  11  -6  -7  -6  -6  -4  -4  -6  -4  -5  -6  -3  -4  -5  -5  -4    0   0   0   0  99   0   0   0   0   0   0   0   0   0   0   1   0   0   0   0  3.47 0.58
  166 L    -4  -4  -6  -6  -3  -4  -5  -6  -5   0   6  -5   0  -1  -5  -5  -3  -4  -3  -1    0   0   0   0   0   0   0   0   0   1  98   0   0   1   0   0   0   0   0   0  1.44 0.36
  167 G     6  -4  -4  -4  -3  -3  -3   0  -4  -4  -4  -3  -3  -5  -3  -1  -2  -5  -4  -2   95   0   0   0   0   0   0   4   0   0   0   0   0   0   0   1   0   0   0   0  1.42 0.39
  168 P    -3  -5  -5  -4  -6  -4  -4  -5  -5  -6  -6  -4  -5  -7   9  -3  -4  -7  -6  -5    0   0   0   0   0   0   0   0   0   0   0   0   0   0 100   0   0   0   0   0  3.01 0.52
  169 V    -2  -4  -5  -5  -3  -4  -4  -5  -4   3   2  -4   5  -1  -4  -3  -2  -4  -3   5    0   0   0   0   0   0   0   0   0  17  13   0  18   1   0   0   0   0   0  50  0.83 0.25
  170 A     5  -4  -4  -4  -2  -3  -3  -2  -4  -1  -2  -3  -2  -4  -3  -1  -1  -5  -4   3   70   0   0   0   0   0   0   0   0   1   0   0   0   0   0   1   2   0   0  25  0.91 0.30
  171 K    -3   0  -3  -3  -6  -1  -2  -4  -3  -5  -5   8  -2  -6  -3  -3  -3  -5  -3  -5    0   1   0   0   0   0   0   0   0   0   0  97   1   0   0   0   0   0   0   0  1.80 0.44
  172 T    -1  -5  -5  -5  -3  -4  -4  -5  -5   2  -1  -4  -1  -3  -4  -3   0  -5  -3   7    4   0   0   0   0   0   0   0   0   5   0   0   0   0   0   0   4   0   0  87  1.27 0.35
  173 L    -3  -4  -6  -6  -3  -4  -5  -6  -5   2   6  -5   0  -1  -5  -5  -3  -4  -3  -1    0   0   0   0   0   0   0   0   0   8  90   0   0   0   0   0   0   0   0   0  1.28 0.33
  174 N    -4  -2   6   0  -5   0  -1  -3   7  -5  -5  -2  -3  -4  -4  -2  -3  -5  -2  -5    0   0  53   4   0   4   1   0  37   0   0   0   0   0   0   0   0   0   1   0  1.51 0.37
  175 N    -3  -3   0   7  -6  -1   4  -3  -3  -5  -6  -2  -5  -6  -4  -2  -3  -6  -5  -5    0   0   2  72   0   1  24   0   0   0   0   1   0   0   0   0   0   0   0   0  1.55 0.36
  176 A     1   0   4  -1  -3   0   0  -2  -1  -3  -4   2  -3  -4  -2   2   2  -4  -3  -2   14   4  27   0   0   1   4   0   1   0   0  16   0   0   0  17  14   0   0   1  0.43 0.17
  177 F    -5  -5  -6  -6  -5  -6  -6  -6  -4  -2  -2  -6  -2   9  -6  -5  -5   2   1  -3    0   0   0   0   0   0   0   0   0   0   0   0   0  96   0   0   0   2   1   0  2.33 0.46
  178 G    -2  -4  -2  -3  -5  -3  -4   7  -2  -6  -6  -1  -5  -5  -4  -2  -2  -5  -5  -5    0   0   0   1   0   1   0  92   1   0   0   3   0   0   0   0   2   0   0   0  1.77 0.37
  179 I    -3  -5  -5  -5  -3  -5  -5  -6  -5   7   1  -5   0  -2  -5  -4  -3  -5  -3   2    0   0   0   0   0   0   0   0   0  77  10   0   1   0   0   0   0   0   0  12  1.26 0.32
  180 R    -2   1  -2   0  -4   1   5  -4  -2  -1  -3   3  -3  -3  -3  -2  -1  -4  -3   2    0   6   0   1   0   2  48   0   0   2   0  21   0   0   0   0   1   0   0  17  0.64 0.23
  181 N    -2   4   3  -1  -3   1   1  -2   2  -3  -3   3  -2  -3  -3   1  -1  -4  -1  -3    1  25  15   1   0   5   6   0   6   1   1  25   0   0   0  10   2   0   2   1  0.47 0.17
  182 G    -2  -5  -3  -4  -5  -4  -4   7  -4  -6  -6  -4  -5  -6  -5  -3  -4  -5  -5  -6    1   0   0   0   0   0   0  99   0   0   0   0   0   0   0   0   0   0   0   0  2.07 0.41
  183 F    -3  -4  -5  -5  -3  -4  -5  -5  -4   0   5  -4   1   4  -5  -4  -3   2   1   0    0   0   0   0   0   0   0   0   0   1  67   0   2  18   0   0   0   2   5   4  0.90 0.25
  184 M    -4  -4  -5  -6  -4  -3  -5  -6  -4  -1  -1  -4  10  -3  -5  -4  -4  -4  -4  -2    0   0   0   0   0   0   0   0   0   1   0   0  98   0   0   0   0   0   0   0  2.66 0.57
  185 T    -2  -3   2  -3  -3  -3  -3  -4  -4  -3  -4  -3  -3  -5  -3  -1   7  -5  -4  -1    0   0  10   0   0   0   0   0   0   0   0   0   0   0   0   1  87   0   0   2  1.49 0.41
  186 T    -3  -4  -3  -4  -3  -3  -3  -4  -4  -3  -4  -3  -3  -5  -4  -1   8  -5  -4  -3    0   0   0   0   0   0   0   0   0   0   0   0   0   0   0   0 100   0   0   0  1.90 0.48
  187 V    -2  -5  -5  -5   0  -4  -5  -5  -5   5  -1  -4  -1  -2  -4  -4  -1  -5  -3   5    0   0   0   0   2   0   0   0   0  48   0   0   0   0   0   0   2   0   0  48  1.09 0.30
  188 H    -5  -3  -2  -4  -6  -2  -3  -5  11  -6  -6  -4  -4  -4  -5  -4  -5  -5  -1  -6    0   0   0   0   0   0   0   0 100   0   0   0   0   0   0   0   0   0   0   0  3.13 0.58
  189 S     5  -3  -2  -3  -2  -2  -2   0  -3  -4  -4  -2  -3  -4  -3   4  -1  -5  -4  -3   62   0   0   0   0   0   0   5   0   0   0   0   0   0   0  33   0   0   0   0  0.94 0.30
  190 Y    -5  -5  -5  -6  -5  -4  -5  -6  -1  -4  -4  -5  -4   1  -6  -5  -4   0  10  -4    0   0   0   0   0   0   0   0   0   0   0   0   0   1   0   0   0   0  99   0  2.72 0.54
  191 T    -3  -4  -3  -4  -3  -3  -3  -4  -4  -3  -4  -3  -3  -5  -4  -1   8  -5  -4  -3    0   0   0   0   0   0   0   0   0   0   0   0   0   0   0   0 100   0   0   0  1.90 0.48
  192 N    -4  -3   8  -1  -5  -2  -3  -3  -2  -6  -6  -3  -5  -6  -5  -1  -2  -6  -5  -6    1   0  97   0   0   0   0   0   0   0   0   0   0   0   0   1   0   0   0   0  2.19 0.48
  193 D    -4  -4  -1   8  -6  -3  -1  -4  -4  -6  -6  -3  -6  -6  -4  -3  -4  -7  -6  -6    0   0   0 100   0   0   0   0   0   0   0   0   0   0   0   0   0   0   0   0  2.29 0.47
  194 Q    -4  -2  -3  -3  -6   9  -1  -5  -2  -6  -5  -1  -3  -6  -4  -3  -3  -5  -4  -5    0   0   0   0   0 100   0   0   0   0   0   0   0   0   0   0   0   0   0   0  2.32 0.54
  195 V    -2   5   3  -2  -2   1  -1  -3   0  -1  -3   2   0  -4  -2  -1  -2  -4  -3   1    2  42  15   0   1   4   0   1   1   4   0  10   2   0   1   4   0   0   0  12  0.50 0.19
  196 V    -2  -4  -5  -5  -2  -4  -4  -5  -5   5   1  -4   1  -2  -4  -3  -1  -4  -3   4    0   0   0   0   0   0   0   0   0  47  11   0   2   0   0   0   3   0   0  36  0.86 0.24
  197 A     1  -3  -3  -4   0   2  -3  -3  -2  -1   4  -3   0  -2  -4   0  -2  -3  -3  -1   17   0   0   0   2  13   0   0   1   1  58   0   0   0   0   7   1   0   0   1  0.51 0.22
  198 D    -4  -4  -1   8  -6  -3  -1  -4  -4  -6  -6  -3  -6  -6  -4  -3  -4  -7  -6  -6    0   0   0 100   0   0   0   0   0   0   0   0   0   0   0   0   0   0   0   0  2.29 0.47
  199 T     1  -2  -2  -3  -3   2  -2  -1  -3   0   3  -2   4   1  -3  -1  -1  -3  -2   0   12   0   2   0   0  15   0   4   0   1  36   0  15   8   0   2   1   0   0   4  0.32 0.17
  200 M    -3  -4  -4  -4  -4  -4  -4  -5  -4   2  -2  -3   2  -4   8  -3  -3  -5  -4  -1    1   0   0   0   0   0   0   0   0  15   3   0   8   0  70   0   0   0   0   3  1.76 0.36
  201 H    -5  -3  -2  -4  -6  -2  -3  -5  11  -6  -6  -4  -4  -4  -5  -4  -5  -5  -1  -6    0   0   0   0   0   0   0   0 100   0   0   0   0   0   0   0   0   0   0   0  3.13 0.58
  202 K     0  -1  -1  -1  -4  -1  -1  -2  -3  -4  -4   5  -3  -5  -2   4  -1  -5  -4  -4    3   1   1   2   0   1   1   1   0   0   0  44   0   0   0  46   1   0   0   0  0.84 0.29
  203 D    -4  -4   0   8  -6  -3  -1  -4  -4  -6  -6  -3  -6  -6  -4  -3  -4  -7  -6  -6    0   0   1  98   0   0   0   0   0   0   0   0   0   0   0   0   0   0   0   0  2.22 0.46
  204 L    -3  -4  -5  -5  -3  -4  -4  -5  -5   0   5  -4   1  -1   3  -4  -3  -4  -3  -1    1   0   0   0   0   0   0   0   0   1  81   0   2   1  14   0   0   0   0   0  1.08 0.30
  205 R    -4   7  -3  -4  -6  -1  -3  -5   0  -5  -4   0  -4  -3  -5  -3  -3  -3   4  -5    0  82   0   0   0   0   0   0   2   0   1   0   0   0   0   0   0   0  15   0  1.67 0.40
  206 R    -4   8  -3  -4  -6  -1  -3  -5  -3  -6  -5   0  -4  -5  -5  -3  -4  -5  -4  -5    0 100   0   0   0   0   0   0   0   0   0   0   0   0   0   0   0   0   0   0  2.20 0.47
  207 A     6  -4  -4  -4  -2  -3  -3  -1  -4  -4  -4  -3  -3  -5  -3   0  -2  -5  -4  -2   94   0   0   0   0   0   0   1   0   0   0   0   0   0   0   4   1   0   0   0  1.39 0.38
  208 R    -4   8  -3  -4  -6  -1  -3  -5  -3  -6  -5   0  -4  -5  -5  -3  -4  -5  -4  -5    0 100   0   0   0   0   0   0   0   0   0   0   0   0   0   0   0   0   0   0  2.20 0.47
  209 A     6  -3  -2  -3  -2  -2  -3  -1  -2  -4  -4  -2  -3  -4  -3   3  -1  -5  -4  -2   71   0   1   0   0   0   0   1   1   0   0   0   0   0   0  24   2   0   0   0  1.00 0.31
  210 A     6  -4  -4  -4   1  -3  -3  -1  -4  -4  -4  -3  -3  -5  -3  -1  -2  -5  -4  -2   94   0   0   0   3   0   0   3   0   0   0   0   0   0   0   0   0   0   0   0  1.38 0.38
  211 G     6  -4  -4  -4  -1  -3  -3   0  -4  -4  -4  -3  -3  -4  -3   0  -2  -5  -4  -2   92   0   0   0   1   0   0   5   0   0   0   0   0   0   0   2   1   0   0   0  1.32 0.37
  212 M     0  -3  -3  -3   0   2  -1  -4  -3   2   2  -2   4  -2  -3  -2  -1  -3  -2   3    8   0   0   0   2  13   3   0   0  10  16   0  15   0   0   1   3   0   0  30  0.33 0.16
  213 N    -2  -3   7  -1  -4  -2  -2  -2  -2  -5  -5  -2  -4  -5  -4   4  -1  -6  -4  -5    1   0  61   0   0   0   0   0   0   0   0   0   0   0   0  39   0   0   0   0  1.38 0.37
  214 I    -3  -4  -5  -5  -3   2  -4  -5  -4   7   0  -4   3  -2  -5  -4  -2  -4  -3   1    0   0   0   0   0  13   0   0   0  74   1   0   9   0   0   0   0   0   0   1  1.15 0.33
  215 I    -4  -5  -6  -6  -4  -5  -6  -6  -6   8  -1  -5  -1  -2  -5  -5  -3  -5  -4   1    0   0   0   0   0   0   0   0   0  97   0   0   0   0   0   0   0   0   0   2  1.76 0.41
  216 P    -3  -5  -5  -4  -6  -4  -4  -5  -5  -6  -6  -4  -5  -7   9  -3  -4  -7  -6  -5    0   0   0   0   0   0   0   0   0   0   0   0   0   0 100   0   0   0   0   0  3.01 0.52
  217 T    -2  -4  -2  -4  -3  -3  -3  -4  -4  -3  -4  -3  -3  -5  -4   0   8  -5  -4  -3    0   0   0   0   0   0   0   0   0   0   0   0   0   0   0   1  98   0   0   0  1.84 0.46
  218 S    -2  -3  -2  -3  -3  -2  -3  -3  -4  -3  -4  -1  -3  -4  -3   4   6  -5  -4  -3    0   0   0   0   0   0   0   0   0   0   0   2   0   0   0  31  67   0   0   0  1.21 0.36
  219 T    -2  -4  -2  -4  -3  -3  -3  -4  -4  -3  -4  -3  -3  -5  -4  -1   8  -5  -4  -3    0   0   0   0   0   0   0   0   0   0   0   0   0   0   0   1  99   0   0   0  1.87 0.47
  220 G    -2  -5  -3  -4  -5  -4  -5   7  -4  -6  -6  -4  -5  -6  -5  -3  -4  -5  -6  -6    0   0   0   0   0   0   0 100   0   0   0   0   0   0   0   0   0   0   0   0  2.12 0.42
  221 A     7  -4  -4  -4  -3  -3  -3  -2  -4  -4  -4  -3  -3  -5  -3  -1  -2  -5  -4  -2  100   0   0   0   0   0   0   0   0   0   0   0   0   0   0   0   0   0   0   0  1.57 0.42
  222 A     7  -4  -4  -4  -3  -3  -3  -2  -4  -4  -4  -3  -3  -5  -3  -1  -2  -5  -4  -2  100   0   0   0   0   0   0   0   0   0   0   0   0   0   0   0   0   0   0   0  1.57 0.42
  223 I    -2   3  -2  -3  -5  -1  -1  -3  -3  -1  -4   6  -3  -5  -3  -1  -2  -5  -4  -3    2  14   0   0   0   0   1   0   0   6   0  71   0   0   0   4   1   0   0   1  1.06 0.31
  224 A     7  -4  -4  -4  -3  -3  -3  -2  -4  -4  -4  -3  -3  -5  -3  -1  -1  -5  -4  -2   97   0   0   0   0   0   0   0   0   0   0   0   0   0   0   1   2   0   0   0  1.47 0.40
  225 L    -2  -5  -5  -5  -3  -4  -5  -5  -5   3   0  -4  -1  -2  -4  -4  -1  -5  -3   6    1   0   0   0   0   0   0   0   0  18   6   0   0   0   0   0   1   0   0  74  1.11 0.31
  226 P    -1  -4  -3  -3  -4  -4  -4   7  -4  -6  -6  -4  -5  -5   0  -2  -3  -5  -5  -5    2   0   0   0   0   0   0  91   0   0   0   0   0   0   5   2   1   0   0   0  1.75 0.36
  227 K    -3   0  -2  -2  -4   0   1  -4  -3   0   3   5   0  -3  -3  -2  -2  -4  -3  -2    0   2   0   0   0   2  10   0   0   4  31  49   1   0   0   0   0   0   0   0  0.59 0.23
  228 V    -2  -5  -5  -6  -3  -5  -5  -5  -5   2  -1  -5  -1  -3  -5  -4  -2  -5  -3   7    1   0   0   0   0   0   0   0   0   5   0   0   0   0   0   0   0   0   0  94  1.50 0.39
  229 C    -3  -5  -5  -5  -1  -5  -5  -6  -5   7   2  -5   0  -2  -5  -4  -3  -4  -2   2    0   0   0   0   1   0   0   0   0  75  15   0   1   0   0   0   0   0   1   7  1.18 0.31
  230 H    -3  -4  -4  -4  -6  -4  -4  -5   0  -5  -6  -1  -5  -6   9  -3  -3  -6  -5  -5    0   0   0   0   0   0   0   0   3   0   0   3   0   0  94   0   0   0   0   0  2.69 0.48
  231 G     2  -2  -1   2  -4   0   6  -2   0  -4  -4  -1  -4  -5  -2   0  -2  -5  -3  -3   17   0   1  10   0   1  60   2   2   0   0   1   0   0   0   5   0   0   0   0  0.86 0.27
  232 L    -3  -4  -6  -6  -3  -4  -5  -6  -5   0   6  -5   1  -2  -5  -5  -3  -4  -3  -1    0   0   0   0   0   0   0   0   0   0  98   0   1   0   0   0   0   0   0   1  1.43 0.36
  233 P     0  -1   4   1  -4   1   0  -2  -2  -4  -4   4  -3  -5   0  -1  -1  -5  -4  -3    7   0  28   9   0   7   3   0   0   0   0  38   0   0   4   2   2   0   0   1  0.62 0.22
  234 P    -2  -3  -3  -3  -5  -4  -4   7  -4  -6  -6  -3  -5  -5   0  -2  -4  -5  -5  -5    0   1   0   0   0   0   0  94   0   0   0   1   0   0   4   0   0   0   0   0  1.85 0.38
  235 K    -3   1  -2  -3  -5  -1  -1  -3  -3  -5  -5   7  -4  -5  -3  -2  -3  -5  -4  -5    0   3   0   0   0   0   0   1   0   0   0  95   0   0   0   0   0   0   0   0  1.70 0.42
  236 S     0   0   0   0   1   0   0   0   0   0   0   0   0   0   0   0   0   0   0   0    7   5   4   5   3   4   6   7   2   5   9   6   2   4   5  10   5   1   3   6  0.02 0.02
  237 L    -3  -4  -5  -6  -3  -4  -5  -6  -5   0   6  -4   3  -1  -5  -4  -3  -4  -3  -1    0   0   0   0   0   0   0   0   0   2  90   0   7   1   0   0   0   0   0   0  1.30 0.33
  238 D    -3  -3   3   7  -5  -2  -1  -3   0  -5  -5  -3  -4  -5  -3  -2   3  -6  -4  -4    0   0  12  67   0   0   0   0   2   0   0   0   0   0   0   0  19   0   0   0  1.31 0.33
  239 G    -2  -5  -3  -4  -5  -4  -5   7  -4  -6  -6  -4  -5  -6  -5  -3  -4  -5  -6  -6    0   0   0   0   0   0   0 100   0   0   0   0   0   0   0   0   0   0   0   0  2.10 0.41
  240 F    -3  -4  -4  -5   0  -3  -4  -4  -3   3   2  -3   6   4  -5  -3  -2  -2   1   0    0   0   0   0   2   0   0   1   0  21  13   0  33  23   0   0   1   0   5   1  0.77 0.25
  241 A     6  -3  -3  -4  -3  -3  -3  -2  -4  -4  -4  -3  -3  -4  -3   2  -2  -5  -4  -2   82   0   0   0   0   0   0   0   0   0   0   0   0   0   0  18   0   0   0   0  1.20 0.35
  242 L    -3  -4  -5  -5  -3  -3  -4  -5  -4   2   3  -4   7  -1  -4  -4  -2  -4  -3   2    0   0   0   0   0   0   0   0   0  12  33   0  39   1   0   0   1   0   0  14  0.94 0.27
  243 R    -4   8  -3  -4  -6  -1  -3  -5  -3  -6  -5   0  -4  -5  -5  -3  -4  -5  -4  -5    0 100   0   0   0   0   0   0   0   0   0   0   0   0   0   0   0   0   0   0  2.20 0.47
  244 V    -2  -5  -5  -6  -3  -5  -5  -6  -6   1  -1  -5  -1  -3  -5  -4  -2  -5  -3   7    1   0   0   0   0   0   0   0   0   2   0   0   0   0   0   0   0   0   0  97  1.57 0.40
  245 P    -3  -5  -5  -4  -6  -4  -4  -5  -4  -6  -6  -4  -5  -6   9  -3  -4  -7  -6  -5    0   0   0   0   0   0   0   0   0   0   0   0   0   0 100   0   0   0   0   0  2.99 0.52
  246 T    -2  -4  -3  -4  -3  -3  -4  -4  -4   1  -2  -3  -2  -3  -4  -2   5  -5  -3   5    1   0   0   0   0   0   0   0   0   4   0   0   0   0   0   0  42   0   0  53  0.95 0.31
  247 I     0  -3  -4  -3  -3  -1  -3  -3  -3   1  -3  -2  -2  -4   7  -1  -2  -4  -4  -1    8   0   0   0   0   2   0   1   0  10   1   2   1   0  63   3   2   0   0   5  1.37 0.30
  248 T    -2  -3   1   5   0  -2  -1  -3  -3  -3  -4  -2  -3  -4  -3  -1   5  -5  -4   0    2   0   7  40   2   0   0   0   0   0   0   0   0   0   0   1  42   0   0   6  0.87 0.28
  249 G    -2  -5  -3  -4  -5  -4  -4   7  -4  -6  -6  -4  -5  -6  -5  -2  -4  -5  -5  -6    1   0   0   0   0   0   0  99   0   0   0   0   0   0   0   0   0   0   0   0  2.07 0.41
  250 S    -1  -3  -2  -3  -3  -2  -3  -3  -3  -5  -5  -3  -4  -5  -3   7  -1  -5  -4  -4    1   0   0   0   0   0   0   0   0   0   0   0   0   0   0  99   0   0   0   0  1.66 0.45
  251 L    -1  -4  -4  -5   2  -4  -4  -5  -4   3   3  -4   1  -2  -4  -3  -1  -4  -3   4    2   0   0   0   5   0   0   0   0  20  27   0   3   0   0   0   1   0   0  41  0.66 0.20
  252 V    -2  -4  -4  -5  -1  -4  -4  -5  -5   1  -1  -4  -1  -3  -4  -3   3  -5  -3   6    0   0   0   0   1   0   0   0   0   2   0   0   0   0   0   0  19   0   0  78  1.14 0.34
  253 D    -4  -4  -1   8  -6  -3  -1  -4  -4  -6  -6  -3  -6  -6  -4  -3  -4  -7  -6  -6    0   0   0 100   0   0   0   0   0   0   0   0   0   0   0   0   0   0   0   0  2.29 0.47
  254 L    -3  -4  -5  -6  -3  -4  -5  -6  -5   0   6  -5   0   3  -5  -4  -3  -3  -2   0    0   0   0   0   0   0   0   0   0   1  85   0   0  12   0   0   0   0   0   2  1.18 0.31
  255 T    -1  -4  -3  -4  -2  -3  -4  -4  -4   0  -1  -3  -2  -3  -4  -1   4  -5  -3   5    1   0   0   0   0   0   0   0   0   1   1   0   0   0   0   2  35   0   0  60  0.94 0.31
  256 V     4  -4  -4  -4   3  -3  -3  -3  -4  -1  -2  -3  -1  -2  -3  -1  -2  -4  -3   4   49   0   0   0   8   0   0   0   0   0   1   0   0   1   0   1   0   0   0  39  0.74 0.27
  257 N    -2  -1   4   0  -3   0   3  -3  -1   0  -2  -1  -1  -3  -3  -1   1  -4  -2   1    0   2  27   2   0   2  29   0   0   5   3   2   1   0   0   2  11   0   1  11  0.39 0.17
  258 V    -3  -4  -5  -5  -3  -4  -4  -5  -5   0   5  -4   2  -1  -5  -4  -1  -4  -3   2    0   0   0   0   0   0   0   0   0   0  75   0   3   0   0   0   4   0   0  17  0.95 0.27
  259 N     0   0   1   0  -4   0   3   0  -1  -4  -4   4  -3  -4  -2   1  -1  -4  -3  -3    7   2   6   4   0   1  21   7   1   0   0  39   0   0   0  11   2   0   0   0  0.49 0.18
  260 A    -2   3  -2  -3  -3   0   0  -3  -3  -4  -4   6  -3  -5  -3  -2   0  -5  -4  -2    2  12   1   0   1   2   2   1   0   0   0  70   0   0   0   1   6   0   0   3  1.02 0.30
  261 K     0  -2   2   4  -4   0   4  -2  -2  -4  -4   1  -3  -4   2   1   0  -5  -4  -3    6   0   8  23   0   0  32   0   0   0   0   7   0   0  10   8   4   0   0   1  0.55 0.18
  262 V     3  -4  -4  -4  -2  -3  -3  -3  -4   0  -2  -3  -1  -3  -1  -2   2  -5  -3   5   25   0   0   0   0   0   0   0   0   1   0   0   0   0   3   0  11   0   0  59  0.73 0.27
  263 T    -2  -3  -2  -2  -3  -3  -2  -3  -4  -3  -4  -2  -3  -4  -3   2   7  -5  -4  -2    0   0   0   1   0   0   0   0   0   0   0   0   0   0   0  17  80   0   0   0  1.36 0.38
  264 K     2   0  -3  -3  -3  -2  -1  -3  -3   1  -2   3  -1  -3  -1  -2  -1  -4  -3   3   19   3   0   0   0   0   2   0   0   8   0  30   0   0   2   0   1   0   0  34  0.39 0.19
  265 E     0  -2  -2   4  -5   0   6  -3  -2  -5  -5  -1  -4  -5  -3  -2  -3  -5  -4  -4    8   0   0  21   0   1  67   0   0   0   0   0   0   0   0   1   0   0   0   0  1.19 0.32
  266 E     0  -2  -2   2  -5   2   6  -3  -2  -5  -5  -1  -3  -5  -3  -1  -2  -5  -4  -4    8   0   0  12   0   9  64   1   0   0   0   1   0   0   0   3   1   0   0   0  1.03 0.29
  267 V    -3  -5  -5  -5  -3  -4  -5  -6  -5   6   0  -4  -1  -2  -5  -4  -2  -5  -3   5    0   0   0   0   0   0   0   0   0  51   1   0   0   0   0   0   0   0   0  47  1.17 0.31
  268 N    -4  -3   8  -1  -5  -2  -2  -3  -1  -5  -5  -2  -4  -5  -4  -2  -2  -6  -4  -5    0   0  95   0   0   0   0   0   1   0   0   1   0   0   0   0   0   0   0   0  2.05 0.44
  269 A     5  -2   1  -1  -2   0   0  -1  -3  -3  -3   0  -2  -4  -3   0  -1  -4  -3  -2   67   0   8   2   0   3   4   2   0   0   0   4   0   0   0   5   3   0   0   0  0.68 0.25
  270 A     6  -4  -4  -4  -3  -3  -3  -2  -4  -3  -3  -2  -2  -4  -3  -1  -2  -5  -4  -1   93   0   0   0   0   0   0   0   0   0   0   1   0   0   0   0   0   0   0   4  1.33 0.38
  271 L    -1  -4  -5  -5  -3  -3  -4  -5  -4   3   1  -4   8   0  -4  -3  -3  -4  -3   2    4   0   0   0   0   0   0   0   0  16  10   0  54   4   0   0   0   0   0  12  1.07 0.31
  272 K    -3   2  -2  -3  -5   0  -1  -4  -3  -4  -4   7   0  -5  -3  -2  -2  -5  -4  -3    0   5   0   0   0   2   2   0   0   0   0  85   2   0   0   0   0   0   0   2  1.40 0.37
  273 K     3   0  -2  -1  -3   0   3  -2  -2  -3  -3   4  -3  -4  -2   0  -1  -4  -3  -2   36   1   1   1   0   2  21   0   0   0   1  31   0   0   0   2   3   0   0   0  0.53 0.21
  274 A     6  -3  -3  -4  -3  -3  -3  -2  -4  -3  -4  -2  -3  -4  -3  -1  -2  -5  -2  -2   95   0   0   0   0   0   0   0   0   0   0   1   0   0   0   0   0   0   2   0  1.39 0.38
  275 T     6  -4  -3  -4  -1  -3  -3  -2  -4  -4  -4  -3  -3  -4  -3   1  -1  -5  -4  -2   91   0   0   0   1   0   0   0   0   0   0   0   0   0   0   7   1   0   0   0  1.32 0.37
  276 E     1   0   0   0  -1   0   1   0   0  -1  -1   0   0  -1   0   0   0  -1  -1   0   16   4   4   5   2   4  12   7   2   4   7   5   2   3   4   8   5   1   2   5  0.05 0.01
  277 E    -2  -2   0   2  -4   1   6  -2  -2  -4  -4  -1  -3  -5  -3   0   0  -4  -4  -4    2   1   4  11   0   4  63   2   0   0   0   1   0   0   0   5   4   0   0   0  0.92 0.26
  278 G    -2  -4   0  -3  -4  -3  -3   7  -3  -5  -5  -3  -4  -5  -2  -2  -3  -4  -5  -5    1   0   3   1   0   0   2  88   0   0   0   1   0   0   2   1   0   0   0   0  1.59 0.33
  279 S     0  -2  -3  -1  -4  -1   1  -2  -3  -4  -4   0  -3  -4   7   0  -2  -5  -2  -4    8   1   0   2   0   1  12   1   0   0   0   5   0   0  57   7   1   0   1   0  1.23 0.27
  280 L    -3  -4  -5  -6  -4  -3  -5  -5  -4  -1   4  -4   8  -1  -5  -4  -3  -2  -2  -1    0   0   0   0   0   0   0   0   0   0  46   0  52   0   0   0   0   0   0   0  1.41 0.37
  281 K    -3   0  -2  -3  -5   0  -1  -4  -3  -5  -4   7  -4  -5  -3  -2  -3  -5  -4  -4    1   1   0   0   0   2   1   0   0   0   1  93   0   0   0   0   0   0   0   1  1.62 0.41
  282 G    -2  -5  -2  -3  -5  -4  -4   7  -4  -6  -6  -3  -5  -6  -4  -2  -4  -5  -5  -6    0   0   1   0   0   0   0  98   0   0   0   0   0   0   0   0   0   0   0   0  2.02 0.40
  283 I    -3  -5  -5  -5  -3  -5  -5  -6  -5   7   0  -5  -1  -2  -5  -4  -3  -4   0   2    0   0   0   0   0   0   0   0   0  84   1   0   0   1   0   0   0   0   3  12  1.41 0.35
  284 M    -3  -4  -5  -6  -3  -4  -5  -6  -5   0   6  -4   3  -1  -5  -4  -3  -4  -3   0    0   0   0   0   0   0   0   0   0   2  90   0   6   0   0   0   0   0   0   2  1.28 0.33
  285 T     0  -1  -2   0   2   2   5  -2  -2  -4  -4   1  -2  -2  -3  -1  -2  -4  -1  -2    7   1   0   2   5  10  57   2   0   0   0   6   1   1   0   3   1   0   2   4  0.69 0.23
  286 Y    -5  -5  -5  -6  -4  -4  -5  -6  -1  -4  -4  -5  -4   1  -6  -4  -4   0  10  -4    0   0   0   0   0   0   0   0   0   0   0   0   0   2   0   0   0   0  97   0  2.65 0.53
  287 V    -1  -3   0  -3   7  -2  -3  -3  -4  -3  -3  -3  -2  -4  -3   2   5  -4  -4  -1    2   0   5   0  32   1   1   0   0   0   1   0   0   0   0  12  43   0   0   4  1.01 0.29
  288 T    -2  -2  -2   3  -4   0   6  -4  -2  -4  -4  -1  -3  -5  -3  -2   2  -5  -4  -2    1   0   0  14   0   1  66   0   0   1   0   0   0   0   0   0  13   0   0   3  1.04 0.30
  289 D    -3  -3  -1   7  -6  -2   3  -4  -3  -5  -6  -2  -5  -6  -4  -2  -3  -6  -5  -5    1   0   0  79   0   0  20   0   0   0   0   0   0   0   0   0   0   0   0   0  1.73 0.39
  290 P    -3  -5  -5  -4  -6  -4  -1  -5  -5  -5  -6  -3  -5  -6   9  -3  -4  -6  -6  -5    1   0   0   0   0   0   4   0   0   0   0   0   0   0  94   0   0   0   0   0  2.72 0.48
  291 I    -3  -5  -5  -5  -3  -5  -5  -6  -5   7   2  -5   0  -2  -5  -4  -3  -5  -3   1    0   0   0   0   0   0   0   0   0  81  16   0   0   0   0   0   0   0   0   2  1.35 0.34
  292 V    -2  -5  -5  -6  -3  -5  -5  -6  -6   1  -1  -5  -2  -3  -5  -4  -2  -5  -4   7    0   0   0   0   0   0   0   0   0   0   0   0   0   0   0   0   0   0   0 100  1.66 0.42
  293 S    -1  -3  -2  -3  -3  -2  -3  -3  -3  -5  -4  -3  -3  -5  -3   7  -1  -5  -4  -4    0   0   0   0   0   0   0   0   0   0   1   0   0   0   0  99   0   0   0   0  1.63 0.45
  294 S     0  -2  -2  -3   1  -1  -2  -2  -3   1  -2  -2  -1  -3  -3   4   2  -4  -3   2    6   0   0   0   3   1   0   0   0   7   0   0   1   0   0  45  15   0   0  20  0.48 0.21
  295 D    -4  -4  -1   8  -6  -3  -1  -4  -4  -6  -6  -3  -6  -6  -4  -3  -4  -7  -6  -6    0   0   0 100   0   0   0   0   0   0   0   0   0   0   0   0   0   0   0   0  2.29 0.47
  296 I    -3  -5  -5  -5  -3  -5  -5  -6  -5   7   0  -5  -1  -2  -5  -4  -3  -5  -3   3    0   0   0   0   0   0   0   0   0  78   0   0   0   0   0   0   0   0   0  22  1.40 0.35
  297 I    -3  -4  -5  -5  -3  -4  -5  -6  -5   6   0  -4  -1  -2  -5  -4  -2  -5  -3   4    0   0   0   0   0   0   0   0   0  67   1   1   0   0   0   0   0   0   0  29  1.19 0.31
  298 G    -2  -3   0   1  -5  -2  -2   6   6  -5  -5  -2  -4  -4  -4  -2  -3  -5  -3  -5    0   1   4   9   0   1   0  60  22   0   0   2   0   0   0   0   0   0   0   0  1.16 0.29
  299 C    -4  -3   7   4  -2  -2  -2  -3  -1  -5  -6  -2  -5  -5  -4  -1  -2  -6  -4  -5    0   0  69  26   1   0   0   0   0   0   0   0   0   0   0   2   1   0   0   0  1.52 0.37
  300 Q    -1  -2  -1  -1  -4  -2  -2  -3  -2  -4  -4  -2  -4  -5   7   2   1  -5  -4  -4    3   1   2   2   0   1   2   0   1   0   0   0   0   0  60  16  11   0   0   0  1.39 0.31
  301 Y     1  -2  -1  -3  -3  -2  -3  -4  10  -5  -5  -3  -4  -3  -4  -2  -4  -4   2  -5   14   1   1   0   0   0   0   0  74   0   0   0   0   0   0   2   0   0   7   0  1.90 0.42
  302 S    -1  -3  -2  -3  -3  -2  -3  -3  -3  -5  -5  -3  -4  -5  -3   7  -1  -5  -4  -4    0   0   0   0   0   0   0   0   0   0   0   0   0   0   0  99   0   0   0   0  1.66 0.45
  303 S    -1  -3  -1  -3   5  -3  -3  -2  -3  -4  -5  -3  -4  -5  -3   6  -1  -5  -4  -3    1   0   1   0  11   0   0   0   0   0   0   0   0   0   0  84   0   0   0   2  1.33 0.39
  304 I    -3  -5  -5  -5  -3  -5  -5  -6  -6   7   0  -5  -1  -2  -5  -4  -3  -5  -3   3    0   0   0   0   0   0   0   0   0  87   1   0   0   0   0   0   0   0   0  12  1.51 0.37
  305 V    -4  -5  -5  -6  -5  -5  -6  -6  -4  -1  -1  -5  -2   8  -6  -5  -4  -1   2   0    0   0   0   0   0   0   0   0   0   2   3   0   0  87   0   0   0   0   2   6  1.93 0.41
  306 D     1  -4  -1   7  -5  -3  -1  -3  -3  -5  -5  -3  -4  -6  -4  -2  -3  -6  -5  -2   11   0   0  85   0   0   0   0   0   0   0   0   0   0   0   0   0   0   0   3  1.66 0.39
  307 A     4  -3  -2  -3  -2  -2  -2   1  -3  -4  -4  -2  -3  -4  -1   4  -1  -4  -4  -2   49   0   0   0   0   0   0   8   0   0   0   0   0   0   3  39   0   0   0   1  0.79 0.27
  308 L    -1  -2  -1   2  -3   1  -1  -1  -2  -1   3   0   0  -2   1  -1  -2  -3  -3  -1    4   0   1  15   0  10   3   5   0   0  44   6   1   0   6   4   1   0   0   0  0.24 0.14
  309 S     0  -3  -2  -3   4  -2  -2  -3  -3  -2   1  -3   0   1  -3   4  -1   5  -2  -2    5   0   0   0  10   1   0   0   0   0  17   0   2   8   0  45   1  10   0   0  0.54 0.23
  310 T    -2  -4  -3  -4  -3  -3  -3  -4  -4  -3  -3  -3  -3  -5  -4  -1   8  -5  -4  -2    0   0   0   0   0   0   0   0   0   0   1   0   0   0   0   0  99   0   0   0  1.85 0.47
  311 K    -2  -1  -2  -3  -2   3  -2  -4  -2  -1  -1   1   8  -2  -4  -1   0  -3   0  -2    2   1   1   1   1  14   1   0   0   2   1   8  55   0   0   3   5   0   4   0  0.90 0.32
  312 V    -1  -3  -4  -4  -3  -3  -4  -4  -4   1  -1  -1  -1  -3  -4  -2   0  -4  -3   6    3   1   0   0   0   1   0   1   0   1   1   4   0   0   0   1   6   0   0  80  0.97 0.29
  313 L    -2  -2  -3  -3  -2  -2  -2  -3  -3   4   2  -2   6  -1  -2  -2  -1  -2  -2   1    2   1   1   1   0   1   1   2   1  31  19   2  28   1   1   2   1   0   1   4  0.49 0.15
  314 P     0  -1   0   1  -1   0   0   3  -1  -1  -1  -1  -1  -1   1   0   0  -1  -1  -1    6   3   4   9   1   3   5  29   1   3   5   3   1   2   9   5   4   1   2   4  0.17 0.03
  315 N     0   0   1   2  -1   0   0   0   0  -1  -1   1  -1  -1   0   0   0  -1  -1  -1    6   4  11  14   1   3   6   5   2   4   6  12   2   3   4   6   5   1   2   5  0.07 0.01
  316 P     0   0   0   0   0   0   0   0   0  -1   0   0   0  -1   2   0   0   0   0   0    7   4   4   5   2   4   7   9   2   4   8   7   2   3   9   7   6   1   3   6  0.04 0.00
  317 E     0   0   0   1  -1   0   0   0   0   0   0   0   0  -1   0   0   0   0   0   0   10   5   4   7   2   4   7   9   2   5   8   7   2   3   5   7   5   1   3   6  0.03 0.03
  318 G     0   0   0   0  -1   0   0   1   0  -1  -1   0   0  -1   0   0   0   0   0  -1   10   4   4   6   2   4   5  15   2   4   7   6   2   3   5   7   5   1   3   5  0.04 0.00
  319 Q    -1   0   2   2  -2   1   1   0   0  -2  -2   1  -1  -1  -1   0   0  -2  -1  -1    4   3  14  16   1   8   8   8   1   2   4  10   1   3   2   6   3   1   1   3  0.14 0.03
  320 G    -1  -3  -2  -2  -3  -2  -2   6  -3  -4  -3  -2  -3  -3  -3  -1  -2  -3  -3  -3    2   1   1   2   0   1   2  79   0   1   2   1   0   1   1   2   1   0   1   1  1.22 0.23
  321 T    -2   1   6   0  -4  -1  -1  -2   0  -4  -4   3  -3  -4  -3   0   1  -5  -3  -4    0   8  48   2   0   0   0   1   2   0   0  25   0   0   0   5   8   0   0   0  0.82 0.25
  322 L    -3  -3  -4  -5  -2  -3  -4  -5  -4   0   3  -3   7   3  -4  -3   2  -3  -1  -1    0   0   0   0   0   0   0   0   0   2  29   1  37  17   0   0  13   0   0   0  0.80 0.26
  323 V     0  -4  -5  -5  -3  -4  -4  -5  -5   3   0  -4  -1  -2  -4  -3  -2  -4  -2   6    7   0   0   0   0   0   0   0   0  11   6   0   0   1   0   0   0   0   0  75  1.01 0.29
  324 K    -3   0  -3  -3  -6  -1  -2  -4  -3  -5  -5   8  -4  -6  -3  -3  -3  -5  -4  -5    0   0   0   0   0   0   0   0   0   0   0 100   0   0   0   0   0   0   0   0  1.88 0.45
  325 V    -2  -5  -5  -5  -1  -4  -5  -5  -5   3  -1  -4  -1  -3  -4  -4  -1  -5  -3   6    1   0   0   0   1   0   0   0   0  16   1   0   0   0   0   0   1   0   0  79  1.21 0.33
  326 L    -2  -4  -5  -5  -3  -4  -4  -5  -4   3   3  -4   1   0  -4  -4  -2  -4  -2   4    0   0   0   0   0   0   0   0   0  20  31   0   2   4   0   0   0   0   0  43  0.73 0.22
  327 S     1  -3  -2  -2  -3  -2  -2   2  -3  -5  -5  -2  -3  -5  -3   6   0  -5  -4  -4    7   0   0   0   0   0   0  14   0   0   0   0   0   0   0  78   1   0   0   0  1.12 0.35
  328 W    -6  -6  -7  -8  -6  -5  -6  -6  -6  -6  -5  -6  -5  -2  -7  -6  -6  13  -1  -6    0   0   0   0   0   0   0   0   0   0   0   0   0   0   0   0   0 100   0   0  4.47 0.68
  329 Y    -5  -5  -5  -6  -5  -4  -5  -6  -1  -4  -4  -5  -4   0  -6  -5  -4   0  10  -4    0   0   0   0   0   0   0   0   0   0   0   0   0   0   0   0   0   0 100   0  2.76 0.55
  330 D    -4  -4  -1   8  -6  -3  -1  -4  -4  -6  -6  -3  -6  -6  -4  -3  -4  -7  -6  -6    0   0   0 100   0   0   0   0   0   0   0   0   0   0   0   0   0   0   0   0  2.29 0.47
  331 N    -4  -3   9  -1  -5  -3  -3  -3  -2  -6  -6  -3  -5  -6  -5  -2  -3  -7  -5  -6    0   0 100   0   0   0   0   0   0   0   0   0   0   0   0   0   0   0   0   0  2.31 0.50
  332 E    -3  -3  -3  -1  -6   0   7  -4  -3  -6  -6  -2  -5  -6  -4  -3  -3  -5  -5  -5    0   0   0   0   0   0 100   0   0   0   0   0   0   0   0   0   0   0   0   0  1.97 0.46
  333 W    -4  -5  -3  -7  -5  -5  -6  -5  -4  -5  -3  -4  -1   0  -7  -5  -5  12   2  -5    1   0   1   0   0   0   0   0   0   0   1   1   1   3   0   0   0  85   5   0  3.49 0.57
  334 M    -2  -5  -3  -4  -5  -4  -4   7  -4  -5  -5  -4   1  -5  -4  -2  -4  -5  -5  -5    0   0   0   0   0   0   0  94   0   0   0   0   6   0   0   0   0   0   0   0  1.88 0.39
  335 Y    -5  -4  -5  -6  -5  -4  -5  -6  -1  -4  -4  -5  -4   2  -6  -4  -4   0  10  -4    0   0   0   0   0   0   0   0   0   0   0   0   0   3   0   0   0   0  97   0  2.63 0.52
  336 S    -1  -3  -2  -3  -3  -2  -3  -3  -3  -5  -5  -3  -4  -5  -3   7  -1  -5  -4  -4    1   0   0   0   0   0   0   0   0   0   0   0   0   0   0  99   0   0   0   0  1.63 0.44
  337 C    -1  -3   5  -2   8  -1  -3  -3  -1  -4  -4  -3  -2  -4  -4   0   0  -5  -3  -2    5   0  36   0  40   2   1   0   1   0   0   0   1   0   0   8   4   0   1   2  1.14 0.30
  338 R    -4   8  -3  -4  -6  -1  -3  -5  -3  -6  -5   0  -4  -5  -5  -3  -4  -5  -4  -5    0 100   0   0   0   0   0   0   0   0   0   0   0   0   0   0   0   0   0   0  2.18 0.47
  339 C    -1  -4  -3  -4   4  -3  -4  -4  -4   0  -1  -3   2  -3  -4  -1   4  -4  -3   5    1   0   0   0  11   0   0   0   0   1   2   0   5   0   0   3  29   0   0  48  0.70 0.25
  340 A     2  -3  -4  -5   1  -4  -4  -3  -4   1  -1  -4  -1  -3  -4  -2  -1  -5  -3   6   24   0   0   0   3   0   0   1   0   3   1   0   0   0   0   0   1   0   0  66  0.83 0.28
  341 D    -4  -4  -1   8  -6  -2   0  -4  -4  -6  -6  -3  -6  -6  -4  -3  -3  -7  -6  -6    0   0   0  96   0   0   3   0   0   0   0   0   0   0   0   0   0   0   0   0  2.13 0.44
  342 I    -3  -4  -5  -6  -3  -4  -5  -6  -5   2   6  -4   2  -1  -5  -4  -3  -4  -3   0    0   0   0   0   0   0   0   0   0  13  83   0   3   0   0   0   0   0   0   1  1.15 0.30
  343 F     0  -4  -4  -4   1  -3  -4  -4  -4   4   1  -3   3   1  -4  -3  -1  -3  -2   2   11   0   0   0   3   0   0   0   0  40  11   0  11   8   0   0   2   0   0  15  0.50 0.18
  344 H     2   0  -1   0  -3   1   3  -1   1  -2  -2   2  -2  -2   0   0  -1  -4  -2  -1   19   2   1   2   0   2  31   3   3   1   2  16   0   1   3   4   1   0   0   6  0.28 0.13
  345 R    -2   3  -2  -3  -5  -1  -1  -4  -2  -2   0   6   0  -4  -3  -2  -2  -4  -1  -3    1  19   0   0   0   0   0   0   0   1  12  61   3   0   0   0   0   0   2   0  0.87 0.28
  346 L    -1  -4  -4  -5  -2  -3  -4  -5  -4   3   4  -4   6   0  -4  -3  -2  -3  -2   1    3   0   0   0   0   0   0   0   0  21  38   0  25   3   0   0   0   0   0   8  0.71 0.21
  347 E     5  -3  -2  -3  -2  -2  -1   2  -2  -2  -2  -2   2  -3  -3   1  -1  -4  -3  -2   59   0   0   0   0   0   2  18   1   1   1   0   7   1   0   8   0   0   0   1  0.62 0.22
  348 K     1   1   0  -1  -3   1   0  -2  -2  -4  -3   5  -2  -4  -2   1   0  -4  -3  -3   17   5   5   1   0   6   4   1   0   0   0  47   0   0   0  11   4   0   0   0  0.49 0.17
  349 Y    -3  -3  -4  -5  -3  -2  -4  -4  -2   0   4  -3   6   3  -4  -3  -2   0   1  -1    0   0   0   0   0   1   0   0   0   0  46   0  33  12   0   0   0   1   6   0  0.75 0.21
  350 L    -2  -3  -4  -4  -2  -3  -4  -4  -3   2   4  -3   2   0  -4  -3  -2  -2  -2   1    0   0   0   0   0   0   0   0   0  10  74   0   6   2   0   0   0   0   0   8  0.56 0.08

                      K         Lambda
Standard Ungapped    0.1348     0.3172
Standard Gapped      0.0580     0.2670
PSI Ungapped         0.1896     0.3178
PSI Gapped           0.0580     0.2670
