
Last position-specific scoring matrix computed, weighted observed percentages rounded down, information per position, and relative weight of gapless real matches to pseudocounts
            A   R   N   D   C   Q   E   G   H   I   L   K   M   F   P   S   T   W   Y   V   A   R   N   D   C   Q   E   G   H   I   L   K   M   F   P   S   T   W   Y   V
    1 M    -4  -4  -5  -6  -5  -3  -5  -6  -5  -2  -1  -4  11  -3  -6  -5  -4  -5  -4  -2    0   0   0   0   0   0   0   0   0   0   0   0 100   0   0   0   0   0   0   0  2.85 0.62
    2 C    -3  -7  -6  -7  11  -6  -7  -6  -6  -4  -4  -6  -5  -6  -6  -4  -4  -5  -6  -4    0   0   0   0 100   0   0   0   0   0   0   0   0   0   0   0   0   0   0   0  3.61 0.62
    3 T    -3  -4  -3  -4  -3  -3  -3  -4  -4  -3  -4  -3  -3  -5  -4   0   8  -5  -4  -3    0   0   0   0   0   0   0   0   0   0   0   0   0   0   0   3  97   0   0   0  1.88 0.49
    4 G     3  -4  -2  -3  -3  -3  -3   6  -4  -5  -5  -3  -4  -5  -3   1  -2  -5  -4  -4   34   0   0   0   0   0   0  57   0   0   0   0   0   0   0   8   0   0   0   0  1.12 0.30
    5 V     1  -4  -5  -5  -3  -4  -4  -4  -5   5   1  -4   0  -2  -4  -3  -2  -4  -3   4   12   0   0   0   0   0   0   0   0  44   8   0   1   0   0   0   0   0   0  35  0.80 0.25
    6 R    -3   7  -3  -4  -1  -1  -3  -5  -3  -5  -4   1  -4  -5  -4  -2   2  -5  -4  -4    0  80   0   0   1   0   0   0   0   0   0   3   0   0   0   0  15   0   0   0  1.60 0.41
    7 F    -5  -5  -6  -6  -5  -6  -6  -6  -3  -3  -2  -6  -3   9  -6  -5  -5  -1   4  -3    0   0   0   0   0   0   0   0   0   0   1   0   0  85   0   0   0   0  14   0  2.18 0.46
    8 S     0  -1   2  -1   1  -1  -2  -2  -3  -2  -3   1  -2  -4  -1   3   4  -4  -3  -1    3   3  11   2   3   0   0   0   0   1   1   9   0   0   1  24  38   0   0   4  0.49 0.21
    9 D    -3  -4  -1   7  -5  -3  -1  -1  -3  -5  -5  -3  -5  -6  -4   0   2  -6  -5  -5    1   0   1  77   0   0   0   4   0   0   0   0   0   0   0   6  12   0   0   0  1.50 0.38
   10 D     0  -1   2   3  -3  -1   0   1  -2  -4  -4   2  -3  -4   0   1   1  -4  -3  -3    9   2   9  24   0   1   5  13   0   0   0  17   0   0   5   7   9   0   0   0  0.35 0.14
   11 E     1  -1   2   3  -3   2   2  -2   0  -4  -3   2  -3  -4  -2   1  -1  -4  -3  -3   11   1  12  19   0   9  16   1   2   0   1  15   0   0   0  10   2   0   0   0  0.39 0.14
   12 G    -1  -3   0  -1  -4  -2  -3   6  -3  -4  -4  -3  -4  -4  -3  -1  -3  -4  -4  -4    2   1   4   3   0   2   1  79   0   1   1   1   0   0   1   2   1   0   0   1  1.31 0.28
   13 N    -1  -1   6   0  -4   0  -1   0   4  -4  -4  -1  -3  -3  -3   0  -1  -4  -3  -4    5   1  57   2   0   2   3   5  10   0   1   2   0   1   1   6   2   0   0   1  0.86 0.25
   14 T    -3  -4  -5  -5  -4  -3  -4  -5   0  -1   3  -4   8   2  -5  -4  -3  -3  -2   0    1   0   0   0   0   0   0   0   2   0  27   0  55  10   0   0   1   0   0   3  1.26 0.36
   15 Y    -5  -5  -5  -6  -5  -4  -5  -6  -1  -4  -3  -5  -3   5  -6  -5  -4  -1   9  -3    0   0   0   0   0   0   0   0   0   0   0   0   0  19   0   0   0   0  80   1  2.29 0.50
   16 F    -2  -5  -5  -6   0  -5  -5  -5  -4  -2   1  -5  -1   8  -6  -5  -4   2   1  -2    3   0   0   0   2   0   0   0   0   0  14   0   1  77   0   0   0   2   1   1  1.65 0.39
   17 G     1  -5  -3  -4  -5  -4  -4   7  -4  -6  -6  -4  -5  -5  -4  -2  -4  -5  -5  -5   12   0   0   0   0   0   0  88   0   0   0   0   0   0   0   0   0   0   0   0  1.80 0.40
   18 R    -4   8  -3  -4  -6  -2  -3  -5  -3  -6  -5   0  -4  -6  -5  -3  -4  -6  -4  -5    0 100   0   0   0   0   0   0   0   0   0   0   0   0   0   0   0   0   0   0  2.31 0.52
   19 N    -4  -3   8  -1  -5  -3  -3  -3  -2  -6  -6  -3  -5  -6  -5  -2   2  -6  -5  -5    0   0  89   0   0   0   0   0   0   0   0   0   0   0   0   0  11   0   0   0  2.00 0.48
   20 L    -4  -4  -6  -6  -4  -4  -5  -6  -5  -1   6  -5   0  -1  -5  -5  -3  -4   0  -1    0   0   0   0   0   0   0   0   0   0  96   0   0   1   0   0   0   0   3   0  1.45 0.38
   21 D    -5  -4  -1   8  -6  -3  -1  -4  -4  -6  -7  -3  -6  -6  -4  -3  -4  -7  -6  -6    0   0   1  99   0   0   0   0   0   0   0   0   0   0   0   0   0   0   0   0  2.35 0.51
   22 W    -5  -6  -7  -7  -5  -5  -6  -6  -4  -5  -3  -6  -4  -2  -7  -6  -5  12   4  -1    0   0   0   0   0   0   0   0   0   0   2   0   0   0   0   0   0  78  14   5  3.35 0.60
   23 S    -1  -2   0  -1   0  -1   2   0  -3  -4  -4  -2  -2  -4  -3   4   3  -4  -4  -3    2   0   3   2   2   0  18   7   0   0   0   0   1   0   0  39  24   0   0   1  0.57 0.25
   24 F    -2  -3  -1  -3   5   2   0  -3  -3   0  -2  -2  -1   3  -3   1   1  -3   0   1    1   0   3   0  17  10   8   0   0   3   1   0   0  19   0  11  11   0   1  14  0.35 0.18
   25 S    -1  -3   0   2  -4  -3  -2   5  -2  -5  -5  -3  -4  -5   0   3  -2  -1  -4  -4    0   0   4  11   0   0   0  48   1   0   0   0   0   0   4  29   1   1   0   0  0.85 0.27
   26 Y    -5  -5  -5  -6  -5  -4  -5  -6  -1  -4  -4  -5  -4   3  -6  -5  -5  -1   9  -4    0   0   0   0   0   0   0   0   0   0   0   0   0   7   0   0   0   0  93   0  2.65 0.57
   27 G    -2  -5  -2  -2  -5  -4  -4   7  -2  -6  -6  -4  -5  -6  -5  -3  -4  -5  -6  -6    0   0   0   2   0   0   1  96   1   0   0   0   0   0   0   0   0   0   0   0  2.05 0.44
   28 E    -3  -2  -2   1  -6   4   6  -4  -2  -6  -5  -1  -4  -6  -4  -2  -3  -5  -4  -5    0   0   0   6   0  22  71   0   0   0   0   1   0   0   0   0   0   0   0   0  1.48 0.41
   29 T    -2   4  -1  -2  -4   2   1   0   2  -4  -4   4  -3  -3  -3  -1   0  -4  -2  -3    0  26   1   1   0   9   8   7   5   0   0  33   0   1   0   3   5   0   1   1  0.57 0.21
   30 I    -2  -5  -5  -5  -1  -4  -4  -5  -5   4  -1  -4  -1  -2   2  -4  -2  -5  -3   5    1   0   0   0   1   0   0   0   0  26   1   0   1   1  10   0   0   0   0  60  0.98 0.31
   31 L    -2  -1  -4  -4  -2  -3  -4  -5  -4   2   2  -3   0  -2  -4  -2   2  -4  -3   5    1   5   0   0   0   0   0   0   0  10  15   1   1   0   0   1  12   0   0  54  0.65 0.24
   32 V     0  -3  -4  -5  -3  -4  -4  -5  -4   5   0  -3   1   0  -4  -3  -1  -4   0   4    6   1   0   0   0   0   0   0   0  39   5   0   3   3   0   0   1   0   2  38  0.72 0.24
   33 T     0  -4  -3  -4  -3  -3  -3  -4  -4  -2  -3  -3   1  -4  -4  -1   7  -2  -4   1    6   0   0   0   0   0   0   0   0   0   0   0   4   0   0   1  80   1   0   9  1.34 0.42
   34 P    -3  -5  -5  -4  -6  -3  -4  -4  -5  -6  -6  -4  -5  -7   9  -3  -4  -7  -6  -5    0   0   0   0   0   1   0   1   0   0   0   0   0   0  97   1   0   0   0   0  2.94 0.57
   35 R     0   6  -2  -3  -4   0  -1  -3   0  -3  -4   2  -3  -4   1  -1   2  -4  -3  -3    8  48   0   0   0   2   2   1   3   1   0  14   0   0   6   1  13   0   0   0  0.72 0.25
   36 G     0  -3   4   1  -4  -2  -2   5  -3  -5  -5  -2  -4  -5  -4  -1  -2  -5  -4  -4    9   1  22   8   0   0   2  55   0   0   0   2   0   0   0   2   1   0   0   0  0.97 0.27
   37 Y     0  -4  -5  -5  -3  -4  -5  -5   0  -3  -3  -4  -3   5  -5  -3  -4   4   8  -3   10   0   0   0   0   0   0   0   1   0   1   0   0  20   0   1   0   6  61   0  1.63 0.41
   38 H     1   1   0  -1  -2   1   1  -2   2  -2  -3   2  -1  -4   3   0   0  -2  -2  -2   11   8   3   2   0   7  10   0   7   1   1  18   2   0  15   6   5   0   0   3  0.30 0.12
   39 Y    -1  -2  -3  -4  -2  -3  -3  -4  -1   0   1  -3   1   3   3  -3  -1   2   5   1    3   2   0   0   0   0   0   0   1   5  13   0   4  12  15   0   4   3  27  10  0.48 0.18
   40 D     0   2   2   1  -4   2  -1  -2   3  -4  -4   2  -3  -3   4   0  -1  -4  -3  -3    7  10  12   7   0   9   2   0   9   0   0  13   0   1  22   4   3   0   0   1  0.47 0.16
   41 T     0  -2  -2  -2  -3  -2  -2  -3  -2  -3  -3  -2  -2   2   0   4   0   2   4  -3    6   1   0   1   0   1   0   0   0   0   1   0   1  11   5  47   5   2  19   0  0.60 0.26
   42 V     3   3  -3  -3  -3  -1  -1  -2  -3  -3  -3   1  -2  -2   4  -1  -1  -4  -3  -1   38  18   0   1   0   2   1   0   0   0   0   6   1   2  22   2   2   0   0   5  0.56 0.21
   43 F    -4  -2  -4  -5  -5  -4  -5  -5   5  -3  -2  -5  -2   8  -6  -4  -4  -2   2  -3    0   3   0   0   0   0   0   0  15   0   2   0   0  74   0   0   0   0   4   0  1.76 0.42
   44 G    -1   0   0  -1  -1  -2  -1   3  -1  -1   2  -1   3  -2  -2  -2  -1  -3  -2  -1    2   6   5   3   2   1   4  26   2   2  30   2  11   0   1   1   2   0   0   1  0.23 0.13
   45 A     3  -1  -1   1  -1   0   0   2  -2  -1  -2  -1  -2  -3   1   0  -1  -3  -2  -1   32   3   1   8   1   3   7  20   1   2   3   2   0   1   7   2   2   0   1   5  0.23 0.10
   46 G     0  -2  -1   2  -3   0   2   2  -2   0  -2  -1  -1  -3   1   0   0  -4  -3   1    5   1   1  13   0   2  17  22   0   5   1   1   1   0   8   3   6   0   0  12  0.22 0.11
   47 G     1  -1  -1   3  -2   0   1   0   0  -2  -1   0   1  -1   2   0   1  -3  -2  -2   11   1   1  18   1   3  13   7   2   2   4   4   5   2   9   6   9   0   0   1  0.17 0.09
   48 K     0   0   0   0  -2   1   1  -1  -1   0  -1   2   1  -2   2   0   0  -3  -2  -1    6   5   3   4   0   5   8   4   1   7   6  17   5   0  12   9   4   0   1   3  0.13 0.06
   49 A     2  -2  -1  -1   0  -1   0  -2  -2   1  -1  -1   0  -2   2   0   1  -3  -2   0   24   0   1   2   2   2   7   1   0  11   4   3   4   0  12   7  14   0   0   7  0.19 0.10
   50 K    -1   3   1  -1  -2   1   1  -1   0  -1  -2   2  -1  -2   0   1   1  -3  -2  -2    2  19   8   2   1   6   6   4   2   3   2  20   1   2   3  10   9   0   0   2  0.22 0.09
   51 P     0   0   1  -1  -2   0   0   1   4  -2  -2   1  -2  -2   1   1   0  -2  -1  -2   10   3   5   1   1   4   3  13  16   1   2  13   0   1   8  10   4   0   1   1  0.21 0.08
   52 N    -2   0  -1  -3  -4  -2  -2   1   7  -4  -3   0  -2   0   0  -2  -3  -2   5  -3    1   5   2   0   0   0   0  10  39   0   1   5   1   2   5   2   1   0  24   1  0.88 0.25
   53 A     6  -3  -3  -3  -2  -3  -3  -2  -4  -3  -4  -3  -3  -4   2  -1  -1  -5  -4  -2   82   0   0   1   0   0   0   1   0   0   0   0   0   0  11   0   3   0   0   1  1.15 0.35
   54 V    -1  -4  -4  -5   0  -4  -4  -5  -5   4   1  -4   1  -2  -4  -3   0  -4  -3   5    2   0   0   0   2   0   0   0   0  31  10   0   3   0   0   0   4   0   0  48  0.76 0.23
   55 I    -3  -5  -5  -5  -3  -5  -5  -6  -5   7   0  -5   1  -1  -5  -4  -3  -4   0   1    0   0   0   0   0   0   0   0   0  84   4   0   3   2   0   0   0   0   3   5  1.37 0.35
   56 G    -2  -5  -3  -4  -5  -4  -5   7  -4  -6  -6  -4  -5  -6  -5  -3  -4  -5  -6  -6    0   0   0   0   0   0   0 100   0   0   0   0   0   0   0   0   0   0   0   0  2.14 0.43
   57 V    -3  -4  -4  -6  -4  -3  -5  -5  -4   0   0  -4  10  -3  -4  -4  -1  -4  -4   1    0   0   1   0   0   0   0   0   0   4   2   0  83   0   0   0   3   0   0   7  1.96 0.48
   58 G     3  -4  -3  -3   2  -3  -4   6  -4  -5  -5  -3  -4  -5  -4  -1  -3  -4  -4  -4   32   0   0   0   6   0   0  61   0   0   0   0   0   0   0   2   0   0   0   0  1.17 0.30
   59 V    -2  -4  -4  -5  -1  -4  -5  -5   3   6   0  -4   0  -1  -5  -4  -3  -4   0   2    1   0   0   0   1   0   0   0   8  69   5   0   1   1   0   0   0   0   3   9  0.98 0.29
   60 V    -1  -4  -2  -1  -2  -2  -1  -4  -4   3   0  -3   1  -3  -4  -2  -1  -4  -3   5    2   0   2   5   0   1   3   1   0  13   2   0   3   0   0   1   3   0   0  63  0.67 0.24
   61 M     2  -2  -2  -2  -1   1   3  -3  -2   0  -1  -2   1  -1  -2  -1  -1  -3   0   2   27   0   0   0   1   7  23   0   0   2   1   0   6   3   1   3   0   0   3  23  0.27 0.16
   62 A     0  -2   1   3  -5   1   5   2  -2  -5  -4   0  -3  -5  -3  -1  -2  -5  -4  -4    7   0   7  19   0   4  45  14   0   0   1   2   0   0   0   0   0   0   0   0  0.70 0.22
   63 D    -3  -3   5   4  -5  -2  -1   4  -2  -5  -5  -2  -4  -5  -3  -1  -2  -5  -4  -5    0   0  33  30   0   0   1  33   0   0   0   1   0   0   0   2   0   0   0   0  1.00 0.27
   64 R    -2  -1  -3  -4  -1  -2  -3  -4  -1   1  -1  -1   2   1  -4  -2   3  -2   5   1    2   3   0   0   1   1   0   0   0   8   3   3   5   3   0   0  29   0  28  14  0.49 0.21
   65 P    -4  -5  -5  -4  -6  -4  -4  -5  -5  -6  -6  -4  -5  -7   9  -4  -4  -7  -6  -5    0   0   0   0   0   0   0   0   0   0   0   0   0   0 100   0   0   0   0   0  3.03 0.53
   66 M    -3  -4  -5  -6  -1  -4  -5  -6  -5   0   6  -4   4  -2  -5  -2  -3  -4  -3  -1    0   0   0   0   1   0   0   0   0   0  87   0  10   0   0   3   0   0   0   0  1.24 0.33
   67 Y    -4  -4  -5  -6  -5  -4  -5  -6  -1  -4  -2  -5  -3   3  -6  -4  -4   0   9  -4    0   0   0   0   0   0   0   0   0   0   4   0   0   8   0   0   0   0  88   0  2.33 0.49
   68 F    -5  -5  -5  -6  -5  -5  -6  -6  -3  -3  -2  -5  -2   8  -6  -5  -5  -1   4  -3    0   0   0   0   0   0   0   0   0   0   1   0   0  85   0   0   0   0  14   0  2.12 0.44
   69 D    -4  -4   0   8  -6  -3   1  -4  -3  -6  -6  -3  -6  -6  -4  -3  -3  -7  -6  -6    0   0   2  94   0   0   4   0   0   0   0   0   0   0   0   0   0   0   0   0  2.10 0.45
   70 C     2  -5  -5  -5  10  -5  -5  -3  -5  -4  -4  -5  -4  -5  -5  -3  -3  -5  -5  -2   20   0   0   0  77   0   0   1   0   0   0   0   0   0   0   0   0   0   0   1  2.42 0.47
   71 A     3  -3  -3  -3   2  -3  -3   4  -3   0  -3  -3   1  -2  -3  -1  -1  -4  -2  -1   36   0   0   0   4   0   0  38   0   6   0   0   6   2   0   0   3   0   1   4  0.59 0.21
   72 N    -4  -3   8  -1  -5  -3  -3  -3  -2  -6  -6  -2  -5  -6  -5  -1  -3  -7  -5  -6    0   0  98   0   0   0   0   0   0   0   0   1   0   0   0   2   0   0   0   0  2.24 0.49
   73 E    -2  -3  -1   5  -6  -1   6  -4  -2  -5  -5  -2  -4  -5  -3  -2  -1  -5  -4  -5    1   0   0  35   0   0  60   0   0   0   0   0   0   0   0   0   3   0   0   0  1.32 0.34
   74 H     4  -1   0   1  -2  -1  -1  -2   2  -3  -3   2  -1  -4  -2   0  -1  -3  -2  -2   51   2   5  10   0   2   2   0   6   0   0  14   1   0   0   3   1   0   1   2  0.44 0.20
   75 G    -2  -5  -3  -4  -5  -4  -5   7  -4  -6  -6  -4  -5  -6  -5  -2  -4  -5  -6  -6    0   0   0   0   0   0   0  99   0   0   0   0   0   0   0   1   0   0   0   0  2.09 0.42
   76 L    -3  -4  -6  -6  -3  -4  -5  -6  -5   0   6  -5   2  -2  -5  -5  -3  -4  -3   0    0   0   0   0   0   0   0   0   0   1  93   0   3   0   0   0   0   0   0   3  1.35 0.35
   77 A     5  -3  -3  -3   3  -3  -3   2  -3  -3  -4  -3  -3  -3  -3   0  -2  -4   1  -2   66   0   0   0   6   0   0  18   0   0   0   0   0   0   0   3   0   0   6   0  0.85 0.28
   78 I    -2  -4  -5  -5   2  -4  -4  -5  -5   4   0  -4   4  -2  -4  -3  -2  -4  -3   5    1   0   0   0   5   0   0   0   0  32   0   0  13   0   0   0   0   0   0  49  0.92 0.28
   79 A     7  -4  -4  -4  -3  -3  -3   0  -4  -4  -4  -3  -3  -5  -3  -1  -2  -5  -4  -2   96   0   0   0   0   0   0   4   0   0   0   0   0   0   0   0   0   0   0   0  1.46 0.40
   80 G    -2  -5  -1  -3  -5  -4  -4   7  -4  -6  -6  -4  -5  -6  -5  -3  -4  -5  -6  -6    0   0   1   1   0   0   0  98   0   0   0   0   0   0   0   0   0   0   0   0  2.05 0.41
   81 L    -4  -4  -6  -6  -3  -4  -5  -6  -5   0   6  -5   0  -2  -5  -5  -3  -4  -3  -1    0   0   0   0   0   0   0   0   0   0 100   0   0   0   0   0   0   0   0   0  1.52 0.38
   82 N    -4  -3   8  -1  -5  -3  -3  -3  -2  -6  -6  -3  -2  -4  -5  -1  -2  -6  -5  -5    0   0  95   0   0   0   0   0   0   0   0   0   1   1   0   3   0   0   0   0  2.11 0.48
   83 F    -5  -5  -6  -6  -5  -6  -6  -6  -2  -3  -2  -6  -3   9  -6  -5  -5  -2   1  -3    0   0   0   0   0   0   0   0   1   0   0   0   0  99   0   0   0   0   1   0  2.45 0.49
   84 P     0  -5  -4  -4  -5  -4  -4  -4  -5  -4  -5  -3  -4  -6   8  -3  -3  -6  -5   1    6   0   0   0   0   0   0   0   0   0   0   0   0   0  82   1   0   0   0  11  2.18 0.43
   85 G    -2   0  -1  -2  -5   1  -2   6   1  -6  -5  -1  -4  -5  -4  -2  -3  -4  -4  -5    0   5   1   2   0   8   2  75   4   0   0   3   0   0   0   0   0   0   0   0  1.26 0.30
   86 Y    -3  -3   3  -3   0  -3  -3  -2   1  -4  -3  -3  -3   2  -4   0  -3  -1   8  -3    0   0  15   0   3   0   0   2   2   0   1   0   0   6   0  10   0   0  61   0  1.27 0.34
   87 A     6  -4  -3  -4  -1  -3  -3  -1  -4  -4  -4  -3  -3  -2  -3   0  -2  -5  -4  -2   92   0   0   0   1   0   0   1   0   0   0   0   0   2   0   2   1   0   0   0  1.34 0.38
   88 S     1   1  -1   0  -1   3   1  -1   2  -3  -3   2  -2  -2  -2   1  -1  -3   1  -1   13   9   1   3   2  23   7   2   7   0   0  11   0   1   0  10   0   0   7   5  0.27 0.13
   89 F    -4  -4  -5  -6  -5  -4  -5  -6  -1  -3  -3  -5  -3   4  -6  -4  -4   1   9  -2    0   0   0   0   0   0   0   0   0   0   0   0   0  17   0   0   0   1  80   2  2.19 0.46
   90 V     4  -2  -1  -1  -3   0   3  -2  -1  -3  -3  -1  -3  -3   0   1  -1  -4  -1  -2   45   0   2   0   0   2  28   1   1   0   0   1   0   0   4  10   1   0   2   1  0.52 0.20
   91 H     0   0   0   2  -3   0   2  -1   1  -3  -3   1  -3  -4   4   1   0  -4  -3  -3    8   3   4  11   0   4  13   2   4   0   1  11   0   0  23   8   6   0   0   1  0.41 0.12
   92 E     1  -2   0   3  -3  -1   4   2  -2  -4  -4  -1  -3  -4  -2   0   0  -4  -3  -3   16   0   4  17   0   0  32  18   0   0   0   1   0   0   1   3   7   0   0   1  0.47 0.17
   93 P     3  -4  -4  -3  -4  -2  -2  -2  -3  -3  -4  -3  -2  -5   7  -1  -2  -5  -4   0   25   0   0   1   0   1   1   1   1   1   0   0   1   0  56   3   1   0   0   9  1.28 0.30
   94 V     0  -1  -3  -2  -3   1   0  -4  -2   2  -1  -1  -1  -2  -3  -2  -1  -4  -3   5    5   3   1   2   0   7   6   0   1  13   0   4   0   0   1   1   1   0   0  56  0.48 0.21
   95 E    -1  -2   1   5  -3   1   4  -3  -1  -4  -4  -1  -4  -5   2  -1  -1  -5  -3  -3    3   0   4  33   1   4  37   1   1   0   0   1   0   0   9   3   2   0   0   1  0.76 0.23
   96 G    -2  -4  -1   0  -5  -4  -3   7  -4  -5  -5  -3  -4  -2  -4  -1  -2  -4  -5  -5    0   0   2   6   0   0   1  84   0   0   1   0   0   2   0   2   2   0   0   0  1.50 0.33
   97 T     1   2  -2  -3  -3  -1  -1  -2  -3  -3  -3   6  -1  -4  -3  -1   1  -5  -3  -2   14   6   0   0   0   0   1   2   0   0   1  61   1   0   0   1  10   0   0   3  0.75 0.26
   98 E    -1  -3  -2   0   0  -2   0  -3  -2   0  -2  -1  -2  -3  -3  -1   5  -4  -2   1    2   0   0   6   2   0   7   0   1   7   1   4   0   0   0   1  58   0   1  10  0.62 0.25
   99 N    -3  -3   8  -1  -4  -2  -3  -3  -2  -6  -6  -3  -5  -6  -5   0  -2  -6  -5  -5    1   0  95   1   0   0   0   0   0   0   0   0   0   0   0   3   0   0   0   0  2.10 0.47
  100 V    -2  -5  -5  -5  -3  -4  -5  -5  -5   4   1  -4   1  -2  -4  -4  -2  -5  -3   6    0   0   0   0   0   0   0   0   0  21   7   0   2   0   0   0   0   0   0  70  1.10 0.30
  101 A     6  -3  -3  -4   2  -3  -3  -2  -4  -3  -3  -3  -3  -4  -2   0   1  -5  -4  -2   80   0   0   0   4   0   0   0   0   0   1   0   0   0   1   4   9   0   0   0  1.07 0.33
  102 T     5  -3  -3  -3  -3   2  -2  -2  -3  -3  -3  -2  -3  -4   2   1   0  -4  -4  -2   61   0   0   0   0  11   0   0   0   0   0   0   0   0   9  11   6   0   0   2  0.74 0.27
  103 F    -4  -4  -5  -6  -3  -4  -5  -4  -1  -3  -3  -5  -3   5  -6  -3  -4   4   8  -3    0   0   0   0   1   0   0   1   0   0   0   0   0  29   0   1   0   6  63   0  1.84 0.41
  104 E    -3  -3  -3  -1  -6   0   7  -5  -3  -6  -6  -2  -5  -6  -4  -3  -3  -6  -5  -5    1   0   0   0   0   0  99   0   0   0   0   0   0   0   0   0   0   0   0   0  1.99 0.47
  105 F    -4  -5  -5  -6  -5  -5  -6  -6  -4  -1   1  -5   1   8  -6  -5  -4  -2   1  -2    0   0   0   0   0   0   0   0   0   3   9   0   3  83   0   0   0   0   0   2  1.81 0.40
  106 P    -3  -5  -5  -4  -5  -4  -4  -5  -5   2  -3  -4   3  -5   8  -3  -3  -6  -5  -3    0   0   0   0   0   0   0   0   0  14   0   0   8   0  77   0   0   0   0   0  2.09 0.42
  107 L    -2  -3  -5  -5  -1  -4  -4  -5  -4   0   5  -4   1   2   3  -3  -2  -3   1  -1    2   1   0   0   1   0   0   0   0   1  63   0   2   8  14   0   1   0   6   1  0.72 0.23
  108 W    -6  -6  -7  -8  -6  -5  -6  -6  -5  -6  -4  -6  -4   0  -7  -6  -6  13   0  -6    0   0   0   0   0   0   0   0   0   0   0   0   0   3   0   0   0  95   1   0  4.20 0.66
  109 V    -2  -5  -5  -5  -3  -4  -5  -5  -5   4   0  -4  -1  -3  -4  -4  -2  -5  -3   6    1   0   0   0   0   0   0   0   0  25   3   0   0   0   0   0   0   0   0  70  1.15 0.32
  110 A     4  -3  -3  -4   4  -3  -3  -2  -4  -1   1  -3   0  -3  -3  -1   2  -4  -3   1   48   0   0   0   9   0   0   1   0   0  17   0   2   0   0   0  12   0   0  10  0.50 0.21
  111 R     2   3  -2  -1  -1   0  -1   0  -2  -2   0  -1   3  -3  -3   2  -1  -4  -3  -2   22  19   0   3   1   3   3   5   0   0   8   0  11   0   0  23   0   0   0   0  0.28 0.16
  112 N    -3  -1   6  -1  -1   4   0  -2   0  -5  -4  -1  -2  -5  -3   1   0  -5  -4  -4    0   2  53   0   2  22   5   1   1   0   1   2   1   0   0   7   4   0   0   0  0.93 0.29
  113 F    -4  -5  -5  -6   5  -6  -6  -6  -1  -3  -2  -6  -3   8  -6  -5  -4  -2   1  -3    0   0   0   0  14   0   0   0   1   0   0   0   0  82   0   0   0   0   2   0  2.00 0.43
  114 D     3  -1  -1   1  -2  -1   0  -1  -2  -3  -3   0  -3  -4  -2   3   2  -4  -3  -2   27   1   1   7   0   1   6   2   0   0   0   6   0   0   0  32  15   0   0   0  0.43 0.18
  115 S    -1  -3  -1  -1  -3  -2  -2  -3  -2  -3  -4  -2  -3  -4  -3   4   5  -5  -4  -3    0   0   2   2   0   0   0   0   0   0   0   1   0   0   0  44  50   0   0   0  1.02 0.33
  116 V    -2  -5  -5  -5  -3  -4  -5  -5  -5   1   1  -4  -1  -3  -5  -4  -1  -5  -3   7    0   0   0   0   0   0   0   0   0   3   8   0   1   0   0   0   1   0   0  87  1.31 0.36
  117 D     1  -3   0   7  -3  -2   1  -2  -3  -5  -5   0  -4  -5  -3  -1  -2  -6  -5  -4   11   0   1  69   1   0   7   1   0   0   0   4   0   0   0   4   1   0   0   1  1.17 0.30
  118 E    -3  -2  -2   1  -6   1   7  -4  -2  -6  -5  -1  -4  -6  -3  -2  -3  -5  -4  -5    1   0   0   6   0   3  89   1   0   0   0   1   0   0   0   0   0   0   0   0  1.66 0.41
  119 V     3  -4  -5  -5  -3  -4  -4  -4  -5   0   0  -4  -1  -3  -4  -3  -2  -5  -3   6   25   0   0   0   0   0   0   0   0   0   5   0   0   0   0   0   0   0   0  70  0.97 0.31
  120 E    -2   3  -2  -1  -5   1   5  -4  -2  -4  -4   3  -3  -5  -3  -2  -3  -5  -4  -2    2  20   0   0   0   3  56   0   0   0   0  16   0   0   0   0   0   0   0   2  0.96 0.29
  121 E     3   1  -2   0  -3   1   4  -2  -1  -4  -4   2  -3  -4  -2   0  -1  -4  -3  -2   32   8   0   4   0   3  30   1   1   0   0  16   0   0   0   2   2   0   0   1  0.49 0.19
  122 T     6  -3  -3  -3  -2  -3  -1  -1  -3  -2   0  -1  -2  -4  -3  -1  -1  -4  -4  -1   78   0   0   0   0   0   3   2   0   1   8   3   0   0   0   0   1   0   0   3  0.89 0.30
  123 L    -3  -4  -6  -6  -3  -4  -5  -6  -5   0   6  -5   0  -2  -5  -5  -3  -4  -3  -1    1   0   0   0   0   0   0   0   0   2  96   0   0   0   0   0   0   0   0   0  1.41 0.36
  124 R     2   1  -1   0  -3   1   1   0  -1  -3  -3   4  -3  -4  -1   0  -1  -4  -3  -2   26   6   1   5   0   6   9   5   1   0   0  34   0   0   2   3   1   0   0   1  0.40 0.17
  125 N    -3   1   5   4  -4  -1   1   0   1  -5  -5   0  -4  -5  -3   0  -1  -5  -4  -4    0   7  37  30   0   1   5   6   4   0   0   4   0   0   0   3   1   0   0   0  0.77 0.23
  126 V     0  -4  -4  -4  -2  -3  -4  -4  -3   2   0  -3   2  -1  -4  -2   2  -4  -3   5    9   0   0   0   0   0   0   0   1   8   6   0   5   2   0   1  16   0   0  53  0.59 0.22
  127 T     3  -2   3  -2  -2  -2  -2  -2  -2  -2  -2  -2  -2  -3  -3   0   2  -4  -1   2   37   1  20   0   0   1   1   0   0   0   1   0   0   0   0   1  18   0   3  17  0.43 0.20
  128 L    -3  -5  -5  -5  -3  -4  -5  -6  -5   6   2  -5   0  -2  -5  -4  -3  -4  -3   2    0   0   0   0   0   0   0   0   0  67  21   0   0   0   0   0   0   0   0  12  1.11 0.30
  129 V    -2  -5  -5  -5  -3  -4  -5  -5  -5   2  -1  -4  -1  -3  -4  -4   0  -5  -3   7    1   0   0   0   0   0   0   0   0   6   2   0   0   0   0   0   4   0   0  87  1.31 0.36
  130 S     3  -3   3   4  -2  -2  -1   2  -2  -4  -4  -2  -3  -4  -3   0  -2  -5  -4  -3   38   0  15  25   1   0   1  15   0   0   0   0   0   0   0   6   0   0   0   0  0.60 0.22
  131 Q    -1   2  -1   0  -4   1   1  -3   0  -3  -3   5  -2  -4  -2   0   1  -3  -3  -2    3  11   0   4   0   5   6   0   2   1   2  47   0   0   1   4  12   0   0   2  0.53 0.20
  132 I     0  -4  -1  -3  -4  -1  -2  -3  -4  -3  -4  -3  -4  -2   8  -1  -2  -5  -4  -2   10   0   2   1   0   2   1   1   0   2   0   0   0   2  72   4   1   0   0   2  1.71 0.35
  133 V    -1  -4  -4  -3  -3  -3  -4  -3  -4   5   0  -4  -1   4  -3  -2  -2  -3   0   3    5   0   0   1   0   1   0   1   0  46   1   0   0  21   1   2   0   0   1  20  0.65 0.22
  134 P    -2  -3   6   0  -4  -2  -1   0  -2  -5  -5  -2  -4  -5   3   2  -1  -5  -4  -3    1   0  53   3   0   1   1   5   0   0   0   0   0   0  16  20   0   0   0   1  0.98 0.29
  135 G    -1  -2  -1   4  -4   1   4   1  -2  -5  -5   0  -4  -5  -2   1  -2  -5  -4  -4    3   1   1  31   0   5  37   9   0   0   0   3   0   0   1   8   0   0   0   0  0.73 0.22
  136 Q    -2   1   0  -2  -4   4   0  -3  -2  -2   1   3   2   0  -3  -1  -1  -1   0  -2    2   7   3   0   0  30   2   0   0   0  14  22   8   4   0   3   2   1   2   0  0.39 0.18
  137 Q    -3  -4  -4  -4  -5  -1  -2   0  -2  -4  -2  -3  -3  -1   6  -3  -3   0   6  -4    1   0   0   0   0   3   2   7   0   0   4   0   0   1  49   0   0   1  33   0  1.36 0.33
  138 E    -1  -3  -3  -3  -2  -3  -1  -2  -4   0   0  -2  -2  -3   5   0  -1  -5  -3   3    4   0   0   0   1   0   3   2   0   2   8   1   0   0  36   8   2   0   0  33  0.73 0.22
  139 S     4  -3  -2  -3  -3  -2  -2  -2  -3  -4  -4  -2  -3  -4  -3   5  -1  -5  -4  -3   36   0   0   0   0   0   0   0   0   0   0   0   0   0   0  63   0   0   0   0  1.07 0.34
  140 L    -2  -2   0  -2  -3   2   0  -3  -2  -1   2  -1   3  -1   3   0  -1  -3  -1  -2    1   0   6   1   0  13   8   0   0   0  28   1  12   2  16   7   1   0   2   0  0.31 0.16
  141 L    -4  -4  -6  -6  -3  -4  -5  -6  -5   0   6  -5   0  -2  -4  -5  -3  -4  -3  -1    0   0   0   0   0   0   0   0   0   0  98   0   0   0   1   0   0   0   0   1  1.44 0.37
  142 H    -5  -3  -2  -4  -6  -2  -3  -5  11  -6  -6  -4  -5  -4  -5  -4  -5  -5  -1  -6    0   0   0   0   0   0   0   0 100   0   0   0   0   0   0   0   0   0   0   0  3.16 0.59
  143 W    -6  -6  -7  -8  -6  -5  -6  -6  -5  -6  -5  -6  -4   1  -7  -6  -6  13   0  -6    0   0   0   0   0   0   0   0   0   0   0   0   0   5   0   0   0  93   1   0  4.10 0.65
  144 F    -3  -5  -5  -5  -3  -4  -5  -6  -5   6   2  -4   3   2  -5  -4  -3  -4  -2   1    0   0   0   0   0   0   0   0   0  66  19   0   7   7   0   0   0   0   0   0  1.06 0.29
  145 I    -3  -5  -5  -5  -3  -5  -5  -6  -6   7   0  -5  -1  -2  -5  -4  -3  -5  -3   3    0   0   0   0   0   0   0   0   0  83   1   0   0   0   0   0   0   0   0  16  1.48 0.37
  146 G     3  -4  -2  -3  -1  -3  -3   5  -3  -4  -4  -3  -4  -5  -3   2  -2  -4  -4  -3   28   0   0   0   1   0   0  54   0   0   0   0   0   0   0  16   0   0   0   0  0.98 0.27
  147 D    -4  -4  -1   8  -6  -3  -1  -4  -4  -6  -6  -3  -6  -6  -4  -3  -4  -7  -6  -6    0   0   0 100   0   0   0   0   0   0   0   0   0   0   0   0   0   0   0   0  2.31 0.48
  148 G     3   0  -1  -2  -3   0   0   2  -2  -3  -3   3  -3  -4  -2   1  -1  -4  -3  -2   40   4   2   1   0   3   4  15   0   0   0  21   0   0   0   9   1   0   0   0  0.43 0.18
  149 K    -1   0   2   2  -3   0   1  -3  -1  -3  -4   3  -2  -4  -3   1   3  -4  -3  -3    1   1   9  12   0   3   9   0   1   0   0  27   1   0   0   7  29   0   0   0  0.48 0.19
  150 R    -2   6  -2  -1  -5   0   2   1  -2  -5  -4   0  -4  -5  -4  -2  -3  -5  -4  -4    2  64   0   3   0   2  14  13   0   0   0   0   0   0   0   2   0   0   0   0  1.06 0.30
  151 S     3  -3  -2  -3   0  -2  -2  -2  -3  -4  -4  -2  -3  -4  -3   6   0  -5  -4  -3   24   0   0   0   2   0   0   0   0   0   0   0   0   0   0  71   3   0   0   0  1.08 0.35
  152 I    -4  -5  -6  -6  -3  -5  -6  -6  -6   7   0  -5  -1  -2  -5  -5  -3  -5  -4   1    0   0   0   0   0   0   0   0   0  92   3   0   0   0   0   0   0   0   0   5  1.64 0.40
  153 V    -2  -5  -5  -5  -3  -4  -4  -5  -5   1  -1  -4  -1  -3  -4  -3   1  -5  -3   7    2   0   0   0   0   0   0   0   0   3   0   0   0   0   0   0   9   0   0  86  1.29 0.36
  154 V    -2  -5  -5  -5  -3  -4  -5  -5  -5   2   0  -5  -1  -3  -5  -4  -2  -5  -3   7    1   0   0   0   0   0   0   0   0   5   3   0   0   0   0   0   0   0   0  91  1.43 0.38
  155 E    -3  -3  -3  -1  -6   0   8  -5  -3  -6  -6  -2  -5  -6  -4  -3  -3  -6  -5  -5    0   0   0   0   0   0 100   0   0   0   0   0   0   0   0   0   0   0   0   0  2.03 0.48
  156 Q    -2  -3  -3  -3   5   3  -3  -4   2  -3  -3  -3  -1  -1  -4   2  -2  -1   7  -2    1   0   0   1  14  15   0   0   5   0   0   0   2   0   0  17   0   0  43   1  0.93 0.30
  157 M    -2  -1  -2  -1  -3  -1  -2  -3  -3  -2   0  -2   6  -3  -3   0   5  -4  -3  -1    0   2   0   3   0   3   1   0   0   0   6   0  24   0   0   4  53   0   0   3  0.80 0.30
  158 A     4  -1  -2   1  -3   0   2  -1  -2  -3  -3   3  -3  -4  -1   1  -1  -4  -3  -2   44   1   0   6   0   1  14   2   0   0   0  20   0   0   1   8   0   0   0   0  0.46 0.20
  159 D    -1   0   2   6  -4   1   2  -2  -1  -4  -5   0  -4  -5  -3   0  -1  -5  -4  -4    6   4   7  54   0   7   9   1   1   0   0   5   0   0   0   4   2   0   0   0  0.83 0.23
  160 G    -2  -5  -3  -3  -5  -4  -3   7  -3  -6  -6  -4  -5  -6  -5  -3  -4  -5  -5  -6    0   0   0   0   0   0   2  97   0   0   0   0   0   0   0   0   0   0   0   0  2.01 0.41
  161 M    -3  -4  -5  -6  -3  -3  -5  -5  -4   1   4  -4   8  -1  -4  -4  -3  -4  -3   0    0   0   0   0   0   0   0   0   0   4  41   0  52   1   0   0   0   0   0   2  1.34 0.36
  162 H    -3   1   0  -2  -5   3   3  -4   8  -5  -4   1  -2  -4  -4  -2  -3  -4  -1  -3    0   7   2   0   0  16  17   0  44   0   0   9   1   0   0   0   0   0   0   2  1.07 0.30
  163 V    -2  -5  -5  -5  -3  -4  -5  -5  -5   5  -1  -4  -1  -2  -4  -4  -2  -5  -3   6    1   0   0   0   0   0   0   0   0  36   1   0   0   0   0   0   0   0   0  61  1.15 0.31
  164 H    -4  -4  -4  -5  -3  -4  -4  -5   4  -3  -2  -4   0   6  -5  -3  -4   5   7  -3    0   0   0   0   0   0   0   0  12   0   2   0   2  37   0   2   0   7  38   0  1.37 0.33
  165 H    -3  -1   0   5  -5   0   3  -3   6  -5  -5   0  -4  -5  -2  -2  -2  -5  -2  -5    0   3   2  41   0   2  21   0  27   0   0   3   0   0   1   0   1   0   0   0  1.06 0.29
  166 D    -4  -3   7   6  -5  -2  -1  -3  -2  -6  -6  -3  -5  -6  -4  -2  -3  -6  -5  -5    0   0  55  45   0   0   0   0   0   0   0   0   0   0   0   0   0   0   0   0  1.62 0.39
  167 D    -3  -2   0   6  -5  -2   0   0  -1  -5  -5  -1  -4  -5   4  -2  -2  -5  -3  -4    1   2   3  50   0   1   3   7   2   0   0   3   0   0  26   0   2   0   1   0  1.01 0.26
  168 V     0  -4  -5  -5  -3  -4  -4  -5  -5   1   1  -4  -1   1  -4  -3  -2  -4  -2   6    9   0   0   0   0   0   0   0   0   3   9   0   0   7   0   0   0   0   0  71  0.90 0.28
  169 D    -3  -4   0   7  -6  -3  -1   3  -3  -6  -6  -3  -5  -6  -4  -2  -3  -6  -5  -6    0   0   1  79   0   0   0  20   0   0   0   0   0   0   0   0   0   0   0   0  1.66 0.38
  170 V    -1  -5  -5  -5  -3  -4  -4  -5  -5   2  -1  -4  -1  -3  -4  -3   0  -5  -3   6    3   0   0   0   0   0   0   0   0   9   0   0   0   0   0   0   6   0   0  82  1.20 0.34
  171 L    -4  -4  -6  -6  -3  -4  -5  -6  -5   0   6  -5   2  -2  -5  -5  -3  -4  -3  -1    0   0   0   0   0   0   0   0   0   0  96   0   4   0   0   0   0   0   0   0  1.44 0.36
  172 T     3  -3  -3  -3  -3  -3  -3  -3  -4  -3  -3  -3  -3  -4  -3  -1   7  -5  -4  -2   26   0   0   0   0   0   0   0   0   0   0   0   0   0   0   0  74   0   0   0  1.28 0.38
  173 N    -4  -3   9  -1  -5  -3  -3  -3  -2  -6  -6  -3  -5  -6  -5  -2  -3  -7  -5  -6    0   0 100   0   0   0   0   0   0   0   0   0   0   0   0   0   0   0   0   0  2.34 0.51
  174 Q    -1  -1   3  -2  -5   7   2  -3  -1  -5  -5  -1  -3  -5  -3   0  -2  -5  -4  -4    3   0  17   0   0  62  10   0   1   0   0   0   0   0   0   7   0   0   0   0  1.20 0.36
  175 P    -4  -5  -5  -4  -6  -4  -4  -5  -5  -6  -6  -4  -5  -7   9  -4  -4  -7  -6  -5    0   0   0   0   0   0   0   0   0   0   0   0   0   0 100   0   0   0   0   0  3.03 0.53
  176 T    -1  -3   0   2  -4  -2   1   4  -3  -4  -4  -2  -4  -5   3  -1   1  -4  -4  -4    2   0   3  16   0   0  10  39   0   0   0   0   0   0  16   3  12   0   0   0  0.65 0.19
  177 F    -4  -5  -5  -6  -5  -5  -5  -6  -3  -2   0  -5  -2   8  -6  -5  -4  -1   5  -3    0   0   0   0   0   0   0   0   0   0   5   0   0  77   0   0   0   0  18   0  1.90 0.41
  178 D     2  -1   0   2  -3  -1   0   3  -2  -4  -4  -1  -2  -4   4   0  -1   0  -3  -3   21   2   5  13   0   2   6  22   0   0   0   2   1   0  21   2   1   2   0   0  0.47 0.15
  179 F    -3  -5  -5  -6  -5   1  -4  -5  -4  -3  -3  -5   0   1  -6  -5  -4  12   3  -3    2   0   0   0   0   7   0   0   0   1   1   0   3   5   0   0   1  70   8   2  2.68 0.48
  180 H    -4  -2  -2  -3  -6   4  -2  -5  10  -6  -5  -3  -4  -4  -4  -3  -4  -5  -1  -5    0   0   0   0   0  21   0   0  78   0   0   0   0   0   0   0   0   0   0   0  2.32 0.49
  181 M     0   2  -2  -3   1   1  -1  -3   3   0   1   1   5  -2  -3  -2  -1  -3   0  -1    8  15   0   0   3   6   1   0  10   3  14  10  23   0   0   0   1   0   2   2  0.29 0.16
  182 E    -2  -2  -1   0  -5   2   6  -4  -1  -4  -4  -1  -2   2  -3  -2   1  -4  -3  -3    2   0   1   2   0  10  61   0   1   0   0   1   1  10   0   0  10   0   0   1  0.89 0.29
  183 N    -3  -3   8  -1  -5   0  -3  -2   2  -6  -5  -2  -1  -5  -4  -2  -2  -6  -4  -5    1   0  87   0   0   4   0   1   4   0   0   0   1   0   0   0   0   0   0   0  1.84 0.44
  184 L    -3  -4  -5  -6  -3  -4  -5  -6  -5   1   6  -4   2  -1  -5  -4  -3  -4  -3   1    0   0   0   0   0   0   0   0   0   3  86   0   4   0   0   0   0   0   0   7  1.18 0.31
  185 R    -3   7   3  -1  -2  -1  -2  -2  -2  -3  -4   1  -2  -5  -4  -2  -3  -5  -4  -4    1  69  16   2   1   0   0   3   0   2   0   4   1   0   0   1   0   0   0   1  1.19 0.33
  186 N    -3  -3   8  -1  -5  -2  -2  -2  -2  -5  -6  -2  -4  -5  -4   1   0  -6  -4  -5    0   0  83   0   0   0   2   1   0   0   0   0   0   0   0   9   5   0   0   0  1.71 0.42
  187 Y    -5  -5  -5  -6  -5  -4  -5  -6  -1  -4  -4  -5  -4   2  -6  -5  -4   0  10  -4    0   0   0   0   0   0   0   0   0   0   0   0   0   3   0   0   0   0  97   0  2.66 0.54
  188 M    -1  -3  -2  -5  -3  -3  -4  -5  -4   2   3  -3   7  -2  -4  -3   0  -3  -2   1    4   1   2   0   0   0   0   0   0  14  35   0  35   0   0   0   5   0   1   4  0.75 0.25
  189 C    -1  -2   6  -1   1  -1  -2   2   4  -4  -4  -2   0  -4  -3   0   1  -4  -1  -3    3   0  46   2   3   1   0  13  11   0   0   0   3   0   0   6  10   0   1   1  0.68 0.23
  190 V     0  -3  -3  -4   3  -3  -4  -4  -4   0   4  -3   0  -2  -4  -2   0  -3  -3   2    9   0   0   1   6   0   0   0   0   1  55   0   1   0   0   1   8   0   0  18  0.54 0.20
  191 S     0  -2   1   1  -3  -1  -1  -1  -2  -3  -3  -1  -2   1  -3   4   3  -4  -2  -2    5   0   6   8   0   1   3   3   0   0   0   1   0   9   0  42  21   0   0   1  0.45 0.20
  192 N    -1  -2   2   0  -2  -2  -1   0  -3  -4  -4  -2  -4  -5   6   2  -1  -5  -4  -3    3   1  11   5   1   0   3   5   0   0   0   0   0   0  48  19   2   0   0   1  1.04 0.25
  193 E     0   1   1   3  -3   2   3  -1   1  -3  -3   2  -2  -4   0   0  -1  -4  -3  -2    9   6   6  18   0   9  20   3   4   0   2  12   0   0   3   4   1   0   0   2  0.32 0.11
  194 M    -1  -1  -1   2  -3   2   0  -3   1  -1  -1  -2   4   3  -3  -2  -1   3   0   0    3   1   3  13   0  13   6   0   4   1   3   0  17  16   1   1   3   5   2   9  0.24 0.15
  195 A     1  -3  -4  -3  -5  -2  -2  -3  -1  -3  -4  -3  -4  -5   8  -3  -1  -6  -5  -1   10   1   0   0   0   1   1   2   1   1   0   0   0   0  75   0   3   0   0   4  1.86 0.38
  196 E     2  -1  -1   0  -3   2   3   0   0  -3  -3   2  -3  -4   1   0   0  -4  -3  -2   18   1   0   3   0   8  27   8   3   0   0  16   0   0   7   3   6   0   0   1  0.34 0.14
  197 P     0  -2   3   1  -4  -1   2  -2  -1  -4  -4   0  -3  -4   4   1   1  -4  -3  -2    7   0  18   6   0   1  20   2   1   0   0   6   0   0  22   7   9   0   0   1  0.51 0.16
  198 T     1  -1  -1  -3  -2   0  -1  -2   0   1  -1  -1  -1  -2  -2   0   2  -4  -2   3   16   3   1   0   0   5   4   2   3   3   4   1   0   0   0   4  16   0   0  37  0.24 0.14
  199 S     0  -1   0  -1  -2   0  -1  -2   0  -1  -2   2   0   2  -1   1   3  -3  -1   0    5   2   4   3   0   2   3   1   3   0   0  17   2  14   2  11  23   0   0   9  0.17 0.11
  200 W    -1  -5  -5  -6  -3  -4  -5  -4  -5  -2   0  -5  -1  -1  -5   0  -4  11  -1  -3    5   0   0   0   0   0   0   1   0   2  11   0   1   1   0   8   0  69   0   1  2.47 0.46
  201 G    -1   2   2   2  -4  -1   0   4  -2  -4  -4   0  -3  -4  -1   0  -1  -4  -4  -4    1  17   9  15   0   1   3  39   0   0   0   4   0   0   2   3   3   0   0   0  0.54 0.17
  202 K     0   3   2   1  -3   1   1   1  -1  -3  -3   3  -2  -4  -2   0   0  -4  -3  -3    6  17   9   8   0   4   9  10   0   0   0  26   0   0   0   4   4   0   0   1  0.34 0.12
  203 A     4  -2  -2  -1  -2   2   0  -2   0  -1   0  -2  -1  -3  -2   0  -1  -3  -2   0   52   1   0   2   0  12   5   1   2   3  10   0   1   0   0   2   2   0   1   5  0.37 0.18
  204 S     0   0   0   1  -3   1   4  -2   3  -3  -3   2  -2  -4   1   0   1  -4  -2  -2    5   5   2   7   0   4  31   1   8   0   0  12   0   0   6   5  12   0   0   2  0.37 0.14
  205 L    -3  -4  -5  -5  -3  -3  -4  -5  -4   1   5  -4   4   0  -4  -4  -3  -3  -2   0    0   0   0   0   0   0   0   0   0   6  74   0  11   2   0   0   0   0   0   5  0.96 0.26
  206 T     2   0   0  -1  -2   1  -1  -2  -1  -1  -2   2  -1  -3  -1   1   3  -3  -3   0   17   4   5   1   0   6   2   1   1   2   1  14   1   0   1  12  27   0   0   6  0.26 0.13
  207 A     3  -3  -3  -3  -3  -3  -2  -2  -4  -4  -4  -3  -2  -1   7  -1   0  -5  -4  -3   32   1   0   0   0   0   1   1   0   0   0   0   1   3  54   1   6   0   0   1  1.30 0.30
  208 W    -4  -4  -2  -5  -4  -1  -4  -5  -2  -2   0  -4   0   6  -5  -4  -3   6   6  -3    0   0   2   0   0   4   0   0   0   0   6   0   2  45   0   0   0  11  28   0  1.25 0.30
  209 G    -2  -4  -2  -3  -4  -2  -4   7  -4  -5  -5  -3  -4  -5  -4   1  -3  -4  -5  -5    0   0   0   0   0   2   0  83   0   0   0   0   0   0   0  13   0   0   0   0  1.54 0.34
  210 A     1   2  -1  -1  -2  -2  -2  -2  -2  -1  -3  -1  -2  -3  -2   4   1  -4  -3   1   12  13   0   2   0   0   0   1   0   3   0   0   1   0   0  48   6   0   0  11  0.46 0.21
  211 G    -1  -4  -2  -3  -4  -4  -4   7  -4  -6  -5  -4  -5  -5  -4  -2  -4  -4  -5  -5    2   0   0   1   0   0   0  94   0   0   0   0   0   0   0   1   0   0   0   0  1.88 0.38
  212 V     2  -2  -1  -2  -2  -2  -2   0  -3  -2  -1  -2   4  -3   0   3   1  -4  -3   0   20   0   2   0   0   0   1   7   0   0   3   0  17   0   3  30  11   0   0   5  0.34 0.17
  213 G    -1  -3  -1  -3  -1  -2  -3   5   2  -3   1  -3   1  -3  -3   1  -2  -4  -3  -3    1   0   1   0   1   1   0  53   6   0  16   0   5   1   0  12   1   0   0   0  0.64 0.20
  214 M     1  -3  -3  -4  -3   0  -3  -2  -3  -1   0  -3   8  -2  -4   0  -2  -4  -3   0   13   0   0   0   0   4   0   2   0   1   4   0  60   0   0   9   0   0   0   4  1.05 0.33
  215 H    -3   6  -2  -3  -3   1  -1  -4   3  -1   1   0   1  -2  -3  -2  -2  -4  -2  -1    1  49   0   0   0   8   1   0   8   3  18   0   5   1   1   0   1   0   1   3  0.63 0.22
  216 G    -1  -4  -3  -3  -5  -4  -4   7  -4  -6  -6  -4  -5  -5  -4  -2  -4  -5  -5  -5    1   0   0   0   0   0   0  96   0   0   0   0   0   0   0   0   0   0   0   0  1.94 0.39
  217 I    -3  -4  -5  -5  -3  -4  -5  -5  -5   5   4  -4   3  -1  -5  -4  -2  -4  -3   1    0   0   0   0   0   0   0   0   0  36  54   0   7   1   0   0   0   0   0   2  0.92 0.26
  218 P    -4  -3  -5  -4  -6  -4  -4  -5  -5  -6  -6  -4  -5  -7   9  -4  -4  -7  -6  -5    0   1   0   0   0   0   0   0   0   0   0   0   0   0  99   0   0   0   0   0  2.94 0.52
  219 G    -2  -5  -3  -4  -5  -4  -5   7  -4  -6  -6  -4  -5  -6  -5  -3  -4  -5  -6  -6    0   0   0   0   0   0   0 100   0   0   0   0   0   0   0   0   0   0   0   0  2.14 0.43
  220 D    -4  -4  -1   8  -6  -3  -1   0  -4  -6  -6  -3  -6  -6  -4  -2  -3  -7  -6  -6    0   0   0  92   0   0   1   7   0   0   0   0   0   0   0   1   0   0   0   0  1.96 0.43
  221 V    -2  -4  -3  -4   2  -3  -4  -3   0  -2   1  -3  -2   1   1   0  -2   1   7  -1    2   0   0   0   5   0   0   1   1   0  13   0   0   4   7  10   1   2  50   4  0.83 0.27
  222 S    -2  -3  -1  -2   0  -3  -3  -1  -1  -1  -3  -3  -3   0  -4   4   0  -1   7  -3    0   0   2   1   2   0   0   4   0   4   1   0   0   0   0  34   3   0  47   0  0.93 0.31
  223 S     0  -3  -2  -2  -3  -2  -2   1  -3  -4  -5  -2  -4  -5   2   6   0  -5  -4  -4    5   0   0   0   0   0   0   8   0   0   0   0   0   0  11  74   3   0   0   0  1.04 0.34
  224 P     1  -3  -3  -3  -4   1  -2  -3  -4  -2  -4  -3   0  -5   7  -1   2  -5  -4  -2   14   0   0   0   0   7   2   0   0   3   0   0   3   0  56   2  13   0   0   1  1.25 0.30
  225 S     1  -3  -2   1  -3  -2  -2  -2  -3  -5  -5  -2  -4  -5  -3   6  -1  -5  -4  -4   10   0   0   7   0   0   0   0   0   0   0   0   0   0   0  83   0   0   0   0  1.24 0.38
  226 R    -4   8  -3  -4  -6  -1  -3  -5  -3  -6  -5   0  -4  -6  -5  -3  -4  -5  -4  -5    0 100   0   0   0   0   0   0   0   0   0   0   0   0   0   0   0   0   0   0  2.23 0.49
  227 F    -5  -5  -6  -6  -5  -6  -6  -6  -4  -3  -1  -6  -2   9  -6  -5  -5  -2   1  -3    0   0   0   0   0   0   0   0   0   0   1   0   1  98   0   0   0   0   0   0  2.42 0.49
  228 V     0  -5  -5  -5  -3  -4  -4  -5  -5   2  -1  -4  -1  -3  -4  -3  -1  -5  -3   6    7   0   0   0   0   0   0   0   0   8   2   0   0   0   0   0   1   0   0  82  1.19 0.34
  229 R    -3   7  -3  -4  -2  -1  -2  -4  -3  -5  -5   4  -4  -5  -4  -3  -3  -5  -4  -5    0  74   0   0   1   0   0   0   0   0   0  25   0   0   0   0   0   0   0   0  1.61 0.39
  230 V     4  -4  -4  -4  -2  -3  -3  -3  -4   0  -1  -3  -2  -3  -3  -2  -1  -5  -3   4   51   0   0   0   0   0   1   0   0   3   1   0   0   0   0   0   1   0   0  42  0.80 0.28
  231 A     7  -4  -4  -4  -3  -3  -3  -2  -4  -4  -4  -3  -3  -5  -3   0  -2  -5  -4  -2   97   0   0   0   0   0   0   0   0   0   0   0   0   0   0   2   0   0   0   0  1.52 0.41
  232 Y    -4  -4  -5  -6  -5  -4  -5  -6  -1  -2  -1  -5  -3   6  -6  -4  -4   0   8  -3    0   0   0   0   0   0   0   0   0   2   3   0   0  31   0   0   0   0  64   0  1.88 0.41
  233 T    -1  -3  -2  -4  -2  -3  -3  -4   0   0   4  -3   0   0  -4  -2   2  -3  -1   3    4   0   1   0   0   0   0   0   3   0  47   0   0   2   0   0  15   0   2  24  0.48 0.19
  234 N    -4   1   8  -1  -5  -2  -2  -3   1  -6  -6   1  -4  -5  -4  -2  -2  -6  -4  -5    0   6  83   0   0   0   0   0   3   0   0   8   0   0   0   0   0   0   0   0  1.73 0.42
  235 A     4  -3  -1  -3  -2  -2  -2  -2  -3  -2  -1  -1   1  -3  -3   1   3  -4  -3  -1   50   0   2   0   0   0   1   1   0   0   5   2   5   0   0   8  23   0   0   2  0.54 0.22
  236 H    -4  -2   5  -3  -5  -2  -3  -4   9  -5  -4  -3  -4  -1  -5  -2  -3  -5  -1  -5    0   1  30   0   0   0   0   0  62   0   2   0   0   3   0   2   0   0   0   0  1.82 0.42
  237 Y     0  -4  -4  -5  -5  -4  -4  -5   2  -4  -4  -4  -4   0  -5   0  -4  -1   9  -4    7   0   0   0   0   0   0   0   5   0   0   0   0   0   0   6   0   0  82   0  1.97 0.45
  238 P    -3  -4  -5  -4  -5  -4  -4  -5  -5  -1  -3  -3  -4  -2   8  -3  -3  -6  -5  -1    1   1   0   0   0   0   0   0   0   3   1   1   0   2  86   0   0   0   0   5  2.28 0.44
  239 Q     1  -2  -1   1  -2   2   0  -2  -2  -1  -2  -1  -1  -3  -1   1   2  -4  -3   2   12   0   1   7   0  13   5   1   0   1   1   1   1   0   2  13  20   0   0  23  0.24 0.14
  240 Q    -1   0  -2  -2  -4   5   1   1  -2  -4  -4   5  -2  -5  -2  -2  -2  -4  -3  -1    3   2   0   1   0  31   5  11   0   0   0  41   0   0   1   1   0   0   0   5  0.71 0.25
  241 N     0  -1   1   3  -2   0   3  -2  -2  -4  -4   0  -3  -4  -1   2   1  -4  -3  -3    8   2   4  20   1   2  23   2   0   0   0   5   0   0   1  22  11   0   0   0  0.44 0.16
  242 D    -1  -3   1   1  -3  -2  -2   4  -3  -4  -4  -2  -3  -4  -3   3   3  -4  -4  -3    0   0   5   9   0   0   1  36   0   0   0   0   0   0   0  22  27   0   0   0  0.68 0.23
  243 E    -3  -3  -3   0  -6   0   7  -5  -3  -6  -6  -2  -5  -6  -4  -3  -3  -6  -5  -5    0   0   0   1   0   0  99   0   0   0   0   0   0   0   0   0   0   0   0   0  1.97 0.47
  244 A     2   1   0   1  -3   1   3  -2  -1  -3  -2   2  -2  -4  -2   0   0  -3  -3  -2   20   8   4   5   0   3  31   1   1   0   2  13   1   0   1   4   7   0   0   1  0.34 0.14
  245 A     3  -2  -2   3  -4   0   5  -2  -1  -4  -4  -1  -3  -5  -3   0  -2  -5  -4  -3   31   0   0  15   0   1  43   1   1   0   0   2   0   0   0   4   1   0   0   0  0.71 0.24
  246 N    -3  -3   8  -1  -5  -2  -3  -2  -2  -6  -6  -3  -5  -5  -4   2  -2  -6  -5  -5    1   0  85   0   0   0   0   2   0   0   0   0   0   0   0  13   0   0   0   0  1.79 0.43
  247 V    -2  -5  -5  -5  -3  -4  -5  -5  -5   2  -1  -4   0  -3  -5  -4  -2  -5  -3   7    0   0   0   0   0   0   0   0   0   8   0   1   2   0   0   0   0   0   0  89  1.42 0.38
  248 S     2  -3   0  -2  -2  -2  -2  -2  -3  -1  -2  -2  -1  -4  -3   5   2  -4  -3  -1   19   0   3   0   0   0   0   1   0   4   2   0   1   0   0  55  12   0   0   3  0.63 0.25
  249 R    -4   7  -3  -4  -6   3  -2  -4  -2  -5  -5   2  -3  -5  -4  -3  -3  -5  -4  -5    0  79   0   0   0  13   0   0   0   0   0   8   0   0   0   0   0   0   0   0  1.64 0.39
  250 L     0  -4  -5  -5  -3  -3  -4  -4  -4   0   4  -4   4   4  -4  -3  -3  -3  -1  -1   10   0   0   0   0   0   0   0   0   0  55   0  14  19   0   0   0   0   0   2  0.77 0.25
  251 F    -5  -5  -6  -6  -5  -6  -6  -6  -4  -3  -1  -6  -2   9  -6  -5  -5  -2   1  -3    0   0   0   0   0   0   0   0   0   0   3   0   0  97   0   0   0   0   0   0  2.36 0.48
  252 H    -4   3   2  -3  -5  -1  -2  -4   9  -6  -5   0  -4  -4  -4  -3  -4  -5  -1  -5    0  20   9   0   0   0   0   0  64   0   0   6   0   0   0   0   0   0   0   0  1.76 0.41
  253 T    -2  -4  -3  -3  -3  -3  -2  -4  -4   3  -2  -3  -1  -4  -3   0   6  -5  -4  -1    0   0   0   0   0   0   2   0   0  21   1   0   1   0   0   3  72   0   0   0  1.16 0.36
  254 L    -4  -4  -6  -6  -3  -4  -5  -6  -5   0   6  -5   0  -2  -5  -5  -3  -4  -3  -1    0   0   0   0   0   0   0   0   0   0 100   0   0   0   0   0   0   0   0   0  1.52 0.38
  255 G     1  -2   0  -2  -2   2   0   4  -2  -4  -3   0  -2  -4  -3   1   1   0  -3  -3   11   0   2   0   0  12   5  38   0   0   1   7   1   0   0   9  12   1   0   0  0.46 0.16
  256 S     1  -2   1  -1  -3   2  -2   4  -2  -4  -4  -2  -2  -4  -3   3  -1  -4  -4  -3   10   0   8   1   0  11   0  35   0   0   0   0   1   0   0  34   1   0   0   0  0.63 0.22
  257 V     0  -5  -5  -5  -1  -4  -4  -5  -5   1  -1  -4  -1  -3  -4  -2  -2  -5  -3   7    8   0   0   0   1   0   0   0   0   1   0   0   0   0   0   2   0   0   0  89  1.31 0.37
  258 Q     5  -3  -2   1  -3   0   0  -1  -3  -3  -4  -2  -3  -3  -3   2  -2  -4  -3  -2   64   0   0   8   0   5   4   1   0   0   0   0   0   1   0  16   0   0   0   0  0.74 0.27
  259 M    -3  -3  -4  -5  -4   3  -3  -5  -4   0  -1  -3   9  -1  -5  -4  -3  -4  -3   1    0   0   0   0   0  14   0   0   0   4   0   0  69   3   0   0   0   0   0  10  1.56 0.43
  260 V    -1  -3  -4  -4  -1   2  -3  -4  -4   4  -1  -3  -1  -2   2  -2  -1  -4  -3   4    3   0   0   0   1  13   0   0   0  33   0   0   0   0  13   1   2   0   0  33  0.57 0.22
  261 D    -3   2  -1   5  -5  -1   3  -3  -2  -4  -3   2  -2  -4  -3  -2  -3  -4   0  -4    0  13   0  43   0   0  23   0   0   1   3  11   1   0   0   0   0   0   4   0  0.77 0.24
  262 G    -2  -5  -3  -4  -5  -4  -5   7  -4  -6  -6  -4  -5  -6  -5  -3  -4  -5  -6  -6    0   0   0   0   0   0   0 100   0   0   0   0   0   0   0   0   0   0   0   0  2.14 0.43
  263 M     3  -3  -2  -3   6  -2  -3   1  -2  -2  -2  -3   1  -3  -3   2   0  -4  -1  -1   36   0   0   0  20   0   0   8   1   2   2   0   5   0   0  17   5   0   2   2  0.53 0.20
  264 A     5  -3  -3  -4   5  -3  -3  -2  -1  -2  -3  -2  -3  -4  -3   1  -2  -4  -3   1   63   0   0   0  15   0   0   1   2   1   0   2   0   0   0   6   0   0   0  10  0.84 0.28
  265 K     2   3  -1  -1  -2   1   2  -2  -1   0  -1   2  -1  -3  -2  -1  -1  -4  -2   0   25  17   2   1   1   7  14   0   1   5   4  13   1   1   0   0   1   0   0   8  0.23 0.12
  266 M    -2  -3   1  -4  -4  -1  -3  -4  -4  -1   0  -3   9  -3  -4  -1  -1  -4  -3   2    1   0   9   0   0   3   0   0   0   0   2   0  64   0   0   4   3   0   0  13  1.25 0.38
  267 G     3  -2   0   0  -2  -1   1   2  -1  -3  -2  -1  -2  -3   0   1   1  -4  -2  -2   37   1   3   4   0   1  12  18   2   0   2   1   0   0   3   5   9   0   1   1  0.32 0.14
  268 D    -2  -2   3   6  -4   0   1  -2   0  -5  -5  -1  -4  -5  -3   1   0  -5  -4  -4    1   0  16  49   0   3   7   2   2   0   0   1   0   0   0  14   4   0   0   0  0.85 0.24
  269 G    -2  -5  -1  -2  -5  -4  -4   7  -4  -6  -6  -4  -5  -6  -4  -2  -3  -5  -5  -5    0   0   2   1   0   0   0  96   0   0   0   0   0   0   0   0   1   0   0   0  1.95 0.40
  270 Q     1   0   0   2  -3   2   2  -2   0  -3  -3   3  -2  -3  -2   1  -1  -4  -3  -3   16   3   4  13   0  10  15   0   1   0   0  24   1   1   0  10   2   0   0   0  0.36 0.14
  271 F    -2  -3  -3  -1   1  -4  -3  -5  -1  -2  -2  -3  -2   6  -4  -2  -3   1   6  -2    3   1   1   4   3   0   0   0   0   1   1   1   0  46   0   3   0   1  33   1  1.11 0.30
  272 E    -3  -3  -3  -1  -6   0   8  -5  -3  -6  -6  -2  -5  -6  -4  -3  -3  -6  -5  -5    0   0   0   0   0   0 100   0   0   0   0   0   0   0   0   0   0   0   0   0  2.03 0.48
  273 R    -3   2  -3  -3  -3  -1  -2  -4  -1   2  -1   4  -2   0  -3  -2  -1  -2   4  -1    0  13   0   0   0   0   0   0   0  20   3  39   0   2   0   0   2   0  19   1  0.57 0.23
  274 T    -3  -4  -3  -4  -3  -3  -3  -4  -4  -3  -4  -3  -3  -5  -4  -1   8  -5  -4  -3    0   0   0   0   0   0   0   0   0   0   0   0   0   0   0   1  99   0   0   0  1.89 0.48
  275 L    -2  -4  -5  -5  -3  -4  -4  -5  -4   5   3  -4   1   0  -4  -3  -1  -4  -3   3    0   0   0   0   0   0   0   0   0  40  27   0   2   2   0   0   3   0   0  25  0.73 0.21
  276 F    -5  -5  -5  -6  -5  -4  -5  -6  -1  -4  -3  -5  -3   4  -6  -4  -4   0   9  -4    0   0   0   0   0   0   0   0   0   0   0   0   0  13   0   0   0   0  87   0  2.42 0.50
  277 T    -2  -4  -2  -3  -3  -3  -3  -4  -4  -3  -4  -3  -3  -5  -3   2   7  -5  -4  -3    0   0   0   0   0   0   0   0   0   0   0   0   0   0   0  10  90   0   0   0  1.64 0.44
  278 S     0  -3  -2   0  -1  -3  -3   5  -3  -5  -5  -3  -4  -5  -3   4  -2  -5  -4  -4    4   0   0   5   1   0   0  45   0   0   0   0   0   0   0  44   0   0   0   0  0.97 0.29
  279 G    -2  -5  -4  -5   9  -4  -5   5  -5  -4   0  -4  -3  -4  -5  -3  -3  -5  -5  -3    1   0   0   0  46   0   0  43   0   0  10   0   0   0   0   0   0   0   0   0  1.55 0.36
  280 Y    -4  -5  -5  -6   5  -4  -5  -5  -2  -2  -2  -5  -1   6  -5  -4  -4  -1   7  -1    0   0   0   0  12   0   0   0   0   1   1   0   1  43   0   0   0   0  39   3  1.47 0.35
  281 S    -1  -3   2  -1  -3  -2  -2  -3  -3  -5  -5  -2  -4  -5  -3   6  -1  -5  -2  -4    1   0  11   1   0   0   0   0   0   0   0   0   0   0   0  85   0   0   1   0  1.34 0.40
  282 S     4  -3  -2  -2   0   0  -2   0  -3  -3  -3  -2  -2  -4  -2   3   3  -4  -3  -1   45   0   0   1   1   5   0   4   0   0   1   0   0   0   0  20  18   0   0   3  0.53 0.22
  283 K     4   3   0   0  -3  -1  -1  -2  -2  -3  -3   1  -2  -4  -3   0   0  -3  -3  -2   44  22   3   5   0   0   2   1   0   0   1  10   0   0   0   4   4   0   0   1  0.44 0.19
  284 T    -1  -1  -2  -3  -3  -2  -1  -3  -3  -3  -4   1  -3  -4  -3   2   6  -5  -4  -2    2   2   0   0   0   0   3   0   0   0   0  10   0   0   0  11  73   0   0   0  1.11 0.35
  285 N    -1   1   3  -2  -1   1  -1   3  -1  -3  -1   3   1  -4  -3   0  -1  -4  -3  -3    1   7  15   0   1   6   1  25   1   0   6  27   5   0   0   3   3   0   0   0  0.36 0.16
  286 T    -1  -1  -2  -3  -2  -3  -3  -4  -3   2  -3  -3  -2  -4  -3   0   7  -5  -4  -2    3   2   1   0   0   0   0   0   0  12   0   0   0   0   0   3  78   0   0   0  1.20 0.37
  287 Y    -5  -5  -5  -6  -5  -4  -5  -6  -1  -4  -3  -5  -4   0  -6  -5  -4   0  10  -3    0   0   0   0   0   0   0   0   0   0   1   0   0   0   0   0   0   0  98   1  2.70 0.55
  288 Y    -5  -3  -5  -6  -4  -4  -5  -6  -1  -4  -4  -5  -4   1  -6  -4  -4   0  10  -4    0   1   0   0   0   0   0   0   0   0   0   0   0   1   0   0   0   0  97   0  2.65 0.54
  289 M    -2  -4  -4  -5   0  -3  -4  -5   4  -3  -2  -3   1   2  -5  -4  -4   7   8  -3    3   0   0   0   3   0   0   0   9   0   2   1   5   5   0   0   0  19  54   0  1.55 0.36
  290 N     1  -1   6  -1  -1  -1  -2  -2   0  -4  -4  -1  -3  -4  -3   2   2  -5  -3  -4   11   3  53   0   2   1   0   0   1   0   0   2   0   0   0  15  12   0   0   0  0.85 0.27
  291 T    -1  -1  -2  -3  -1  -3  -3  -4  -4  -2  -2  -2  -2  -1  -3   0   7   0  -2  -2    3   3   0   0   1   0   0   0   0   1   2   2   0   3   0   2  79   1   1   0  1.13 0.36
  292 Y    -3  -4  -5  -2  -4  -4  -2  -6   0  -4  -4  -4  -4   1  -6  -4  -4   1   9  -4    2   0   0   2   0   0   3   0   1   0   0   0   0   2   0   0   0   1  89   0  2.24 0.49
  293 D    -3  -3   2   6  -5  -1   5  -2  -2  -5  -5  -1  -4  -5  -3  -1  -2  -5  -4  -5    0   0   7  44   0   0  42   2   0   0   0   1   0   0   0   1   1   0   0   0  1.15 0.30
  294 D    -3  -3   4   7  -5  -2   1  -3  -3  -5  -6  -2  -5  -6  -4  -1  -3  -6  -5  -5    0   0  24  67   0   1   5   0   0   0   0   0   0   0   0   3   0   0   0   0  1.47 0.35
  295 P    -1  -4  -4  -4  -5  -3  -3  -4   4  -4  -2  -3  -2   2   7  -1  -3  -4  -2  -2    4   0   0   0   0   0   1   0  10   0   3   0   1  10  64   3   0   0   1   3  1.52 0.34
  296 A     4  -1  -1  -2  -2   3   1  -2  -2  -3  -3  -2  -1  -4  -3   1   2  -4  -3  -2   49   1   3   0   0  15   7   1   0   1   0   0   2   0   0   6  14   0   0   1  0.52 0.22
  297 I    -3  -3  -5  -5  -3  -4  -5  -6  -5   7   1  -4   0  -2  -4  -4  -3  -4  -1   2    0   2   0   0   0   1   0   0   0  76   9   0   2   0   0   0   0   0   2   8  1.17 0.32
  298 R    -2   5  -1  -3  -4   2  -1  -3   3  -3  -3   3   0  -4  -3   0   0  -4  -1  -1    1  37   0   0   0   8   0   0  10   0   1  21   2   0   0   5   6   0   2   6  0.57 0.20
  299 S     3  -1  -1  -2   0  -1  -1  -1   1  -3  -3   1  -3  -3  -2   4   1  -4  -1  -3   29   2   1   0   2   2   0   3   4   0   0   9   0   1   0  39   5   0   3   0  0.45 0.20
  300 Y     1  -4  -4  -4   1  -3  -3  -4  -1   0  -1  -4  -1   1  -4  -2  -1   1   4   5   12   0   0   0   3   0   1   0   1   1   0   0   0   4   0   2   1   1  20  54  0.66 0.25
  301 A     3   0  -1   2   1   0  -1  -2  -1  -3  -3   0  -3  -4   3   2   0  -4  -3  -2   28   4   0  13   4   4   0   1   1   0   0   5   0   0  16  18   4   0   0   0  0.41 0.16
  302 M    -3  -4  -5  -5  -3  -3  -4  -5  -4   0   4  -4   7   2  -5  -4  -3  -3  -2   0    0   0   0   0   0   0   0   0   0   2  52   0  35   8   0   0   0   0   0   3  1.06 0.30
  303 A     3  -1   1   2  -2  -1   0   0   3  -3  -3   0  -2  -3  -2   2   1  -4  -2  -2   30   1   5  12   0   0   3   5  11   0   0   6   1   1   0  16   8   0   0   0  0.31 0.14
  304 D    -1   1   0   6  -5  -1   1  -2  -2  -5  -5   0  -3  -5  -3   0  -2  -6  -4  -4    6   8   2  63   0   1   6   1   0   0   0   3   0   0   0   7   0   0   0   0  1.02 0.28
  305 Y    -1  -3  -2  -2   4  -1   3  -4   4  -3  -2  -2  -2   3  -3  -2  -2  -1   5  -2    6   0   0   1  10   1  21   0  14   0   1   0   0  16   1   0   1   0  25   3  0.62 0.22
  306 D     0  -2   3   6  -4   0   1  -2  -2  -4  -4   0  -2  -5   0  -1  -1  -5  -4  -4    7   0  17  54   0   2   4   1   0   0   1   5   1   0   3   1   2   0   0   1  0.87 0.25
  307 M     0  -2  -2  -3  -2  -1  -2  -1  -3   1   4  -3   3  -2   0  -1   1  -2  -2   0   10   1   1   0   0   2   1   4   0   4  47   0   8   0   6   3   8   0   0   4  0.31 0.15
  308 D     0  -2   3   5  -4  -1   1   0   0  -4  -4  -1  -3  -4  -2   1   1  -5  -4  -3    7   0  13  44   0   1   7   6   2   0   0   2   0   0   1   9   8   0   0   2  0.62 0.20
  309 S     1  -3  -2  -2  -3  -3  -2   5  -3  -4  -4  -2  -4  -5  -1   3  -1  -4  -4  -4    7   0   0   1   0   0   1  54   0   0   1   1   0   0   2  31   2   0   0   0  0.92 0.26
  310 S     1  -1   1   2  -2   0   0   0  -2  -3  -3   0  -2  -4   0   2   3  -4  -3  -2   10   2   8  11   0   3   4   4   0   0   0   3   0   0   3  19  29   0   0   1  0.33 0.15
  311 E     0  -1   0   2  -4   1   5  -2   0  -4  -4   2  -3  -4  -3  -1   0  -4  -3  -3    9   1   3  13   0   5  43   1   2   0   0  15   0   0   0   2   4   0   0   1  0.59 0.20
  312 L    -2  -3  -5  -5  -3  -3  -4  -5  -4   2   5  -2   0  -2   1  -4  -3  -4  -3   1    1   1   0   0   0   0   0   0   0   8  71   3   0   0   9   0   0   0   0   7  0.82 0.25
  313 I    -2  -3  -2  -4  -3   1  -3  -4  -2   5   1  -2   0  -1  -4  -3  -1  -4  -2   4    1   0   2   0   0  11   0   0   1  40   6   2   1   2   0   0   3   0   1  30  0.54 0.20
  314 S    -1  -2  -2  -2  -2   2   2  -2  -2   1  -1  -1  -1  -2  -3   1   2  -4  -2   2    2   1   0   0   1  13  15   1   0   8   1   1   1   1   0  12  18   0   0  25  0.24 0.14
  315 V     1  -2  -4  -4  -2  -3  -3  -4  -4   2   0  -3   1   2  -3  -2   0  -3  -1   4   14   3   0   0   0   0   0   0   0   8   4   0   3  11   0   0   3   0   0  55  0.46 0.16
  316 A     3  -2  -1   0  -2  -1   2  -2  -2  -3  -3  -1  -2  -4   4   1   0  -4  -3  -2   35   0   0   5   0   0  16   0   0   0   0   1   0   0  23  14   6   0   0   0  0.52 0.12
  317 R    -1   3  -1   0  -4   3   4  -2  -1  -3  -3   3  -2  -4  -2  -1  -1  -3  -2  -3    0  14   0   0   0  15  36   0   0   0   0  35   0   0   0   0   0   0   0   0  0.56 0.06

                      K         Lambda
Standard Ungapped    0.1342     0.3186
Standard Gapped      0.0589     0.2670
PSI Ungapped         0.1923     0.3176
PSI Gapped           0.0589     0.2670
