
Last position-specific scoring matrix computed, weighted observed percentages rounded down, information per position, and relative weight of gapless real matches to pseudocounts
            A   R   N   D   C   Q   E   G   H   I   L   K   M   F   P   S   T   W   Y   V   A   R   N   D   C   Q   E   G   H   I   L   K   M   F   P   S   T   W   Y   V
    1 M    -2  -2  -3  -4  -2  -1  -3  -4  -2   1   1  -2   8  -1  -3  -2  -1  -2  -2   1    0   0   0   0   0   0   0   0   0   0   0   0  95   0   0   0   0   0   0   5  0.92 0.13
    2 S     2  -2   0   1  -1  -1   0  -1  -2  -2  -3  -1  -2  -3  -1   3   2  -3  -2  -2   29   0   2  10   0   0   1   0   0   0   0   0   0   0   1  43  13   0   0   0  0.38 0.07
    3 K    -1   0   3   3  -3   2   3  -2  -1  -3  -3   2  -1  -4  -2   0  -1  -4  -3  -2    2   0  19  15   0  10  25   1   0   0   0  21   2   0   0   1   2   0   0   1  0.41 0.06
    4 T    -1   0  -1  -1  -2   0   0  -2  -2  -2  -2   3  -1  -3  -2   2   4  -3  -2  -1    0   0   0   0   0   4   2   0   0   0   2  25   2   0   0  13  50   0   0   1  0.42 0.10
    5 I    -1  -1  -1  -1  -2   2   1  -3  -2   2   1   1   3  -2  -2  -1  -1  -3  -2   1    1   1   2   1   0  15  12   0   0  16   6   8  19   0   0   2   3   0   0  13  0.17 0.07
    6 Q    -1   1   3  -1  -3   2   1  -2  -1  -1  -2   3  -1  -3  -2   0   1  -4  -3   0    3   6  22   1   0   8   7   1   0   3   2  29   2   0   0   3   8   0   0   7  0.29 0.11
    7 A    -1  -2  -4  -5  -2  -3  -4  -4  -4   1   4  -3   6  -1  -4  -3  -2  -3  -3   0    4   2   0   0   1   0   0   0   0   4  54   0  30   0   0   0   0   0   0   4  0.83 0.24
    8 N    -3  -3   7  -1  -4  -2  -2  -3  -2  -4  -4  -2  -3  -4  -4  -1   5  -5  -4  -3    0   0  59   0   0   0   0   0   0   0   0   0   0   0   0   0  40   0   0   0  1.31 0.34
    9 N    -3  -3   1  -4  -3  -3  -4  -5  -4   3   4  -3   6  -1  -4  -3  -2  -3  -3   0    0   0   9   0   0   0   0   0   0  17  40   0  32   0   0   0   0   0   0   2  0.77 0.23
   10 I    -1  -4  -5  -5  -3  -4  -4  -5  -5   3   1  -4  -1  -2  -4  -3  -2  -5  -3   6    2   0   0   0   0   0   0   0   0  15   8   0   0   0   0   0   0   0   0  74  1.03 0.27
   11 E    -2  -1   1   0  -5   6   4  -1  -2  -5  -4   0  -3  -5  -3  -1  -2  -4  -4  -4    1   0   5   3   0  55  25   4   0   0   0   2   0   0   0   3   2   0   0   0  1.00 0.28
   12 A     6  -4  -4  -4  -2  -3  -3  -2  -4  -3  -4  -3  -3  -4  -3   0  -1  -5  -4  -2   96   0   0   0   0   0   0   0   0   0   0   0   0   0   0   2   1   0   0   0  1.37 0.35
   13 L    -3  -4  -5  -5  -3  -4  -5  -5  -5   6   2  -4   0  -2  -4  -4  -2  -4  -3   4    0   0   0   0   0   0   0   0   0  57  13   0   0   0   0   0   0   0   0  30  0.97 0.25
   14 G    -3   2   7  -1  -4  -1  -2  -2  -1  -5  -5  -1  -4  -5  -4  -1   1  -5  -4  -4    1  11  73   1   0   1   0   1   0   0   0   1   0   0   0   0  11   0   0   0  1.30 0.32
   15 N    -1  -1   2   3  -3   2   0  -3   2  -2   2  -1   1  -2  -3   0  -1  -4  -2  -2    3   1  13  22   0  14   3   0   7   0  24   1   4   0   0   7   0   0   1   0  0.28 0.13
   16 A     6  -3  -3  -3  -2  -3  -3   2  -4  -3  -3  -3  -3  -4  -3  -1   1  -4  -4  -2   79   0   0   0   0   0   0  13   0   0   0   0   0   0   0   0   7   0   0   0  1.01 0.29
   17 M    -3  -4  -5  -6  -3  -4  -5  -6  -4   1   6  -4   2  -1  -5  -4  -3  -3  -2  -1    0   0   0   0   0   0   0   0   0   3  90   0   5   1   0   0   0   0   0   0  1.19 0.29
   18 D     0   2  -1   4  -4   0   1  -2   2  -1  -2   1   0  -1  -3  -1  -1  -3   0  -2    7  16   0  34   0   2   5   0   5   4   2  10   4   2   0   1   1   0   5   1  0.35 0.13
   19 L    -2  -1   0  -1  -1   5   2  -2   0   1   0  -1  -1  -2  -3  -1   0  -3  -1   0    1   0   4   1   2  36  11   3   2  13  10   1   0   0   0   2   8   0   1   4  0.30 0.15
   20 A     0  -1  -2  -1  -5   1   6  -4  -2  -4  -4   2   1  -5  -3  -1  -2  -5  -4  -3    7   0   1   0   0   4  67   0   0   0   0  16   4   0   0   1   0   0   0   1  1.00 0.28
   21 L    -3  -4  -5  -6  -4  -3  -5  -5  -4  -1   3  -4   9  -2  -5  -4  -3  -4  -3  -1    0   0   0   0   0   0   0   0   0   0  24   0  76   0   0   0   0   0   0   0  1.76 0.40
   22 E     2   0   0   0  -4   2   5  -1  -1  -4  -4   2  -3  -4  -2   0  -1  -4  -3  -3   18   4   3   2   0   7  46   4   1   0   0  11   0   0   0   3   2   0   0   0  0.55 0.18
   23 R    -1   5   0   0  -4   1   2  -3  -1  -4  -2   3  -2  -4  -3  -1  -2  -4  -3  -3    4  41   3   4   0   2  14   0   0   0   4  25   0   0   0   1   0   0   0   0  0.63 0.18
   24 D    -4  -4   1   8  -6  -2  -1  -3  -1  -5  -6  -3  -5  -6  -4  -2  -3  -7  -5  -5    0   0   5  93   0   0   0   0   1   0   0   0   0   0   0   0   0   0   0   0  1.94 0.38
   25 P    -2   0   1   3  -4   0   2  -2  -1  -4  -4   3  -3  -4   4   0  -1  -5  -3  -4    1   1   5  20   0   3  15   2   1   0   0  24   0   0  21   7   1   0   0   0  0.59 0.16
   26 N    -1   4   3   2  -3   0  -1  -2  -1  -4  -4   1  -2  -4  -3   2   1  -4  -3  -3    2  29  16  14   0   1   1   0   0   0   0   6   0   0   0  19  10   0   0   0  0.48 0.16
   27 V    -2  -5  -5  -5  -3  -4  -5  -5  -5   3   0  -4   0  -2  -4  -4  -2  -5  -3   6    0   0   0   0   0   0   0   0   0  18   1   0   1   0   0   0   0   0   0  80  1.18 0.30
   28 V    -2  -4  -5  -5  -2  -4  -4  -5  -5   4   2  -4   2  -2  -4  -3  -2  -4  -3   5    0   0   0   0   0   0   0   0   0  27  13   0   5   0   0   0   0   0   0  55  0.84 0.22
   29 L    -2  -4  -4  -5   1  -4  -4  -5  -5   3   2  -4   0  -2  -4  -3  -1  -4  -3   5    1   0   0   0   3   0   0   0   0  15  18   0   1   0   0   1   2   0   0  58  0.72 0.21
   30 Y    -3  -4  -4  -5  -3  -3  -4  -5  -2   0   4  -4   4   3  -5  -4  -3   2   5  -1    0   0   0   0   0   0   0   0   0   3  43   0  13  15   0   0   0   2  24   0  0.78 0.21
   31 G    -2  -5  -3  -3  -5  -4  -4   7  -4  -6  -6  -4  -5  -5  -4  -2  -4  -5  -5  -5    0   0   0   0   0   0   0 100   0   0   0   0   0   0   0   0   0   0   0   0  2.03 0.37
   32 Q    -3  -2  -2  -1  -6   2   7  -4  -2  -6  -5  -1  -4  -6  -3  -2  -3  -5  -4  -5    0   0   0   0   0   5  95   0   0   0   0   0   0   0   0   0   0   0   0   0  1.77 0.39
   33 D    -4  -4  -1   8  -6  -3  -1  -4  -3  -6  -6  -3  -6  -6  -4  -3  -3  -7  -6  -6    0   0   0 100   0   0   0   0   0   0   0   0   0   0   0   0   0   0   0   0  2.18 0.41
   34 A     1  -4  -5  -5  -3  -4  -4  -4  -5   2  -1  -4  -1  -3  -4  -3  -1  -5  -3   6   10   0   0   0   0   0   0   0   0   8   0   0   0   0   0   1   1   0   0  81  1.05 0.29
   35 G    -1  -5  -2  -3  -5  -4  -4   7  -4  -6  -6  -4  -5  -5  -4  -2  -4  -5  -5  -5    1   0   0   0   0   0   0  99   0   0   0   0   0   0   0   0   0   0   0   0  2.00 0.36
   36 F    -1   1  -3  -3  -3  -1  -1  -4  -1   1   1   2  -1   2  -2  -2  -2  -3   1   3    1   9   0   0   0   1   4   0   1   4  10  18   0  12   1   0   0   0   4  34  0.22 0.12
   37 E    -2  -2   5   4  -5   0   5  -3  -2  -5  -4  -1  -4  -5  -3  -1  -2  -5  -4  -4    1   0  33  20   0   0  43   0   0   0   1   0   0   0   0   0   0   0   0   1  0.96 0.25
   38 G    -2  -5  -3  -3  -5  -4  -4   7  -4  -6  -6  -4  -5  -5  -4  -2  -4  -5  -5  -5    0   0   0   0   0   0   0 100   0   0   0   0   0   0   0   0   0   0   0   0  2.03 0.37
   39 G    -2  -5  -3  -3  -5  -4  -4   7  -4  -6  -6  -4  -5  -5  -4  -2  -4  -5  -5  -5    0   0   0   0   0   0   0 100   0   0   0   0   0   0   0   0   0   0   0   0  2.03 0.37
   40 V    -2  -5  -5  -5  -3  -4  -5  -5  -5   1  -1  -5  -1  -3  -5  -4  -2  -5  -3   7    0   0   0   0   0   0   0   0   0   0   0   0   0   0   0   0   0   0   0 100  1.55 0.37
   41 F    -5  -5  -6  -6  -5  -6  -6  -6  -4  -2  -2  -6  -2   9  -6  -5  -5  -1   1  -3    0   0   0   0   0   0   0   0   0   0   0   0   0 100   0   0   0   0   0   0  2.35 0.43
   42 R    -4   8  -3  -4  -6  -1  -2  -5  -3  -5  -5   0  -4  -5  -5  -3  -3  -5  -4  -5    0 100   0   0   0   0   0   0   0   0   0   0   0   0   0   0   0   0   0   0  2.09 0.42
   43 A     4  -4  -4  -4  -1  -3  -3  -3  -4   1  -1  -3  -1  -3  -3  -1  -1  -4  -3   5   40   0   0   0   0   0   0   0   0   2   1   0   0   0   0   1   2   0   0  54  0.75 0.25
   44 T    -2  -3  -2  -3  -3  -3  -3  -4  -4  -3  -4  -3  -3  -5  -3   0   8  -5  -4  -2    0   0   0   0   0   0   0   0   0   0   0   0   0   0   0   1  99   0   0   0  1.76 0.42
   45 K     0  -2  -1   3  -4   2   5  -3  -2  -3  -4   0  -3  -5  -3  -1  -2  -5  -4  -1    7   0   0  20   0   8  53   0   0   0   0   4   0   0   0   1   1   0   0   6  0.78 0.22
   46 G    -2  -4   0  -1  -5  -4  -4   7  -2  -6  -6  -3  -5  -5  -4  -2  -3  -5  -5  -5    0   0   4   3   0   0   0  92   1   0   0   0   0   0   0   0   0   0   0   0  1.72 0.33
   47 L    -3  -4  -6  -6  -3  -4  -5  -6  -5   0   6  -5   0  -1  -5  -5  -3  -4  -3  -1    0   0   0   0   0   0   0   0   0   1  99   0   0   0   0   0   0   0   0   0  1.39 0.32
   48 Q    -2  -1  -2  -3  -4   7  -1  -4   1  -1   0  -1  -1   0  -4  -2  -3   2   3  -2    2   0   0   0   0  60   0   0   3   4  11   0   0   3   0   0   0   3  12   1  0.86 0.28
   49 K     0   0  -1   2  -4   2   2  -2  -2  -4  -3   5  -3  -4  -2  -1  -2  -4  -3  -2   10   1   2  11   0  10  16   1   0   0   1  45   0   0   0   1   1   0   0   2  0.56 0.18
   50 K    -2   3  -2  -1  -5   1   3  -3  -2  -3  -2   5  -2  -4  -3  -2  -1  -4  -3  -3    1  14   0   0   0   4  19   0   0   1   4  54   0   0   0   0   2   0   0   1  0.75 0.22
   51 Y    -4  -4  -4  -5  -5  -4  -5  -5   3  -3  -2  -4  -2   7  -5  -4  -4  -1   6  -3    0   0   0   0   0   0   0   0   8   0   0   0   0  60   0   0   0   0  32   0  1.64 0.33
   52 G    -2  -4  -2  -3  -5  -4  -4   7  -4  -6  -6  -4  -5  -5  -4  -2  -4  -4  -5  -5    0   0   0   0   0   0   0  98   0   0   0   0   0   0   0   0   0   0   0   0  1.93 0.35
   53 E     1  -1   0   1  -3   0   3  -1  -2  -2  -3   1  -2  -4   3   0  -1  -4  -3   0   13   1   3   8   0   0  29   3   0   2   1  10   0   0  15   4   1   0   0  10  0.34 0.12
   54 E    -1   0   1   4  -4   1   4  -1   0  -4  -4   2  -3  -4  -3  -1  -1  -5  -3  -4    3   2   7  31   0   5  31   3   2   0   0  12   0   0   0   2   1   0   0   0  0.62 0.17
   55 R    -4   8  -3  -4  -6  -1  -2  -5  -3  -5  -5   0  -4  -5  -5  -3  -3  -5  -4  -5    0 100   0   0   0   0   0   0   0   0   0   0   0   0   0   0   0   0   0   0  2.09 0.42
   56 V    -1  -4  -5  -5   4  -4  -4  -5  -5   1  -1  -4  -1  -3  -4  -1  -2  -5  -3   6    3   0   0   0   8   0   0   0   0   1   1   0   0   0   0   4   0   0   0  84  1.13 0.30
   57 W    -3  -4  -5  -5  -2  -3  -5  -5  -4   4   0  -4   1   6  -5  -4  -3   2   0   2    1   0   0   0   0   1   0   0   0  34   1   0   4  41   0   0   0   3   0  16  0.84 0.22
   58 D    -4  -4   0   8  -6  -3  -1  -4  -3  -6  -6  -3  -6  -6  -4  -2  -3  -7  -6  -6    0   0   1  99   0   0   0   0   0   0   0   0   0   0   0   0   0   0   0   0  2.13 0.41
   59 C     0  -3  -2  -3  -2  -2  -3  -3  -3  -3  -3  -2  -3  -4  -3   3   6  -5  -4  -2    4   0   0   0   1   0   0   0   0   0   0   0   0   0   0  21  74   0   0   0  1.17 0.32
   60 P    -3  -5  -5  -4  -5  -4  -4  -5  -5  -3  -5  -3  -5  -6   9  -3  -4  -6  -5  -4    0   0   0   0   0   0   0   0   0   2   0   0   0   0  98   0   0   0   0   0  2.83 0.45
   61 I    -3  -4  -5  -5  -3  -4  -5  -6  -5   3   6  -4   0  -1  -5  -4  -3  -4  -3   0    0   0   0   0   0   0   0   0   0  15  85   0   0   0   0   0   0   0   0   0  1.14 0.28
   62 A     6  -3  -3  -2  -1  -3  -3  -1  -3  -3  -4  -2  -3  -4  -3   2  -1  -5  -4  -2   83   0   0   1   1   0   0   1   0   0   0   0   0   0   0  14   0   0   0   0  1.09 0.30
   63 E    -3  -2  -3  -1  -6   0   7  -5  -2  -6  -5  -1  -4  -6  -3  -2  -3  -5  -4  -5    0   0   0   0   0   0 100   0   0   0   0   0   0   0   0   0   0   0   0   0  1.90 0.41
   64 A     2  -3  -1  -2  -3  -2  -2  -2  -3  -4  -2  -2  -3  -4  -2   6   0  -5  -3  -2   19   0   0   0   0   0   1   1   0   0   4   0   0   0   1  71   2   0   0   1  0.87 0.28
   65 A     3  -4  -2  -3  -3  -3  -3   6  -3  -4  -4  -3  -3  -4  -3   0  -1  -4  -4  -3   25   0   0   0   0   0   0  64   0   0   0   0   0   0   0   6   2   0   0   1  1.06 0.24
   66 M    -3  -5  -5  -5  -3  -4  -5  -6  -5   7   0  -5   0  -2  -5  -4  -3  -5  -3   1    0   0   0   0   0   0   0   0   0  96   2   0   1   0   0   0   0   0   0   0  1.58 0.36
   67 A     1  -4  -4  -4   0  -3  -4  -4  -4   3   0  -4   2  -2  -4  -2  -1  -4  -3   5   10   0   0   0   2   0   0   0   0  21   1   0   7   0   0   0   2   0   0  56  0.70 0.21
   68 G    -2  -5  -2  -3  -5  -4  -4   7  -4  -6  -6  -4  -5  -5  -4  -2  -4  -5  -5  -5    0   0   0   0   0   0   0  99   0   0   0   0   0   0   0   1   0   0   0   0  1.99 0.36
   69 I     1  -3  -2  -3  -1  -2  -2  -2  -3  -1  -2  -2   0  -3  -3   2   5  -4  -3   1   11   0   0   0   1   0   0   1   0   3   0   0   2   1   0  14  54   0   0  13  0.62 0.22
   70 G     5  -3  -2  -3  -1  -2  -2   1  -3  -3  -4  -2  -3  -4  -3   3  -1  -4  -4  -2   69   0   0   0   1   0   0   7   0   0   0   0   0   0   0  22   0   0   0   0  0.89 0.26
   71 V    -3  -4  -5  -5  -3  -4  -5  -5  -5   6   1  -4   0   0  -4  -4  -2  -4  -2   4    0   0   0   0   0   0   0   0   0  61   8   0   1   3   0   0   0   0   0  26  0.94 0.24
   72 G    -2  -5  -2  -3  -5  -4  -4   7  -4  -6  -6  -4  -5  -5  -4  -2  -4  -5  -5  -5    1   0   0   0   0   0   0  99   0   0   0   0   0   0   0   0   0   0   0   0  2.00 0.36
   73 A    -1  -4  -5  -5  -3  -3  -4  -5  -4  -1   3  -4   9  -2  -5  -4  -3  -4  -3  -1    6   0   0   0   0   0   0   0   0   0  22   0  71   0   0   0   0   0   0   0  1.55 0.37
   74 A     6  -3  -3  -4   0  -3  -3  -2  -4  -3  -4  -3  -3  -4  -3   0  -2  -5  -4  -2   94   0   0   0   1   0   0   0   0   0   0   0   0   0   0   4   0   0   0   0  1.31 0.34
   75 I     2  -3  -4  -4  -2  -3  -4  -4  -4   4   1  -3   4  -2  -3  -2  -1  -4  -3   3   20   0   0   0   0   0   0   0   0  30   9   0  15   0   0   0   0   0   0  25  0.52 0.17
   76 G     2  -2   4  -2  -3  -2  -2   0  -1  -3  -3  -2  -1  -1  -3   0  -1  -2   4  -3   25   0  31   0   0   0   0   8   0   0   1   1   2   1   0   7   2   0  22   0  0.49 0.19
   77 G    -2  -4  -2  -3  -5  -4  -4   7  -4  -6  -6  -4  -5  -5  -4  -2  -4  -5  -5  -5    0   0   0   0   0   0   0  99   0   0   0   0   0   0   0   0   0   0   0   0  1.99 0.36
   78 L    -3  -4  -5  -5  -3  -3  -4  -5  -4   0   5  -4   5   1  -5  -4  -3  -2  -2  -1    0   0   0   0   0   0   0   0   0   1  72   0  21   5   0   0   0   0   1   0  1.03 0.26
   79 K    -3   6  -2  -3  -5  -1  -1  -4  -1  -3  -3   5  -3  -5  -3  -2  -3  -5  -4  -3    0  53   0   0   0   0   0   0   1   1   1  42   0   0   0   0   0   0   0   1  1.19 0.29
   80 P    -3  -5  -5  -4  -5  -4  -4  -5  -5  -5  -5  -3  -5  -6   9  -3  -4  -6  -6  -5    0   0   0   0   0   0   0   0   0   0   0   0   0   0 100   0   0   0   0   0  2.92 0.46
   81 I    -2  -5  -5  -5  -3  -4  -5  -5  -5   4  -1  -4  -1  -2  -4  -4  -2  -5  -3   6    0   0   0   0   0   0   0   0   0  22   0   0   0   0   0   0   0   0   0  78  1.19 0.30
   82 V     4  -3  -3  -4   0  -3  -3  -2  -4   1  -2  -3  -2  -3   4  -1  -1  -4  -3   3   41   0   0   0   2   0   0   2   0   5   0   0   0   0  21   0   1   0   0  28  0.61 0.20
   83 E    -3  -2  -3  -1  -6   0   7  -5  -2  -6  -5  -1  -4  -6  -3  -2  -3  -5  -4  -5    0   0   0   0   0   0 100   0   0   0   0   0   0   0   0   0   0   0   0   0  1.90 0.41
   84 I    -3  -4  -5  -5  -2  -4  -5  -5  -5   6   1  -4   5  -2  -5  -4  -3  -4  -3   1    1   0   0   0   0   0   0   0   0  69   7   0  22   0   0   0   0   0   0   1  1.16 0.29
   85 Q    -3  -1  -2  -3  -6   9   0  -4  -2  -5  -5  -1  -3  -6  -4  -3  -3  -5  -4  -5    0   0   0   0   0  99   0   0   0   0   0   0   0   0   0   0   0   0   0   0  2.17 0.47
   86 F    -5  -5  -6  -6  -5  -6  -6  -6  -4  -2  -2  -6  -2   9  -6  -5  -5  -1   1  -3    0   0   0   0   0   0   0   0   0   0   0   0   0 100   0   0   0   0   0   0  2.35 0.43
   87 S    -1  -2  -1   3   1   1   3  -3  -2  -3  -2  -1   4  -4  -3   3  -1  -4  -3  -3    1   0   0  20   4   5  21   0   0   0   2   0  16   0   0  31   0   0   0   0  0.49 0.20
   88 G    -2  -5  -2  -3  -5  -4  -4   7  -4  -6  -6  -4  -5  -5  -4  -2  -4  -5  -5  -5    0   0   0   0   0   0   0 100   0   0   0   0   0   0   0   0   0   0   0   0  2.02 0.37
   89 F    -5  -5  -6  -6  -5  -6  -6  -6  -4  -2  -2  -6  -2   9  -6  -5  -5  -1   1  -3    0   0   0   0   0   0   0   0   0   0   0   0   0 100   0   0   0   0   0   0  2.33 0.43
   90 S     0  -3  -3  -3  -2  -2  -3  -3  -3   3   2  -3   3  -1  -3   1   0  -3  -2   2    6   0   0   0   0   0   0   0   0  21  24   0  14   1   0  15   5   0   0  15  0.33 0.13
   91 F    -2  -4  -3  -5  -4  -3  -4   1   0  -3  -1  -4  -1   4  -1  -3  -3   1   8  -3    2   0   0   0   0   0   0  11   1   0   4   0   1  14   4   0   0   1  62   0  1.21 0.29
   92 P    -1  -4  -4  -4  -5  -3  -3  -3  -4  -4  -3  -3  -1  -5   8  -1  -3  -6  -3  -4    5   0   0   0   0   0   0   2   0   0   2   0   2   0  84   3   0   0   1   1  2.14 0.37
   93 A     6  -3  -3  -3   1  -3  -3   2  -3  -3  -3  -3  -2  -4  -2   0   0  -4  -4  -2   77   0   0   0   3   0   0  13   0   0   0   0   1   0   1   2   4   0   0   0  0.92 0.27
   94 M    -3  -4  -4  -5  -4  -4  -4  -5  -2   1   1  -4   3   6  -5  -4  -3  -1   5  -1    0   0   0   0   0   0   0   0   0   6  12   0  11  48   0   0   0   0  22   1  1.03 0.25
   95 F    -3  -3   5   6  -5   1   0  -3  -2  -5  -5  -2  -3  -4  -3  -1  -1  -6  -4  -5    0   0  35  51   0   7   4   0   0   0   0   0   0   1   0   0   2   0   0   0  1.14 0.27
   96 Q    -3  -1  -2  -2  -6   8   0  -4   0  -5  -5  -1  -3  -6  -4  -2  -3  -4  -4  -5    0   0   1   1   0  94   2   0   2   0   0   0   0   0   0   0   0   0   0   0  1.97 0.44
   97 I    -3  -4  -5  -5  -3  -4  -5  -5  -5   6   3  -4   1  -1  -5  -4  -2  -4  -3   1    0   0   0   0   0   0   0   0   0  61  34   0   3   0   0   0   0   0   0   2  1.00 0.25
   98 F    -1  -4  -3  -4   2  -3  -4  -4  -4   4   1  -3   1   2  -4  -3   0  -3  -1   4    4   0   1   0   5   0   0   0   0  33   5   0   3  12   0   0   4   0   1  33  0.50 0.16
   99 T     0  -2   3  -1   1  -2  -2  -2  -2  -3  -4  -2  -3  -4  -3   5   3  -4  -3  -2    5   0  13   0   3   0   0   1   0   0   0   0   0   0   0  57  19   0   0   1  0.73 0.24
  100 H    -4  -3   0  -4  -6  -1  -3  -4  11  -6  -6  -3  -4  -4  -5  -3  -4  -5  -1  -6    0   0   2   0   0   2   0   0  95   0   0   0   0   0   0   0   0   0   0   0  2.73 0.48
  101 A     5  -3  -4  -4  -2  -3  -3  -2  -4   1  -1  -3   1  -3  -3  -1  -2  -4  -3   2   65   0   0   0   0   0   0   1   0   7   4   0   3   0   0   0   0   0   0  20  0.68 0.23
  102 A     5  -3  -2  -3  -2  -2  -2   1  -3  -3  -3  -2  -3  -4  -3   3  -1  -4  -4  -2   68   0   0   0   0   0   0   7   0   0   0   0   0   0   0  23   1   0   0   0  0.87 0.26
  103 R    -4   8  -3  -4  -6  -1  -2  -5  -2  -5  -5   1  -4  -5  -4  -3  -3  -5  -4  -5    0  98   0   0   0   0   0   0   0   0   0   2   0   0   0   0   0   0   0   0  2.03 0.41
  104 I    -3  -4  -4  -5  -3  -3  -4  -5  -3   4   2  -4   6   2  -4  -3  -2   0   3   0    0   0   0   0   0   0   0   0   0  29  15   0  33   9   0   0   1   1  12   1  0.75 0.22
  105 R    -4   8  -2  -4  -6   0  -2  -5   1  -5  -4   0  -4  -5  -4  -3  -3  -5  -3  -5    0  94   0   0   0   1   0   0   4   0   0   0   0   0   0   0   0   0   0   0  1.88 0.39
  106 N    -2  -2   7  -1  -4  -2  -2  -2  -1  -4  -4  -2   0  -3  -4   0   3   2   0  -3    1   0  61   0   0   0   0   0   1   0   0   0   3   0   0   4  23   3   3   0  1.04 0.28
  107 R    -4   8  -3  -4  -6  -1  -2  -5  -3  -5  -5   0  -4  -5  -5  -3  -3  -5  -4  -5    0 100   0   0   0   0   0   0   0   0   0   0   0   0   0   0   0   0   0   0  2.08 0.42
  108 S    -1  -3  -1  -2  -2  -2  -2  -3  -3  -4  -4  -2  -3  -4  -3   6   4  -5  -4  -3    0   0   0   0   0   0   0   0   0   0   0   0   0   0   0  70  30   0   0   0  1.12 0.32
  109 R    -4   8  -3  -4  -6  -1  -2  -4  -2  -5  -5   0  -3  -5  -4  -3  -3  -5  -4  -5    0  97   0   0   0   0   0   0   0   0   0   1   0   0   0   0   0   0   0   0  1.99 0.40
  110 G    -2  -4  -2  -3  -5  -4  -4   7  -4  -6  -6  -4  -5  -5  -4  -1  -4  -5  -5  -5    0   0   0   0   0   0   0  96   0   0   0   0   0   0   0   3   0   0   0   0  1.89 0.35
  111 V     0   6  -1  -3  -4   1  -1  -2  -1  -3  -3   2  -2  -4  -3  -1  -1  -4  -3  -2   11  56   1   0   0   4   1   2   1   0   2  14   1   0   0   2   4   0   0   2  0.76 0.21
  112 Y    -4  -1  -4  -5  -4  -4  -4  -5   0   0   0  -4  -1   6  -5  -4  -3   1   6  -1    0   4   0   0   0   0   0   0   2   4   7   0   1  44   0   0   0   1  35   3  1.13 0.26
  113 T    -1  -1   1  -2  -3  -1  -1  -2   3  -3  -3   0  -2  -3  -1   2   5  -4  -2  -2    2   1   6   0   0   1   2   2   8   0   0   4   0   1   2  15  55   0   1   0  0.62 0.22
  114 C     0  -4  -3  -4   8  -4  -4  -4  -4   1   1  -4   1  -3  -4  -1   0  -4  -3   3    7   0   0   0  36   0   0   0   0   5  11   0   5   0   0   2   4   0   0  29  0.81 0.21
  115 P    -3  -4  -4  -4  -5  -3  -3  -4  -3  -5  -5  -3  -5  -6   9  -2  -3  -6  -5  -5    0   0   0   0   0   1   0   1   0   0   0   0   0   0  96   1   0   0   0   0  2.72 0.43
  116 I    -3  -4  -5  -5  -3  -3  -4  -5  -4   2   4  -4   8  -1  -5  -4  -3  -3  -3   0    0   0   0   0   0   0   0   0   0  11  38   0  47   1   0   0   0   0   0   3  1.08 0.28
  117 I    -2  -4  -4  -5  -3  -4  -4  -5  -5   1  -1  -4  -1  -3  -4  -3   2  -5  -3   6    0   0   0   0   0   0   0   0   0   2   0   0   0   0   0   0  13   0   0  85  1.17 0.31
  118 V    -2  -4  -5  -5  -2  -4  -5  -5  -5   5   1  -4   1  -2  -4  -4  -2  -4  -3   4    0   0   0   0   0   0   0   0   0  52  12   0   1   0   0   0   0   0   0  35  0.92 0.23
  119 R    -4   8  -3  -4  -6  -1  -2  -5  -3  -5  -5   0  -4  -5  -5  -3  -3  -5  -4  -5    0 100   0   0   0   0   0   0   0   0   0   0   0   0   0   0   0   0   0   0  2.09 0.42
  120 M     2  -3  -3  -4   1  -2  -3  -3  -3   1   0  -3   6   2  -3  -1   1  -2  -2   2   21   0   0   0   3   0   0   0   0   5   2   0  31   9   0   4   9   0   0  16  0.42 0.18
  121 P    -3  -5  -5  -4  -5  -4  -4  -5  -5  -5  -6  -3  -5  -6   9  -3  -4  -6  -6  -5    0   0   0   0   0   0   0   0   0   0   0   0   0   0 100   0   0   0   0   0  2.94 0.46
  122 M    -3  -4  -3  -5   1  -3  -4  -4   1  -1  -2  -4   2   1  -5  -3  -3   2   8   1    1   0   0   0   4   0   0   0   3   3   0   0   8   2   0   1   0   2  64  13  1.24 0.30
  123 G    -1  -4  -2  -3  -3  -3  -4   7  -4  -6  -6  -3  -5  -5  -4   0  -3  -5  -5  -5    3   0   0   0   1   1   0  90   0   0   0   0   0   0   0   5   0   0   0   0  1.67 0.32
  124 G     0  -4  -2  -3  -4  -4  -4   7  -4  -6  -6  -3  -5  -5  -4  -2  -3  -2  -5  -5    6   0   0   0   0   0   0  93   0   0   0   0   0   0   0   0   1   0   0   0  1.77 0.33
  125 G    -2  -4  -2  -3  -5  -3  -4   7  -4  -6  -6  -4  -3  -5  -4  -2  -4  -5  -5  -5    1   0   1   0   0   0   0  96   0   0   0   0   1   0   0   0   0   0   0   0  1.88 0.35
  126 I    -3  -5  -5  -5  -3  -5  -5  -6  -5   7   0  -5  -1  -2  -5  -4  -2  -5  -3   3    0   0   0   0   0   0   0   0   0  80   0   0   0   0   0   0   0   0   0  19  1.30 0.31
  127 K    -3   6   2  -2  -5  -1  -2  -4   6  -5  -4   3  -3  -4  -4  -2  -3  -5  -2  -4    0  46  12   0   0   0   0   0  23   0   0  19   0   0   0   0   0   0   0   0  1.04 0.26
  128 A     6  -4  -4  -4  -2  -3  -3  -1  -4  -3  -4  -3  -3  -4  -2   0  -2  -5  -4  -2   97   0   0   0   0   0   0   2   0   0   0   0   0   0   0   1   0   0   0   0  1.37 0.35
  129 L    -3  -4  -5  -4  -4  -4  -4  -5  -4  -1   4  -4   0  -2   5  -3  -3  -4  -3  -2    0   0   0   0   0   0   0   0   0   1  61   0   1   1  36   0   0   0   0   0  1.13 0.27
  130 E    -3  -2  -2   0  -6   0   7  -4  -2  -6  -5  -1  -4  -6  -3  -2  -3  -5  -4  -5    0   0   0   1   0   0  99   0   0   0   0   0   0   0   0   0   0   0   0   0  1.86 0.41
  131 H    -4  -3  -2  -4  -5  -2  -3  -5  10  -4   2  -3  -1  -3  -5  -3  -4  -5  -1  -4    0   0   0   0   0   1   0   0  77   0  20   0   1   0   0   1   0   0   0   0  1.93 0.40
  132 H    -4  -3  -2  -4  -6  -2  -3  -5  11  -6  -6  -3  -4  -4  -5  -4  -4  -5  -1  -6    0   0   0   0   0   0   0   0 100   0   0   0   0   0   0   0   0   0   0   0  2.98 0.51
  133 S    -1  -3  -1  -2   2  -2  -2  -2  -3  -5  -5  -2  -4  -5  -3   7  -1  -5  -4  -4    0   0   1   0   4   0   0   0   0   0   0   0   0   0   0  94   0   0   0   0  1.40 0.37
  134 E    -3  -2  -2   4  -6   0   7  -4  -2  -5  -5  -1  -4  -5  -3  -2  -3  -5  -4  -5    0   0   0  20   0   0  80   0   0   0   0   0   0   0   0   0   0   0   0   0  1.51 0.34
  135 T     1  -3  -1  -2  -2  -2  -2  -2  -3  -4  -4  -2  -3  -4  -3   6   0  -5  -4  -4   11   0   0   0   0   0   0   0   0   0   0   0   0   0   0  87   1   0   0   0  1.24 0.34
  136 L    -2  -3  -1  -3  -3  -2  -2  -2  -3   0   1   0   4  -2   5  -1   2  -4  -1  -1    0   0   2   0   0   0   0   3   0   6  15   5  16   0  31   1  14   0   2   3  0.52 0.16
  137 E    -2  -2  -2   0  -6   0   7  -4  -2  -6  -5  -1  -4  -6  -3  -2  -3  -5  -4  -5    1   0   0   1   0   0  97   0   0   0   0   0   0   0   0   0   0   0   0   0  1.79 0.40
  138 A     5  -3  -2  -3  -2  -2  -2  -2  -3  -3  -3  -2  -2  -4  -3   1   2  -4  -3   0   72   0   1   0   0   0   0   0   0   0   0   0   0   0   0   7  16   0   0   4  0.85 0.26
  139 I    -3  -4  -4  -5  -3  -3  -4  -5  -1   4   3  -4   3   3  -4  -3  -2  -1   3   1    0   0   0   0   0   0   0   0   1  32  30   0   9  13   0   0   0   0  11   3  0.57 0.17
  140 Y    -4  -4  -5  -5  -4  -4  -5  -5  -2  -1   1  -4  -1   6  -5  -4  -4   1   7  -2    0   0   0   0   0   0   0   0   0   2  13   0   0  45   0   0   0   1  39   0  1.34 0.29
  141 G     4  -3  -3  -3   2  -2  -3   2  -3   0  -2  -2  -2  -3  -3   0   0  -4  -3   2   49   0   0   0   4   0   0  16   0   6   0   0   0   0   0   6   4   0   0  16  0.46 0.17
  142 Q    -4  -3  -2  -4  -6   1  -2  -5  11  -6  -5  -3  -4  -4  -5  -2  -4  -5  -1  -6    0   0   0   0   0   5   0   0  93   0   0   0   0   0   0   2   0   0   0   0  2.61 0.47
  143 I    -2  -3  -1  -3  -3   1  -1  -4  -2   4  -1  -2   1  -2  -3  -1   3  -4  -3   1    0   0   2   0   0   7   5   0   1  40   1   0   3   0   0   3  30   0   0   7  0.45 0.19
  144 A    -1  -4  -4  -4  -5  -2  -3  -4  -4  -5  -5  -3  -5  -6   8  -3  -3  -6  -5  -4    5   0   0   0   0   1   0   0   0   0   0   0   0   0  92   0   1   0   0   0  2.57 0.42
  145 G    -2  -5  -2  -3  -5  -4  -4   7  -4  -6  -6  -4  -5  -5  -4  -2  -4  -5  -5  -5    0   0   0   0   0   0   0 100   0   0   0   0   0   0   0   0   0   0   0   0  2.02 0.37
  146 L    -3  -4  -5  -5  -2  -4  -5  -5  -5   3   5  -4   1  -1  -5  -4  -3  -3  -3   1    0   0   0   0   0   0   0   0   0  18  76   0   1   0   0   0   0   0   0   4  0.98 0.24
  147 K    -3   0  -2  -3  -5  -1  -1  -4  -3  -5  -5   7  -3  -5  -3  -2  -2  -5  -4  -5    0   0   0   0   0   0   0   0   0   0   0  97   0   0   0   0   2   0   0   0  1.68 0.39
  148 T    -2  -5  -5  -5  -3  -4  -4  -5  -5   1   0  -4   1  -3  -4  -4  -1  -5  -3   7    1   0   0   0   0   0   0   0   0   2   2   0   3   0   0   0   1   0   0  91  1.29 0.32
  149 V    -2  -5  -5  -5  -3  -4  -5  -5  -5   1  -1  -4  -1  -3  -4  -4  -2  -5  -3   7    1   0   0   0   0   0   0   0   0   3   1   0   0   0   0   0   0   0   0  94  1.38 0.34
  150 M    -2  -4  -4  -5   0  -4  -4  -5  -4   5   0  -4   5  -2  -4  -3  -1  -4  -3   3    2   0   0   0   2   0   0   0   0  53   2   0  23   0   0   0   2   0   0  17  0.88 0.24
  151 P    -3  -5  -5  -4  -5  -4  -4  -5  -5  -5  -5  -3  -5  -6   9  -3  -4  -6  -6  -5    0   0   0   0   0   0   0   0   0   0   0   0   0   0 100   0   0   0   0   0  2.92 0.46
  152 S     1  -3  -2  -2  -1  -2  -2  -2  -3  -4  -5  -2  -4  -5  -3   6  -1  -5  -4  -4    9   0   0   0   1   0   0   0   0   0   0   0   0   0   0  90   0   0   0   0  1.31 0.36
  153 N    -2  -2   2  -2  -3  -2  -2  -2  -2  -3  -3  -2  -2  -2  -3   2   6  -4  -3  -2    0   1  11   1   0   0   0   2   0   0   0   0   0   2   0  15  67   0   0   0  0.94 0.28
  154 P    -3  -5  -5  -4  -5  -4  -4  -5  -5  -5  -5  -3  -5  -6   9  -3  -4  -6  -6  -5    1   0   0   0   0   0   0   0   0   0   0   0   0   0  99   0   0   0   0   0  2.91 0.46
  155 Y    -2  -2  -4  -5  -5  -2  -4  -4   4  -3  -3  -3  -3   1  -5  -2  -3   0   9  -3    3   1   0   0   0   1   0   0   9   0   1   1   0   1   0   2   0   0  80   0  1.78 0.38
  156 D    -4  -3   0   8  -6  -2   2  -3  -2  -5  -6  -3  -5  -6  -4  -2  -3  -6  -5  -5    0   0   2  87   0   1   9   0   0   0   0   0   0   0   0   0   0   0   0   0  1.78 0.35
  157 T     6  -3  -3  -4  -2  -3  -3  -2  -4  -3  -3  -3  -2  -4  -3   0   3  -4  -4  -2   79   0   0   0   0   0   0   0   0   0   0   0   1   0   0   0  20   0   0   1  1.04 0.30
  158 K    -3   0  -2  -3  -5  -1  -1  -4  -2  -5  -4   7  -4  -5  -3  -2  -3  -5  -3  -5    0   0   0   0   0   0   0   0   0   0   0  98   0   0   0   0   0   0   0   0  1.72 0.39
  159 G    -2  -5  -3  -3  -5  -4  -4   7  -4  -6  -6  -4  -5  -5  -4  -2  -4  -5  -5  -5    0   0   0   0   0   0   0 100   0   0   0   0   0   0   0   0   0   0   0   0  2.03 0.37
  160 L    -3  -4  -5  -6  -3  -4  -5  -6  -5   0   6  -4   3  -1  -5  -4  -3  -4  -3  -1    0   0   0   0   0   0   0   0   0   0  95   0   5   0   0   0   0   0   0   0  1.31 0.31
  161 F    -3  -4  -5  -6  -3  -4  -5  -6  -5   0   6  -4   3  -1  -5  -4  -3  -3  -3  -1    0   0   0   0   0   0   0   0   0   2  88   0   9   1   0   0   0   0   0   0  1.19 0.29
  162 L     0  -3  -4  -4  -2  -3  -4  -4  -4   5   2  -3   1  -2  -4  -2   1  -4  -3   2   10   1   0   0   0   0   0   0   0  52  17   1   2   0   0   1  10   0   0   7  0.56 0.18
  163 A     4  -3  -1  -3  -2  -2  -2  -2  -3  -4  -4  -2  -3  -4  -3   5   0  -5  -4  -3   38   0   1   0   0   0   0   0   0   0   0   0   0   0   0  60   1   0   0   0  0.96 0.29
  164 A     6  -3  -3  -3   0  -3  -3  -2  -3  -3  -4  -3  -3  -4  -3   2  -2  -5  -4  -2   86   0   0   0   1   0   0   0   0   0   0   0   0   0   0  13   0   0   0   0  1.16 0.32
  165 V    -3  -5  -5  -5  -3  -5  -5  -6  -5   7   1  -5   0  -2  -5  -4  -3  -5  -3   1    0   0   0   0   0   0   0   0   0  92   5   0   1   0   0   0   0   0   0   2  1.48 0.34
  166 E    -3   7   1  -2  -5   1   3  -4  -1  -5  -4   1  -2  -5  -4  -2  -3  -5  -4  -4    1  66   6   0   0   3  20   0   0   0   0   4   1   0   0   0   0   0   0   0  1.14 0.28
  167 S    -3  -3  -1   7  -4  -2   0  -3  -2  -5  -5  -2  -5  -5  -3   2  -2  -6  -4  -5    1   0   0  77   0   0   2   1   0   0   0   0   0   0   0  19   0   0   0   0  1.46 0.32
  168 P    -3  -4   1   1  -5  -2   0  -3  -3  -5  -5  -2  -4  -6   8  -2  -3  -6  -5  -4    0   0   9   8   0   1   5   1   0   0   0   1   0   0  74   1   0   0   0   0  1.84 0.33
  169 D    -4  -4   0   8  -6  -3  -1  -4  -3  -6  -6  -3  -6  -6  -4  -2  -3  -7  -6  -6    0   0   1  99   0   0   0   0   0   0   0   0   0   0   0   0   0   0   0   0  2.14 0.41
  170 P    -3  -5  -4  -4  -5  -4  -4  -5  -5  -5  -5  -3  -5  -6   9  -3  -1  -6  -5  -5    0   0   0   0   0   0   0   0   0   0   0   0   0   0  96   0   4   0   0   0  2.73 0.44
  171 V    -2  -5  -5  -5  -2  -4  -5  -5  -5   2  -1  -4  -1  -2  -4  -4  -2  -5  -3   7    0   0   0   0   0   0   0   0   0   8   0   0   0   0   0   0   0   0   0  92  1.36 0.33
  172 V    -3  -4  -5  -5  -3  -4  -5  -5  -5   6   2  -4   2  -1  -4  -4  -2  -3  -3   3    0   0   0   0   0   0   0   0   0  64  12   0   4   2   0   0   0   0   0  18  0.95 0.24
  173 F    -5  -5  -5  -6  -5  -6  -6  -6  -3  -2  -2  -5  -2   9  -6  -5  -4  -1   3  -3    0   0   0   0   0   0   0   0   0   0   0   0   0  95   0   0   0   0   5   0  2.18 0.41
  174 F    -3  -4  -5  -5  -2  -3  -4  -5  -3   0   4  -4   6   4  -5  -4  -3   0   1  -1    0   0   0   0   1   1   0   0   0   0  43   0  27  24   0   0   0   1   3   0  0.88 0.24
  175 E    -3  -2  -3  -1  -6   0   7  -5  -2  -6  -5  -1  -4  -6  -3  -2  -3  -5  -4  -5    0   0   0   0   0   0 100   0   0   0   0   0   0   0   0   0   0   0   0   0  1.90 0.41
  176 P    -3  -5  -3  -4  -5  -4  -3  -5  -3  -5  -5  -3  -5  -6   9  -2  -3  -6  -5  -5    0   0   1   0   0   0   0   0   0   0   0   0   0   0  96   2   0   0   0   0  2.73 0.44
  177 K    -2   0  -2  -3  -5  -1  -1  -4  -3  -4  -3   7   1  -5  -3  -1   0  -5  -4  -4    1   0   0   0   0   0   1   0   0   0   1  83   4   0   0   3   6   0   0   0  1.21 0.32
  178 K    -3   7  -2  -3  -5  -1  -2  -4  -2  -4  -1   3  -3  -4  -4  -3  -3  -5  -4  -4    0  73   0   0   0   0   0   0   0   0   8  18   0   0   0   0   0   0   0   0  1.31 0.31
  179 L    -3  -4  -4  -5  -3  -4  -5  -5  -5   6   2  -4   0  -2  -4  -3  -2  -4  -3   3    0   0   1   0   0   0   0   0   0  68  15   0   1   0   0   1   0   0   0  14  1.00 0.25
  180 Y    -4  -4  -5  -6  -5  -4  -5  -6  -1  -4  -4  -4  -4   1  -6  -4  -4   0  10  -4    0   0   0   0   0   0   0   0   0   0   0   0   0   0   0   0   0   0 100   0  2.63 0.48
  181 R    -4   8  -3  -4  -6  -1  -2  -5  -3  -5  -5   0  -4  -5  -5  -3  -3  -5  -4  -5    0 100   0   0   0   0   0   0   0   0   0   0   0   0   0   0   0   0   0   0  2.09 0.42
  182 A     6  -3  -3  -3  -2  -2  -3  -1  -3  -3  -3  -2  -1  -4  -3   2  -1  -4  -4  -2   81   0   0   0   0   0   0   0   0   0   2   0   1   0   0  15   1   0   0   0  1.03 0.29
  183 F    -3  -4  -4  -5  -3  -4  -4  -1  -3   4   0  -4  -1   6  -4  -4  -3  -2   1   1    0   0   0   0   0   0   1   7   0  37   2   0   0  45   1   0   0   0   1   5  0.83 0.23
  184 R    -3   5  -2  -3  -5  -1  -1  -4  -2  -5  -4   6  -3  -5  -3  -2  -3  -5  -4  -4    0  35   0   0   0   0   0   0   0   0   0  65   0   0   0   0   0   0   0   0  1.34 0.32
  185 Q    -2  -1  -2  -1  -5   6   5  -2  -2  -5  -4  -1  -1  -5  -3  -2  -3  -4  -4  -4    1   0   0   1   0  50  44   2   0   0   0   0   1   0   0   0   0   0   0   0  1.24 0.32
  186 E    -3  -2  -2   3  -6   0   7  -4  -2  -5  -5  -1  -4  -5  -3  -2  -3  -5  -4  -5    0   0   0  15   0   1  82   0   0   0   0   0   0   0   0   0   0   0   0   0  1.48 0.34
  187 I    -2  -5  -5  -5  -3  -4  -5  -5  -5   3  -1  -4  -1  -3  -4  -4  -2  -5  -3   7    0   0   0   0   0   0   0   0   0  12   1   0   0   0   0   0   0   0   0  87  1.29 0.32
  188 P    -2  -4  -3  -3  -5  -2  -3  -4  -4  -5  -5  -3  -5  -6   8  -1  -3  -6  -5  -5    2   0   1   0   0   1   0   0   0   0   0   1   0   0  91   4   0   0   0   0  2.49 0.41
  189 A     0  -2  -1   3  -5   0   6  -3  -2  -4  -4  -1  -4  -5  -3  -1  -1  -5  -4  -3    7   0   1  18   0   0  68   1   0   0   0   1   0   0   0   1   2   0   0   1  1.07 0.28
  190 D    -2  -2  -1   3  -5   0   5   3  -2  -5  -5   1  -4  -5  -3  -1  -2  -5  -4  -4    1   0   1  17   0   1  46  25   0   0   0   8   0   0   0   0   1   0   0   0  0.76 0.21
  191 Y     0  -1  -1   3  -4   0   4  -2  -1  -2  -2   1  -1  -3   1   0  -1  -4   0  -2    7   1   0  19   0   1  32   0   1   3   4  12   2   0   5   6   2   0   4   1  0.34 0.12
  192 Y    -4  -4  -5  -6  -5  -4  -5  -6   0  -3  -3  -4  -3   3  -5  -4  -4   0   9  -3    0   0   0   0   0   0   0   0   1   0   0   0   0  10   0   0   0   0  88   0  2.21 0.42
  193 T    -1   0  -1  -2  -3  -1   2  -3  -2   0  -1  -1  -2  -2  -3   1   5  -4  -3  -1    3   4   0   0   0   1  17   0   0   4   4   1   0   1   0   9  52   0   0   3  0.52 0.20
  194 V    -2  -4  -5  -5  -3  -4  -5  -5  -5   6   1  -4   0  -2  -4  -4  -2  -4  -3   4    0   0   0   0   0   0   0   0   0  52   8   0   0   0   0   0   1   0   0  40  0.96 0.24
  195 P    -3  -4  -4  -3  -5  -2   1  -4  -3  -5  -5  -3  -5  -6   8  -3  -3  -6  -5  -5    1   0   0   0   0   1  10   0   0   0   0   1   0   0  87   0   0   0   0   0  2.35 0.39
  196 I    -3  -4  -5  -5  -3  -4  -5  -6  -5   6   4  -4   0  -1  -5  -4  -2  -4  -3   1    0   0   0   0   0   0   0   0   0  57  42   0   0   0   0   0   0   0   0   0  1.02 0.26
  197 G    -2  -3  -2  -2  -5  -4  -3   7  -4  -6  -6  -4  -5  -5  -4  -2  -4  -5  -5  -5    0   1   0   1   0   0   1  97   0   0   0   0   0   0   0   0   0   0   0   0  1.90 0.35
  198 Q    -2   1  -2  -2  -4   2   3  -3  -2  -5  -4   6  -3  -5  -3  -2  -2  -5  -4  -4    0   2   0   0   0   8  16   0   0   0   0  70   0   0   0   1   1   0   0   1  1.06 0.28
  199 A     6  -4  -4  -4  -1  -3  -3   0  -4  -3  -4  -3  -3  -4  -3  -1  -2  -5  -4  -2   96   0   0   0   1   0   0   3   0   0   0   0   0   0   0   1   0   0   0   0  1.34 0.34
  200 N     0   4   3  -2  -4   0  -1  -2  -1  -4  -4   4  -3  -4  -3  -1  -2  -4  -2  -3   10  25  18   0   0   1   1   1   1   0   0  40   0   0   0   2   0   0   1   0  0.65 0.20
  201 L    -2  -3  -4  -5  -3  -4  -4  -5  -5   4   0  -2   0  -2  -4  -3  -1  -4  -3   5    0   1   0   0   0   0   0   0   0  25   5   2   1   0   0   0   3   0   0  62  0.84 0.23
  202 I     0   1  -4  -4  -2  -3  -2  -4  -4   2   2  -2   0  -2  -3  -3  -1  -4  -2   4    5  10   0   0   0   0   2   0   0  11  18   0   1   0   0   0   1   0   0  51  0.48 0.17
  203 S    -1   3   0  -2   0   4   0  -3   0  -2  -3   3  -1  -4  -3   1   0  -4  -2  -2    3  23   3   0   3  25   3   0   1   2   1  19   1   0   0   8   6   0   0   2  0.44 0.15
  204 Q    -2  -2  -2   0  -5   2   6  -4  -2  -5  -5   0  -4  -5   1  -1  -2  -5  -4  -4    1   0   0   1   0   8  75   0   0   0   0   3   0   0   6   2   1   0   0   0  1.18 0.29
  205 G    -2  -5  -3  -3  -5  -4  -4   7  -4  -6  -6  -4  -5  -5  -4  -2  -4  -5  -5  -5    0   0   0   0   0   0   0 100   0   0   0   0   0   0   0   0   0   0   0   0  2.03 0.37
  206 N    -1   0   2   2  -3   0   1  -1  -1  -3  -3   1  -3  -4  -2   2   3  -4  -3  -2    2   2  10  11   0   1  12   2   1   0   0  12   0   0   0  20  27   0   0   0  0.38 0.14
  207 N    -3  -2   0   7  -5   0   1  -3   0  -5  -6  -2  -5  -6  -3  -1  -3  -6  -5  -5    1   1   2  84   0   4   4   1   2   0   0   0   0   0   0   2   0   0   0   0  1.58 0.33
  208 L    -2  -4  -4  -5  -2  -4  -4  -5  -5   4   3  -4   1  -2  -4  -3  -2  -4  -3   4    1   0   0   0   0   0   0   0   0  31  27   0   2   0   0   0   0   0   0  39  0.73 0.20
  209 T    -2  -3  -2  -3  -3  -3  -3  -4  -4  -3  -3  -3  -3  -4  -3   2   7  -5  -4  -2    0   0   0   0   0   0   0   0   0   0   0   0   0   0   0  11  89   0   0   0  1.48 0.37
  210 I    -2  -4  -5  -5  -2  -4  -4  -5  -5   3   3  -4   2  -1  -4  -3  -2  -4  -3   5    1   0   0   0   0   0   0   0   0  18  25   0   4   0   0   0   0   0   0  52  0.75 0.21
  211 V    -2  -4  -5  -5  -3  -4  -4  -5  -4   5   0  -4  -1   1  -4  -4  -2  -4   0   5    0   0   0   0   0   0   0   0   0  42   2   0   0   7   0   0   0   0   2  46  0.88 0.24
  212 S     4  -3  -2  -3   0  -2  -2  -1  -3  -3  -3  -2  -2  -4  -2   3   4  -4  -3  -2   38   0   0   0   2   0   0   3   0   0   0   0   0   0   0  26  30   0   0   0  0.64 0.22
  213 Y    -5  -5  -6  -7  -5  -4  -5  -5  -3  -5  -4  -5  -4   2  -6  -5  -5  11   6  -5    0   0   0   0   0   0   0   0   0   0   0   0   0   5   0   0   0  66  29   0  2.95 0.46
  214 G    -2  -5  -3  -3  -5  -4  -4   7  -4  -6  -6  -4  -5  -5  -4  -2  -4  -5  -5  -5    0   0   0   0   0   0   0 100   0   0   0   0   0   0   0   0   0   0   0   0  2.03 0.37
  215 P     6  -3  -3  -3  -2  -3  -3  -2  -3  -3  -3  -3  -3  -4  -2   2  -1  -5  -4  -2   85   0   0   0   0   0   0   0   0   0   0   0   0   0   1  11   1   0   0   0  1.11 0.31
  216 T    -2  -3  -3  -4  -3   2  -3  -4  -2  -1   0  -3   9  -2  -2   0  -1  -1  -1  -1    1   0   1   0   0   9   0   0   1   1   5   0  66   0   2   7   3   1   2   1  1.13 0.33
  217 M    -1  -4  -4  -4  -2  -3  -4  -4  -4   3   1  -3   3  -1  -4  -2   1  -4  -3   5    1   0   0   0   0   0   0   0   0  13  13   0   9   1   0   0   9   0   0  54  0.64 0.20
  218 F    -3   6  -2  -3  -4   0  -2  -3   4  -2  -3   2  -2   0   1  -2  -2  -2  -2  -1    0  52   0   0   0   3   0   0  12   2   1  11   0   5   7   1   0   1   0   4  0.71 0.21
  219 D    -2  -1  -2   2  -4   2   4  -3  -1  -2  -3  -1  -2  -4   2  -1   1  -4  -1   0    1   2   0   9   0  12  41   0   0   2   1   1   0   0  12   1   8   0   2   8  0.51 0.17
  220 L     1  -4  -3  -4   7  -3  -3  -3  -4   0  -2  -3  -2  -3  -3   0   3  -4  -3   3   14   0   0   0  30   0   0   0   0   3   1   0   0   0   0   6  20   0   0  25  0.70 0.21
  221 I    -2   0  -1  -2  -3   4   1  -4  -2   1   2   0   3  -2  -3  -2  -2  -3  -2  -1    1   4   2   0   0  27   9   0   0   7  30   5  10   0   0   1   1   0   1   2  0.33 0.15
  222 N     0   1   1   1  -4   2   3  -2  -1  -4  -3   4  -3  -4  -2  -1  -1  -4  -3  -3    8   5   8   5   0  10  26   1   0   0   1  33   0   0   0   2   1   0   0   0  0.52 0.16
  223 M     6  -3  -4  -4  -2  -3  -3  -2  -4  -3  -3  -3  -2  -4  -3  -1  -1  -5  -3  -1   94   0   0   0   0   0   0   1   0   0   0   0   1   0   0   1   1   0   0   2  1.28 0.34
  224 V     3  -3  -3  -3  -2  -2  -3  -2  -3   3   1  -3   3  -2  -3  -1  -1  -3  -2   2   31   0   0   1   0   0   1   1   0  21  13   0  13   0   0   1   1   0   0  15  0.35 0.15
  225 Y     0   0  -1   2  -3   1   4  -2  -1  -2  -2   2  -2  -3  -2  -1  -1  -3  -2   0   10   2   1  13   0   5  34   1   0   2   1  14   1   0   1   1   2   0   1   8  0.34 0.11
  226 G     0   0   1   0  -2   2   1  -1   0   0   1   1   2  -2  -2   0   0  -2  -2  -1    5   3   9   3   0  11  10   3   1   5  15  11  11   1   1   4   5   0   0   2  0.09 0.05
  227 G     2  -2  -3  -3  -2  -2  -2  -2  -2   1   3  -2   2  -1  -2  -1  -1  -2  -1   1   21   1   1   1   0   1   1   2   1   6  42   1   5   1   1   1   2   0   1   9  0.25 0.10
  228 E     1   1   0   0  -3   2   3  -1   0  -3  -3   3  -1  -3  -1   0  -1  -3  -2  -2   12   4   3   3   0   6  28   3   1   1   1  29   1   1   1   3   1   0   0   1  0.37 0.12
  229 L     0   0   0   0  -3   1   2   1  -1  -2  -2   2  -1  -3   1   0  -1  -3  -2  -2   11   2   5   4   0   6  22  10   0   1   5  17   1   0   7   4   2   0   0   2  0.20 0.07
  230 K     0   0   0   2  -3   1   4  -2  -1  -3  -3   2  -2  -4  -1   1  -1  -4  -3  -3   10   3   2  14   0   3  35   2   0   1   1  14   0   0   2  10   3   0   0   1  0.42 0.13
  231 D    -1  -2   2   3  -3  -2   0   5  -1  -4  -4   0  -3  -4  -2  -1  -2  -4  -3  -3    1   1  13  18   0   1   3  49   1   0   1   5   0   0   1   3   1   0   0   1  0.67 0.16
  232 K    -1  -1  -4  -3  -2  -3  -3  -4  -1   5   0  -2   0   0  -3  -3  -1  -1   2   3    2   3   0   1   1   0   0   0   2  51   3   3   1   2   1   1   1   1   8  20  0.51 0.17
  233 G    -1  -2   1   3  -3  -1   0  -1  -1  -4  -4  -1  -3  -3  -3   5  -1  -5  -3  -3    1   0   7  20   0   0   3   2   1   0   0   2   0   1   0  61   0   0   1   0  0.76 0.25
  234 I     2  -4  -4  -4   2  -3  -3  -3  -4   3   0  -3   0  -2  -1  -2  -1  -4  -3   5   17   0   0   0   5   0   0   0   0  18   2   0   1   0   3   2   1   0   0  51  0.56 0.19
  235 E    -3  -2  -2   0  -6   0   7  -4  -2  -6  -5  -1  -4  -6  -3  -2  -3  -5  -4  -4    0   0   0   2   0   0  97   0   0   0   0   0   0   0   0   0   0   0   0   0  1.81 0.40
  236 L    -2  -4  -5  -5  -3  -4  -4  -5  -4   3   4  -4   0  -1  -4  -4  -2  -4  -3   3    0   0   0   0   0   0   0   0   0  16  53   0   0   0   0   0   0   0   0  30  0.77 0.21
  237 I    -3  -5  -5  -4  -3  -5  -5  -6  -5   7   0  -5   0  -2  -5  -4  -3  -5  -3   2    0   0   0   0   0   0   0   0   0  87   2   0   0   0   0   0   0   0   0  11  1.39 0.32
  238 D    -4  -4   0   8  -6  -3  -1  -4  -3  -6  -6  -3  -5  -6  -4  -2  -3  -7  -5  -6    0   0   1  99   0   0   0   0   0   0   0   0   0   0   0   0   0   0   0   0  2.13 0.40
  239 L    -3  -4  -5  -6  -3  -4  -5  -6  -5   0   6  -4   1  -1  -4  -4  -3  -4  -3   0    0   0   0   0   0   0   0   0   0   1  93   0   1   0   0   0   0   0   0   5  1.22 0.29
  240 R    -4   8  -3  -4  -5  -1  -2  -5  -2  -5  -4   0   0  -5  -4  -3  -3  -5  -4  -5    0  97   0   0   0   1   0   0   0   0   0   0   2   0   0   0   0   0   0   0  1.95 0.40
  241 T    -2  -3  -2  -3  -3  -3  -3  -4  -4  -3  -3  -3  -3  -4  -3   2   7  -5  -4  -2    0   0   0   0   0   0   0   0   0   0   0   0   0   0   0  13  86   0   0   0  1.43 0.36
  242 I    -3  -4  -5  -5  -2  -4  -5  -6  -5   6   3  -4   0  -2  -5  -4  -2  -4  -3   1    0   0   0   0   0   0   0   0   0  64  30   0   1   0   0   0   0   0   0   5  1.01 0.25
  243 S     0  -2   1  -1  -2  -1  -2  -2  -1  -3  -3   1  -2  -1  -3   4  -1   1   4  -2    6   0   6   1   1   2   0   0   1   0   0   9   1   1   0  46   0   2  22   2  0.52 0.21
  244 P    -3  -5  -5  -4  -5  -4  -4  -5  -5  -5  -5  -3  -5  -6   9  -3  -4  -6  -6  -5    0   0   0   0   0   0   0   0   0   0   0   0   0   0 100   0   0   0   0   0  2.92 0.46
  245 W    -3  -4  -4  -5  -1  -3  -4  -5  -3   3   3  -4   4   2  -4  -4  -2   2   1   0    0   0   0   0   1   0   0   0   0  26  39   0  14   9   0   0   0   3   5   2  0.61 0.18
  246 D    -4  -4  -1   8  -6  -3  -1  -4  -3  -6  -6  -3  -6  -6  -3  -3  -3  -7  -6  -6    0   0   0 100   0   0   0   0   0   0   0   0   0   0   0   0   0   0   0   0  2.17 0.41
  247 K    -1   3  -1   0  -3   0   1  -2  -1   0  -2   2   0  -2  -2   0   2   1  -1   0    3  20   0   4   0   2  13   0   1   5   1  12   3   2   0   5  19   2   1   6  0.20 0.10
  248 E    -1  -2   0   4  -5   0   6  -2  -2  -5  -5   0  -4  -5  -1  -2  -2  -5  -4  -4    3   1   2  24   0   2  59   2   0   0   0   5   0   0   2   0   1   0   0   0  0.97 0.25
  249 T     2  -3  -2  -3  -1  -3  -3  -3  -4  -1  -3  -3  -1  -4  -3   0   7  -4  -4  -2   15   0   0   0   1   0   0   0   0   2   1   0   1   0   0   3  77   0   0   0  1.12 0.32
  250 V    -3  -5  -5  -5  -3  -4  -5  -6  -5   7   0  -4   0  -1  -5  -4  -2  -4  -3   3    0   0   0   0   0   0   0   0   0  74   4   0   0   2   0   0   0   0   0  20  1.15 0.28
  251 F     1  -2  -3  -4  -2  -3  -2  -3  -3   4   1  -2   1   0  -3  -2  -1  -3  -2   3   11   3   0   0   0   0   3   1   0  38  11   1   2   2   0   1   3   0   0  24  0.36 0.13
  252 N     1   0   3   1  -4   1   4  -2  -1  -4  -4   1  -3  -4  -2   0   0  -4  -3  -3   13   2  15   7   0   6  34   1   1   0   0  11   0   0   0   4   5   0   0   0  0.44 0.14
  253 S    -1  -3  -2  -2  -3  -2  -2  -2  -3  -5  -5  -2  -4  -5  -3   7   0  -5  -4  -4    1   0   0   0   0   0   0   0   0   0   0   0   0   0   0  99   1   0   0   0  1.55 0.40
  254 V    -1  -4  -5  -5  -3  -4  -4  -5  -5   2  -1  -4  -1   2  -4  -4  -2  -4  -2   6    2   0   0   0   0   0   0   0   0   8   0   0   0  10   0   0   0   0   0  80  1.08 0.29
  255 K    -2   3  -1  -2  -3   3   1  -3  -2  -4  -4   6  -3  -5  -3  -1  -2  -4  -3  -3    1  15   1   0   0  12   8   1   0   0   0  59   0   0   0   2   1   0   0   1  0.88 0.24
  256 K    -3   1  -2  -3  -5  -1  -1  -4  -2  -5  -5   7  -4  -5  -3  -2  -3  -5  -4  -5    0   2   0   0   0   0   0   0   0   0   0  97   0   0   0   0   0   0   0   0  1.70 0.39
  257 T    -2  -3  -2  -3  -3  -3  -3  -4  -4  -3  -4  -3  -3  -5  -3  -1   8  -5  -4  -2    0   0   0   0   0   0   0   0   0   0   0   0   0   0   0   0 100   0   0   0  1.77 0.42
  258 G    -2  -4  -2  -3  -5  -4  -4   7  -3  -6  -6  -3  -5  -5  -4  -2  -4  -5  -5  -5    0   1   0   0   0   0   0  97   1   0   0   1   0   0   0   0   0   0   0   0  1.91 0.35
  259 R    -4   8  -3  -4  -6  -1  -2  -5  -1  -5  -5   1  -4  -5  -4  -3  -3  -5  -4  -5    0  95   0   0   0   0   0   0   1   0   0   4   0   0   0   0   0   0   0   0  1.93 0.39
  260 L     2  -4  -4  -4   6  -3  -3  -2  -4   1   1  -3   0   2  -3  -2  -2  -3  -2   2   26   0   0   0  20   0   0   3   0  10  12   0   2  10   0   0   0   0   0  18  0.43 0.15
  261 L     0  -4  -4  -5  -2  -3  -4  -4  -4   2   2  -4   1  -2  -4  -3  -2  -4  -3   5    8   0   0   0   0   0   0   0   0  10  24   0   3   0   0   0   0   0   0  54  0.66 0.20
  262 V    -2  -4  -4  -5  -3  -4  -4  -5  -5   5   0  -4  -1  -1  -4  -3   0  -4  -3   5    1   0   0   0   0   0   0   0   0  40   0   0   0   1   0   1   5   0   0  52  0.90 0.24
  263 V    -1  -5  -5  -5  -2  -4  -4  -5  -5   2  -1  -4  -1  -3  -4  -4  -2  -5  -3   7    3   0   0   0   0   0   0   0   0   4   1   0   0   0   0   0   0   0   0  92  1.31 0.33
  264 T    -1  -2  -1  -3  -4   2  -2  -4  10  -5  -5  -3  -4  -4  -4  -2   0  -5  -1  -5    5   0   1   0   0   8   0   0  77   0   0   0   0   0   0   1   8   0   0   0  1.87 0.39
  265 E    -3  -2  -3  -1  -6   0   7  -5  -2  -6  -5  -1  -4  -6  -3  -2  -3  -5  -4  -5    0   0   0   0   0   0 100   0   0   0   0   0   0   0   0   0   0   0   0   0  1.90 0.41
  266 A     6  -3  -3  -3  -2  -3  -1   1  -4  -3  -4  -3  -3  -4  -3   0  -2  -5  -4  -2   86   0   0   0   0   0   3   8   0   0   0   0   0   0   0   2   0   0   0   0  1.11 0.31
  267 A     0  -4  -3  -4  -1  -1  -3  -4  -1  -2  -3  -3  -1  -4   7  -2  -2  -4  -2   1    6   0   0   0   1   3   0   0   2   2   0   0   2   0  67   0   1   0   1  14  1.50 0.29
  268 K    -2   4  -2  -3  -5   1   0  -3  -2  -4  -2   5  -1  -4  -3  -2  -1  -4  -3  -3    1  30   0   0   0   4   2   1   0   0   4  52   1   0   0   1   3   0   0   1  0.84 0.23
  269 T    -1  -3  -1  -3  -2  -2  -2  -3  -3  -3  -4  -2  -2  -4  -3   4   6  -5  -4  -2    0   0   2   0   0   0   0   0   0   0   0   0   0   0   0  35  62   0   0   0  1.07 0.31
  270 F     0  -4  -3  -4   7  -4  -4   1  -3  -2   0  -4  -2   5  -4  -1  -3  -2   2  -2    6   0   0   0  28   0   0  13   0   0  10   0   0  31   0   3   0   0   9   1  0.73 0.20
  271 T    -2  -4  -2  -3  -4  -3  -4   7  -4  -6  -6  -3  -5  -5  -4   1  -2  -5  -5  -5    0   0   0   0   0   0   0  86   0   0   0   0   0   0   0  13   1   0   0   0  1.61 0.32
  272 T    -2  -4  -4  -4  -3  -3  -4  -4  -4   1   2  -3   2   3   3  -3  -1  -2  -1   3    2   0   0   0   0   0   0   0   0   4  28   0   5  20  14   0   2   0   0  26  0.48 0.15
  273 S     3  -4  -2  -3  -3  -3  -3   6  -4  -5  -5  -3  -4  -5  -3   1  -2  -4  -4  -4   27   0   0   0   0   0   0  64   0   0   0   0   0   0   0   8   0   0   0   0  1.13 0.26
  274 G     6  -3  -3  -3  -2  -2  -3   1  -3  -3  -4  -2  -3  -4  -3   2  -1  -4  -4  -2   77   0   0   0   0   0   0   8   0   0   0   0   0   0   0  14   1   0   0   0  0.98 0.28
  275 E    -3  -2  -3  -1  -6   0   7  -5  -2  -6  -5  -1  -4  -6  -3  -2  -3  -5  -4  -5    0   0   0   0   0   0 100   0   0   0   0   0   0   0   0   0   0   0   0   0  1.90 0.41
  276 I    -3  -5  -5  -5  -3  -4  -5  -6  -5   6   3  -4   0  -2  -5  -4  -2  -4  -3   1    0   0   0   0   0   0   0   0   0  68  27   0   1   0   0   0   0   0   0   4  1.07 0.27
  277 I     2  -3  -3  -3  -2  -3  -3  -3  -3   4  -1  -3   2  -2  -3   1   1  -4  -3   1   17   0   0   0   0   0   0   0   0  42   0   0   8   0   0  16   9   0   0   7  0.43 0.18
  278 A     5  -3  -2  -3  -2   0  -2  -2  -3  -3  -3  -2  -3  -4  -2   2   1  -4  -3  -2   69   0   0   0   0   4   0   0   0   0   0   0   0   0   0  17  10   0   0   0  0.85 0.26
  279 S    -1   3  -2  -3  -3   0  -2  -4  -2   2   2  -1   0  -2  -3  -1   2  -3  -2   0    2  26   0   0   0   5   0   0   0  20  19   0   2   1   0   3  17   0   0   4  0.29 0.14
  280 V     0  -4  -5  -5  -3  -4  -4  -5  -5   5   1  -4   0  -2  -4  -3  -2  -4  -3   4    8   0   0   0   0   0   0   0   0  54   5   0   0   0   0   0   1   0   0  31  0.82 0.23
  281 T    -1  -2   6  -1  -2   3  -1  -2  -1  -3  -3  -2   3  -4  -4   0  -1  -5  -3  -3    3   0  57   0   1  18   0   1   0   1   1   0   9   0   0   4   3   0   0   1  0.87 0.26
  282 E    -3  -2  -2   0  -6   0   7  -4  -2  -6  -5  -1  -4  -6  -3  -2  -3  -5  -4  -5    0   1   0   2   0   1  95   0   0   0   0   1   0   0   0   0   0   0   0   0  1.74 0.39
  283 E    -2   2   0   1  -5   1   3  -1   2  -4  -4   4  -3  -4  -3  -1  -2  -4  -3  -4    1  11   3   5   0   2  26   5   7   0   0  39   0   0   0   1   1   0   0   0  0.60 0.18
  284 L     5  -3  -3  -2   5  -3  -3  -2  -4  -3  -2  -3  -2  -4  -3   0  -2  -4  -4  -1   74   0   1   1  15   0   0   0   0   0   3   0   0   0   0   2   0   0   0   2  0.96 0.28
  285 F    -4  -4  -5  -5  -4  -4  -5  -4  -4   0   3  -5   1   7  -5  -4  -3  -1   0  -1    0   0   0   0   0   0   0   1   0   4  31   0   3  60   0   0   0   0   0   1  1.17 0.27
  286 S    -3  -3  -4  -2  -3  -3   0  -4  -3   0   5  -3   1   1  -4  -3  -2  -3   1  -1    0   0   0   2   0   0   7   1   0   0  76   0   1   5   0   1   1   0   6   1  0.74 0.23
  287 Y    -2  -2   1  -2  -4  -1  -2  -3   6  -4  -4  -2  -3   0  -4   3  -2  -1   6  -4    0   0   8   1   0   3   1   0  21   0   0   0   0   1   0  26   0   0  39   0  0.90 0.26
  288 L    -3  -4  -5  -5  -3   1  -4  -5  -4   0   6  -4   1  -1  -5  -4  -3  -4  -3  -1    0   0   0   0   0   9   0   0   0   0  89   0   1   0   0   0   0   0   0   0  1.12 0.29
  289 K    -2   0  -1   0  -5   2   6  -4   0  -5  -3   3  -3  -5  -3  -2  -2  -5  -4  -4    2   2   1   1   0   7  66   0   1   0   2  17   0   0   0   1   0   0   0   0  1.02 0.27
  290 A     6  -3  -4  -4  -2  -3  -3  -2  -4  -3  -4  -3  -3  -4  -3   0  -2  -5  -4  -2   96   0   0   0   0   0   0   0   0   0   0   0   0   0   0   2   1   0   0   0  1.36 0.35
  291 A    -1  -4  -4  -4  -5  -3  -3  -4  -5  -5  -5  -3  -5  -6   9  -3  -3  -6  -5  -5    6   0   0   0   0   0   0   0   0   0   0   0   0   0  94   0   0   0   0   0  2.64 0.43
  292 P    -1  -4  -4  -4  -2  -3  -4  -4  -4   3  -1  -3   0  -3   5  -3  -2  -5  -3   4    2   0   0   0   0   0   0   0   0  18   2   0   3   0  34   0   0   0   0  41  0.90 0.23
  293 Q     0   0  -1  -1  -3   2   2  -2  -2  -1  -1   2   0  -3  -2   0   2  -3  -3   0   10   3   1   0   0  14  21   2   0   4   4  13   2   0   0   4  16   0   0   7  0.22 0.10
  294 R    -4   8  -3  -4  -6  -1  -2  -5  -3  -5  -5   0  -4  -5  -5  -3  -3  -5  -4  -5    0 100   0   0   0   0   0   0   0   0   0   0   0   0   0   0   0   0   0   0  2.08 0.42
  295 V    -2  -4  -5  -5  -1  -4  -4  -5  -5   3   2  -4   0  -2  -4  -3  -2  -4  -3   6    0   0   0   0   1   0   0   0   0  12  19   0   0   0   0   0   0   0   0  67  0.89 0.24
  296 T     1  -3  -2  -3   0  -2  -3  -2  -4  -3  -3  -3   0  -4  -3   1   6  -4  -4  -2   13   0   0   0   2   1   0   1   0   0   0   0   3   0   0   4  76   0   0   0  1.07 0.31
  297 G     0  -4  -2  -3  -4  -4  -4   7  -4  -6  -6  -3  -5  -5  -4  -1  -3  -5  -5  -5    4   0   0   0   0   0   0  93   0   0   0   0   0   0   0   3   0   0   0   0  1.77 0.33
  298 W    -3  -4  -2  -5  -3  -3  -4  -5  -1  -2  -2  -4  -2   7   1  -4  -4   2   5  -3    1   0   2   0   0   1   0   0   1   0   1   0   0  64   7   0   0   2  21   0  1.36 0.30
  299 D    -4  -4  -1   8  -6  -3  -1  -4  -3  -6  -6  -3  -6  -6  -4  -2  -3  -7  -6  -5    0   0   0  99   0   0   0   0   0   0   0   0   0   0   0   0   0   0   0   0  2.15 0.41
  300 I    -2  -3  -3  -4  -2  -3  -3  -4  -4   4  -1  -3  -1  -3  -3  -1   5  -4  -3   3    1   0   0   0   0   0   0   0   0  26   0   0   0   0   0   0  52   0   0  20  0.78 0.25
  301 V    -1  -4  -3  -4  -2  -3  -3  -4  -3   4  -1  -3   0  -2   4  -2   3  -4  -3   3    2   0   0   0   0   0   0   0   0  31   1   0   1   0  21   0  20   0   0  23  0.60 0.19
  302 V    -2  -4  -4  -5  -3  -3  -4  -5  -3   3   0  -4   5   4  -1  -3  -2  -3   0   4    0   0   0   0   0   0   0   0   0  14   1   0  22  19   4   0   1   0   3  36  0.63 0.20
  303 P    -3  -5  -5  -4  -5  -4  -4  -5  -5  -5  -6  -3  -5  -6   9  -3  -4  -6  -6  -5    0   0   0   0   0   0   0   0   0   0   0   0   0   0 100   0   0   0   0   0  2.94 0.46
  304 L    -3  -4  -5  -5  -3  -4  -4  -5  -3   0   5  -4   1   1  -5  -4  -3  -2   4  -1    0   0   0   0   0   0   0   0   0   1  76   0   1   3   0   0   0   0  18   0  1.00 0.26
  305 A     2  -3  -3  -3  -3  -3  -3  -3  -2  -3  -2  -3  -1   0   6  -1  -2  -2   5  -3   26   1   0   1   0   0   0   1   0   0   3   0   1   3  38   2   0   0  24   0  0.90 0.23
  306 R     0   4  -2  -3  -4   2  -1  -3  -2  -4  -2   6  -1  -4  -3  -1  -2  -4  -3  -3    8  20   0   0   0   8   0   0   0   0   3  57   1   0   0   1   1   0   0   0  0.82 0.24
  307 G    -1  -3  -1  -3  -3  -3  -3   4  -1  -1   3  -3   1  -2  -4  -1  -1  -3  -2  -2    2   1   2   0   0   0   0  40   2   0  41   0   4   1   0   5   2   0   1   0  0.53 0.18
  308 E    -3  -2  -3  -1  -6   0   7  -5  -2  -6  -5  -1  -4  -6  -4  -2  -3  -5  -4  -5    0   0   0   0   0   0 100   0   0   0   0   0   0   0   0   0   0   0   0   0  1.93 0.42
  309 H    -2  -1   2   4  -4   1   0  -2   6  -3   0   1  -1  -3  -2  -1  -2  -4  -1  -3    1   1  13  24   0   4   3   2  27   0  11   9   1   0   1   2   0   0   0   0  0.53 0.18
  310 Y    -3  -2  -1   0  -3  -1   0  -4   6  -2  -1  -3  -2   3  -4  -3  -3   0   6  -3    1   0   1   6   0   1   8   0  25   1   7   0   0  10   0   0   0   0  37   0  0.84 0.24
  311 Q    -4  -4  -3  -5  -4  -1  -4  -5   4  -4  -3  -4  -2   3  -5  -4  -4   0   9  -3    0   0   1   0   0   2   0   0  10   0   0   0   0   9   0   0   0   0  77   0  1.89 0.39
  312 F    -2  -3  -3  -4  -1  -2  -4  -4  -3   2   4  -3   4   2  -4  -3  -2  -2   1   0    3   1   1   0   1   2   0   0   0  13  47   0  18   9   0   1   0   0   4   1  0.54 0.17
  313 N    -3  -4  -3  -4  -4  -1  -3  -4  -1   3  -2  -3  -2  -3   7  -3  -3  -5  -4   0    0   0   1   0   0   4   0   0   1  19   3   0   1   1  65   0   0   0   0   6  1.50 0.30
  314 L    -2  -2   3   4  -4   0   2  -1  -1  -4  -4  -1  -3  -4  -2   3   1  -5  -4  -3    0   0  17  31   0   2  11   2   0   0   1   0   0   0   1  25  10   0   0   0  0.60 0.18
  315 N     2  -2  -2  -1  -3  -1   0  -2  -2  -2  -3  -1  -2  -4   6   0   0  -4  -3   0   26   0   1   2   0   2   7   0   1   1   0   4   1   0  38   4   5   0   0   9  0.71 0.18
  316 A     1   0   0   2  -4   1   4  -1  -1  -4  -3   2  -3  -2  -1  -1  -1  -4  -1  -3   12   3   3  13   0   6  37   3   0   0   1  12   0   1   2   2   2   0   2   1  0.43 0.15
  317 R    -3   7  -2  -3  -5   1  -2  -4  -1  -5  -4   3  -2  -5  -4  -2  -3  -5  -3  -4    0  72   0   0   0   4   0   0   1   0   0  20   1   0   0   0   0   0   1   0  1.38 0.32
  318 I    -3  -5  -5  -5  -2  -5  -5  -6  -5   7   0  -5   0  -2  -5  -4  -3  -5  -3   3    0   0   0   0   1   0   0   0   0  81   1   0   1   0   0   0   0   0   0  17  1.35 0.32
  319 L     1  -1  -2  -2  -2  -1   0  -1  -2   1   1   0   0   1  -2  -1  -1  -2   0   1   20   2   0   0   0   1   7   5   1  11  11   6   3   9   0   3   2   0   3  14  0.07 0.06
  320 E     0   1   0   2  -3   0   1  -2   1  -3  -2   2  -1  -1  -2   0  -1  -1   3  -2   12   8   4  12   0   2  11   0   2   0   2  21   1   1   0   3   3   0  15   1  0.24 0.11
  321 A     3  -2  -1  -2  -3  -1   3   3  -2  -4  -4   1  -3  -4  -3   0  -1  -4  -2  -3   34   1   1   0   0   0  22  26   1   0   0  10   0   0   0   2   3   0   1   0  0.49 0.18
  322 V    -1  -5  -5  -5  -2  -4  -5  -5  -5   6   1  -4   1  -2  -4  -4  -2  -4  -3   3    4   0   0   0   1   0   0   0   0  71   6   0   2   0   0   0   1   0   0  16  1.05 0.27
  323 N    -2   4   0   0  -4   1   3  -3  -1  -3  -3   3  -1  -4  -3  -1  -1  -4  -3  -3    2  24   4   4   0   4  28   1   1   1   2  24   2   0   0   1   1   0   0   1  0.55 0.17
  324 Q    -2   2   0   1  -5   2   3  -3  -1  -4  -4   4  -3  -5  -3  -1  -2  -4  -3  -4    1  12   4   7   0   8  27   0   0   0   0  37   0   0   0   2   1   0   0   0  0.67 0.20
  325 L     0  -3  -3  -4   1  -3  -3  -4  -4   2   1  -3   0  -2  -3  -1   2  -4  -3   4    9   0   0   0   4   0   0   0   0   8  13   0   1   0   0   1  17   0   0  47  0.50 0.19
  326 L    -1  -3  -4  -5  -3  -3  -4  -5  -4   2   2  -4   7  -1  -4  -3  -2  -4  -2   4    5   0   0   0   0   0   0   0   0   7  19   0  35   1   0   0   0   0   0  33  0.78 0.24
  327 K    -2   2  -2  -1  -5   2   4  -3  -2  -4  -4   5  -3  -5  -3  -2  -2  -4  -3  -4    0  11   0   0   0   5  39   0   0   0   0  45   0   0   0   0   0   0   0   0  0.89 0.21

                      K         Lambda
Standard Ungapped    0.1376     0.3199
Standard Gapped      0.0656     0.2670
PSI Ungapped         0.2142     0.3175
PSI Gapped           0.0656     0.2670
