
Last position-specific scoring matrix computed, weighted observed percentages rounded down, information per position, and relative weight of gapless real matches to pseudocounts
            A   R   N   D   C   Q   E   G   H   I   L   K   M   F   P   S   T   W   Y   V   A   R   N   D   C   Q   E   G   H   I   L   K   M   F   P   S   T   W   Y   V
    1 M    -4  -4  -5  -6  -4  -3  -5  -6  -4  -1   0  -4  10  -3  -5  -4  -3  -4  -4  -2    0   0   0   0   0   0   0   0   0   0   1   0  99   0   0   0   0   0   0   0  2.57 0.69
    2 W    -5  -5  -6  -6  -5  -4  -3  -5  -5  -5  -4  -5  -4   1  -6   0  -4  12   0  -5    0   0   0   0   0   0   2   0   0   0   0   0   0   4   0  10   0  83   1   0  3.36 0.71
    3 N    -3  -2   7  -1  -4   0  -1  -2  -1  -4  -3   0  -3  -2  -3  -1  -1  -4  -3  -4    1   0  72   0   0   4   3   2   0   0   2   6   0   2   0   3   2   0   0   1  1.17 0.38
    4 S    -1  -2   5   0  -4   4  -1  -1  -1  -4  -4  -1  -3  -4  -3   4  -1  -4  -3  -4    2   0  30   3   0  22   0   4   0   0   0   2   0   0   0  36   1   0   0   0  0.73 0.33
    5 G    -1  -3  -2  -2  -4   3  -2   6  -1  -5  -5  -3  -4  -4  -3  -1  -3  -4  -4  -5    3   0   0   2   0  15   1  75   1   0   0   0   0   1   1   2   0   0   0   0  1.30 0.40
    6 F    -1  -3  -2  -3  -3  -2  -3   4   2  -3  -1  -3  -1   5  -3  -2  -3  -2   1  -3    2   1   0   0   0   1   1  38   7   0   4   1   1  36   0   1   1   0   4   0  0.73 0.28
    7 E    -1  -2  -1   1  -4   1   2   4  -1  -4  -3  -2  -3   0  -3  -1  -2  -2   3  -2    1   0   0   6   0   6  20  40   1   0   0   0   0   3   0   2   1   0  14   2  0.52 0.23
    8 S    -1  -1   2   0  -3   0  -1   3  -2  -3  -4  -2  -3  -1  -3   4   0  -3   0  -3    1   2  10   3   0   3   2  26   0   0   0   0   0   4   0  40   4   0   4   1  0.45 0.22
    9 F    -2  -3   0   1   0   0   1  -1  -1  -3  -2  -2  -2   4  -4  -2  -2  -1   6  -3    1   0   4   9   2   5  10   6   0   0   0   0   0  24   0   1   0   0  36   0  0.66 0.27
   10 T    -1  -3   1   1  -3   0  -1   4  -2  -4  -4  -2  -2  -2  -2   2   0  -3   0  -3    2   0   6   8   0   6   1  43   0   0   0   0   1   1   1  23   4   0   4   1  0.56 0.23
   11 S    -1  -1   1   0  -3   1   1   3  -2  -3  -3  -1   0  -2  -2   3   0  -3  -1  -3    1   2   5   5   0   8   8  24   0   0   0   0   4   2   0  35   4   0   2   1  0.37 0.20
   12 S     0  -2   0   0  -3   0  -1   2  -2  -3  -3  -2   0  -1  -1   4   0  -3  -1  -3    4   0   4   4   0   5   1  15   1   0   0   0   3   4   2  52   3   0   2   1  0.46 0.24
   13 T     1  -2   0   1  -2  -1  -1   3  -2  -2  -3  -1  -1  -1  -2   2   1  -3   1  -1   15   0   4   7   0   2   1  22   0   1   1   1   1   2   0  22  12   0   6   3  0.25 0.14
   14 Y     1  -1  -1  -1  -2   1  -1   1   1   0  -1  -1   0   2  -2   1  -1  -1   3   0   11   2   1   2   0   9   1  13   3   4   2   1   4  11   1  11   2   0  15   8  0.12 0.10
   15 G    -1  -2  -1  -1  -3  -2  -2   5  -2  -3  -3  -2  -1   1   0   1  -1  -3  -1  -3    2   2   1   2   0   1   2  59   0   1   1   1   1   8   4   9   3   0   2   1  0.69 0.21
   16 G    -1  -2  -1   0  -3   0  -2   5  -2  -3  -3  -2   0  -3   1   1  -1  -3  -3  -2    2   1   2   4   0   5   1  57   0   1   1   1   4   0   6   9   2   0   0   3  0.64 0.19
   17 R     3  -2  -1  -1  -2   0  -1   4  -2  -2  -3  -1  -2  -3  -1   1   0  -3  -3  -1   31   1   1   2   0   6   1  34   0   0   1   1   1   0   3  10   3   0   0   4  0.40 0.15
   18 G    -1  -3  -2  -2  -3  -1  -3   5   0  -2  -4  -2  -3  -1  -1   1  -2  -3   0  -2    2   0   0   0   0   2   0  61   3   3   0   0   0   3   3  14   1   0   3   3  0.75 0.25
   19 G    -1  -1  -1  -3  -4  -3  -3   6  -3  -5  -4  -2  -4  -4  -2   1  -2  -4  -2  -4    0   3   1   0   0   0   0  80   0   0   0   0   0   0   2   9   0   0   1   0  1.26 0.33
   20 Y    -3  -3  -3  -2  -4  -3  -3   2   0  -3  -3  -3  -3   1  -4  -1  -3   0   8  -3    0   0   0   2   0   0   0  17   1   0   1   0   0   3   0   4   0   0  69   0  1.31 0.40
   21 T    -1   0   2  -2  -2  -1  -2  -2  -2  -1  -1  -2   3   1  -3   0   4  -2   1   0    1   6  14   0   0   2   0   2   0   0   4   0  12   8   0   3  37   0   4   5  0.30 0.21
   22 Q    -2  -1   2   1  -4   6   1  -1   0  -4  -3  -1  -1  -4  -1   0  -1  -3  -1  -3    0   0  10   7   0  57   3   5   1   0   2   0   1   0   2   5   2   0   3   0  0.74 0.32
   23 S     0  -1   0   0  -3   1  -1  -1   0  -3  -3  -1  -3  -2  -1   5   0  -4  -1  -3    3   2   3   4   0   8   0   1   2   0   3   0   0   1   2  66   1   0   2   0  0.64 0.31
   24 P    -1  -3  -3  -3  -4  -1  -1  -2  -3  -4  -4  -2  -1  -5   8  -2  -1  -5  -4  -3    5   0   0   0   0   3   4   2   0   0   1   0   2   0  77   0   3   0   0   0  1.82 0.40
   25 G    -1  -4  -2  -3   0  -3  -3   6  -3  -5  -5  -3  -4  -2  -3   0  -3   1  -4  -4    0   0   0   0   2   0   1  81   0   0   0   0   0   2   0   8   0   2   0   0  1.31 0.36
   26 G    -1  -3   0   0  -4   2   0   6  -2  -4  -4  -2  -3  -4  -2  -1  -2  -4  -4  -4    0   0   4   3   0  11   8  69   0   0   0   0   0   0   1   0   0   0   0   0  0.99 0.30
   27 F    -1  -4  -3  -4  -3  -4  -4   1  -3  -2  -1  -4   0   7  -4  -2  -3  -1   1  -2    4   1   0   1   0   0   1  10   0   1   3   1   2  72   1   2   1   0   0   1  1.13 0.35
   28 G     1  -3   0   1  -3  -2  -2   5  -3  -4  -4  -2  -3  -4  -3   1  -1  -4  -4  -3   14   0   4   7   0   0   0  61   0   0   0   0   0   0   0   8   3   0   0   0  0.86 0.28
   29 S     1  -2  -1  -2  -2  -1  -2   0  -3  -3  -3  -2  -2  -4  -2   5   2  -4  -3  -3    7   0   0   0   0   2   0   5   0   0   1   0   1   0   1  69  14   0   0   0  0.81 0.37
   30 P    -3  -2  -3  -3  -4  -2  -3  -3  -4  -4  -3  -3  -4   0   8  -1   0  -4  -2  -3    0   2   0   0   0   2   0   1   0   0   1   0   0   5  75   4   5   0   2   1  1.78 0.46
   31 T     3  -1  -1  -1  -1   3  -1   0  -2  -3  -2  -1   0  -3  -2   2   3  -4  -3  -2   31   2   0   1   1  16   0   5   0   0   2   2   2   0   0  17  20   0   0   1  0.37 0.23
   32 P     2  -3  -2  -1  -1   0  -2   3  -3  -3  -1  -2  -1  -3   5   0  -1  -4  -3  -2   18   0   0   3   1   6   0  22   0   0   7   0   1   1  28   7   2   0   0   2  0.52 0.22
   33 S     2  -2  -1  -2  -2  -2  -2   2  -2  -3  -3  -1  -3  -3  -1   4   3  -4  -1  -2   14   0   0   0   0   0   0  14   0   0   2   2   0   0   2  45  18   0   2   0  0.53 0.28
   34 Q     0  -1  -2  -1  -4   7   1  -2  -2  -4  -3  -1  -2  -4  -2  -1   0  -4  -3  -3    8   0   0   2   0  66   7   3   0   0   1   1   0   0   1   3   6   0   0   0  1.01 0.43
   35 A     3  -1   0   0  -2   0   0   3  -2  -2  -2   1  -1  -2  -1   1  -1  -3  -2  -2   30   1   2   6   0   3   5  26   0   1   1   9   2   1   1   6   3   0   0   2  0.28 0.14
   36 E    -1  -1  -1   2  -4   1   5  -1  -2  -3  -1   1  -2  -4  -1  -1  -1  -4  -3  -3    5   2   0  10   0   6  49   4   0   0   6  10   0   0   2   0   3   0   0   0  0.52 0.22
   37 K    -2   3  -1   0  -4   0   0  -2  -2  -4  -4   5  -3  -1   0   0  -1  -4  -3  -3    0  15   0   4   0   1   2   3   0   0   0  60   0   3   4   6   2   0   0   0  0.71 0.30
   38 K    -2   3  -1  -2  -4   0   0  -2  -2  -4  -3   6  -3  -4  -2  -2   0  -4  -3  -3    0  14   1   0   0   1   2   2   0   0   1  71   0   0   1   0   5   0   0   1  0.96 0.36
   39 S     1   0   0  -1  -2   2  -1   2  -2  -3  -2   0  -2  -3   1   3   1  -3  -2  -2    8   4   2   1   0  12   1  15   0   1   2   3   0   0   7  35   9   0   0   1  0.31 0.16
   40 R    -1   6  -1   0  -3   0  -1  -1  -2  -3  -3   3  -2  -3  -1   0  -2  -3  -3  -3    3  54   1   6   0   1   1   3   0   1   1  15   0   0   3   9   1   0   0   1  0.70 0.24
   41 V     2  -1   0  -1  -2   1  -1  -1  -1  -1  -1  -1   1  -2  -1   2   2   2   0   0   20   3   4   3   0   7   1   2   0   3   2   2   5   1   2  18  16   4   3   4  0.14 0.09
   42 R    -2   6  -1  -2  -3   1  -1  -1  -1  -3  -2   2  -2  -3  -2   0  -2  -3  -2  -3    1  67   1   1   0   3   1   5   0   1   5   6   0   1   1   6   1   0   0   1  0.78 0.24
   43 A     2  -2   1  -1  -1  -1  -1   0  -2   1  -1  -1  -1  -1   1   1   0  -2  -1   1   30   1   8   1   0   1   1   5   0  13   1   1   0   2   6  15   4   0   2   8  0.14 0.10
   44 Q    -1   0   0  -1  -3   5   1  -2   1  -2   0   0  -1  -3  -2   0   0  -3  -2  -2    4   4   4   1   0  49   5   1   4   1  11   3   0   1   1   4   6   0   0   1  0.48 0.21
   45 H    -2  -1   4   1   2   3   1  -2   3  -3  -3   0  -2  -2  -2   0  -1  -3   1  -3    1   1  26   5   7  21   9   1   8   1   1   4   0   0   1   5   3   0   6   1  0.37 0.17
   46 I    -2  -3  -3  -3  -2  -3  -3  -3  -3   4   1  -3   2   1   1  -2   0  -3  -2   2    1   1   0   1   0   0   1   1   0  45   7   1   7   5   8   1   8   0   0  13  0.38 0.17
   47 V    -1  -2  -3  -3  -2   0  -2  -1  -3   3   1  -2   3  -1  -3  -2  -1  -3  -2   3    4   1   0   1   0   8   1   5   0  25  11   1  13   0   1   1   1   0   0  28  0.28 0.15
   48 P    -2  -4  -4  -3  -4  -3  -3  -4  -4  -4  -4  -3  -4  -5   8  -2  -3  -5  -4  -4    0   0   0   0   0   0   0   0   0   0   0   0   0   0  96   0   0   0   0   0  2.58 0.41
   49 C    -2  -5  -4  -5  10  -4  -5  -4  -5  -3  -3  -4  -3  -4  -4  -1  -2  -4  -4   0    1   0   0   0  87   0   0   0   0   0   0   0   0   0   0   3   0   0   0   6  2.32 0.43
   50 T    -1  -3   0  -2   3  -2  -2  -3  -1  -2  -3  -2  -2  -4  -3   1   6  -4  -3  -2    0   0   2   0   7   0   0   0   2   0   0   0   0   0   0   4  83   0   0   0  1.07 0.33
   51 I    -1  -4  -4  -4  -2  -3  -4  -4  -4   4   0  -3   0  -2  -4  -3  -1  -4  -2   5    1   0   0   0   0   0   0   1   0  25   3   0   0   0   0   0   1   0   0  68  0.79 0.25
   52 S     2  -2   1  -2   0  -1  -1  -1  -2  -3  -3   0  -3  -3  -2   5   0  -4  -1  -2   20   0   8   0   2   0   0   0   0   0   0   3   0   0   0  64   0   0   2   0  0.64 0.24
   53 Q    -2  -1  -2  -2  -4   8   1  -3   0  -3  -4   0  -1  -5  -2  -2  -2  -4  -3  -4    0   0   0   0   0  87   5   0   1   2   0   0   1   0   2   0   0   0   0   0  1.43 0.39
   54 L    -2  -3  -4  -4  -2  -3  -4  -5  -4   2   5  -3   1  -1  -4  -3  -2  -3  -2   1    2   0   0   0   0   0   0   0   0  13  76   0   0   0   0   0   0   0   0   8  0.76 0.22
   55 L    -2  -2  -3  -4  -2  -2  -3  -4   1   0   4  -2   5   0  -4  -3  -2  -1  -1   0    0   1   1   0   0   0   0   0   4   2  58   2  25   3   0   0   0   1   0   1  0.62 0.22
   56 S     1  -2   1  -1  -2   1  -1   0  -2  -3  -3  -1  -1  -3  -2   4   2  -4  -3  -2   11   0   7   0   0   6   0   3   0   0   0   0   2   0   0  56  12   0   0   1  0.53 0.21
   57 A     5  -3  -2  -3   0  -2  -2  -1  -3  -3  -3  -2  -2  -4  -2   2  -1  -4  -3  -1   82   0   0   0   1   0   0   0   0   0   0   0   0   0   0  12   1   0   0   2  0.88 0.29
   58 T     1  -1   0   0  -2   0   2  -2  -2  -2  -2   0  -2  -3  -2   2   4  -3  -3  -1   10   1   1   2   0   4  16   0   0   1   0   3   0   0   0  18  39   0   0   3  0.36 0.16
   59 L    -1  -1  -2  -2  -4   6   0  -3   1  -2   2  -1   0  -3  -2  -2  -2  -3  -2  -2    3   0   0   0   0  62   2   0   3   1  24   0   2   0   1   0   0   0   0   1  0.76 0.28
   60 T     2  -2   1  -1  -2  -1  -2  -2  -2   1  -1  -2   0  -2  -2   0   1  -3  -2   3   20   0   9   2   0   2   0   0   1   8   1   0   2   0   0   5  11   0   0  37  0.22 0.13
   61 D    -2  -1   0   6  -5   0   4  -1  -2  -4  -5  -1  -4  -5  -3  -1  -2  -5  -4  -4    2   1   2  60   0   1  27   4   0   0   0   1   0   0   0   0   0   0   0   0  1.02 0.26
   62 E    -2  -2   1   5  -5   0   5  -2  -2  -5  -4  -1  -4  -5  -3  -1  -2  -5  -4  -4    0   0   7  34   0   0  57   1   0   0   0   0   0   0   0   0   0   0   0   0  1.03 0.27
   63 V     1  -2  -2  -1  -2  -1  -2  -2  -1   0  -1   1   0  -2  -2   0   2  -3  -1   3   18   0   1   3   0   0   0   1   2   1   2  11   2   0   0   6  14   0   2  37  0.18 0.12
   64 F    -4  -5  -5  -5  -4  -5  -5  -5  -3  -2  -1  -5  -2   8  -5  -4  -4  -1   2  -3    0   0   0   0   0   0   0   0   0   0   1   0   0  97   0   0   0   0   1   0  1.89 0.40
   65 R    -2   5  -2  -2  -3   0  -1  -3  -1  -3  -3   4  -1   1  -3  -1  -2  -3   0  -3    1  45   0   0   0   2   0   0   0   0   0  36   1   8   0   1   1   0   4   0  0.72 0.22
   66 I    -2  -3  -3  -4   0  -2  -3  -4  -4   5   1  -3   0  -1  -3  -1   0  -4  -2   3    0   0   0   0   1   1   0   0   0  53   4   0   0   1   0   7   3   0   0  28  0.57 0.20
   67 G    -1   2  -1  -2   2  -1  -2   6  -1  -5  -4  -2  -3  -4  -3  -1  -3  -4  -3  -4    0  16   1   1   6   1   1  71   2   0   0   0   0   0   0   0   0   0   0   0  0.99 0.24
   68 D    -2  -2   3   5  -4   0   3   1  -1  -4  -4  -1  -4  -4  -3  -1  -2  -5  -4  -4    0   0  20  37   0   0  28  12   1   0   0   0   0   0   0   0   0   0   0   0  0.75 0.21
   69 V    -1  -3  -4  -4  -2  -2  -3  -4  -4   3   1  -3   1  -2  -3  -3   0  -4  -2   5    1   0   0   0   0   1   0   0   0  16   6   0   2   0   0   0   4   0   0  68  0.68 0.22
   70 E    -1  -2   0   1  -5   1   6  -3  -2  -4  -4  -1  -3  -5  -3  -1  -2  -4  -3  -3    3   0   2   4   0   2  86   0   0   0   0   0   0   0   0   0   0   0   0   1  1.21 0.32
   71 I    -2  -4  -4  -4  -2  -3  -4  -5  -4   5   3  -4   1  -1  -4  -3  -2  -3  -2   3    0   0   0   0   0   0   0   0   0  50  24   0   1   0   0   0   0   0   0  24  0.66 0.20
   72 S     2  -2   2  -1  -2  -1  -1  -1   2  -3  -3  -1  -2  -1  -2   4   0  -3  -1  -2   19   0  10   0   0   1   0   0   5   0   1   0   0   2   0  55   3   0   2   2  0.48 0.20
   73 Q    -3   0  -2  -2  -5   8   0  -4   0  -5  -4   0  -2  -5  -3  -2  -2  -4  -3  -4    0   1   0   0   0  96   0   0   2   0   0   0   0   0   0   0   0   0   0   0  1.69 0.43
   74 V    -1  -3  -4  -4  -2  -3  -3  -4  -4   2   0  -3   0  -2  -3  -3  -1  -4  -2   6    2   0   0   0   0   0   0   1   0   9   1   0   0   0   0   0   0   0   0  83  0.86 0.26
   75 T    -1  -2  -1  -2   0  -2  -2  -2  -3  -1  -2  -2  -2  -3  -2   2   6  -3  -3  -1    1   0   0   0   2   0   0   1   0   2   1   0   0   0   0  18  69   0   0   3  0.77 0.25
   76 I    -2  -3  -4  -4  -2  -3  -3  -4  -4   5   1  -3   1  -1  -3  -3  -1  -3  -2   3    1   0   0   0   0   0   0   1   0  57   9   0   3   1   1   0   0   0   0  24  0.63 0.19
   77 V    -1  -3  -4  -4  -1  -3  -3  -4  -4   2   0  -3   1  -2  -3  -3  -1  -4  -2   6    1   0   0   0   1   0   0   0   0   4   2   0   4   0   0   0   1   0   0  85  0.86 0.26
   78 G    -1  -3  -2  -2  -4  -3  -3   7  -3  -5  -4  -3  -4  -4  -3  -2  -3  -4  -4  -4    2   0   0   0   0   0   0  93   0   0   1   0   0   0   0   0   0   0   0   0  1.53 0.30
   79 I    -2  -3  -4  -4  -2  -3  -4  -4  -4   5   2  -3   1  -1  -3  -3  -1  -3  -2   3    0   0   0   0   0   0   0   0   0  53  17   0   1   0   0   0   0   0   0  24  0.62 0.19
   80 I    -2  -4  -4  -4  -2  -3  -4  -4  -4   6   0  -3   0  -1  -3  -3  -2  -4  -2   4    0   0   0   0   0   0   0   0   0  66   1   0   0   0   0   0   0   0   0  29  0.83 0.24
   81 R    -3   7  -2  -3  -4   0  -1  -3  -2  -3  -3   2  -2  -4  -3  -2  -2  -4  -3  -3    0  84   0   0   0   0   0   0   0   1   2   7   0   0   0   0   1   0   0   1  1.27 0.31
   82 H    -1   1   2   0  -3   2   0  -1   6  -3  -3   0  -2  -3  -2   2   0  -3  -1  -3    2   6   9   5   0  11   0   2  27   0   1   4   0   0   0  24   6   0   0   0  0.42 0.15
   83 A     4  -2  -2  -3  -1  -2  -2  -2  -3   0  -2  -2   0  -2  -2   0   3  -3  -2   1   51   0   0   0   0   0   0   0   0   2   1   0   2   0   0   1  23   0   1  15  0.42 0.18
   84 E    -2  -1   0   4  -4   2   5  -3  -1  -4  -4   1  -3  -4  -2  -1  -1  -4  -3  -3    0   0   2  22   0   6  52   0   0   0   1  10   0   0   0   0   1   0   0   2  0.73 0.20
   85 K    -2   1  -1  -1  -4   1   2  -3  -2  -2  -3   5   1  -3   0  -1  -2   0  -3  -2    0   5   0   0   0   2  13   0   0   1   1  62   5   0   4   0   0   1   0   3  0.62 0.21
   86 A     4  -2  -1  -2  -2   0  -1  -1  -2  -1  -2  -1  -2  -3  -2   3   0  -3  -2  -1   48   0   0   0   0   3   0   2   0   4   1   0   0   0   0  35   4   0   1   0  0.49 0.19
   87 P     1  -3  -3  -3  -3  -2  -2  -3  -3  -2  -2  -2   4  -3   6   0  -1  -4  -3  -1   16   0   0   0   0   1   0   0   0   1   1   0  16   0  50   4   3   0   0   4  1.00 0.23
   88 T    -1  -2   1  -2  -2  -2  -2  -3   0  -1  -2  -2  -2  -3  -2   0   6  -4  -1  -1    2   0   7   0   0   0   0   0   3   3   0   0   0   0   0   1  79   0   1   0  0.91 0.29
   89 N    -2   1   6  -1  -1  -1  -2  -2   1  -4  -4  -1  -3  -2  -3   0  -1  -3   2  -3    1  10  64   0   2   0   0   0   3   0   0   0   0   1   0   7   0   0   9   0  0.84 0.25
   90 I    -2  -4  -4  -4  -2  -4  -4  -4  -4   6   1  -4   1  -1  -4  -3  -2  -4  -2   3    0   0   0   0   0   0   0   0   0  77   3   0   1   0   0   0   0   0   0  15  0.92 0.26
   91 V    -2  -1  -2   1  -2   3  -1  -3   1   0   3  -1   1  -2  -3  -2  -1  -3  -2   2    0   3   0  10   0  22   1   0   4   0  35   0   4   0   0   0   0   0   0  19  0.25 0.14
   92 Y    -3  -3  -4  -4   0  -3  -4  -4   0  -3  -3  -3  -3   1  -4  -3  -3   0   9  -3    0   0   0   0   2   0   0   0   0   0   0   0   0   0   0   0   0   0  93   0  1.95 0.41
   93 K    -2   1   0  -1  -4   0   2  -3  -2  -3  -3   6  -1  -4  -2  -1   0  -4  -3  -2    0   2   2   1   0   0  12   0   0   1   0  70   1   0   0   3   4   0   0   2  0.75 0.24
   94 I    -2  -3  -4  -4  -2  -3  -3  -4  -4   4   1  -3   0  -1  -3  -3  -1  -3  -2   5    0   0   0   0   0   0   0   0   0  34   9   0   0   0   0   0   1   0   0  53  0.67 0.20
   95 D    -3  -3   1   7  -5  -2   0  -3  -2  -4  -5  -2  -4  -5  -3  -1  -2  -5  -4  -4    0   0   3  91   0   0   0   0   0   0   0   0   0   0   0   2   0   0   0   0  1.59 0.34
   96 D    -3  -3   0   7  -5  -2   0  -3  -3  -4  -5  -2  -4  -5  -3  -2  -2  -5  -4  -4    0   0   2  94   0   0   0   0   0   0   0   0   0   0   0   0   0   0   0   0  1.67 0.35
   97 M    -3  -1  -4  -5  -3  -2  -4  -4  -3  -1   1  -3  10  -2  -4  -3  -2  -3  -3  -1    0   3   0   0   0   0   0   0   0   0   3   0  91   0   0   0   1   0   0   0  1.79 0.47
   98 T    -2  -3  -2  -3  -2  -2  -2  -3  -3  -2  -3  -2  -2  -4  -3   1   7  -4  -3  -2    0   0   0   0   0   0   0   0   0   2   0   0   0   0   0   4  91   0   0   0  1.28 0.38
   99 A     4  -3  -2  -2   1  -2  -2   4  -3  -3  -3  -2  -2  -3  -2   1   1  -2  -3  -2   44   0   0   0   3   0   0  34   0   0   0   0   0   0   0   7   8   0   0   0  0.58 0.19
  100 P     4  -1  -2  -2  -2  -2  -1  -1  -3  -3  -3   0  -2  -4   5   0  -1  -4  -3  -2   55   1   0   1   0   0   3   1   0   0   0   7   0   0  27   1   0   0   0   1  0.73 0.23
  101 P    -2  -4  -3  -1  -4  -3  -3  -4  -4  -2  -3  -3  -4  -5   8  -2  -1  -5  -4  -3    0   0   0   3   0   0   0   0   0   2   2   0   0   0  85   1   3   0   0   1  2.10 0.38
  102 M    -3  -3  -4  -5  -3  -2  -4  -4  -3   3   2  -3   8   0  -4  -3  -2  -3  -2   0    0   0   0   0   0   0   0   0   0  15  13   0  66   2   0   0   0   0   0   1  1.17 0.35
  103 D    -3  -3   0   7  -5  -1   3  -2  -2  -2  -4  -2  -4  -5  -3  -1  -2  -5  -4  -4    0   0   0  72   0   0  19   2   0   3   0   0   0   0   0   2   0   0   0   0  1.23 0.31
  104 V    -1  -4  -4  -4  -2  -4  -4  -4  -4   2  -1  -4  -1  -2  -4  -3  -2  -4  -3   6    3   0   0   0   0   0   0   0   0   6   0   0   0   0   0   0   0   0   0  88  1.05 0.33
  105 R    -3   6  -2  -3   0   0  -1  -3   0  -4  -4   4  -3  -4  -3  -2  -2  -4  -3  -4    0  62   0   0   2   0   0   0   2   0   0  32   0   0   0   0   0   0   0   0  1.12 0.31
  106 Q    -3   0  -2  -2  -5   8   0  -4   1  -4  -3   0  -2  -5  -3  -2  -3  -4  -3  -3    0   2   0   0   0  89   0   0   3   0   1   2   0   0   0   0   0   0   0   1  1.57 0.45
  107 W    -5  -5  -6  -6  -5  -4  -5  -5  -5  -4  -4  -5  -3   3  -6  -5  -5  12   0  -5    0   0   0   0   0   0   0   0   0   1   0   0   0  10   0   0   0  88   0   0  3.50 0.59
  108 V    -1  -4  -3  -4  -2  -3  -4  -3  -4   2   1  -3   1  -1  -4  -2  -1  -4  -2   5    1   0   1   0   0   0   0   1   0   7   9   0   2   1   0   2   0   0   0  73  0.74 0.27
  109 D    -3  -3   0   7  -5  -2   1   0  -3  -5  -5  -2  -5  -5  -3  -1  -3  -6  -5  -5    0   0   0  84   0   0   7   6   0   0   0   0   0   0   0   2   0   0   0   0  1.50 0.37
  110 T     0   0   3  -2  -2  -2  -2  -2  -2  -2  -2  -2  -2  -3  -3   1   5  -4  -3  -2    5   6  14   0   0   0   0   2   0   1   3   0   0   0   0   5  63   0   0   1  0.69 0.27
  111 D    -2  -2   0   6  -5   0   4  -2  -2  -5  -5  -1  -4  -5  -3  -2  -1  -5  -4  -4    1   0   2  57   0   1  36   1   0   0   0   0   0   0   0   0   2   0   0   0  1.15 0.31
  112 D    -2  -1  -1   5  -4   0   4  -1   0  -4  -4   1  -3  -4  -2  -1  -2  -4  -3  -4    1   1   0  38   0   0  42   5   2   0   1   7   0   0   0   0   0   0   0   0  0.81 0.24
  113 A     3  -2   1  -2  -2  -1  -1  -1  -2  -2  -2  -1  -1  -3   4   2   0  -3  -3  -1   36   0   9   1   0   0   3   2   1   1   1   0   1   0  19  16   5   0   0   4  0.41 0.16
  114 S     0  -1   1   0  -2  -1  -1   3  -2  -2  -2   1  -2  -3  -2   3   0  -3  -3  -1    2   1   4   5   0   0   0  27   0   2   3   8   0   0   0  40   3   0   0   4  0.38 0.17
  115 G     0   0  -1  -1   0   1  -1   2   0  -1  -2  -1   0  -3   2   1  -1  -3  -2   1    4   5   2   1   2  10   3  19   3   1   1   0   4   0   9  14   1   0   0  21  0.15 0.10
  116 E    -2  -2   0   4  -4   1   5  -1  -2  -4  -4  -1  -3  -4  -2  -1  -1  -4  -3  -4    0   0   3  27   0   3  54   5   0   0   1   1   0   0   0   0   3   0   0   0  0.85 0.25
  117 N    -1  -1   5   0  -1   0   0  -1  -1  -2  -2   0   0  -3  -1   2   0  -4  -3  -2    0   0  39   3   1   4   6   3   0   2   3   3   3   0   3  25   2   0   0   2  0.43 0.18
  118 A     0  -2   0  -2  -1   0   0  -2  -2   1  -1  -1   0  -2  -1   1   4  -3  -2   2    7   0   4   0   1   4   8   1   0   7   1   0   1   0   1   8  37   0   1  19  0.26 0.15
  119 V    -1   0  -3  -4  -2  -3  -3  -4  -3   1   0  -2   0  -1   0  -1  -1  -4  -2   5    2   8   0   0   0   0   0   0   0   0   6   0   2   1   5   4   0   0   0  69  0.56 0.24
  120 V    -1  -3  -3  -4   1  -3  -3  -4   0   2   2  -3   1   0  -3  -2  -1  -3   0   4    2   0   0   0   3   0   0   0   3  12  22   0   2   2   0   0   0   0   4  46  0.41 0.16
  121 P    -2   1  -3  -3  -4  -1  -1  -3   0  -3  -3  -2  -3  -4   7  -1  -2  -4  -4  -1    0   9   0   0   0   2   2   2   3   0   1   0   0   0  70   4   0   0   0   5  1.55 0.32
  122 P    -2  -3  -3  -2  -4  -2   2  -3  -1  -3  -3  -2  -3  -4   7  -2  -2  -4  -4   0    2   0   0   0   0   0  16   0   1   0   1   0   0   0  68   0   0   0   0   8  1.53 0.33
  123 E    -1  -2   3   0  -4  -2   1   5  -2  -4  -4  -2  -3  -4  -3  -1  -2  -4  -4  -4    1   1  20   3   0   0  14  57   0   0   1   0   0   0   0   1   0   0   0   0  0.84 0.23
  124 T    -1  -2  -1  -2  -2  -2  -2  -3  -3  -2  -2  -2  -2  -3  -2   2   6  -4  -3   1    1   0   2   0   0   0   0   0   0   1   1   0   0   0   0  13  71   0   0   8  0.86 0.30
  125 Y    -3  -3  -4  -5  -4  -3  -4  -5   0  -3  -3  -4  -3   1  -4  -3  -3   0   9  -3    0   0   0   0   0   0   0   0   0   0   1   0   0   0   0   0   0   0  93   0  2.11 0.48
  126 V     0  -4  -4  -4  -2  -3  -3  -4  -4   2  -1  -3   0  -2  -3  -3  -1  -4  -2   6    6   0   0   0   0   0   0   1   0   6   1   0   1   0   0   0   0   0   0  81  0.90 0.30
  127 K    -2   3  -2  -2  -4   0  -1  -3  -2  -4  -4   6  -3  -4  -2  -2  -2  -4  -3  -4    1  16   0   0   0   0   1   1   0   0   1  77   0   0   0   0   0   0   0   0  1.12 0.33
  128 V    -1  -4  -4  -4  -2  -3  -4  -4  -4   1   0  -3   0  -2  -3  -3  -1  -4  -3   6    2   0   0   0   0   0   0   1   0   2   3   0   1   0   0   0   0   0   0  88  1.02 0.32
  129 A     2  -1  -1  -2   0  -2  -2  -1  -2   0  -2  -2  -1   1  -2   3   1  -2   0   0   28   2   2   0   2   0   0   1   0   8   1   0   0   9   0  31   7   0   4   5  0.24 0.14
  130 G    -1  -4  -2  -3  -1  -3  -3   7  -3  -5  -5  -3  -4  -4  -3  -2  -3  -4  -4  -4    1   0   0   0   1   0   0  92   0   0   1   0   0   0   0   0   0   0   0   0  1.60 0.35
  131 H    -2  -2   4  -2  -3  -1  -2  -3   8   1  -2  -2  -2  -3  -3   0   0  -4  -1  -2    1   0  26   0   0   1   0   1  46  11   2   0   0   0   0   5   4   0   0   0  0.88 0.28
  132 L    -2  -3  -4  -4  -2  -3  -4  -4  -4   1   5  -3   2  -1  -4  -3  -2  -3  -2   2    1   0   0   0   0   0   0   1   0   3  75   0   5   0   0   0   0   0   0  12  0.75 0.24
  133 R    -3   7  -2  -3  -4  -1  -1  -3  -2  -4  -3   2  -3  -4  -3  -2  -2  -4  -3  -4    1  81   0   0   0   0   0   1   0   0   1  10   0   0   0   1   1   0   0   0  1.34 0.35
  134 S     1  -2  -1  -2   2  -2  -2  -1  -2  -2  -3  -2  -2  -2  -1   5   0  -4  -3  -2    7   0   0   0   6   0   0   3   0   2   1   0   0   1   1  72   3   0   0   2  0.72 0.28
  135 F    -3  -4  -4  -4  -4  -4  -4  -4  -3  -1  -1  -4  -1   8  -4  -1  -2  -1   1  -2    1   0   0   0   0   0   0   1   0   1   1   0   1  85   0   6   2   0   0   0  1.49 0.37
  136 Q     0  -1  -1  -2  -4   7   1   1  -1  -4  -3   0  -2  -4  -3  -1  -2  -3  -3  -3    7   0   2   0   0  67   3  12   0   0   1   1   0   0   0   0   1   0   0   2  0.92 0.31
  137 N    -2  -2   6   0  -4  -1   0   3  -1  -4  -4  -2  -3  -4  -1   0  -1  -4  -3  -2    0   0  56   1   0   0   6  22   1   0   0   0   0   0   2   5   1   0   0   4  0.78 0.26
  138 K    -1   1   1  -1  -3   1   0  -2   4  -3  -3   5  -2  -3  -2   0   0  -3  -2  -1    2   6   6   1   0   4   1   1  14   1   1  49   0   0   1   4   4   0   0   5  0.48 0.18
  139 K    -2   5  -1  -2  -4   0  -1  -3  -2  -3  -3   5  -2  -3  -2   0  -1  -3  -3  -3    1  37   1   1   0   1   1   1   0   1   1  47   0   0   1   5   2   0   0   1  0.79 0.24
  140 S     0  -2   0  -1   3  -1  -1  -1  -1  -2  -3  -1  -1  -3  -2   5   1  -3  -3  -2    1   1   4   1   6   1   1   2   1   2   1   2   1   0   1  69   6   0   0   1  0.67 0.25
  141 L    -1  -3  -3  -3  -2  -2  -3  -3  -3   2   4  -3   1  -1  -2  -2  -1  -2   0   2    2   1   1   1   0   1   1   1   0   7  52   1   2   0   2   1   1   0   4  23  0.42 0.15
  142 V     0  -2  -2  -3   0  -2   0  -2  -3   2   0  -2   0  -2  -2  -1   0  -3  -2   5    4   1   2   1   2   1   8   2   0   5   5   2   0   0   1   4   3   0   0  61  0.39 0.18
  143 A     5  -2  -2  -3   2  -2  -2  -1  -3  -2  -2  -2  -2  -3   1   0  -1  -3  -3   1   68   1   1   1   4   1   1   1   0   1   1   1   0   0   6   2   1   0   0  11  0.59 0.22
  144 F    -3  -3  -4  -4  -3  -3  -4  -4  -2  -1   1  -3  -1   7  -4  -3  -2  -1   2   0    1   1   1   1   0   1   1   1   0   1   9   1   0  74   1   1   1   0   3   5  1.16 0.29
  145 K    -1   2   1  -1  -2   0  -1  -1  -1  -3  -3   5  -2  -3  -2   2  -1  -3  -1  -3    1   7   7   1   1   1   1   4   0   1   1  52   0   0   1  20   1   0   2   1  0.52 0.20
  146 I    -2  -3  -4  -4  -2  -3  -3  -4  -4   5   1  -3   3  -1  -3  -3  -1  -3  -2   3    1   0   0   0   0   0   1   1   0  53   8   1  10   0   0   1   2   0   0  20  0.62 0.21
  147 I     0   4  -1  -3  -1  -1  -2  -2  -1  -1   0   0   5  -2   0   0   0  -3  -2  -1    7  30   2   0   1   1   0   3   1   3   4   4  26   0   4   4   5   0   0   4  0.30 0.17
  148 P    -1  -2  -3  -3  -1  -2  -2  -2  -3  -1  -3  -2  -3  -4   7  -2  -2  -4  -4   0    3   2   0   1   1   1   1   3   0   3   1   1   0   0  71   1   1   0   0   9  1.56 0.31
  149 L    -2  -3  -4  -4  -2  -3  -3  -2  -3   2   4  -3   1  -1  -2  -3  -2  -3  -2   2    1   0   0   1   0   0   1   3   0   7  67   1   0   0   2   1   1   0   0  15  0.58 0.20
  150 E    -2  -1  -1   0  -3   0   5   0  -2  -3  -2   0   0  -3  -2  -1   2  -3  -3  -2    1   0   0   2   0   1  62   7   0   0   3   2   2   0   0   1  14   0   0   3  0.67 0.24
  151 D    -3  -3   2   7  -4  -1   1  -1  -2  -4  -4  -2  -4  -4  -3  -1  -2  -4  -4  -4    1   0   9  75   0   0   4   3   0   0   1   1   0   0   0   2   1   0   0   1  1.22 0.30
  152 M    -3  -3  -4  -5  -3  -2  -4  -4  -3   0   2  -3   9   1  -4  -3  -2  -3  -1  -1    0   0   0   0   0   0   0   0   0   2  11   0  76   4   0   0   0   0   2   0  1.43 0.41
  153 N    -3  -2   8   0  -4  -1   0  -2  -1  -5  -5  -1  -4  -4  -3   0  -2  -5  -4  -4    0   0  85   1   0   0   4   0   0   0   0   1   0   0   0   4   0   0   0   0  1.48 0.39
  154 E    -2  -2  -2   0  -4   2   6  -3  -2  -4  -4  -1  -3  -4  -2  -2  -2  -4  -3  -1    1   0   0   2   0   6  82   1   0   0   1   0   0   0   0   1   0   0   0   4  1.17 0.33
  155 F    -2  -3  -3  -4  -2  -3  -3  -1  -3   3   2  -3   0   5  -3  -3  -1  -1   0   1    1   0   0   0   0   0   0   4   0  24  18   0   1  40   0   1   4   0   0   4  0.51 0.18
  156 T    -1  -3  -2  -2  -2  -2  -2  -3  -3  -1  -2  -2  -2  -3   0   1   6   3  -3  -1    1   0   0   0   0   0   0   1   0   3   1   0   0   0   4   5  77   4   0   3  0.95 0.32
  157 A     1  -2  -1  -2   2  -1   0  -2  -2  -1  -1  -1   0  -2  -2   3   3  -2   1  -1   12   0   0   0   5   0   4   1   0   1   4   1   3   0   0  31  25   0   7   3  0.28 0.15
  158 H    -3  -1  -1  -3  -4  -1  -2  -1  10  -4  -4  -2  -3  -3   0  -2  -3  -4   0  -4    1   2   0   0   0   0   0   4  83   0   1   0   0   0   4   1   0   0   0   1  1.91 0.43
  159 I    -2  -3  -3  -4  -3  -2  -3  -4  -3   4   1  -3   7  -1   0  -3  -1  -3  -2   1    1   0   0   0   0   0   0   1   0  34   7   0  45   0   4   1   2   0   0   3  0.79 0.28
  160 L    -2  -3  -4  -4  -2  -3  -4  -4  -4   1   5  -3   1  -1  -4  -3  -2  -3  -2   0    2   0   0   0   0   0   0   1   0   2  84   0   2   0   0   1   0   0   0   5  0.86 0.26
  161 E    -2   0  -2   1  -5   0   6  -3  -2  -1  -4  -1  -3  -4  -3  -1  -2  -4  -3  -3    0   4   0   3   0   0  83   0   0   4   1   0   0   0   0   2   0   0   0   0  1.17 0.34
  162 V    -1  -3  -3  -4   2  -3  -3  -4  -4   2   0  -3  -1  -2  -3  -2   2  -4  -2   5    0   0   0   0   4   0   0   0   0   9   4   0   0   0   0   0  13   0   0  67  0.67 0.25
  163 V    -1  -3  -3  -4  -2  -3  -3  -2  -4   3   0  -3   0  -2  -3  -2  -1  -3  -2   5    1   0   0   1   0   0   1   4   0  12   6   1   2   0   1   1   3   0   0  67  0.63 0.23
  164 N    -2  -1   5  -1  -4   4  -1  -1   6  -4  -4  -1  -2  -3  -3  -1   0  -3   0  -3    1   1  35   0   0  22   0   3  23   0   1   1   0   0   0   1   7   0   3   0  0.70 0.24
  165 S     5  -2  -2  -2   0  -2  -2  -1  -3  -3  -3  -2  -2  -3  -2   3   1  -4  -3  -2   66   0   0   0   1   0   0   2   0   0   1   0   0   0   0  21   6   0   0   0  0.70 0.26
  166 H    -3   0  -1  -3  -4   0  -2  -3  10  -4  -4  -2   0  -3  -4  -1  -3  -4   0  -4    0   5   1   0   0   2   0   1  80   0   1   1   2   0   0   4   0   0   0   0  1.82 0.43
  167 M    -2  -2  -3  -4  -3  -2  -3  -3  -3   0   2  -3   8  -2  -4  -3  -2  -3  -2   1    2   1   0   0   0   1   1   1   0   2  11   0  67   0   0   1   1   0   0   9  1.10 0.34
  168 M     1  -2  -2  -2  -2   0  -2  -2  -2   2   1  -2   3  -1  -1  -1   0  -2  -1   1   15   1   1   1   0   4   1   3   1  18  14   1  18   0   3   3   6   0   2   8  0.16 0.10
  169 L    -2  -3  -3  -3  -2  -1  -3  -4   0   0   5  -3   1   0  -3  -2  -2  -2  -2   0    1   1   1   1   0   3   1   1   3   1  78   1   2   2   1   3   1   0   0   2  0.65 0.22
  170 S     0   2   2   0  -2  -1   0   0  -1  -3  -3   0  -2  -3  -1   3   1  -3  -1  -2    4  12  14   4   1   0   3   8   0   1   1   1   0   0   2  39   7   0   2   1  0.32 0.14
  171 K    -1   2   0  -2  -3   1   0  -2  -1  -3  -3   6  -1  -3  -1   0   0  -3  -3  -3    3   6   3   1   0   4   1   1   0   1   1  66   1   0   1   4   4   0   0   1  0.69 0.23
  172 P     2  -1   1  -1  -1   0  -1  -1  -1  -2  -1  -1  -2  -3   5   1  -1  -3  -2  -2   19   4  10   1   1   6   1   3   2   1   6   2   0   0  28  12   1   0   1   2  0.43 0.14
  173 N    -1   0   2  -1  -3   4   0   0   1  -2   0   0  -1  -2  -1   1  -1  -3  -1  -2    3   5  16   1   0  27   1   7   3   2  11   5   1   0   2  11   2   0   2   2  0.22 0.13
  174 S     0   0   0  -1  -2   1   0   1   0  -2  -2   0   3  -3  -1   2   2  -3  -2  -1    6   3   5   2   0   9   3  11   2   1   1   2  13   0   2  21  15   0   0   1  0.19 0.12
  175 Q     0  -1   0  -1  -1   3   0   0   0  -1  -1  -1   3  -2   0   1   1  -3  -2  -1    8   1   3   1   1  19   3   5   2   1   3   1  16   1   5  15  12   0   0   4  0.19 0.14
  176 A     2  -2  -2  -2  -2  -2  -2   1  -3  -2  -1  -2   2  -2   4   1   1  -3  -3   0   24   0   0   0   0   1   0  10   0   0   4   1  10   1  20  13   8   0   0   6  0.36 0.16
  177 S     1  -2   2  -1  -2  -2  -1   2  -2  -2  -2  -2  -1  -3   2   4   0  -4  -3  -2    7   1   9   1   0   0   1  17   0   2   3   0   1   0  10  41   4   0   0   2  0.40 0.19
  178 A     2   1  -1  -1  -1  -2  -2   3  -3  -2  -2   0   0  -2  -2   0   0  -3  -3   0   25  11   1   2   1   0   0  29   0   1   2   5   4   2   0   7   4   0   0   6  0.32 0.18
  179 G     0  -3  -1  -1  -2   0  -1   5  -3  -3  -3  -1   0  -4  -2   1   0  -4  -4  -1    6   0   1   2   0   5   3  50   0   1   1   3   4   0   2  11   4   0   0   6  0.60 0.25
  180 R    -1   3   1  -1  -3  -1  -2   2  -2  -2  -2  -1   2  -1   3   1   0  -4  -3  -2    2  18   8   2   0   0   1  19   0   1   1   1   8   3  17  11   5   0   0   2  0.36 0.20
  181 P     3  -1  -2  -2  -3   2  -1   2  -2  -2  -2  -1   2  -3   2   0   0  -3  -3  -1   27   3   1   0   0  14   1  17   0   1   2   2   7   0  11   4   5   0   0   4  0.32 0.19
  182 S     0  -3   1  -2  -1   0  -1   0  -1  -3  -3  -2   1  -4   5   3  -1  -4  -1  -2    5   0   6   1   1   4   3   5   1   1   1   1   5   0  28  32   2   0   2   2  0.59 0.27
  183 M    -1  -3   0  -2   0  -2  -3  -1   0   2   1  -2   3   3  -1   0  -1  -2  -1   2    3   0   5   1   3   1   0   6   3  15   8   1  13  15   2   7   2   0   0  14  0.17 0.14
  184 S     1  -1   2  -2  -3  -1  -2   1   0  -3  -3  -1  -1  -2  -1   4   1  -4  -3  -1    8   2   9   0   0   2   0   8   2   0   1   2   2   1   2  48   9   0   0   4  0.49 0.27
  185 N    -1   1   3  -1  -3   0  -2  -1  -1  -2  -2   1   0  -3   2   2   2  -4  -2  -2    1   9  15   1   0   2   0   4   1   1   2   8   4   0  10  23  15   0   1   2  0.30 0.19
  186 P     1  -3  -1  -2  -3  -2  -2   0  -3  -3  -1  -2   1  -2   6   1   1  -4  -3  -2   14   0   2   1   0   0   1   7   0   0   5   2   6   2  38  11   8   0   0   2  0.67 0.26
  187 G     0  -3   0  -2  -3   0  -1   5  -3  -2  -4  -1   1  -4  -1   0   0  -4  -4  -3    7   0   4   1   0   4   4  54   0   2   1   2   5   0   3   7   6   0   0   1  0.69 0.27
  188 M    -2   0   0  -3  -3  -2  -3   1  -3   2   0  -1   7  -2  -4  -2   0  -4  -3   1    1   5   4   1   0   1   1  10   0  11   3   4  43   0   0   1   6   0   0   7  0.66 0.32
  189 S     0  -2   1   1  -3  -2  -1   4  -3  -3  -3  -2   1  -2  -3   2   1  -4  -3  -3    5   2   8   8   0   0   3  35   0   0   0   0   6   2   0  21   8   0   0   1  0.47 0.23
  190 E    -1  -1   1   3  -3   1   2   1  -1  -2  -2  -1   2  -3  -1   1   0  -4  -3  -2    3   1   7  20   0   4  18  10   1   1   2   1   9   1   2  13   6   0   0   1  0.29 0.17
  191 S     1  -2  -1  -1  -3   0  -1   2  -3   0  -1  -2   4  -3   0  -1   1  -3  -2   0   15   1   2   3   0   4   3  20   0   3   1   0  19   0   4   3  12   0   1   9  0.26 0.19
  192 F    -1  -2   0  -2  -4   0  -2   6  -3  -2  -3  -2  -1  -4  -3   0  -1  -4  -4  -2    3   2   4   1   0   6   2  60   0   3   1   1   2   0   1   8   3   0   0   2  0.81 0.30
  193 N    -1  -2   3   0  -3   0   0   4  -1  -4  -3  -1  -2  -3  -3   3  -1  -3  -1  -3    2   0  16   4   0   3   4  32   1   0   1   2   1   0   0  25   2   0   3   1  0.49 0.23
  194 F    -2  -3  -1  -4  -1  -2  -4   0  -1  -3  -2  -3  -2   5  -4  -1  -2  -1   7  -3    2   1   3   0   2   2   1   7   1   0   2   0   1  23   0   4   2   0  49   1  1.11 0.38
  195 S     1  -1  -1  -2  -2  -2  -2   5  -3  -3  -4  -2  -3  -4  -2   3   1  -4  -3  -3   11   4   2   1   1   0   2  43   0   1   1   1   0   0   1  23   8   0   0   1  0.61 0.25
  196 G    -1  -1  -2  -1  -2  -1  -1   6  -3  -4  -4  -1  -2  -4  -3  -1  -2  -3  -4  -4    4   3   1   3   1   2   5  69   0   1   1   2   1   1   1   4   1   0   0   1  1.05 0.32
  197 N     3  -2   3  -1  -3  -2  -2   3   0  -3  -3  -2  -2  -1  -2   1  -1  -3   0  -1   26   0  20   2   0   0   1  25   2   0   1   1   1   2   1   8   1   0   4   4  0.41 0.21
  198 N    -1  -1   4   0  -2  -2  -1   3   0  -3  -4  -2   0  -4  -3   3   0  -4  -2  -2    1   2  29   2   0   0   3  20   2   1   0   0   3   0   0  26   6   0   2   2  0.53 0.26
  199 F     0  -2   1   4  -3  -2   0   0   0  -3  -2  -2   1   2  -2   2  -1  -3   0  -3    6   0   5  26   0   0   5   7   2   0   2   1   5  13   1  21   2   0   2   1  0.32 0.19
  200 M    -1  -3  -1  -2   1  -2  -3   0  -3   1   2  -3   7  -2  -3  -1  -1  -3  -3   0    5   1   3   2   3   0   1   8   0   8  20   1  37   1   1   4   2   0   0   4  0.54 0.26
  201 P     0  -2  -2  -2  -3   0  -1   0  -2  -2  -1  -1  -1  -3   6   0   1  -3  -2   0    9   1   1   1   0   5   2   6   1   1   6   2   2   1  37   6   9   0   1   9  0.59 0.21
  202 A     2  -2   3  -1  -2  -2  -1  -1  -1   0  -1  -1   1  -2  -2   0   1  -3  -2   2   20   1  17   2   0   1   2   2   1   6   3   2   5   0   1   6   9   0   1  22  0.20 0.15
  203 N    -2  -2   8  -1  -4  -2  -2  -2   1  -4  -4  -2  -4  -4  -2   0  -2  -4   1  -3    3   1  72   2   0   0   1   2   2   1   1   1   0   0   2   5   1   0   5   2  1.38 0.45
  204 R    -2  -2  -3  -3  -4  -4  -4   7  -4  -3  -5  -3  -4  -5  -4  -2  -4  -4  -5  -3    1   3   0   1   0   0   0  87   0   2   1   0   0   0   0   1   0   0   0   2  1.74 0.49
  205 L    -4  -4  -5  -6  -4  -4  -5  -6  -5  -1   6  -5   0   0  -5  -3  -4  -4  -3  -2    0   0   0   0   0   0   0   0   0   0  94   0   0   2   0   2   0   0   0   0  1.52 0.50
  206 T    -2  -3   2   0  -3  -3  -3  -2  -3  -2  -4  -3  -3  -4  -3   4   6  -5  -4  -3    1   0   8   5   0   0   0   2   0   1   0   0   0   0   0  30  50   0   0   0  0.94 0.41
  207 V     3  -3  -1  -2  -2  -1  -2   0  -3  -1  -1  -2  -1   0   3   0  -1  -4  -2   1   33   0   3   1   0   2   0   6   0   0   7   0   1   6  16   6   2   0   0  15  0.33 0.20
  208 V     1  -2   3  -2  -3   1  -2  -3   6   1  -1  -2  -2  -3  -3   0   0  -4   0   0   11   0  18   0   0   6   0   0  23  13   4   0   0   0   0   8   6   0   3   8  0.39 0.24
  209 Q    -4   0  -3  -3  -6   8  -1  -5   0  -6  -5  -2  -3  -6  -4  -2  -4  -5  -4  -5    0   5   0   0   0  89   1   0   2   0   0   0   0   0   0   1   0   0   0   0  2.17 0.69
  210 N    -2  -1   6  -1  -4  -1  -2  -2  -2  -5  -5   1  -2  -5  -4   4   0  -5  -4  -4    2   1  49   0   0   2   0   2   0   0   0   8   1   0   0  30   4   0   0   0  1.02 0.42
  211 Q    -4  -2  -3  -2  -6   8   2  -5  -1  -6  -5  -1  -4  -6  -4  -3  -4  -5  -4  -5    0   0   0   1   0  85  10   0   1   0   0   1   0   0   0   0   0   0   0   0  2.10 0.68
  212 V    -3  -5  -6  -6  -3  -5  -5  -6  -6   3  -1  -5  -2  -3  -5  -4  -3  -5  -4   7    0   0   0   0   0   0   0   0   0  10   1   0   0   0   0   0   0   0   0  88  1.65 0.55
  213 L    -3  -3  -5  -5  -4   0  -4  -5   4  -1   6  -4  -1  -1  -4  -4  -3  -4  -3  -2    2   1   0   0   0   4   0   0  12   0  77   0   0   2   0   0   0   0   0   1  1.12 0.44
  214 N    -2   2   6  -1   0   1  -2  -2  -2  -3  -3  -1  -1  -3  -4   3   0  -5  -4  -3    0  11  45   1   2   5   0   1   0   1   2   1   2   1   0  21   4   0   0   1  0.76 0.35
  215 L    -3  -5  -5  -6  -4  -4  -5  -6  -5   1   6  -5   1  -2  -5  -4  -3  -1  -3  -1    2   0   0   0   0   0   0   0   0   5  86   0   3   0   0   0   1   1   0   2  1.31 0.46
  216 I    -4  -6  -6  -6  -4  -6  -6  -6  -6   8  -1  -5  -2  -2  -6  -5  -3  -5  -4   0    0   0   0   0   0   0   0   0   0  96   1   0   0   1   0   0   1   0   0   1  2.01 0.61
  217 K    -3   4  -1  -3  -5   1  -2  -4   2  -4  -3   6  -3  -4  -2  -2   0  -5  -3  -3    0  27   2   0   0   3   0   0   5   0   1  50   0   1   1   1   6   0   0   1  0.96 0.39
  218 A     2  -3   3  -1  -3  -1   1   1  -3  -4  -4  -2  -4  -5  -3   5  -1  -5  -4  -4   17   0  16   1   0   1   8   9   0   0   0   0   0   0   0  46   2   0   0   0  0.70 0.35
  219 C    -3  -6   0  -3  11  -5  -6  -5   0  -4  -4  -5  -4  -4  -6  -1  -4  -5  -1  -4    0   0   6   2  81   0   0   0   2   0   0   0   0   1   0   5   0   0   2   0  2.70 0.69
  220 P    -2   1  -1  -3  -3   0  -3  -4   4  -3  -3   0   0  -5   7  -1  -2  -5  -4  -2    2   7   3   0   0   5   0   0  10   1   2   5   2   0  53   5   2   0   0   3  1.16 0.39
  221 R    -1   3  -1   3  -4   0   1   0  -1  -2  -2  -1  -2  -3  -3   0   0  -4  -2   0    1  20   0  23   0   3  11   7   1   1   4   1   1   0   0   9   5   0   1  11  0.28 0.19
  222 P     1  -3  -1   0  -4   1   2  -3  -3  -4  -3  -2  -4  -4   6   0  -1  -5  -4  -3   10   0   2   6   0   8  13   0   0   0   2   1   0   1  45   8   2   0   0   1  0.96 0.34
  223 E    -3  -1  -1  -2  -6   6   6  -4  -1  -5  -5  -1  -2  -6  -4  -2  -1  -5  -4  -4    0   1   3   0   0  35  54   0   1   0   0   1   1   0   0   2   2   0   0   0  1.32 0.49
  224 G    -3  -4  -3  -4  -5  -5  -4   7  -5  -6  -6  -4  -5  -6  -5  -3  -4  -5  -4  -5    0   0   0   0   0   0   1  97   0   0   0   0   0   0   0   0   0   0   1   1  2.19 0.60
  225 L     0  -3  -4  -5  -1  -3  -4  -4  -4   4   2   0   6  -2  -4  -3  -2  -4  -3   1    9   0   0   0   1   0   0   0   0  34  15   8  26   0   0   1   0   0   0   5  0.72 0.33
  226 N    -1  -3   4  -2  -3  -3  -3  -1  -2  -5  -4  -3  -4  -5  -3   6  -1  -5  -4  -4    3   0  19   0   0   0   0   3   0   0   1   0   0   0   0  71   1   0   0   0  1.19 0.49
  227 F    -2  -4  -4  -5  -3  -4  -4  -5  -4   4   3  -4   2   4  -4  -4  -1  -3  -1   2    1   0   0   0   0   0   0   0   0  32  25   0   4  20   0   0   3   0   0  13  0.68 0.27
  228 Q    -2  -1   1   2  -5   6   2  -4   4  -5  -4  -1  -2  -5  -3  -2  -1  -4  -1  -4    3   2   6  10   0  52  10   0  10   0   0   2   1   0   0   1   2   0   1   0  0.99 0.41
  229 D    -2  -3   0   6  -5   0   4  -4  -2  -4  -5  -2  -4  -2  -3  -1  -2  -5   0  -2    2   0   4  43   0   4  34   0   0   0   0   0   0   1   0   3   1   0   4   3  0.97 0.37
  230 L    -3  -4  -5  -6  -3  -4  -5  -6  -5   2   6  -5   1  -2  -5  -4  -3  -4  -3   1    0   0   0   0   0   0   0   0   0   9  79   0   2   0   0   0   0   0   0   8  1.19 0.41
  231 R    -1   2  -3  -2   4   2  -1  -4  -3  -5  -4   6  -3  -5  -3  -2  -3  -5  -4  -4    4   8   0   1  10   8   2   0   0   0   0  64   0   0   0   2   0   0   0   0  1.12 0.43
  232 S     0   0   2  -2  -3   4  -1  -2   0  -2  -1   1  -1  -2  -3   1   2   0  -3  -2    6   2  12   0   0  29   1   1   1   2   6   8   0   1   0  11  14   1   0   2  0.34 0.23
  233 Q    -2   5  -1  -3  -5   6   1  -4  -1  -5  -4   1  -3  -3  -3  -1  -2  -4  -3  -4    2  30   2   0   0  41   8   0   1   0   0   7   0   1   0   4   2   0   0   0  0.97 0.39
  234 L    -4  -4  -5  -6  -4  -4  -5  -6  -5   0   6  -5   1  -2  -4  -5  -3  -4  -3   0    0   0   0   0   0   0   0   0   0   1  89   0   2   0   1   0   0   0   0   4  1.39 0.48
  235 Q    -2   3  -1  -2   1   3  -1   0   5  -4  -4   3  -3  -4   0   2  -2  -4  -2  -4    0  15   2   0   3  13   1   6  19   0   0  19   0   0   4  17   0   0   0   0  0.55 0.27
  236 H    -2  -1   3  -2  -4  -2  -3   5   4  -4  -4  -2  -4  -4  -3   2  -2  -4   0  -3    1   2  15   1   0   0   0  43  13   0   0   0   0   0   0  17   0   0   3   2  0.77 0.31
  237 M    -3  -4  -5  -5  -1  -3  -4  -5  -4   3   2  -4   8  -2  -5  -4  -1  -4  -3   2    1   0   0   0   1   0   0   0   0  18  12   0  49   0   0   0   3   0   0  14  1.18 0.44
  238 P    -1  -3   4  -2  -4  -2  -2  -1  -3  -5  -5  -2  -4  -5   3   5   1  -5  -4  -4    2   0  19   0   0   0   0   2   0   0   0   0   0   0  14  56   6   0   0   0  0.97 0.42
  239 V    -1  -1  -3  -2  -3  -1   1  -3  -3   2   2  -2   5  -1   0  -2  -2  -3  -2   2    3   3   0   1   0   1  11   1   0  12  21   1  20   1   4   1   1   0   1  20  0.34 0.21
  240 P     2   0   1   0  -2   0  -1  -1  -2  -2  -2   1  -1  -3   1   2   1  -3  -1  -1   24   4   7   6   0   4   1   4   0   1   2  10   2   0   6  17   7   0   2   4  0.19 0.13
  241 S     2  -3  -2  -2  -2   0  -2  -3  -1   0  -2  -1  -1  -3  -2   2   3  -4  -3   2   22   0   0   2   0   4   1   0   1   3   1   2   1   0   1  16  25   0   0  20  0.35 0.23
  242 I    -4  -5  -6  -6  -4  -5  -6  -6  -6   8   0  -5  -1  -1  -5  -5  -3  -5  -4   1    0   0   0   0   0   0   0   0   0  88   4   0   0   1   0   0   0   0   0   5  1.71 0.53
  243 K    -4   5  -3  -4  -6  -1  -2  -4  -3  -5  -5   7  -3  -6  -4  -2  -3  -6  -4  -5    0  28   0   0   0   1   1   0   0   0   0  69   0   0   0   1   0   0   0   0  1.58 0.53
  244 Q    -2  -2   0   0  -5   7   2  -4   0  -5  -3   1  -3  -5  -4  -1  -2  -5  -4  -2    1   0   3   5   0  65  10   0   2   0   2   5   0   0   0   3   2   0   0   2  1.22 0.48
  245 A     6  -4  -4  -4   0  -3  -4  -3  -4  -2  -4  -3  -3  -5  -3  -1   0  -5  -4   0   86   0   0   0   1   0   0   0   0   2   0   0   0   0   0   1   5   0   0   4  1.35 0.51
  246 V    -3  -5  -5  -6  -3  -5  -5  -6  -6   3   1  -5  -1  -3  -5  -4  -3  -5  -4   6    0   0   0   0   0   0   0   0   0  15  12   0   0   0   0   0   0   0   0  73  1.30 0.45
  247 D    -3  -3  -2   5  -6  -1   6  -4  -3  -6  -6  -1  -5  -6  -4  -3  -3  -6  -5  -5    2   0   0  32   0   1  63   1   0   0   0   1   0   0   0   0   0   0   0   0  1.52 0.51
  248 F    -5  -6  -6  -7  -5  -6  -6  -6  -4  -3  -3  -6  -3   9  -7  -5  -5   1   3  -4    0   0   0   0   0   0   0   0   0   0   0   0   0  91   0   0   0   2   8   0  2.47 0.64
  249 L    -4  -5  -6  -6  -4  -5  -6  -6  -6  -1   6  -5   0  -2  -6  -5  -4  -4  -4  -2    0   0   0   0   0   0   0   0   0   0 100   0   0   0   0   0   0   0   0   0  1.73 0.54
  250 C    -2  -4  -2  -3   0  -3  -3  -2  -4  -1  -5  -3  -2  -5  -4   7   1  -5  -4  -4    0   0   0   0   2   0   0   1   0   3   0   0   1   0   0  85   6   0   0   0  1.42 0.55
  251 N    -3  -3   7  -2  -4  -3  -3  -2  -2  -2  -5  -2  -4  -3  -4   3  -2  -6  -4  -1    0   0  61   0   0   0   0   1   0   3   0   0   0   1   0  29   0   0   0   4  1.31 0.49
  252 E    -4  -3  -3  -1  -7  -1   8  -5  -3  -6  -6  -2  -5  -6  -4  -3  -4  -6  -5  -6    0   0   0   0   0   0  99   0   0   0   0   1   0   0   0   0   0   0   0   0  2.19 0.65
  253 G    -2  -5  -3  -4  -5  -5  -5   7  -5  -7  -7  -4  -6  -6  -5  -3  -4  -5  -6  -6    1   0   0   0   0   0   0  99   0   0   0   0   0   0   0   0   0   0   0   0  2.26 0.58
  254 H    -5  -4  -3  -5  -6  -3  -3  -5  11  -7  -6  -4  -5  -4  -2  -4  -5  -6   0  -7    0   0   0   0   0   0   0   0  97   0   0   0   0   0   2   0   0   0   1   0  3.25 0.78
  255 I    -4  -6  -6  -6  -4  -6  -6  -7  -6   8  -1  -6  -2  -3  -6  -5  -3  -5  -4   1    0   0   0   0   0   0   0   0   0  97   0   0   0   0   0   0   1   0   0   3  2.01 0.58
  256 Y    -5  -5  -5  -6  -5  -5  -5  -6  -1  -4  -3  -5  -4   5  -6  -5  -5  -1   9  -4    0   0   0   0   0   0   0   0   0   0   0   0   0  26   0   0   0   0  74   0  2.32 0.59
  257 S    -2  -4  -2  -3   0  -3  -3  -3  -4  -5  -5  -3  -4  -5   0   7  -1  -6  -5  -4    0   0   0   0   1   0   0   0   0   0   0   0   0   0   3  94   0   0   0   0  1.67 0.57
  258 T    -3  -4  -3  -4  -4  -4  -4  -4  -5  -4  -4  -4  -4  -5  -4  -1   8  -5  -4  -3    0   0   0   0   0   0   0   0   0   0   0   0   0   0   0   1  98   0   0   0  2.04 0.62
  259 V    -3  -5  -5  -6  -3  -5  -5  -6  -6   6  -1  -5  -1  -3  -5  -4  -3  -5  -4   5    0   0   0   0   0   0   0   0   0  47   0   0   0   0   0   0   0   0   0  53  1.35 0.43
  260 D    -5  -5  -1   8  -7  -3  -1  -4  -4  -6  -7  -4  -6  -7  -4  -3  -4  -7  -6  -6    0   0   1  99   0   0   0   0   0   0   0   0   0   0   0   0   0   0   0   0  2.44 0.62
  261 D    -3  -1   0   6  -6  -1   5  -2  -3  -6  -6  -2  -5  -6  -4  -2  -3  -6  -5  -5    1   2   3  52   0   0  39   2   0   0   0   0   0   0   0   0   0   0   0   0  1.35 0.42
  262 D    -4  -4   0   7  -6  -2   3  -4  -3  -6  -6  -2  -6  -6  -4  -3  -4  -7  -6  -6    1   0   2  81   0   0  15   0   0   0   0   1   0   0   0   0   0   0   0   0  1.86 0.51
  263 H    -5  -4  -3  -4  -6  -3  -3  -5  11  -7  -6  -4  -5  -5  -6  -4  -5  -6  -1  -7    0   0   0   0   0   0   0   0 100   0   0   0   0   0   0   0   0   0   0   0  3.40 0.77
  264 F    -5  -5  -5  -6  -5  -5  -5  -6  -2  -3  -2  -5  -3   7  -6  -5  -5  -1   7  -4    0   0   0   0   0   0   0   0   0   0   2   0   0  58   0   0   0   0  40   0  2.02 0.52
  265 K    -3   3  -3  -3  -6   0  -2  -4  -3  -5  -5   7  -4  -6  -4  -3  -3  -6  -4  -5    0  13   0   0   0   1   0   0   0   0   0  86   0   0   0   0   0   0   0   0  1.73 0.52
  266 S     1  -3  -2  -3  -2  -3  -3  -3  -4  -5  -5  -3  -4  -4  -3   7  -1  -5  -4  -4   10   0   0   0   0   0   0   0   0   0   0   0   0   0   0  88   1   0   0   0  1.49 0.51
  267 T     0  -4  -3  -4  -4  -3  -4  -4  -4  -3  -4  -3  -3  -5  -4  -1   7  -5  -4  -3    7   0   0   0   0   0   0   0   0   0   0   0   0   0   0   0  93   0   0   0  1.82 0.57
  268 D    -4  -4  -1   8  -6  -3   1  -4  -4  -6  -6  -3  -6  -6  -4  -3  -4  -7  -6  -6    0   0   0  95   0   0   5   0   0   0   0   0   0   0   0   0   0   0   0   0  2.24 0.55
  269 A     4  -3   3  -2  -1  -1  -2   1  -2  -3  -4  -2  -3  -4  -1   2  -1  -4  -4  -2   43   0  19   0   1   2   0  12   0   0   0   0   0   0   3  18   1   0   0   1  0.56 0.24
  270 E    -3  -2  -1   5  -5   0   6  -3  -2  -5  -5  -1  -4  -5  -3  -2  -3  -5  -4  -4    0   0   0  42   0   0  58   0   0   0   0   0   0   0   0   0   0   0   0   0  1.31 0.31

                      K         Lambda
Standard Ungapped    0.1308     0.3157
Standard Gapped      0.0499     0.2670
PSI Ungapped         0.1631     0.3175
PSI Gapped           0.0499     0.2670
