
Last position-specific scoring matrix computed, weighted observed percentages rounded down, information per position, and relative weight of gapless real matches to pseudocounts
            A   R   N   D   C   Q   E   G   H   I   L   K   M   F   P   S   T   W   Y   V   A   R   N   D   C   Q   E   G   H   I   L   K   M   F   P   S   T   W   Y   V
    1 M    -2  -3  -4  -5  -3  -2  -3  -4  -3   0   1  -3   9  -1  -4  -3  -2  -3  -2  -1    0   0   0   0   0   0   0   0   0   0   3   0  97   0   0   0   0   0   0   0  1.51 0.25
    2 S     0  -2   0   0  -2   0  -1  -2  -2  -3  -3  -1  -3   0  -2   5   0  -4  -2  -3    0   0   3   3   0   3   2   0   0   0   0   0   0   5   0  85   0   0   0   0  0.79 0.18
    3 Y    -3  -3  -3  -4  -3  -3  -4  -3  -1  -1   0  -3  -1   6  -4  -1  -3   0   5  -2    0   0   0   0   0   1   0   1   0   2   8   0   1  55   0   6   0   0  28   0  0.94 0.16
    4 K    -1   1   3   0  -4   4   0  -1  -1  -4  -3   2  -2  -3   3   0  -1  -4  -3  -3    3   5  18   1   0  35   3   4   0   0   0  12   0   0  16   2   0   0   0   0  0.53 0.12
    5 Q    -1   1   3   1  -3   4   1  -1   0  -3  -3   0   1  -2  -1   0  -1  -3   0  -3    2   9  25   5   0  32   3   2   1   0   0   0   6   1   3   5   1   0   4   0  0.38 0.11
    6 T    -1  -2  -1   0  -3   1  -1   0   0  -2  -1  -2  -1   4  -1   0  -1   0   4  -2    2   0   2   4   0  11   3   8   2   0   2   0   1  28   2  11   3   0  21   0  0.30 0.09
    7 T     0  -2   3   2  -3   0   0   2   0  -3  -3  -1  -2   1  -1   1   0  -3  -1  -3    4   0  17  15   0   4   6  22   2   0   0   0   0  10   3  11   5   0   1   0  0.27 0.07
    8 Y    -1  -2   0  -2  -3   2  -1  -1   2  -2  -2  -2  -2   3  -2   1   0  -1   5  -2    2   0   3   1   0  14   1   5   6   0   0   0   0  18   1  15   4   0  30   0  0.40 0.12
    9 Y    -1  -2   2  -1  -3   0  -1   2   0  -2  -2  -2  -1   4  -2  -1  -2  -1   4  -1    2   0  13   3   0   4   2  21   1   0   1   1   0  22   1   3   0   0  22   3  0.35 0.11
   10 P    -1  -1  -1  -2  -4   3  -2  -2  -3  -4  -4  -2  -3  -5   7   0   0  -4  -3  -3    2   4   2   0   0  17   0   2   0   0   0   0   0   0  62   5   5   0   0   0  1.36 0.22
   11 S     1  -1   2  -1  -3   1  -1   2  -1  -3  -3   0  -2  -2   2   1  -1  -2   1  -3   11   2  16   1   0  10   0  21   0   0   0   3   1   1  11  14   0   0   8   0  0.29 0.09
   12 R    -1   2   4  -1  -3   4   0  -1  -1  -3  -3   0  -1  -3   0   1   0  -4  -2  -3    3  11  28   1   0  30   1   2   0   0   0   2   2   1   4   9   4   0   0   0  0.46 0.14
   13 G     0  -3   1   0  -3   0  -2   5   0  -3  -3  -2  -3  -4   0   0  -2  -4  -3  -2    5   0   7   4   0   4   1  63   2   0   2   0   0   0   3   4   1   0   0   3  0.76 0.15
   14 N     1  -1   3   2  -3   1  -1   2   0  -3  -3   0  -2  -3   1   1   0  -4  -3  -2   10   0  20  11   0   8   1  19   1   0   0   5   0   1   9  10   5   0   0   1  0.31 0.08
   15 L     0  -2  -2  -2  -3   0  -2   1  -2  -1   0  -2   2  -1   5   0   0  -2   2  -1    9   0   1   0   0   4   0  11   0   1   9   0   8   2  30   7   6   0   9   2  0.42 0.10
   16 V     2  -2   1  -1  -2   0   0   0  -1  -1  -2  -1  -1  -3   2   1   1  -3  -2  -1   24   0  10   1   0   5   4   7   0   2   2   0   1   0  11  15   9   0   0   5  0.22 0.07
   17 R     0   1   1   0  -3   3   0  -1   0  -3  -3  -1  -2  -3   4   1  -1  -3  -1  -3    6  11   7   3   0  19   2   5   2   0   0   0   1   0  27  14   2   0   2   0  0.50 0.12
   18 N     0  -1   4   2  -3   2   0   1   0  -3  -3  -1  -2  -2   0   0   0  -4  -1  -3   10   0  37  11   0  11   1  10   1   0   0   0   1   2   5   5   3   0   2   1  0.41 0.12
   19 D     0  -1   3   2  -3   1   0   3  -1  -3  -3  -1  -1  -1   0   0   0  -3  -2  -2    6   3  18  14   0  10   1  24   0   0   1   0   2   4   3   4   7   0   0   1  0.28 0.09
   20 S     2  -2   0   0  -2   0  -1   3  -1  -3  -2  -1  -1  -3   2   2   0  -3  -3  -2   19   0   3   4   0   5   0  26   1   0   3   2   2   0  11  21   3   0   0   0  0.34 0.10
   21 S     1  -1   0  -2  -2   1  -1   2  -2  -1  -2  -1   0   0   1   1   1  -3  -2   0   17   2   4   1   0  10   1  16   0   2   1   1   3   7   7  10  13   0   0   6  0.15 0.07
   22 P     0  -1  -2  -1  -3   2  -1   0   0  -3  -3   0  -1  -4   6   1  -1  -4  -3  -3    5   2   0   3   0  14   0   5   3   1   0   4   2   0  49  10   1   0   0   0  0.92 0.17
   23 Y     1  -1  -1  -2  -2   2  -1   1   1  -1  -2  -1   0   2   2  -1  -1  -2   2  -1   14   2   1   1   0  13   0  13   4   5   0   1   4  10  12   3   2   0  11   4  0.16 0.07
   24 T     0  -1   1   1  -3   2   0   2  -1  -2  -2   0   1  -2   2   1   1  -3  -2  -2    7   0  10   8   0  16   1  16   0   0   1   2   5   1  11   9  11   0   0   1  0.24 0.08
   25 N     0  -1   3   1  -3   2  -1   1   0  -3  -2  -1   0  -2   2   0   0  -3  -1  -2    8   1  21  11   0  13   1  14   2   0   2   0   4   1  11   4   3   0   2   0  0.27 0.09
   26 T     1  -1   1   0  -2   1  -1   3  -2  -2  -2  -1  -1  -3   2   1   1  -3  -3  -1    9   1   7   3   0   8   1  28   0   1   3   0   2   0  10  11  12   0   0   5  0.27 0.08
   27 I     1  -1   0   0  -2   2  -1   1   0  -1  -1  -1   1  -2   1   1   1  -1  -2  -1   11   2   2   6   0  14   1  15   2   5   2   1   7   1   7   8  13   1   0   2  0.13 0.06
   28 S     1  -1   1  -1  -3   1  -1   1  -2  -3  -3  -1   0  -3   5   2   0  -4  -2  -2   11   3   8   1   0   7   1  11   0   0   1   0   3   1  29  18   3   0   1   1  0.49 0.12
   29 S     1  -2  -1  -1  -2   2  -1   1  -2  -2  -2  -1   1   0   3   2   1  -3  -1  -1   10   0   2   2   0  16   2  10   0   0   1   0   6   4  16  18   7   0   2   3  0.25 0.09
   30 E     1   0   1   1  -3   2   0   1  -1  -3  -3  -1  -1   0   3   0  -1  -3  -2  -2   13   5   8   9   0  13   5  14   1   0   1   1   1   5  19   3   1   0   1   1  0.30 0.08
   31 T     1  -1   0  -1  -2   2  -1   2  -2  -1  -2  -1   0  -1   1   0   1  -3   0  -1   15   3   6   1   0  14   0  18   0   4   2   1   3   2   7   3  15   0   3   3  0.16 0.07
   32 N     0  -1   3   2  -3   2   1   0  -1  -3  -2  -1  -1  -2   2   1   0  -3  -1  -2    4   1  20  12   0  16   6   7   0   0   2   0   3   2  10  10   4   0   1   1  0.28 0.09
   33 N    -1  -2   2   0  -3   2  -1   2   0  -3  -2  -1   2   0   2   0  -1  -1  -1  -2    3   0  15   4   0  16   1  22   2   0   1   0   9   5   9   7   3   1   2   0  0.25 0.10
   34 S     0  -1   0  -1  -2   1  -1   2  -2  -2  -2  -1   0  -2   2   2   1  -1  -1  -1    6   2   5   0   0   9   1  22   0   1   2   1   3   1   9  23  10   1   3   4  0.23 0.08
   35 S     2  -2   2   0  -2   1  -1   2   0  -3  -3  -1  -2  -2   2   2   0  -3  -2  -2   18   0  10   6   0   8   1  15   2   0   1   0   1   1  10  24   4   0   1   1  0.29 0.09
   36 T     0  -2   1  -1  -2   0  -1   1   0  -1  -1  -1   0   0   3   1   1  -3  -1  -1    6   1   8   3   0   5   1  14   4   1   5   0   3   6  17  11   8   0   0   6  0.18 0.05
   37 S     1  -1   0   0  -2   1   0   1  -2  -2  -2  -1   0  -2   3   2   0  -3  -2  -2   16   1   5   5   0   6   4  13   0   1   1   1   4   1  14  20   6   0   0   1  0.26 0.07
   38 V     1  -2   0  -1  -2   0  -1   1  -1   0  -1  -1   1   0   4   0   0  -2  -1   0   12   1   4   3   0   4   2  11   1   4   5   0   5   4  21   3   6   0   2  11  0.21 0.05
   39 L     1  -2  -1  -1  -2   1  -1   1  -2  -1   0  -1   1   0   4   0   0  -2  -2  -1   12   1   2   2   0   9   1  14   0   2  14   1   6   4  21   6   3   0   1   2  0.24 0.06
   40 S     1  -2   1   0  -2   0  -1   1  -2  -2  -2  -1  -1  -1   4   1   0  -3  -2  -1   10   1  11   4   0   4   3  15   0   1   3   1   1   3  25  11   4   0   0   3  0.36 0.07
   41 L     0  -1   0  -1  -2   1  -1   1  -2   0   0  -1   0   1   2   0   0  -2  -1   1    8   2   5   1   0   8   2  12   0   4   6   1   4   8  11   8   4   0   1  14  0.08 0.03
   42 Q     0  -1   1  -1  -2   3   0   0   0  -2  -2  -1   0  -3   3   0   0  -3  -2  -1   10   1  10   1   0  26   3   7   3   1   1   1   4   1  17   6   7   0   0   3  0.31 0.09
   43 G     1  -2  -1  -2  -3   0  -2   4   0  -3  -3  -2  -2  -3   4   0  -1  -2  -2  -2   11   1   1   1   0   5   1  41   3   1   2   1   1   1  21   5   2   0   1   2  0.56 0.11
   44 A     2   0   0  -1  -2   1  -1   2  -2  -2  -2  -1  -1  -3   4   1   0  -3  -2  -1   22   4   3   1   0   9   1  15   0   1   2   1   2   1  20   8   5   0   0   4  0.32 0.07
   45 S     1  -1   1   0  -2   0   0   2  -1  -2  -2  -1  -2  -3   3   2   0  -3  -2  -2   13   1   6   4   0   6   2  17   1   1   1   1   0   0  18  20   3   0   1   3  0.32 0.07
   46 N     0  -1   1   1  -2   1   0   3  -1  -2  -2  -1  -1  -1   2   1   0  -2  -2  -1    4   1  10   7   0  10   3  26   0   1   2   1   2   4   9   9   4   0   0   6  0.22 0.05
   47 V     0  -1   1   0  -2   1   0   2   0  -1  -2  -1  -1   0   2   1   0  -1   0  -1    7   1   8   3   0   9   5  17   2   4   1   1   1   6  11  13   3   0   3   5  0.14 0.04
   48 S     1  -1   1  -1  -2   2   0   1  -1  -2  -2  -1  -2  -3   2   2   0  -3  -2  -1   15   1   6   2   0  17   3  11   0   0   1   0   0   1   9  24   4   0   0   4  0.26 0.08
   49 L     1  -2   1  -1  -2   1  -1   2  -1  -2  -2  -1  -2  -2   4   2   0  -3  -1  -1    9   1   9   2   0   8   1  15   0   0   4   0   0   1  20  18   5   0   3   3  0.31 0.07
   50 G     0  -2   1   2  -3  -1   0   4  -2  -3  -3  -1  -3  -3  -1   0  -1  -3  -3  -3    9   1   7  18   0   2   4  44   0   0   1   0   0   0   3   7   2   0   0   1  0.51 0.10
   51 T     0  -1   1   4  -3   1   2   0  -1  -3  -3  -1  -2  -3  -1   2   1  -3  -2  -2    7   0   3  30   0   8  11   4   0   1   2   0   0   0   1  19  10   0   1   1  0.36 0.09
   52 T     2   1   0  -2  -2   0  -1   1  -2  -2  -2   1   1  -3   1   1   0  -3  -2  -1   30  11   3   0   0   5   1  11   0   0   0   7   8   0   8   8   7   0   0   1  0.22 0.08
   53 G     0   3   0  -2  -4   0  -1   1  -2  -4  -3   4  -2  -4   0   0  -2  -4  -3  -3    5  18   3   0   0   0   1  13   0   0   0  47   0   0   5   6   0   0   0   0  0.53 0.14
   54 N    -1  -1   3  -1  -3   2  -1  -2  -2  -3  -3   0  -2  -3  -2   1   5  -4  -3  -2    0   2  16   0   0  10   0   1   0   0   0   5   0   0   1   8  57   0   0   0  0.64 0.18
   55 Q    -1  -2  -1  -2  -3   3  -1  -3  -2  -2  -3  -2  -2  -4  -2   2   6  -4  -3  -2    0   0   0   0   0  17   0   0   0   0   0   0   0   0   0  15  67   0   0   0  0.90 0.23
   56 L    -3  -4  -5  -5  -3  -4  -4  -5  -4   1   6  -4   1  -1  -4  -4  -3  -3  -2   0    0   0   0   0   0   0   0   0   0   1  97   0   0   0   0   0   0   0   0   1  1.15 0.23
   57 Y    -4  -4  -5  -6  -4  -4  -5  -5  -3  -4  -4  -5  -3   0  -6  -5  -4  11   5  -4    0   0   0   0   0   0   0   0   0   0   0   0   0   1   0   0   0  76  23   0  3.05 0.38
   58 M    -3  -3  -4  -5  -4  -2  -4  -5  -4  -1   0  -3  10  -2  -5  -4  -3  -4  -3  -1    0   0   0   0   0   0   0   0   0   0   0   0  99   0   0   0   0   0   0   0  2.18 0.39
   59 G    -1  -4  -2  -3  -4  -3  -4   7  -4  -5  -5  -3  -4  -5  -4  -2  -3  -4  -5  -5    0   0   0   0   0   0   0 100   0   0   0   0   0   0   0   0   0   0   0   0  1.85 0.28
   60 D    -3  -2  -1   4  -5   0   6  -3  -2  -5  -5  -1  -4  -5  -3  -2  -2  -5  -4  -4    0   0   0  23   0   0  77   0   0   0   0   0   0   0   0   0   0   0   0   0  1.32 0.25
   61 L    -3  -4  -5  -5  -3  -4  -4  -5  -4   0   6  -4   2  -1  -4  -4  -3  -3  -2  -1    0   0   0   0   0   0   0   0   0   0  97   0   3   0   0   0   0   0   0   0  1.16 0.24
   62 D     0  -2  -1   4  -4   0   6  -3  -2  -4  -4  -1  -3  -5  -3  -1  -2  -5  -4  -3    9   0   0  24   0   0  65   0   0   0   0   0   0   0   0   1   0   0   0   0  1.03 0.22
   63 P    -2  -4  -3  -3  -4  -3  -3   1  -3  -4  -4  -3  -4  -5   8  -1  -2  -5  -5  -4    1   0   0   0   0   0   0  12   0   0   1   0   0   0  83   3   0   0   0   0  2.08 0.28
   64 T    -4  -4  -2  -5  -4  -4  -4  -4  -4  -4  -4  -4  -3   1  -5   0   0  11   0  -4    0   0   2   0   0   0   0   0   0   0   0   0   0   4   0  10   7  77   0   0  2.72 0.35
   65 W    -3  -4  -4  -5  -3  -3  -4  -5  -4   4   0  -4   6  -1  -4  -4  -3   8  -1   0    0   0   0   0   0   0   0   0   0  39   0   0  37   0   0   0   0  23   0   1  1.23 0.25
   66 D    -4  -3   0   8  -5  -2   0  -3  -3  -5  -6  -2  -5  -5  -3  -2  -3  -6  -5  -5    0   0   0 100   0   0   0   0   0   0   0   0   0   0   0   0   0   0   0   0  1.96 0.31
   67 K    -3  -2  -2   0  -5   0   7  -4  -2  -5  -5   1  -4  -5  -3  -2  -3  -5  -4  -4    0   0   0   0   0   0  93   0   0   0   0   7   0   0   0   0   0   0   0   0  1.50 0.29
   68 N    -2  -2   7   0  -4   0  -2   0  -1  -5  -5  -2  -4  -5  -4   0  -1  -5  -4  -4    1   0  86   1   0   3   0   4   0   0   0   0   0   0   0   4   1   0   0   0  1.45 0.27
   69 T    -1  -4  -4  -4  -3  -4  -4  -4  -3  -2  -1  -4  -2   7  -4  -2   2   5   1  -2    4   0   0   0   0   0   0   0   0   0   0   0   0  68   0   2  15   9   1   1  1.14 0.23
   70 V    -2  -4  -5  -5  -2  -4  -4  -5  -5   6   0  -4   0  -2  -4  -3  -2  -4  -3   4    0   0   0   0   0   0   0   0   0  64   0   0   0   0   0   0   0   0   0  35  0.99 0.21
   71 R    -3   7  -2  -3  -5   0  -1  -4  -2  -5  -4   3  -3  -4  -3  -2  -3  -4  -3  -4    0  81   0   0   0   0   0   0   0   0   0  18   0   0   0   1   0   0   0   0  1.42 0.26
   72 Q     0  -1   3  -1  -3   2  -1   2   0  -4  -4   0  -2  -4  -2   3   1  -4  -3  -3    1   1  18   0   0  12   0  20   2   0   0   4   0   0   0  32   9   0   0   0  0.42 0.13
   73 I     0  -4  -4  -4  -2  -3  -4  -4  -4   4   2  -3   0  -1  -3  -3  -1  -4  -2   4    6   0   0   0   0   0   0   0   0  36  16   0   0   0   0   0   2   0   0  41  0.59 0.14
   74 W    -4  -5  -6  -6  -3  -4  -5  -5  -4  -3  -3  -5  -3   4  -6  -5  -4  11   2  -4    0   0   0   0   0   0   0   0   0   0   0   0   0  23   0   0   0  73   3   0  2.88 0.36
   75 A     2  -2  -2  -3  -3   1  -2  -2  -1  -1   0  -2   0   4  -3   0  -1  -1   4  -1   22   0   1   0   0   8   0   1   0   0  10   0   2  26   0   5   2   0  23   0  0.39 0.12
   76 S     0  -2   3  -1  -3   2  -1   2  -1  -4  -4  -1  -3  -4  -2   4   1  -4  -3  -3    2   0  19   0   0  11   0  14   0   0   0   0   0   0   0  46   9   0   0   0  0.54 0.16
   77 L     2  -3  -3  -4  -2  -1  -3  -3  -3   0   2  -2   6  -1  -3   0   0  -3  -2   0   20   0   0   0   0   2   0   0   0   1  26   0  36   1   0   5   5   0   0   4  0.46 0.15
   78 G     1  -3  -2  -3  -2  -3  -3   6  -3  -3  -1  -3   2  -4  -3  -1  -1  -4  -4  -3    8   0   0   0   1   0   0  72   0   0   6   0   8   0   0   2   4   0   0   0  0.98 0.18
   79 E    -1  -1   2   0  -4   0   5   1   0  -4  -4  -1  -3  -3  -2  -1  -2  -4  -3  -3    2   0  10   1   0   0  66  14   2   0   0   1   0   1   0   2   1   0   0   0  0.80 0.18
   80 A     1  -1   0   0  -2   1   3  -1  -1  -2  -1   0  -1  -1   2   0   0  -1   1  -1   13   2   2   3   1   4  28   3   1   2   4   2   1   2  11   8   2   1   6   3  0.20 0.04
   81 N    -1  -1   4   0  -3   5   0  -2   0  -3  -3  -1  -2  -4  -1   0   2  -4  -3  -3    1   0  30   1   0  39   0   1   2   1   0   0   0   0   2   6  16   0   0   0  0.64 0.17
   82 I    -2  -4  -5  -5  -2  -4  -4  -5  -5   2  -1  -4  -1  -2  -4  -3  -2  -4  -3   6    0   0   0   0   0   0   0   0   0   6   0   0   0   0   0   0   0   0   0  94  1.21 0.26
   83 N    -2  -1   6   0  -4   4  -1  -2  -1  -4  -4  -1  -3  -4  -3   1  -1  -5  -3  -1    0   0  59   3   0  23   0   0   0   0   0   0   0   0   0  11   0   0   0   4  0.92 0.21
   84 V    -2  -4  -5  -5  -2  -4  -4  -5  -5   2  -1  -4  -1  -2  -4  -3  -2  -4  -3   6    0   0   0   0   0   0   0   0   0   8   0   0   0   0   0   0   0   0   0  92  1.17 0.25
   85 R    -2   2  -2  -2  -5   0  -1  -3  -2  -4  -4   7  -3  -5  -3  -2  -2  -5  -3  -4    0   9   0   0   0   0   0   0   0   0   0  91   0   0   0   0   0   0   0   0  1.36 0.27
   86 M    -2  -3  -4  -5  -3  -3  -4  -4  -4   3   2  -3   8  -1  -4  -3  -2  -3  -3   2    0   0   0   0   0   0   0   0   0  14  11   0  58   0   0   0   0   0   0  16  1.00 0.23
   87 M    -3  -4  -5  -5  -3  -4  -5  -5  -5   7   0  -4   4  -2  -4  -4  -2  -4  -3   1    0   0   0   0   0   0   0   0   0  86   0   0  14   0   0   0   0   0   0   0  1.23 0.26
   88 W    -3   7  -2  -4  -5  -1  -2  -4  -2  -4  -2   0  -3  -4  -4  -3  -3   6  -3  -4    0  86   0   0   0   0   0   0   0   0   2   0   0   0   0   0   0  12   0   0  1.57 0.28
   89 N    -3  -3   3   7  -5  -1   0  -3   0  -4  -5  -2  -4  -5  -3  -1  -2  -5  -4  -4    0   0  15  77   0   2   0   0   3   0   0   0   0   0   0   0   0   0   0   0  1.35 0.23
   90 N    -2   3   2  -1  -4   0  -1  -2  -1  -4  -3   5  -2  -4  -2  -1  -2  -4  -3  -3    1  16  14   0   0   0   0   1   0   0   1  61   0   0   0   2   0   0   0   0  0.79 0.17
   91 T    -2  -2   2  -2  -3  -2  -2  -1   3  -2  -1  -2  -1   5   0  -1   0  -1   3  -2    2   1  13   1   0   1   1   4  11   1   1   1   0  41   4   3   5   0   8   1  0.44 0.11
   92 L     0  -2   0  -1  -1  -1  -1  -1  -2  -2  -2  -1  -2  -3  -2   5   2  -3  -2  -2    1   1   1   1   1   1   1   1   0   1   5   1   0   1   1  71  12   0   0   1  0.65 0.17
   93 N    -1  -3   2  -1  -3  -2  -3   6  -2  -4  -4  -2  -3  -3  -3  -1  -2  -3  -4  -4    1   0  12   3   0   0   1  77   0   0   1   0   0   1   0   1   2   0   0   1  1.15 0.18
   94 N     1   0   1   0  -1   0   0   0  -1  -1  -1   0  -1  -1   0   2   0  -1  -1  -1   15   4  11   3   1   3   3   7   1   4   4   3   1   2   3  26   3   1   2   5  0.11 0.02
   95 G     0   0   0   0  -1   0   0   2   0  -1  -1   0   0  -1   0   0   0   0   0   0    7   4   6   4   2   3   5  17   2   4   7   5   2   3   5   9   6   1   3   5  0.05 0.00
   96 S     0   0   0   0  -1   0   0   1   0  -1  -1   0   0  -1   1   1   0   0   0  -1    6   4   4   5   2   3   5  15   2   4   7   5   2   3   5  13   5   1   3   5  0.05 0.00
   97 R     0   1   1   0   0   0   0   0   0  -1   0   0   0  -1   0   0   0   0   0   0    7  11   8   4   2   3   5   6   2   4   8   5   5   3   5   8   5   1   3   5  0.03 0.00
   98 S     0   0   0   0  -1   0   0   1   1  -1  -1   0   0  -1   1   1   0   0   0   0    7   4   4   4   2   3   5  12   5   4   7   5   2   3   8  11   6   1   3   6  0.05 0.00
   99 S     0   0   0   0  -1   0   0   0   0  -1   0   0   0   0   1   1   1   0   0   0    9   4   3   4   1   4   5   7   2   4   8   7   2   5   5  12  10   1   2   5  0.03 0.00
  100 M     0   0   0   0  -1   0   0   1   0   0   0   0   2   0   0   0   0   0   0   0    6   4   3   4   1   3   5  11   2   4   8   4  15   3   4   6   5   1   2   6  0.02 0.01
  101 G     0   0   0   0   0   0   0   2   0  -1  -1   0  -1  -1   1   0   0   0  -1  -1    6   4   3   4   2   3   5  21   2   4   7   4   2   3   6   9   4   1   2   5  0.07 0.00
  102 P     0   0   0   0  -1   1   0   0   0  -1   0   0   0   0   3   0   0   0   0   0    6   4   4   4   1   7   5   6   2   5   8   4   2   5  15   8   6   1   3   5  0.10 0.00
  103 K     0   1   0   0  -1   0   0   1   0  -1  -1   1   0  -1   0   0   0  -1   0  -1    7  10   3   4   1   3   5  11   2   4   7  14   2   3   4   6   4   1   2   6  0.04 0.00
  104 N     0   0   2   0  -1   0   0   0   0  -1  -1   0  -1  -1   0   0   0  -1  -1  -1    7   4  17   4   1   3   5   9   2   5   7   7   2   3   4   8   5   1   2   5  0.05 0.00
  105 N    -3  -2   7   0  -4  -1  -2  -2  -1  -4  -4  -2  -3  -4  -3   1  -1  -5  -3  -4    0   0  85   0   0   0   0   0   0   0   0   0   0   0   0  10   1   0   0   0  1.43 0.26
  106 Q     5  -2  -3  -3  -2   1  -2  -1  -3  -2  -1  -2  -2  -3  -2   1  -1  -4  -3  -2   77   0   0   0   0   8   0   0   0   0   7   0   0   0   0   6   0   0   0   0  0.74 0.20
  107 G    -1  -4  -2  -3  -4  -3  -4   7  -4  -5  -5  -3  -4  -5  -4  -2  -3  -4  -5  -5    0   0   0   0   0   0   0  99   0   0   0   0   0   0   0   0   0   0   0   0  1.80 0.27
  108 Y    -4  -4  -4  -5  -4  -3  -4  -5   0  -3  -3  -4  -3   1  -5  -4  -4   0   9  -3    0   0   0   0   0   0   0   0   0   0   0   0   0   0   0   0   0   0 100   0  2.34 0.37
  109 C    -2  -6  -5  -6  11  -5  -6  -5  -5  -3  -3  -5  -4  -5  -5  -3  -3  -4  -5  -3    0   0   0   0 100   0   0   0   0   0   0   0   0   0   0   0   0   0   0   0  3.04 0.39
  110 F    -4  -5  -5  -5  -4  -5  -5  -5  -3  -2  -1  -5  -2   8  -6  -4  -4  -1   1  -3    0   0   0   0   0   0   0   0   0   0   0   0   0 100   0   0   0   0   0   0  2.07 0.32
  111 V    -2  -4  -4  -5  -2  -4  -4  -5  -5   3   0  -4   0  -2  -4  -3  -2  -4  -3   6    0   0   0   0   0   0   0   0   0  15   2   0   0   0   0   0   0   0   0  83  1.03 0.23
  112 D    -3  -2  -1   5  -5   0   5  -3  -2  -5  -5  -1  -4  -5  -3  -2  -2  -5  -4  -4    0   0   0  46   0   0  54   0   0   0   0   0   0   0   0   0   0   0   0   0  1.25 0.24
  113 F    -4  -5  -5  -5  -4  -5  -5  -5  -3  -2   1  -5  -1   8  -5  -4  -4  -1   1  -2    0   0   0   0   0   0   0   0   0   0   9   0   0  91   0   0   0   0   0   0  1.77 0.29
  114 P     2  -2   0  -1  -2   1   0  -1  -2  -3  -3  -1  -2  -4   4   2   1  -4  -3  -2   17   0   2   1   0   8   5   2   0   0   0   0   0   0  28  24  12   0   0   1  0.56 0.12
  115 S     0  -2   2  -2  -2  -2  -2  -1  -2  -3  -4  -2  -3  -4  -2   5   3  -4  -3  -3    0   0  11   0   0   0   0   1   0   0   0   0   0   0   0  68  19   0   0   0  0.84 0.22
  116 S     0  -3  -2  -3  -3  -2  -2  -3   3  -3  -4  -2  -3  -4   7   1   0  -4  -1  -2    8   0   0   0   0   0   0   0   9   0   0   0   0   0  62  11   5   0   3   1  1.34 0.21
  117 T     2  -2  -1   3  -2   1   3  -2  -2  -2  -1  -1  -1  -3  -2   1   0  -4  -3  -1   31   0   1  19   0   5  22   0   0   0   6   0   1   0   0   7   7   0   0   2  0.32 0.11
  118 H     5  -2   1  -2  -2  -2  -2   0   4  -3  -3  -2  -2  -3  -2   0  -1  -4  -2  -2   67   0   9   0   0   0   0   5  14   0   0   0   0   0   0   4   0   0   0   0  0.68 0.19
  119 A     6  -3  -3  -3  -2  -2  -2  -1  -3  -3  -3  -2  -3  -4  -2   0  -2  -4  -3  -2  100   0   0   0   0   0   0   0   0   0   0   0   0   0   0   0   0   0   0   0  1.26 0.28
  120 A     4  -2   0  -2  -2   2  -1  -1  -2  -2  -3  -1  -2  -3  -2   2   2  -4  -3  -2   44   0   4   0   0  13   0   2   0   0   0   0   0   0   0  23  12   0   0   1  0.45 0.14
  121 N    -2   1   4  -2  -4   0  -1  -3  -1  -4  -4   6  -3  -5  -3  -1  -2  -5  -3  -4    0   3  22   0   0   0   0   0   1   0   0  72   0   0   0   0   0   0   0   0  1.03 0.23
  122 A     6  -3  -3  -3  -2  -2  -2  -1  -3  -3  -3  -2  -3  -4  -2   0  -2  -4  -3  -2  100   0   0   0   0   0   0   0   0   0   0   0   0   0   0   0   0   0   0   0  1.25 0.27
  123 L    -3  -4  -5  -5  -3  -4  -4  -5  -4   2   5  -4   1  -1  -4  -4  -3  -3  -2   0    0   0   0   0   0   0   0   0   0   8  91   0   0   0   0   0   0   0   0   1  1.05 0.22
  124 L     0  -2   0  -2  -2   3  -1   1  -1  -2   1  -1  -1  -2  -2   1   2  -3  -2  -1    7   0   5   0   0  19   0  11   0   0  22   0   0   0   0  15  21   0   0   0  0.22 0.11
  125 K    -2  -2  -3  -4  -3  -2  -3  -4  -3   0   4   2   1   0  -4  -3  -2  -3  -2   0    0   0   0   0   0   0   0   0   0   0  70  23   2   2   0   0   0   0   1   1  0.64 0.18
  126 N    -3  -2   8   0  -4  -2  -2  -2  -1  -5  -5  -2  -4  -5  -4   0  -1  -6  -4  -5    0   0  94   2   0   0   0   0   0   0   0   0   0   0   0   4   0   0   0   0  1.71 0.30
  127 G    -1  -4  -2  -3  -4  -3  -4   7  -4  -5  -5  -3  -4  -5  -4  -2  -3  -4  -5  -5    0   0   0   0   0   0   0  99   0   0   0   0   0   0   0   0   0   0   0   0  1.83 0.27
  128 M    -1  -2  -1  -2  -2   3  -1  -2  -2   0   0  -1   3  -2  -2   1   4  -3  -2   0    0   0   1   0   0  18   0   1   0   3   9   1  16   0   0  14  34   0   0   4  0.36 0.14
  129 L     0  -3  -3  -3  -3   1  -2  -3  -3   0   2  -2   2  -2   5  -2  -2  -3  -3   0    6   0   0   0   0   8   0   0   0   5  32   0   8   0  36   1   1   0   0   3  0.65 0.14
  130 I    -2  -4  -4  -5  -2  -4  -4  -5  -4   6   0  -4   3  -2  -4  -3  -2  -4  -3   3    0   0   0   0   0   0   0   0   0  71   2   0   8   0   0   0   0   0   0  19  0.96 0.21
  131 P    -3  -4  -4  -3  -5  -3  -3  -4  -4  -5  -5  -3  -4  -6   8  -2  -3  -6  -5  -4    0   0   0   0   0   0   0   0   0   0   0   0   0   0  99   1   0   0   0   0  2.73 0.34
  132 N    -3  -2   7   0  -4  -2  -2   2  -1  -5  -5  -2  -4  -5  -3   0  -1  -5  -4  -4    0   0  79   2   0   0   0  14   0   0   0   0   0   0   0   3   2   0   0   0  1.31 0.25
  133 F     0  -1  -1  -1  -1  -1  -1  -1  -1  -1  -1  -1  -1   3  -1   1   4  -1   0  -1    6   2   2   2   1   2   2   3   1   2   3   2   1  17   2   9  39   1   1   2  0.22 0.06
  134 P     0   0   0  -1  -2  -1  -1   0  -1  -2  -2  -1  -2  -2   3   4   1  -2  -2  -2    3   5   3   1   0   1   1   7   1   1   2   1   1   1  13  47   9   0   1   2  0.37 0.09
  135 N    -1  -1   6   2  -3   0  -1   0   1  -3  -3  -1  -3  -3  -2   2  -1  -3  -2  -3    2   1  51  11   0   4   1   4   3   1   1   1   0   0   1  18   1   0   0   1  0.65 0.14
  136 K    -3   7  -2  -3  -5   0  -1  -4  -2  -5  -4   4  -3  -4  -3  -2  -3  -4  -3  -4    0  76   0   0   0   0   0   0   0   0   0  24   0   0   0   0   0   0   0   0  1.38 0.25
  137 K     0   0  -2  -2  -3   2  -1  -3  -1  -1  -1   0  -1  -2   5   0   0  -3  -1   2    5   4   0   0   0  12   0   0   2   1   4   6   1   1  31   4   3   0   1  25  0.45 0.11
  138 L    -4  -4  -5  -5  -4  -5  -5  -5  -3  -1   2  -5  -1   7  -5  -4  -3  -1   1  -2    0   0   0   0   0   0   0   0   0   0  23   0   0  77   0   0   0   0   0   0  1.42 0.25
  139 K    -2   3  -2  -2  -5   0  -1  -3  -2  -4  -4   7  -3  -5  -3  -2  -2  -5  -3  -4    0  10   0   0   0   0   0   0   0   0   0  90   0   0   0   0   0   0   0   0  1.35 0.27
  140 L    -3  -4  -5  -5  -3  -4  -4  -5  -4   0   6  -4   1  -1  -4  -4  -3  -3  -3  -1    0   0   0   0   0   0   0   0   0   0 100   0   0   0   0   0   0   0   0   0  1.21 0.24
  141 N    -3  -2   8   0  -5  -2  -2  -2  -1  -5  -5  -2  -4  -5  -4  -1  -2  -6  -4  -5    0   0 100   0   0   0   0   0   0   0   0   0   0   0   0   0   0   0   0   0  1.93 0.33
  142 W    -5  -5  -6  -7  -5  -4  -5  -5  -5  -5  -4  -5  -4  -1  -6  -5  -5  12   0  -5    0   0   0   0   0   0   0   0   0   0   0   0   0   0   0   0   0 100   0   0  4.07 0.46
  143 A     6  -3  -3  -3  -2  -2  -2  -1  -3  -3  -3  -2  -2  -4  -2   0  -1  -4  -3  -2   96   0   0   0   0   0   0   0   0   0   0   0   0   0   0   0   0   0   0   0  1.13 0.25
  144 T     0  -2  -1  -2  -2  -1  -1  -2  -2  -3  -3  -1  -2  -3  -2   5   3  -4  -3  -2    1   0   0   0   0   0   0   1   0   0   1   0   0   0   0  73  21   0   0   1  0.84 0.21
  145 S    -1  -3  -2  -2  -3  -3  -3   6  -3  -4  -4  -2  -3   1  -3   0  -2  -3  -2  -3    1   0   0   0   0   0   0  77   0   0   1   0   0   9   0   7   0   0   0   1  1.11 0.18
  146 S     1  -3  -1  -2  -3  -2  -3   6  -3  -4  -4  -2  -3  -4  -3   0  -2  -3  -4  -3    9   0   0   0   0   0   0  77   0   0   1   0   0   0   0   7   0   0   0   1  1.14 0.18
  147 Y    -1  -3  -2  -2  -3  -3  -3   6  -3  -4  -2  -2  -2  -3  -3  -1   0  -3   1  -3    1   0   0   0   0   0   0  75   0   0   3   0   1   0   0   1   8   0   7   0  1.03 0.18
  148 S    -1  -2  -3  -3  -2  -2  -3  -3  -3   1   4  -2   2  -1  -3   0  -1  -2  -2   0    4   1   1   1   0   0   1   1   0   5  66   1   4   0   1  10   1   0   0   2  0.45 0.12
  149 N     1  -1   1  -1  -1   0  -1  -1  -1   1  -1  -1   0  -1  -1   0   0  -2  -1   2   21   2  11   2   1   3   2   3   2   6   3   2   1   1   2   8   5   0   1  24  0.08 0.03
  150 S     0  -1   1   5  -2  -1   0   0  -1  -2  -2  -1  -2  -2  -1   1  -1  -2  -2  -2    8   2   4  45   1   1   3   4   1   2   3   2   1   1   2  16   2   0   1   2  0.41 0.07
  151 N     0   5   1  -1  -2   0  -1  -1  -1  -1  -2   1  -1  -2  -1   1  -1  -2  -1  -1    5  45   7   2   1   2   2   3   1   3   3   2   1   1   2  13   3   0   1   4  0.34 0.07
  152 N     2   4   1  -2  -2   0  -1  -1  -1  -3  -2   0  -2  -2  -2   1   0  -3  -2  -2   24  42   6   1   0   0   1   4   0   1   1   1   0   1   1  12   4   0   0   1  0.41 0.11
  153 S    -2  -2   0   6  -3  -1   0   0  -2  -3  -3  -1  -3  -3  -1   1  -1  -4  -3  -3    1   1   1  60   0   1   2   7   0   1   2   1   0   1   1  16   2   0   1   1  0.75 0.15
  154 L     0   3   0  -1  -1   0   0   0   1  -1  -1   0  -1  -1   1   0   0  -1  -1  -1    5  25   3   3   1   2   5   8   6   3   8   3   1   2   6   9   3   1   2   5  0.10 0.02
  155 N     0   0   1   0  -1   0   0   1  -1  -1  -1   0  -1  -1   1   2   1  -1  -1  -1    4   5   7   4   1   2   4  10   1   3   5   3   1   2   6  32   5   1   2   3  0.14 0.03
  156 N     0   3   1   0  -1   0   0   0   0  -1  -1   1  -1   0  -1   0   0  -1  -1  -1    4  30   9   4   1   3   3   5   1   3   5   3   1   5   3   9   4   1   2   4  0.14 0.03
  157 V     0  -1   0   3  -1   0   1  -1  -1  -1  -1   0  -1  -1   0   0   0  -1  -1   0    9   3   3  28   1   3   6   4   1   3   5   3   2   2   4   8   3   1   2   8  0.14 0.02
  158 K    -1  -1   0   5  -3  -1   2   0  -2  -2  -3   0  -3  -3  -1  -1   0  -4  -3  -3    4   2   1  53   0   1  13   7   0   2   1   6   0   0   1   1   6   0   0   1  0.64 0.13
  159 S     1   6  -2  -3  -4  -1  -1  -3  -2  -4  -3   0  -3  -4   2   1  -1  -4  -3  -3   11  66   0   0   0   0   0   0   0   0   0   0   0   0   9  10   1   0   0   0  0.88 0.20
  160 G     0  -3  -1  -2  -3  -3  -3   6  -3  -4  -4  -2  -3  -2  -2   1   0  -4  -3  -4    3   0   1   0   0   0   0  74   0   0   0   0   0   3   1  12   6   0   0   0  1.06 0.19
  161 N    -2  -3   3  -2  -4   2  -2  -3  -3  -4  -4  -1  -3  -5   7  -1  -2  -5  -4  -4    2   0  16   0   0  11   0   0   0   0   1   1   0   0  67   1   1   0   0   0  1.58 0.24
  162 N    -2  -2   0   0  -5   0   7  -4  -2  -5  -5   0  -4  -5  -3  -1  -2  -5  -4  -4    0   0   4   0   0   0  93   0   0   0   0   1   0   0   0   1   0   0   0   0  1.45 0.28
  163 C    -3  -3  -3  -4   1  -3  -3  -4   4  -2  -2  -3   0   5  -4  -3  -3   0   7  -3    0   0   0   0   3   0   0   0  12   0   0   0   3  25   0   0   0   0  56   0  1.29 0.24
  164 S     0  -2  -1  -2  -3  -2  -2  -2  -3  -4  -4  -2  -3  -4  -2   6   0  -4  -3  -3    0   0   0   0   0   0   0   0   0   0   0   0   0   0   0  99   0   0   0   0  1.33 0.30
  165 I    -2  -4  -5  -5  -3  -4  -4  -5  -5   6   0  -4   0  -2  -4  -4  -2  -4  -3   3    0   0   0   0   0   0   0   0   0  79   0   0   0   0   0   0   0   0   0  20  1.09 0.23
  166 F    -4  -5  -5  -5  -4  -5  -5  -5  -3  -2  -1  -5  -2   8  -5  -4  -4  -1   1  -3    0   0   0   0   0   0   0   0   0   0   0   0   0  99   0   0   0   0   0   0  2.03 0.32
  167 V    -2  -4  -5  -5  -2  -4  -4  -5  -5   1  -1  -4  -1  -2  -4  -3  -2  -4  -3   6    0   0   0   0   0   0   0   0   0   0   0   0   0   0   0   0   0   0   0  99  1.28 0.27
  168 G    -1  -4  -2  -3  -4  -3  -4   7  -4  -5  -5  -3  -4  -5  -4  -2  -3  -4  -5  -5    0   0   0   0   0   0   0 100   0   0   0   0   0   0   0   0   0   0   0   0  1.85 0.28
  169 D    -4  -3   0   8  -5  -2   0  -3  -3  -5  -6  -2  -5  -5  -3  -2  -3  -6  -5  -5    0   0   0 100   0   0   0   0   0   0   0   0   0   0   0   0   0   0   0   0  1.96 0.31
  170 L    -3  -4  -5  -5  -3  -4  -4  -5  -4   1   6  -4   1  -1  -4  -4  -3  -3  -3  -1    0   0   0   0   0   0   0   0   0   2  98   0   0   0   0   0   0   0   0   0  1.17 0.24
  171 A     2  -3  -2  -3  -3  -3  -3   6  -3  -4  -4  -2  -3  -4  -3   1  -2  -4  -4  -3   23   0   0   0   0   0   0  69   0   0   0   0   0   0   0   9   0   0   0   0  1.08 0.19
  172 P    -3  -4  -3  -3  -5  -3  -3  -4   3  -5  -5  -3  -4  -5   8  -3  -3  -5  -4  -4    0   0   0   0   0   0   0   0  10   0   0   0   0   0  90   0   0   0   0   0  2.43 0.32
  173 N    -3  -2   4   0  -5   0   6  -3  -1  -5  -5  -1  -4  -5  -3  -1  -2  -5  -4  -4    0   0  23   0   0   0  77   0   0   0   0   0   0   0   0   0   0   0   0   0  1.25 0.26
  174 V    -2  -4  -5  -5  -2  -4  -4  -5  -5   1  -1  -4  -1  -2  -4  -3  -1  -5  -3   6    0   0   0   0   0   0   0   0   0   0   0   0   0   0   0   0   1   0   0  99  1.30 0.28
  175 T    -1  -2   6  -1  -3  -2  -2  -2  -1  -4  -4  -2  -3  -4  -3   0   4  -5  -3  -3    2   0  63   0   0   0   0   0   0   0   0   0   0   0   0   4  30   0   0   0  1.08 0.24
  176 E    -3  -2  -2   0  -6   0   7  -4  -2  -5  -5  -1  -4  -5  -3  -2  -3  -5  -4  -4    0   0   0   0   0   0 100   0   0   0   0   0   0   0   0   0   0   0   0   0  1.68 0.31
  177 S     0  -3  -3  -4  -3  -3  -3  -3  -1  -2  -2  -3  -2   5  -4   1  -2   0   6  -2    8   0   0   0   0   0   0   0   0   0   0   0   0  36   0  15   0   0  41   0  0.95 0.20
  178 Q    -1  -3  -3  -3  -3   3  -1  -4  -3   1  -1  -2   3  -2  -3  -2  -1  -4  -3   5    1   0   0   0   0  19   4   0   0   0   0   0   9   0   0   0   0   0   0  67  0.68 0.20
  179 L    -3  -4  -5  -5  -3  -4  -4  -5  -4   0   6  -4   1  -1  -4  -4  -3  -3  -3  -1    0   0   0   0   0   0   0   0   0   0 100   0   0   0   0   0   0   0   0   0  1.21 0.24
  180 F    -2  -4  -4  -5  -2  -4  -4  -4  -2   1   0  -4   1   4  -4  -3  -2  -3  -1   5    1   0   1   0   0   0   0   0   1   0   1   0   3  23   0   0   0   0   0  71  0.83 0.21
  181 E     1  -2   0  -1  -3   2   3  -1  -2  -4  -4  -1  -3  -4  -2   4   0  -4  -3  -3   10   0   2   0   0   8  22   1   0   0   0   0   0   0   0  56   1   0   0   0  0.62 0.18
  182 L    -3  -3  -4  -5  -3  -3  -4  -5  -4   1   5   0   1  -1  -4  -4  -2  -3  -2   0    0   0   0   0   0   0   0   0   0   3  88   9   0   0   0   0   0   0   0   1  0.91 0.21
  183 F    -4  -5  -5  -5  -4  -5  -5  -5  -3  -2  -1  -5  -2   8  -6  -4  -4  -1   1  -3    0   0   0   0   0   0   0   0   0   0   0   0   0 100   0   0   0   0   0   0  2.07 0.32
  184 I    -2  -1  -2  -2  -4   7   0  -4  -2   3  -2  -1  -2  -4  -3  -2  -2  -4  -3  -2    1   0   0   0   0  76   0   0   0  23   0   0   0   0   0   0   0   0   0   0  1.22 0.28
  185 N     3  -2   3  -1  -2  -1   1   1  -1  -3  -3  -1  -2  -4  -2   3   0  -4  -3  -2   29   0  21   0   0   0   9   8   0   0   0   0   0   0   0  32   1   0   0   0  0.46 0.14
  186 R    -3   7  -2  -3  -5   0  -2  -4  -2  -5  -4   3  -3  -5  -4  -2  -3  -4  -3  -4    0  86   0   0   0   0   0   0   0   0   0  14   0   0   0   0   0   0   0   0  1.53 0.27
  187 Y    -4  -4  -4  -5  -4  -4  -4  -5  -1  -2  -1  -4  -2   7  -5  -4  -3   0   6  -2    0   0   0   0   0   0   0   0   0   0   2   0   0  63   0   0   0   0  35   0  1.53 0.26
  188 A     2  -3   0  -3  -3  -1  -2  -2  -3  -3  -3  -2   1  -4   7  -1  -1  -5  -4  -2   18   1   5   0   0   2   0   1   0   0   1   0   6   0  62   1   2   0   0   2  1.31 0.21
  189 S    -1  -2  -1  -2  -3  -2  -2  -2  -3  -4  -4  -2  -3  -4  -3   6   0  -5  -3  -3    0   0   0   0   0   0   0   0   0   0   0   0   0   0   0  99   1   0   0   0  1.34 0.30
  190 T    -1  -4  -4  -4  10  -4  -4  -4  -4  -3  -3  -4  -3  -4  -4  -2   3  -4  -4  -2    3   0   0   0  72   0   0   0   0   0   0   0   0   0   0   0  24   0   0   0  1.94 0.30
  191 S    -1   2  -2  -2  -4   0  -1  -3  -2  -3  -1   6  -2  -4  -2   1  -2  -4  -3  -3    3   9   0   0   0   0   0   0   0   0   9  68   0   0   0  11   0   0   0   0  0.76 0.20
  192 H    -1  -2   2  -2  -3  -1  -2  -2   4  -4  -4  -2  -3  -4  -3   5   0  -4  -2  -3    0   0   9   0   0   0   0   0  14   0   0   0   0   0   0  77   0   0   0   0  0.97 0.24
  193 A     6  -3  -3  -3  -2  -2  -2  -1  -3  -2  -3  -2  -2  -4  -2   0  -1  -4  -3   0   93   0   0   0   0   0   0   0   0   0   0   0   0   0   0   0   1   0   0   5  1.08 0.25
  194 K    -2   1  -2  -2  -5   0  -1  -3  -2  -4  -4   7  -3  -5  -3  -2  -2  -5  -4  -4    0   0   0   0   0   0   0   0   0   0   0 100   0   0   0   0   0   0   0   0  1.54 0.30
  195 I    -3  -5  -5  -5  -3  -4  -5  -5  -5   7   0  -4   0  -2  -4  -4  -2  -4  -3   2    0   0   0   0   0   0   0   0   0  95   0   0   0   0   0   0   0   0   0   5  1.35 0.27
  196 V    -3  -3  -4  -5  -3  -3  -4  -5  -4   0   0  -3   9  -2  -4  -3  -2  -4  -3   3    0   0   0   0   0   0   0   0   0   0   0   0  77   0   0   0   0   0   0  23  1.51 0.31
  197 H    -1  -2  -1  -2  -2  -2  -2  -3   2  -2  -3  -2  -2   2  -3   2   5  -3   2  -2    0   0   0   0   0   0   0   0   7   0   0   0   0   9   0  15  62   0   7   0  0.73 0.20
  198 D    -4  -3   0   8  -5  -2   0  -3  -3  -5  -6  -2  -5  -5  -3  -2  -3  -6  -5  -5    0   0   0 100   0   0   0   0   0   0   0   0   0   0   0   0   0   0   0   0  1.96 0.31
  199 Q     2  -2  -2  -2  -3   4  -1  -3  -2  -4  -4  -1  -3  -5   6  -1  -2  -4  -3  -3   23   0   0   0   0  33   0   0   0   0   0   0   0   0  44   0   0   0   0   0  1.13 0.22
  200 V    -2  -3  -3  -3  -2   1  -3  -4  -3   4   1  -2   5  -1  -3  -2   1  -3  -2   2    0   0   0   0   0  10   0   0   0  35   6   0  23   0   0   0   9   0   0  16  0.47 0.15
  201 T    -1  -2  -1  -2  -2  -2  -2  -2  -3  -3  -3  -2  -2  -4  -2   4   5  -4  -3  -2    0   1   1   0   0   0   0   0   0   0   0   0   0   0   0  47  52   0   0   0  0.92 0.23
  202 G    -1  -4  -2  -3  -4  -3  -4   7  -4  -5  -5  -3  -4  -5  -4  -2  -3  -4  -5  -5    0   0   0   0   0   0   0 100   0   0   0   0   0   0   0   0   0   0   0   0  1.85 0.28
  203 M    -2  -2  -3  -3  -3   4  -2  -4  -2   1   1  -2   6  -2  -3  -2  -2  -3  -2   2    0   0   0   0   0  29   0   0   0   6   6   0  40   0   0   0   1   0   0  19  0.68 0.20
  204 S    -1  -2  -1  -2  -3  -2  -2  -2  -3  -4  -4  -2  -3  -4  -3   6   0  -5  -3  -3    0   0   0   0   0   0   0   0   0   0   0   0   0   0   0 100   0   0   0   0  1.36 0.30
  205 K    -3   7  -2  -3  -5   0  -1  -4  -2  -5  -4   3  -3  -4  -3  -2  -3  -4  -3  -4    0  81   0   0   0   0   0   0   0   0   0  19   0   0   0   0   0   0   0   0  1.45 0.26
  206 G    -1  -4  -2  -3  -4  -3  -4   7  -4  -5  -5  -3  -4  -5  -4  -2  -3  -4  -5  -5    0   0   0   0   0   0   0 100   0   0   0   0   0   0   0   0   0   0   0   0  1.85 0.28
  207 Y    -4  -4  -4  -5  -4  -3  -4  -5   0  -3  -3  -4  -3   1  -5  -4  -4   0   9  -3    0   0   0   0   0   0   0   0   0   0   0   0   0   0   0   0   0   0 100   0  2.34 0.37
  208 G     0  -4  -2  -3  -4  -3  -4   7  -4  -5  -5  -3  -4  -5  -4  -2  -3  -4  -5  -4    7   0   0   0   0   0   0  93   0   0   0   0   0   0   0   0   0   0   0   0  1.62 0.25
  209 F    -4  -5  -5  -5  -4  -5  -5  -5  -3  -2  -1  -5  -2   8  -6  -4  -4  -1   1  -3    0   0   0   0   0   0   0   0   0   0   0   0   0 100   0   0   0   0   0   0  2.07 0.32
  210 V    -2  -4  -5  -5  -2  -4  -4  -5  -5   2  -1  -4  -1  -2  -4  -3  -2  -5  -3   6    0   0   0   0   0   0   0   0   0   3   0   0   0   0   0   0   0   0   0  97  1.25 0.27
  211 K    -3   7  -2  -3  -5   0  -1  -4  -2  -5  -4   3  -3  -4  -3  -2  -3  -4  -3  -4    0  80   0   0   0   0   0   0   0   0   0  20   0   0   0   0   0   0   0   0  1.43 0.26
  212 F    -4  -5  -5  -5  -4  -5  -5  -5  -3  -2  -1  -5  -2   8  -6  -4  -4  -1   1  -3    0   0   0   0   0   0   0   0   0   0   0   0   0 100   0   0   0   0   0   0  2.07 0.32
  213 T     2  -2   0  -2  -2  -2  -2   2  -2  -3  -3  -2  -2  -4  -2   4   2  -4  -3  -2   17   0   1   0   0   0   0  17   0   0   0   0   0   0   0  47  18   0   0   0  0.57 0.16
  214 N    -2  -2   3   6  -4   1   1  -2  -1  -4  -5  -1  -4  -5  -3   1  -2  -5  -4  -4    0   0  18  59   0   7   4   0   1   0   0   0   0   0   0  11   0   0   0   0  0.98 0.19
  215 S    -1  -2  -2   0  -5   0   6  -3  -2  -5  -4  -1  -3  -5   0   0  -2  -4  -4  -4    3   0   0   0   0   1  85   0   0   0   0   0   0   0   4   7   0   0   0   0  1.23 0.25
  216 D     1  -1   2   1  -2   2   1   1  -1  -2  -3  -1  -1  -3  -2   2   0  -3  -3  -1    9   0  15   7   0  14  11  11   0   0   0   1   2   0   0  20   5   0   0   5  0.26 0.08
  217 E    -3  -2   0   6  -5  -1   4  -3   2  -5  -5  -2  -4  -5  -3  -2  -2  -5  -4  -4    0   0   0  66   0   0  30   0   5   0   0   0   0   0   0   0   0   0   0   0  1.27 0.23
  218 Q    -3  -1  -2  -2  -5   8   0  -4  -1  -5  -4  -1  -1  -5  -3  -2  -3  -4  -3  -4    0   0   0   0   0  98   1   0   0   0   0   0   1   0   0   0   0   0   0   0  1.85 0.35
  219 Q    -3   0  -2  -2  -5   7   0  -4   0  -3  -1   0   0  -4  -3  -2  -2  -4  -3  -4    0   1   0   0   0  85   0   0   2   0   6   3   2   0   0   0   0   0   0   0  1.36 0.29
  220 L    -3   7  -2  -3  -5   0  -2  -4  -2  -4  -1   2  -2  -4  -4  -2  -3  -4  -3  -4    0  83   0   0   0   0   0   0   0   0   7   9   0   0   0   1   0   0   0   0  1.31 0.25
  221 A     6  -3  -3  -3  -2  -2  -2  -1  -3  -3  -3  -2  -3  -4  -2   0  -2  -4  -3  -2   99   0   0   0   0   0   0   0   0   0   0   0   0   0   0   1   0   0   0   0  1.24 0.27
  222 L    -3  -4  -5  -5  -3  -4  -4  -5  -4   0   6  -4   1  -1  -4  -4  -3  -3  -3  -1    0   0   0   0   0   0   0   0   0   0 100   0   0   0   0   0   0   0   0   0  1.21 0.24
  223 S    -1  -2   0  -2  -2  -1  -2  -2   3   0   0  -2   0  -2  -2   2   3  -3  -2   2    0   1   3   0   0   2   0   1  11   0  10   0   2   0   0  18  28   0   0  23  0.26 0.12
  224 E    -3  -2  -2   1  -5   0   7  -4  -2  -5  -5  -1  -4  -5  -3  -2  -3  -5  -4  -4    0   0   0   2   0   0  97   0   0   0   0   0   0   0   0   0   0   0   0   0  1.61 0.30
  225 M    -3  -3  -4  -5  -4  -2  -4  -5  -4  -1   0  -3  10  -2  -5  -4  -3  -4  -3  -1    0   0   0   0   0   0   0   0   0   0   0   0 100   0   0   0   0   0   0   0  2.20 0.39
  226 Q    -3  -1  -2  -2  -5   8   0  -4  -1  -5  -4  -1  -2  -5  -2  -2  -3  -4  -3  -4    0   0   0   0   0  99   0   0   0   0   0   0   0   0   1   0   0   0   0   0  1.88 0.35
  227 G    -1  -4  -2  -3  -4  -3  -4   7  -4  -5  -5  -3  -4  -5  -4  -2  -3  -4  -5  -5    0   0   0   0   0   0   0 100   0   0   0   0   0   0   0   0   0   0   0   0  1.85 0.28
  228 V    -2  -4  -4  -5  -2  -4  -4  -5  -5   2  -1  -4  -1  -2  -4  -3  -1  -4  -3   6    0   0   0   0   0   0   0   0   0   5   0   0   0   1   0   0   2   0   0  93  1.14 0.25
  229 F    -4  -4  -4  -5  -4  -4  -4  -5   0  -3  -2  -4  -2   5  -5  -4  -3   0   8  -3    0   0   0   0   0   0   0   0   0   0   0   0   0  24   0   0   0   0  76   0  1.82 0.30
  230 L    -2  -5  -5  -5  10  -5  -5  -5  -5  -2   2  -5  -2  -3  -5  -3  -3  -4  -4  -2    0   0   0   0  76   0   0   0   0   0  23   0   0   0   0   0   0   0   0   1  2.03 0.31
  231 N    -2  -3   4  -2  -4  -3  -3   6  -3  -5  -5  -3  -4  -5  -4  -1  -3  -4  -4  -5    0   0  23   0   0   0   0  77   0   0   0   0   0   0   0   0   0   0   0   0  1.37 0.23
  232 G    -2  -2   7  -1  -4  -2  -2   3  -1  -5  -5  -2  -4  -4  -3   1  -2  -5  -4  -4    0   0  68   0   0   0   0  23   0   0   0   0   0   0   0   9   0   0   0   0  1.16 0.23
  233 R    -3   8  -2  -3  -5  -1  -2  -4  -2  -5  -4   0  -3  -5  -4  -3  -3  -5  -4  -4    0 100   0   0   0   0   0   0   0   0   0   0   0   0   0   0   0   0   0   0  1.85 0.32
  234 A     2  -4  -4  -3  -4  -3  -3  -3  -4  -4  -4  -3  -4  -5   7  -2  -2  -5  -4  -3   25   0   0   0   0   0   0   0   0   0   0   0   0   0  75   0   0   0   0   0  1.90 0.27
  235 I    -3  -4  -4  -5  -3  -3  -4  -5  -4   4   0  -3   8  -2  -4  -3  -2  -3  -3   0    0   0   0   0   0   0   0   0   0  30   0   0  69   0   0   0   0   0   0   1  1.39 0.29
  236 K    -3   7  -2  -3  -5  -1  -2  -4  -2  -5  -4   2  -3  -5  -4  -2  -3  -4  -3  -4    0  93   0   0   0   0   0   0   0   0   0   7   0   0   0   0   0   0   0   0  1.67 0.29
  237 V    -2  -4  -4  -5  -2  -4  -4  -5  -5   6   0  -4   0  -2  -4  -3  -2  -4  -3   4    0   0   0   0   0   0   0   0   0  66   0   0   0   0   0   0   0   0   0  33  1.00 0.21
  238 G     0  -2  -1  -2  -3  -2  -2   0  -3  -4  -4  -2  -3  -4  -2   6   0  -4  -3  -3    0   0   0   0   0   0   0   7   0   0   0   0   0   0   0  93   0   0   0   0  1.17 0.28
  239 P    -1  -3   0  -2  -3  -2  -2  -3  -3  -2  -2  -2   2  -3   3   0   6  -4  -3  -2    1   0   5   0   0   0   0   0   0   0   0   0   8   0  16   3  66   0   0   0  0.87 0.22
  240 T     5  -3  -3  -3  -2  -2  -2  -1  -3  -3  -3  -2  -2  -4  -2   0   2  -4  -3  -2   84   0   0   0   0   0   0   0   0   0   0   0   0   0   0   0  16   0   0   0  0.95 0.23
  241 S    -1  -3  -1  -2  -2  -2  -2   0  -3  -2  -3  -2  -2  -4  -2   2   6  -4  -3  -2    1   0   0   0   0   0   0   6   0   0   0   0   0   0   0  15  77   0   0   0  0.98 0.23
  242 G    -2  -3  -1  -3  -4  -2  -2   0   1  -4  -4   0  -4  -5   7  -2  -2  -5  -4  -4    0   0   3   0   0   0   0   7   4   0   0   7   0   0  77   0   0   0   0   0  1.80 0.24
  243 Q    -2   1   1  -2  -4   2  -1  -3  -2  -4  -3   6  -2  -4  -2  -1  -2  -4  -3  -4    0   0   6   0   0  11   0   0   0   0   3  78   0   0   0   1   0   0   0   0  1.01 0.23
  244 Q    -3   0   7   0  -4   2  -1  -2   1  -4  -4   0  -3  -4  -3   0   0  -5  -3  -4    0   3  71   0   0  11   0   0   3   0   0   4   0   0   0   2   5   0   0   0  1.08 0.22
  245 Q    -2   4   0  -2  -4   2  -1  -1  -1  -4  -3   5  -2  -4  -1  -1  -2  -4  -3  -3    0  31   3   0   0  10   0   3   0   0   1  47   0   0   2   2   0   0   0   0  0.75 0.17
  246 H     0   0   1  -1  -2   1  -1   2   1  -2  -2   0   0  -2  -1   2   1  -2  -1  -2    3   2   6   1   0   7   1  22   5   1   1   6   5   1   2  28   7   0   1   1  0.23 0.07
  247 V     0  -1   2  -1  -2   0  -1   3   4  -2  -2  -1  -1  -1   1   0  -1  -2   0  -1    7   1  14   1   0   4   1  24  15   1   2   3   1   2   7   5   1   0   4   6  0.23 0.06
  248 S     0  -1   1   0  -2   2   0   2   2  -2  -2  -1  -1  -1   0   1  -1  -2  -1  -1    5   1   8   3   1  18   3  22   7   1   2   1   2   3   5  12   2   0   1   3  0.19 0.05
  249 G     1  -1   0  -1  -2   1  -1   4   0  -2  -2  -1  -1  -1   2   0  -1  -2  -1  -1   11   1   4   1   0   8   1  38   2   1   2   1   2   2   9   6   3   0   3   3  0.31 0.06
  250 N     0  -1   2  -1  -2   1  -1   3  -1  -2  -2   0  -1   0   0   0  -1  -2  -1  -1    7   1  15   1   0   8   1  32   1   1   2   5   1   6   5   4   1   0   2   5  0.23 0.06
  251 N     0   0   1  -1  -2   1  -1   2   2  -2  -1   0   0  -1   3   0  -1  -2  -1  -2    5   4  11   1   0   8   1  19   7   2   5   2   5   2  16   5   3   0   2   2  0.20 0.04
  252 D     1  -1   0   0  -2   1   0   2   1  -2  -1   0  -1   0   2   0  -1  -2   1  -2   12   1   5   6   0   7   2  22   5   1   4   4   1   5  10   3   3   0   5   2  0.15 0.03
  253 Y     0  -1   1   0  -2   1  -1   3   1  -2  -1  -1   0   0   0   0  -1  -1   1  -2    6   1  11   4   0  10   1  26   4   1   5   1   3   4   5   2   3   0   7   2  0.16 0.04
  254 N     0  -1   2  -1  -2   2  -1   2   1  -2  -2  -1   2  -2   1   0   0  -2  -2  -1    5   1  14   1   0  15   1  23   4   1   2   1  10   1   6   5   5   0   1   4  0.20 0.06
  255 R     0   1   0  -1  -2   1  -1   2   2  -2  -1  -1   2   0   1  -1  -1  -2   1  -1    6  10   3   1   0  11   1  24   8   1   2   1  10   5   6   3   1   0   5   3  0.16 0.06
  256 S     0  -1   0  -1  -2   1  -1   3   2  -2  -2  -1   2  -1   1   1  -1  -2  -1  -1    7   1   4   1   0  10   1  27   6   1   1   1  12   2   7  12   2   0   2   2  0.21 0.07
  257 S     0  -1   0  -1  -2   1  -1   3   1  -2  -2   0   2  -1   1   0   0  -2  -2  -2    7   1   5   1   0  10   1  27   5   2   1   4  11   2   9   9   4   0   1   1  0.21 0.06
  258 S     0  -1   1  -1  -2   1  -1   3   1  -2  -2  -1   0  -3   3   1  -1  -3  -2  -2    6   1   7   2   0  11   1  25   5   1   3   1   4   1  17  13   1   0   1   2  0.32 0.07
  259 S     0  -1   0  -2  -2   2  -1   3   1  -2  -2  -1   2  -3   2   1  -1  -3  -1  -2    8   0   4   0   0  18   1  25   3   1   1   0  12   0  11  11   1   0   1   1  0.30 0.09
  260 L     0  -2  -1  -2  -2   1  -1   2   0  -1   0  -1   2  -1   3  -1   0  -2  -1  -1   10   0   3   1   0   9   1  23   2   1   8   0  13   3  16   1   5   0   1   3  0.23 0.07
  261 N     0  -2   2  -1  -2   1  -1   3   0  -2  -2  -1   2  -2   2   0  -1  -3  -2  -1    7   1  15   1   0   9   1  30   2   1   2   1  12   2  10   3   1   0   0   4  0.28 0.08
  262 N     0  -2   2  -1  -2   1  -1   2   1  -2  -2  -1   1  -3   3  -1  -1  -3  -2   0    7   0  15   1   0  11   1  22   5   1   1   1   8   0  16   1   3   0   0   7  0.27 0.08
  263 E     0  -1   0  -1  -2   1   0   3   2  -1  -1  -1   2  -2   3  -1  -1  -3  -2  -1    6   1   5   1   0  10   7  26   7   3   3   1   9   0  15   2   1   0   0   4  0.26 0.07
  264 N     1  -2   1  -1  -2   1  -1   2  -1  -1  -1  -1   2  -2   3   0  -1  -3  -2  -1   13   1  10   2   0   9   1  23   2   2   3   1  14   1  15   2   1   0   1   2  0.26 0.08
  265 V     0  -2  -1  -2  -2   0  -2   2  -1  -1  -1  -1   3  -1   3  -1  -1  -2  -1   0    7   1   2   1   0   7   1  21   2   3   2   3  17   3  18   2   1   0   3   8  0.24 0.08
  266 D     0  -2   0   0  -2   1  -1   2   0  -1  -1  -1   2  -2   3  -1  -1  -2   0  -1   10   1   3   7   0  11   1  22   2   2   2   1  10   1  16   2   1   0   3   3  0.23 0.07
  267 S     0  -1   0  -2  -2   2  -1   2   1  -2  -1  -1   3  -2   3   0  -1  -2  -1  -1    9   1   3   1   0  14   1  20   4   1   2   1  14   1  17   6   1   0   1   5  0.26 0.08
  268 R    -1   1  -1  -1  -2   2  -1   2   2  -1  -1  -1   2  -2   2  -1  -1  -2  -1  -1    4   9   1   2   0  14   1  24   6   4   2   1  11   1  11   3   3   0   2   2  0.21 0.07
  269 F     0  -1  -1  -2  -2   1  -1   2   2  -1  -1  -1   2   1   1   0  -1  -2   1  -1    7   1   2   1   0  11   1  21   6   2   3   2  13   8   8   4   1   0   5   4  0.13 0.06
  270 L     0  -1   0  -1  -2   1  -1   2   1  -1  -1  -1   2  -2   2   0   0   0  -1  -1    7   1   3   1   0  10   1  23   5   1   7   2  10   1  13   3   4   2   2   3  0.18 0.05
  271 S     1  -1   0  -1  -2   1  -1   3   0  -2  -2  -1   2  -2   1   1  -1   2  -1  -1   11   2   6   1   0   7   1  28   3   1   2   1  10   1   8   9   1   4   2   2  0.22 0.06
  272 K     0   0   0  -1  -2   1  -1   3  -1  -2  -1   1   2  -1   2   0  -1   1  -1  -2    5   3   6   1   0   7   1  24   1   1   2  10  13   2  13   4   2   2   1   2  0.21 0.06
  273 G     1  -1   1  -1  -2   1  -1   3   0  -2  -2  -1   1  -2   2   0  -1  -1  -1  -1   11   1  10   1   0   7   1  31   2   1   2   1   8   1  11   4   2   1   3   3  0.26 0.06
  274 Q     0  -1   0  -1  -2   2  -1   2  -1  -1  -1  -1   2  -2   1   0   0   0  -1   0    8   1   4   1   0  19   1  18   1   2   3   1  13   1   7   6   4   1   2   6  0.15 0.06
  275 S     0  -1   0  -1  -2   1  -1   3   0  -1  -1  -1   2  -2   2   1  -1   0  -1  -1    9   1   3   1   0  10   1  26   3   1   2   1  12   1  10  10   1   1   2   4  0.21 0.06
  276 F     0  -2   0  -2  -2   0  -1   1   0  -1   0  -1   3   1   1   0  -1   4   1  -1    5   1   5   1   0   7   1  14   2   2   6   1  17   8   6   4   3   8   6   2  0.14 0.05
  277 L     0  -2   0  -2  -2   0  -2   1  -1   0   0  -1   2   1   2  -1  -1   0   3  -1    7   1   4   1   0   3   1  11   1   4   9   2  13   5  11   4   1   1  17   3  0.14 0.06
  278 S     0  -1   0  -1  -2   1  -1   2  -1  -2  -2  -1   0  -1   3   2   0   1   0  -2    9   1   6   1   0  10   1  18   0   1   1   1   5   2  14  19   5   3   3   1  0.24 0.06
  279 N    -1  -2   2  -2  -2   1  -1   1  -1  -1  -1  -1   5  -1   1  -1  -1   1   0  -1    3   1  16   1   0  10   1  15   1   1   2   1  31   1   7   4   1   2   3   2  0.28 0.11
  280 G     0  -2   0  -2  -2   1  -1   4  -1  -2  -2  -1   1  -1   0   0  -1   0  -1  -1    5   1   5   1   0  10   1  42   1   1   2   1   7   2   5   4   2   1   2   6  0.32 0.08
  281 N     2  -1   2  -1  -2   2  -1   2  -1  -2  -2  -1   0  -1   2   0  -1  -2  -1  -2   30   1  13   1   0  12   1  16   0   1   1   1   4   3   9   5   1   0   1   1  0.24 0.08
  282 N     0  -2   2  -1  -3   0  -1   0  -2  -2  -2  -1   0  -1   5   0  -1  -1   0  -2    6   1  16   1   0   6   1   8   0   1   2   1   4   3  38   5   1   1   3   2  0.60 0.11
  283 N     0  -2   2  -1  -3   0  -1   1  -1  -2  -2   0   0  -2   5   0  -1  -3  -1  -2    5   1  13   1   0   6   1  13   0   1   1   5   4   1  37   4   2   0   3   3  0.58 0.10
  284 M    -1  -2  -1  -2  -2   1  -2   0  -1   0   0  -2   6   1   0  -1  -1   0   2   0    5   1   3   1   0  10   1   8   0   3   4   1  37   4   4   4   1   1  10   3  0.27 0.11
  285 G     0  -2   1  -1  -3   0  -2   5  -2  -3  -3  -1  -1  -2   0   0  -1  -2  -1  -3    5   1   7   1   0   6   1  56   0   1   1   1   2   1   5   6   3   0   2   1  0.58 0.11
  286 F    -1  -1   0  -2  -2   0  -2   0   0  -1  -1  -1   1   3   0   0  -1   0   5  -1    5   1   4   1   0   7   1   8   0   1   3   4   5  18   4   5   1   0  29   2  0.29 0.08
  287 K    -1  -1   0  -2  -2   1  -1   1   0  -1  -2   0   0   1   1   0  -1   0   5  -2    3   1   6   1   0   8   1  11   0   4   1   8   2   2   7   6   3   1  35   1  0.29 0.09
  288 R     0   0   1  -1  -2   0  -1   4  -1  -3  -2  -1  -1  -1   2   0  -1  -2   1  -2    6   6   6   1   0   6   1  37   0   1   1   1   3   2  12   5   2   0   7   1  0.34 0.07
  289 N     2  -1   2  -1  -2   1  -1   1  -1  -1  -2  -1   0  -1   2   0   0  -2   1  -1   27   1  13   1   0   9   1  11   1   4   1   1   3   3   9   2   5   0   7   1  0.16 0.06
  290 H     1  -2   0  -1  -2   1  -1   1   1  -2  -1  -1   0  -1   4   0   0  -2   0  -1   11   1   4   1   0   7   1  13   5   2   4   1   3   1  27   3   6   0   4   3  0.34 0.06
  291 M     0   0  -1  -1  -2   4   0   0  -1  -2  -2   0   1   0   2   0   0  -2   0  -1    7   2   1   1   0  35   1   9   0   1   2   1   7   5  10   4   7   0   4   2  0.27 0.09
  292 S     0  -1   0  -1  -1   1   0   1  -1  -1  -1  -1  -1   0   2   2   0  -1   0  -1    8   2   3   2   1   8   2  11   1   2   4   2   2   4  10  26   4   0   4   4  0.14 0.03
  293 Q     0   0   1  -1  -2   4   0   1  -1  -2  -1   0  -1  -1   2   0   0  -1  -1  -1    5   2   6   2   1  31   2  11   1   2   5   2   1   2   9   8   4   1   2   3  0.21 0.05
  294 F     0  -1  -1  -1  -1   0  -1   0  -1  -1   0  -1   0   3   2   0   0   0   2  -1    6   2   2   2   1   5   3   7   1   2   6   3   3  25  11   5   5   1   7   3  0.14 0.03
  295 I     0  -1   0  -1  -1   0  -1   1  -1   1   0  -1   2   1   0  -1   0  -1   0   0    5   2   5   2   1   4   3  11   1  15   7   3  11   9   4   3   4   1   4   5  0.02 0.02
  296 Y    -1  -1   1  -1  -1   1  -1   0   0  -1  -1  -1  -1   1   1   0  -1   0   4  -1    5   2   9   2   1  10   3   7   1   2   4   3   1   6   6   5   3   1  25   3  0.16 0.04
  297 P     0  -1  -1  -1  -1   0  -1   0  -1  -1  -1  -1  -1  -1   5   0   0  -1   1  -1    6   2   3   2   1   3   3   8   1   2   4   3   2   2  39   5   4   1   6   3  0.54 0.05
  298 V     0  -1   0  -1  -1   0  -1   1  -1   0   0  -1   1   0   0   0   0  -1   0   2    8   2   4   3   1   3   3  12   1   3   5   3   5   3   3   4   7   1   3  26  0.03 0.02
  299 Q     0   0   0   0  -1   4   0   0   0  -1  -1   0   0  -1   0   1   0  -1  -1  -1    7   3   4   3   1  33   3   6   1   3   4   3   2   3   3  10   6   1   2   3  0.18 0.04
  300 Q     0   0   0  -1  -2   3   0  -1   0  -1  -1   0  -1  -1   4   0   0  -1  -1  -1    5   2   4   3   1  27   3   5   2   2   4   3   1   3  22   4   3   1   2   3  0.32 0.05
  301 Q     0   0   0   0  -2   4   1  -1   0  -1  -1   0   0  -1   1   0  -1  -1  -1  -1    5   3   3   3   1  40   6   4   1   3   5   3   2   2   8   4   3   1   2   3  0.28 0.05
  302 P     0  -1   0  -1  -1   2   0  -1   2  -1  -1   0   0  -1   5   0   0  -1  -1  -1    5   3   3   3   1  12   3   4   7   3   5   3   2   2  32   4   4   1   2   3  0.42 0.04
  303 S     1  -2  -1  -2  -3   1  -1  -2  -2  -3  -3  -1  -2  -3   6   1   1  -3  -3  -2   11   1   1   1   0  10   1   1   0   1   1   1   0   0  51   9  10   0   0   2  0.98 0.15
  304 L    -1  -3  -4  -5  -3  -2  -4  -4  -3   0   3  -3   8  -2  -4  -2  -2  -3  -3  -1    5   0   0   0   0   0   0   0   0   1  22   0  69   0   0   3   0   0   0   1  1.19 0.27
  305 N    -3  -2   7   0  -4  -2  -2  -2  -1  -5  -5  -2  -4  -5  -4   0   1  -5  -4  -4    0   0  85   0   0   0   0   0   0   0   0   0   0   0   0   4  11   0   0   0  1.48 0.28
  306 H    -2  -1  -1  -2  -5   7   0  -3   3  -5  -4  -1  -2  -5  -3   0  -2  -4  -3  -4    0   0   1   0   0  86   0   0   7   0   0   0   0   0   0   6   0   0   0   0  1.49 0.31
  307 F    -4  -4  -5  -5  -4  -5  -5  -5  -3  -2  -1  -5  -2   8  -5  -3  -4  -1   3  -3    0   0   0   0   0   0   0   0   0   0   0   0   0  90   0   1   0   0   9   0  1.82 0.29
  308 T    -2  -3   1  -2  -3  -2  -2  -3  -3  -3  -3  -2  -2  -4  -3   0   7  -4  -3  -2    0   0   8   0   0   0   0   0   0   0   0   0   0   0   0   0  91   0   0   0  1.32 0.29
  309 D    -4  -3   0   8  -5  -2   0  -3  -3  -5  -6  -2  -5  -5  -3  -2  -3  -6  -5  -5    0   0   0 100   0   0   0   0   0   0   0   0   0   0   0   0   0   0   0   0  1.96 0.31
  310 P    -3  -4  -4  -3  -5  -3  -3  -4  -4  -5  -5  -3  -4  -6   8  -1  -3  -6  -5  -4    0   0   0   0   0   0   0   0   0   0   0   0   0   0  97   3   0   0   0   0  2.66 0.33
  311 N    -3  -2   8   0  -5  -2  -2  -2   1  -5  -5  -2  -4  -5  -4  -1  -2  -6  -4  -5    0   0  98   0   0   0   0   0   2   0   0   0   0   0   0   0   0   0   0   0  1.85 0.32
  312 N    -3  -2   8   0  -5  -2  -2  -2  -1  -5  -5  -2  -4  -5  -4  -1  -2  -6  -4  -5    0   0 100   0   0   0   0   0   0   0   0   0   0   0   0   0   0   0   0   0  1.93 0.33
  313 T    -2  -3  -2  -3  -3  -2  -3  -3  -4  -3  -3  -2  -2  -4  -3   0   7  -4  -3  -2    0   0   0   0   0   0   0   0   0   0   0   0   0   0   0   0 100   0   0   0  1.54 0.32
  314 T    -2  -3  -2  -3  -3  -2  -3  -3  -4  -3  -3  -2  -2  -4  -3   0   7  -4  -3  -2    0   0   0   0   0   0   0   0   0   0   0   0   0   0   0   0 100   0   0   0  1.54 0.32
  315 V    -2  -4  -5  -5  -2  -4  -4  -5  -5   1  -1  -4  -1  -2  -4  -3  -2  -5  -3   6    0   0   0   0   0   0   0   0   0   0   0   0   0   0   0   0   0   0   0 100  1.31 0.28
  316 F    -4  -5  -5  -5  -4  -5  -5  -5  -3  -2  -1  -5  -2   8  -6  -4  -4  -1   1  -3    0   0   0   0   0   0   0   0   0   0   0   0   0 100   0   0   0   0   0   0  2.07 0.32
  317 I    -2  -4  -4  -5  -2  -4  -4  -5  -5   3   0  -4  -1  -2  -4  -3  -2  -4  -3   6    0   0   0   0   0   0   0   0   0  18   0   0   0   0   0   0   0   0   0  82  1.05 0.23
  318 G    -1  -4  -2  -3  -4  -3  -4   7  -4  -5  -5  -3  -4  -5  -4  -2  -3  -4  -5  -5    0   0   0   0   0   0   0 100   0   0   0   0   0   0   0   0   0   0   0   0  1.85 0.28
  319 G    -1  -4  -2  -3  -4  -3  -4   7  -4  -5  -5  -3  -4  -5  -4  -2  -3  -4  -5  -5    0   0   0   0   0   0   0 100   0   0   0   0   0   0   0   0   0   0   0   0  1.85 0.28
  320 L    -3  -4  -5  -5  -3  -4  -4  -5  -4   0   6  -4   1  -1  -4  -4  -3  -3  -3  -1    0   0   0   0   0   0   0   0   0   0 100   0   0   0   0   0   0   0   0   0  1.21 0.24
  321 S    -1  -2  -1  -2  -3  -2  -2  -2  -3  -4  -4  -2  -3  -4  -3   6   0  -5  -3  -3    0   0   0   0   0   0   0   0   0   0   0   0   0   0   0 100   0   0   0   0  1.36 0.30
  322 S     0  -3  -2  -2  -3  -3  -3   6  -3  -5  -5  -3  -4  -4  -3   2  -2  -4  -4  -4    4   0   0   0   0   0   0  77   0   0   0   0   0   0   0  19   0   0   0   0  1.25 0.22
  323 L    -2  -3  -4  -5  -3  -3  -4  -5  -1  -1   2  -3  -1   1  -4  -3  -3   0   8   0    3   0   0   0   0   0   0   0   0   0  20   0   0   0   0   0   0   0  69   9  1.23 0.25
  324 V    -1  -4  -4  -4  -2  -4  -4  -4  -4   1  -1  -4  -1  -2  -4   0  -1  -4  -3   6    1   0   0   0   0   0   0   0   0   0   0   0   0   0   0   7   0   0   0  91  1.06 0.25
  325 T    -2  -1  -1  -3  -3  -2  -2  -3   3  -3  -3  -2  -2  -4  -3   0   6  -4  -3  -2    0   3   0   0   0   0   0   0   7   0   0   0   0   0   0   3  87   0   0   0  1.18 0.27
  326 E    -3  -2  -2   0  -6   0   7  -4  -2  -5  -5  -1  -4  -5  -3  -2  -3  -5  -4  -4    0   0   0   0   0   0 100   0   0   0   0   0   0   0   0   0   0   0   0   0  1.68 0.31
  327 D    -3  -3   0   7  -5  -2   1  -3  -3  -5  -5  -2  -5  -5  -3  -1  -3  -6  -5  -5    0   0   0  91   0   0   6   0   0   0   0   0   0   0   0   3   0   0   0   0  1.68 0.28
  328 E    -3  -2  -2   0  -5   0   7  -4   1  -5  -5  -1  -4  -5  -3  -2  -3  -5  -4  -4    0   0   0   0   0   0  97   0   3   0   0   0   0   0   0   0   0   0   0   0  1.58 0.30
  329 L    -3  -4  -5  -5  -3  -4  -4  -5  -4   0   6  -4   1  -1  -4  -4  -3  -3  -3  -1    0   0   0   0   0   0   0   0   0   0 100   0   0   0   0   0   0   0   0   0  1.21 0.24
  330 R    -3   8  -2  -3  -5  -1  -2  -4  -2  -5  -4   0  -3  -4  -4  -3  -3   2  -3  -4    0  97   0   0   0   0   0   0   0   0   0   0   0   0   0   0   0   3   0   0  1.76 0.31
  331 A     2  -2   1  -2  -2  -2  -2  -2  -2  -3  -2  -2  -3  -4  -2   5   0  -4  -3  -3   18   0   4   0   0   0   0   0   0   0   3   0   0   0   0  74   1   0   0   0  0.82 0.22
  332 Y    -3  -4  -4  -5   3  -4  -4  -5  -2  -2  -1  -4  -2   7  -5  -4  -3   0   5  -2    0   0   0   0   7   0   0   0   0   0   0   0   0  69   0   0   0   0  23   2  1.43 0.25
  333 F    -4  -5  -5  -5  -4  -5  -5  -5  -3  -2  -1  -5  -2   8  -6  -4  -4  -1   1  -3    0   0   0   0   0   0   0   0   0   0   0   0   0 100   0   0   0   0   0   0  2.07 0.32
  334 Q     0  -1  -2  -2  -4   8   1  -3  -1  -4  -4  -1  -2  -5  -3  -1  -2  -4  -3  -4    8   0   0   0   0  88   2   0   1   0   0   0   0   0   0   1   0   0   0   0  1.51 0.31
  335 P    -1  -4  -2  -3  -4  -3  -3   6  -3  -4  -4  -3   1  -4   4  -2  -3  -4  -4  -3    0   0   0   0   0   0   0  68   0   0   0   0   7   0  23   0   0   0   0   2  1.20 0.21
  336 F    -4  -5  -5  -5  -4  -5  -5  -5  -3  -2  -1  -5  -2   8  -6  -4  -4  -1   1  -3    0   0   0   0   0   0   0   0   0   0   0   0   0 100   0   0   0   0   0   0  2.07 0.32
  337 G    -1  -4  -2  -3  -4  -3  -4   7  -4  -5  -5  -3  -4  -5  -4  -2  -3  -4  -5  -5    0   0   0   0   0   0   0 100   0   0   0   0   0   0   0   0   0   0   0   0  1.85 0.28
  338 T    -2  -2  -1   1  -4   1   6  -3  -2  -4  -4  -1  -3  -4  -1   0   1  -4  -3  -3    0   0   0   3   0   3  74   0   0   0   0   0   0   0   1   7  11   0   0   0  1.01 0.22
  339 I    -3  -5  -5  -5  -3  -5  -5  -6  -5   7   0  -4   0  -2  -5  -4  -2  -4  -3   1    0   0   0   0   0   0   0   0   0 100   0   0   0   0   0   0   0   0   0   0  1.47 0.29
  340 V    -2  -3  -2  -3  -2  -2  -3  -3  -4  -1  -2  -2  -2  -3  -3   0   6  -4  -3   3    0   0   0   0   0   0   0   0   0   0   0   0   0   0   0   0  77   0   0  23  1.03 0.25
  341 Y    -4  -4  -4  -5  -4  -3  -4  -5   0  -3  -3  -4  -3   1  -5  -4  -4   0   9  -3    0   0   0   0   0   0   0   0   0   0   0   0   0   0   0   0   0   0 100   0  2.34 0.37
  342 V    -2  -4  -5  -5  -2  -4  -4  -5  -5   1  -1  -4  -1  -2  -4  -3  -2  -5  -3   6    0   0   0   0   0   0   0   0   0   0   0   0   0   0   0   0   0   0   0 100  1.31 0.28
  343 K    -2   1  -2  -2  -5   0  -1  -3  -2  -4  -4   7  -3  -5  -3  -2  -2  -5  -4  -4    0   0   0   0   0   0   0   0   0   0   0 100   0   0   0   0   0   0   0   0  1.54 0.30
  344 I    -3  -5  -5  -5  -3  -5  -5  -6  -5   7   0  -4   0  -2  -5  -4  -2  -4  -3   1    0   0   0   0   0   0   0   0   0 100   0   0   0   0   0   0   0   0   0   0  1.47 0.29
  345 P    -3  -4  -4  -3  -5  -3  -3  -4  -4  -5  -5  -3  -4  -6   8  -3  -3  -6  -5  -4    0   0   0   0   0   0   0   0   0   0   0   0   0   0 100   0   0   0   0   0  2.79 0.35
  346 V    -2  -4  -4  -3  -4  -3  -3  -4  -4  -1  -2  -3  -3  -4   8  -3  -2  -5  -4   2    0   0   0   0   0   0   0   0   0   2   1   0   0   0  77   0   0   0   0  20  1.88 0.27
  347 G    -1  -4  -2  -3  -4  -3  -4   7  -4  -5  -5  -3  -4  -5  -4  -2  -3  -4  -5  -5    0   0   0   0   0   0   0 100   0   0   0   0   0   0   0   0   0   0   0   0  1.85 0.28
  348 K    -2   1  -2  -2  -5   0  -1  -3  -2  -4  -4   7  -3  -5  -3  -2  -2  -5  -4  -4    0   0   0   0   0   0   0   0   0   0   0 100   0   0   0   0   0   0   0   0  1.54 0.30
  349 C    -1  -4  -2  -3  -2  -3  -4   7  -4  -5  -5  -3  -4  -5  -4  -2  -3  -4  -5  -5    0   0   0   0   1   0   0  99   0   0   0   0   0   0   0   0   0   0   0   0  1.81 0.27
  350 C    -2  -6  -5  -6  11  -5  -6  -5  -5  -3  -3  -5  -4  -5  -5  -3  -3  -4  -5  -3    0   0   0   0 100   0   0   0   0   0   0   0   0   0   0   0   0   0   0   0  3.04 0.39
  351 G    -1  -4  -2  -3  -4  -3  -4   7  -4  -5  -5  -3  -4  -5  -4  -2  -3  -4  -5  -5    0   0   0   0   0   0   0 100   0   0   0   0   0   0   0   0   0   0   0   0  1.85 0.28
  352 F    -4  -5  -5  -5  -4  -5  -5  -5  -3  -2  -1  -5  -2   8  -6  -4  -4  -1   1  -3    0   0   0   0   0   0   0   0   0   0   0   0   0 100   0   0   0   0   0   0  2.07 0.32
  353 V    -2  -4  -5  -5  -2  -4  -4  -5  -5   1  -1  -4  -1  -2  -4  -3  -2  -5  -3   6    0   0   0   0   0   0   0   0   0   0   0   0   0   0   0   0   0   0   0 100  1.31 0.28
  354 Q    -3  -1  -2  -2  -5   8   0  -4  -1  -5  -4  -1  -2  -5  -3  -2  -3  -4  -3  -4    0   0   0   0   0 100   0   0   0   0   0   0   0   0   0   0   0   0   0   0  1.92 0.36
  355 Y    -4  -4  -4  -5  -4  -4  -5  -5  -2  -2  -1  -4  -2   8  -5  -4  -4   0   5  -3    0   0   0   0   0   0   0   0   0   0   0   0   0  77   0   0   0   0  23   0  1.68 0.28
  356 V    -2  -4  -5  -5  -2  -4  -4  -5  -5   1  -1  -4  -1  -2  -4  -3  -2  -5  -3   6    0   0   0   0   0   0   0   0   0   0   0   0   0   0   0   0   0   0   0 100  1.31 0.28
  357 D    -3  -1  -1   3  -5   5   0  -3   7  -5  -4  -1  -3  -4  -3  -2  -3  -4  -1  -4    0   0   0  21   0  40   2   0  38   0   0   0   0   0   0   0   0   0   0   0  1.12 0.24
  358 R    -3   8  -2  -3  -5  -1  -2  -4  -2  -5  -4   0  -3  -5  -4  -3  -3  -5  -4  -4    0 100   0   0   0   0   0   0   0   0   0   0   0   0   0   0   0   0   0   0  1.85 0.32
  359 L    -3  -2  -2  -3  -4   1  -2  -4   9   1   0  -2  -2  -3  -4  -3  -3  -4   0  -3    0   0   0   0   0   8   0   0  69  12  11   0   0   0   0   0   0   0   0   0  1.37 0.27
  360 S     5  -3  -2  -3  -2  -2  -2  -1  -3  -3  -3  -2  -2  -4  -2   3  -1  -4  -3  -2   69   0   0   0   0   0   0   0   0   0   0   0   0   0   0  31   0   0   0   0  0.86 0.22
  361 A     6  -3  -3  -3  -2  -2  -2  -1  -3  -3  -3  -2  -3  -4  -2   0  -2  -4  -3  -2  100   0   0   0   0   0   0   0   0   0   0   0   0   0   0   0   0   0   0   0  1.26 0.28
  362 E    -3  -2  -2   0  -6   0   7  -4  -2  -5  -5  -1  -4  -5  -3  -2  -3  -5  -4  -4    0   0   0   0   0   0 100   0   0   0   0   0   0   0   0   0   0   0   0   0  1.68 0.31
  363 A    -1  -3  -4  -4  -3  -2  -4  -4  -3  -1   0  -3   9  -2  -4  -2   2  -3  -3  -1    6   0   0   0   0   0   0   0   0   0   3   0  77   0   0   0  14   0   0   0  1.38 0.30
  364 A     6  -3  -3  -3  -2  -2  -2  -1  -3  -3  -3  -2  -3  -4  -2   0  -2  -4  -3  -2  100   0   0   0   0   0   0   0   0   0   0   0   0   0   0   0   0   0   0   0  1.26 0.28
  365 I    -3  -5  -5  -5  -3  -5  -5  -6  -5   7   0  -4   0  -2  -5  -4  -2  -4  -3   1    0   0   0   0   0   0   0   0   0 100   0   0   0   0   0   0   0   0   0   0  1.47 0.29
  366 A     1  -2   7  -1  -3  -2  -2  -2  -1  -4  -4  -2  -3  -4  -3   1   0  -5  -3  -4   15   0  74   0   0   0   0   0   0   0   0   0   0   0   0   8   3   0   0   0  1.14 0.24
  367 G    -2   0  -2  -2  -5   7   0   0  -1  -5  -4   2  -2  -5  -3  -2  -2  -4  -3  -4    0   2   0   0   0  77   0   7   0   0   0  14   0   0   0   0   0   0   0   0  1.27 0.27
  368 M    -3  -3  -4  -5  -4  -2  -4  -5  -4  -1   0  -3  10  -2  -5  -4  -3  -4  -3  -1    0   0   0   0   0   0   0   0   0   0   0   0 100   0   0   0   0   0   0   0  2.20 0.39
  369 Q    -3  -1   2  -2  -5   8   0  -4  -1  -5  -4  -1  -2  -5  -3  -2  -2  -4  -3  -4    0   0   9   0   0  91   0   0   0   0   0   0   0   0   0   0   0   0   0   0  1.66 0.33
  370 G    -1  -4  -2  -3  -4  -3  -4   7  -4  -5  -5  -3  -4  -5  -4  -2  -3  -4  -5  -5    0   0   0   0   0   0   0 100   0   0   0   0   0   0   0   0   0   0   0   0  1.85 0.28
  371 F    -4  -4  -4  -5  -4  -3  -4  -5   0  -3  -2  -4  -2   5  -5  -4  -3   0   8  -3    0   0   0   0   0   0   0   0   0   0   0   0   0  21   0   0   0   0  79   0  1.86 0.30
  372 P    -3  -4  -4  -3  -5   1  -2  -4  -4  -5  -5  -3  -4  -5   8  -3  -3  -5  -5  -4    0   0   0   0   0   9   0   0   0   0   0   0   0   0  91   0   0   0   0   0  2.44 0.32
  373 I    -3  -5  -5  -5  -3  -5  -5  -6  -5   7   0  -4   0  -2  -5  -4  -2  -4  -3   1    0   0   0   0   0   0   0   0   0 100   0   0   0   0   0   0   0   0   0   0  1.47 0.29
  374 A     0  -4  -2  -3  -4  -3  -4   7  -4  -5  -5  -3  -4  -5  -4  -1  -3  -4  -5  -4    7   0   0   0   0   0   0  92   0   0   0   0   0   0   0   1   0   0   0   0  1.61 0.25
  375 N    -3  -2   8   1  -5  -2  -2  -2  -1  -5  -5  -2  -4  -5  -4  -1  -2  -6  -4  -5    0   0  96   3   0   0   0   0   0   0   0   0   0   0   0   1   0   0   0   0  1.79 0.31
  376 S    -1  -2  -1  -2  -3  -2  -2  -2  -3  -4  -4  -2  -3  -4  -3   6   0  -5  -3  -3    0   0   0   0   0   0   0   0   0   0   0   0   0   0   0 100   0   0   0   0  1.36 0.30
  377 R    -3   8  -2  -3  -5  -1  -2  -4  -2  -5  -4   0  -3  -5  -4  -3  -3  -5  -4  -4    0 100   0   0   0   0   0   0   0   0   0   0   0   0   0   0   0   0   0   0  1.85 0.32
  378 V    -2  -4  -4  -5  -2  -4  -4  -5  -5   3   0  -4  -1  -2  -4  -3  -2  -4  -3   6    0   0   0   0   0   0   0   0   0  14   0   0   0   0   0   0   0   0   0  86  1.10 0.24
  379 R    -3   8  -2  -3  -5   0  -2  -4  -2  -5  -4   1  -3  -5  -4  -2  -3  -4  -3  -4    0  99   0   0   0   1   0   0   0   0   0   0   0   0   0   0   0   0   0   0  1.80 0.30
  380 L    -3  -4  -5  -5  -3  -3  -4  -5  -4   0   6  -4   2  -1  -4  -4  -3  -3  -2   0    0   0   0   0   0   1   0   0   0   1  96   0   3   0   0   0   0   0   0   0  1.10 0.22
  381 S     0  -2  -1  -2  -3  -2  -2  -2  -3  -4  -4  -2  -3  -3  -2   6   0  -4  -3  -3    0   0   0   0   0   0   0   0   0   0   0   0   0   1   0  99   0   0   0   0  1.30 0.29
  382 W    -5  -5  -6  -7  -5  -4  -5  -5  -5  -5  -4  -5  -4  -1  -6  -5  -4  12   0  -5    0   0   0   0   0   0   0   0   0   0   0   0   0   0   0   0   1  99   0   0  3.99 0.45
  383 G    -1  -3  -2  -3  -4  -3  -4   7  -4  -5  -5  -3  -4  -5  -4  -2  -3  -4  -5  -5    1   1   0   0   0   0   0  98   0   0   0   0   0   0   0   0   0   0   0   0  1.77 0.26
  384 R    -3   8  -2  -3  -5  -1  -2  -4  -2  -5  -4   1  -3  -5  -4  -2  -2  -4  -3  -4    0  99   0   0   0   0   0   0   0   0   0   0   0   0   0   0   1   0   0   0  1.79 0.30
  385 S     1  -2  -1  -2  -2  -2  -2  -2  -2  -4  -4  -2  -3  -4  -2   6   0  -4  -2  -3    9   0   0   0   0   0   0   0   0   0   0   0   0   0   1  90   0   0   1   0  1.10 0.26
  386 A     2  -1  -2  -2  -4   7   0  -3  -1  -4  -4   0  -2  -5  -2  -1  -2  -4  -3  -3   22   0   0   0   0  77   0   0   0   0   0   1   0   0   1   0   0   0   0   0  1.23 0.27
  387 K    -3  -1   7   0  -4  -1  -1  -2  -1  -4  -4   3  -3  -4  -3   0  -2  -5  -3  -4    0   1  73   0   0   0   0   0   0   0   1  22   0   0   0   3   0   0   0   0  1.19 0.24
  388 Q    -3  -1   7   0  -4   4   1  -2  -1  -4  -4  -1  -3  -4  -2  -1  -2  -5  -3  -4    0   1  66   0   0  22   9   0   0   0   1   0   0   0   1   0   0   0   0   0  1.10 0.23
  389 T     2  -2   1  -2  -2  -1  -1  -1  -2  -3  -3  -1  -3  -4  -2   5   1  -4  -3  -3   15   0   6   0   0   1   0   1   0   0   0   0   0   0   0  69   8   0   0   0  0.74 0.20
  390 A     2  -2  -1  -2  -1  -2  -2   5   0  -3  -3   1  -3  -4  -1  -1  -2  -4  -3  -1   19   1   0   0   1   0   0  58   2   0   0  10   0   0   2   1   0   0   0   5  0.69 0.14
  391 L    -1  -2  -3  -3  -3   1  -2  -2  -2  -1   0  -1  -1  -3   6  -1   0  -4  -2   0    4   1   0   0   0   8   0   3   0   2   9   2   1   0  50   0   8   0   1  11  0.85 0.14
  392 L     3  -2  -2  -3  -2  -1  -2   1   0  -1   0  -2   2  -2   1   0  -1  -3  -1   0   43   1   1   0   0   3   0  10   2   0  10   0  11   0   8   0   1   0   1   7  0.25 0.10
  393 Q    -1  -1   0  -2  -3   3   0   4  -1  -3  -3  -1   0  -3   0   0   0  -3  -1  -2    1   2   2   0   0  22   3  45   1   1   1   1   3   0   3   3   8   0   2   1  0.49 0.13
  394 Q     0  -1  -1  -2  -3   3  -1  -1  -2  -2  -2   0  -1  -3   3   1   4  -3  -2  -2    3   2   0   0   0  22   0   4   0   0   1   3   1   0  14   8  39   0   1   1  0.47 0.15
  395 A     2  -2  -1  -3  -3  -1  -2  -1   1  -3  -3  -2  -2  -3   6  -1  -2  -3   2  -1   23   1   2   0   0   2   0   3   5   0   0   0   0   0  49   2   0   0   9   3  0.95 0.17
  396 M    -2   1  -2  -3  -3   0  -1  -1   2  -2  -1  -2   3   2  -1  -2  -2   0   6  -1    2   8   0   0   0   3   3   5   4   0   4   0  13   6   2   0   2   0  43   2  0.52 0.15
  397 L    -1   4  -2  -3  -3   0  -2  -1  -1  -1   0   0   1   0   3  -1  -1  -3  -1  -1    5  42   1   0   0   1   0   6   1   5   8   0   5   4  14   3   1   0   1   2  0.37 0.12
  398 S     0  -2   1  -2  -3   0  -2   0  -2  -4  -4  -2  -2  -4   6   2  -1  -4  -3  -3    8   0   7   0   0   4   0   7   1   0   0   0   1   0  49  21   1   0   1   0  0.98 0.17
  399 N     3  -2   2  -2  -2   0  -1   0   1  -3  -3  -1   0  -2   3   1  -1  -3  -1  -2   45   1  16   0   0   3   0   3   4   0   0   0   3   1  13   6   2   0   1   0  0.40 0.13
  400 S     1  -2  -2  -2  -3   0  -2  -1  -1  -3  -3  -1   1  -2   6   1  -2  -4  -2  -2   11   1   1   0   0   5   0   3   2   0   0   1   6   1  55  11   0   0   1   1  1.07 0.18
  401 L    -1  -3   0  -2  -3   1  -2   0  -2  -1  -1  -2  -1  -3   6  -1  -2  -4  -3  -1    3   0   5   0   0   8   0   8   0   4   9   0   1   1  53   3   0   0   0   5  0.94 0.16
  402 Q    -2  -3  -2  -3  -4   2  -2  -1   0  -3  -2  -2  -1  -2   7  -2  -2  -4  -1  -3    1   0   2   0   0  14   0   5   3   0   5   0   1   1  63   1   0   0   2   1  1.32 0.21
  403 V    -1  -1  -3  -3  -3   1  -2  -2   3  -2  -2  -2   1  -3   6  -2  -1  -4  -2   1    4   2   0   0   0   7   0   2   8   1   3   0   5   0  51   1   3   0   1  11  0.94 0.17
  404 Q    -1  -2  -2  -2  -3   4  -1  -2   0   0  -1  -1   1  -2   2  -1  -1  -2   2   2    2   0   1   0   0  33   1   2   2   5   1   0   3   0  10   1   1   0  12  25  0.33 0.14
  405 Q    -2  -2   0  -2  -3   3   0  -2   1  -2  -1  -2   3   1   1  -1  -1  -1   5  -2    1   0   5   0   0  18   4   3   3   1   4   0  13   4   8   2   2   0  33   1  0.43 0.15
  406 Q    -1  -1  -1  -2  -4   4  -1   2   2  -3  -3  -1   0   0   4  -1  -2  -3   1  -3    3   2   1   0   0  27   0  16   6   0   0   0   3   4  28   3   0   0   5   1  0.56 0.14
  407 Q     0   0  -1  -2  -3   3  -1   0  -1  -2  -2  -1   2   0   1   2   0  -2   0  -2    6   3   2   0   0  26   0   7   1   0   1   0  10   6   8  23   2   0   4   2  0.25 0.11
  408 P    -2  -3  -3  -3  -4  -1  -3  -2  -3  -2  -2  -3   6  -3   7  -1  -2  -1  -3  -2    1   0   1   0   0   2   0   3   0   0   0   0  32   0  57   3   0   1   1   0  1.41 0.25
  409 G     1  -3   0  -2  -3  -2  -2   4  -2  -3  -1  -2   2  -3   0   0  -1  -3  -1  -2   17   0   4   0   0   1   0  48   1   0   5   0   9   0   5   7   1   0   2   0  0.50 0.12
  410 L    -1  -3  -2  -4  -3  -1  -2   0   3   0   2  -3   7  -1   0  -3  -2  -3  -2  -1    3   0   1   0   0   2   1   8   8   1  18   0  52   1   5   0   0   0   0   0  0.68 0.21
  411 Q    -1  -1  -2  -2  -3   3  -1   2  -1  -3  -3  -1   2  -4   6  -1  -2  -4  -2  -2    3   3   0   0   0  19   0  15   1   1   0   0   7   0  43   2   0   0   1   3  0.82 0.17
  412 Q     0  -1   0  -2  -3   4  -1   0   1  -3  -2  -1   0  -3   5   0   0  -3  -1  -2    5   0   3   0   0  34   0   6   4   1   2   0   4   0  29   3   5   0   2   2  0.61 0.15
  413 P     0  -2   1  -2  -3   0  -2   0   3  -3  -3  -2  -3  -3   6   0  -1  -3  -2  -3    8   0   7   0   0   4   1   8   9   0   1   1   0   1  50   6   3   0   1   1  0.93 0.15
  414 N     0  -2   2  -1  -3   1  -1  -1   1  -2  -2  -1  -1  -1   5   1   1  -3  -1  -1   10   0  14   0   0   7   0   2   4   0   1   0   2   2  31  10  10   0   2   3  0.48 0.11
  415 Y    -3  -3  -2  -4  -4  -1  -3  -2   3  -3  -2  -3   0   2  -2  -3  -3   1   8  -3    1   0   1   0   0   2   0   3   9   0   1   0   3   3   1   1   0   0  73   1  1.36 0.26
  416 G     0  -3  -1  -2  -3  -1  -3   6  -2  -4  -4  -2  -2  -4  -1  -1  -2  -1  -4  -4    5   0   2   0   0   2   0  81   0   0   0   0   1   0   2   3   1   1   0   0  1.21 0.20
  417 Y    -2  -2   3  -2  -3  -1  -2   0   0  -3  -3  -2  -2   2   3   0  -1  -1   5  -2    1   0  18   0   0   3   0   8   1   0   0   0   0   7  14   7   3   0  35   1  0.52 0.14
  418 I     0  -2  -2  -3  -2  -2  -3  -1  -1   1   0  -2   1   5  -2  -1  -1  -1   3   0    9   1   1   0   0   2   0   5   0   9   6   0   5  36   2   3   4   0  12   4  0.33 0.10
  419 P     2  -2   1  -2  -3   1  -2   0  -2  -3  -3  -1  -3  -4   6   0  -1  -4  -3  -2   25   0   7   0   0   7   0   5   0   0   1   1   0   0  47   4   0   0   1   0  0.92 0.16
  420 S    -1  -2   0  -2  -3  -1  -2   3  -2  -3  -3  -2   0  -2   5   1   0  -3  -1  -2    2   0   4   0   0   2   0  24   0   0   1   0   4   2  37  14   5   0   2   1  0.70 0.14
  421 S     1  -2  -1  -3  -2  -1  -2   0  -1  -1   0  -1   6  -2  -1   2   1  -3  -2  -1   12   0   2   0   0   1   0   8   1   1   5   2  39   0   1  18   8   0   1   1  0.36 0.15
  422 T     0  -1  -1  -2  -1   2  -1   0   0  -1  -1   1   2  -1   3   1   1  -3  -1  -1    8   0   1   0   2  11   0   7   2   1   2  15  11   2  14   8  11   0   2   3  0.18 0.07
  423 C     1  -1   0  -2   1   1  -1   0   0  -1  -1  -1   0   0   0   1   0   1   1   1   12   0   3   1   4  12   1   6   2   1   3   0   4   3   4  14   6   2   7  16  0.07 0.05
  424 E     0  -1   0  -1  -2   1   1   3  -1  -3  -3  -1  -1  -2   3   1  -1  -3   0  -3    3   2   4   2   0   9   8  30   1   1   1   2   2   2  14  13   3   0   4   0  0.32 0.08
  425 A     1  -1   1  -1  -2   0  -1   0   0  -1  -1   0   3   0   1   1   1  -1   0  -1   16   1   6   2   0   2   0   7   3   1   1   4  16   4   8   9  14   1   2   2  0.12 0.07
  426 P    -1  -2   2  -1  -3  -1  -2  -1  -1  -2  -2  -1  -1  -2   6   1   0  -4  -3  -2    3   0  16   1   0   2   0   4   1   1   4   1   2   2  46  12   4   0   0   1  0.82 0.15
  427 V     0  -1   0  -1  -2   3  -1   0   0  -2  -1  -1   0   0   3   1  -1   0   1  -1    6   0   4   1   0  21   1   7   2   0   4   0   3   4  20  12   2   1   5   6  0.26 0.09
  428 L     0  -2  -1   0  -2   0   0  -1   1  -1   0  -1   3   2   2   0   0  -1   0  -1    7   1   1   5   0   4   5   5   4   0   8   0  17  16  12   7   5   0   1   3  0.14 0.08
  429 P     0  -2  -1  -2  -3  -1  -2  -2  -2  -1   0  -1   0  -2   6   0   2  -3  -2  -2    6   1   2   0   0   3   0   2   0   2  10   1   2   1  41   6  22   0   1   1  0.71 0.14
  430 D     0  -1   2   3  -2   0   0  -1  -1  -1  -1  -1   0  -2   0   1   0  -3   0  -1   10   0  11  27   1   4   0   2   1   2   7   2   3   0   3  14   3   0   6   3  0.19 0.07
  431 N    -1  -1   3  -1  -3  -1  -1  -1   2  -3  -2   0  -2  -3   5   1   0  -4  -1  -2    0   1  25   0   0   2   1   3   5   0   4   4   0   0  35   9   6   0   2   2  0.64 0.13
  432 N    -1  -1   5   1  -3   2   0   1   1  -3  -3  -1  -2  -2   0   1  -1  -4  -1  -3    2   1  40   5   0  11   2  10   4   0   0   1   1   1   4  15   1   0   2   0  0.44 0.12
  433 V    -1   0   3   0  -2   0  -1  -1   1  -1  -2  -1   0   1   0   2   0  -1  -1  -1    1   5  25   4   0   3   1   4   3   3   1   1   2   9   4  20   4   1   1   7  0.15 0.07
  434 S     2  -2   1  -1  -1  -1  -1  -1   0  -2  -2  -1  -1  -2   1   2   3  -3  -1  -1   18   1   7   0   0   2   1   3   2   0   0   0   1   2   6  20  33   0   2   3  0.30 0.10
  435 S     0  -1   1   1  -2  -1  -1  -1  -1  -2  -2   0  -1  -2   1   2   3  -3  -1  -1    8   1   6   7   0   1   2   3   1   0   1   6   1   1   6  18  34   0   2   1  0.27 0.09
  436 T     1  -2  -1  -2  -1   0  -1  -1  -1   0   0  -1   1  -2  -1   1   1  -3  -1   2   15   1   2   1   0   4   1   4   2   1   4   1   7   0   3  17   7   0   1  30  0.13 0.07
  437 M    -1  -2  -1  -3   0  -2  -3  -2  -1   0   2  -2   3   4  -3  -2  -1  -1   2   0    2   1   3   0   2   2   0   2   1   1  29   2  14  30   0   2   2   0   5   1  0.35 0.10
  438 L    -1  -1  -1  -2  -2   0  -2  -2  -2   1   3  -2   1  -1  -1  -1  -1  -3  -2   3    4   2   3   1   0   5   0   2   1   4  36   1   1   1   3   2   2   0   0  31  0.21 0.08
  439 P     0  -3  -2  -2  -2  -1  -2   4   0  -3  -3  -2  -3  -3   6  -1  -2  -3  -1  -3    6   0   1   0   1   2   0  34   2   1   1   0   0   1  46   1   1   0   2   1  1.02 0.16
  440 G     0  -2  -1  -2  -3  -1  -3   6  -2  -3  -3  -2   1  -3  -2  -1  -1  -3  -3  -3    3   1   1   1   0   3   1  76   1   1   1   0   5   0   1   1   3   0   0   1  1.00 0.17
  441 C    -1  -2   0  -2   2   0  -2  -2  -1   0   3  -2   1   0  -1  -1  -1  -1   2   0    3   2   5   1   6   4   1   2   1   2  44   0   2   2   2   4   1   0  11   5  0.18 0.08
  442 Q     0  -1  -1  -1  -2   4   0   0  -1  -3  -2   0  -1  -3  -2   4   0  -3  -2  -2    4   1   1   0   1  30   1   5   1   1   3   2   1   0   0  44   4   0   0   2  0.46 0.15
  443 I    -1  -1   3   0  -2   0  -1  -2   0   0  -1  -1   1   0   1   1   1  -2  -1  -1    2   2  24   2   0   6   1   1   3   6   5   2   8   6   6  14  11   0   2   1  0.14 0.06
  444 L     0  -2   0  -2  -2  -1  -1  -2  -1   1   3  -1   2  -1  -1  -1   1  -2  -1   0   10   1   6   1   0   2   3   3   2   3  39   2   9   0   2   1   9   0   1   6  0.13 0.05
  445 N    -1   0   2   3  -3   2   1   0   1  -2  -2   0  -2  -3   1   0   0  -3  -1  -2    2   5  15  19   0  12   9   7   3   1   3   2   0   0   8   5   7   0   1   1  0.25 0.05
  446 Y    -1  -2  -3  -3  -3   0  -2  -2   0  -1  -1  -2  -1   4   1  -2  -1   2   6  -2    6   1   0   0   0   4   0   2   0   1   5   0   1  17   9   1   2   2  46   0  0.62 0.13
  447 S     0  -1   1  -1  -2   0  -1   1   1  -1  -1  -1  -1   1   2   1   1  -2   1   0    6   2   9   0   0   3   0  14   4   1   3   0   0  11  12  13   9   0   4   8  0.13 0.04
  448 N     1  -2   3   1  -2   0  -1   3   0  -3  -3  -1  -2  -2   0   1  -1  -3  -2  -2   10   0  18   9   0   5   1  30   3   0   1   0   0   2   5  13   0   0   0   1  0.34 0.07
  449 P     0  -1  -1  -1  -2   0   0  -2  -1  -1   0  -1  -1   3   4   0   0   1   0  -1    8   2   1   1   0   5   4   2   1   1   8   0   0  20  26   8   6   2   0   3  0.32 0.07
  450 Y     0  -2   1  -1  -3  -1  -2  -2  -2  -3  -2  -1  -2   0   6   1   1  -2   2  -2    4   0   8   1   0   2   0   0   0   0   2   1   0   3  43  13   8   0  12   1  0.74 0.12
  451 A     1  -1   1  -1  -2   1  -1   1  -1  -1  -1   0   0  -2   2   0   1  -3  -1   0   11   0  11   0   0   9   0  12   0   1   1   4   5   0  12   6  15   0   2   9  0.17 0.05
  452 N     0   0   2   1  -2   1   0  -1   0  -2  -1  -1   1   0   1   1   0  -3  -1  -2    5   4  17   7   0   8   4   1   2   0   5   0   8   7   8  19   5   0   0   0  0.16 0.06
  453 A     2  -2  -1  -1   0   0  -1  -1  -2   0  -1  -1  -1  -2   2   2   1  -3  -1   0   31   0   1   2   1   3   0   3   0   7   5   1   0   0   8  17   7   0   3   8  0.17 0.06
  454 N     1  -2   1  -1  -1   0  -1   2  -1  -2  -2  -1  -2  -3   1   3   0  -3  -2  -1    9   0   8   0   1   4   0  22   1   1   1   0   0   0   7  35   4   0   0   5  0.31 0.09
  455 G     0  -2   0  -2  -3  -1  -2   4  -1  -3  -2  -2   0   0   1   1   1  -3  -2  -1    3   0   5   0   0   1   0  47   2   0   1   0   3   5   7  12   9   0   0   4  0.44 0.10
  456 L     0  -2  -2  -2  -2   0  -2  -2  -1   1   2  -2   2   0   0   0   0  -2  -1   1    6   1   1   0   0   5   0   1   1   6  37   0   6   2   5  11   3   0   0  11  0.14 0.06
  457 G     1  -1   0   0  -1   0  -1   3   0  -1  -2  -1  -2  -3   1   2   1  -3  -2  -1    8   3   3   3   1   7   0  24   3   3   3   0   0   0   8  20   7   0   0   6  0.20 0.05
  458 S     0  -1   1  -1  -2   0  -1   2  -1  -1   0  -1   0   0   1   2   1  -2  -1  -1    2   1   9   0   0   6   1  17   0   2  13   0   2   5   6  24   8   0   1   0  0.13 0.05
  459 N     0  -1   3  -1  -2  -1  -1   0   0  -2  -1  -1  -1   0   2   1   0  -2   1  -2    8   2  24   1   0   1   1   4   1   1   7   1   0   5  13  15   6   0   8   1  0.22 0.06
  460 N     0  -1   2   1  -2   0   0   1   1  -2  -2  -1  -1  -1   0   1   1  -2   2  -2   10   1  16  10   0   2   3  11   3   1   1   1   1   0   5  14   7   0  15   1  0.19 0.06
  461 F     0  -1   0  -1  -2   0  -1   1   0  -1  -1  -1   0   2   1   0  -1  -1   3  -1    8   2   6   1   0   4   4  14   1   1   4   1   3  15   6  11   1   0  14   4  0.12 0.05
  462 S     0  -1  -1   0   0   0  -1   1  -1  -1  -1  -1   0  -1   4   1   0  -2   2  -1    6   2   0   4   2   3   1  10   1   0   7   0   4   2  22  16   5   0  10   4  0.24 0.06
  463 F    -1  -1  -1   0  -2   1  -1   0   1  -1  -1  -1   0   3  -1   1   0   0   4   0    2   2   0   5   0   8   1   8   3   2   3   0   2  17   2  12   4   0  22   7  0.18 0.07
  464 Y     0  -2  -1  -1  -2   0  -1  -1   1  -1  -1  -1   1   0   1   1   1  -1   4  -1    5   1   1   2   0   3   1   3   3   1   5   1   6   0   8  16  13   0  29   2  0.25 0.08
  465 S     0  -1   1   0  -2   0   0   1   0  -2   0  -1   0  -2   2   2   0  -2  -1  -2    6   1   9   3   0   5   7   9   3   1  10   1   4   1  13  22   1   0   3   1  0.17 0.05
  466 N     0  -1   4   1  -2   0  -1  -1   1  -2  -2  -1  -1  -2   1   1   2  -2   0  -1    8   1  30   9   0   2   1   1   4   2   2   1   2   1   6   6  16   0   5   2  0.25 0.07
  467 N    -1  -1   2   0  -2   0   0   0   1  -2  -2  -1  -1  -2   4   0   0  -3  -1  -1    3   1  18   3   0   4   7   8   4   2   2   1   2   2  25   7   6   0   2   4  0.34 0.06
  468 N     1  -1   2  -1  -2   1  -1   1   0  -2  -1  -1  -1  -2   2   2   1  -3  -2  -1    9   0  17   0   0   7   2  12   1   0  10   0   0   0  10  20   7   0   0   3  0.19 0.06
  469 A     1   0  -1   0  -2   1  -1   1   0  -2  -1   0   0  -1   3   1   0   0  -1  -1   17   7   2   6   0  11   1   9   1   2   3   3   4   2  15  11   2   1   3   3  0.17 0.04
  470 T     1  -1   0   0  -2   0  -1   1  -2  -1  -1  -1   1  -2   1   2   2  -3  -2   0    9   2   4   4   0   6   1   9   0   2   5   0   9   0   7  18  19   0   0   4  0.14 0.05
  471 N     0  -1   3  -1  -2   1  -1   0   1  -1  -2   0  -2   1   2   1   1  -2  -1  -1    4   2  22   0   0   7   0   7   5   3   2   4   0  10  11  10  11   0   0   2  0.19 0.06
  472 T     1  -1  -1  -2  -2   0   0   0  -2  -2  -2  -1  -2   0   4   0   0  -2   0  -1   19   4   1   0   0   4   5   9   0   0   3   0   0   7  29   8   5   0   4   2  0.40 0.08
  473 Q    -1   1   1  -1  -3   4   0   0  -1  -2  -2   0  -1  -3   2   1   2  -3  -2  -1    2   6   6   0   0  28   0   7   0   2   0   3   1   0   9  15  16   0   0   4  0.30 0.10
  474 A     1  -2   0   0  -2  -1  -1   2  -1  -1  -2  -1  -1  -1   3   1   1  -3  -1   0   19   0   3   4   0   2   0  16   1   2   1   0   1   3  17  12   9   0   1   7  0.24 0.06
  475 T     1  -2   0   0  -2  -1  -1   0  -2  -2  -2  -2  -2   2   4   1   1  -3  -1   0   12   0   4   5   0   3   0   5   0   0   0   0   0  13  25  13  13   0   0   7  0.34 0.09
  476 S     0   1   0  -1  -2   3   0   1  -1  -3  -3   0  -1  -1   1   3   0  -3  -2  -2    6   7   2   1   0  21   2  11   0   0   0   0   2   4   6  33   4   0   0   0  0.29 0.10
  477 L    -1  -1   1   0  -3   2   1   1   1  -1   0  -1   1  -1   1   0  -1  -3  -1  -1    3   2  10   5   0  12  12  11   4   0  15   0   8   2   6   6   0   0   1   2  0.10 0.05
  478 L     1  -2  -1  -2  -2   1  -1  -1  -2   1   1  -1   1   0   3   0   0  -3  -1   0   15   0   1   0   0  10   0   4   0   8  19   0   5   3  17  10   4   0   1   2  0.20 0.07
  479 A     1  -2   1  -1  -2  -1  -1   0  -2  -1  -1  -1  -1  -3   3   1   2  -3  -2   0   18   0  11   2   0   0   2   7   0   3   4   2   0   0  19   7  17   0   0   7  0.27 0.07
  480 D    -1  -2   2   4  -3  -1  -1   1  -1  -3  -2  -1  -2  -2   3   0  -1   0   1  -2    0   0  15  30   0   2   0  12   0   0   5   0   0   0  14   8   0   1   7   3  0.38 0.10
  481 T     1  -1   0  -1  -2   0  -1   1  -2  -1  -1  -1   0  -2   3   0   1  -3  -2   0   16   4   4   1   0   6   0  15   0   2   6   0   3   2  17   3  10   0   0  10  0.19 0.05
  482 S     1  -1   0   1  -2   0   0   0  -2  -1   0   0   0  -1  -2   1   1  -3  -2   0   10   2   2  10   0   5   4   8   0   0  11   7   4   3   0  14   9   0   0  10  0.06 0.03
  483 S     1   0   0  -2  -2   1  -1  -1  -2   0  -2   0  -1  -3   3   2   0  -3  -2   0   10   6   6   0   0  10   0   4   0   7   2   2   0   0  19  22   3   0   0  10  0.27 0.08
  484 M     1   0  -2  -2  -2  -1  -2   1  -2  -1  -1  -1   2  -1   4   1   0  -3  -1  -1   17   5   0   0   0   2   0  10   0   2   5   0  12   2  22  12   5   0   2   2  0.28 0.08
  485 D     0  -1   0   2  -3  -1   1   2  -2  -2  -1  -1  -2  -1   2   0  -1  -3  -2  -2   11   3   4  19   0   0  12  19   0   0   7   0   0   4  13   5   2   0   0   0  0.26 0.07
  486 L     0  -2   0   0  -2   0   0   0   0   1   1  -1   1   0   1   0   0  -2   1   0    4   0   7   4   0   4   5  10   3  11  19   0   4   1   8   6   4   0   6   2  0.04 0.03
  487 S    -1   0   2   1  -3   1  -1   1  -1  -3  -2   0  -2  -2   4   1  -1  -3  -1  -2    2   4  12   6   0   7   0  14   0   0   2   7   0   2  21  18   0   0   2   2  0.33 0.08
  488 G     0  -1  -1   1  -2   1  -1   3  -2  -1  -2  -1  -1  -1  -2   1   1  -3  -1  -1    6   4   0  11   0   9   0  33   0   3   2   0   2   2   0  11  10   0   2   3  0.25 0.07
  489 T     0  -1  -1  -2   3   1  -1  -2   1  -1  -1  -1   0   2   2   0   1  -2   1  -1   11   2   3   0  10  11   0   0   5   4   4   0   3  11  10   6  13   0   5   0  0.14 0.06
  490 G     0  -1   1  -1  -2  -1  -1   2  -1  -1  -1  -1   1   1   0   0   1  -2   0  -1    5   3  11   3   0   1   2  20   0   2   4   1   6   9   4   7  12   0   3   5  0.10 0.04
  491 G     0  -1   0   0  -2   2   1   0   3  -1  -2  -1   0   0   0   1   0  -2  -1  -1    3   1   3   2   0  11  12   7  14   2   1   1   4   7   3  15   7   0   0   4  0.14 0.06
  492 Q     0   0  -2  -1  -3   3  -1  -3  -2  -2  -3  -1  -2  -4   6  -1  -2  -4  -3   0    6   4   0   2   0  19   1   1   0   0   1   0   0   0  51   2   0   0   0  11  0.99 0.17
  493 Q    -2   0  -1  -2  -3   6   0  -1   1   0  -1   0  -1  -3   0   0  -1  -3  -2  -1    1   2   0   0   0  56   1   3   4   7   8   3   0   0   4   6   0   0   0   4  0.54 0.16
  494 V    -1  -2  -2  -2  -2  -1  -1  -1  -2   2   0  -2   0   3   3  -1  -1  -2   0   2    2   0   0   2   0   2   3   5   0  14   7   0   0  22  15   6   1   0   0  20  0.21 0.07
  495 I     0   0   0  -2  -1  -1  -2  -2  -2   2   1  -1   1   0  -1  -1   1  -2  -1   2    8   5   5   1   0   2   1   1   0  14  18   3   5   2   2   2  10   0   0  20  0.10 0.04
  496 M    -1  -2   0  -2  -2   0  -1  -1  -2   1   1  -2   3   0  -1   0   0  -2  -1   2    1   1   6   1   0   4   4   4   0   8   6   1  16   5   3   7   3   0   0  31  0.12 0.07
  497 Q    -2   1   1   1  -4   6   0  -1   1  -4  -3   0  -2  -4   0  -1  -2  -3  -2  -3    1   6   5   9   0  62   0   4   4   0   1   2   0   0   4   1   0   0   0   0  0.76 0.18
  498 G    -1  -1   2   0  -3   0  -1   4   0   0  -1  -1   1  -1  -1   0  -1  -3  -2  -2    1   3  17   5   0   4   0  38   3   9   4   0   6   3   2   4   0   0   0   0  0.29 0.08
  499 S    -2  -2   7   0  -4  -1   0  -1   1  -4  -4  -1   1  -4  -3   1  -1  -5  -3  -4    0   0  76   0   0   0   5   2   3   0   0   0   5   0   0   7   2   0   0   0  1.09 0.22
  500 E    -2   1   0   4  -4   0   3   0  -2  -1  -3  -1  -3  -4   0  -1   0  -4  -3  -3    0   8   0  36   0   0  32   9   0   5   0   0   0   0   4   0   7   0   0   0  0.53 0.12
  501 A     2   0  -2  -2  -2   1  -1   1  -1   1   0  -1   2  -2   0   0   0  -3  -2   1   26   4   0   0   0  10   0   9   2   9   2   0  11   0   5   5   3   0   0  14  0.12 0.06
  502 V    -3  -3  -4  -4  -3  -3  -4  -4   0  -1  -1  -3  -2   5  -4  -3  -2   0   7   1    0   0   0   0   0   0   0   0   0   0   0   0   0  29   0   0   2   0  57  12  1.14 0.20
  503 V     0  -3   0  -1  -2  -2  -2  -3  -3   2   2  -2   2   0  -3  -1  -1  -3  -2   3    7   0   9   5   0   0   0   0   0  14  17   0  10   3   0   3   0   0   0  33  0.21 0.07
  504 N     0   1   3   1  -3   3   1  -1  -1  -3  -3   2  -2  -4  -2   1  -1  -4  -3  -3    8   8  22   9   0  20   4   3   0   0   0  18   0   0   0   7   0   0   0   0  0.38 0.09
  505 S     1   2   2   0  -3   2   0   2   0  -3  -3   0  -2  -3  -2   2  -1  -3  -2  -3   10  18  15   3   0  16   0  18   2   0   0   0   0   0   0  18   0   0   0   0  0.33 0.09
  506 T    -1   2   1  -1  -3   1  -1  -2  -1  -2  -2   4  -2  -1  -2  -1   2  -3  -2  -2    3  10   9   0   0   2   0   0   0   0   2  53   0   3   0   0  16   0   0   3  0.44 0.12
  507 N     0  -1   2   1  -2   3   1  -2  -1  -1  -3   0  -2  -3  -2   3   2  -3  -2  -2    4   0  10   8   0  20   9   0   0   5   0   0   0   0   0  32  13   0   0   0  0.34 0.10
  508 A     3   0   1   1  -2   0   2   1  -1  -3  -3  -1  -2  -3  -2   1   0  -3  -3  -2   36   3   9   7   0   0  21  10   0   0   0   0   0   0   0   7   7   0   0   0  0.30 0.08
  509 M     0   1  -1  -2  -2  -1  -2  -2  -2   1   0   0   2   0  -2   2   2  -3  -2   2    3   8   0   0   0   0   0   0   0  11   0   5  13   3   0  22  18   0   0  18  0.17 0.08
  510 L    -1  -2  -1  -2  -2  -2  -2  -3  -3   2   3  -2   3  -1   0   0  -1  -3  -2   1    2   0   3   2   0   0   0   0   0  16  36   0  17   0   5  13   0   0   0   6  0.26 0.08
  511 N    -2  -2   4   6  -4  -1   1  -2  -1  -4  -4   0  -4  -4  -3   0  -1  -5  -4  -4    0   0  31  56   0   0   3   0   0   0   0   5   0   0   0   6   0   0   0   0  0.95 0.16
  512 R    -3   7  -2  -3  -5   0  -1  -4  -2  -4  -3   1  -3  -4  -1  -2   0  -4  -3  -4    0  92   0   0   0   0   0   0   0   0   0   0   0   0   3   0   5   0   0   0  1.35 0.23
  513 L    -2  -3  -4  -4  -2  -3  -1  -4  -3   0   5  -3   3  -1  -1  -3  -2  -3  -2   0    0   0   0   0   0   0   5   0   0   0  83   0   9   0   3   0   0   0   0   0  0.72 0.16
  514 E    -2  -1  -1   2  -5   1   6  -3  -1  -4  -4  -1  -3  -5   1  -1  -2  -4  -3  -4    0   0   0   9   0   0  83   0   0   0   0   0   0   0   8   0   0   0   0   0  1.14 0.21
  515 Q     1   0   3   1  -3   3   0  -1  -1  -3  -3   2  -2  -4  -2   1  -1  -4  -2  -2   22   3  20  10   0  20   0   0   0   0   0  20   0   0   0   5   0   0   0   0  0.36 0.09
  516 G    -1  -3  -1   3  -4  -2  -2   6  -3  -5  -5  -2  -4  -4  -3  -1  -2  -4  -4  -4    0   0   0  22   0   0   0  78   0   0   0   0   0   0   0   0   0   0   0   0  1.19 0.17
  517 S     1  -2   0  -1  -2  -1  -1   1  -2  -3  -4  -1  -3  -3  -2   5   0  -4  -3  -3    5   0   0   0   0   0   0   7   0   0   0   0   0   0   0  89   0   0   0   0  0.82 0.17
  518 N    -3   3   7   0  -4  -1  -1  -2  -1  -4  -4   0  -3  -4  -3  -1  -1  -5  -3  -4    0  25  75   0   0   0   0   0   0   0   0   0   0   0   0   0   0   0   0   0  1.07 0.18
  519 G    -1  -3  -1  -2  -4  -3  -3   7  -3  -5  -5  -3  -4  -4  -3  -1  -3  -4  -4  -4    0   0   0   0   0   0   0 100   0   0   0   0   0   0   0   0   0   0   0   0  1.56 0.18
  520 F    -3  -3  -3  -4  -3  -3  -4  -4  -1  -1  -1  -3  -1   7  -4  -1  -3   0   5  -2    0   0   0   0   0   0   0   0   0   0   0   0   0  70   0   5   0   0  25   0  1.10 0.15
  521 M    -1  -3  -3  -3  -2  -2  -3   1  -3   3   1  -3   4  -1  -3  -2  -1  -3  -2   3    0   0   0   0   0   0   0  13   0  34   0   0  23   0   0   0   0   0   0  29  0.33 0.07
  522 F    -3  -4  -4  -4  -3  -4  -4  -4  -2  -1   1  -4   0   7  -4  -3  -3   0   2  -1    0   0   0   0   0   0   0   0   0   0   7   0   0  93   0   0   0   0   0   0  1.17 0.13
  523 A     5  -2  -2  -2  -1  -1  -1   0  -2  -2  -2  -1  -2  -3  -1   1  -1  -3  -2  -1  100   0   0   0   0   0   0   0   0   0   0   0   0   0   0   0   0   0   0   0  0.68 0.09

                      K         Lambda
Standard Ungapped    0.1268     0.3122
Standard Gapped      0.0420     0.2670
PSI Ungapped         0.1372     0.3176
PSI Gapped           0.0420     0.2670
