
Last position-specific scoring matrix computed, weighted observed percentages rounded down, information per position, and relative weight of gapless real matches to pseudocounts
            A   R   N   D   C   Q   E   G   H   I   L   K   M   F   P   S   T   W   Y   V   A   R   N   D   C   Q   E   G   H   I   L   K   M   F   P   S   T   W   Y   V
    1 M    -4  -4  -5  -6  -4  -3  -5  -6  -5  -2  -1  -4  11  -3  -6  -4  -4  -4  -4  -2    0   0   0   0   0   0   0   0   0   0   0   0 100   0   0   0   0   0   0   0  2.74 0.73
    2 L    -1  -4  -5  -5  -4  -4  -5  -5  -4  -1   3  -2  -1   7  -2  -4  -3  -2   0   0    5   0   0   0   0   0   0   0   0   1  30   3   0  54   2   0   0   0   0   4  0.99 0.36
    3 P     0   0  -1  -2  -3   3   1  -2  -1  -3  -1  -1  -2  -4   5   1   0  -4  -3  -2    8   4   3   0   0  18   7   1   1   0   6   2   0   0  34  10   4   0   0   2  0.64 0.25
    4 F    -4  -5  -5  -5  -2  -5  -5  -5  -3   1   3  -5  -1   7  -3  -3  -3  -2   2  -1    0   0   0   0   1   0   0   0   0   8  29   0   0  51   1   1   1   0   6   2  1.07 0.39
    5 L    -2  -4  -4  -5  -3  -2  -4  -5  -4   3   3  -2   5   0  -4  -3  -2  -4  -3   3    2   0   0   0   0   2   0   0   0  18  30   2  23   2   0   0   1   0   0  20  0.69 0.31
    6 F    -3  -4  -5  -5   1  -4  -4  -5  -4   2   4  -4   6   4  -5  -3  -3  -3  -2   1    1   0   0   0   3   0   1   0   0   9  35   0  23  17   0   2   0   0   0   9  0.81 0.37
    7 F    -3  -5  -4  -6  -5  -4  -6  -6  -4   0   0  -5   0   8  -6  -4  -3   5   0   1    1   0   1   0   0   1   0   0   0   4   5   0   2  63   0   1   1   8   1  11  1.48 0.53
    8 S     0  -2  -2  -2  -3  -1  -2   3  -3  -1  -1  -2   0   0   0   4   1   1  -3  -2    4   1   1   1   0   1   1  23   0   3   7   1   2   4   4  35   8   2   0   1  0.37 0.24
    9 T    -1  -4  -3  -4  -3  -2  -3  -4  -4   2   3  -3   0   1  -4  -2   4  -1  -3   0    4   0   1   0   0   2   1   0   0  15  32   0   2   6   0   0  32   1   0   4  0.54 0.31
   10 L    -4  -5  -6  -6  -3  -5  -4  -6  -5   2   6  -5   1   2  -5  -5  -4  -4  -2  -1    0   0   0   0   0   0   1   0   0  10  73   0   2  10   0   0   0   0   0   2  1.19 0.47
   11 F    -4  -5  -5  -6  -5  -5  -5  -5  -3  -1   2  -5  -1   8  -4   0  -4  -2   1  -2    0   0   0   0   0   0   0   0   1   2  19   0   1  64   1   9   0   0   2   1  1.47 0.53
   12 S    -1  -3  -3  -4  -1  -3  -3  -1  -3  -2  -1  -3  -1   5   1   3   1  -3   0   0    2   1   0   0   1   0   0   4   0   1   4   0   1  28   8  31   7   0   3   8  0.50 0.32
   13 S    -2  -4  -2  -3   1  -2  -3  -2  -3   3  -1  -3  -2   2   3   3   0  -4   0   0    0   0   1   0   4   1   0   1   0  19   5   0   0  10  15  30   4   0   3   5  0.40 0.28
   14 I    -2  -3  -3  -4  -1  -3  -4   3  -4   3   3  -3   0  -1  -4  -1   1  -4  -3   0    2   1   0   0   1   0   0  22   0  18  31   0   2   2   0   5  11   0   0   5  0.39 0.25
   15 F    -3  -3  -4  -5  -1  -5  -2  -2  -2  -2  -1  -5  -1   8  -3  -3  -3  -2   3  -1    1   1   1   0   2   0   4   4   1   1   5   0   1  63   2   1   1   0  10   3  1.29 0.49
   16 T     0  -4  -2  -3  -1  -3  -3  -1  -4   0  -2  -3   0  -4  -1   1   6  -5  -4  -2    6   0   1   0   1   0   1   5   0   4   3   0   2   0   3   9  62   0   0   2  0.93 0.45
   17 E    -2  -2  -3   0  -5   0   5  -3  -3  -4  -3   1  -2  -5   4  -1  -1  -5  -4  -1    1   0   0   4   0   2  44   1   0   0   1   7   1   0  23   4   3   0   0   6  0.83 0.38
   18 A     3  -2  -2  -2  -3  -2  -1   3  -3  -4  -3  -2  -3  -4   4   2   0  -4  -4  -3   23   1   0   1   0   1   4  26   0   1   2   1   0   0  21  14   4   0   0   0  0.62 0.29
   19 Q    -1  -1  -1  -3  -4   1   2   1  -3  -2  -2  -2  -1  -3  -2  -1  -3   8  -2   2    3   3   3   0   0   8  14  11   0   1   3   2   1   0   2   5   0  22   0  22  0.59 0.31
   20 K    -2   0  -1  -1  -4   0   3   0  -3  -4  -5   2  -4  -5   4   3  -2  -5  -4  -4    1   3   1   1   0   2  26   6   0   1   0  12   0   0  22  24   1   0   0   0  0.67 0.34
   21 Q    -2   1   0  -1  -4   3   3  -2   1  -3  -1   2  -1  -4  -1  -1   2  -4  -3  -2    1   7   4   1   0  16  24   3   3   1   6  14   1   0   2   2  14   0   0   2  0.37 0.24
   22 Y    -3   1  -2  -3  -5   2  -1  -4   8  -2  -3  -1  -2   4  -3  -3  -3  -3   3  -4    1   8   1   1   0   9   2   0  40   2   2   3   1  19   1   1   1   0   8   0  1.02 0.41
   23 W    -2  -2  -3  -3  -3  -1  -3  -3  -3  -1   2  -2   1   0  -3  -2   2   9  -1   0    1   1   1   1   0   2   1   1   0   2  22   2   3   4   1   2  18  30   1   6  0.91 0.31
   24 V     1  -4  -4  -4  -2  -3  -4  -4  -4   4   3  -3   0   0  -3  -2   0  -3  -2   2   13   0   0   0   0   0   0   1   0  28  32   0   1   3   0   1   4   0   0  15  0.51 0.25
   25 C    -4  -7  -6  -7  12  -6  -7  -6  -7  -5  -5  -7  -5  -6  -6  -5  -5  -6  -6  -5    0   0   0   0  98   0   0   0   0   0   0   0   0   0   0   0   0   0   0   0  3.92 0.97
   26 N    -2   2   5   0  -4  -2  -1  -2  -2  -3  -4   1   1  -4  -3   1   3  -5  -4  -3    2  11  30   4   0   0   1   1   0   0   0  11   4   0   0  12  21   0   0   1  0.60 0.33
   27 S    -2  -4  -1   0  -4  -3   0  -2  -4  -5  -5  -2  -4  -5  -4   6   1  -5  -5  -4    0   0   2   6   0   0   4   1   0   0   0   1   0   0   0  77   6   0   0   1  1.33 0.59
   28 S    -2  -3   0   1  -4  -1   0   0  -2  -5  -4  -1  -4  -5   3   5  -2  -5  -4  -4    1   0   3   8   0   2   5   8   1   0   1   3   0   0  13  55   0   0   0   0  0.82 0.43
   29 D    -4  -1   1   7  -5  -3   0   0   0  -5  -6  -1  -5  -6  -4  -1  -1  -6  -5  -5    0   2   6  65   0   0   5   6   2   0   0   4   0   0   0   5   3   0   0   0  1.30 0.49
   30 A     1  -4  -4  -5  -3  -4  -4  -1  -4   1   4  -4   1   0  -4  -1   0  -4  -3   1   13   0   0   0   0   0   0   4   0   8  49   0   3   3   0   5   5   0   0   8  0.51 0.29
   31 S    -3  -2   0   2  -5   1   5  -4  -2  -2  -5  -1  -4  -5  -4   2   1  -6  -5  -4    0   1   3  12   0   5  49   0   0   3   0   2   0   0   0  17   7   0   0   0  0.91 0.44
   32 I    -2  -5  -5  -5  -3  -4  -5  -5  -5   5   2  -5   5   0  -5  -4  -3   0  -3   4    3   0   0   0   0   0   0   1   0  34  15   0  16   3   0   0   0   1   0  27  0.91 0.39
   33 S    -2  -4  -3  -3  -4  -3  -3  -4  -4  -2   1  -3  -3   2  -4   5   0   8   2  -3    2   0   0   1   0   0   0   0   0   2  12   1   0   7   0  43   5  20   6   0  0.98 0.47
   34 Y    -6  -6  -3  -7  -6  -5  -6  -7  -2  -5  -5  -6  -5   1  -7  -5  -6  -2  10  -5    0   0   1   0   0   0   0   0   0   0   0   0   0   3   0   1   0   0  94   0  3.11 0.95
   35 T    -1   1  -1  -2  -4   2  -2  -4  -4  -3  -4  -1  -4  -3  -4   4   5  -5  -4  -3    2   6   2   1   0   9   2   0   0   1   0   3   0   1   0  28  45   0   0   1  0.89 0.48
   36 Y    -4  -5  -2  -5   0  -4  -5  -5   0  -2  -1  -4   0   6  -5   3  -3  -2   6  -3    0   0   2   0   2   0   0   0   1   2   4   0   2  33   0  26   0   0  28   1  1.15 0.52
   37 C    -5  -7  -7  -7  12  -7  -7  -7  -4  -5  -5  -3  -6  -7  -7  -5  -4  -7  -7  -4    0   0   0   0  95   0   0   0   1   0   1   2   0   0   0   0   1   0   0   1  3.88 1.06
   38 D    -5  -5  -2   8  -6  -4  -2   3  -5  -6  -7  -4  -6  -7  -5  -3  -4  -7  -6  -5    0   0   0  76   0   0   1  20   0   0   0   0   0   0   0   1   0   0   0   1  1.97 0.71
   39 K    -1  -3   3   1  -2  -2   0  -2   1  -4  -3  -1  -3  -4   4   3  -1  -4  -3  -3    3   0  16   7   1   0   6   2   4   0   2   2   0   1  23  29   1   0   1   1  0.61 0.33
   40 M    -1  -2  -2  -3  -3  -2  -3   0  -3   1   2   0   5  -1  -1  -1   2  -3  -2   0    3   1   2   1   0   1   1   7   0   7  19   5  18   3   3   4  18   0   0   6  0.26 0.20
   41 Q     2   1  -1   0  -4   4   0  -2  -1  -3  -3   3  -3  -1   0  -1   0  -4  -3  -2   19   6   2   6   0  24   3   1   1   1   1  21   0   3   4   2   4   0   0   2  0.42 0.28
   42 Y    -2  -1   0   1  -3   0  -1  -2   7  -1  -2  -1  -2   2   0  -1  -2  -2   3  -1    3   2   4   7   1   3   3   2  31   3   4   3   1   8   4   3   2   0   9   5  0.48 0.20
   43 P     1  -3   0   4  -3  -2  -2  -1  -2   0  -3  -2  -2  -4   4   0   0  -4  -1  -1   15   0   4  25   0   1   1   3   1   5   1   1   1   0  23   4   7   0   3   4  0.51 0.27
   44 I    -3  -4  -4  -5  -4  -4  -4  -5  -4   4   1  -4  -2   7  -1  -4  -3  -2  -1   2    1   1   0   1   0   0   1   1   0  25   9   1   0  44   3   1   1   0   0  11  1.03 0.40
   45 S     0  -2  -2  -3  -3  -2  -2   3  -3  -2  -1  -1   3   1  -3   3   1  -3  -3  -1    7   1   0   1   0   1   1  20   0   2   6   3  11   6   1  29   8   0   0   3  0.35 0.25
   46 I    -3  -4  -5  -5  -4  -4  -4  -5  -4   3   2  -4   0   7  -4  -4  -3   0  -1   1    1   0   0   0   0   0   1   1   0  16  20   1   1  44   0   1   1   1   0  10  0.99 0.39
   47 N    -2   0   5  -1  -3  -1  -1  -2  -1  -3  -3   0  -2  -4  -3   3   2  -4  -1  -3    2   4  31   2   0   3   2   2   1   1   2   4   1   0   1  29  11   0   3   1  0.59 0.32
   48 V    -1  -3  -3  -4  -3  -3  -3  -4  -4   3   3  -3   2   1   0  -1  -1  -3  -2   3    3   1   1   1   0   0   1   1   0  19  25   1   5   5   4   4   2   0   0  24  0.41 0.22
   49 N    -2  -2   1   3  -3   0   3  -2   0  -2  -2   0  -3  -4  -3  -1   3  -4  -2  -1    1   1   6  15   0   4  23   2   2   1   4   5   0   0   1   3  26   0   2   4  0.43 0.26
   50 P    -2  -3  -3  -4  -5   1  -3  -3  -1  -5  -5  -2  -4  -5   8  -1  -1  -5  -4  -4    3   1   1   1   0   8   1   2   1   1   1   1   0   0  69   5   3   0   0   1  1.79 0.58
   51 C    -4  -5  -5  -5  11  -5  -5  -5  -5  -4  -4  -5   0  -5  -5  -4  -4  -5  -5  -4    1   1   0   1  88   0   1   1   0   1   1   1   2   0   1   1   1   0   0   1  3.38 0.87
   52 I     0  -2   0  -1  -3  -2  -2  -2  -2   2   0  -2  -1  -2   0   3   1  -2  -1   0    4   2   3   3   0   0   1   1   1  15  10   1   1   1   5  34   9   1   2   5  0.27 0.22
   53 E    -1   0  -1   0  -2   0   1  -2  -2   1   0   1   1  -1  -1   0   2  -3   0  -1    2   6   3   5   0   3   8   2   0  12   8  11   5   3   2   7  16   0   4   2  0.09 0.11
   54 L    -1   0  -2  -2  -3   1  -2  -3   0   1   3   0   5   0  -2   0  -1   1  -2   0    2   6   1   1   0   6   1   1   2   6  28   5  17   3   1   8   2   2   1   5  0.27 0.20
   55 K    -2   0   3   0  -3   0  -1   0   1  -1   1   3  -1  -3  -3  -1  -1  -4  -3   0    1   4  20   6   0   3   2   6   3   2  16  22   1   0   0   4   2   0   0   7  0.24 0.19
   56 R    -1   1   0  -2  -3   0  -1   3  -1  -2  -3   3  -3  -3  -1   1   1   2  -2  -2    1   6   5   0   0   4   3  26   2   2   2  21   0   1   2   8   9   3   1   2  0.32 0.21
   57 S    -1  -1   0   0  -3  -1   0  -2  -1  -3  -4   0  -3  -3   2   4   2   1  -2  -1    3   2   3   5   0   1   5   2   2   0   1   4   0   1  12  36  16   2   1   4  0.45 0.29
   58 K    -1   1   2  -1  -3   0   0  -2   0   0  -1   2  -1  -1  -1   1   0  -3  -1   1    3   9  12   3   0   4   5   1   2   6   3  14   1   2   2   9   5   0   2  17  0.12 0.13
   59 G    -3  -4  -4  -1  -4  -4  -4   3   0   0   0  -4  -2   1  -3  -3  -2   9  -1  -1    1   0   0   3   0   0   1  25   3   6  11   0   1   5   1   1   2  33   1   5  1.10 0.42
   60 L    -3   0   4  -2  -4   0  -1  -3   2  -1  -1   3   0   1  -3  -1   0  -1   2  -2    1   4  24   1   0   3   2   1   5   3   5  25   2   6   0   3   4   1   9   1  0.40 0.26
   61 L     2  -3  -3  -3  -2  -3  -2   0  -3   3   2  -3   0   0  -3  -1  -1  -3  -3   2   22   0   0   0   0   0   3   7   0  17  26   0   1   3   0   3   1   0   0  13  0.31 0.21
   62 H     1   3   0  -2  -3  -1  -2  -3   5  -3  -3   1  -3  -2  -3   1   2  -3   1  -2   13  18   3   1   0   1   1   1  16   1   1   9   0   1   0  13  13   0   5   2  0.42 0.26
   63 I    -1  -4  -4  -5  -3  -4  -4  -5  -4   4   4  -4   1   3  -4  -4  -3  -3   0   1    5   0   0   0   0   0   1   1   0  26  41   0   3  11   0   1   0   0   2   6  0.70 0.32
   64 F     1  -3  -1  -3  -3  -2  -1   1  -2  -3  -1  -2  -2   3  -3   1   3  -2   3  -2   10   0   3   0   0   0   3  13   1   0   6   1   1  13   0  13  25   0  10   1  0.33 0.24
   65 Y    -4  -4  -5  -5  -4  -4  -4  -4  -2   1   1  -2   1   3  -5  -3  -2  10   4  -2    1   0   0   0   0   0   1   1   1  10  11   2   4  11   0   1   3  37  13   2  1.43 0.49
   66 I    -4  -5  -5  -5  -4  -4  -5  -5  -5   7   0  -2   0  -1  -5  -4  -2  -5  -4   2    1   0   0   0   0   0   1   1   0  70   7   3   2   1   0   1   1   0   0  10  1.35 0.51
   67 P    -1  -3  -3  -3  -3  -2  -1  -3  -3  -2   2  -2  -1  -3   6  -2   0  -3  -3  -2    4   0   0   1   0   0   4   1   0   0  28   1   0   0  53   1   5   0   0   1  1.02 0.25
   68 R    -2   6   0  -2  -4   1   0  -1  -2  -3  -3   2   2  -3  -3  -1  -2   1  -3  -3    1  56   3   0   0   4   3   3   0   0   1  13   6   0   0   4   0   3   0   1  0.78 0.28
   69 R     0   2   0  -1   0   2   1   0   3  -3  -2   1   0  -1  -2   1   0  -2   0  -2    5  17   3   1   2   9   9   5   9   1   1   9   3   3   1  14   3   0   4   1  0.18 0.09
   70 D     0  -1   2   5  -3  -1   0   0  -1  -3  -3   0  -2  -3   1   0  -1  -3  -3  -3    7   1   8  48   0   1   1   7   0   1   1   7   0   1   7   7   1   0   0   1  0.45 0.10
   71 L    -1  -2  -2  -3  -1  -2  -2  -3  -2   3   2  -2   2   1  -2  -2   0  -2  -1   2    1   1   1   1   0   1   1   1   0  38  20   1   8   8   1   1   8   0   0  10  0.24 0.08
   72 K    -2   1   1   0  -3   0   0  -3   2   1  -2   3  -2  -3  -2  -1   3  -4  -2  -2    2   8   6   6   0   3   4   1   5  11   2  25   0   0   1   3  20   0   1   1  0.31 0.23
   73 Q    -2  -1   0  -1  -4   0   3  -3   0  -1  -2   1  -2   4  -3  -1   0   0   0  -1    2   3   6   3   0   4  20   1   2   3   3  11   0  25   0   2   5   1   1   5  0.32 0.23
   74 L    -4  -4  -5  -5  -4  -4  -5  -5  -5  -1   6  -4   1  -1  -5  -4  -3  -4  -3   1    1   0   0   0   0   0   1   1   0   0  81   1   2   2   0   1   1   0   0   9  1.31 0.52
   75 Y    -2   0   0  -2  -4  -2  -1  -4   1  -1  -3   3  -2   3  -4  -1  -1  -2   6  -3    2   5   4   1   0   1   4   1   2   3   1  21   1  13   0   5   3   0  32   1  0.65 0.35
   76 F     1  -3  -3  -4  -2  -3  -3  -1  -3   2   2  -3   1   4  -3  -1  -1  -2  -1   1   13   0   0   0   1   0   1   4   0  16  20   0   3  21   0   5   3   0   0  12  0.34 0.21
   77 N    -2   1   4   2  -3  -1  -1  -2   0   0  -2   1  -2  -3  -3   1   0  -4  -2   2    2   7  25  13   0   2   2   1   2   4   1   7   0   0   0   9   4   0   2  18  0.32 0.23
   78 L    -1  -4  -4  -4  -3  -4  -4  -4  -4   4   2  -4   0   4  -4  -2  -2  -3   0   2    4   0   0   0   0   0   1   1   0  23  21   0   2  23   0   3   2   0   2  17  0.58 0.28
   79 Y     0   1   3   1  -3   1   1  -1   3  -3  -2   0  -2   0  -3   0   0  -2   3  -2    8   6  16   8   0   5   8   3   9   0   2   5   0   4   0   7   5   0  12   1  0.25 0.18
   80 I    -2  -4  -4  -4  -3  -4  -4  -3  -4   3   3  -4   1  -1  -4  -3  -2  -3   0   4    3   0   0   0   0   0   1   2   0  18  35   0   2   2   0   1   0   0   3  31  0.68 0.32
   81 T    -3  -3  -1  -4  -4  -3  -2  -2  -2  -1  -1  -2  -1   3  -4   1  -1  10  -1  -2    1   1   3   0   0   0   3   3   1   4   6   3   1  11   0  14   4  41   1   2  1.33 0.50
   82 V    -1  -2   0  -3  -3  -3  -3  -3   2   1   0  -1  -1   3  -3   0   0  -1   5   0    4   1   5   0   0   0   1   2   4   9  11   4   1  11   0   8   6   0  27   7  0.39 0.24
   83 N    -3  -1   4   4  -4   1   1   0   0  -4  -3   2  -2  -4  -3  -1  -2  -4  -2  -4    1   2  26  22   0   6  10   7   2   0   2  17   1   0   0   2   0   0   1   1  0.59 0.31
   84 T     0  -3  -1  -1  -4  -2  -2   5  -2  -4  -4  -1  -4  -4   0   3   0  -4  -4  -4    5   1   3   3   0   1   1  46   1   0   1   3   0   0   4  24   5   0   0   1  0.76 0.36
   85 M     2  -1  -2  -1  -3   0   0  -2   0   0   0   0   3   0  -3   0  -1  -3   1   1   17   2   0   3   0   6   5   2   2   5   8   6  12   4   0   7   2   0   4  14  0.13 0.17
   86 N    -1   1   2   0  -4   0   1  -3   0  -1  -2   3  -3  -2   0   2   1  -4  -1  -2    2   6  10   3   0   3  10   0   2   4   2  25   0   2   3  15   8   0   2   2  0.29 0.25
   87 L     2  -3  -3  -2  -3  -3  -3  -3  -3   2   1  -3   0   2  -1  -1   0  -3  -1   3   17   0   0   2   0   0   0   0   0  14  15   0   2   9   3   5   6   0   2  22  0.31 0.24
   88 P    -2  -1  -2  -4  -4  -3  -4  -4  -4   0   3  -3   0   2   4  -1  -3  -4  -1  -1    3   4   2   0   0   0   0   0   0   5  34   0   2  11  25   4   0   0   2   4  0.62 0.37
   89 K    -1  -1   1  -1  -4   1   1  -1   5  -1  -1   3   2  -2  -2   0  -1  -4   0  -1    3   2   7   3   0   5   8   4  15   3   6  20   7   2   1   6   3   0   2   3  0.25 0.22
   90 R    -4   3   0  -4  -5   0  -1  -4  -1  -2  -3  -1   1   3  -5  -3  -3   9   3  -2    1  20   4   0   0   4   4   1   1   2   2   2   3  10   0   1   1  30  10   2  1.15 0.51
   91 K    -3   1   0   1  -4  -1   0  -2   0  -4  -4   5  -4  -5  -3   2   0  -5  -4  -2    1   7   3   8   0   2   6   2   2   0   1  41   0   0   0  18   5   0   0   4  0.65 0.40
   92 E    -2  -2  -2   0  -5   1   5  -2   1  -2  -3   0  -2  -1  -4  -1  -2  -3   5  -3    2   1   1   5   0   6  39   3   3   3   1   6   1   2   0   3   1   0  20   1  0.69 0.42
   93 V    -2  -2  -2  -2  -3  -2  -2  -4  -4   2   1  -2  -2  -1   3  -2   1  -4  -2   4    1   2   2   2   0   1   2   0   0  13  11   2   0   2  15   3   7   0   1  35  0.48 0.32
   94 I    -3  -5  -5  -5  -4  -5  -5  -6  -5   5   4  -3   1   0  -5  -5  -3  -4  -3   2    2   0   0   0   0   0   0   0   0  31  45   2   3   4   0   0   0   0   0  11  0.98 0.46
   95 C    -3  -5  -4  -5  11  -4  -5  -4  -5  -4  -4   0  -4  -5  -5  -3  -3  -4  -4  -4    1   1   0   1  84   0   1   1   0   1   1   6   0   0   1   1   1   0   0   1  2.94 0.72
   96 R    -2   2  -1   0  -2   0   3  -2   3  -3  -1   0  -2  -3  -2   3   0  -3  -2  -3    1  13   0   4   1   3  26   2   8   1   7   2   0   0   1  24   6   0   1   1  0.39 0.23
   97 G    -1   0  -2  -1  -4  -2   0   5  -1  -4  -3  -1  -3  -4   2  -1  -3  -4  -2  -2    2   7   0   3   0   1   7  56   1   1   2   2   0   0  10   2   1   0   1   2  0.82 0.31
   98 S     2  -2   1   2  -2  -1   0  -2   1  -1  -2  -2  -1   0  -2   2   2  -3   0   0   18   1   6  11   0   0   4   1   4   2   1   1   1   4   1  21  12   0   4   7  0.21 0.16
   99 D    -2  -3   0   6  -4  -1   0  -2   0  -3  -1  -2  -3   1   1  -1  -3  -4  -3  -3    3   1   2  52   0   2   4   3   2   1   9   1   0   8   6   3   1   0   0   1  0.75 0.31
  100 D    -2  -2   2   6  -4  -2   0  -1  -2  -4  -4  -2  -4  -4   4  -2  -2  -5  -4  -4    2   2   9  51   0   0   3   3   1   1   1   1   0   0  22   1   2   0   0   1  1.09 0.38
  101 D    -2   2   1   3  -4   0   3  -1  -2  -2  -3   2  -3  -3  -2  -1  -2  -3  -1  -1    2  11   7  16   0   2  26   3   0   2   2  15   0   1   1   1   1   0   3   4  0.37 0.20
  102 Y    -4  -4  -4   0  -4  -4  -4  -4  -1  -3  -2  -4  -3   5  -4  -4  -4  -1   8  -2    1   1   0   6   0   0   1   1   1   1   3   1   0  24   1   1   1   0  56   3  1.53 0.49
  103 S     0  -2  -2  -2  -3  -1  -2  -2  -3  -2  -2   0  -3  -3  -1   5   1  -4  -1   0    4   1   0   2   0   1   2   1   0   2   3   4   0   0   2  60   8   0   2   7  0.69 0.35
  104 F    -3  -4  -4  -4  -4  -3  -3  -4  -3  -1   0  -4  -1   8  -4  -3  -3  -2   1   2    2   1   0   1   0   1   2   1   0   2   6   1   1  62   1   2   1   0   3  16  1.25 0.42
  105 C    -3  -5  -5  -5  11  -5  -5  -5  -5  -4  -4  -5  -4  -5  -5  -4  -4  -5  -5  -4    1   1   0   1  89   0   1   1   0   1   1   1   0   0   1   1   1   0   0   1  3.26 0.77
  106 R    -1   3  -1  -2  -3  -2   0   6  -3  -4  -4  -1  -3  -4  -3  -1  -2  -3  -3  -4    3  16   1   1   0   1   6  59   0   1   1   2   0   1   1   3   1   0   1   1  0.92 0.32
  107 A     2   2  -1  -2  -2  -1  -2  -2  -2   0  -1   1   1  -3  -2   0   3  -3  -3  -1   24  15   2   1   0   1   1   2   0   8   3  10   5   0   1   4  20   0   0   4  0.26 0.19
  108 L    -3   2  -3  -4  -3  -2  -3  -4  -3   0   4   2   3  -2  -3  -3  -2  -3  -3   0    1  12   0   1   0   1   1   1   0   2  53  13   7   0   1   1   1   0   0   3  0.57 0.28
  109 K    -3   2  -3  -3  -5  -1  -2  -4  -3  -4  -4   7  -3   1  -3  -3  -3  -4  -3  -4    1   7   0   1   0   0   1   1   0   1   1  78   0   6   1   1   1   0   0   1  1.45 0.51
  110 G     0  -4  -3  -3  -4  -4  -4   7  -4  -5  -5  -3  -4  -5  -4  -2  -3  -4  -4  -4    6   1   0   1   0   0   1  84   0   1   1   1   0   0   1   1   1   0   0   1  1.73 0.50
  111 E    -2  -3  -3  -1  -5  -1   7  -1  -3  -5  -5  -2  -4  -5  -3  -3  -3  -4  -4  -4    2   1   0   1   0   1  84   4   0   1   1   1   0   0   1   1   1   0   0   1  1.65 0.55
  112 T    -3  -2  -2  -4  -1   2  -3  -4   0  -2  -1  -2   0  -1  -4  -1   7  -1  -2  -3    0   1   1   0   1   9   0   0   2   2   5   1   2   2   0   2  68   1   1   0  1.10 0.51
  113 V    -3  -5  -5  -6  -2  -5  -5  -5  -5   5   2  -5   0   1  -5  -4  -2  -4  -3   5    0   0   0   0   1   0   0   1   0  36  17   0   1   5   0   0   1   0   0  39  0.96 0.38
  114 N     1  -2   6  -1  -4  -2  -1  -3   0  -3  -3  -2  -3  -2  -4  -1   0  -3   4   0   13   1  42   1   0   1   3   0   2   1   2   2   0   1   0   3   6   0  16   7  0.66 0.35
  115 T     0  -3  -2  -2   0  -2  -1  -4   0   0  -2  -3  -2   1  -4   0   5  -3   4  -1    6   1   1   2   2   2   3   0   2   4   2   0   1   5   0   5  48   0  15   2  0.65 0.36
  116 T     1  -2   0   0  -4  -1   2  -3  -3  -3  -3  -1  -3  -4  -3   2   5  -5  -1  -2   13   1   3   4   0   1  16   1   0   0   1   3   0   0   0  12  42   0   2   1  0.61 0.36
  117 I    -2  -3  -4  -4  -4  -4  -4   2   0   3  -1  -2  -1   5  -4  -1  -2   2   0   3    0   1   0   0   0   0   0  16   2  20   2   2   0  26   0   4   2   3   1  20  0.52 0.29
  118 S    -2   0  -1   4   1   0   0  -2  -2  -5  -5  -2  -4  -2   5   1  -2  -5   0  -4    2   4   1  23   3   4   5   3   1   0   0   2   0   1  35  12   1   0   4   0  0.81 0.36
  119 F    -3  -2  -5  -6  -4  -2  -5  -6  -2   5  -1  -5   0   6  -5  -4  -3  -3  -1   2    2   2   0   0   0   2   0   0   1  34   3   0   1  39   0   1   1   0   0  14  1.03 0.43
  120 S    -2   1   2  -2  -4  -1  -2  -3  -2  -5  -4   4  -4  -4  -3   5  -1  -5  -2  -3    1   6   8   0   0   1   0   0   0   0   1  33   0   0   0  43   3   0   1   2  0.81 0.44
  121 F    -3  -4   2  -2  -4  -4  -4   4  -3   0   0  -4  -3   5  -3   0  -2  -3   0  -3    0   0  11   1   0   0   0  30   0   5   9   0   0  32   1   7   1   0   2   1  0.66 0.34
  122 K     0   3  -1  -1  -3  -1  -1   0   0  -3  -1   2  -2  -3   2   1   0  -4  -2  -2    9  18   2   2   0   0   3   6   3   0   8  15   0   0  12  15   6   0   1   1  0.26 0.19
  123 G    -2   4  -1  -3  -4  -1  -1   4  -1  -1  -2   1  -2  -2  -4  -1  -2  -4  -4  -2    2  25   2   0   0   2   3  38   1   5   5   8   1   2   0   3   2   0   0   2  0.56 0.30
  124 I    -3  -4  -3  -2  -3  -1  -3  -3   0   5   1  -3   2   2   0  -1   1  -3  -1   0    1   0   1   2   0   3   1   1   3  39  13   0   5   9   6   4   9   0   2   3  0.42 0.27
  125 K    -2   2   0   0  -4   1   1  -3   0  -1   1   2  -1  -3   1  -1   1  -4  -1  -2    1  15   4   4   0   6  12   0   2   3  15  17   1   0   6   4   8   0   2   1  0.22 0.17
  126 F    -4  -5  -5  -6  -5  -5  -5  -6  -4   2   1  -5  -2   7  -1  -3  -4  -2   2   0    1   0   0   0   0   0   0   0   0  14  14   0   0  57   3   1   0   0   5   4  1.31 0.50
  127 S    -1  -4  -4  -2  -4  -2  -1  -3  -4  -2   1  -3  -3  -2   7   2  -2  -5  -3  -3    3   0   0   2   0   1   3   1   0   2  17   1   0   1  50  14   2   0   1   1  1.11 0.45
  128 K    -4   0  -3  -3  -6   3   0  -4  -3  -5  -5   7  -2  -6  -1  -2  -2   1  -4  -4    0   3   0   0   0  11   6   0   0   0   0  70   1   0   3   1   2   2   0   1  1.39 0.58
  129 G    -1  -6  -4  -3  -6  -5  -4   7  -5  -7  -7  -4  -6  -6  -5  -3  -5  -6  -6  -6    3   0   0   1   0   0   1  93   0   0   0   1   0   0   0   1   0   0   0   0  2.20 0.71
  130 K    -3   2   3   0  -5   2   3  -3   2  -2  -2   1  -3  -2  -3  -1  -1  -4  -2  -3    0  10  20   4   0  12  23   0   6   3   5   9   0   2   0   2   3   0   1   1  0.44 0.27
  131 Y    -5  -5  -6  -6  -6  -5  -6  -6   1  -5  -2  -5  -4   4  -6  -5  -5  -1   9  -5    0   0   0   0   0   0   0   0   2   0   3   0   0  12   0   0   0   0  82   0  2.59 0.81
  132 K    -2   3   3   2  -4   2  -1  -3   1   1  -3   0  -2  -2  -3   0   2  -4  -2  -2    1  17  18  11   0   9   1   0   4  10   0   4   1   1   0   6  15   0   0   1  0.37 0.26
  133 C    -1  -5  -5  -5   7  -5  -5  -4  -5   4   0  -5   1   1  -5  -4  -3  -3  -3   4    5   0   0   0  23   0   0   1   0  27   7   0   2   5   0   0   0   0   0  29  0.96 0.40
  134 V    -2  -3  -1  -4  -3  -3  -3  -4   0   4   1  -1   0   0  -4   0   0  -1  -2   3    0   1   3   0   0   0   1   0   3  26  14   4   1   4   0  10   4   1   0  29  0.41 0.25
  135 V     2  -4  -5  -5  -3  -4  -4  -3  -4   2   4  -4   1   1  -4  -3  -1  -4  -3   3   17   0   0   0   0   0   0   1   0   8  39   0   2   6   0   0   3   0   0  24  0.58 0.31
  136 E    -3   1  -2  -2  -6   5   5  -4   1  -5  -3   1  -4  -5  -2  -3  -2  -1  -4  -4    0   8   1   0   0  27  44   1   4   0   2   9   0   0   1   0   1   1   0   1  1.02 0.47
  137 A     4  -4  -4  -4  -1  -4  -4   3  -4  -1   3  -4  -2  -3  -4  -2  -3  -5  -4   0   38   0   0   0   1   0   0  24   0   2  30   0   0   0   0   0   0   0   0   4  0.69 0.38
  138 I    -4  -4  -4  -5  -4  -5  -3  -6  -3   4   0  -4   1   6  -5  -4  -1  -2   4   0    0   1   1   0   0   0   1   0   0  28   5   1   4  36   0   0   3   0  15   4  1.00 0.42
  139 S     1  -3   4  -1  -3  -2  -1  -3  -3  -4  -4  -3  -4  -5  -2   4   2  -5  -4  -1   13   0  26   2   0   0   3   0   0   0   0   0   0   0   1  37  14   0   0   4  0.76 0.41
  140 G    -2  -3  -1   4  -5   2   2   5  -3  -5  -5  -2  -4  -5  -4  -2  -3  -5  -5  -3    2   0   1  25   0  10  13  45   0   0   0   1   0   0   0   0   0   0   0   2  0.97 0.42
  141 S    -3  -2   3   5  -5  -2   1  -2   4  -4  -5  -2  -4  -4  -2   0  -1  -5   0  -4    1   1  17  42   0   0   8   2   9   1   1   1   0   0   2   6   3   0   4   0  0.82 0.37
  142 P     0   0   0  -2  -3   1  -1   1   0  -2  -2   0  -1   0   0   3   2   0  -2  -2    4   5   2   1   0   7   3  10   2   2   3   5   2   4   4  28  16   1   1   0  0.22 0.18
  143 E    -3   0   0  -1  -5   1   6  -3   4  -4  -4   0  -4   0  -3  -2  -3  -4  -1  -4    1   3   4   1   0   5  59   1  12   0   1   4   0   4   1   1   1   0   2   1  1.04 0.43
  144 E    -1  -2   4   1  -5   1   4  -3  -2  -3  -3   0  -4   0  -1   0  -2  -4  -1  -4    4   1  26   7   0   4  33   1   0   1   2   4   0   5   2   8   0   0   2   0  0.60 0.33
  145 M    -2   0  -3  -3  -3  -1  -2  -3  -3   1   2   1   6  -2  -4  -1   2  -4  -3   0    1   4   1   1   0   1   1   2   0   7  20  11  30   0   0   3  14   0   0   3  0.51 0.30
  146 L    -1  -5  -5  -5  -3  -4  -5  -5  -1   4   4  -5   0  -2  -5  -3  -2  -4  -3   3    4   0   0   0   0   0   0   0   2  27  39   0   1   1   0   1   1   0   0  26  0.82 0.36
  147 F     2  -4  -4  -5  -3  -4  -4  -2  -4   3   0  -4   2   5  -4  -2   0  -3  -1   0   24   0   0   0   0   0   0   2   0  18   8   0   7  29   0   2   7   0   0   3  0.57 0.32
  148 C    -5  -8  -7  -8  12  -7  -8  -7  -7  -5  -5  -7  -6  -6  -7  -5  -5  -6  -1  -5    0   0   0   0  97   0   0   0   0   0   0   0   0   0   0   0   0   0   3   0  3.98 1.03
  149 L     2  -3  -5  -5   2  -4  -4  -2  -4   0   4  -4   2  -1  -4  -2  -2  -4  -3   2   20   1   0   0   4   0   0   2   0   1  51   0   5   2   0   1   1   0   0  13  0.63 0.33
  150 E    -5  -4   8   0  -6  -3  -1  -4  -3  -7  -7  -1  -6  -7  -5  -2  -2  -7  -6  -6    0   0  89   3   0   0   3   0   0   0   0   3   0   0   0   0   1   0   0   0  2.29 0.75
  151 F     2  -2  -5  -5  -4  -4  -5  -5  -4   0   0  -4  -1   7  -5  -3  -3  -2   2   1   19   3   0   0   0   0   0   0   0   5   6   0   1  50   0   0   1   0   7   8  0.99 0.41
  152 V    -3  -4  -3  -4  -4  -4  -4  -5  -5  -3  -2  -4  -4  -5  -4  -1   8  -6  -5  -3    1   0   1   0   0   0   0   0   0   0   4   0   0   0   0   2  91   0   0   1  1.93 0.71
  153 I    -2  -4  -5  -6  -3  -4  -5  -5  -5   4   3  -4   6  -2  -5  -4  -3  -4  -3   3    2   0   0   0   0   0   0   0   0  28  25   0  28   1   0   0   0   0   0  16  0.98 0.40
  154 L    -3  -4  -5  -5  -3  -4  -3  -6  -5   6   1  -2  -1  -2  -5  -2   0  -4  -1   1    0   0   0   0   0   0   1   0   0  67  12   3   0   1   0   3   7   0   2   4  1.00 0.41
  155 H    -2  -3  -1  -4  -3  -1  -3  -3   6   1   0  -3   0   0  -4   0  -1  -3   1   3    0   0   1   0   0   2   0   1  27   9   8   0   1   4   0   7   4   0   5  29  0.52 0.27
  156 Q    -3   1  -2  -3  -5  -1  -1  -4   7  -5  -4   6  -4  -3  -3   0  -3  -4   1  -5    0   4   1   0   0   1   1   0  28   0   1  51   0   1   0   7   0   0   5   0  1.11 0.43
  157 P    -2   0  -1  -2  -5   6  -1  -4   0  -4  -4   0  -3  -5   5   0  -2  -4  -4  -4    0   3   2   0   0  46   1   0   2   0   1   4   0   0  36   5   1   0   0   0  1.14 0.34
  158 N    -2   1   3   6  -5  -1   1  -2   1  -5  -5   1  -4  -5  -3  -1  -2  -5  -3  -4    2   9  13  56   0   0   4   1   3   0   0   9   0   0   0   2   1   0   0   0  0.88 0.26
  159 S     2  -3  -3  -3  -2  -2  -2  -2  -3   0   1  -2  -1   3   3   1   0  -2  -1   0   23   0   0   0   0   0   0   0   0   4  20   1   0  18  15  10   7   0   0   3  0.28 0.13
  160 N    -2  -1   6   0  -3  -1  -1  -1   5  -4  -4  -1  -3  -4  -3   2  -1  -4  -2  -4    0   0  66   1   0   0   0   0  17   0   0   0   0   0   0  16   0   0   0   0  0.88 0.18

                      K         Lambda
Standard Ungapped    0.1386     0.3248
Standard Gapped      0.0514     0.2670
PSI Ungapped         0.1679     0.3169
PSI Gapped           0.0514     0.2670
