
Last position-specific scoring matrix computed, weighted observed percentages rounded down, information per position, and relative weight of gapless real matches to pseudocounts
            A   R   N   D   C   Q   E   G   H   I   L   K   M   F   P   S   T   W   Y   V   A   R   N   D   C   Q   E   G   H   I   L   K   M   F   P   S   T   W   Y   V
    1 M    -1  -2  -2  -4  -2  -1  -2  -3  -2   1   2  -2   6   0  -3  -2  -1  -2  -1   1    0   0   0   0   0   0   0   0   0   0   0   0 100   0   0   0   0   0   0   0  0.38 0.01
    2 S     4  -2  -1  -2  -1  -1  -1   2  -2  -2  -2  -1  -1  -3  -1   1   0  -3  -2  -1   74   0   0   0   0   0   0  17   0   0   0   0   0   0   0   9   0   0   0   0  0.37 0.00
    3 V     0  -3  -3  -4  -1  -3  -3  -4  -4   3   1  -3   1  -1  -3  -2   0  -3  -1   4    0   0   0   0   0   0   0   0   0   0   0   0   0   0   0   0   0   0   0 100  0.36 0.01
    4 E    -1  -1   0   4  -4   1   5  -2   0  -4  -3   0  -3  -4  -1   0  -1  -4  -3  -3    0   0   0  31   0   0  69   0   0   0   0   0   0   0   0   0   0   0   0   0  0.68 0.00
    5 D    -2  -2   1   6  -4   0   2  -2  -1  -4  -4  -1  -3  -4  -2   0  -1  -5  -3  -3    0   0   0  91   0   2   7   0   0   0   0   0   0   0   0   0   0   0   0   0  0.87 0.01
    6 T     0  -1   0  -1  -1  -1  -1  -2  -2  -1  -1  -1  -1  -2  -1   2   5  -3  -2   0    0   0   0   0   0   0   0   0   0   0   0   0   0   0   0   0 100   0   0   0  0.49 0.01
    7 Q    -1   1   0   0  -3   6   2  -2   0  -3  -2   1  -1  -4  -2   0  -1  -2  -2  -3    0   0   0   0   0 100   0   0   0   0   0   0   0   0   0   0   0   0   0   0  0.68 0.01
    8 P    -1  -2  -2  -2  -3  -1  -1  -2  -2  -3  -3  -1  -3  -4   8  -1  -1  -4  -3  -3    0   0   0   0   0   0   0   0   0   0   0   0   0   0 100   0   0   0   0   0  2.06 0.01
    9 L    -2  -2  -4  -4  -1  -2  -3  -4  -3   2   4  -3   2   0  -3  -3  -1  -2  -1   1    0   0   0   0   0   0   0   0   0   0 100   0   0   0   0   0   0   0   0   0  0.47 0.00
   10 I    -1  -3  -4  -4  -1  -3  -4  -4  -4   5   2  -3   1   0  -3  -3  -1  -3  -2   3    0   0   0   0   0   0   0   0   0  98   0   0   0   0   0   0   0   0   0   2  0.40 0.01
   11 T     2  -1   0  -1  -1  -1  -1  -1  -2  -2  -2  -1  -1  -3  -1   3   4  -3  -2  -1   18   0   0   0   0   0   0   0   0   0   0   0   0   0   0  37  45   0   0   0  0.34 0.00
   12 H    -2   0   1  -1  -3   0   0  -2   9  -4  -3  -1  -2  -1  -2  -1  -2  -3   2  -4    0   0   0   0   0   0   0   0 100   0   0   0   0   0   0   0   0   0   0   0  0.91 0.01
   13 L    -2  -2  -4  -4  -1  -2  -3  -4  -3   2   4  -3   2   0  -3  -3  -1  -2  -1   1    0   0   0   0   0   0   0   0   0   0 100   0   0   0   0   0   0   0   0   0  0.47 0.00
   14 I    -2  -3  -4  -4  -1  -3  -4  -4  -4   5   2  -3   1   0  -3  -3  -1  -3  -2   3    0   0   0   0   0   0   0   0   0 100   0   0   0   0   0   0   0   0   0   0  0.41 0.01
   15 E    -1   0   0   2  -4   2   6  -2   0  -4  -3   1  -2  -4  -1   0  -1  -3  -2  -3    0   0   0   0   0   0 100   0   0   0   0   0   0   0   0   0   0   0   0   0  0.75 0.01
   16 L    -2  -2  -4  -4  -1  -2  -3  -4  -3   2   4  -3   2   0  -3  -3  -1  -2  -1   1    0   0   0   0   0   0   0   0   0   0 100   0   0   0   0   0   0   0   0   0  0.47 0.00
   17 R    -2   6  -1  -2  -4   1   0  -3   0  -3  -2   2  -2  -3  -2  -1  -1  -3  -2  -3    0 100   0   0   0   0   0   0   0   0   0   0   0   0   0   0   0   0   0   0  0.77 0.01
   18 K    -1   2   0  -1  -3   1   1  -2  -1  -3  -3   5  -2  -4  -1   0  -1  -3  -2  -3    0   0   0   0   0   0   0   0   0   0   0 100   0   0   0   0   0   0   0   0  0.54 0.01
   19 R    -2   6  -1  -2  -4   1   0  -3   0  -3  -2   2  -2  -3  -2  -1  -1  -3  -2  -3    0 100   0   0   0   0   0   0   0   0   0   0   0   0   0   0   0   0   0   0  0.77 0.01
   20 L    -2  -2  -4  -4  -1  -2  -3  -4  -3   2   4  -3   2   0  -3  -3  -1  -2  -1   1    0   0   0   0   0   0   0   0   0   3  97   0   0   0   0   0   0   0   0   0  0.46 0.00
   21 L    -2  -2  -4  -4  -1  -2  -3  -4  -3   2   4  -3   2   0  -3  -3  -1  -2  -1   1    0   0   0   0   0   0   0   0   0   9  88   0   3   0   0   0   0   0   0   0  0.43 0.00
   22 N    -2  -1   6   1  -3   0   0  -1   1  -4  -4   0  -2  -2  -2   1   0  -3   0  -3    0   0  94   0   0   0   0   0   0   0   0   0   0   0   0   0   0   0   6   0  0.67 0.01
   23 C     0  -3  -2  -3   9  -2  -3  -2  -3  -2  -2  -2  -2  -3  -3   1   0  -3  -3  -1    0   0   0   0  77   0   0   0   0   0   0   0   0   0   0  23   0   0   0   0  0.87 0.01
   24 I    -1  -3  -4  -4  -1  -3  -4  -4  -4   4   2  -3   1   0  -3  -3  -1  -3  -2   3    0   0   0   0   0   0   0   0   0  92   3   0   2   0   0   0   0   0   0   3  0.39 0.01
   25 I    -1  -3  -3  -3  -1  -3  -3  -4  -3   4   2  -3   1   0  -3  -2  -1  -3  -1   3    0   0   0   0   0   0   0   0   0  68   9   0   2   0   0   4   0   0   0  18  0.32 0.00
   26 A     4  -2  -2  -2  -1  -1  -1   0  -2  -2  -2  -1  -1  -3  -1   1   0  -3  -2   0   98   0   0   0   0   0   0   0   0   0   0   0   0   0   0   2   0   0   0   0  0.41 0.01
   27 V     0  -3  -3  -4  -1  -3  -3  -4  -4   3   1  -3   1  -1  -3  -2   0  -3  -1   4    0   0   0   0   0   0   0   0   0  23   0   0   0   0   0   0   0   0   0  77  0.35 0.00
   28 I    -1  -3  -3  -4   2  -3  -3  -4  -3   2   3  -3   2   2  -3  -2  -1  -1   0   1    2   0   0   0   7   0   0   0   0  26  44   0   6  15   0   0   0   0   0   0  0.28 0.00
   29 V     1  -3  -3  -3  -1  -2  -3  -3  -3   2   2  -2   1  -1  -2  -1   0  -3  -1   3   14   0   0   0   0   0   0   0   0   8  24   0   0   0   0   0   2   0   0  53  0.23 0.00
   30 I    -2  -3  -4  -4  -1  -3  -4  -4  -4   5   2  -3   1   0  -3  -3  -1  -3  -2   3    0   0   0   0   0   0   0   0   0 100   0   0   0   0   0   0   0   0   0   0  0.41 0.01
   31 F    -3  -3  -3  -4  -3  -4  -4  -4  -1   0   0  -4   0   7  -4  -3  -2   1   3  -1    0   0   0   0   0   0   0   0   0   0   0   0   0 100   0   0   0   0   0   0  0.77 0.01
   32 L    -2  -2  -4  -4  -1  -2  -3  -4  -3   2   4  -3   2   0  -3  -3  -1  -2  -1   1    0   0   0   0   0   0   0   0   0   0  96   0   0   0   0   0   0   0   0   4  0.45 0.00
   33 C     4  -2  -2  -2   5  -1  -2   1  -2  -1  -2  -1  -1  -3  -1   1   0  -3  -2   0   70   0   0   0  21   0   0   5   0   0   0   0   0   0   0   2   0   0   0   2  0.36 0.00
   34 L    -2  -2  -4  -4  -1  -2  -3  -4  -3   2   4  -3   2   0  -3  -3  -1  -2  -1   1    0   0   0   0   0   0   0   0   0   0 100   0   0   0   0   0   0   0   0   0  0.47 0.00
   35 V     0  -3  -3  -4  -1  -2  -3  -3  -3   3   1  -3   1  -1  -3  -2   0  -3  -1   4    2   0   0   0   0   0   0   0   0   6   0   0   0   0   0   0   0   0   0  92  0.34 0.00
   36 Y    -2  -2  -2  -3  -3  -2  -2  -3   2  -2  -1  -2  -1   3  -3  -2  -2   2   7  -1    0   0   0   0   0   0   0   0   0   0   0   0   0   0   0   2   0   0  98   0  0.86 0.01
   37 F    -3  -3  -3  -4  -3  -4  -4  -4  -1   0   0  -4   0   7  -4  -3  -2   1   3  -1    0   0   0   0   0   0   0   0   0   0   0   0   0 100   0   0   0   0   0   0  0.77 0.01
   38 A     4  -2  -2  -2  -1  -1  -1   0  -2  -2  -2  -1  -1  -3  -1   1   0  -3  -2   0   98   0   0   0   0   0   0   0   0   0   0   0   0   0   0   2   0   0   0   0  0.41 0.01
   39 N    -2  -1   6   1  -3   0   0  -1   1  -4  -4   0  -2  -3  -2   1   0  -4  -2  -3    0   0 100   0   0   0   0   0   0   0   0   0   0   0   0   0   0   0   0   0  0.75 0.01
   40 D    -2  -2   1   7  -4   0   2  -2  -1  -4  -4  -1  -3  -4  -2   0  -1  -5  -3  -4    0   0   0 100   0   0   0   0   0   0   0   0   0   0   0   0   0   0   0   0  0.95 0.01
   41 I    -2  -3  -4  -4  -1  -3  -4  -4  -4   5   2  -3   1   0  -3  -3  -1  -3  -2   3    0   0   0   0   0   0   0   0   0 100   0   0   0   0   0   0   0   0   0   0  0.41 0.01
   42 Y    -2  -2  -2  -4  -3  -2  -2  -3   2  -2  -1  -2  -1   3  -3  -2  -2   2   8  -1    0   0   0   0   0   0   0   0   0   0   0   0   0   0   0   0   0   0 100   0  0.90 0.01
   43 H    -1   1   0  -1  -3   5   1  -2   5  -3  -3   1  -1  -2  -2   0  -1  -2   0  -3    0   0   0   0   0  69   0   0  29   0   0   0   0   0   0   0   0   0   2   0  0.55 0.01
   44 L    -1  -2  -4  -4  -1  -2  -3  -4  -3   2   4  -3   3   1  -3  -3  -1  -2  -1   2    0   0   0   0   0   0   0   0   0   6  72   0   9   2   0   0   0   0   0  11  0.37 0.00
   45 V     0  -3  -3  -4  -1  -3  -3  -4  -4   3   1  -3   1  -1  -3  -2   0  -3  -1   4    0   0   0   0   0   0   0   0   0   6   0   0   0   0   0   0   0   0   0  94  0.36 0.01
   46 S     2  -1   0  -1  -1   0   0   0  -1  -2  -2   0  -2  -3  -1   4   1  -3  -2  -1   24   0   0   0   0   0   0   0   0   0   0   0   0   0   0  76   0   0   0   0  0.39 0.00
   47 A     4  -2  -1   0  -1  -1   0   0  -2  -2  -2  -1  -1  -3  -1   1   0  -3  -2   0   88   0   0   5   0   0   2   0   0   0   0   0   0   0   0   6   0   0   0   0  0.35 0.00
   48 P    -1  -2  -2  -2  -3  -1  -1  -2  -2  -3  -3  -1  -3  -4   8  -1  -1  -4  -3  -3    0   0   0   0   0   0   0   0   0   0   0   0   0   0 100   0   0   0   0   0  2.06 0.01
   49 L    -2  -2  -4  -4  -1  -2  -3  -4  -3   2   4  -3   2   0  -3  -3  -1  -2  -1   1    0   0   0   0   0   0   0   0   0   0 100   0   0   0   0   0   0   0   0   0  0.47 0.00
   50 I    -2  -3  -4  -4  -1  -3  -4  -4  -4   5   2  -3   1   0  -3  -3  -1  -3  -2   3    0   0   0   0   0   0   0   0   0 100   0   0   0   0   0   0   0   0   0   0  0.41 0.01
   51 K     0   2   0  -1  -3   1   1  -1  -1  -3  -3   4  -2  -3  -1   2   0  -3  -2  -2    4   6   0   0   0   0   2   0   0   0   0  66   0   0   0  22   0   0   0   0  0.38 0.00
   52 Q    -1   1   0   0  -3   6   2  -2   2  -3  -3   2  -1  -3  -2   0  -1  -2  -1  -3    0   0   0   0   0  83   0   0   7   0   0  10   0   0   0   0   0   0   0   0  0.58 0.01
   53 L    -1  -2  -3  -4  -2  -1  -2  -3  -2   1   3  -2   6   0  -3  -2  -1  -2  -1   1    0   0   0   0   0   0   0   0   0   0  23   0  77   0   0   0   0   0   0   0  0.36 0.01
   54 P    -1  -2  -2  -2  -3  -1  -1  -2  -2  -3  -3  -1  -3  -4   8  -1  -1  -4  -3  -3    0   0   0   0   0   0   0   0   0   0   0   0   0   0 100   0   0   0   0   0  2.06 0.01
   55 Q     0   0  -1  -2  -2   3   1  -2   2   0   1   0   1  -1  -2  -1  -1  -2  -1   0   13   0   0   0   0  36   3   0   7   2  25   0   2   0   0   0   0   0   0  12  0.14 0.00
   56 G     0  -3  -1  -2  -3  -2  -2   6  -2  -4  -4  -2  -3  -4  -2   0  -2  -3  -3  -4    0   0   0   0   0   0   0 100   0   0   0   0   0   0   0   0   0   0   0   0  1.06 0.01
   57 S     4  -2  -1  -2  -1  -1  -1   0  -2  -2  -2  -1  -1  -3  -1   2   0  -3  -2   0   87   0   0   0   0   0   0   0   0   0   0   0   0   0   0  13   0   0   0   0  0.38 0.00
   58 T     0  -1   0  -1  -1  -1  -1  -2  -2  -1  -1  -1  -1  -2  -1   2   5  -3  -2   0    0   0   2   0   0   0   0   0   0   0   0   0   0   0   0   4  93   0   0   0  0.46 0.01
   59 M    -1  -2  -2  -4  -2  -1  -2  -3  -2   1   2  -2   6   0  -3  -2  -1  -2  -1   1    0   0   0   0   0   0   0   0   0   0   0   0 100   0   0   0   0   0   0   0  0.38 0.01
   60 I    -2  -3  -4  -4  -1  -3  -4  -4  -4   5   2  -3   1   0  -3  -3  -1  -3  -2   3    0   0   0   0   0   0   0   0   0 100   0   0   0   0   0   0   0   0   0   0  0.41 0.01
   61 A     4  -2  -2  -2   0  -1  -1   0  -2  -2  -2  -1  -1  -3  -1   1   0  -3  -2   0  100   0   0   0   0   0   0   0   0   0   0   0   0   0   0   0   0   0   0   0  0.42 0.01
   62 T     0  -1   0  -1  -1  -1  -1  -2  -2  -1  -1  -1  -1  -2  -1   2   5  -3  -2   0    0   0   0   0   0   0   0   0   0   0   0   0   0   0   0   0 100   0   0   0  0.49 0.01
   63 D    -2  -2   1   7  -4   0   2  -2  -1  -4  -4  -1  -3  -4  -2   0  -1  -5  -3  -4    0   0   0 100   0   0   0   0   0   0   0   0   0   0   0   0   0   0   0   0  0.95 0.01
   64 V     0  -3  -3  -4  -1  -3  -3  -4  -4   3   1  -3   1  -1  -3  -2   0  -3  -1   4    0   0   0   0   0   0   0   0   0   0   0   0   0   0   0   0   0   0   0 100  0.36 0.01
   65 A     4  -2  -2  -2   0  -1  -1   0  -2  -2  -2  -1  -1  -3  -1   1   0  -3  -2   0  100   0   0   0   0   0   0   0   0   0   0   0   0   0   0   0   0   0   0   0  0.42 0.01
   66 S     1  -1   1   0  -1   0   0   0  -1  -3  -3   0  -2  -3  -1   4   2  -3  -2  -2    0   0   0   0   0   0   0   0   0   0   0   0   0   0   0 100   0   0   0   0  0.47 0.01
   67 P    -1  -2  -2  -2  -3  -1  -1  -2  -2  -3  -3  -1  -3  -4   8  -1  -1  -4  -3  -3    0   0   0   0   0   0   0   0   0   0   0   0   0   0 100   0   0   0   0   0  2.06 0.01
   68 F    -3  -3  -3  -4  -3  -4  -4  -4  -1   0   0  -4   0   7  -4  -3  -2   1   3  -1    0   0   0   0   0   0   0   0   0   0   0   0   0 100   0   0   0   0   0   0  0.77 0.01
   69 F    -3  -3  -3  -4  -3  -4  -4  -4  -1   0   0  -4   0   7  -4  -3  -2   1   3  -1    0   0   0   0   0   0   0   0   0   0   0   0   0 100   0   0   0   0   0   0  0.77 0.01
   70 T     0  -1   0  -1  -1  -1  -1  -2  -2  -1  -1  -1  -1  -2  -1   1   5  -3  -2   0    2   0   0   0   0   0   0   0   0   0   0   0   0   0   0   0  98   0   0   0  0.48 0.01
   71 P    -1  -2  -2  -2  -3  -1  -1  -2  -2  -3  -3  -1  -3  -4   8  -1  -1  -4  -3  -3    0   0   0   0   0   0   0   0   0   0   0   0   0   0 100   0   0   0   0   0  2.06 0.01
   72 I    -1  -3  -4  -4  -1  -3  -4  -4  -4   5   2  -3   1   0  -3  -3  -1  -3  -2   3    0   0   0   0   0   0   0   0   0  98   0   0   0   0   0   0   0   0   0   2  0.40 0.01
   73 K    -1   2   0  -1  -3   1   1  -2  -1  -3  -3   5  -2  -4  -1   0  -1  -3  -2  -3    0   0   0   0   0   0   0   0   0   0   0 100   0   0   0   0   0   0   0   0  0.54 0.01
   74 L    -2  -2  -4  -4  -1  -2  -3  -4  -3   2   4  -3   2   0  -3  -3  -1  -2  -1   1    0   0   0   0   0   0   0   0   0   0 100   0   0   0   0   0   0   0   0   0  0.47 0.00
   75 T     0  -1   0  -1  -1  -1  -1  -2  -2  -1  -1  -1  -1  -2  -1   2   5  -3  -2   0    0   0   0   0   0   0   0   0   0   0   0   0   0   0   0   0 100   0   0   0  0.49 0.01
   76 F    -2  -3  -3  -4  -2  -3  -4  -4  -2   2   1  -3   1   6  -4  -3  -2   0   3   0    0   0   0   0   0   0   0   0   0  22   0   0   6  73   0   0   0   0   0   0  0.51 0.00
   77 M    -1  -2  -3  -4  -2  -1  -2  -3  -2   1   2  -2   6   0  -3  -2  -1   6   0   0    0   0   0   0   0   0   0   0   0   0   0   0  86   0   0   0   0  14   0   0  0.43 0.01
   78 V     0  -3  -3  -4  -1  -3  -3  -4  -4   3   1  -3   1  -1  -3  -2   0  -3  -1   4    0   0   0   0   0   0   0   0   0   0   0   0   0   0   0   0   0   0   0 100  0.36 0.01
   79 S     1  -1   1   0  -1   0   0   0  -1  -3  -3   0  -2  -3  -1   4   2  -3  -2  -2    0   0   0   0   0   0   0   0   0   0   0   0   0   0   0 100   0   0   0   0  0.47 0.01
   80 L    -1  -3  -4  -4  -1  -3  -3  -4  -3   3   3  -3   2   0  -3  -2  -1  -2  -1   3    0   0   0   0   0   0   0   0   0  14  53   0   0   0   0   0   0   0   0  32  0.34 0.00
   81 I    -2  -3  -4  -4  -1  -3  -4  -4  -4   5   2  -3   1   0  -3  -3  -1  -3  -2   3    0   0   0   0   0   0   0   0   0 100   0   0   0   0   0   0   0   0   0   0  0.41 0.01
   82 L     0  -2  -3  -4  -1  -2  -3  -3  -3   1   4  -2   2   0  -3  -2  -1  -2  -1   1   14   0   0   0   0   0   0   0   0   0  86   0   0   0   0   0   0   0   0   0  0.34 0.00
   83 S     1  -1   1   0  -1   0   0   0  -1  -3  -3   0  -2  -3  -1   4   1  -3  -2  -2    2   0   0   0   0   0   0   0   0   0   0   0   0   0   0  98   0   0   0   0  0.46 0.01
   84 A     4  -2  -2  -2  -1  -1  -1   0  -2  -1  -1  -1  -1  -2  -1   1   0  -3  -2   0   92   0   0   0   0   0   0   0   0   0   0   0   0   0   0   0   0   0   0   8  0.36 0.00
   85 P    -1  -2  -2  -2  -3  -1  -1  -2  -2  -3  -3  -1  -3  -4   8  -1  -1  -4  -3  -3    0   0   0   0   0   0   0   0   0   0   0   0   0   0 100   0   0   0   0   0  2.06 0.01
   86 V     0  -3  -3  -4  -1  -3  -3  -4  -4   3   1  -3   1  -1  -3  -2   0  -3  -1   4    0   0   0   0   0   0   0   0   0   2   0   0   0   0   0   0   0   0   0  98  0.36 0.01
   87 I    -1  -3  -4  -4  -1  -3  -4  -4  -4   5   2  -3   1   0  -3  -3  -1  -3  -2   3    0   0   0   0   0   0   0   0   0  92   2   0   0   0   0   0   0   0   0   6  0.39 0.01
   88 L    -2  -2  -4  -4  -1  -2  -3  -4  -3   2   4  -3   2   0  -3  -3  -1  -2  -1   1    0   0   0   0   0   0   0   0   0   0 100   0   0   0   0   0   0   0   0   0  0.47 0.00
   89 Y    -2  -2  -2  -4  -3  -2  -2  -3   2  -2  -1  -2  -1   3  -3  -2  -2   2   8  -1    0   0   0   0   0   0   0   0   0   0   0   0   0   0   0   0   0   0 100   0  0.90 0.01
   90 Q    -1   1   0   0  -3   6   2  -2   0  -3  -2   1  -1  -4  -2   0  -1  -2  -2  -3    0   0   0   0   0 100   0   0   0   0   0   0   0   0   0   0   0   0   0   0  0.68 0.01
   91 V     0  -3  -3  -4  -1  -3  -3  -4  -4   3   1  -3   1  -1  -3  -2   0  -3  -1   4    0   0   0   0   0   0   0   0   0   0   0   0   0   0   0   0   0   0   0 100  0.36 0.01
   92 W    -3  -3  -4  -5  -3  -2  -3  -3  -3  -3  -2  -3  -2   1  -4  -3  -3  12   2  -3    0   0   0   0   0   0   0   0   0   0   0   0   0   0   0   0   0 100   0   0  2.37 0.01
   93 A     4  -2  -2  -2   0  -1  -1   0  -2  -2  -2  -1  -1  -3  -1   1   0  -3  -2   0  100   0   0   0   0   0   0   0   0   0   0   0   0   0   0   0   0   0   0   0  0.42 0.01
   94 F    -3  -3  -3  -4  -3  -4  -4  -4  -1   0   0  -4   0   7  -4  -3  -2   1   3  -1    0   0   0   0   0   0   0   0   0   0   0   0   0 100   0   0   0   0   0   0  0.77 0.01
   95 I    -1  -3  -3  -4  -1  -3  -3  -4  -4   4   1  -3   1  -1  -3  -2   0  -3  -1   4    0   0   0   0   0   0   0   0   0  47   0   0   0   0   0   0   0   0   0  53  0.35 0.00
   96 A     4  -2  -2  -2   0  -1  -1   0  -2  -2  -2  -1  -1  -3  -1   1   0  -3  -2   0  100   0   0   0   0   0   0   0   0   0   0   0   0   0   0   0   0   0   0   0  0.42 0.01
   97 P    -1  -2  -2  -2  -3  -1  -1  -2  -2  -3  -3  -1  -3  -4   8  -1  -1  -4  -3  -3    0   0   0   0   0   0   0   0   0   0   0   0   0   0 100   0   0   0   0   0  2.06 0.01
   98 A     4  -2  -2  -2   0  -1  -1   0  -2  -2  -2  -1  -1  -3  -1   1   0  -3  -2   0  100   0   0   0   0   0   0   0   0   0   0   0   0   0   0   0   0   0   0   0  0.42 0.01
   99 L    -2  -2  -4  -4  -1  -2  -3  -4  -3   2   4  -3   2   0  -3  -3  -1  -2  -1   1    0   0   0   0   0   0   0   0   0   0 100   0   0   0   0   0   0   0   0   0  0.47 0.00
  100 Y    -2  -2  -2  -4  -3  -2  -2  -3   2  -2  -1  -2  -1   3  -3  -2  -2   2   8  -1    0   0   0   0   0   0   0   0   0   0   0   0   0   0   0   0   0   0 100   0  0.90 0.01
  101 K    -1   3   0  -1  -3   1   1  -2  -1  -3  -3   5  -2  -3  -1   0  -1  -3  -2  -3    0  10   0   0   0   0   0   0   0   0   0  90   0   0   0   0   0   0   0   0  0.52 0.01
  102 H    -2   0   1  -1  -3   0   0  -2   9  -4  -3  -1  -2  -1  -2  -1  -2  -3   2  -4    0   0   0   0   0   0   0   0 100   0   0   0   0   0   0   0   0   0   0   0  0.91 0.01
  103 E    -1   0   0   2  -4   2   6  -2   0  -4  -3   1  -2  -4  -1   0  -1  -3  -2  -3    0   0   0   0   0   0 100   0   0   0   0   0   0   0   0   0   0   0   0   0  0.75 0.01
  104 R    -2   6  -1  -2  -4   1   0  -3   0  -3  -2   2  -2  -3  -2  -1  -1  -3  -2  -3    0 100   0   0   0   0   0   0   0   0   0   0   0   0   0   0   0   0   0   0  0.77 0.01
  105 R    -2   6  -1  -2  -4   1   0  -3   0  -3  -2   3  -2  -3  -2  -1  -1  -3  -2  -3    0  89   0   0   0   0   0   0   0   0   0  11   0   0   0   0   0   0   0   0  0.71 0.01
  106 L    -2  -2  -4  -4  -1  -2  -3  -4  -3   2   4  -3   2   0  -3  -3  -1  -2  -1   1    0   0   0   0   0   0   0   0   0   0  98   0   2   0   0   0   0   0   0   0  0.46 0.00
  107 V     0  -3  -3  -4  -1  -3  -3  -4  -4   3   1  -3   1  -1  -3  -2   0  -3  -1   4    0   0   0   0   0   0   0   0   0   6   0   0   0   0   0   0   0   0   0  94  0.36 0.01
  108 V    -1  -3  -3  -4  -1  -2  -3  -4  -3   3   1  -3   2  -1  -3  -2   0  -3  -1   4    0   0   0   0   0   0   0   0   0  25   0   0   9   0   0   0   0   0   0  65  0.32 0.00
  109 P    -1  -2  -2  -2  -3  -1  -1  -2  -2  -3  -3  -1  -3  -4   8  -1  -1  -4  -3  -3    0   0   0   0   0   0   0   0   0   0   0   0   0   0 100   0   0   0   0   0  2.06 0.01
  110 L    -2  -2  -4  -4  -1  -2  -3  -4  -3   2   4  -3   2   0  -3  -3  -1  -2  -1   1    0   0   0   0   0   0   0   0   0   0 100   0   0   0   0   0   0   0   0   0  0.47 0.00
  111 L    -2  -2  -4  -4  -1  -2  -3  -4  -3   2   4  -3   2   0  -3  -3  -1  -2  -1   1    0   0   0   0   0   0   0   0   0   0 100   0   0   0   0   0   0   0   0   0  0.47 0.00
  112 V     0  -3  -3  -4  -1  -3  -3  -4  -4   3   1  -3   1  -1  -3  -2   0  -3  -1   4    0   0   0   0   0   0   0   0   0   8   0   0   0   0   0   0   0   0   0  92  0.36 0.00
  113 S     1  -1   1   0  -1   0   0   0  -1  -3  -3   0  -2  -3  -1   4   2  -3  -2  -2    0   0   0   0   0   0   0   0   0   0   0   0   0   0   0 100   0   0   0   0  0.47 0.01
  114 S     1  -1   1   0  -1   0   0   0  -1  -3  -3   0  -2  -3  -1   4   2  -3  -2  -2    0   0   0   0   0   0   0   0   0   0   0   0   0   0   0 100   0   0   0   0  0.47 0.01
  115 S     1  -1   0  -1  -1   0  -1  -1  -1  -2  -2   0  -1  -3  -1   3   4  -3  -2  -1    0   0   0   0   0   0   0   0   0   0   0   0   0   0   0  57  43   0   0   0  0.39 0.00
  116 L    -2  -3  -4  -4   1  -2  -3  -4  -3   2   4  -3   2   0  -3  -3  -1  -2  -1   1    0   0   0   0   4   0   0   0   0   0  94   0   0   0   0   0   0   0   0   2  0.43 0.00
  117 L    -2  -2  -4  -4  -1  -2  -3  -4  -3   2   4  -3   2   0  -3  -3  -1  -2  -1   1    0   0   0   0   0   0   0   0   0   0 100   0   0   0   0   0   0   0   0   0  0.47 0.00
  118 F    -3  -3  -3  -4  -3  -4  -4  -4  -1   0   0  -4   0   7  -4  -3  -2   1   3  -1    0   0   0   0   0   0   0   0   0   0   0   0   0 100   0   0   0   0   0   0  0.77 0.01
  119 Y    -2  -2  -2  -4  -3  -2  -2  -3   2  -2  -1  -2  -1   3  -3  -2  -2   2   8  -1    0   0   0   0   0   0   0   0   0   0   0   0   0   0   0   0   0   0 100   0  0.90 0.01
  120 I    -1  -3  -4  -4  -1  -3  -3  -4  -4   4   2  -3   1   0  -3  -2   0  -3  -2   3    0   0   0   0   0   0   0   0   0  87   9   0   0   0   0   0   2   0   0   2  0.37 0.00
  121 G     0  -3  -1  -2  -3  -2  -2   6  -2  -4  -4  -2  -3  -4  -2   0  -2  -3  -3  -4    0   0   0   0   0   0   0 100   0   0   0   0   0   0   0   0   0   0   0   0  1.06 0.01
  122 M    -1  -2  -2  -4  -2  -1  -2  -3  -2   1   2  -2   6   0  -3  -2  -1  -2  -1   1    0   0   0   0   0   0   0   0   0   0   0   0 100   0   0   0   0   0   0   0  0.38 0.01
  123 A     4  -2  -2  -2   0  -1  -1   0  -2  -2  -2  -1  -1  -3  -1   1   0  -3  -2   0  100   0   0   0   0   0   0   0   0   0   0   0   0   0   0   0   0   0   0   0  0.42 0.01
  124 F    -3  -3  -3  -4  -3  -4  -4  -4  -1   0   0  -4   0   7  -4  -3  -2   1   3  -1    0   0   0   0   0   0   0   0   0   0   0   0   0 100   0   0   0   0   0   0  0.77 0.01
  125 A     4  -2  -2  -2   0  -1  -1   0  -2  -2  -2  -1  -1  -3  -1   1   0  -3  -2   0  100   0   0   0   0   0   0   0   0   0   0   0   0   0   0   0   0   0   0   0  0.42 0.01
  126 Y    -2  -2  -2  -4  -3  -2  -2  -3   2  -2  -1  -2  -1   3  -3  -2  -2   2   8  -1    0   0   0   0   0   0   0   0   0   0   0   0   0   0   0   0   0   0 100   0  0.90 0.01
  127 F    -3  -3  -3  -4  -3  -4  -4  -4  -1   0   0  -4   0   7  -4  -3  -2   1   3  -1    0   0   0   0   0   0   0   0   0   0   0   0   0 100   0   0   0   0   0   0  0.77 0.01
  128 V     0  -3  -3  -4  -1  -3  -3  -4  -4   3   1  -3   1  -1  -3  -2   0  -3  -1   4    0   0   0   0   0   0   0   0   0   2   0   0   0   0   0   0   0   0   0  98  0.36 0.01
  129 V     0  -3  -3  -4  -1  -3  -3  -4  -4   3   1  -3   1  -1  -3  -2   0  -3  -1   4    0   0   0   0   0   0   0   0   0   0   0   0   0   0   0   0   0   0   0 100  0.36 0.01
  130 F    -3  -3  -3  -4  -3  -4  -4  -4  -1   0   0  -4   0   7  -4  -3  -2   1   3  -1    0   0   0   0   0   0   0   0   0   0   0   0   0 100   0   0   0   0   0   0  0.77 0.01
  131 P    -1  -2  -2  -2  -3  -1  -1  -2  -2  -3  -3  -1  -3  -4   8  -1  -1  -4  -3  -3    0   0   0   0   0   0   0   0   0   0   0   0   0   0 100   0   0   0   0   0  2.06 0.01
  132 L    -2  -2  -4  -4  -1  -2  -3  -4  -3   2   4  -3   2   0  -3  -3  -1  -2  -1   1    0   0   0   0   0   0   0   0   0   0 100   0   0   0   0   0   0   0   0   0  0.47 0.00
  133 A     4  -2  -2  -2   0  -1  -1   0  -2  -2  -2  -1  -1  -3  -1   1   0  -3  -2   0  100   0   0   0   0   0   0   0   0   0   0   0   0   0   0   0   0   0   0   0  0.42 0.01
  134 F    -3  -3  -3  -4  -3  -4  -4  -4  -1   0   0  -4   0   7  -4  -3  -2   1   3  -1    0   0   0   0   0   0   0   0   0   0   0   0   0 100   0   0   0   0   0   0  0.77 0.01
  135 G     0  -3  -1  -2  -3  -2  -2   6  -2  -4  -4  -2  -3  -4  -2   0  -2  -3  -3  -4    0   0   0   0   0   0   0 100   0   0   0   0   0   0   0   0   0   0   0   0  1.06 0.01
  136 F    -3  -3  -3  -4  -3  -4  -4  -4  -1   0   0  -4   0   7  -4  -3  -2   1   3  -1    0   0   0   0   0   0   0   0   0   0   0   0   0 100   0   0   0   0   0   0  0.77 0.01
  137 L    -2  -2  -4  -4  -1  -2  -3  -4  -3   2   4  -3   2   0  -3  -3  -1  -2  -1   1    0   0   0   0   0   0   0   0   0   0 100   0   0   0   0   0   0   0   0   0  0.47 0.00
  138 A     2  -1   0  -1  -1  -1  -1  -1  -2  -1  -1  -1  -1  -2  -1   1   4  -3  -2   0   25   0   0   0   0   0   0   0   0   0   0   0   0   0   0   0  75   0   0   0  0.37 0.00
  139 N    -2   0   3   0  -3   1   0  -2   7  -4  -3   1  -2  -2  -2   0  -1  -3   1  -3    0   0  25   0   0   0   0   0  59   0   0  16   0   0   0   0   0   0   0   0  0.55 0.01
  140 T     1  -1   0  -1  -1  -1  -1  -2  -2  -1  -1  -1  -1  -2  -1   1   5  -3  -2   0   10   0   0   0   0   0   0   0   0   0   0   0   0   0   0   0  90   0   0   0  0.43 0.01
  141 A     4  -2  -2  -2   0  -1  -1   0  -2  -2  -2  -1  -1  -3  -1   1   0  -3  -2   0  100   0   0   0   0   0   0   0   0   0   0   0   0   0   0   0   0   0   0   0  0.42 0.01
  142 P    -1  -2  -2  -2  -3  -1  -1  -2  -2  -3  -3  -1  -3  -4   8  -1  -1  -4  -3  -3    0   0   0   0   0   0   0   0   0   0   0   0   0   0 100   0   0   0   0   0  2.06 0.01
  143 E     1  -1  -1   0  -2   2   3  -2  -1   0  -1   0  -1  -2  -2   0  -1  -3  -2   1   14   0   0   0   0   9  46   0   0   8   0   0   0   0   0   0   0   0   0  24  0.22 0.00
  144 G     0  -3  -1  -2  -3  -2  -2   6  -2  -4  -4  -2  -3  -4  -2   0  -2  -3  -3  -4    0   0   0   0   0   0   0 100   0   0   0   0   0   0   0   0   0   0   0   0  1.06 0.01
  145 V     0  -3  -3  -4  -1  -3  -3  -4  -4   3   1  -3   1  -1  -3  -2   0  -3  -1   4    0   0   0   0   0   0   0   0   0   0   0   0   0   0   0   0   0   0   0 100  0.36 0.01
  146 Q    -1   0  -1  -1  -2   5   1  -3  -1   0   0   0   0  -2  -2  -1  -1  -2  -2   1    0   0   0   0   0  61   0   0   0   0  10   0   0   0   0   0   0   0   0  30  0.27 0.00
  147 V     0  -3  -3  -4  -1  -3  -3  -4  -4   3   1  -3   1  -1  -3  -2   0  -3  -1   4    0   0   0   0   0   0   0   0   0   8   0   0   0   0   0   0   0   0   0  92  0.36 0.00
  148 S     1  -1   1   0  -1   0   0   0  -1  -3  -3   0  -2  -3  -1   4   2  -3  -2  -2    0   0   0   0   0   0   0   0   0   0   0   0   0   0   0 100   0   0   0   0  0.47 0.01
  149 T     0  -1   0  -1  -1  -1  -1  -2  -2  -1  -1  -1  -1  -2  -1   2   5  -3  -2   0    0   0   0   0   0   0   0   0   0   0   0   0   0   0   0   0 100   0   0   0  0.49 0.01
  150 D    -2  -2   1   7  -4   0   2  -2  -1  -4  -4  -1  -3  -4  -2   0  -1  -5  -3  -4    0   0   0 100   0   0   0   0   0   0   0   0   0   0   0   0   0   0   0   0  0.95 0.01
  151 I    -2  -3  -4  -4  -1  -3  -4  -4  -4   5   2  -3   1   0  -3  -3  -1  -3  -2   3    0   0   0   0   0   0   0   0   0 100   0   0   0   0   0   0   0   0   0   0  0.41 0.01
  152 A     3   1  -1  -2  -1   0  -1   0  -1  -2  -2   1  -1  -3  -1   1   1  -3  -2  -1   61  11   0   0   0   0   0   0   0   0   0   9   0   0   0   6  12   0   0   0  0.26 0.00
  153 S     1  -1   2   0  -1   0   0   0  -1  -3  -3   0  -2  -3  -1   4   1  -3  -2  -2    0   0  10   0   0   0   0   0   0   0   0   0   0   0   0  90   0   0   0   0  0.44 0.01
  154 Y    -2  -2  -2  -4  -3  -2  -2  -3   2  -2  -1  -2  -1   3  -3  -2  -2   2   8  -1    0   0   0   0   0   0   0   0   0   0   0   0   0   0   0   0   0   0 100   0  0.90 0.01
  155 L    -2  -2  -4  -4  -1  -2  -3  -4  -3   2   4  -3   2   0  -3  -3  -1  -2  -1   1    0   0   0   0   0   0   0   0   0   0 100   0   0   0   0   0   0   0   0   0  0.47 0.00
  156 S     0  -1   2   4  -2   0   1  -1  -1  -3  -3   0  -2  -3  -1   3   0  -4  -3  -3    0   0   4  46   0   0   0   0   0   0   0   0   0   0   0  50   0   0   0   0  0.48 0.00
  157 F    -3  -3  -3  -4  -3  -4  -4  -4  -1   0   0  -4   0   7  -4  -3  -2   1   3  -1    0   0   0   0   0   0   0   0   0   0   0   0   0 100   0   0   0   0   0   0  0.77 0.01
  158 V     0  -3  -3  -4  -1  -3  -3  -4  -4   3   1  -3   1  -1  -3  -2   0  -3  -1   4    0   0   0   0   0   0   0   0   0   0   0   0   0   0   0   0   0   0   0 100  0.36 0.01
  159 M    -1  -2  -2  -4  -2  -1  -2  -3  -2   1   2  -2   6   0  -3  -2  -1  -2  -1   1    0   0   0   0   0   0   0   0   0   0   0   0 100   0   0   0   0   0   0   0  0.38 0.01
  160 A     4  -2  -1  -2  -1  -1  -1   0  -2  -2  -2  -1  -1  -3  -1   2   0  -3  -2   0   90   0   0   0   0   0   0   2   0   0   0   0   0   0   0   8   0   0   0   0  0.39 0.00
  161 L    -2  -2  -4  -4  -1  -2  -3  -4  -3   2   4  -3   2   0  -3  -3  -1  -2  -1   1    0   0   0   0   0   0   0   0   0   0 100   0   0   0   0   0   0   0   0   0  0.47 0.00
  162 F    -3  -3  -3  -4  -3  -4  -4  -4  -1   0   0  -4   0   7  -4  -3  -2   1   3  -1    0   0   0   0   0   0   0   0   0   0   0   0   0 100   0   0   0   0   0   0  0.77 0.01
  163 M    -1  -2  -3  -4  -2  -1  -2  -3  -2   2   2  -2   6   0  -3  -2  -1  -2  -1   1    0   0   0   0   0   0   0   0   0   9   2   0  88   0   0   0   0   0   0   0  0.35 0.01
  164 A     4  -2  -2  -2   0  -1  -1   0  -2  -2  -2  -1  -1  -3  -1   1   0  -3  -2   0  100   0   0   0   0   0   0   0   0   0   0   0   0   0   0   0   0   0   0   0  0.42 0.01
  165 F    -3  -3  -3  -4  -3  -4  -4  -4  -1   0   0  -4   0   7  -4  -3  -2   1   3  -1    0   0   0   0   0   0   0   0   0   0   0   0   0 100   0   0   0   0   0   0  0.77 0.01
  166 G     0  -3  -1  -2  -3  -2  -2   6  -2  -4  -4  -2  -3  -4  -2   0  -2  -3  -3  -4    0   0   0   0   0   0   0 100   0   0   0   0   0   0   0   0   0   0   0   0  1.06 0.01
  167 V     0  -3  -3  -4  -1  -3  -3  -4  -4   3   1  -3   1  -1  -3  -2   0  -3  -1   4    0   0   0   0   0   0   0   0   0   3   0   0   0   0   0   0   0   0   0  97  0.36 0.01
  168 S     2  -1   0  -1  -1   0   0   0  -1  -2  -2   0  -2  -3  -1   4   1  -3  -2  -1   25   0   0   0   0   0   0   0   0   0   0   0   0   0   0  75   0   0   0   0  0.39 0.00
  169 F    -3  -3  -3  -4  -3  -4  -4  -4  -1   0   0  -4   0   7  -4  -3  -2   1   3  -1    0   0   0   0   0   0   0   0   0   0   0   0   0 100   0   0   0   0   0   0  0.77 0.01
  170 E    -1   0   0   2  -4   2   6  -2   0  -4  -3   1  -2  -4  -1   0  -1  -3  -2  -3    0   0   0   0   0   0 100   0   0   0   0   0   0   0   0   0   0   0   0   0  0.75 0.01
  171 V     0  -3  -3  -4  -1  -3  -3  -4  -4   3   1  -3   1  -1  -3  -2   0  -3  -1   4    0   0   0   0   0   0   0   0   0   0   0   0   0   0   0   0   0   0   0 100  0.36 0.01
  172 P    -1  -2  -2  -2  -3  -1  -1  -2  -2  -3  -3  -1  -3  -4   8  -1  -1  -4  -3  -3    0   0   0   0   0   0   0   0   0   0   0   0   0   0 100   0   0   0   0   0  2.06 0.01
  173 V     0  -3  -3  -4  -1  -3  -3  -4  -4   3   1  -3   1  -1  -3  -2   0  -3  -1   4    0   0   0   0   0   0   0   0   0   0   0   0   0   0   0   0   0   0   0 100  0.36 0.01
  174 A     4  -2  -2  -2   0  -1  -1   0  -2  -2  -2  -1  -1  -3  -1   1   0  -3  -2   0  100   0   0   0   0   0   0   0   0   0   0   0   0   0   0   0   0   0   0   0  0.42 0.01
  175 I    -2  -3  -4  -4  -1  -3  -4  -4  -4   5   2  -3   1   0  -3  -3  -1  -3  -2   3    0   0   0   0   0   0   0   0   0 100   0   0   0   0   0   0   0   0   0   0  0.41 0.01
  176 V     0  -3  -3  -4  -1  -3  -3  -4  -4   3   1  -3   1  -1  -3  -2   0  -3  -1   4    0   0   0   0   0   0   0   0   0   4   0   0   0   0   0   0   0   0   0  96  0.36 0.01
  177 L    -2  -2  -4  -4  -1  -2  -3  -4  -3   2   4  -3   2   0  -3  -3  -1  -2  -1   1    0   0   0   0   0   0   0   0   0   0 100   0   0   0   0   0   0   0   0   0  0.47 0.00
  178 L    -2  -2  -4  -4  -1  -2  -3  -4  -3   2   4  -3   2   0  -3  -3  -1  -2  -1   1    0   0   0   0   0   0   0   0   0   4  96   0   0   0   0   0   0   0   0   0  0.45 0.00
  179 C    -1  -4  -3  -4  10  -3  -4  -3  -3  -1  -2  -3  -2  -3  -3  -1  -1  -3  -3  -1    0   0   0   0 100   0   0   0   0   0   0   0   0   0   0   0   0   0   0   0  1.26 0.01
  180 W    -3  -3  -4  -5  -3  -2  -3  -3  -3  -3  -2  -3  -2   1  -4  -3  -3  12   2  -3    0   0   0   0   0   0   0   0   0   0   0   0   0   0   0   0   0 100   0   0  2.37 0.01
  181 M    -1  -2  -3  -4  -1  -1  -2  -3  -2   2   2  -2   5   0  -3  -2  -1  -2  -1   2    0   0   0   0   0   0   0   0   0   0   9   0  64   0   0   0   0   0   0  26  0.29 0.01
  182 G     0  -3  -1  -2  -3  -2  -2   6  -2  -4  -4  -2  -3  -4  -2   0  -2  -3  -3  -4    0   0   0   0   0   0   0 100   0   0   0   0   0   0   0   0   0   0   0   0  1.06 0.01
  183 I    -1  -3  -3  -4  -1  -3  -3  -4  -4   3   1  -3   1  -1  -3  -2   0  -3  -1   4    0   0   0   0   0   0   0   0   0  27   0   0   0   0   0   0   0   0   0  73  0.35 0.00
  184 T     0  -1   0  -1  -1  -1  -1  -2  -2  -1  -1  -1  -1  -2  -1   2   5  -3  -2   0    0   0   0   0   0   0   0   0   0   0   0   0   0   0   0   0 100   0   0   0  0.49 0.01
  185 S     0  -1   0  -1  -1  -1  -1  -2  -2  -1  -1  -1  -1  -2  -1   2   5  -3  -2   0    0   0   0   0   0   0   0   0   0   0   0   0   0   0   0   5  95   0   0   0  0.47 0.01
  186 P    -1  -2  -2  -2  -3  -1  -1  -2  -2  -3  -3  -1  -3  -4   8  -1  -1  -4  -3  -3    0   0   0   0   0   0   0   0   0   0   0   0   0   0 100   0   0   0   0   0  2.06 0.01
  187 E    -1  -1   0   4  -4   2   4  -2  -1  -3  -3   0  -2  -4  -1   0  -1  -4  -3  -3    4   0   0  32   0   4  60   0   0   0   0   0   0   0   0   0   0   0   0   0  0.61 0.00
  188 D    -2  -2   1   6  -4   0   2  -1  -1  -3  -4  -1  -3  -4  -2   0  -1  -5  -3  -3    0   0   0  92   0   0   2   0   0   0   0   0   0   0   0   6   0   0   0   0  0.85 0.01
  189 L    -2  -2  -4  -4  -1  -2  -3  -4  -3   2   4  -3   2   0  -3  -3  -1  -2  -1   1    0   0   0   0   0   0   0   0   0   0 100   0   0   0   0   0   0   0   0   0  0.47 0.00
  190 R    -2   6   0  -2  -4   1   0  -2   0  -3  -3   3  -2  -3  -2  -1  -1  -3  -2  -3    0  85   0   0   0   0   0   0   0   0   0  15   0   0   0   0   0   0   0   0  0.69 0.01
  191 K     1   2   0   0  -3   2   1  -1  -1  -3  -3   4  -1  -3  -1   0  -1  -3  -1  -2   14   4   0   2   0   6   0   0   0   0   0  73   0   0   0   0   0   0   2   0  0.37 0.00
  192 K    -1   2   0  -1  -3   1   1  -2  -1  -3  -3   5  -2  -4  -1   0  -1  -3  -2  -3    0   0   0   0   0   0   0   0   0   0   0 100   0   0   0   0   0   0   0   0  0.54 0.01
  193 R    -2   6  -1  -2  -4   1   0  -3   0  -3  -2   2  -2  -3  -2  -1  -1  -3  -2  -3    0 100   0   0   0   0   0   0   0   0   0   0   0   0   0   0   0   0   0   0  0.77 0.01
  194 P    -1  -2  -2  -2  -3  -1  -1  -2  -2  -3  -3  -1  -3  -4   8  -1  -1  -4  -3  -3    0   0   0   0   0   0   0   0   0   0   0   0   0   0 100   0   0   0   0   0  2.06 0.01
  195 Y    -2  -2  -2  -4  -3  -2  -2  -3   2  -2  -1  -2  -1   3  -3  -2  -2   2   8  -1    0   0   0   0   0   0   0   0   0   0   0   0   0   0   0   0   0   0 100   0  0.90 0.01
  196 V    -1  -3  -3  -4  -1  -3  -3  -4  -3   3   1  -3   1  -1  -3  -2   0  -3  -1   4    0   0   0   0   0   0   0   0   0  22   0   0   4   0   0   0   0   0   0  75  0.34 0.00
  197 L    -2  -2  -4  -4  -1  -2  -3  -4  -3   2   4  -3   2   0  -3  -3  -1  -2  -1   1    0   0   0   0   0   0   0   0   0   0  96   0   0   0   0   0   0   0   0   4  0.45 0.00
  198 V     0  -3  -3  -4  -1  -3  -3  -4  -4   3   1  -3   1  -1  -3  -2   0  -3  -1   4    0   0   0   0   0   0   0   0   0   0   0   0   0   0   0   0   0   0   0 100  0.36 0.01
  199 G     0  -3  -1  -2  -3  -2  -2   6  -2  -4  -4  -2  -3  -4  -2   0  -2  -3  -3  -3    2   0   0   0   0   0   0  98   0   0   0   0   0   0   0   0   0   0   0   0  1.02 0.01
  200 A     4  -2  -2  -2   0  -1  -1   0  -2  -2  -2  -1  -1  -3  -1   1   0  -3  -2   0  100   0   0   0   0   0   0   0   0   0   0   0   0   0   0   0   0   0   0   0  0.42 0.01
  201 F    -3  -3  -3  -4  -3  -4  -4  -4  -1   0   0  -4   0   7  -4  -3  -2   1   3  -1    0   0   0   0   0   0   0   0   0   0   0   0   0 100   0   0   0   0   0   0  0.77 0.01
  202 V     0  -3  -3  -4  -1  -3  -3  -4  -4   3   1  -3   1  -1  -3  -2   0  -3  -1   4    0   0   0   0   0   0   0   0   0   5   0   0   0   0   0   0   0   0   0  95  0.36 0.01
  203 V     0  -3  -3  -4  -1  -3  -3  -4  -4   3   1  -3   1  -1  -3  -2   0  -3  -1   4    0   0   0   0   0   0   0   0   0  12   2   0   0   0   0   0   0   0   0  86  0.35 0.00
  204 G     0  -3  -1  -2  -3  -2  -2   6  -2  -4  -4  -2  -3  -4  -2   0  -2  -3  -3  -4    0   0   0   0   0   0   0 100   0   0   0   0   0   0   0   0   0   0   0   0  1.06 0.01
  205 M    -1  -2  -2  -4  -2  -1  -2  -3  -2   1   2  -2   6   0  -3  -2  -1  -2  -1   1    0   0   0   0   0   0   0   0   0   0   0   0 100   0   0   0   0   0   0   0  0.38 0.01
  206 L    -2  -2  -4  -4  -1  -2  -3  -4  -3   2   4  -3   2   0  -3  -3  -1  -2  -1   1    0   0   0   0   0   0   0   0   0   3  97   0   0   0   0   0   0   0   0   0  0.46 0.00
  207 L    -2  -2  -4  -4  -1  -2  -3  -4  -3   2   4  -3   2   0  -3  -3  -1  -2  -1   1    0   0   0   0   0   0   0   0   0   0 100   0   0   0   0   0   0   0   0   0  0.47 0.00
  208 T     0  -1   0  -1  -1  -1  -1  -2  -2  -1  -1  -1  -1  -2  -1   2   5  -3  -2   0    0   0   0   0   0   0   0   0   0   0   0   0   0   0   0   0 100   0   0   0  0.49 0.01
  209 P    -1  -2  -2  -2  -3  -1  -1  -2  -2  -3  -3  -1  -3  -4   8  -1  -1  -4  -3  -3    0   0   0   0   0   0   0   0   0   0   0   0   0   0 100   0   0   0   0   0  2.06 0.01
  210 P    -1  -2  -2  -2  -3  -1  -1  -2  -2  -3  -3  -1  -3  -4   8  -1  -1  -4  -3  -3    0   0   0   0   0   0   0   0   0   0   0   0   0   0 100   0   0   0   0   0  2.06 0.01
  211 D    -2  -2   1   7  -4   0   2  -2  -1  -4  -4  -1  -3  -4  -2   0  -1  -5  -3  -4    0   0   0 100   0   0   0   0   0   0   0   0   0   0   0   0   0   0   0   0  0.95 0.01
  212 V     0  -3  -3  -4  -1  -3  -3  -4  -4   3   1  -3   1  -1  -3  -2   0  -3  -1   4    0   0   0   0   0   0   0   0   0   0   0   0   0   0   0   0   0   0   0 100  0.36 0.01
  213 F    -3  -3  -3  -4  -3  -4  -4  -4  -1   0   0  -4   0   7  -4  -3  -2   1   3  -1    0   0   0   0   0   0   0   0   0   0   0   0   0 100   0   0   0   0   0   0  0.77 0.01
  214 S     1  -1   1   0  -1   0   0   0  -1  -3  -3   0  -2  -3  -1   4   2  -3  -2  -2    0   0   0   0   0   0   0   0   0   0   0   0   0   0   0 100   0   0   0   0  0.47 0.01
  215 Q    -1   1   0   0  -3   6   2  -2   0  -3  -2   1  -1  -4  -2   0  -1  -2  -2  -3    0   0   0   0   0 100   0   0   0   0   0   0   0   0   0   0   0   0   0   0  0.68 0.01
  216 T     0  -1   0  -1  -1  -1  -1  -2  -2  -1  -1  -1  -1  -2  -1   2   5  -3  -2   0    0   0   0   0   0   0   0   0   0   0   0   0   0   0   0   0 100   0   0   0  0.49 0.01
  217 L    -2  -2  -4  -4  -1  -2  -3  -4  -3   2   4  -3   2   0  -3  -3  -1  -2  -1   1    0   0   0   0   0   0   0   0   0   0 100   0   0   0   0   0   0   0   0   0  0.47 0.00
  218 L    -2  -2  -4  -4  -1  -2  -3  -4  -3   2   4  -3   2   0  -3  -3  -1  -2  -1   1    0   0   0   0   0   0   0   0   0   0 100   0   0   0   0   0   0   0   0   0  0.47 0.00
  219 A     4  -2  -2  -2   0  -1  -1   0  -2  -2  -2  -1  -1  -3  -1   1   0  -3  -2   0  100   0   0   0   0   0   0   0   0   0   0   0   0   0   0   0   0   0   0   0  0.42 0.01
  220 I    -2  -3  -4  -4  -1  -3  -4  -4  -4   5   2  -3   1   0  -3  -3  -1  -3  -2   3    0   0   0   0   0   0   0   0   0 100   0   0   0   0   0   0   0   0   0   0  0.41 0.01
  221 P    -1  -2  -2  -2  -3  -1  -1  -2  -2  -3  -3  -1  -3  -4   8  -1  -1  -4  -3  -3    0   0   0   0   0   0   0   0   0   0   0   0   0   0 100   0   0   0   0   0  2.06 0.01
  222 M    -1  -2  -2  -4  -2  -1  -2  -3  -2   1   2  -2   6   0  -3  -2  -1  -2  -1   1    0   0   0   0   0   0   0   0   0   0   0   0 100   0   0   0   0   0   0   0  0.38 0.01
  223 Y    -2  -2  -2  -4  -3  -2  -2  -3   2  -2  -1  -2  -1   3  -3  -2  -2   2   8  -1    0   0   0   0   0   0   0   0   0   0   0   0   0   0   0   0   0   0 100   0  0.90 0.01
  224 C    -1  -4  -3  -4   9  -3  -4  -3  -3  -1  -1  -3  -1   0  -3  -1  -1  -2  -2  -1    0   0   0   0  90   0   0   0   0   3   2   0   0   6   0   0   0   0   0   0  1.06 0.01
  225 L    -2  -2  -4  -4  -1  -2  -3  -4  -3   2   4  -3   2   0  -3  -3  -1  -2  -1   1    0   0   0   0   0   0   0   0   0   0 100   0   0   0   0   0   0   0   0   0  0.47 0.00
  226 F    -3  -3  -3  -4  -3  -4  -4  -4  -1   0   0  -4   0   7  -4  -3  -2   1   3  -1    0   0   0   0   0   0   0   0   0   0   0   0   0 100   0   0   0   0   0   0  0.77 0.01
  227 E    -1   0   0   2  -4   2   6  -2   0  -4  -3   1  -2  -4  -1   0  -1  -3  -2  -3    0   0   0   0   0   0 100   0   0   0   0   0   0   0   0   0   0   0   0   0  0.75 0.01
  228 I    -1  -3  -3  -4  -1  -3  -3  -4  -4   3   1  -3   1  -1  -3  -2   0  -3  -1   4    0   0   0   0   0   0   0   0   0  28   0   0   0   0   0   0   0   0   0  72  0.35 0.00
  229 G     0  -3  -1  -2  -3  -2  -2   6  -2  -4  -4  -2  -3  -4  -2   0  -2  -3  -3  -4    0   0   0   0   0   0   0 100   0   0   0   0   0   0   0   0   0   0   0   0  1.06 0.01
  230 V     0  -3  -3  -4  -1  -2  -3  -4  -3   3   1  -3   1  -1  -3  -2   0  -3  -1   4    0   0   0   0   0   0   0   0   0  10   6   0   2   0   0   0   0   0   0  82  0.33 0.00
  231 F    -3  -3  -3  -4  -3  -4  -4  -4  -1   0   0  -4   0   7  -4  -3  -2   1   3  -1    0   0   0   0   0   0   0   0   0   0   0   0   0 100   0   0   0   0   0   0  0.77 0.01
  232 F    -2  -3  -3  -4   4  -4  -4  -3  -2   0   0  -3   0   6  -4  -2  -2   1   3  -1    0   0   0   0  13   0   0   0   0   0   0   0   0  87   0   0   0   0   0   0  0.64 0.01
  233 S     3  -1   0  -1  -1   0   0   0  -1  -2  -2   0  -1  -3  -1   4   1  -3  -2  -1   34   0   0   0   0   0   0   0   0   0   0   0   0   0   0  66   0   0   0   0  0.37 0.00
  234 R    -2   6  -1  -2  -4   1   0  -3   0  -3  -2   2  -2  -3  -2  -1  -1  -3  -2  -3    0 100   0   0   0   0   0   0   0   0   0   0   0   0   0   0   0   0   0   0  0.77 0.01
  235 F    -3  -3  -3  -4  -3  -4  -4  -4  -1   0   0  -4   0   7  -4  -3  -2   1   3  -1    0   0   0   0   0   0   0   0   0   0   0   0   0 100   0   0   0   0   0   0  0.77 0.01
  236 Y    -2  -2  -2  -4  -3  -2  -2  -3   2  -2  -1  -2  -1   3  -3  -2  -2   2   8  -1    0   0   0   0   0   0   0   0   0   0   0   0   0   0   0   0   0   0 100   0  0.90 0.01
  237 V     0  -2  -2  -3  -1  -2  -2  -3  -3   2   0  -2   0  -1  -2   0   2  -3  -2   3    4   0   0   0   0   0   0   0   0   2   0   0   0   0   0   2  27   0   0  66  0.23 0.00
  238 G     0  -3  -1  -2  -3  -2  -2   6  -2  -4  -4  -2  -3  -4  -2   0  -2  -3  -3  -4    0   0   0   0   0   0   0 100   0   0   0   0   0   0   0   0   0   0   0   0  1.06 0.01
  239 K    -1   2   0  -1  -3   1   1  -2  -1  -3  -3   5  -2  -4  -1   0  -1  -3  -2  -3    0   0   0   0   0   0   0   0   0   0   0 100   0   0   0   0   0   0   0   0  0.54 0.01
  240 G    -1   6  -1  -2  -4   1   0   1  -1  -4  -3   2  -2  -3  -2  -1  -1  -3  -2  -3    0  85   0   0   0   0   0  15   0   0   0   0   0   0   0   0   0   0   0   0  0.61 0.01
  241 R    -1   5  -1  -2  -3   2   0  -3  -1  -2  -1   2   0  -2  -2  -1  -1  -3  -2  -1    4  69   0   0   0   9   2   0   0   0   7   0   4   0   0   0   0   0   0   4  0.43 0.00
  242 N     0   1   0  -1  -2   0   0  -1  -1  -1  -1   0   0   0   3   1   3  -3  -1  -1    2   8   4   0   0   4   4   2   0   4   2   2   4   6  14  10  33   0   0   2  0.19 0.00
  243 R    -1   5  -1   1  -3   1   0  -2  -1  -3  -3   1  -2  -3   4  -1  -1  -3  -2  -2    0  57   0  10   0   6   0   2   0   0   0   0   0   0  20   0   0   0   0   4  0.51 0.00
  244 E    -1  -1   1   5  -3   2   3  -2   0  -3  -3   0  -1  -3  -2   0  -1  -4  -2  -3    0   0   2  49   0  12  19   0   2   0   0   2   5   0   0   7   0   0   0   0  0.48 0.00
  245 E    -1   0   0   4  -4   2   4  -1  -1  -4  -3   0  -2  -4   0   0  -1  -4  -3  -3    0   5   0  25   0   3  60   2   0   0   0   0   0   0   3   2   0   0   0   0  0.55 0.00
  246 E    -2  -1   1   5  -4   1   4  -2  -1  -4  -4   0  -3  -4   0   0  -1  -4  -3  -3    0   0   2  54   0   0  38   0   0   0   0   3   0   0   3   0   0   0   0   0  0.66 0.01
  247 N     1  -1   3   2  -2   1   3   0  -1  -3  -3   0  -2  -3  -1   1   0  -3  -2  -2   22   0  22  15   0   3  27   3   0   0   0   0   0   0   0   3   5   0   0   0  0.30 0.00
  248 D     1  -1   0   4  -2   1   3  -1  -1  -3  -3   0  -2  -3   0   0   0  -3  -2  -2   20   0   0  28   0   0  37   0   0   0   0   0   0   0   4   3   6   0   0   0  0.38 0.00
  249 A     2  -1   1   1  -2   2   3  -1  -1  -2  -2   0  -1  -3  -1   1   1  -3  -2  -1   31   0   6   3   0   9  33   0   0   0   3   0   0   0   0   3   9   0   0   0  0.24 0.00
  250 E     0   0   0   1  -3   2   5  -2   1  -3  -3   1  -2  -3   0   0   0  -3  -2  -2    3   0   0   3   0   5  66   0   3   0   0   6   0   0   3   6   5   0   0   0  0.49 0.01
  251 A     2  -1   1   0  -2   2   2   0  -1  -2  -2   0  -1  -3  -1   1   1  -3  -2  -1   31   0   5   3   0  11  24   5   0   0   0   3   0   0   0   8   9   0   0   0  0.24 0.00
  252 E     0   0   0   3  -3   2   3  -1  -1  -3  -3   1  -2  -3   0   1   1  -3  -2  -2    6   0   0  17   0   7  36   3   0   0   0  13   0   0   3   6   9   0   0   0  0.34 0.00
  253 S     2   0   0   0  -2   1   2   0  -1  -2  -2   1  -1  -3  -1   2   2  -3  -2  -1   23   0   0   3   0   7  16   4   0   0   0  10   0   0   0  19  19   0   0   0  0.23 0.00
  254 E     0   0   0   1  -3   1   4   0  -1  -2  -3   1  -2  -3  -1   0   1  -3  -2  -1   10   0   4   3   0   3  51   7   0   0   0   7   0   0   0   0  10   0   0   4  0.33 0.00
  255 K     0   1   1   1  -3   1   3   0   1  -3  -3   3  -2  -3  -1   0   0  -3  -2  -2   12   0   8   4   0   0  31   4   4   0   0  30   0   0   0   4   4   0   0   0  0.29 0.00
  256 T     0   0   0   0  -2   1   3  -2  -1  -3  -3   1  -2  -3   2   1   1  -3  -2  -2    8   5   4   0   0   0  42   0   0   0   0   4   0   0  10   9  17   0   0   0  0.34 0.00
  257 E     0   0   0   1  -2   2   3  -2  -1  -3  -3   2  -2  -3  -1   1   1  -3  -2  -2   11   0   0   5   0   6  38   0   0   0   0  17   0   0   0   6  17   0   0   0  0.32 0.00
  258 E    -1   0   0   3  -4   2   5  -2   0  -4  -3   1  -2  -4  -1   0  -1  -3  -2  -3    0   0   0  17   0   0  83   0   0   0   0   0   0   0   0   0   0   0   0   0  0.69 0.00

                      K         Lambda
Standard Ungapped    0.1427     0.3294
Standard Gapped      0.0457     0.2670
PSI Ungapped         0.1495     0.3191
PSI Gapped           0.0457     0.2670
