
Last position-specific scoring matrix computed, weighted observed percentages rounded down, information per position, and relative weight of gapless real matches to pseudocounts
            A   R   N   D   C   Q   E   G   H   I   L   K   M   F   P   S   T   W   Y   V   A   R   N   D   C   Q   E   G   H   I   L   K   M   F   P   S   T   W   Y   V
    1 M    -2  -3  -4  -5  -3  -2  -3  -4  -3   0   1  -3   9  -1  -4  -3  -2  -3  -2   1    0   0   0   0   0   0   0   0   0   0   2   0  92   0   0   0   0   0   0   6  1.23 0.21
    2 E     0  -1   1   2  -4   1   6  -3  -1  -4  -4   0  -3  -4  -2  -1  -2  -4  -3  -3    7   0   5   5   0   1  83   0   0   0   0   0   0   0   0   0   0   0   0   0  0.95 0.15
    3 D    -2  -1   3   5  -4   1   4  -2  -1  -4  -4   0  -3  -4  -2   0  -1  -4  -3  -3    0   0  15  40   0   2  36   1   0   0   1   1   0   0   0   4   1   0   0   1  0.71 0.10
    4 S     0   0   2   1   0   0   0  -1   2  -2  -3  -1  -2  -3  -2   4   1  -4  -2  -2    0   4  12   5   2   2   4   2   7   2   1   1   0   0   0  54   3   0   0   0  0.37 0.09
    5 P     0  -2  -2  -1  -2  -1  -1  -1  -2   0  -1  -1  -1  -2   6   1  -1  -3  -2   1    5   1   1   2   0   1   3   2   1   8   3   1   0   1  44  13   1   0   1  12  0.65 0.06
    6 T     0  -1   0   2  -1  -1   0  -1   2  -2  -2  -1  -2  -3   0   2   3  -3  -2  -1    5   1   2  13   1   0   5   4  10   1   0   0   0   0   4  17  32   0   0   5  0.24 0.06
    7 M    -1  -1  -2   0  -2   0   2  -3  -2   2   0  -1   4  -1  -2  -1   0  -2  -2   1    2   1   1   6   0   1  24   1   0  15   4   1  26   0   1   1   3   0   0  12  0.18 0.06
    8 V     0   0  -1  -2  -1  -2  -2  -3  -3   3   0  -1   0  -1  -3  -2  -1  -3  -2   4    4   7   3   1   1   0   1   0   0  23   0   2   0   1   0   1   0   0   0  53  0.30 0.08
    9 R    -1   2   0  -1  -4   1   1  -2  -1  -3  -3   6  -1  -4  -2  -1  -1  -4  -3  -3    1   6   4   0   0   3   4   0   0   2   0  76   2   0   0   0   1   0   0   0  0.69 0.13
   10 V    -1  -1  -3  -3  -2  -2  -1  -3  -2   3   2  -2   2  -1  -1  -2   0  -3  -2   3    3   3   0   1   0   1   4   1   1  24  17   0  11   0   2   1   4   0   0  29  0.22 0.05
   11 D    -2  -1   0   5  -4   0   5  -2   0  -4  -4   0  -3  -3  -2  -1  -2  -3   1  -3    0   1   2  38   0   0  48   0   2   0   1   1   0   0   0   0   0   0   6   0  0.74 0.11
   12 S     0   0   0  -1  -1   0   0   0  -1  -1  -1   2   0  -2   1   1   3  -2  -1  -1    7   2   4   2   1   1   3   5   1   1   5  18   3   1   5   6  31   0   1   3  0.14 0.03
   13 P     0   0   1   0  -2   0   1   0  -1  -1  -1   1   0  -2   2   0   0  -2  -1  -1    4   2  11   3   1   2   9   7   1   2   4  17   4   1  12   6   6   0   2   6  0.13 0.01
   14 T     0   0   1   0  -2   0   1   2  -1   0  -1   0   0  -2  -1   1   0  -2  -1   0    3   4   7   2   1   5  10  21   1   8   3   6   2   1   3  10   6   0   1   6  0.09 0.01
   15 M     0   0   0   1  -2   1   3  -1  -1  -1  -1   1   0  -2   0   1   0  -2  -1  -1    5   3   2   4   1   2  32   4   1   3   3   9   3   1   5  15   3   0   1   4  0.18 0.03
   16 V    -1   4  -1  -1  -2   1   0  -1  -1  -2  -2   2  -1  -2   2   0   0  -2  -1  -1    3  31   2   2   1   3   6   4   1   2   3  19   1   1  10   3   4   0   1   4  0.25 0.03
   17 R    -1   4   0  -1  -3   2   0  -2   0  -2  -2   2   0  -3  -1   0   1  -3  -2  -2    1  29   3   1   0  13   1   1   3   2   1  18   5   0   2   6  13   0   0   1  0.28 0.05
   18 G     1   0  -1  -1  -2   0  -1   3   0  -3  -3   1  -2  -3   2   2   1  -3  -2  -2   11   5   0   2   0   3   1  24   3   0   0   8   1   0  11  24   6   0   0   2  0.28 0.04
   19 E    -2   2  -1   0  -3   2   4  -2  -1   0  -2   0  -1  -2  -2  -1  -1   6  -1  -1    0  15   0   1   0  11  39   2   0   8   0   1   2   0   0   0   2  13   1   5  0.41 0.07
   20 N    -1   1   4   1  -3   0   0   0  -1   0  -2   2  -1  -2  -2   0  -1  -4  -2  -1    3   8  33   6   0   0   2   6   0  14   1  15   1   1   1   6   1   0   0   1  0.21 0.05
   21 Q    -1   1  -1  -1  -4   6   2  -2   0  -3  -1   1  -1  -3   1  -1   0  -2  -2  -2    0   7   1   0   0  61   9   1   1   0   8   1   0   0   6   1   4   0   0   0  0.57 0.11
   22 V     0  -1   2   0  -1  -1  -1   0  -1   0   0  -1   0  -2  -2   2   1  -3  -2   1    4   2  19   5   1   0   0   5   0   7   9   2   1   0   0  25   4   0   1  15  0.11 0.04
   23 S     0  -1  -1  -1  -2   0  -1  -1  -1  -2  -1  -1  -2  -2   4   4   0  -3  -1  -2    4   2   1   0   0   2   1   1   1   0   7   0   0   1  21  54   2   0   3   0  0.44 0.08
   24 P     0  -2  -2  -2   1  -1  -2  -2  -2   0   1  -1   2  -1   4   1   0  -3  -2   0    9   1   0   0   3   1   0   0   0   0  22   2  11   1  25  14   2   0   1   6  0.30 0.04
   25 C     1   0  -1  -2   4  -1  -2   2   0  -2  -2  -1  -2  -2  -2   2   0   5  -1  -1   16   7   1   1  15   1   0  14   3   2   0   0   0   0   0  26   1  10   1   2  0.28 0.05
   26 Q     1   4   0  -1  -3   2   0   0   0  -3  -2   3  -1  -3   0   0  -1  -2  -2  -2   15  34   2   0   0  13   1   6   1   0   2  20   0   0   3   2   1   0   0   0  0.34 0.06
   27 G     1   0  -1  -2   1  -1  -1   5  -2  -3  -3  -1  -2  -3  -2   1  -1  -3  -3  -2   12   8   1   0   3   0   2  50   0   1   0   2   0   0   0  17   1   0   0   3  0.48 0.06
   28 R    -1   4  -1  -2  -3  -1  -1   5  -2  -3  -3   1  -2  -3  -3  -1  -2  -1  -3  -2    1  36   1   0   0   0   0  50   0   1   1   5   0   0   0   1   0   1   0   2  0.60 0.08
   29 R    -1   4   1  -1  -3   0   0  -1  -1  -1  -2   4  -2  -1  -2  -1  -1  -3  -2  -2    0  37   7   1   0   0   0   3   0   7   0  38   0   3   0   1   1   0   0   1  0.42 0.07
   30 C    -1   4  -1  -2   6   0  -1  -2  -1  -2  -2   0  -1  -1  -3   0  -1   3  -1  -1    1  36   0   0  25   3   1   2   0   1   1   2   1   3   0  12   0   6   1   3  0.39 0.07
   31 F    -1  -3  -3  -4  -1  -3  -3  -2  -2   3   2  -3   1   2  -3  -2  -1  -2   0   3    0   0   0   0   0   0   0   3   1  28  27   0   1  14   0   0   1   0   0  24  0.30 0.05
   32 P    -1  -2  -2  -2   5  -2  -2  -2   2  -2  -2  -2  -2   2   5   1  -1   1   0  -2    0   2   0   0  22   0   0   1   8   0   1   0   0  13  33  14   0   2   3   1  0.59 0.07
   33 K    -2   4   0  -1  -4   3   0  -2   1  -3  -3   4  -2  -4  -2  -1  -1  -3  -2  -3    0  31   3   0   0  14   1   0   4   0   0  44   0   0   0   0   2   0   0   0  0.58 0.08
   34 A     4  -2  -2  -3  -1  -2  -2   1  -2  -1  -2  -2  -1  -2  -2   1   0  -3  -2   1   75   0   0   0   0   0   0   6   0   1   1   0   0   0   0   2   3   0   0  12  0.44 0.08
   35 L    -1  -3  -4  -4  -2  -3  -3  -4  -3   2   3  -3   1   2  -3  -3  -1  -2   0   2    1   0   0   0   0   0   0   0   0   8  50   0   1  12   0   0   0   0   1  27  0.39 0.05
   36 G     0  -1  -1  -2  -1  -2  -2   6   0  -4  -4  -1  -3  -4  -2   1  -1  -3  -3  -3    2   2   0   0   1   0   1  71   2   0   0   2   0   0   0  17   0   0   0   0  0.81 0.08
   37 Y    -3  -3  -3  -4   0  -2  -3  -4   2  -2  -2  -3  -2   2  -4  -3  -3   1   8  -2    0   0   0   0   3   0   0   0   2   0   0   0   0   0   0   0   0   0  96   0  1.44 0.16
   38 V    -1  -3  -4  -4  -2  -3  -4  -4  -4   4   2  -3   1   0  -3  -3  -1  -3  -2   3    0   0   0   0   0   0   0   0   0  47  23   0   0   1   0   0   0   0   0  28  0.47 0.07
   39 T    -1  -2  -1  -2  -2  -1  -2  -2  -2  -1  -2  -1   0  -3  -2   1   6  -3  -2  -1    0   0   0   0   0   0   0   0   0   1   0   0   2   0   0   7  89   0   0   0  0.77 0.12
   40 G    -1  -3  -1  -2  -3  -3  -3   7  -3  -5  -5  -2  -4  -4  -3  -1  -2  -3  -4  -4    0   0   0   0   0   0   0  99   0   0   0   0   0   0   0   1   0   0   0   0  1.38 0.12
   41 D    -2  -2   1   6  -4   0   4  -2  -1  -4  -4  -1  -3  -4  -2  -1  -2  -5  -3  -4    0   0   2  58   0   0  40   0   0   0   0   0   0   0   0   0   0   0   0   0  0.93 0.10
   42 M    -2  -2  -3  -4  -3  -1  -3  -4  -3   0   1  -2   9  -1  -4  -3  -2  -3  -2   0    0   0   0   0   0   0   0   0   0   0   0   0 100   0   0   0   0   0   0   0  1.20 0.18
   43 K    -2   3   0  -1  -4   1   1  -2  -1  -4  -3   6  -2  -4  -2  -1  -1  -4  -3  -3    0  10   1   0   0   0   3   0   0   0   0  84   0   0   0   0   1   0   0   0  0.78 0.11
   44 E    -1  -1  -1   1  -4   1   6  -3  -1  -4  -4   0  -3  -4  -1  -1  -1  -4  -3  -3    3   0   0   1   0   1  93   0   0   0   0   0   0   0   1   1   0   0   0   0  1.00 0.12
   45 L    -2  -4  -4  -4   6  -4  -4  -4  -2  -1   0  -4  -1   6  -4  -3  -2   0   4  -1    0   0   0   0  25   0   0   0   0   0   5   0   0  55   0   0   0   0  16   0  0.83 0.10
   46 A     3   0  -1  -2  -2  -1  -2   5  -2  -3  -3  -1  -2  -3  -2   0  -1  -3  -3  -2   34   7   0   0   0   0   1  52   0   0   0   2   0   0   0   3   1   0   0   0  0.58 0.07
   47 N     1  -1   3   2  -2   0   3  -1  -1  -3  -3   0  -2  -3  -2   1   0  -4  -3  -2   14   1  24  15   1   0  25   2   0   1   0   2   0   0   0  12   2   0   0   2  0.33 0.04
   48 Q    -3  -3  -4  -5  -4  -2  -4   1  -3  -4  -3  -4  -3   0  -5  -2  -3  12   1  -4    0   1   0   0   0   1   0  13   0   0   0   0   0   0   0   2   0  83   0   0  2.41 0.18
   49 L    -2  -3  -4  -4  -2  -3  -4  -4  -3   1   5  -3   4   0  -4  -3  -2  -2  -2   0    0   0   0   0   0   0   0   0   0   3  83   0  13   1   0   0   0   0   0   0  0.63 0.09
   50 K    -2   2  -1  -1  -4   1   0  -2  -1  -4  -3   6  -2  -4  -2  -1  -1  -4  -3  -3    0   3   0   0   0   2   1   0   0   0   0  93   0   0   0   0   1   0   0   0  0.86 0.12
   51 D    -2  -2   2   7  -4  -1   1  -1  -2  -4  -5  -1  -4  -4  -2  -1  -2  -5  -4  -4    1   0   7  89   0   0   0   2   0   0   0   0   0   0   0   1   0   0   0   0  1.17 0.12
   52 K    -2   2  -1  -1  -4   1   0  -2  -1  -4  -3   6  -2  -4  -2  -1  -1  -4  -3  -3    0   3   0   0   0   0   1   0   0   0   0  95   0   0   0   0   1   0   0   0  0.89 0.13
   53 P    -1  -3  -2  -2  -3  -2  -2  -3  -2  -4  -4  -2  -3  -4   8   1  -1  -5  -4  -3    0   0   0   0   0   0   0   0   1   0   0   0   0   0  81  17   1   0   0   0  1.78 0.13
   54 V    -1  -2  -3  -3  -1   0  -2  -4  -3   1   3  -2   1   0   3  -2  -1  -2  -2   2    1   0   0   0   0   8   0   0   0   5  39   0   2   2  16   0   0   0   0  26  0.30 0.05
   55 V     1  -3  -3  -3  -1  -2  -3  -3  -3   2   1  -2   4  -1   0  -2  -1  -3  -2   4   13   0   0   0   1   0   0   1   0   9   0   0  21   0   5   0   0   0   0  51  0.32 0.07
   56 L    -2  -3  -4  -4  -1  -3  -4  -4  -3   2   3  -3   1   4  -4  -3  -2  -1   0   1    0   0   0   0   1   0   0   0   0  19  45   0   0  25   0   1   0   0   0   9  0.41 0.06
   57 Q    -2   0  -1  -1  -4   7   1  -3   0  -4  -3   0  -1  -4  -2  -1  -2  -3  -2  -3    0   0   0   0   0  99   0   0   1   0   0   0   0   0   0   0   0   0   0   0  1.21 0.16
   58 F    -3  -4  -4  -5  -3  -4  -4  -4  -2  -1   1  -4   0   7  -5  -3  -3   0   2  -1    0   0   0   0   0   0   0   0   0   0  10   0   0  88   0   0   0   0   0   2  1.09 0.12
   59 I    -1  -3  -3  -4  -2  -3  -3  -4  -3   4   2  -3   1   1  -3  -2   0  -3  -1   3    2   0   0   0   0   0   0   0   0  37  23   0   2   4   0   0   6   0   0  27  0.35 0.05
   60 D    -3  -2   1   7  -5  -1   1  -2  -2  -4  -5  -2  -4  -5  -2  -1  -2  -5  -4  -4    0   0   2  98   0   0   0   0   0   0   0   0   0   0   0   1   0   0   0   0  1.35 0.13
   61 W    -4  -4  -5  -6  -4  -3  -4  -4  -4  -4  -3  -4  -3   0  -5  -4  -4  12   1  -4    0   0   0   0   0   0   0   0   0   0   0   0   0   0   0   0   0 100   0   0  3.25 0.22
   62 I    -1  -3  -4  -4  -2  -3  -3  -4  -4   4   1  -3   0  -1  -3  -3  -1  -3  -2   5    0   0   0   0   0   0   0   0   0  27   1   0   0   1   0   0   1   0   0  70  0.56 0.09
   63 L    -2  -3  -4  -5  -2  -3  -4  -5  -4   1   5  -3   2   0  -4  -3  -2  -2  -2   0    0   0   0   0   0   0   0   0   0   0  98   0   0   2   0   0   0   0   0   0  0.74 0.10
   64 R    -2   7  -1  -3  -5   0  -1  -3  -1  -4  -3   2  -2  -4  -3  -2  -2  -4  -3  -4    0 100   0   0   0   0   0   0   0   0   0   0   0   0   0   0   0   0   0   0  1.24 0.14
   65 G     0  -3  -1  -2  -3  -3  -3   7  -3  -5  -5  -2  -4  -4  -3  -1  -2  -3  -4  -4    1   0   0   0   0   0   0  99   0   0   0   0   0   0   0   0   0   0   0   0  1.38 0.12
   66 I     0  -3  -2  -3  -2  -2  -3  -3  -3   4   1  -2   1  -1  -3  -1   3  -3  -2   1    6   0   0   0   0   0   0   0   0  49   5   0   5   0   0   0  33   0   0   2  0.33 0.07
   67 S     2  -2   0  -1  -2  -1  -1  -1  -2  -3  -3  -1  -2  -3  -2   5   1  -4  -3  -2   11   0   0   0   0   0   0   0   0   0   0   0   0   0   0  88   0   0   0   0  0.70 0.12
   68 Q    -2   0  -1  -1  -4   7   1  -3   0  -4  -3   0  -1  -4  -2  -1  -2  -3  -2  -3    0   0   0   0   0 100   0   0   0   0   0   0   0   0   0   0   0   0   0   0  1.23 0.16
   69 V    -1  -3  -4  -4  -2  -3  -3  -4  -4   2   0  -3   0  -2  -3  -2  -1  -4  -2   6    1   0   0   0   0   0   0   0   0   0   0   0   0   0   0   0   0   0   0  99  0.72 0.12
   70 V    -1  -3  -3  -4  -2  -2  -3  -4  -3   1   1  -2   7  -1  -3  -2  -1  -3  -2   3    2   0   0   0   0   0   0   0   0   1   1   0  62   0   0   0   1   0   0  33  0.63 0.12
   71 F    -3  -4  -4  -5  -3  -4  -4  -4  -2  -1   1  -4  -1   8  -5  -3  -3   0   2  -2    0   0   0   0   0   0   0   0   0   0   6   0   0  94   0   0   0   0   0   0  1.21 0.13
   72 V    -1  -3  -4  -4  -2  -3  -3  -4  -4   3   0  -3   0  -2  -3  -2  -1  -4  -2   5    0   0   0   0   0   0   0   0   0   6   0   0   0   0   0   0   0   0   0  93  0.68 0.11
   73 N    -1  -1   7   0  -3  -1  -1  -1   0  -4  -4  -1  -3  -4  -3   2   0  -4  -3  -3    0   0  77   0   0   0   0   0   0   0   0   0   0   0   0  22   0   0   0   0  0.89 0.12
   74 N    -3  -1   7   1  -4  -1  -1  -1   0  -4  -5  -1  -3  -4  -3   0  -1  -5  -3  -4    0   0  99   0   0   0   0   0   0   0   0   0   0   0   0   0   0   0   1   0  1.25 0.15
   75 P    -2  -3  -3  -2  -4  -2  -2  -3  -3  -4  -4  -2  -4  -5   8  -1  -2  -5  -4  -3    0   0   0   0   0   0   0   0   0   0   0   0   0   0  96   4   0   0   0   0  2.26 0.15
   76 V    -2  -3  -4  -4  -2  -3  -4  -4  -4   4   4  -3   1   0  -4  -3  -1  -2  -1   2    0   0   0   0   0   0   0   0   0  37  57   0   1   2   0   0   0   0   0   3  0.51 0.07
   77 S     0  -2   0  -1  -2  -1  -1  -1  -2  -3  -3  -1  -2  -3  -2   6   1  -4  -3  -3    0   0   0   0   0   0   0   0   0   0   0   0   0   0   0 100   0   0   0   0  0.83 0.14
   78 G    -1  -3  -1  -2  -3  -3  -3   7  -3  -5  -5  -2  -4  -4  -3  -1  -2  -3  -4  -4    0   0   0   0   0   0   0 100   0   0   0   0   0   0   0   0   0   0   0   0  1.40 0.12
   79 I    -2  -3  -4  -4  -2  -3  -4  -4  -4   4   3  -3   1   1  -3  -3  -1  -3  -1   2    0   0   0   0   0   0   0   0   0  49  43   0   1   4   0   0   1   0   0   3  0.49 0.07
   80 L    -2  -3  -4  -4  -2  -3  -4  -4  -4   4   3  -3   2   0  -3  -3  -1  -3  -2   2    0   0   0   0   0   0   0   0   0  46  47   0   2   0   0   0   0   0   0   5  0.51 0.07
   81 I    -2  -4  -4  -4  -2  -3  -4  -5  -4   5   1  -3   2   0  -4  -3  -1  -3  -2   3    0   0   0   0   0   0   0   0   0  80   1   0   5   1   0   0   0   0   0  14  0.63 0.10
   82 L    -1  -3  -4  -4  -2  -3  -3  -4  -3   3   3  -3   1   2  -3  -3  -1  -2  -1   3    0   0   0   0   0   0   0   0   0  16  41   0   1  10   0   0   0   0   0  32  0.39 0.05
   83 V     2  -3  -3  -3  -1  -2  -3  -1  -3   2   1  -2   1  -1  -2  -1  -1  -3  -2   3   26   0   0   0   0   0   0   3   0  17  12   0   1   1   0   0   1   0   0  39  0.25 0.05
   84 G     0  -3  -1  -2  -3  -3  -3   7  -3  -5  -5  -2  -4  -4  -3  -1  -2  -3  -4  -4    0   0   0   0   0   0   0  98   0   0   0   0   0   0   0   1   0   0   0   1  1.35 0.12
   85 L    -2  -3  -4  -4  -2  -3  -4  -4  -3   1   4  -3   1   3  -4  -3  -2  -2   0   0    0   0   0   0   0   0   0   0   0   4  77   0   0  18   0   1   0   0   0   0  0.58 0.08
   86 L    -2  -3  -4  -4  -2  -3  -4  -4  -3   1   4  -3   1   4  -4  -3  -2  -1   0   0    0   0   0   0   0   0   0   0   0   0  70   0   1  29   0   0   0   0   0   1  0.59 0.08
   87 V    -1  -3  -4  -4  -2  -3  -3  -4  -4   4   1  -3   1  -1  -3  -3  -1  -3  -2   4    0   0   0   0   0   0   0   0   0  29   8   0   3   0   0   0   0   0   0  59  0.50 0.08
   88 Q    -2   0  -1  -1  -4   7   1  -3   0  -4  -3   0  -1  -4  -2  -1  -2  -3  -2  -3    0   0   0   0   0 100   0   0   0   0   0   0   0   0   0   0   0   0   0   0  1.23 0.16
   89 N    -2  -1   7   0  -3  -1  -1  -1   0  -4  -4  -1  -3  -4  -3   1   0  -5  -3  -4    0   0  87   0   0   0   0   0   0   0   0   1   0   0   0  12   0   0   0   0  1.02 0.13
   90 P    -2  -1  -3  -2  -4  -2  -2  -3  -3  -4  -4  -2  -3  -5   8  -2  -2  -5  -4  -3    1   4   0   0   0   0   0   0   0   0   0   0   0   0  96   0   0   0   0   0  2.23 0.15
   91 W    -4  -4  -5  -6  -4  -3  -4  -4  -4  -4  -3  -4  -3   0  -5  -4  -4  12   1  -4    0   0   0   0   0   0   0   0   0   0   0   0   0   0   0   0   0 100   0   0  3.25 0.22
   92 W    -4  -4  -5  -6  -3  -3  -4  -4  -4  -4  -2  -4  -2   0  -5  -4  -4  12   1  -4    0   0   0   0   0   0   0   0   0   0   4   0   0   1   0   0   0  95   0   0  2.97 0.20
   93 A     4  -2  -2  -2  -1  -1  -2  -1  -2  -1  -1  -1   2  -3  -2   1   3  -3  -2   0   55   0   0   0   0   0   0   0   0   0   0   0   9   0   0   0  36   0   0   0  0.42 0.09
   94 L    -2  -3  -4  -4  -2  -3  -4  -4  -4   3   4  -3   2   0  -4  -3  -2  -3  -2   1    0   0   0   0   0   0   0   0   0  31  68   0   1   0   0   0   0   0   0   0  0.57 0.08
   95 T     1  -2   3  -1   0  -1  -1  -1  -2  -2  -2  -1  -1  -3  -2   2   4  -3  -2  -1   15   0  18   0   2   0   0   0   0   0   2   0   0   0   0  15  48   0   0   0  0.38 0.07
   96 G     0  -3  -1  -2  -3  -3  -3   7  -3  -5  -5  -2  -4  -4  -3  -1  -2  -3  -4  -4    1   0   0   0   0   0   0  99   0   0   0   0   0   0   0   0   0   0   0   0  1.38 0.12
   97 W    -1  -4  -3  -4  10  -4  -4  -1  -4  -2  -2  -4  -2   0  -4  -2  -1   1  -2  -2    3   0   0   0  82   0   0   6   0   0   0   0   0   4   0   0   1   2   1   1  1.47 0.14
   98 L    -1  -3  -3  -4  -2  -3  -3  -4  -3   2   4  -3   1   0  -3  -2   0  -3  -2   2    0   0   0   0   0   0   0   0   0   2  61   0   1   0   0   1   8   0   0  26  0.40 0.06
   99 G     1  -3  -1  -2  -3  -2  -3   6  -3  -4  -4  -2  -3  -4  -3  -1  -2  -3  -4  -4   10   0   0   0   0   0   0  90   0   0   0   0   0   0   0   0   0   0   0   0  1.19 0.11
  100 T     0  -2   0  -2  -2  -1  -2  -2  -2  -1  -2  -1  -1  -3  -2   1   6  -3  -2  -1    7   0   3   0   0   0   0   0   0   1   0   0   1   0   0   1  88   0   0   0  0.72 0.12
  101 V     0  -3  -3  -4  -1  -3  -3  -4  -4   3   0  -3   1  -1  -3  -2   1  -3  -2   5    4   0   0   0   0   0   0   0   0  14   1   0   2   0   0   0   9   0   0  71  0.46 0.08
  102 V    -1  -3  -4  -4  -2  -3  -3  -4  -4   3   0  -3   1  -1  -3  -2  -1  -4  -2   5    1   0   0   0   0   0   0   0   0   6   0   0   4   1   0   0   0   0   0  87  0.60 0.10
  103 S     0  -2   0  -1  -2  -1  -1  -1  -2  -3  -3  -1  -2  -3  -2   6   1  -4  -3  -3    0   0   0   0   0   0   0   0   0   0   0   0   0   0   0 100   0   0   0   0  0.83 0.14
  104 T    -1  -2  -1  -2  -2  -2  -2  -3  -3  -1  -2  -2  -2  -3  -2   1   6  -3  -3  -1    0   0   0   0   0   0   0   0   0   1   0   0   0   0   0   0  99   0   0   0  0.92 0.14
  105 L    -2  -3  -4  -4  -2  -3  -4  -4  -4   1   5  -3   2   1  -4  -3  -2  -2  -2   0    1   0   0   0   0   0   0   0   0   1  94   0   1   2   0   1   0   0   0   1  0.67 0.10
  106 M     0  -2  -1  -2  -2  -1  -2  -2  -3  -1  -2  -1   0  -3  -2   1   6  -3  -2  -1    4   0   0   0   0   0   0   0   0   1   0   0   3   0   0   0  93   0   0   0  0.80 0.13
  107 A     5  -2  -2  -3  -1  -2  -2   0  -2  -2  -2  -2  -2  -3  -2   1  -1  -3  -3  -1  100   0   0   0   0   0   0   0   0   0   0   0   0   0   0   0   0   0   0   0  0.75 0.12
  108 L    -2  -3  -4  -5  -2  -3  -4  -5  -4   1   5  -3   2   0  -4  -3  -2  -2  -2   0    0   0   0   0   0   0   0   0   0   1  96   0   1   1   0   0   0   0   0   1  0.72 0.10
  109 L     1  -3  -3  -4  -1  -2  -3  -3  -3   3   3  -3   1   0  -3  -2  -1  -3  -2   2   17   0   0   0   0   0   0   1   0  35  35   0   2   1   0   0   1   0   0   7  0.29 0.05
  110 L    -2  -3  -4  -5  -2  -3  -4  -5  -4   1   5  -3   2   0  -4  -3  -2  -2  -2   0    0   0   0   0   0   0   0   0   0   0 100   0   0   0   0   0   0   0   0   0  0.77 0.11
  111 S     1  -1   1  -1   0  -1  -1   3  -1  -3  -3  -1  -2  -3  -2   4   0  -4  -3  -3    2   1   4   1   1   0   0  22   1   0   0   1   0   0   0  68   0   0   0   0  0.52 0.09
  112 Q    -2   0  -1  -1  -4   7   1  -3   0  -4  -3   0  -1  -4  -2  -1  -2  -3  -2  -3    0   0   0   0   0 100   0   0   0   0   0   0   0   0   0   0   0   0   0   0  1.23 0.16
  113 D    -3  -2   1   7  -5  -1   1  -2  -2  -4  -5  -1  -4  -5  -2  -1  -2  -5  -4  -4    0   0   1  98   0   0   2   0   0   0   0   0   0   0   0   0   0   0   0   0  1.35 0.13
  114 R    -2   7  -1  -2  -4   0  -1  -3  -1  -4  -3   3  -2  -4  -3  -1  -2  -4  -3  -3    0  89   0   0   0   0   0   0   0   0   0  10   0   0   0   0   0   0   0   0  1.08 0.12
  115 S     1  -2   0  -1  -2  -1  -1  -1  -2  -3  -3  -1  -2  -3  -1   6   1  -4  -3  -2    1   0   0   0   0   0   0   1   0   0   1   1   0   0   0  95   0   0   0   0  0.75 0.13
  116 L     5  -2  -2  -2  -1  -1  -1  -1  -2  -2  -2  -1  -2  -3  -2   1   0  -3  -2  -1   86   0   0   0   0   0   1   0   0   0   2   0   0   0   0   7   3   0   0   1  0.58 0.10
  117 I    -2  -4  -4  -4  -2  -4  -4  -5  -4   6   1  -4   1  -1  -4  -3  -1  -3  -2   2    0   0   0   0   0   0   0   0   0  93   1   0   0   0   0   0   1   0   0   4  0.74 0.11
  118 A     5  -2  -2  -2  -1  -1  -1  -1  -2  -2  -2  -1  -1  -3  -2   1   0  -3  -3  -1   93   0   0   0   0   0   2   0   0   0   0   0   0   0   0   1   3   0   0   0  0.65 0.11
  119 S     5  -2  -1  -2  -1  -1  -1   0  -2  -2  -2  -1  -2  -3  -1   2   0  -3  -3  -1   83   0   1   0   0   0   0   1   0   0   0   0   0   0   0  15   0   0   0   0  0.59 0.10
  120 G    -1  -3  -1  -2  -3  -3  -3   7  -3  -5  -5  -2  -4  -4  -3  -1  -2  -3  -4  -4    0   0   0   0   0   0   0 100   0   0   0   0   0   0   0   0   0   0   0   0  1.40 0.12
  121 L    -2  -3  -4  -5  -2  -3  -4  -5  -4   1   5  -3   2   0  -4  -3  -2  -2  -2   0    0   0   0   0   0   0   0   0   0   0  99   0   1   0   0   0   0   0   0   0  0.75 0.10
  122 Y    -2  -1  -1  -2  -4   3  -1  -3   8  -4  -3  -1  -2   0  -3  -2  -2  -2   4  -3    0   0   0   0   0  18   0   0  65   0   0   0   0   1   0   0   0   0  16   0  1.01 0.13
  123 G    -1  -3  -1  -2  -3  -3  -3   7  -3  -5  -5  -2  -4  -4  -3  -1  -2  -3  -4  -4    0   0   0   0   0   0   0 100   0   0   0   0   0   0   0   0   0   0   0   0  1.40 0.12
  124 Y    -3  -3  -3  -4  -3  -2  -3  -4   1  -2  -2  -3  -2   2  -4  -3  -3   1   9  -2    0   0   0   0   0   0   0   0   1   0   0   0   0   0   0   0   0   0  99   0  1.53 0.16
  125 N    -3  -1   8   1  -4  -1  -1  -1   0  -4  -5  -1  -3  -4  -3   0  -1  -5  -3  -4    0   0 100   0   0   0   0   0   0   0   0   0   0   0   0   0   0   0   0   0  1.27 0.15
  126 A     3  -3  -1  -2  -2  -2  -2   5  -3  -4  -4  -2  -3  -4  -2   0  -2  -3  -3  -3   32   0   0   0   0   0   0  68   0   0   0   0   0   0   0   0   0   0   0   0  0.85 0.09
  127 T    -1  -2  -2  -3  -1  -2  -2  -3  -3   2   0  -2   2  -1  -2  -1   3  -3  -2   3    0   0   1   0   0   0   0   0   0  17   3   0  10   0   0   0  35   0   0  35  0.32 0.07
  128 L    -2  -3  -4  -5  -2  -3  -4  -5  -4   1   5  -3   2   0  -4  -3  -2  -2  -2   0    0   0   0   0   0   0   0   0   0   0 100   0   0   0   0   0   0   0   0   0  0.77 0.11
  129 V    -1  -3  -4  -4  -2  -3  -3  -4  -4   2   1  -3   0  -1  -3  -3  -1  -4  -2   5    0   0   0   0   0   0   0   0   0   0   8   0   0   0   0   0   0   0   0  92  0.65 0.11
  130 G    -1  -3  -1  -2  -3  -3  -3   7  -3  -5  -5  -2  -4  -4  -3  -1  -2  -3  -4  -4    0   0   0   0   0   0   0 100   0   0   0   0   0   0   0   0   0   0   0   0  1.40 0.12
  131 V    -2  -3  -4  -4  -2  -3  -3  -4  -4   3   4  -3   2   0  -3  -2  -1  -3  -2   1    0   0   0   0   0   1   0   0   0  32  62   0   2   0   0   2   0   0   0   2  0.50 0.07
  132 L    -2  -3  -4  -5  -2  -3  -4  -5  -4   1   5  -3   2   0  -4  -3  -2  -2  -2   0    0   0   0   0   0   0   0   0   0   0  99   0   0   0   0   0   0   0   0   1  0.76 0.10
  133 M    -2  -3  -3  -4  -2  -2  -3  -4  -3   2   1  -2   8  -1  -4  -3  -1  -3  -2   1    0   0   0   0   0   0   0   0   0  12   1   0  84   0   0   0   1   0   0   2  0.89 0.15
  134 A     5  -2  -2  -3  -1  -2  -2  -1  -2  -2  -2  -1  -2  -3  -2   1  -1  -3  -3  -1   99   0   0   0   0   0   0   0   0   0   0   0   0   0   0   0   0   0   0   1  0.74 0.12
  135 V    -1  -3  -4  -4  -2  -3  -3  -4  -4   3   1  -3   0  -1  -3  -2  -1  -4  -2   5    1   0   0   0   0   0   0   0   0   9   3   0   0   0   0   0   0   0   0  88  0.63 0.10
  136 F    -3  -4  -4  -5  -3  -4  -4  -4  -1  -1   0  -4  -1   8  -5  -3  -3   0   3  -2    0   0   0   0   0   0   0   0   1   0   2   0   0  91   0   0   0   0   6   0  1.20 0.13
  137 S     0  -2   0  -1   0  -1  -1  -1  -2  -3  -3  -1  -2  -3  -2   6   1  -4  -3  -3    0   0   0   0   2   0   0   0   0   0   0   0   0   0   0  98   0   0   0   0  0.79 0.13
  138 D     1  -2   1   5  -3   0   2  -2  -1  -3  -3   0  -3  -3  -2   0  -1  -4  -1  -3   20   0   4  54   0   1  12   0   1   0   0   3   0   0   0   1   1   0   2   0  0.56 0.07
  139 K    -2   2   0  -1  -4   1   0  -2  -1  -3  -3   6  -2  -4  -2  -1  -1  -4  -3  -3    0   2   3   1   0   1   2   0   0   1   0  90   1   0   0   0   0   0   0   0  0.80 0.12
  140 G    -1  -3  -1  -2  -3  -2  -2   6  -3  -4  -2  -2  -2  -2  -3  -1  -2  -1  -3  -3    0   0   0   0   0   0   2  88   0   0   7   0   0   1   0   0   0   1   1   0  1.05 0.10
  141 D    -2  -2   3   7  -4  -1   1  -2  -1  -4  -5  -1  -4  -4  -2  -1  -2  -5  -4  -4    0   0  19  80   0   0   0   1   0   0   0   0   0   0   0   0   0   0   0   0  1.09 0.11
  142 Y    -3  -3  -3  -4  -2  -2  -3  -4   1  -2  -2  -3  -2   3  -4  -3  -3   4   8  -2    0   0   0   0   1   0   0   0   0   0   0   0   0   2   0   0   0   5  91   0  1.42 0.15
  143 F    -3  -3  -2  -4  -3  -2  -3  -4   4  -2  -1  -3  -1   5  -4  -3  -3   1   7  -2    0   0   1   0   0   0   0   0  13   0   0   0   0  29   0   0   0   0  57   0  0.97 0.11
  144 W    -4  -4  -5  -6  -4  -3  -4  -4  -4  -4  -3  -4  -3   0  -5  -4  -4  12   1  -4    0   0   0   0   0   0   0   0   0   0   0   0   0   0   0   0   0 100   0   0  3.25 0.22
  145 W    -4  -4  -5  -6  -4  -3  -4  -4  -4  -4  -3  -4  -3   0  -5  -4  -4  12   1  -4    0   0   0   0   0   0   0   0   0   0   1   0   0   0   0   0   0  99   0   0  3.21 0.21
  146 L    -2  -3  -4  -5  -2  -3  -4  -5  -4   1   5  -3   2   0  -4  -3  -2  -2  -2   0    0   0   0   0   0   0   0   0   0   0  99   0   0   1   0   0   0   0   0   0  0.76 0.10
  147 L    -2  -3  -4  -5  -2  -3  -4  -5  -4   1   5  -3   2   0  -4  -3  -2  -2  -2   0    0   0   0   0   0   0   0   0   0   1  99   0   0   0   0   0   0   0   0   0  0.75 0.10
  148 L    -2  -3  -4  -4  -2  -3  -3  -4  -3   1   3  -3   1   4   1  -3  -2  -1   1   0    0   0   0   0   0   0   0   0   0   2  55   0   0  33   8   1   0   0   0   1  0.49 0.07
  149 P    -2  -3  -3  -2  -4  -2  -2  -3  -3  -4  -4  -2  -4  -5   8  -2  -2  -5  -4  -3    0   0   0   0   0   0   0   0   0   0   0   0   0   0 100   0   0   0   0   0  2.38 0.16
  150 V    -1  -3  -4  -4  -2  -3  -3  -4  -4   3   0  -3   0  -2  -3  -3  -1  -4  -2   5    0   0   0   0   0   0   0   0   0   6   0   0   0   0   0   0   0   0   0  94  0.69 0.11
  151 C     2  -2  -1  -2   3  -1  -2  -1  -2   1  -1  -1   0  -2  -2   2   2  -3  -2   0   29   0   0   0   7   0   0   1   0  19   1   0   1   0   0  23  15   0   0   4  0.21 0.05
  152 A     1  -3  -3  -4  -1  -2  -3  -3  -3   2   2  -3   1   1  -3  -1  -1  -2  -1   3   18   0   0   0   0   0   0   0   0  12  24   0   0   9   0   1   0   0   0  37  0.25 0.05
  153 M    -1  -2  -3  -4  -2  -2  -3  -3  -3   2   1  -2   6  -1  -3  -2   1  -3  -2   2    2   0   0   0   0   0   0   0   0  10   4   0  54   0   0   0  12   0   0  19  0.46 0.10
  154 S     1  -2   0  -1  -1  -1  -1  -1  -2  -3  -3  -1  -2  -3  -2   5   1  -4  -3  -2    6   0   0   0   1   0   0   0   0   0   0   0   0   0   0  93   0   0   0   0  0.74 0.12
  155 M    -2  -2  -3  -4  -2  -1  -3  -4  -3   0   1  -2   9  -1  -4  -2  -1  -3  -2   0    1   0   0   0   0   0   0   0   0   0   1   0  95   0   0   0   2   0   0   1  1.08 0.17
  156 T     2  -2  -1  -2  -1  -1  -1  -2  -2  -1  -2  -1   0  -2  -2   2   5  -3  -2  -1   18   0   0   0   1   0   0   0   0   1   0   0   4   1   0  16  59   0   0   0  0.45 0.08
  157 C    -1  -5  -4  -5  11  -4  -5  -4  -4  -2  -2  -4  -3  -4  -4  -2  -2  -4  -4  -2    0   0   0   0 100   0   0   0   0   0   0   0   0   0   0   0   0   0   0   0  2.13 0.18
  158 P    -2  -3  -3  -2  -4  -2  -2  -3  -3  -4  -4  -2  -4  -5   8  -2  -2  -5  -4  -3    0   0   0   0   0   0   0   0   0   0   0   0   0   0  99   0   1   0   0   0  2.37 0.16
  159 I    -1  -3  -4  -4  -2  -3  -4  -4  -4   4   1  -3   1  -1  -3  -3  -1  -3  -2   4    0   0   0   0   0   0   0   0   0  51   7   0   0   0   0   0   0   0   0  42  0.53 0.08
  160 F    -3  -3  -4  -4  -3  -3  -4  -4  -3   1   3  -4   1   6  -4  -3  -2  -1   1   0    0   0   0   0   0   0   0   0   0   4  42   0   0  55   0   0   0   0   0   0  0.68 0.09
  161 S     0  -2   0  -1  -2  -1  -1  -1  -2  -3  -3  -1  -2  -3  -2   5   3  -4  -2  -2    0   0   0   0   0   0   0   0   0   0   1   0   0   0   0  79  20   0   0   0  0.64 0.11
  162 S     0  -2   0  -1  -2  -1  -1  -1  -2  -3  -3  -1  -2  -3  -2   6   1  -4  -3  -3    0   0   0   0   0   0   0   0   0   0   0   0   0   0   0 100   0   0   0   0  0.83 0.14
  163 A     5  -2  -2  -3  -1  -2  -2   0  -2  -2  -2  -1  -2  -3  -2   1  -1  -3  -3  -1   95   0   0   0   0   0   0   4   0   0   0   0   0   0   0   1   0   0   0   0  0.69 0.11
  164 L    -2  -3  -4  -5  -2  -3  -4  -5  -4   1   5  -3   2   0  -4  -3  -2  -2  -2   0    0   0   0   0   0   0   0   0   0   0  99   0   0   0   0   0   0   0   0   1  0.76 0.11
  165 N     1  -2   3  -1  -1  -1  -1   4  -1  -4  -4  -1  -3  -3  -2   2   0  -3  -3  -3    7   0  22   0   1   0   0  46   0   0   0   0   0   0   0  24   1   0   0   0  0.56 0.07
  166 S     1  -2   0  -1  -2  -1  -1  -1  -2  -3  -3  -1  -2  -3  -2   5   3  -4  -2  -2    1   0   0   0   0   0   0   0   0   0   1   0   0   0   0  81  17   0   0   0  0.64 0.11
  167 M    -1  -3  -4  -4  -2  -3  -3  -4  -4   4   1  -3   1  -1  -3  -3  -1  -3  -2   4    0   0   0   0   0   0   0   0   0  41   3   0   3   0   0   0   0   0   0  54  0.54 0.08
  168 L    -3  -4  -4  -5  -3  -4  -4  -4  -2  -1   1  -4   0   8  -5  -3  -3   0   2  -1    0   0   0   0   0   0   0   0   0   0  11   0   0  89   0   0   0   0   0   0  1.12 0.13
  169 S     0  -1  -1  -2   7  -1  -2  -1  -1  -3  -3  -1  -2  -3  -2   4   1  -3  -3  -2    0   2   1   0  33   0   0   3   1   0   0   0   0   0   0  57   3   0   0   0  0.64 0.10
  170 K    -2   2   0  -1  -4   1   0  -2  -1  -4  -3   6  -2  -4  -2  -1  -1  -4  -3  -3    0   3   1   0   0   0   0   0   0   0   0  96   0   0   0   0   0   0   0   0  0.90 0.13
  171 W    -4  -4  -5  -6  -4  -3  -4  -4  -4  -4  -3  -4  -3   0  -5  -4  -4  12   1  -4    0   0   0   0   0   0   0   0   0   0   0   0   0   0   0   0   0  99   0   0  3.20 0.21
  172 D    -3  -2   1   7  -5  -1   1  -2  -2  -4  -5  -1  -4  -5  -2  -1  -2  -5  -4  -4    0   0   2  96   0   0   2   0   0   0   0   0   0   0   0   0   0   0   0   0  1.32 0.13
  173 L    -2  -3  -4  -5  -2  -3  -4  -5  -4   1   5  -3   2   0  -4  -3  -2  -2  -2   1    0   0   0   0   0   0   0   0   0   1  97   0   0   0   0   0   0   0   0   2  0.73 0.10
  174 P    -2  -3  -3  -3  -4  -2  -2  -3  -3  -4  -4  -2  -4  -5   8  -2  -2  -5  -4  -3    0   0   0   0   0   0   0   0   0   0   0   0   0   0 100   0   0   0   0   0  2.40 0.16
  175 V    -1  -3  -4  -4  -2  -3  -3  -4  -4   2   0  -3   0  -2  -3  -3  -1  -4  -2   6    0   0   0   0   0   0   0   0   0   2   0   0   0   0   0   0   0   0   0  98  0.73 0.12
  176 F    -3  -4  -4  -5  -3  -4  -4  -4  -2  -1   1  -4   0   7  -5  -3  -3   0   2  -1    0   0   0   0   0   0   0   0   0   0  13   0   0  86   0   0   0   0   0   1  1.05 0.12
  177 T    -1  -2  -1  -2  -2  -2  -2  -3  -3  -2  -2  -2  -2  -3  -2   1   6  -3  -3  -1    0   0   0   0   0   0   0   0   0   0   0   0   0   0   0   1  99   0   0   0  0.93 0.14
  178 L    -2  -3  -4  -5  -2  -3  -4  -5  -4   1   5  -3   2   0  -4  -3  -2  -2  -2   0    0   0   0   0   0   0   0   0   0   0  98   0   0   2   0   0   0   0   0   0  0.75 0.10
  179 P    -2  -3  -3  -3  -4  -2  -2  -3  -3  -4  -4  -2  -4  -5   8  -2  -2  -5  -4  -3    0   0   0   0   0   0   0   0   0   0   0   0   0   0 100   0   0   0   0   0  2.40 0.16
  180 F    -3  -4  -4  -5  -3  -4  -4  -4  -2  -1   0  -4  -1   8  -5  -3  -3   0   2  -2    0   0   0   0   0   0   0   0   0   0   0   0   0 100   0   0   0   0   0   0  1.35 0.15
  181 N    -3  -1   8   1  -4  -1  -1  -1   0  -4  -5  -1  -3  -4  -3   0  -1  -5  -3  -4    0   0 100   0   0   0   0   0   0   0   0   0   0   0   0   0   0   0   0   0  1.27 0.15
  182 M    -1  -3  -3  -4  -2  -2  -3  -4  -3   4   2  -3   5   0  -3  -3  -1  -3  -2   1    2   0   0   0   0   0   0   0   0  39  18   0  39   1   0   0   0   0   0   1  0.49 0.09
  183 A     5  -2  -2  -3  -1  -2  -2  -1  -2  -2  -2  -2  -1  -3  -2   0   0  -3  -3   0   92   0   0   0   0   0   0   0   0   0   0   0   1   0   0   0   2   0   0   5  0.63 0.11
  184 L    -1  -3  -4  -4  -2  -3  -3  -4  -4   2   4  -3   2   0  -3  -3  -1  -3  -2   3    0   0   0   0   0   0   0   0   0   4  54   0   2   0   0   0   0   0   0  40  0.47 0.07
  185 S     0  -2   0  -2   2  -1  -1  -2  -2  -2  -2  -1  -2  -3  -2   3   5  -3  -2  -1    0   0   0   0   5   0   0   0   0   0   0   0   0   0   0  32  62   0   0   0  0.59 0.10
  186 M    -2  -3  -4  -4  -2  -2  -3  -4  -3   1   4  -3   5   1  -4  -3  -2  -2  -1   0    0   0   0   0   0   0   0   0   0   1  66   0  29   3   0   0   0   0   0   1  0.59 0.09
  187 Y    -3  -3  -3  -4  -3  -2  -3  -4   3  -2  -2  -3  -2   3  -4  -3  -3   1   8  -2    0   0   0   0   0   0   0   0   5   0   0   0   0   2   0   0   0   0  93   0  1.41 0.15
  188 L    -2  -3  -4  -4  -2  -2  -3  -4  -3   1   5  -3   2   0  -4  -2  -1  -2  -2   0    0   0   0   0   0   0   0   0   0   2  88   0   4   1   0   3   1   0   0   1  0.60 0.09
  189 S     4  -2  -1  -2  -1  -1  -1   0  -2  -2  -2  -1  -2  -3  -1   3   0  -3  -2  -1   71   0   0   0   0   0   0   1   0   0   2   0   0   0   0  26   0   0   0   0  0.52 0.09
  190 A     5  -2  -2  -3  -1  -2  -2   0  -2  -2  -2  -2  -2  -3  -2   1  -1  -3  -3  -1   99   0   0   0   0   0   0   1   0   0   0   0   0   0   0   0   0   0   0   1  0.73 0.12
  191 T     0  -2  -1  -2  -2  -1  -1  -2  -2  -2  -2  -1  -2  -3  -2   2   6  -3  -2  -1    0   0   0   0   0   0   0   0   0   0   0   1   0   0   0  17  81   0   0   0  0.72 0.12
  192 G    -1  -3  -1  -2  -3  -3  -3   7  -3  -5  -5  -2  -4  -4  -3  -1  -2  -3  -4  -4    0   0   0   0   0   0   0 100   0   0   0   0   0   0   0   0   0   0   0   0  1.40 0.12
  193 H    -2  -1  -1  -2  -3   0  -1  -3   9  -4  -4  -2  -3  -3   4  -1  -2  -4   0  -4    0   0   0   0   1   2   0   0  73   0   0   0   0   0  23   1   0   0   0   0  1.25 0.14
  194 Y    -3  -2  -2  -4  -4  -2  -2  -4   5  -3  -2  -2  -2   2  -4  -2  -3   1   8  -2    0   0   0   0   0   0   0   0  17   0   0   1   0   1   0   0   0   0  80   0  1.22 0.14
  195 N    -2  -1   7   1  -4  -1  -1  -1   0  -4  -5  -1  -3  -4  -3   0  -1  -5  -3  -4    0   0  98   0   0   0   0   0   0   0   0   0   0   0   0   2   0   0   0   0  1.23 0.15
  196 P    -1  -3  -3  -3  -2  -2  -3  -3  -3   0   3  -2   0  -1   5  -2  -1  -3  -2   0    2   0   0   0   0   0   0   0   0   2  53   0   0   1  37   1   1   0   0   4  0.67 0.08
  197 F    -3  -4  -4  -5  -3  -4  -4  -4  -2  -1   0  -4  -1   8  -5  -3  -3   0   3  -2    0   0   0   0   0   0   0   0   0   0   0   0   0  99   0   0   0   0   1   0  1.34 0.14
  198 F    -3  -4  -4  -5  -3  -4  -4  -4  -2  -1   0  -4  -1   8  -5  -3  -3   0   2  -2    0   0   0   0   0   0   0   0   0   0   0   0   0 100   0   0   0   0   0   0  1.35 0.15
  199 P    -2  -3  -3  -3  -4  -2  -2  -3  -3  -4  -4  -2  -4  -5   8  -2  -2  -5  -4  -3    0   0   0   0   0   0   0   0   0   0   0   0   0   0 100   0   0   0   0   0  2.40 0.16
  200 A     0  -2  -1  -2  -2  -1  -1   0  -2  -1  -2  -1  -1  -3  -2   2   5  -3  -2  -1    4   0   0   0   0   0   0   6   0   3   0   0   1   0   0  16  69   0   0   1  0.52 0.09
  201 K     0   0  -1  -2  -2   0  -1  -2  -2   0  -1   2   0  -3  -2   0   4  -3  -2   0    4   0   0   0   0   3   0   0   0   4   0  25   2   0   0   1  54   0   0   7  0.35 0.08
  202 L    -1  -3  -3  -3  -2  -2  -3  -4  -3   1   4  -3   2   0  -2  -2  -1  -2  -2   2    4   0   0   1   0   0   0   0   0   1  72   0   2   0   1   4   1   0   0  14  0.41 0.07
  203 V    -1  -3  -4  -4  -2  -3  -4  -4  -3   4   2  -3   1   3  -3  -3  -1  -2   0   2    2   0   0   0   0   0   0   0   0  44  16   0   0  20   0   0   0   0   0  18  0.39 0.06
  204 I    -1   1  -1  -1  -3   4   2  -2   0  -2  -2   2  -1  -3  -1   0   2  -3  -2  -2    2   3   0   0   0  37  13   0   1   2   1  17   0   0   1   0  24   0   0   0  0.40 0.07
  205 P    -2  -3  -3  -2  -4  -2  -2  -3  -3  -4  -4  -2  -3  -5   8  -1  -2  -5  -4  -3    0   0   0   0   0   0   0   0   0   0   1   0   0   0  96   2   0   0   0   0  2.23 0.15
  206 I     2  -2  -3  -3  -1  -2  -1  -2  -3   2   0  -2   0  -2  -2  -1   0  -3  -2   3   32   0   0   0   0   0   2   0   0  16   1   1   1   0   1   0   1   0   0  44  0.26 0.06
  207 T     1  -1   0  -1  -1  -1  -1  -1  -2  -2  -2  -1  -2  -3  -2   3   4  -3  -2  -1   12   1   1   1   0   0   0   0   0   1   0   0   0   0   0  33  49   0   0   1  0.45 0.08
  208 T     3  -1   0  -1  -1  -1   0  -1  -2  -3  -3  -1  -2  -3  -1   4   1  -3  -2  -2   31   0   0   0   0   0   3   0   0   0   0   1   0   1   0  60   4   0   0   0  0.48 0.08
  209 A     0  -3  -3  -3  -1  -2  -2  -3  -3   2   0  -2   1  -2  -2  -1   2  -3  -2   4    7   0   0   0   0   0   0   0   0   2   0   0   3   0   1   0  21   0   0  67  0.38 0.08
  210 P    -1  -3  -3  -2  -4  -2  -2  -3  -3  -4  -3  -2  -3  -5   8  -1  -2  -5  -4  -3    1   0   0   0   0   0   0   0   0   0   1   0   0   0  95   3   0   0   0   0  2.19 0.15
  211 N    -2  -1   7   1  -4  -1  -1  -1   0  -4  -4  -1  -3  -4  -3   0  -1  -5  -3  -3    0   0  97   0   0   0   1   0   0   1   0   0   0   0   0   0   0   0   0   1  1.20 0.14
  212 I    -2  -4  -4  -4  -2  -3  -4  -4  -4   5   1  -3   1  -1  -3  -3  -1  -3  -2   3    0   0   0   0   0   0   0   0   0  74   0   0   0   0   0   0   0   0   0  26  0.64 0.10
  213 S    -1  -2   0  -2  -2  -1  -2  -2  -3  -2  -2  -1  -2  -3  -2   1   6  -3  -3  -1    0   0   1   0   0   0   0   0   0   0   0   0   0   0   0   5  94   0   0   0  0.85 0.13
  214 W    -4  -4  -5  -6  -4  -3  -4  -4  -4  -4  -3  -4  -3   0  -5  -4  -4  12   1  -4    0   0   0   0   0   0   0   0   0   0   0   0   0   0   0   0   0 100   0   0  3.25 0.22
  215 S     1  -1   0  -1  -2  -1  -1  -1  -2  -2  -3  -1  -2  -3   1   4   3  -3  -1  -2    3   1   0   1   0   0   1   0   0   0   0   0   0   0   6  62  25   0   1   1  0.49 0.09
  216 D    -1  -1   1   5  -4   1   4  -2   0  -4  -4   0  -3  -4  -2   0  -1  -4  -3  -3    6   0   3  47   0   2  38   0   1   0   0   0   0   0   0   0   1   0   0   0  0.71 0.08
  217 L     1  -3  -3  -4  -1  -2  -3  -3  -3   3   3  -3   1  -1  -3  -2  -1  -3  -2   2   16   0   0   0   0   0   0   0   0  33  34   0   2   0   0   1   0   0   0  14  0.31 0.05
  218 S    -1  -1   3   2  -3   3   3  -1   0  -4  -3   0  -2  -4  -2   2   0  -4  -2  -3    0   0  21   7   0  19  29   1   1   0   0   1   0   0   0  23   0   0   0   0  0.46 0.06
  219 A     2  -3  -3  -3  -1  -2  -2  -1  -3   2   0  -2   3  -1  -2  -1  -1  -3  -2   3   28   0   0   0   0   0   0   3   0   7   1   0  16   0   0   0   0   0   0  44  0.28 0.06
  220 L    -2  -3  -3  -3  -3  -2  -2  -3  -2  -1   2  -2  -1  -2   7  -1  -1  -4  -3  -1    0   0   0   0   0   0   0   0   1   0  30   1   0   0  62   3   3   0   0   1  1.16 0.10
  221 E    -1  -1  -2  -2  -2   2   2  -3  -2   0   3   0   3  -1  -3  -1  -1  -2  -2  -1    1   0   0   0   0  13  19   0   0   0  41   7  17   0   0   1   0   0   0   0  0.24 0.06
  222 L    -2  -3  -4  -5  -2  -3  -4  -5  -4   1   5  -3   2   0  -4  -3  -2  -2  -2   0    0   0   0   0   0   0   0   0   0   0  99   0   0   0   0   0   0   0   0   1  0.76 0.10
  223 L    -2  -3  -4  -5  -2  -3  -4  -5  -4   1   5  -3   2   0  -4  -3  -2  -2  -2   0    0   0   0   0   0   0   0   0   0   0  98   0   0   2   0   0   0   0   0   0  0.74 0.10
  224 K    -2   3  -1  -1  -4   5   1  -2  -1  -4  -3   4  -2  -4  -2  -1  -1  -3  -2  -3    0  18   0   0   0  42   0   0   0   0   1  40   0   0   0   0   0   0   0   0  0.66 0.09
  225 S     3  -2   0  -1  -1  -1  -1  -1  -2  -3  -3  -1  -2  -3  -1   4   1  -4  -2  -2   32   0   0   0   0   0   0   0   0   0   0   0   0   0   0  66   2   0   0   0  0.55 0.10
  226 I    -2  -4  -4  -4  -2  -3  -4  -5  -4   5   2  -3   1  -1  -4  -3  -1  -3  -2   2    0   0   0   0   0   0   0   0   0  70  23   0   0   0   0   0   1   0   0   6  0.57 0.08
  227 P    -2  -3  -3  -3  -4  -2  -2  -3  -3  -4  -4  -2  -4  -5   8  -2  -2  -5  -4  -3    0   0   0   0   0   0   0   0   0   0   1   0   0   0  99   0   0   0   0   0  2.37 0.16
  228 V     0  -3  -4  -4  -2  -3  -3  -4  -4   2   0  -3   0  -2  -3  -2  -1  -4  -2   5    3   0   0   0   0   0   0   0   0   5   0   0   0   0   0   0   0   0   0  91  0.64 0.11
  229 G     0  -3  -1  -2  -3  -3  -3   7  -3  -5  -5  -2  -4  -4  -3  -1  -2  -3  -4  -4    0   0   0   0   0   0   0  99   0   0   0   0   0   0   0   1   0   0   0   0  1.37 0.12
  230 V    -1  -3  -4  -4  -2  -3  -3  -4  -4   4   1  -3   0  -1  -3  -3  -1  -4  -2   5    0   0   0   0   0   0   0   0   0  25   0   0   0   0   0   0   0   0   0  75  0.61 0.09
  231 G     0  -3  -1  -2  -3  -2  -3   6  -3  -5  -4  -2  -3  -4  -3   0  -2  -3  -4  -4    2   0   0   0   0   0   0  93   0   0   0   0   0   0   0   4   0   0   0   0  1.25 0.11
  232 Q    -2   0  -1  -1  -4   7   1  -3   0  -4  -3   0  -1  -4  -2  -1  -2  -3  -2  -3    0   0   0   0   0 100   0   0   0   0   0   0   0   0   0   0   0   0   0   0  1.23 0.16
  233 I    -1  -3  -4  -4  -2  -3  -3  -3  -4   4   1  -3   1  -1  -3  -3  -1  -4  -2   4    1   0   0   0   0   0   0   1   0  37   0   0   1   0   0   0   0   0   0  61  0.54 0.09
  234 Y    -3  -3  -3  -4  -4  -2  -3  -4   1  -2  -2  -3  -2   3  -4  -3  -3   1   9  -2    0   0   0   0   0   0   0   0   0   0   0   0   0   3   0   0   0   0  97   0  1.50 0.16
  235 G    -1  -3  -1  -2  -2  -3  -3   7  -3  -5  -5  -2  -4  -4  -3  -1  -2  -3  -4  -4    0   0   0   0   1   0   0  99   0   0   0   0   0   0   0   1   0   0   0   0  1.37 0.12
  236 C    -1  -5  -4  -5  11  -4  -5  -4  -4  -2  -2  -4  -3  -3  -4  -2  -2  -3  -3  -2    0   0   0   0  99   0   0   0   0   0   0   0   0   0   0   0   0   0   1   0  2.10 0.18
  237 D    -2  -2   1   7  -4  -1   1  -1  -2  -4  -5  -1  -4  -4  -2  -1  -2  -5  -3  -4    1   0   2  88   0   0   5   4   0   0   0   0   0   0   0   1   0   0   1   0  1.12 0.12
  238 N    -2  -1   7   1  -4  -1  -1  -1   0  -4  -4  -1  -3  -4  -3   0  -1  -5  -3  -4    0   0  95   1   0   0   0   0   0   0   0   0   0   0   0   3   0   0   0   0  1.16 0.14
  239 P    -1  -3  -3  -3  -4  -2  -2  -3  -3  -3  -2  -2  -3  -4   8  -2  -2  -5  -4  -3    4   0   0   0   0   0   0   0   0   0   6   0   0   0  90   0   0   0   0   0  1.99 0.14
  240 W    -4  -4  -5  -6  -2  -3  -4  -4  -4  -4  -3  -4  -3   0  -5  -4  -4  12   1  -4    0   0   0   0   1   0   0   0   0   0   0   0   0   0   0   0   0  99   0   0  3.22 0.21
  241 T     0  -2  -1  -2  -2  -1  -2  -2  -3  -2  -2  -1  -1  -3  -2   1   6  -3  -3  -1    4   0   0   0   0   0   0   0   0   0   0   0   0   0   0   2  93   0   0   0  0.83 0.13
  242 G    -1  -3  -1  -2  -3  -3  -3   7  -3  -5  -5  -2  -4  -4  -3  -1  -2  -3  -4  -4    0   0   0   0   0   0   0 100   0   0   0   0   0   0   0   0   0   0   0   0  1.40 0.12
  243 G     0  -3  -1  -2  -3  -3  -3   6  -3  -4  -3  -2  -3  -4  -3  -1  -2  -3  -4  -4    1   0   0   0   0   0   0  92   0   0   4   0   0   0   0   2   0   0   0   0  1.19 0.11
  244 I    -2  -4  -4  -4  -2  -3  -4  -5  -4   5   2  -3   2  -1  -4  -3  -1  -3  -2   2    0   0   0   0   0   0   0   0   0  81   6   0   5   0   0   0   1   0   0   8  0.63 0.10
  245 F    -3  -4  -4  -5  -3  -4  -4  -4  -2   0   0  -4  -1   8  -5  -3  -3   0   2  -1    0   0   0   0   0   0   0   0   0   5   1   0   0  93   0   0   0   0   0   1  1.19 0.13
  246 L    -2  -3  -4  -5  -2  -3  -4  -5  -4   1   5  -3   2   0  -4  -3  -2  -2  -2   0    0   0   0   0   0   0   0   0   0   1  98   0   0   0   0   0   0   0   0   1  0.74 0.10
  247 G    -1  -3  -3  -4   5  -3  -3   0  -3   3   0  -3   1   0  -3  -2  -1  -3  -2   3    2   0   0   0  20   0   0   8   0  25   2   0   2   3   0   1   1   0   0  38  0.34 0.06
  248 A     5  -2  -2  -3  -1  -2  -2   0  -2  -2  -2  -1  -2  -3  -2   1  -1  -3  -3  -1   97   0   0   0   0   0   0   1   0   0   0   0   0   0   0   2   0   0   0   0  0.72 0.12
  249 I    -2  -3  -4  -4  -2  -3  -4  -4  -4   3   4  -3   2   0  -4  -3  -2  -3  -2   1    0   0   0   0   0   0   0   0   0  32  64   0   1   0   0   1   0   0   0   1  0.54 0.07
  250 L    -2  -3  -4  -4  -1  -3  -4  -4  -3   0   3  -4   1   6  -4  -3  -2  -1   1   0    0   0   0   0   1   0   0   0   0   0  48   0   0  50   0   0   0   0   0   1  0.65 0.09
  251 L    -2  -3  -4  -4  -2  -3  -4  -4  -4   4   3  -3   1   0  -3  -3  -1  -3  -1   2    0   0   0   0   0   0   0   0   0  55  35   0   1   3   0   0   0   0   0   6  0.50 0.07
  252 S     1  -2   0  -1   3  -1  -1  -1  -2  -3  -3  -1  -2  -2  -2   5   1  -4  -2  -2    2   0   0   0   7   0   0   0   0   0   0   0   0   1   0  90   0   0   0   0  0.69 0.12
  253 S     0  -2   0  -1  -2  -1  -1  -1  -2  -3  -3  -1  -2  -3  -2   6   1  -4  -3  -3    0   0   0   0   0   0   0   0   0   0   0   0   0   0   0 100   0   0   0   0  0.83 0.14
  254 P    -2  -3  -3  -3  -4  -2  -2  -3  -3  -4  -4  -2  -4  -5   8  -2  -2  -5  -4  -3    0   0   0   0   0   0   0   0   0   0   0   0   0   0 100   0   0   0   0   0  2.40 0.16
  255 L    -2  -3  -4  -4  -2  -3  -4  -5  -4   2   5  -3   2   0  -4  -3  -2  -2  -2   1    0   0   0   0   0   0   0   0   0   7  90   0   0   0   0   0   0   0   0   3  0.66 0.09
  256 M    -2  -3  -4  -4  -2  -2  -3  -4  -3   5   1  -3   5  -1  -3  -2  -1  -3  -2   2    0   0   0   0   0   0   0   0   0  59   1   0  32   0   0   1   2   0   0   4  0.55 0.10
  257 C    -1  -5  -4  -5  10  -4  -5  -2  -4  -2  -2  -4  -3  -3  -4  -2  -2  -3  -3  -2    0   0   0   0  95   0   0   3   0   0   0   0   0   1   0   1   0   0   0   0  1.91 0.17
  258 L    -2  -3  -4  -5  -2  -3  -4  -5  -4   1   5  -3   2   0  -4  -3  -2  -2  -2   0    0   0   0   0   0   0   0   0   0   1  96   0   1   1   0   0   0   0   0   1  0.72 0.10
  259 H    -3  -1   0  -2  -4   0  -1  -3  10  -5  -4  -2  -3  -2  -3  -2  -3  -4   1  -4    0   0   0   0   0   1   0   0  99   0   0   0   0   0   0   0   0   0   0   0  1.71 0.18
  260 A     5  -2  -2  -3  -1  -2  -2   0  -2  -2  -2  -1  -2  -3  -2   1  -1  -3  -3  -1   96   0   0   0   0   0   0   3   0   0   0   0   0   0   0   0   1   0   0   0  0.70 0.11
  261 A     5  -2  -2  -3  -1  -2  -2  -1  -2  -2  -2  -1  -1  -3  -2   1   1  -3  -2   0   87   0   0   0   0   0   0   0   0   0   0   0   0   0   0   0   6   0   0   6  0.58 0.10
  262 I    -2  -4  -4  -4  -2  -4  -4  -5  -4   6   1  -4   1  -1  -4  -3  -1  -4  -2   2    0   0   0   0   0   0   0   0   0  96   1   0   1   0   0   0   1   0   0   2  0.78 0.12
  263 G    -1  -3  -1  -2  -3  -3  -3   7  -3  -5  -5  -2  -4  -4  -3  -1  -2  -3  -4  -4    0   0   0   0   0   0   0 100   0   0   0   0   0   0   0   0   0   0   0   0  1.40 0.12
  264 S     1  -2   0  -1  -2  -1  -1  -1  -2  -3  -3  -1  -2  -3  -2   6   1  -4  -3  -3    1   0   0   0   0   0   0   0   0   0   0   0   0   0   0  99   0   0   0   0  0.81 0.13
  265 L     2  -2  -2  -3  -1  -2  -2  -2  -3   1   2  -2   0  -1  -2   0   2  -3  -2   0   30   0   0   0   0   0   0   0   0  11  29   0   0   1   0   1  27   0   0   1  0.21 0.05
  266 L    -1  -3  -4  -4  -2  -3  -3  -4  -3   2   3  -3   3  -1  -3  -2  -1  -3  -2   4    0   0   0   0   0   0   0   0   0   5  30   0  10   1   0   0   1   0   0  54  0.42 0.07
  267 G    -1  -3  -1  -2  -3  -3  -3   7  -3  -5  -5  -2  -4  -4  -3  -1  -2  -3  -4  -4    0   0   0   0   0   0   0 100   0   0   0   0   0   0   0   0   0   0   0   0  1.40 0.12
  268 I    -2  -3  -3  -4  -2  -2  -3  -4  -3   3   1  -2   7  -1  -3  -2   0  -3  -2   2    0   0   0   0   0   0   0   0   0  21   3   0  60   0   0   0   5   0   0  11  0.58 0.11
  269 A     1  -3  -3  -4  -2  -2  -3  -3  -3   2   3  -3   1   1  -3  -2  -1  -2  -1   2   16   0   0   0   0   0   0   0   0   9  52   0   1   8   0   0   1   0   0  13  0.30 0.05
  270 A     5  -2  -2  -3  -1  -2  -2   0  -2  -2  -2  -1  -2  -3  -2   1  -1  -3  -3  -1   99   0   0   0   0   0   0   0   0   0   0   0   0   0   0   0   0   0   0   0  0.75 0.12
  271 G     4  -2  -2  -2  -2  -2  -2   4  -2  -3  -3  -2  -2  -3  -2   0  -1  -3  -3  -2   59   0   0   0   0   0   0  41   0   0   0   0   0   0   0   0   0   0   0   0  0.64 0.09
  272 L    -2  -3  -4  -5  -2  -3  -4  -5  -4   1   5  -3   2   0  -4  -3  -2  -2  -2   0    0   0   0   0   0   0   0   0   0   0  97   0   0   2   0   0   0   0   0   1  0.73 0.10
  273 S     0  -2   0  -1  -2  -1  -1  -1  -2  -3  -3  -1  -2  -3  -2   5   3  -4  -2  -2    0   0   0   0   0   0   0   0   0   0   0   0   0   0   0  73  27   0   0   0  0.63 0.11
  274 L    -2  -3  -4  -4  -2  -3  -4  -4  -4   3   4  -3   2   0  -3  -3  -1  -3  -2   2    0   0   0   0   0   0   0   0   0  23  65   0   0   0   0   0   0   0   0  12  0.52 0.07
  275 S     4  -2  -1  -2  -1  -1  -1   0  -2  -2  -2  -1  -2  -3  -1   3   0  -3  -2  -1   70   0   0   0   0   0   0   0   0   0   0   0   0   0   0  29   0   0   0   1  0.54 0.09
  276 A     3  -2  -1  -2  -1  -1  -1  -1  -2  -1  -2  -1  -1  -3  -2   2   4  -3  -2   0   37   0   0   0   0   0   0   0   0   2   0   0   1   0   0  10  47   0   0   3  0.40 0.08
  277 P    -2  -3  -3  -2  -4  -2  -2  -3  -3  -4  -4  -2  -4  -5   8  -1  -2  -5  -4  -3    0   0   0   0   0   0   0   0   0   0   0   0   0   0  98   2   0   0   0   0  2.33 0.15
  278 F    -3  -4  -4  -5  -3  -4  -4  -4  -2  -1   0  -4  -1   8  -5  -3  -3   0   2  -2    0   0   0   0   0   0   0   0   0   0   1   0   0  99   0   0   0   0   0   0  1.33 0.14
  279 E    -1   0   1   3  -3   1   4  -1   0  -4  -3   1  -3  -4  -2   2  -1  -4  -3  -3    1   1   4  24   0   1  35   3   2   0   0  10   0   0   0  19   1   0   0   0  0.45 0.06
  280 D    -1   0   3   3  -3   1   0  -1   0  -3  -3   2  -1  -3  -1   2   1  -4  -2  -2    1   2  18  20   0   4   0   1   1   0   1  16   1   0   0  24  10   0   0   0  0.32 0.05
  281 I    -2  -4  -4  -4  -2  -4  -4  -5  -4   6   1  -4   1  -1  -4  -3  -1  -4  -2   2    0   0   0   0   0   0   0   0   0  98   0   0   0   0   0   0   0   0   0   1  0.81 0.12
  282 Y    -3  -3  -2  -4  -4  -2  -3  -4   1  -2  -2  -3  -2   2  -4  -3  -3   1   9  -2    0   0   1   0   0   0   0   0   1   0   0   0   0   1   0   0   0   0  97   0  1.49 0.16
  283 F     0  -2  -2  -2  -1  -2  -2  -2  -2   0   1  -2   1   5  -3   2  -1  -1   1   0    6   0   0   0   1   0   0   0   0   0  18   0   5  39   0  26   1   0   0   4  0.27 0.06
  284 G    -1  -3  -1  -2  -3  -3  -3   7  -3  -5  -5  -2  -4  -4  -3  -1  -2  -3  -4  -4    0   0   0   0   0   0   0 100   0   0   0   0   0   0   0   0   0   0   0   0  1.40 0.12
  285 L    -2  -3  -4  -4  -2  -3  -4  -5  -4   1   5  -3   2   0  -4  -3  -2  -2  -2   0    0   0   0   0   0   0   0   0   0   0  98   0   0   0   0   1   0   0   0   0  0.73 0.10
  286 W    -3  -3  -4  -5   5  -3  -4  -3   3  -4  -3  -4  -3   0  -5  -3  -3  11   1  -4    0   0   0   0  16   0   0   1   9   0   0   0   0   0   0   0   0  74   0   0  2.19 0.17
  287 G     0  -2   2  -1  -3  -2  -2   6  -2  -4  -4  -2  -3  -4  -3   1  -1  -3  -4  -4    0   0  12   0   0   0   0  75   0   0   0   0   0   0   0  13   0   0   0   0  0.93 0.09
  288 F    -3  -3  -3  -4  -3  -3  -3  -4   0  -1  -1  -3  -1   6  -4  -3  -3   1   7  -2    0   0   0   0   0   0   0   0   0   0   1   0   0  45   0   0   0   0  53   0  1.08 0.12
  289 N    -3  -1   8   1  -4  -1  -1  -1   0  -4  -5  -1  -3  -4  -3   0  -1  -5  -3  -4    0   0 100   0   0   0   0   0   0   0   0   0   0   0   0   0   0   0   0   0  1.27 0.15
  290 S     0  -2   0  -1   5  -1  -1  -1  -2  -3  -3  -1  -2  -3  -2   5   0  -4  -3  -2    1   0   0   0  19   0   0   0   0   0   0   0   0   0   0  80   0   0   0   0  0.70 0.12
  291 S     2  -2  -1  -1   1  -1  -1  -1  -2  -1  -2  -1  -1  -3  -2   4   2  -3  -2   1   13   0   0   0   2   0   0   0   0   0   0   0   0   0   0  55  13   0   0  17  0.35 0.07
  292 L    -2  -3  -4  -5  -2  -3  -4  -5  -4   1   5  -3   2   0  -4  -3  -2  -2  -2   0    0   0   0   0   0   0   0   0   0   0 100   0   0   0   0   0   0   0   0   0  0.77 0.11
  293 A     4  -2  -1  -2  -1  -1  -1  -1  -2  -2  -2  -1  -2  -3  -1   3   0  -3  -2  -1   70   0   0   0   0   0   0   0   0   0   0   0   0   0   0  30   0   0   0   0  0.55 0.09
  294 C    -1  -5  -4  -5  11  -4  -5  -4  -4  -2  -2  -4  -3  -4  -4  -2  -2  -4  -4  -2    0   0   0   0 100   0   0   0   0   0   0   0   0   0   0   0   0   0   0   0  2.13 0.18
  295 I    -1  -4  -4  -4  -2  -3  -4  -4  -4   6   1  -3   1  -1  -3  -3  -1  -3  -2   3    4   0   0   0   0   0   0   0   0  85   0   0   2   0   0   0   1   0   0   8  0.63 0.10
  296 A     6  -2  -2  -3  -1  -2  -2  -1  -2  -2  -2  -2  -2  -3  -2   1  -1  -3  -3  -1  100   0   0   0   0   0   0   0   0   0   0   0   0   0   0   0   0   0   0   0  0.76 0.12
  297 M    -2  -4  -4  -4  -2  -3  -4  -5  -4   6   1  -3   2  -1  -4  -3  -1  -3  -2   3    0   0   0   0   0   0   0   0   0  85   0   0   5   0   0   0   1   0   0   9  0.67 0.10
  298 G    -1  -3  -1  -2  -3  -3  -3   7  -3  -5  -5  -2  -4  -4  -3  -1  -2  -3  -4  -4    0   0   0   0   0   0   0 100   0   0   0   0   0   0   0   0   0   0   0   0  1.40 0.12
  299 G    -1  -3  -1  -2  -3  -3  -3   7  -3  -5  -5  -2  -4  -4  -3  -1  -2  -3  -4  -4    0   0   0   0   0   0   0 100   0   0   0   0   0   0   0   0   0   0   0   0  1.40 0.12
  300 M    -2  -2  -3  -4  -2  -1  -3  -4  -3   1   1  -2   9  -1  -4  -3  -1  -3  -2   0    0   0   0   0   0   0   0   0   0   2   0   0  95   0   0   0   0   0   0   2  1.10 0.17
  301 F    -3  -4  -4  -5  -3  -4  -4  -4  -2  -1   0  -4  -1   8  -5  -3  -3   0   3  -2    0   0   0   0   0   0   0   0   0   0   0   0   0  99   0   0   0   0   1   0  1.34 0.14
  302 M    -2  -3  -3  -4  -2  -2  -3  -4   0   0   0  -3   4   2  -4  -2  -2   1   7   0    0   0   0   0   0   0   0   0   0   3   4   0  23   0   0   0   0   0  65   5  0.82 0.12
  303 A     5  -2  -2  -3  -1  -2  -2  -1  -3  -1  -2  -2  -1  -3  -2   0  -1  -3  -2   1   84   0   0   0   0   0   0   0   0   0   0   0   0   0   0   0   0   0   0  16  0.54 0.10
  304 L    -2  -3  -4  -4  -2  -3  -4  -4  -3   2   4  -3   1   3  -4  -3  -2  -2   0   1    0   0   0   0   0   0   0   0   0  15  70   0   0  14   0   0   0   0   1   0  0.53 0.07
  305 T    -1  -2   0  -2  -2  -2  -2  -2  -3  -2  -2  -2  -2  -3  -2   1   6  -3  -3  -1    0   0   1   0   0   0   0   0   0   0   0   0   0   0   0   0  98   0   0   0  0.90 0.14
  306 W    -4  -4  -5  -6  -4  -3  -4  -4  -4  -4  -3  -4  -3   0  -5  -4  -4  12   1  -4    0   0   0   0   0   0   0   0   0   0   0   0   0   0   0   0   0 100   0   0  3.25 0.22
  307 Q    -2   0  -1  -1  -4   7   1  -3   0  -4  -3   1  -1  -4  -2  -1  -2  -3  -2  -3    0   0   0   0   0 100   0   0   0   0   0   0   0   0   0   0   0   0   0   0  1.22 0.16
  308 T     0  -2  -1  -2  -2  -1  -2  -2  -3  -2  -2  -1  -1  -3  -2   1   6  -3  -2  -1    6   0   0   0   0   0   0   0   0   0   0   0   0   0   0   2  91   0   0   0  0.80 0.13
  309 H    -3  -1   0  -2  -4   0  -1  -3  10  -4  -4  -2  -3  -2  -3  -2  -3  -3   1  -4    0   0   0   0   0   0   0   0  99   0   1   0   0   0   0   0   0   0   0   0  1.68 0.18
  310 L    -2  -3  -4  -5  -2  -3  -4  -5  -4   1   5  -3   2   0  -4  -3  -2  -2  -2   1    0   0   0   0   0   0   0   0   0   2  95   0   0   1   0   0   0   0   0   2  0.71 0.10
  311 L    -2  -3  -4  -5  -2  -3  -4  -5  -4   1   5  -3   2   0  -4  -3  -2  -2  -2   0    0   0   0   0   0   0   0   0   0   0 100   0   0   0   0   0   0   0   0   0  0.77 0.11
  312 A     5  -2  -2  -2  -1  -1  -1   0  -2  -2  -2  -1  -2  -3  -2   2   0  -3  -3  -1   89   0   0   0   0   0   0   0   0   0   0   0   0   0   0  11   0   0   0   0  0.65 0.11
  313 L    -2  -3  -4  -4  -2  -3  -4  -4  -4   4   4  -3   2   0  -3  -3  -1  -3  -2   2    0   0   0   0   0   0   0   0   0  34  55   0   2   0   0   0   0   0   0   9  0.50 0.07
  314 G     4  -2  -2  -2  -1  -2  -2   0  -2  -1  -2  -1  -1  -1  -2   1   1  -3  -2   1   74   0   0   0   0   0   0   3   0   2   0   0   0   2   0   3   6   0   0   9  0.42 0.08
  315 C    -1  -5  -4  -5  11  -4  -5  -2  -4  -2  -2  -4  -3  -4  -4  -2  -2  -4  -4  -2    0   0   0   0  98   0   0   2   0   0   0   0   0   0   0   0   0   0   0   0  2.04 0.18
  316 A     5  -2  -2  -3  -1  -2  -2   0  -2  -2  -2  -1  -2  -3  -2   1  -1  -3  -3  -1   96   0   0   0   0   0   0   2   0   0   0   0   0   0   0   1   1   0   0   0  0.70 0.11
  317 L    -2  -3  -4  -4  -2  -3  -3  -5  -4   1   5  -3   2   1  -4  -3  -2  -2  -1   0    0   0   0   0   0   0   1   0   0   0  96   0   0   3   0   0   0   0   0   0  0.70 0.10
  318 F    -3  -4  -4  -5  -3  -4  -4  -4  -1  -1   0  -4  -1   8  -5  -3  -3   0   3  -2    0   0   0   0   0   0   0   0   1   0   1   0   0  98   0   0   0   0   1   0  1.30 0.14
  319 T     1  -2  -1  -2   6  -2  -2  -2  -2  -2  -2  -2  -2  -3  -1   2   4  -3  -3  -1   14   0   0   0  27   0   0   0   0   0   0   0   0   0   1  19  38   0   0   0  0.52 0.08
  320 A     5  -2  -2  -3  -1  -2  -2   0  -2  -2  -2  -2  -2  -3  -2   1  -1  -3  -3  -1   98   0   0   0   0   0   0   1   0   0   1   0   0   0   0   0   0   0   0   1  0.72 0.12
  321 Y    -3  -3  -3  -4  -1  -2  -3  -4   1  -2  -2  -3  -2   2  -4  -3  -3   1   9  -2    0   0   0   0   1   0   0   1   1   0   0   0   0   0   0   0   0   0  97   0  1.47 0.16
  322 L    -1  -2  -3  -4  -2  -2  -3  -4  -3   1   4  -3   3   0  -3   0  -1  -2  -2   0    1   1   0   0   0   0   0   0   0   0  75   0   9   2   0  10   0   0   0   1  0.45 0.08
  323 G     0  -2  -1  -2  -3  -2  -3   6  -3  -4  -4  -2  -3  -4  -3  -1  -1  -3  -4  -4    1   2   0   0   0   1   0  92   0   0   0   1   0   0   0   0   3   0   0   0  1.19 0.11
  324 V     4  -2  -2  -2  -1  -2  -1   1  -2   0  -2  -1  -1  -3  -2   1   0  -3  -2   1   69   0   0   0   0   0   1   8   0   8   0   0   0   0   0   5   1   0   0   8  0.38 0.07
  325 G     4  -2  -1  -2   0  -1  -1   0  -2  -2  -2  -1  -2  -3  -1   2   1  -3  -2  -1   60   0   0   0   1   0   0   5   0   0   0   0   0   0   0  23  11   0   0   0  0.43 0.07
  326 M    -2  -3  -4  -4  -1  -2  -3  -3  -3   2   4  -3   4   0  -3  -3  -1  -2  -2   2    0   0   0   0   1   0   0   1   0   3  53   0  23   0   0   0   0   0   0  19  0.45 0.07
  327 A     3  -1  -1  -2  -1  -1  -1   0  -2  -2  -2  -1  -1  -3  -1   2   3  -3  -2  -1   41   1   1   0   0   0   0   4   0   0   1   0   1   0   0  20  30   0   0   2  0.35 0.06
  328 N    -2  -1   6   0  -4   0  -1  -1   5  -4  -4  -1  -3  -3  -3   0  -1  -4  -2  -4    0   1  72   0   0   1   0   0  20   0   1   0   0   0   0   4   1   0   0   0  0.88 0.11
  329 F     0  -2  -3  -4  -2  -2  -3  -3  -3   2   2  -2   6   0  -3  -2  -1  -2  -2   1    9   0   0   0   0   0   0   0   0   9  21   0  49   1   0   1   1   0   0   9  0.41 0.08
  330 M    -2  -3  -4  -4  -2  -2  -3  -4  -3   1   4  -3   6   2  -4  -3  -2  -2  -1   0    0   0   0   0   0   0   0   0   0   0  43   0  51   7   0   0   0   0   0   0  0.62 0.10
  331 A     3  -2  -1  -1  -1  -1  -1  -1  -2  -3  -3  -1  -2  -3   0   4   1  -3  -2  -2   35   0   0   0   1   0   0   0   0   0   0   0   0   0   3  61   1   0   0   0  0.51 0.09
  332 E    -1  -2  -3  -4  -2  -2  -2  -3  -2   2   0  -2   1  -2  -3  -2  -1  -2  -2   5    1   2   0   0   0   1   2   2   1   0   1   1   3   0   0   0   0   1   0  86  0.48 0.10
  333 V    -1  -3  -4  -4  -2  -3  -3  -4  -3   2   1  -3   0   5  -4  -2  -1  -1   1   3    4   0   0   0   0   0   0   0   0   7  10   0   0  44   0   0   0   0   0  35  0.45 0.07
  334 G     0  -1  -1  -2  -2  -2  -3   6  -1  -5  -4  -2  -3  -4  -3  -1  -2  -3  -4  -4    1   3   0   0   1   1   0  94   1   0   0   0   0   0   0   0   0   0   0   0  1.22 0.11
  335 L    -2  -3  -4  -4  -2  -3  -3  -4  -4   2   4  -3   2   0  -3  -3  -1  -3  -2   2    0   0   0   0   0   0   0   0   0   1  75   0   2   0   0   0   0   0   0  22  0.55 0.08
  336 P    -2  -3  -3  -2  -4  -2  -2  -3  -3  -4  -4  -2  -4  -5   8  -1  -2  -5  -4  -3    0   0   0   0   0   1   0   0   0   0   0   0   0   0  97   3   0   0   0   0  2.27 0.15
  337 A     2  -2  -1  -2   1  -1  -1  -1  -2  -2  -1  -1  -1  -3   4   3   1  -3  -2  -1   19   0   0   0   3   0   0   0   0   0   6   0   0   0  22  40   5   0   0   5  0.42 0.06
  338 C    -1  -4  -3  -4   9  -3  -4   3  -4  -3  -2  -3  -3  -2  -3  -1  -2  -3  -3  -2    1   0   0   0  64   0   0  32   0   0   1   0   0   2   0   0   0   0   0   0  1.19 0.12
  339 T    -1  -2  -1  -2  -2  -2  -2  -3  -3  -2  -2  -2  -2  -3  -2   1   6  -3  -3  -1    0   0   0   0   0   0   0   0   0   0   0   0   0   0   0   0 100   0   0   0  0.94 0.14
  340 W    -4  -4  -5  -6  -4  -3  -4  -4  -4  -4  -3  -4  -3   0  -5  -4  -4  12   1  -4    0   0   0   0   0   0   0   0   0   0   0   0   0   0   0   0   0 100   0   0  3.25 0.22
  341 P     1  -3  -2  -2  -3  -2  -2  -2  -3  -3  -4  -2  -3  -4   7   2  -1  -4  -3  -3   10   0   0   0   0   0   0   0   0   0   0   0   0   0  70  20   0   0   0   0  1.46 0.11
  342 F    -3  -4  -4  -5  -2  -4  -4  -4  -2  -1   0  -4  -1   8  -5  -3  -3   0   2  -2    0   0   0   0   1   0   0   0   0   0   0   0   0  99   0   0   0   0   0   0  1.32 0.14
  343 C    -1  -5  -4  -5  11  -4  -5  -4  -4  -2  -2  -4  -3  -4  -4  -2  -2  -4  -4  -2    0   0   0   0 100   0   0   0   0   0   0   0   0   0   0   0   0   0   0   0  2.13 0.18
  344 L    -2  -3  -4  -5  -2  -3  -4  -4  -3   1   5  -3   1   2  -4  -3  -2  -1  -1   0    0   0   0   0   0   0   0   0   0   1  90   0   0   8   0   0   0   1   0   1  0.66 0.09
  345 A     3  -2  -1  -1  -1  -1  -1   0  -2  -3  -3  -1  -2  -3  -1   4   0  -4  -2  -2   33   0   0   0   0   0   0   1   0   0   0   0   0   0   0  66   0   0   0   0  0.55 0.10
  346 T     4  -2  -1  -2  -1  -1  -1  -1  -2  -2  -2  -1  -1  -3  -2   1   4  -3  -2  -1   52   0   0   0   0   0   0   0   0   0   0   0   0   0   0   1  47   0   0   0  0.49 0.09
  347 L    -2  -3  -4  -5  -2  -3  -4  -5  -4   1   5  -3   2   0  -3  -3  -2  -2  -2   0    0   0   0   0   0   0   0   0   0   0  98   0   0   0   0   0   1   0   0   1  0.73 0.10
  348 L    -1  -2  -2  -3  -2  -2  -2  -3  -3   2   3  -2   1  -1  -2   0   4  -3  -2   1    1   0   0   0   0   0   0   0   0  12  39   0   0   0   0   0  44   0   0   3  0.33 0.07
  349 F    -3  -4  -4  -5  -3  -4  -4  -4  -2  -1   0  -4  -1   8  -5  -3  -3   0   2  -2    0   0   0   0   0   0   0   0   0   0   0   0   0 100   0   0   0   0   0   0  1.35 0.15
  350 L    -2  -3  -4  -5  -2  -3  -4  -5  -4   1   5  -3   2   0  -4  -3  -2  -2  -2   0    0   0   0   0   0   0   0   0   0   0  99   0   0   0   0   1   0   0   0   0  0.75 0.10
  351 I    -2  -3  -4  -5  -2  -3  -4  -5  -4   1   5  -3   2   0  -4  -3  -2  -2  -2   0    0   0   0   0   0   0   0   0   0   2  97   0   0   0   0   1   0   0   0   0  0.73 0.10
  352 M    -2  -3  -4  -4  -2  -3  -3  -4  -3   3   3  -3   3   0  -3  -3  -1  -2  -2   2    0   0   0   0   0   0   0   0   0  27  47   1  12   1   0   0   0   0   0  13  0.43 0.06
  353 T    -1  -2   1  -1  -2  -1  -1  -2  -2  -2  -2  -1  -2  -3  -2   1   6  -3  -2  -1    1   0   6   1   0   0   0   0   1   0   0   1   0   0   0   3  86   0   0   0  0.72 0.12
  354 T    -1  -2  -1  -2  -2  -1  -2  -2  -2  -2  -2  -1  -1  -3  -1   2   6  -3  -2  -1    0   0   0   0   0   0   0   0   0   0   0   0   1   0   1  12  86   0   0   0  0.75 0.12
  355 K    -2   0   5   1  -4   0   1  -1   0  -3  -4   3  -2  -4  -2   0   0  -4  -3  -3    0   1  53   4   0   1   5   0   0   1   0  31   0   0   0   1   3   0   0   0  0.59 0.08
  356 N    -2  -1   7   1  -4  -1  -1  -1   1  -3  -4  -1  -3  -4  -3   0  -1  -5  -3  -4    0   0  94   1   0   0   0   0   1   2   0   1   0   0   0   0   1   0   0   0  1.11 0.14
  357 S     0  -2  -1  -1  -2  -1  -1  -1   0  -3  -3  -1  -3  -4   7   3   0  -4  -2  -3    5   0   1   1   1   1   0   1   3   0   0   0   0   0  56  32   0   0   1   0  1.09 0.09
  358 N     4  -2   3  -1  -2  -1  -1   0  -1  -3  -3  -1  -2  -3  -2   1   0  -4  -3  -1   59   0  28   0   0   0   0   4   1   0   0   0   0   0   0   6   2   0   0   0  0.43 0.08
  359 I    -2  -4  -4  -4  -2  -4  -4  -5  -4   6   1  -4   1   0  -4  -3  -1  -3  -2   2    0   0   0   0   0   0   0   0   0  97   1   0   1   1   0   0   0   0   0   0  0.78 0.12
  360 Y    -3  -3  -3  -4  -1  -2  -3  -4   1  -2  -2  -3  -2   2  -4  -3  -3   1   9  -2    0   0   0   0   1   0   0   0   1   0   0   0   0   1   0   0   0   0  98   0  1.50 0.16
  361 K    -2   4  -1  -2  -4   1   0  -2  -1  -4  -3   5  -2  -4  -2  -1  -1  -4  -3  -3    0  28   1   0   0   0   0   0   0   0   0  72   0   0   0   0   0   0   0   0  0.78 0.10
  362 M    -2  -3  -4  -4  -2  -2  -3  -4  -3   2   4  -3   5   0  -4  -3  -2  -2  -2   1    0   0   0   0   0   0   0   0   0   8  59   0  32   0   0   0   0   0   0   1  0.57 0.09
  363 P    -2  -3  -3  -3  -4  -2  -2  -3  -3  -4  -4  -2  -4  -5   8  -2  -2  -5  -4  -3    0   0   0   0   0   0   0   0   0   0   0   0   0   0 100   0   0   0   0   0  2.40 0.16
  364 L    -2  -3  -4  -5  -2  -3  -4  -5  -4   1   5  -3   2   0  -4  -3  -2  -2  -2   0    0   0   0   0   0   0   0   0   0   0  99   0   0   0   0   1   0   0   0   0  0.75 0.10
  365 S     1  -2   1  -1   4  -1  -1  -1  -2  -3  -3  -1  -2  -3  -2   5   1  -4  -3  -2    2   0   7   0  12   0   0   1   0   0   0   0   0   0   0  77   1   0   0   0  0.59 0.10
  366 K    -2   2   0  -1  -4   1   0  -2  -1  -4  -3   6  -2  -4  -2  -1  -1  -4  -3  -3    0   1   2   0   0   2   1   0   0   0   0  94   0   0   0   0   0   0   0   0  0.86 0.12
  367 V    -1  -3  -4  -4  -2  -3  -3  -4  -4   2   0  -3   0  -2  -3  -2   0  -4  -2   6    1   0   0   0   0   0   0   0   0   1   1   0   0   0   0   0   1   0   0  95  0.68 0.11
  368 T    -1  -2  -1  -2  -2  -1  -2  -2  -3  -2  -2  -1  -2  -3  -2   1   6  -3  -3  -1    0   0   0   0   0   0   0   0   0   0   0   1   0   0   0   3  96   0   0   0  0.88 0.14
  369 Y    -3  -3  -3  -4  -4  -2  -3  -4   2  -2  -2  -3  -2   3  -4  -3  -3   1   8  -2    0   0   0   0   0   0   0   0   3   0   0   0   0   3   0   0   0   0  94   0  1.44 0.16
  370 P    -1  -3  -3  -2  -1  -2  -2  -3  -3  -4  -4  -2  -3  -5   8   0  -2  -5  -4  -3    0   0   0   0   1   0   0   0   0   0   0   0   0   0  91   7   0   0   0   0  2.08 0.14
  371 E    -2  -1  -1   1  -5   1   7  -3  -1  -4  -4   0  -3  -4  -2  -1  -2  -4  -3  -3    0   0   0   0   0   0 100   0   0   0   0   0   0   0   0   0   0   0   0   0  1.15 0.14
  372 E     4  -1  -2  -1  -2   0   3  -1  -2  -3  -3   0  -2  -3  -2   0  -1  -3  -3  -1   66   0   0   0   0   1  32   0   0   0   0   2   0   0   0   0   0   0   0   0  0.49 0.09
  373 N    -2  -1   7   1  -4  -1  -1  -1   0  -4  -5  -1  -3  -4  -3   0  -1  -5  -3  -4    0   0  99   0   0   0   0   0   0   0   0   0   0   0   0   1   0   0   0   0  1.26 0.15
  374 R    -2   7  -1  -3  -2   0  -1  -3  -1  -4  -3   2  -2  -4  -3  -2  -2  -4  -3  -4    0  99   0   0   1   0   0   0   0   0   0   0   0   0   0   0   0   0   0   0  1.21 0.14
  375 I     1  -3  -3  -3  -2  -2  -3  -3  -2   4   1  -3   1  -1  -3  -1   0  -3  -2   2   17   0   0   1   0   0   1   0   1  58   6   0   2   0   0   2   4   0   0   9  0.31 0.06
  376 F    -3  -3  -3  -4  -2  -3  -3  -4   1  -1  -1  -3  -1   5  -4  -3  -3   1   7  -1    0   0   0   0   0   0   0   0   2   1   0   0   0  35   0   0   0   0  61   1  1.06 0.12
  377 Y    -3  -3  -3  -4  -4  -3  -3  -4   1  -2  -2  -3  -2   3  -4  -3  -3   1   8  -2    0   0   0   0   0   0   0   0   0   0   0   0   0   6   0   0   0   0  94   0  1.46 0.16
  378 L    -2  -3  -4  -4  -2  -2  -4  -5  -4   1   5  -3   2   0  -4  -3  -2  -2  -2   0    0   1   0   0   0   1   0   0   0   0  98   0   0   0   0   0   0   0   0   0  0.73 0.10
  379 Q    -1   2   1  -1  -3   4   1  -2   0  -3  -3   2  -1  -3  -2   1   2  -3  -2  -2    1  12   4   0   0  30   2   0   1   0   0  18   1   0   0  16  15   0   0   0  0.36 0.06
  380 A     2  -1  -1  -2  -2   2  -1  -2  -2   0   0  -1   4  -2  -2   0   1  -3  -2   1   23   0   3   0   0  18   1   0   0   1   4   0  29   0   0   3   8   0   0  11  0.19 0.06
  381 K    -1   3  -1  -1  -4   1   2  -2  -1  -4  -3   5  -2  -4  -2  -1  -1  -4  -3  -3    0  14   1   0   0   3  16   0   0   0   0  64   0   0   0   0   2   0   0   0  0.62 0.09
  382 K    -1   3   0  -1  -4   1   0  -2  -1  -4  -3   5  -2  -4  -2   0  -1  -4  -3  -3    0  19   2   0   0   0   1   1   0   0   0  70   0   0   0   7   0   0   0   0  0.65 0.10
  383 R    -2   4   3  -1  -3   1   0  -1   4  -3  -3   2  -1  -3  -2   0  -1  -3  -1  -3    0  36  18   1   0   2   3   2  19   1   0   8   1   0   0   6   2   0   0   0  0.42 0.06
  384 M     0   2  -1  -1  -3   3   1  -3   0   0   0   1   3  -2  -2  -1   0  -3  -1  -1    9  19   0   0   0  19  12   0   1   5   6   3  22   0   0   0   3   0   1   1  0.20 0.05
  385 V     0   4  -1  -1  -2   0   1  -2  -1   0  -1   1  -1  -2  -2   0  -1  -3  -2   1    9  34   0   2   0   1  10   0   0   1   2   6   1   1   0   9   1   0   0  23  0.20 0.05
  386 E     1  -1  -1   1  -3   1   4  -2  -1  -3  -3   0  -2  -4   0   2  -1  -4  -3  -2   15   0   0   6   0   3  50   0   0   0   0   2   0   0   4  19   0   0   0   0  0.47 0.07
  387 S     0  -1   0  -1  -1  -1  -1  -1  -2  -3  -3   1  -2  -3  -1   5   1  -4  -3  -2    0   0   2   0   1   0   0   2   0   0   0  12   0   0   2  80   2   0   0   0  0.56 0.10
  388 P    -1  -2  -2  -2  -3  -2  -1  -3  -3  -2  -3  -1  -2  -4   7   0   2  -4  -3  -2    1   0   0   0   0   0   2   0   0   2   0   0   0   0  66   3  26   0   0   0  1.31 0.08
  389 L    -2  -3  -4  -4  -2  -3  -3  -4  -3   3   4  -3   2   0  -3  -3  -1  -2  -1   1    0   0   0   0   0   0   0   0   0  24  71   0   0   1   0   0   0   0   0   4  0.49 0.05

                      K         Lambda
Standard Ungapped    0.1391     0.3252
Standard Gapped      0.0514     0.2670
PSI Ungapped         0.1678     0.3175
PSI Gapped           0.0514     0.2670
