
Last position-specific scoring matrix computed, weighted observed percentages rounded down, information per position, and relative weight of gapless real matches to pseudocounts
            A   R   N   D   C   Q   E   G   H   I   L   K   M   F   P   S   T   W   Y   V   A   R   N   D   C   Q   E   G   H   I   L   K   M   F   P   S   T   W   Y   V
    1 M    -1  -2  -3  -4  -2  -1  -2  -3  -2   1   2  -2   7   0  -3  -2  -1  -2  -1   1    0   0   0   0   0   0   0   0   0   4   0   0  91   0   0   0   0   0   0   5  0.50 0.05
    2 A     5  -2  -2  -3  -1  -2  -2  -1  -2  -2  -2  -1  -2  -3  -2   1  -1  -3  -3  -1   96   0   0   0   0   0   0   0   0   0   0   0   0   0   0   3   0   0   0   1  0.71 0.12
    3 G     0  -3  -2  -3  -2  -3  -3   3  -3   1  -1  -3  -1  -2  -3  -2  -1  -3  -2   4    5   0   0   0   0   0   0  31   0   0   1   0   0   0   0   0   0   0   0  63  0.41 0.08
    4 V     0  -3  -4  -4  -2  -3  -3  -4  -4   2   0  -3   0  -2  -3  -2  -1  -4  -2   5    3   0   0   0   0   0   0   0   0   6   2   0   0   0   0   0   0   0   0  89  0.63 0.11
    5 S     0  -1   4   0  -2  -1  -1   0  -1  -3  -4  -1  -2  -3  -2   4   1  -4  -3  -3    0   0  30   0   0   0   0   3   0   0   0   0   0   0   0  64   2   0   0   0  0.60 0.10
    6 Y    -3  -3  -3  -4  -4  -3  -3  -4   1  -2  -2  -3  -2   3  -4  -3  -3   1   8  -2    0   0   0   0   0   0   0   0   0   0   0   0   0   3   0   0   0   0  97   0  1.52 0.16
    7 A     2  -2   0  -1  -1  -1  -1  -1  -2  -3  -3  -1  -2  -3  -1   4   2  -3  -2  -2   21   0   0   1   0   0   0   0   0   0   0   0   0   0   0  67  11   0   0   0  0.53 0.09
    8 A     2  -3  -3  -2  -3  -2  -2  -2  -3  -3  -3  -2  -3  -4   7  -1  -2  -4  -3  -2   26   0   0   0   0   0   0   0   0   0   0   0   0   0  73   1   0   0   0   0  1.57 0.12
    9 P    -2  -3  -3  -2  -4  -2  -2  -3  -3  -4  -4  -2  -4  -5   8  -2  -2  -5  -4  -3    1   0   0   0   0   0   0   0   0   0   0   0   0   0  99   0   0   0   0   0  2.39 0.16
   10 W    -4  -4  -5  -6  -4  -3  -4  -4  -4  -4  -3  -4  -3   0  -5  -4  -4  12   1  -3    0   0   0   0   0   0   0   0   0   0   0   0   0   0   0   0   0  99   0   1  3.21 0.22
   11 W    -4  -4  -5  -6  -4  -3  -4  -4  -4  -4  -3  -4  -3   0  -5  -4  -4  12   1  -4    0   0   0   0   0   0   0   0   0   0   0   0   0   0   0   0   0 100   0   0  3.28 0.22
   12 V     0  -3  -4  -4  -1  -3  -3  -4  -4   2   0  -3   0  -2  -3  -2  -1  -4  -2   5    8   0   0   0   0   0   0   0   0   0   0   0   0   0   0   0   0   0   0  92  0.64 0.11
   13 S    -1  -1   6   0  -3  -1  -1  -1   0  -4  -4   0  -3  -4  -2   2   1  -4  -3  -3    0   0  68   1   0   0   0   1   0   0   0   3   0   0   0  19   8   0   0   0  0.74 0.10
   14 L    -2  -3  -4  -4  -2  -3  -4  -4  -4   1   5  -3   1   0  -4  -3  -2   0  -2   1    1   0   0   0   0   0   0   0   0   3  91   0   0   1   0   0   0   1   0   2  0.66 0.10
   15 L    -2  -3  -4  -4  -2  -3  -4  -5  -4   1   5  -3   2   0  -4  -3  -2  -2  -2   0    0   0   0   0   0   0   0   0   0   2  96   0   1   1   0   0   0   0   0   1  0.73 0.10
   16 H    -3  -1   0  -2  -4  -1  -1  -3  10  -5  -4  -2  -3  -2  -3  -2  -3  -4   1  -4    0   0   0   0   0   0   0   0 100   0   0   0   0   0   0   0   0   0   0   0  1.76 0.18
   17 R    -2   7  -1  -2  -4   0  -1  -3  -1  -4  -3   2  -2  -4  -3  -2  -2  -4  -3  -3    0  93   0   0   0   0   0   0   0   0   0   5   0   0   0   0   0   0   0   0  1.13 0.13
   18 L    -2  -3  -4  -4  -2  -3  -4  -4  -3   1   5  -3   1   0  -4  -3  -1  -2  -2   0    0   0   0   0   0   0   0   0   0   2  94   0   0   1   0   0   1   0   0   1  0.69 0.10
   19 P    -2  -3  -3  -2  -4  -2  -2  -3  -3  -4  -4  -2  -3  -5   8  -2  -2  -5  -4  -3    0   0   0   0   0   0   0   0   0   0   0   0   0   0  98   0   0   0   0   0  2.34 0.16
   20 H    -3   0   0  -2  -4   0  -1  -3  10  -4  -4  -2  -3  -2  -3  -2  -3  -3   1  -4    0   3   0   0   0   0   0   0  96   0   0   0   0   0   0   0   0   0   0   0  1.63 0.17
   21 F    -3  -3  -4  -4  -3  -4  -4  -4  -2   0   1  -4   0   7  -4  -3  -3   0   2  -1    0   0   0   0   0   0   0   0   0   2  13   0   0  81   0   0   0   0   1   2  0.96 0.12
   22 D    -2  -1   6   3  -3  -1   0  -1   0  -4  -4  -1  -3  -4  -2   1   0  -4  -3  -3    0   0  69  20   0   0   0   0   0   0   0   0   0   0   0   7   3   0   0   0  0.83 0.11
   23 L    -2  -3  -4  -4  -2  -3  -4  -4  -3   1   5  -3   2   2  -4  -3  -2  -2  -1   0    0   0   0   0   0   0   0   0   0   3  84   0   1  11   0   0   0   0   0   0  0.61 0.09
   24 S    -1   4   0  -1  -3   4   1  -2   1  -3  -2   3  -1  -3  -2   0  -1  -3  -2  -3    0  28   1   2   0  29   4   0   5   0   1  22   2   1   0   5   0   0   0   0  0.46 0.06
   25 W    -3  -4  -4  -5  -3  -3  -4  -4  -3  -2   0  -4  -1   6  -4  -3  -3   9   2  -2    0   0   0   0   0   0   0   0   0   0   3   0   0  57   0   0   0  38   0   0  1.45 0.13
   26 E    -2  -1  -1   1  -4   3   6  -3  -1  -4  -4   0  -3  -4  -2  -1  -2  -4  -3  -3    0   0   0   0   0  12  85   0   0   0   0   2   0   0   0   0   0   0   0   0  0.96 0.12
   27 A     1   0  -1  -1  -2   4   0  -2  -1  -2  -1   0   0  -3   1   0   2  -3  -2  -1   16   1   0   0   0  43   0   0   0   0   7   1   2   0   7   4  16   0   0   2  0.30 0.07
   28 T    -1  -2  -1  -2  -2  -2  -2  -3  -3   1   0  -2  -1  -2  -2   0   5  -3  -2   1    2   1   0   0   0   0   0   0   0   9   5   0   0   0   0   0  70   0   0  11  0.48 0.10
   29 S     1  -2   0  -1  -2  -1  -1   0  -2  -3  -3  -1  -2  -3  -1   5   1  -4  -3  -2    3   0   1   1   0   0   1   4   0   0   0   1   0   0   2  86   1   0   0   0  0.64 0.12
   30 S     1  -2   1   0  -2  -1  -1   1  -1  -3  -3  -1  -2  -3  -2   5   1  -4  -3  -3    2   0   3   3   0   1   0   9   0   0   0   0   0   0   0  81   0   0   0   0  0.61 0.11
   31 Q    -2   0   0   6  -4   3   2  -2  -1  -4  -4   0  -3  -4  -2  -1  -2  -4  -3  -4    2   6   0  62   0  24   7   0   0   0   0   0   0   0   0   0   0   0   0   0  0.80 0.10
   32 F    -3  -4  -4  -5  -3  -4  -4  -4  -2  -1   0  -4  -1   8  -5  -3  -3   0   2  -2    0   0   0   0   0   0   0   0   0   0   1   0   0  99   0   0   0   0   0   0  1.36 0.15
   33 R    -2   6  -1  -2  -4   3   0  -3   0  -4  -3   2  -2  -3  -3  -1  -1  -3  -2  -3    0  74   0   0   0  18   2   0   1   0   0   3   0   1   0   1   1   0   0   0  0.86 0.11
   34 P    -2  -3  -3  -2  -4  -2  -2  -3  -3  -4  -4  -2  -4  -5   8  -2  -2  -5  -4  -3    0   0   0   1   0   0   0   0   0   0   0   0   0   0  99   0   0   0   0   0  2.37 0.16
   35 E    -1  -1   0   2  -4   2   6  -2   1  -4  -4   0  -3  -4  -2  -1  -2  -4  -3  -3    1   0   1   5   0   4  85   1   2   0   0   0   0   0   0   0   0   0   0   0  0.93 0.12
   36 D    -2  -2   1   7  -4  -1   1  -2  -2  -4  -5  -1  -4  -5  -2  -1  -2  -5  -4  -4    1   0   2  95   0   0   2   1   0   0   0   0   0   0   0   0   0   0   0   0  1.31 0.14
   37 T     1  -1  -1  -2  -2  -1  -2  -2  -2  -2  -2  -1  -2  -2   2   2   2   8  -1  -2   11   3   0   0   0   2   0   1   0   0   1   0   0   0  10  23  22  28   0   0  0.63 0.08
   38 D    -1  -1   0   4  -3   0   3  -1  -1  -3  -3   0  -2  -4  -1   1   2  -4  -3  -2    2   0   0  33   0   1  25   2   0   0   0   1   0   0   1   8  27   0   0   0  0.46 0.07
   39 Y    -3  -3  -3  -4  -4  -2  -3  -4   2  -2  -2  -3  -2   2  -4  -3  -3   1   9  -2    0   0   0   0   0   0   0   0   2   0   0   0   0   0   0   0   0   0  98   0  1.56 0.17
   40 Q    -2   0  -1  -1  -4   7   1  -3   0  -4  -2   0  -1  -4  -2  -1  -2  -3  -2  -3    0   0   1   0   0  97   0   0   0   0   2   0   1   0   0   0   0   0   0   0  1.16 0.16
   41 Q    -2   1  -1  -1  -4   7   2  -3   0  -4  -3   2  -1  -4  -2  -1  -2  -2  -2  -3    0   1   0   0   0  81   5   0   0   0   0  13   0   0   0   0   0   0   0   0  0.94 0.13
   42 A     3  -2  -1  -1  -1  -1  -1  -1  -2  -3  -3  -1  -2  -3  -1   4   0  -3  -2  -1   36   0   0   0   0   0   0   0   0   0   0   0   0   0   0  63   0   0   0   1  0.55 0.10
   43 L    -2  -3  -4  -4  -2  -3  -4  -4  -4   4   3  -3   2   0  -2  -3  -1  -3  -2   2    0   0   0   0   0   0   0   0   0  41  46   0   1   0   1   0   0   0   0  10  0.48 0.07
   44 L    -2  -2  -4  -4  -2  -3  -4  -4  -3   1   5  -3   3   0  -4  -3  -2  -2  -2   1    1   1   0   0   0   0   0   0   0   0  89   0   6   1   0   0   0   0   0   2  0.66 0.10
   45 L    -2  -3  -4  -5  -2  -3  -4  -5  -4   1   5  -3   2   0  -4  -3  -2  -2  -2   1    0   0   0   0   0   0   0   0   0   0  97   0   0   0   0   0   0   0   0   3  0.75 0.11
   46 L    -2  -3  -4  -4  -2  -3  -4  -4  -4   2   5  -3   2   0  -4  -3  -2  -2  -2   1    0   0   0   0   0   0   0   0   0   5  90   0   2   1   0   0   0   0   0   3  0.67 0.10
   47 G     0  -3  -1  -2  -3  -2  -3   6  -3  -5  -4  -2  -3  -4  -3   0  -2  -3  -4  -4    2   0   0   0   0   0   0  94   0   0   0   0   0   0   0   3   1   0   0   0  1.27 0.12
   48 A     3  -2  -1  -2   2  -2  -2   5  -2  -3  -3  -2  -2  -3  -2   1  -1  -3  -3  -2   33   0   0   0   6   0   0  50   0   0   0   0   0   0   0  10   0   0   0   1  0.59 0.07
   49 A     1  -2  -3  -3  -1  -2  -3  -3  -3   2   1  -2   0  -1  -3  -1   0  -3  -2   4   18   1   0   0   0   0   0   0   0   6   7   0   1   0   0   3   3   0   0  61  0.33 0.07
   50 A     5  -2  -2  -3  -1  -2  -2  -1  -2  -2  -2  -1  -2  -3  -1   1  -1  -3  -3  -1   97   0   0   0   0   0   0   0   0   0   0   0   0   0   1   1   0   0   0   0  0.74 0.12
   51 L    -2  -3  -4  -4  -2  -3  -4  -4  -4   1   5  -3   2   0  -4  -3  -2  -2  -2   0    0   0   0   0   0   0   0   1   0   1  96   0   0   0   0   0   0   0   0   2  0.72 0.11
   52 A     4  -2  -2  -2  -1  -1  -2  -1  -2  -1  -1  -1  -1  -2  -2   2   0  -3  -2   0   72   0   0   0   0   0   0   0   0   0   6   0   1   0   0  13   0   0   0   7  0.43 0.09
   53 C    -1  -5  -4  -5  10  -4  -5  -4  -4  -2  -2  -4  -3  -4  -4  -2  -1  -4  -4  -2    0   0   0   0  99   0   0   0   0   0   0   0   0   0   0   0   1   0   0   0  2.13 0.19
   54 L    -2  -3  -4  -5  -2  -3  -4  -5  -4   1   5  -3   2   0  -2  -3  -2  -2  -2   0    0   0   0   0   0   0   0   0   0   0  99   0   0   0   1   0   0   0   0   0  0.76 0.11
   55 A     5  -2  -2  -3  -1  -2  -2   1  -2  -2  -2  -2  -2  -3  -1   0  -1  -3  -3   0   90   0   0   0   0   0   0   5   0   0   0   0   0   0   1   0   0   0   0   4  0.64 0.11
   56 L    -2  -3  -4  -4  -2  -3  -4  -4  -4   1   5  -3   2   0  -4  -3  -2  -2  -2   0    1   0   0   0   0   0   0   0   0   1  97   0   0   0   0   0   0   0   0   2  0.73 0.11
   57 D    -2  -3   1   7  -5  -1   1  -2  -2  -4  -5  -2  -4  -5  -2  -1  -2  -5  -4  -4    1   0   1  98   0   0   0   0   0   0   0   0   0   0   1   0   0   0   0   0  1.36 0.14
   58 L    -2  -3  -4  -5  -2  -3  -4  -5  -4   1   5  -3   2   0  -4  -3  -2  -2  -2   0    0   0   0   0   0   0   0   0   0   0 100   0   0   0   0   0   0   0   0   0  0.78 0.11
   59 L    -2  -3  -4  -4  -2  -3  -4  -4  -4   1   5  -3   2   0  -4  -3  -2  -2  -2   1    0   0   0   0   0   0   0   0   0   3  93   0   0   0   0   0   0   0   0   5  0.70 0.10
   60 F    -3  -4  -4  -5  -3  -4  -4  -4  -2  -1   0  -4  -1   8  -5  -3  -3   0   2  -1    0   0   0   0   0   0   0   0   0   2   0   0   0  97   0   0   0   0   0   1  1.30 0.15
   61 L    -2  -3  -4  -5  -2  -3  -4  -5  -4   1   5  -3   2   0  -4  -3  -2  -2  -2   0    0   0   0   0   0   0   0   0   0   0  99   0   1   0   0   0   0   0   0   0  0.78 0.11
   62 L    -2  -3  -4  -5  -2  -3  -4  -5  -4   1   5  -3   2   1  -4  -3  -2  -2  -1   0    0   0   0   0   0   0   0   0   0   0  97   0   0   3   0   0   0   0   0   0  0.74 0.11
   63 F    -3  -4  -4  -4   1  -4  -4  -4  -2   2   0  -4   0   7  -4  -3  -3   0   2   0    0   0   0   0   3   0   0   1   0  15   1   0   0  78   0   0   0   0   0   2  0.91 0.12
   64 Y    -3  -3  -3  -4  -4  -3  -3  -4   1  -2  -2  -3  -2   2  -4  -3  -3   1   9  -2    0   0   0   0   0   0   0   0   0   0   0   0   0   0   0   0   0   0 100   0  1.61 0.18
   65 S     0  -2   0  -1  -2  -1  -1  -1  -2  -3  -3  -1  -2  -3  -2   6   1  -4  -3  -3    0   0   0   0   0   0   0   0   0   0   1   0   0   0   0  99   0   0   0   0  0.84 0.14
   66 F    -3  -4  -4  -4   1  -4  -4  -4  -2   3   1  -4   0   6  -4  -3  -2   0   2   0    0   0   0   0   4   0   0   0   0  24   3   0   0  68   0   0   0   0   0   0  0.78 0.11
   67 W    -3  -4  -5  -6   4  -3  -4  -4  -4  -4  -3  -4  -3   0  -5  -4  -3  12   1  -4    0   0   0   0  12   0   0   0   0   0   0   0   0   2   0   0   0  86   0   0  2.73 0.20
   68 L    -2  -3  -4  -5  -2  -3  -4  -5  -4   1   5  -3   1   1  -4  -3  -2  -2  -1   0    0   0   0   0   0   0   0   0   0   0  95   0   0   5   0   0   0   0   0   0  0.73 0.11
   69 C    -2  -5  -4  -5  11  -4  -5  -4  -4  -2  -2  -4  -3  -4  -4  -2  -2  -4  -4  -2    0   0   0   0 100   0   0   0   0   0   0   0   0   0   0   0   0   0   0   0  2.22 0.20
   70 C    -2  -5  -4  -5  11  -4  -5  -4  -4  -2  -2  -4  -3  -4  -4  -2  -2  -4  -4  -2    0   0   0   0 100   0   0   0   0   0   0   0   0   0   0   0   0   0   0   0  2.22 0.20
   71 R    -2   7  -1  -3  -3   0  -1  -3   1  -4  -3   1  -2  -4  -3  -2  -2  -4  -3  -4    1  96   0   0   0   0   0   0   2   0   0   0   0   0   0   0   0   0   0   0  1.19 0.15
   72 R    -2   6  -1  -2  -2   1  -1  -3   4  -4  -3   1  -2  -3  -2  -1  -2  -2  -1  -3    0  75   0   0   1   4   0   0  17   0   1   0   0   0   1   1   1   1   0   0  0.87 0.12
   73 R    -1   5   1  -1  -2   1   0  -2  -1  -3  -3   3  -2  -3  -2   1  -1   0  -2  -3    0  58   8   0   1   2   1   0   0   0   0  17   0   0   0  10   1   1   0   0  0.61 0.09
   74 K    -2   2  -1  -2  -4   1   0  -2  -2  -4  -3   6  -2  -4  -1  -1  -2  -4  -3  -3    0   0   1   0   0   0   0   0   0   0   0  98   0   0   1   0   0   0   0   0  0.95 0.14
   75 S     0  -1   3   0  -2  -1  -1  -1  -1  -3  -3  -1  -2  -3  -2   4   3  -4  -2  -2    4   1  20   2   0   0   0   0   0   0   0   1   0   0   0  50  20   0   0   1  0.45 0.08
   76 E    -1  -1   0   3  -4   1   5  -2   0  -3  -4   0  -3  -4  -2   0  -1  -4  -3  -2    1   1   1  22   0   3  63   0   2   0   0   0   0   0   0   3   0   0   0   3  0.71 0.09
   77 E    -2  -1  -1   3  -5   1   6  -2  -1  -4  -4   0  -3  -4  -2  -1  -2  -4  -3  -3    0   1   0  14   0   1  83   1   0   0   0   0   0   0   0   0   0   0   0   0  0.96 0.12
   78 H    -2   1   1  -1  -4   5   1  -2   6  -4  -3   0  -2  -3   1  -1  -1  -3  -1  -3    0   5   5   0   0  46   1   0  33   0   0   0   0   0   5   2   1   0   0   0  0.67 0.11
   79 L    -1  -3  -3  -3  -2  -2  -2  -3  -3  -1   2  -2   0  -2   6  -1   1  -3  -3  -1    4   0   0   0   0   0   0   0   0   0  36   0   0   0  45   4   9   0   0   0  0.77 0.08
   80 D    -2  -1   6   4  -3  -1   0  -1  -1  -4  -4   0  -3  -4  -2   1  -1  -5  -3  -4    0   1  56  26   0   0   3   2   0   0   0   2   0   0   0  10   0   0   0   0  0.73 0.10
   81 A     5  -2  -2  -3  -1  -2  -2  -1  -2  -2  -2  -2  -2  -3   0   1  -1  -3  -3  -1   95   0   0   0   0   0   0   0   0   0   0   0   0   0   3   1   0   0   0   0  0.73 0.13
   82 D    -3  -3   1   7  -5  -1   1  -2  -2  -4  -5  -2  -4  -5  -2  -1  -2  -5  -4  -4    0   0   0 100   0   0   0   0   0   0   0   0   0   0   0   0   0   0   0   0  1.44 0.15
   83 C    -2  -5  -4  -5  11  -4  -5  -4  -4  -2  -2  -4  -3  -4  -4  -2  -2  -4  -4  -2    0   0   0   0 100   0   0   0   0   0   0   0   0   0   0   0   0   0   0   0  2.22 0.20
   84 C    -2  -5  -4  -5  11  -4  -5  -4  -4  -2  -2  -4  -3  -4  -4  -2  -2  -4  -4  -2    0   0   0   0 100   0   0   0   0   0   0   0   0   0   0   0   0   0   0   0  2.22 0.20
   85 C    -1  -5  -4  -5  10  -4  -5  -2  -4  -2  -2  -4  -3  -4  -4  -2  -2  -4  -4  -2    0   0   0   0  98   0   0   2   0   0   0   0   0   0   0   0   0   0   0   0  2.13 0.19
   86 T    -1  -2  -1  -2  -2  -2  -2  -3  -3  -2  -2  -2  -2  -3  -2   1   6  -4  -3  -1    0   0   0   0   0   0   0   0   0   0   0   0   0   0   0   0 100   0   0   0  0.98 0.16
   87 A     5  -2  -2  -3  -1  -2  -2  -1  -3  -2  -2  -2  -2  -3  -2   0   0  -3  -3   0   95   0   0   0   0   0   0   0   0   0   0   0   0   0   0   0   1   0   0   2  0.72 0.13
   88 W    -4  -4  -5  -6  -4  -3  -4  -4  -4  -4  -3  -4  -3   0  -5  -4  -4  12   1  -4    0   0   0   0   0   0   0   0   0   0   0   0   0   0   0   0   0  99   0   0  3.26 0.23
   89 C    -2  -5  -4  -5  11  -4  -5  -4  -4  -2  -2  -4  -3  -4  -4  -2  -2  -4  -4  -2    0   0   0   0  99   0   0   0   0   0   0   0   0   0   0   0   0   0   0   0  2.16 0.20
   90 V    -1  -3  -4  -4  -2  -3  -3  -4  -4   2   0  -3   0  -2  -3  -3  -1  -4  -2   6    0   0   0   0   0   0   0   0   0   0   0   0   0   0   0   0   0   0   0  99  0.76 0.13
   91 I    -2  -4  -4  -4  -2  -4  -4  -5  -4   6   1  -4   0  -1  -4  -3  -2  -4  -2   2    0   0   0   0   0   0   0   0   0  96   0   0   0   0   0   0   0   0   0   2  0.83 0.13
   92 I    -2  -4  -4  -4  -2  -4  -4  -5  -4   6   1  -4   0  -1  -4  -3  -1  -4  -2   2    0   0   0   0   0   0   0   0   0  94   0   0   0   0   0   0   0   0   0   4  0.80 0.13
   93 A     5  -2  -2  -3  -1  -2  -2  -1  -3  -2  -2  -2  -2  -3  -2   0  -1  -3  -3  -1   98   0   0   0   0   0   0   0   0   0   0   0   0   0   0   0   0   0   0   0  0.76 0.13
   94 T    -1  -2  -1  -2  -2  -2  -2  -3  -3  -2  -2  -2  -2  -3  -2   1   6  -3  -3  -1    1   0   0   0   0   0   0   0   0   0   0   0   0   0   0   0  98   0   0   0  0.94 0.15
   95 L    -2  -3  -4  -5  -2  -3  -4  -5  -4   1   5  -3   1   0  -4  -3  -2  -2  -2   0    0   0   0   0   0   0   0   0   0   0  99   0   0   0   0   0   0   0   0   0  0.77 0.12
   96 V    -1  -3  -4  -4  -2  -3  -3  -4  -4   2   0  -3   0  -2  -3  -3  -1  -4  -2   6    0   0   0   0   0   0   0   0   0   1   1   0   0   0   0   0   0   0   0  97  0.74 0.13
   97 C    -2  -5  -4  -5  11  -4  -5  -4  -4  -2  -2  -4  -3  -4  -4  -2  -2  -4  -4  -2    0   0   0   0  99   0   0   0   0   0   0   0   0   0   0   0   0   0   0   0  2.16 0.20
   98 S     0  -2   0  -1  -2  -1  -1  -1  -2  -3  -3  -1  -2  -3  -2   6   1  -4  -3  -3    0   0   0   0   0   0   0   1   0   0   0   0   0   0   0  99   0   0   0   0  0.86 0.15
   99 A     5  -2  -2  -3  -1  -2  -2  -1  -3  -2  -2  -2  -2  -3  -2   0  -1  -3  -3  -1   99   0   0   0   0   0   0   0   0   0   0   0   0   0   0   0   1   0   0   0  0.78 0.13
  100 G    -1  -3  -1  -2  -3  -3  -3   7  -3  -5  -5  -2  -4  -4  -3  -1  -2  -3  -4  -4    0   0   0   0   0   0   0 100   0   0   0   0   0   0   0   0   0   0   0   0  1.44 0.13
  101 I    -2  -4  -4  -4  -2  -4  -4  -5  -4   6   1  -4   0  -1  -4  -3  -2  -4  -2   2    0   0   0   0   0   0   0   0   0 100   0   0   0   0   0   0   0   0   0   0  0.88 0.14
  102 A     6  -2  -2  -3  -1  -2  -2  -1  -3  -2  -2  -2  -2  -3  -2   0  -1  -4  -3  -1  100   0   0   0   0   0   0   0   0   0   0   0   0   0   0   0   0   0   0   0  0.80 0.13
  103 V    -1  -3  -4  -4  -2  -3  -3  -4  -4   2   0  -3   0  -2  -3  -3  -1  -4  -2   6    0   0   0   0   0   0   0   0   0   0   0   0   0   0   0   0   0   0   0 100  0.79 0.14
  104 G    -1  -3  -1  -2  -3  -3  -3   7  -3  -5  -5  -2  -4  -4  -3  -1  -2  -3  -4  -4    0   0   0   0   0   0   0 100   0   0   0   0   0   0   0   0   0   0   0   0  1.44 0.13
  105 F    -3  -4  -4  -5  -3  -4  -4  -4  -2  -1   0  -4  -1   8  -5  -3  -3   0   2  -2    0   0   0   0   0   0   0   0   0   0   0   0   0 100   0   0   0   0   0   0  1.41 0.16
  106 Y    -3  -3  -3  -4  -4  -3  -3  -4   1  -2  -2  -3  -2   2  -4  -3  -3   1   9  -2    0   0   0   0   0   0   0   0   0   0   0   0   0   0   0   0   0   0 100   0  1.63 0.18
  107 G    -1  -3  -1  -2  -3  -3  -3   7  -3  -5  -5  -2  -4  -4  -3  -1  -2  -3  -4  -4    0   0   0   0   0   0   0 100   0   0   0   0   0   0   0   0   0   0   0   0  1.44 0.13
  108 N    -3  -1   7   0  -4  -1  -1  -1   0  -4  -5  -1  -3  -4  -3   0  -1  -5  -3  -4    0   0 100   0   0   0   0   0   0   0   0   0   0   0   0   0   0   0   0   0  1.33 0.16
  109 G    -1  -3  -1  -2  -3  -3  -3   7  -3  -5  -5  -2  -4  -4  -3  -1  -2  -3  -4  -4    0   0   0   0   0   0   0  98   0   0   0   0   0   0   0   2   0   0   0   0  1.38 0.13
  110 E    -2  -1  -1   1  -5   1   7  -3  -1  -4  -4   0  -3  -4  -2  -1  -2  -4  -3  -4    0   0   0   0   0   0 100   0   0   0   0   0   0   0   0   0   0   0   0   0  1.19 0.15
  111 T    -1  -2  -1  -2  -2  -1  -2  -2  -3  -2  -2  -1  -1  -3  -2   1   6  -3  -3  -1    1   0   0   0   0   0   0   0   0   0   0   0   0   0   0   7  92   0   0   0  0.86 0.14
  112 S     0  -3  -1  -2   8  -2  -2  -2  -3  -3  -3  -2  -2  -3  -2   4   0  -4  -3  -2    0   0   0   0  46   0   0   0   0   0   0   0   0   0   0  54   0   0   0   0  0.93 0.13
  113 D    -3  -3   1   7  -5  -1   1  -2  -2  -4  -5  -2  -4  -5  -2  -1  -2  -5  -4  -4    0   0   0 100   0   0   0   0   0   0   0   0   0   0   0   0   0   0   0   0  1.44 0.15
  114 G    -1  -3  -1  -2  -3  -3  -3   7  -3  -5  -5  -2  -4  -4  -3  -1  -2  -3  -4  -4    0   0   0   0   0   0   0 100   0   0   0   0   0   0   0   0   0   0   0   0  1.44 0.13
  115 I     0  -3  -4  -4  -2  -3  -3  -4  -4   4   1  -3   1  -1  -3  -2  -1  -3  -2   4    7   0   0   0   0   0   0   0   0  36   0   0   2   0   0   0   0   0   0  55  0.50 0.09
  116 H    -2  -1   5  -1  -4  -1  -1  -2   7  -4  -4  -1  -3  -3  -3   0  -1  -4   0  -4    0   0  42   0   0   0   0   1  49   0   0   0   0   0   0   4   3   0   1   0  0.90 0.12
  117 R    -2   7  -1  -3  -5   0  -1  -3  -1  -4  -3   1  -2  -4  -3  -2  -2  -4  -3  -4    0  99   0   0   0   1   0   0   0   0   0   0   0   0   0   0   0   0   0   0  1.28 0.15
  118 A     2  -3  -3  -4  -2  -2  -3  -3  -3   1   4  -2   2   0  -3  -1  -1  -2  -2   1   25   0   0   0   0   0   0   0   0   0  61   0   3   1   0   0   1   0   0  10  0.35 0.07
  119 T     0  -2  -1  -2  -2  -2  -2  -2  -3  -2  -2  -2  -2  -3  -2   1   6  -3  -3  -1    7   0   0   0   0   0   0   0   0   0   0   0   0   0   0   1  93   0   0   0  0.86 0.14
  120 Y    -3  -3  -3  -4  -4  -3  -3  -4   1  -2  -2  -3  -2   2  -4  -2  -3   1   9  -2    0   0   0   0   0   0   0   0   0   0   0   0   0   0   0   1   0   0  99   0  1.60 0.18
  121 S     1  -2   0  -1  -2  -1  -1  -1  -2  -3  -3  -1  -2  -3  -2   6   1  -4  -3  -3    2   0   0   0   0   0   0   0   0   0   0   0   0   0   0  98   0   0   0   0  0.84 0.15
  122 L    -2  -3  -4  -5  -2  -3  -4  -5  -4   1   5  -3   2   0  -4  -3  -2  -2  -2   0    0   0   0   0   0   0   0   0   0   2  96   0   1   0   0   0   0   0   0   1  0.75 0.11
  123 R    -2   7  -1  -3  -5   0  -1  -3  -1  -4  -3   1  -2  -4  -3  -2  -2  -4  -3  -4    0  99   0   0   0   0   0   0   0   0   1   0   0   0   0   0   0   0   0   0  1.27 0.15
  124 H    -3  -1   0  -2  -4  -1  -1  -3  10  -5  -4  -2  -3  -2  -3  -2  -3  -4   1  -4    0   0   0   0   0   0   0   0 100   0   0   0   0   0   0   0   0   0   0   0  1.81 0.20
  125 A     5  -2  -2  -3  -1  -2  -2  -1  -3  -2  -2  -2  -2  -3  -2   0  -1  -3  -3   0   95   0   0   0   0   0   0   0   0   0   0   0   0   0   0   0   0   0   0   5  0.71 0.13
  126 N    -3  -1   7   1  -4  -1  -1  -1   0  -4  -5  -1  -3  -4  -3   0  -1  -5  -3  -4    0   0  99   1   0   0   0   0   0   0   0   0   0   0   0   0   0   0   0   0  1.30 0.16
  127 R    -2   7  -1  -2  -4   1  -1  -3   2  -4  -3   1  -2  -4  -3  -2  -2  -4  -2  -3    0  89   0   0   0   3   0   0   7   0   1   0   0   0   0   0   0   0   0   0  1.08 0.14
  128 T    -1  -2  -1  -2  -2  -2  -2  -3  -3  -2  -2  -2  -2  -3  -2   1   6  -4  -3  -1    0   0   0   0   0   0   0   0   0   0   0   0   0   0   0   0 100   0   0   0  0.98 0.16
  129 V    -1  -3  -4  -4  -2  -3  -3  -4  -4   4   1  -3   1  -1  -3  -3  -1  -4  -2   5    0   0   0   0   0   0   0   0   0  27   1   0   2   0   0   0   0   0   0  70  0.59 0.10
  130 A     4  -2  -1  -2  -1  -1  -1  -1  -2  -2  -2  -1  -1  -3  -2   2   3  -3  -2   0   59   0   0   0   0   0   0   0   0   0   0   0   0   0   0  10  28   0   0   2  0.45 0.09
  131 G    -1  -3  -1  -2  -3  -3  -2   7  -3  -5  -5  -2  -4  -4  -3  -1  -2  -3  -4  -4    0   0   0   0   0   0   1  98   0   0   0   0   0   0   0   1   0   0   0   0  1.37 0.13
  132 V    -1  -3  -4  -4  -2  -3  -3  -4  -4   3   0  -3   1  -1  -3  -2  -1  -4  -2   5    1   0   0   0   0   0   0   0   0  14   0   0   1   0   0   0   0   0   0  84  0.64 0.11
  133 Q    -2   0   0   1  -4   6   2  -2   1  -4  -3   1  -2  -4  -2  -1  -2  -3  -2  -3    0   1   2   5   0  77  11   1   3   0   0   1   0   0   0   0   0   0   0   0  0.88 0.13
  134 D    -2   1   1   5  -4   0   1  -2  -1  -4  -4   4  -3  -4  -2   0  -1  -4  -3  -3    0   5   2  43   0   0   1   0   0   0   0  45   0   0   0   3   2   0   0   0  0.62 0.09
  135 R    -2   4  -2  -3  -3  -1  -2  -4  -1   0   3   0   0  -1  -3  -2  -2  -3  -2  -1    0  44   0   0   0   0   0   0   1   0  54   1   0   0   0   0   0   0   0   0  0.47 0.09
  136 V    -1  -3  -4  -4  -2  -3  -3  -4  -4   2   0  -3   0  -2  -3  -3  -1  -4  -2   6    0   0   0   0   0   0   0   0   0   1   0   0   0   0   0   0   0   0   0  99  0.78 0.13
  137 W    -1  -2  -1  -2  -2  -1  -2  -2   0  -2  -1  -2  -1   1  -3   2   1   8   4  -2    1   0   2   0   0   2   0   0   1   0   7   0   0   2   0  24   9  27  23   0  0.65 0.09
  138 D    -2  -2   1   6  -4  -1   2  -2  -2  -4  -4  -1  -4  -4  -2  -1  -1  -1  -4  -4    0   0   4  79   0   0  11   1   0   0   0   1   0   0   0   1   1   1   0   0  1.04 0.12
  139 T     0  -1   1  -1  -2  -1  -1   0  -2  -2  -3  -1  -2  -3  -2   4   4  -3  -2  -1    0   1   3   0   0   0   0   5   0   1   0   0   0   0   0  46  43   0   0   0  0.50 0.10
  140 A     3  -2  -1  -2  -1  -1  -1   0  -2  -2  -2  -1  -1  -3  -2   2   4  -3  -2  -1   42   1   1   0   0   0   0   3   0   1   0   0   0   0   0   8  44   0   0   1  0.43 0.08
  141 V     2  -2  -1  -2  -1   0  -1  -1  -2   0   0  -1   0  -1  -2   2   1  -3  -1   1   21   0   1   0   0   2   1   3   0   6   8   1   2   2   0  28  11   0   1  13  0.14 0.04
  142 G     4  -2  -1  -2  -1  -1  -1   0  -2  -2  -2  -1  -2  -3  -1   4   0  -3  -2  -1   48   0   0   0   0   0   0   2   0   0   1   1   0   0   0  46   0   0   0   1  0.48 0.09
  143 L    -2  -3  -4  -4  -2  -1  -3  -5  -4   1   5  -3   1   0  -4  -3  -2  -2  -2   0    0   0   0   0   0   3   0   0   0   0  97   0   0   0   0   0   0   0   0   0  0.74 0.11
  144 N    -2  -1   7   0  -4  -1  -1  -1   0  -4  -5  -1  -3  -4  -3   0  -1  -5  -3  -4    0   0  97   0   0   0   0   0   0   0   0   1   0   0   0   2   0   0   0   0  1.25 0.16
  145 H    -2   3   0  -1  -4   6   1  -3   2  -3  -2   1  -1  -4  -2  -1  -2  -3  -2  -3    0  22   1   1   0  59   4   0   4   0   3   5   0   0   0   0   0   0   0   0  0.68 0.11
  146 T    -1  -2  -1  -2  -2  -1  -2  -2  -3  -2  -2  -1  -2  -3  -2   2   6  -3  -3  -1    0   0   0   0   0   0   0   0   0   0   0   0   0   0   0  10  90   0   0   0  0.85 0.14
  147 A     2  -3  -3  -3  -1  -2  -3  -2  -3   1   0  -2   0  -2  -3  -1  -1  -4  -2   4   31   0   0   0   0   0   0   1   0   0   1   0   0   0   0   0   0   0   0  68  0.44 0.10
  148 E    -2  -1   0   4  -4   1   5  -2  -1  -4  -4   0  -3  -4  -2  -1  -2  -4  -3  -3    0   0   0  28   0   3  67   1   0   0   0   1   0   0   0   0   0   0   0   0  0.87 0.11
  149 P    -1  -2   0   2  -3  -1   2  -1  -2  -3  -3   0  -3  -4   6   0   0  -4  -3  -3    4   0   4  16   0   0  17   5   0   0   1   4   0   0  42   2   4   0   0   1  0.76 0.07
  150 S    -1  -1   5   1   0  -1  -1   1  -1  -4  -4  -1  -3  -3  -2   3   0  -4  -2  -3    0   0  48   6   2   0   0  11   0   0   0   0   0   0   0  32   0   0   1   0  0.56 0.09
  151 L    -2  -3  -4  -4  -2  -3  -4  -4  -4   1   5  -3   1   0  -4  -3  -2  -2  -2   0    1   0   0   0   0   0   0   0   0   0  97   0   0   0   0   1   0   0   0   1  0.74 0.11
  152 Q    -1   0  -1  -1  -3   6   1   0  -1  -1   0   0  -1  -3  -2  -1  -1  -3  -2   0    1   3   0   0   0  68   1   7   0   1  11   1   0   0   0   0   0   0   0   7  0.55 0.11
  153 T     0   0   0   0  -3   4   1  -2   0  -1  -2   0  -1  -2  -2   2   1  -3  -1  -1    2   1   3   4   0  43   4   0   2   3   2   0   0   1   0  23   6   0   1   5  0.33 0.07
  154 L    -2  -3  -4  -5   0  -3  -4  -5  -4   1   5  -3   1   0  -4  -3  -2  -2  -2   0    0   0   0   0   2   0   0   0   0   0  98   0   0   0   0   0   0   0   0   0  0.77 0.11
  155 E    -2  -1  -1   1  -5   1   6  -3  -1  -4  -4   1  -3  -4  -2  -1  -2  -4  -3  -3    1   0   0   1   0   2  94   0   0   0   0   3   0   0   0   1   0   0   0   0  1.08 0.14
  156 R     0   3  -1   0  -3   0   1   3  -1  -1  -2   1  -1  -3  -2   0   0  -3  -2  -1    3  25   0   3   0   1  12  26   0   2   1   6   1   0   0   5   7   0   0   9  0.22 0.04
  157 Q    -1   1  -1  -2  -3   6   1  -3  -1  -1  -1   0   3  -3  -2  -1  -1  -1  -2  -1    5   4   0   0   0  62   1   0   0   4   4   1  14   0   0   1   2   1   0   3  0.52 0.11
  158 L    -3  -3  -3  -4  -3  -3  -3  -4   0  -1   2  -3   0   4  -4  -3  -2   2   7  -1    0   0   0   0   0   0   0   0   0   0  26   0   1  18   0   0   0   1  55   0  0.80 0.11
  159 A     4  -1  -1  -2  -1   0  -1  -1  -2  -2  -2  -1   0  -3  -1   2   2  -3  -2  -1   59   1   0   0   0   5   1   0   0   0   0   2   2   0   0  12  17   0   0   2  0.37 0.07
  160 G     0   1  -1   0  -3   3   1   2  -1  -3  -3   3  -2  -4  -1   0   0  -3  -2  -3   10   1   0   2   0  20   7  16   0   0   0  39   0   0   1   1   4   0   0   0  0.36 0.06
  161 R    -2   3   0  -1  -4   4   0  -3   7  -4  -3   1  -2  -3  -3  -1  -2  -3   0  -3    0  24   2   1   0  24   0   0  44   0   0   3   0   0   0   0   1   0   0   0  0.75 0.11
  162 P     2  -2  -1  -2  -2   0  -1  -1  -2  -2  -2  -1  -1  -3   4   1   3  -3  -3  -1   26   0   0   0   0   3   2   1   0   0   0   2   1   0  25   2  40   0   0   0  0.53 0.08
  163 E    -2  -2   1   6  -4   0   3  -2  -2  -4  -4  -1  -4  -4  -2  -1  -2  -5  -4  -4    1   0   1  70   0   1  27   0   0   0   0   0   0   0   0   0   0   0   0   0  1.02 0.11
  164 P    -2  -3  -3  -4  -3  -2  -3  -4   1  -3  -2  -2  -2   2   4  -2  -2   1   7  -2    0   0   0   0   0   0   0   0   2   0   1   0   0   1  25   1   0   0  70   0  1.14 0.14
  165 L    -2  -3  -4  -4  -2  -2  -3  -4  -4   1   5  -3   2   0  -4  -3  -2  -2  -2   2    0   0   0   0   0   1   0   0   0   0  82   1   1   0   0   0   0   0   0  15  0.60 0.09
  166 R     0   3   0  -1  -2   0  -1  -2   4  -3  -3   0  -2  -3  -2   3   0  -3  -1  -3    4  28   0   0   0   0   0   0  16   0   1   1   0   0   0  49   0   0   0   0  0.45 0.09
  167 A     2  -3  -3  -3  -2  -3  -3  -3  -3   5   1  -3   1  -1  -3  -1  -1  -3  -2   2   25   0   0   0   0   0   0   0   0  62   1   0   1   0   0   1   1   0   0   9  0.39 0.08
  168 V    -1  -3  -4  -4  -2  -3  -3  -4  -4   4   1  -3   0  -1  -3  -2   0  -4  -2   5    0   0   0   0   0   0   0   0   0  29   0   0   0   0   0   0   3   0   0  68  0.58 0.10
  169 Q    -2   1  -1  -1  -4   7   1  -3   1  -4  -3   0  -1  -4  -2  -1  -2  -3  -2  -3    0   3   0   0   0  94   0   0   3   0   0   0   0   0   0   0   0   0   0   0  1.16 0.17
  170 R    -2   4  -1  -2  -4   1   0  -2  -1  -4  -3   5  -2  -4  -2  -1  -1  -4  -3  -3    0  29   0   0   0   0   0   0   0   0   0  69   0   0   0   2   0   0   0   0  0.79 0.11
  171 L    -2  -3  -4  -5  -2  -3  -4  -5  -4   1   5  -3   2   0  -4  -3  -2  -2  -2   0    0   0   0   0   0   0   0   0   0   0  96   0   2   0   0   0   0   0   0   1  0.76 0.11
  172 Q    -2   1  -1  -1  -4   7   1  -3   0  -4  -3   0  -1  -4  -2  -1  -2  -3  -2  -3    0   2   0   0   0  96   0   0   1   0   0   0   0   0   0   0   0   0   0   0  1.21 0.17
  173 G     0  -2  -1  -1  -3  -2  -2   6  -3  -4  -4  -2  -3  -4  -3   0  -1  -3  -4  -3    2   3   1   3   0   0   1  81   0   0   0   0   0   0   0   7   2   0   0   2  0.96 0.10
  174 L    -2  -1  -2  -2  -3   5   0  -3  -1  -1   3  -1   0  -2  -3  -2  -2  -3  -2  -1    0   0   0   0   0  53   0   0   0   0  47   0   0   0   0   0   0   0   0   0  0.52 0.11
  175 L    -2  -1  -4  -4  -2  -3  -4  -4  -4   1   5  -3   1   0  -4  -3  -2  -2  -2   0    0   3   0   0   0   0   0   0   0   0  96   0   0   0   0   1   0   0   0   0  0.71 0.11
  176 E    -1  -1   0   5  -4   1   2   1  -1  -4  -4  -1  -3  -3  -2   0  -2  -3   1  -3    2   1   0  58   0   5  12  11   0   0   0   1   0   0   0   2   0   0   7   0  0.63 0.08
  177 T    -1  -1  -1   3  -3   1   5  -3  -1  -3  -3   0  -2  -4  -2   0   3  -4  -3  -2    1   0   0  14   0   0  55   0   0   0   1   1   1   0   0   0  27   0   0   1  0.58 0.09
  178 L    -2  -3  -4  -5  -2  -3  -4  -5  -4   1   5  -3   2   0  -4  -3  -2  -2  -2   0    0   0   0   0   0   0   0   0   0   0  99   0   1   0   0   0   0   0   0   0  0.80 0.12
  179 L    -1  -3  -4  -4  -2  -2  -3  -4  -4   2   3  -3   1  -1  -3  -2  -1  -3  -2   4    0   0   0   0   0   1   0   0   0   5  32   0   1   0   0   1   1   0   0  59  0.46 0.08
  180 G    -1   5  -1  -2  -4   2  -1   3   0  -4  -3   2  -2  -4  -3  -1  -2  -3  -3  -3    1  54   1   0   0   8   0  25   2   0   0   8   0   0   0   1   1   0   0   0  0.59 0.08
  181 Y    -2   0  -1  -2  -1   6   0  -3   1  -2   0   0  -1  -1  -3  -1  -2  -1   4  -2    0   0   0   0   1  63   0   0   3   0  10   0   0   0   0   0   0   0  23   0  0.63 0.12
  182 T     0  -2  -2  -3  -2  -1  -2  -3  -2   0   1  -2   6  -1  -3  -1   4  -3  -2   0    5   0   0   0   0   0   1   0   0   0   5   0  46   0   0   0  40   0   0   3  0.48 0.11
  183 A     3  -2  -2  -2  -1  -2  -1   0  -3   0  -1  -1   0  -2  -2   1   1  -3  -2   2   35   0   0   0   0   0   2   6   0   1   1   2   1   0   0   7  12   0   0  34  0.21 0.06
  184 A     2  -1  -1   2  -3   1   4  -1  -1  -3  -3   0  -2  -4  -2   0   0  -4  -3  -2   25   0   0  13   0   0  53   3   0   0   0   1   0   0   0   1   3   0   0   0  0.51 0.08
  185 I    -2  -4  -4  -4  -2  -4  -4  -5  -4   6   1  -4   0  -1  -4  -3  -1  -4  -2   3    0   0   0   0   0   0   0   0   0  86   1   0   0   0   0   0   0   0   0  13  0.75 0.12
  186 P    -2  -3  -3  -3  -4  -2  -2  -3  -3  -4  -4  -2  -4  -5   8  -2  -1  -5  -4  -3    0   0   0   0   0   0   0   0   0   0   0   0   0   0  98   0   2   0   0   0  2.35 0.17
  187 F    -3  -4  -4  -5  -3  -4  -4  -4  -2  -1   0  -4  -1   8  -5  -3  -3   0   2  -2    0   0   0   0   0   0   0   0   0   0   0   0   0 100   0   0   0   0   0   0  1.41 0.16
  188 W    -4  -4  -5  -6  -4  -3  -4  -4  -4  -4  -3  -4  -3   0  -5  -4  -4  12   1  -4    0   0   0   0   0   0   0   0   0   0   0   0   0   0   0   0   0 100   0   0  3.33 0.24
  189 R    -1   3   0   3  -3   0   1   0  -1  -3  -3   2  -2  -4  -2   1  -1  -4  -3  -3    1  26   2  21   0   0   8   7   0   0   0  21   0   0   0  14   1   0   0   0  0.37 0.05
  190 N    -2   0   7   1  -4  -1  -1  -1   1  -4  -4  -1  -3  -4  -3   0  -1  -5  -3  -4    0   3  93   1   0   0   0   1   2   0   0   0   0   0   0   1   0   0   0   0  1.16 0.15
  191 T     0  -1   1   0  -2   0   1  -1   0  -2  -2  -1  -2  -3   5   1   2  -3  -2  -2    7   3   8   4   0   1   9   3   3   0   3   1   0   0  29  13  16   0   0   1  0.44 0.05
  192 A     1   0   2   3  -2   0   1   1   0  -2  -2   0  -2  -3  -2   1  -1  -3  -2  -2   18   5  14  23   0   4   8   9   2   1   4   2   0   0   0   7   1   0   1   1  0.22 0.03
  193 V    -1  -3  -4  -4  -2  -3  -3  -4  -4   4   2  -3   1  -1  -3  -3  -1  -3  -2   4    1   0   0   0   0   0   0   0   0  37  10   0   3   1   0   0   0   0   0  49  0.49 0.08
  194 S     0  -2   0  -1  -2  -1  -1  -1  -2  -3  -3  -1  -2  -3  -2   6   1  -4  -3  -3    0   0   0   0   0   0   0   0   0   0   0   0   0   0   0  99   0   0   0   0  0.86 0.15
  195 L    -2  -3  -4  -5  -2  -3  -4  -5  -4   1   5  -3   2   0  -4  -3  -2  -2  -2   0    0   0   0   0   0   0   0   0   0   1  95   0   3   0   0   0   0   0   0   1  0.75 0.11
  196 E    -2  -1  -1   3  -5   1   6  -2   0  -4  -4   0  -3  -4  -2  -1  -2  -4  -3  -3    0   0   0  14   0   1  83   1   2   0   0   0   0   0   0   0   0   0   0   0  0.96 0.12
  197 V     0  -1   0   4  -3   0   3  -1  -1  -2  -2  -1  -1  -3  -2  -1   0  -3  -2   0    9   0   1  28   0   1  34   3   1   0   2   1   1   0   0   0   5   0   1  12  0.33 0.06
  198 L    -2  -3  -4  -4  -2  -3  -4  -4  -4   1   5  -3   1   1  -4  -3  -2   0  -1   1    0   0   0   0   0   0   0   0   0   0  91   0   0   4   0   0   0   1   0   4  0.69 0.10
  199 A     5  -2  -2  -3  -1  -2  -2  -1  -2  -2  -2  -1  -2  -3  -2   1  -1  -3  -3  -1   95   0   0   0   0   0   0   0   0   0   0   0   0   0   0   5   0   0   0   0  0.74 0.13
  200 E     0  -1  -1  -1  -2   0   2  -1  -2   1  -1   0  -1  -2  -2   0   1  -3  -2   2    7   3   0   0   0   2  26   5   0  10   1   2   0   1   0   5   8   0   0  30  0.13 0.04
  201 Q    -1   2   1  -1  -3   4   1  -2   1  -3  -2   3  -1  -3  -2   0   0   0  -2  -3    0  11   6   0   0  39   2   0   4   1   2  24   0   0   0   5   6   1   0   0  0.43 0.07
  202 V    -1  -3  -3  -3  -2  -3  -3  -4  -4   4   1  -3   0  -1  -3  -2   2  -3  -2   4    2   0   0   0   0   0   0   0   0  41   3   0   1   0   0   0  16   0   0  39  0.41 0.07
  203 D    -2  -1   0   5  -4   1   5  -3  -1  -4  -4   0  -3  -4  -2  -1  -2  -4  -3  -4    0   0   0  44   0   1  54   0   0   0   0   0   0   0   0   0   0   0   0   0  0.92 0.11
  204 L    -1  -3  -4  -4  -2  -1  -3  -4  -3   1   5  -3   2   0  -3  -3  -1  -2  -1   0    6   0   0   0   0   3   0   0   0   0  87   0   1   1   0   0   1   0   1   0  0.57 0.10
  205 Y    -3  -3  -3  -4  -1  -3  -3  -4   1  -2  -2  -3  -2   4  -4  -3  -3   1   8  -2    0   0   0   0   2   0   0   0   1   0   0   0   0  14   0   0   0   0  84   0  1.33 0.15
  206 D    -3  -3   1   7  -5  -1   1  -2  -2  -4  -5  -2  -4  -5  -2  -1  -2  -5  -4  -4    0   0   0 100   0   0   0   0   0   0   0   0   0   0   0   0   0   0   0   0  1.44 0.15
  207 W    -4  -4  -5  -6  -4  -3  -4  -4  -4  -4  -3  -4  -3   1  -5  -4  -4  12   1  -4    0   0   0   0   0   0   0   0   0   0   0   0   0   4   0   0   0  96   0   0  3.14 0.23
  208 Y    -3  -3  -3  -4  -4  -3  -3  -4   1  -2  -2  -3  -2   2  -4  -3  -3   1   9  -2    0   0   0   0   0   0   0   0   0   0   0   0   0   1   0   0   0   0  99   0  1.61 0.18
  209 R    -2   7  -1  -3  -5   0  -1  -3  -1  -4  -3   1  -2  -4  -3  -2  -2  -4  -3  -4    0 100   0   0   0   0   0   0   0   0   0   0   0   0   0   0   0   0   0   0  1.29 0.16
  210 W    -4  -4  -5  -5  -4  -3  -4  -4  -4  -4  -3  -4  -3   0  -5  -4  -4  12   1  -4    0   0   0   0   0   0   0   0   0   0   0   0   0   0   0   0   0  97   0   0  3.15 0.22
  211 L    -2  -3  -4  -4  -2  -2  -3  -4  -3   1   5  -3   1   0  -3  -3  -2  -2  -2   0    0   0   0   0   0   1   0   0   0   1  95   0   0   0   0   1   0   0   0   0  0.70 0.11
  212 G     1  -3  -1  -2  -3  -2  -3   6  -3  -4  -4  -2  -3  -4  -3   0  -2  -3  -4  -3    9   0   0   0   0   0   0  86   0   0   0   0   0   0   0   2   1   0   0   1  1.09 0.11
  213 Y    -3  -3  -3  -4  -3  -2  -3  -4   1  -2  -2  -3  -2   2  -4  -3  -3   1   8  -2    0   0   0   0   0   0   0   0   0   0   0   0   0   0   0   0   0   0  97   0  1.52 0.17
  214 L    -2  -3  -4  -4  -2  -3  -3  -4  -3   3   4  -3   1   0  -3  -3  -2  -2  -2   1    0   0   0   0   0   0   0   0   0  22  74   0   0   0   0   0   0   0   0   1  0.57 0.08
  215 G     0  -3  -1  -2  -3  -2  -2   6  -3  -3  -3  -2  -3  -3  -2   0   1  -3  -3  -2    2   0   0   0   0   0   0  75   0   0   0   0   0   0   0   7  10   0   0   3  0.86 0.09
  216 L    -2  -3  -4  -4  -2  -3  -3  -4  -3   1   5  -3   1   0  -3  -3  -2  -2  -2   1    0   0   0   0   0   0   0   0   0   0  93   0   0   1   0   0   0   0   0   4  0.68 0.10
  217 L    -2  -3  -4  -4  -2  -3  -4  -4  -3   1   5  -3   1   0  -3  -3  -2  -2  -2   0    0   0   0   0   0   0   0   0   0   0  97   0   0   0   0   0   0   0   0   0  0.74 0.11
  218 L    -2  -3  -4  -4  -2  -3  -3  -4  -3   1   5  -3   2   0  -3  -3  -2  -2  -2   0    0   0   0   0   0   0   0   0   0   0  94   0   3   0   0   0   0   0   0   0  0.71 0.10
  219 L    -3  -3  -4  -4  -3  -4  -4  -4  -2   0   2  -4   0   7  -4  -3  -3   0   2  -1    0   0   0   0   0   0   0   0   0   0  23   0   0  75   0   0   0   0   0   0  0.89 0.11
  220 D    -2  -2   1   6  -4  -1   1  -2   4  -4  -4  -1  -3  -4  -2  -1  -2  -5  -2  -4    0   0   2  79   0   0   0   0  16   0   0   0   0   0   0   0   0   0   0   0  1.06 0.12
  221 V    -1  -3  -4  -4  -2  -3  -3  -4  -4   2   0  -3   0  -2  -3  -2  -1  -4  -2   5    1   0   0   0   0   0   0   0   0   6   0   0   0   0   0   1   0   0   0  90  0.65 0.11
  222 I     0  -3  -3  -4  -2  -2  -3  -3  -3   2   4  -3   1   1  -3  -2  -1  -2  -1   1   11   0   0   0   0   0   0   0   0  12  64   0   1   5   0   1   1   0   0   3  0.37 0.06
  223 I    -2  -4  -4  -4  -2  -3  -4  -4  -4   6   1  -3   1  -1  -3  -3  -1  -3  -2   2    0   0   0   0   0   0   0   0   0  93   2   0   0   0   0   0   0   0   0   3  0.76 0.12
  224 C    -1  -4  -4  -4  10  -4  -5  -4  -4  -2  -2  -4  -2  -3  -4  -2  -2  -3  -3  -2    0   0   0   0  97   0   0   0   0   0   0   0   0   0   0   0   0   0   0   0  2.08 0.19
  225 L    -2  -3  -4  -4  -2  -3  -4  -4  -3   1   5  -3   1   0  -3  -3  -2  -2  -2   0    0   0   0   0   0   0   0   0   0   0  97   0   0   0   0   0   0   0   0   0  0.74 0.11
  226 L    -2  -3  -4  -4  -2  -3  -3  -4  -3   1   5  -3   2   0  -3  -3  -2  -2  -2   0    0   0   0   0   0   0   0   0   0   0  93   0   1   1   0   2   0   0   0   1  0.68 0.10
  227 V     0  -3  -4  -4  -2  -3  -3  -4  -4   2   0  -3   0  -2  -3  -2  -1  -4  -2   6    3   0   0   0   0   0   0   0   0   0   0   0   0   0   0   0   0   0   0  95  0.68 0.12
  228 L    -2  -3  -4  -4  -2  -3  -4  -4  -3   1   5  -3   1   0  -3  -3  -2  -2  -2   0    0   0   0   0   0   0   0   0   0   0  97   0   0   0   0   0   0   0   0   0  0.74 0.11
  229 V    -2  -3  -4  -4  -3  -4  -4  -4  -2   0   0  -4   0   7  -4  -3  -2   0   2   2    0   0   0   0   0   0   0   0   0   0   2   0   0  69   0   0   0   0   0  26  0.78 0.11
  230 G    -1  -3  -1  -2  -3  -3  -3   7  -3  -4  -4  -2  -3  -4  -3  -1  -2  -3  -4  -4    0   0   0   0   0   0   0  97   0   0   0   0   0   0   0   0   0   0   0   0  1.35 0.12
  231 L    -2  -3  -4  -4  -2  -3  -4  -4  -3   1   5  -3   1   0  -3  -3  -2  -2  -2   0    0   0   0   0   0   0   0   0   0   0  97   0   0   0   0   0   0   0   0   0  0.74 0.11
  232 I    -2  -4  -4  -4  -2  -4  -4  -4  -4   6   1  -3   0  -1  -3  -3  -1  -3  -2   2    0   0   0   0   0   0   0   0   0  97   0   0   0   0   0   0   0   0   0   1  0.80 0.13
  233 R    -2   7  -1  -2  -4   0  -1  -3  -1  -4  -3   1  -2  -4  -3  -2  -2  -4  -3  -3    0  97   0   0   0   0   0   0   0   0   0   0   0   0   0   0   0   0   0   0  1.21 0.14
  234 S    -1  -1   6   0  -3  -1  -1  -1   0  -4  -4  -1  -3  -4  -2   2   0  -4  -3  -3    0   0  73   0   0   0   0   0   0   0   0   0   0   0   0  24   0   0   0   0  0.86 0.12
  235 S     1  -2   0  -1  -2  -1  -1  -1  -2  -3  -3  -1  -2  -3  -2   6   1  -4  -3  -2    1   0   0   0   0   0   0   0   0   0   0   0   0   0   0  96   0   0   0   1  0.79 0.14
  236 K    -2   3  -1  -2  -4   1   0  -2  -1  -3  -3   6  -2  -4  -2  -1  -1  -4  -3  -3    0  12   0   0   0   0   0   0   0   0   0  85   0   0   0   0   0   0   0   0  0.82 0.12
  237 G     2  -3  -1  -2  -2  -2  -2   6  -2  -4  -4  -2  -3  -3  -2   0  -1  -3  -3  -3   21   0   1   0   0   0   0  73   0   0   0   0   0   0   0   1   2   0   0   0  0.88 0.09
  238 I    -1  -2  -2  -3  -2  -2  -2  -3  -3   4   0  -2   0  -2  -2   0   4  -3  -2   1    0   0   0   0   0   0   0   0   0  46   1   0   1   0   0   0  49   0   0   2  0.44 0.10
  239 L    -2  -3  -4  -4  -2  -3  -4  -4  -3   1   5  -3   1   0  -3  -3  -2  -2  -2   0    0   0   0   0   0   0   0   0   0   0  97   0   0   0   0   0   0   0   0   0  0.74 0.11
  240 V    -1  -3  -4  -4  -2  -3  -3  -4  -4   5   1  -3   1  -1  -3  -3  -1  -3  -2   4    1   0   0   0   0   0   0   0   0  59   2   0   2   0   0   0   0   0   0  34  0.54 0.09
  241 G     0  -3  -1  -2  -1  -2  -3   6  -3  -4  -4  -2  -3  -4  -3   0  -2  -2  -4  -3    5   0   0   0   2   0   0  87   0   0   0   0   0   0   0   3   0   1   0   1  1.11 0.11
  242 V    -1  -3  -4  -4  -2  -3  -3  -4  -4   2   0  -3   0  -1  -3  -2  -1  -3  -1   6    1   0   0   0   0   0   0   0   0   0   0   0   0   0   0   1   0   0   2  95  0.70 0.13
  243 C    -1  -4  -4  -5  10  -4  -5  -3  -4  -2  -2  -4  -2  -3  -4  -2  -2   1  -3  -2    0   0   0   0  95   0   0   1   0   0   0   0   0   0   0   0   0   3   0   0  2.01 0.18
  244 L    -2  -3  -4  -4  -2  -3  -4  -4  -3   1   4  -3   1   2  -2  -3  -2  -2  -1   1    0   0   0   0   0   0   0   0   0   4  80   0   1  11   1   0   0   0   0   3  0.58 0.09
  245 L    -2  -3  -4  -4  -2  -3  -4  -3  -3   1   4  -3   1   4  -4  -3  -2  -1   0   0    0   0   0   0   0   0   0   1   0   0  72   0   0  27   0   0   0   0   0   0  0.61 0.09
  246 G     0  -3  -1  -2  -3  -2  -3   6  -3  -5  -5  -1  -4  -4  -3  -1  -2  -3  -4  -4    2   0   0   0   0   0   0  95   0   0   0   2   0   0   0   1   0   0   0   0  1.30 0.12
  247 V    -1  -3  -4  -4  -2  -3  -3  -4  -4   2   0  -3   1  -2  -3  -2  -1  -4  -2   5    2   1   0   0   0   0   0   0   0   1   1   0   2   0   0   0   0   0   0  93  0.68 0.12
  248 L    -2  -3  -4  -4  -2  -3  -3  -4  -3   2   4  -2   2   1  -3  -3  -1  -2  -1   2    0   0   0   0   0   0   0   0   0   3  65   2   2   5   0   0   0   0   0  23  0.46 0.07
  249 A     5  -1  -2  -2  -1  -1  -2  -1  -2  -2  -2  -1  -2  -2  -2   1   2  -3  -2  -1   82   2   0   0   0   0   0   0   0   0   0   0   0   1   0   0  14   0   0   0  0.57 0.11
  250 L    -2  -3  -4  -4  -2  -3  -4  -5  -4   1   5  -2   2   0  -4  -3  -2  -2  -2   0    0   0   0   0   0   0   0   0   0   1  96   2   1   0   0   0   0   0   0   0  0.73 0.11
  251 V    -1  -3  -3  -4  -2  -3  -3  -4  -4   4   1  -3   1  -1  -1  -2   0  -3  -2   4    1   1   0   0   0   0   0   0   0  39   0   0   1   0   2   0   3   0   0  52  0.47 0.08
  252 I    -1  -4  -4  -4  -2  -3  -4  -4  -4   5   1  -3   0   0  -3  -3  -1  -3  -2   3    2   0   0   0   0   0   0   0   0  80   1   0   0   1   0   0   1   0   0  15  0.64 0.11
  253 S     0  -2   0  -1  -2  -1  -1  -1  -2  -3  -3  -1  -2  -3  -1   6   1  -4  -3  -3    0   0   2   0   0   0   0   2   0   0   0   0   0   0   1  95   0   0   0   0  0.78 0.14
  254 W    -4  -4  -5  -5  -4  -2  -4  -4  -4  -4  -3  -4  -3   0  -5  -4  -4  12   1  -4    0   0   0   0   0   2   0   0   0   0   0   0   0   0   0   0   0  97   0   0  3.14 0.22
  255 G     2  -3  -2  -2  -2  -2  -2   4  -3  -1  -1  -2  -1  -3  -2   0  -1  -3  -3   1   28   0   0   0   0   0   0  46   0   0   3   0   0   0   0   1   0   0   0  22  0.45 0.07
  256 A     2  -2   0  -1  -1  -1  -1  -1  -2  -3  -3  -1  -2  -3  -2   5   1  -4  -2  -2   22   0   0   0   0   0   0   1   0   0   0   0   0   0   0  70   6   0   0   0  0.57 0.10
  257 L    -2  -3  -4  -4  -2  -3  -4  -4  -4   1   5  -3   2   0  -2  -3  -2  -2  -2   0    0   0   0   0   0   0   0   0   0   0  94   0   5   0   1   0   0   0   0   0  0.73 0.11
  258 G     0  -3  -1  -2  -3  -3  -3   7  -3  -5  -5  -2  -4  -4  -3  -1  -2  -3  -4  -4    1   0   0   0   0   0   0  99   0   0   0   0   0   0   0   0   0   0   0   0  1.42 0.13
  259 L    -2  -3  -4  -4  -2  -3  -4  -4  -4   1   5  -3   2   0  -4  -3  -2  -2  -2   1    0   0   0   0   0   0   0   0   0   2  88   0   3   1   0   0   0   0   0   6  0.66 0.10
  260 E    -2  -1  -1   1  -5   1   6  -2  -1  -4  -4   0  -3  -4  -1  -1  -2  -4  -3  -3    1   0   0   0   0   0  96   2   0   0   0   0   0   0   1   0   0   0   0   0  1.09 0.14
  261 L    -2  -3  -4  -4  -2  -3  -4  -4  -3   1   5  -3   1   0  -4  -3  -2  -2  -2   1    0   0   0   0   0   0   0   0   0   0  94   0   0   2   0   0   0   0   0   3  0.70 0.10
  262 A     5  -2  -2  -2  -1  -1  -1   0  -2  -2  -2  -1  -2  -3  -1   1   0  -3  -2  -1   85   0   0   0   0   0   0   1   0   0   0   0   0   0   0   9   3   0   0   0  0.61 0.11
  263 V     0  -3  -3  -4  -1  -3  -3  -4  -4   2   0  -3   0   0  -3  -2  -1  -3  -2   5    6   0   0   0   0   0   0   0   0   2   3   0   1   2   0   0   1   0   0  84  0.55 0.10
  264 S     3  -2  -1  -1  -1  -1  -1  -1  -2  -3  -3  -1  -2  -3  -1   5   0  -4  -2  -2   30   0   0   0   0   0   0   0   0   0   0   0   0   0   1  69   0   0   0   0  0.59 0.11
  265 V     3  -3  -3  -3  -1  -2  -2  -2  -3   1   0  -2   0  -2  -2   0   0  -3  -2   4   32   0   0   0   0   1   0   0   0   0   3   0   0   0   0   5   1   0   0  58  0.34 0.08
  266 G     0  -1  -1  -2  -2  -2  -2   5  -2  -3  -3  -1  -2  -3  -2   2   2  -3  -3  -2    4   2   0   0   0   0   0  51   0   0   0   0   1   0   0  19  23   0   0   0  0.57 0.08
  267 S     2  -2   0  -1  -1  -1  -1  -1   0  -3  -3  -1  -2  -1  -2   5   2  -3  -2  -2   13   0   0   0   1   0   0   0   2   0   0   0   0   3   0  73   8   0   0   0  0.53 0.10
  268 S     1  -2   0  -1  -1  -1  -1  -1  -2  -3  -3  -1  -2  -3  -2   6   1  -4  -3  -3    2   0   0   0   1   0   0   0   0   0   0   0   0   0   0  97   0   0   0   0  0.82 0.14
  269 D    -3  -3   1   7  -5  -1   1  -2  -2  -4  -5  -2  -4  -5  -1  -1  -2  -5  -4  -4    0   0   0  98   0   0   0   0   0   0   0   0   0   0   2   0   0   0   0   0  1.38 0.15
  270 F    -3  -4  -4  -5  -3  -4  -4  -4  -2  -1   0  -4  -1   8  -5  -2  -3   0   2  -2    0   0   0   0   0   0   0   0   0   0   0   0   0  97   0   2   0   0   0   0  1.32 0.15
  271 C    -2  -5  -4  -5  10  -4  -5  -4  -4  -2  -2  -4  -2  -4  -4  -2  -2  -4  -4  -2    0   0   0   0  98   0   0   0   0   0   2   0   0   0   0   0   0   0   0   0  2.13 0.19
  272 V     0  -3  -3  -3  -2  -3  -3  -3  -3   2   0  -3   1   1  -3  -2  -1  -3  -1   5    9   0   0   2   0   0   0   0   0   8   3   0   1   6   0   0   0   0   0  71  0.42 0.09
  273 D     2  -2   2   4  -2  -1   0  -1  -1  -3  -3  -1  -2  -3  -2   2   0  -4  -3  -2   33   0  13  29   0   0   2   0   0   0   0   0   0   0   0  23   0   0   0   0  0.41 0.07
  274 P    -2  -3  -3  -2  -4  -2  -2  -3  -3  -4  -4  -2  -4  -5   8  -1  -2  -5  -4  -3    0   0   0   0   0   0   0   0   0   0   0   0   0   0  98   2   0   0   0   0  2.35 0.17
  275 D    -2  -2   1   7  -4  -1   1  -2  -2  -4  -5  -1  -4  -4  -2  -1  -2  -5  -4  -4    3   0   4  91   0   1   2   0   0   0   0   0   0   0   0   0   0   0   0   0  1.23 0.13
  276 A     1  -2  -1  -2  -2  -1  -1  -2  -2  -1  -1  -1   3  -2  -1   1   4  -3  -2   0   17   0   0   0   0   0   2   0   0   1   2   2  14   0   1   3  54   0   0   4  0.35 0.08
  277 Y    -3  -3  -3  -4  -3  -3  -3  -4   1  -2  -1  -3   0   4  -4  -3  -3   1   8  -2    0   0   0   0   0   0   0   0   0   0   0   0   2  21   0   0   0   0  77   0  1.26 0.15
  278 V    -1  -3  -4  -4  -2  -3  -3  -4  -4   4   0  -3   0  -1  -1  -2  -1  -4  -2   5    0   0   0   0   0   0   0   0   0  26   0   0   1   0   2   0   1   0   0  70  0.56 0.10
  279 T     0  -2  -1  -2  -2  -1  -2  -2  -2   0  -1  -1  -1  -3  -2   2   5  -3  -2   0    4   1   0   0   0   0   0   0   0   8   2   0   1   0   0  17  66   0   0   2  0.49 0.10
  280 K    -1   4  -1  -1  -4   2   1  -2  -1  -3  -3   4  -2  -4  -2  -1   0  -4  -2  -3    0  27   0   1   0   6   8   0   0   0   0  53   0   0   0   1   4   0   0   0  0.59 0.08
  281 M    -1  -3  -3  -4  -2  -2  -3  -4  -3   2   1  -3   5  -1  -3  -2   0  -3  -2   4    3   0   0   0   0   0   0   0   0   1   4   0  36   0   0   0   2   0   0  55  0.50 0.10
  282 V     2  -2  -2  -3  -1  -2  -2  -1  -3   1  -1  -2   0  -2  -2   0   2  -3  -2   3   21   0   0   0   0   0   0   2   0   1   0   0   0   0   0   5  22   0   0  48  0.28 0.07
  283 E    -1   0   1   3  -4   1   5  -2  -1  -4  -4   1  -3  -4  -2   0  -1  -4  -2  -3    3   4   4  19   0   3  57   1   0   0   0   6   0   0   0   1   0   0   1   0  0.62 0.08
  284 E    -1   1   0   2  -4   4   4  -2  -1  -4  -3   1  -2  -4  -2  -1  -1  -3  -3  -3    1   4   0  10   0  29  48   0   0   0   0   5   0   0   0   0   2   0   0   0  0.64 0.09
  285 Y    -2  -1   3  -2  -2  -1  -2  -3   6  -3  -2   0  -2   1  -3  -1  -2   0   6  -3    0   1  19   0   1   0   0   0  26   0   2   5   0   0   0   2   0   0  44   0  0.66 0.10
  286 S     2   0  -1  -1  -2   0   0   3  -2  -3  -3   0  -2  -3  -2   3   0  -1  -2  -2   24   3   0   1   0   5   2  24   0   0   0   1   1   0   0  35   2   1   1   0  0.34 0.06
  287 V    -1  -3  -4  -4  -2  -3  -3  -4  -4   2   1  -3   1  -1  -3  -2  -1  -4  -2   5    1   0   0   0   0   0   0   0   0   4   8   0   1   0   0   0   0   0   0  87  0.63 0.11
  288 L    -2  -3  -4  -4   0  -3  -4  -4  -4   4   3  -3   2   0  -3  -3  -1  -3  -2   2    0   0   0   0   2   0   0   0   0  43  46   0   2   1   0   0   0   0   0   6  0.49 0.07
  289 S    -1   0   4   2  -2   0   0  -1   0  -3  -4   0  -2  -3  -1   3   0  -4  -3  -3    1   2  38  10   0   0   0   1   0   0   0   5   0   0   2  37   3   0   0   0  0.48 0.08
  290 G     0   0   0  -1  -3   3   1   2  -1  -3  -3   2  -2  -4   0   0   0  -3  -2  -2    9   2   1   0   0  27   3  23   0   0   0  22   0   0   2   3   7   0   0   0  0.33 0.06
  291 D    -2  -2   0   6  -4   0   3  -1  -2  -4  -4  -1  -4  -4  -2  -1  -2  -5  -4  -4    2   0   0  75   0   0  20   2   0   0   0   0   0   0   0   0   0   0   0   0  1.03 0.12
  292 I    -2  -4  -4  -4  -2  -3  -4  -4  -4   6   1  -3   0  -1  -3  -2   1  -3  -2   2    0   0   0   0   0   0   0   0   0  85   0   0   0   0   0   2   9   0   0   4  0.64 0.11
  293 L    -2  -3  -4  -5  -2  -3  -4  -5  -4   1   5  -3   1   0  -4  -3  -2  -2  -2   0    0   0   0   0   0   0   0   0   0   0 100   0   0   0   0   0   0   0   0   0  0.80 0.12
  294 Q    -2   2   2  -1  -4   6   1  -2   2  -4  -2   1  -1  -4  -2   0  -1  -3  -2  -3    0   7   9   0   0  70   2   0   4   0   2   2   0   0   1   2   0   0   0   0  0.74 0.12
  295 Y    -3  -3  -3  -4  -3  -2  -3  -4   2  -2  -2  -3  -2   2  -4  -3  -3   1   8  -2    0   0   0   0   0   0   0   0   4   0   0   0   0   0   0   0   0   0  94   0  1.48 0.17
  296 Y    -3  -3  -3  -4  -3  -2  -3  -4   1  -2  -2  -3  -2   2  -4  -3  -3   1   9  -2    0   0   0   0   0   0   0   0   0   0   0   0   0   1   0   0   0   0  98   0  1.56 0.18
  297 L    -2  -3  -4  -4  -2  -3  -4  -4  -4   1   5  -3   2   0  -4  -3  -2  -2  -2   1    0   0   0   0   0   0   0   0   0   3  92   0   2   0   0   0   0   0   0   2  0.69 0.10
  298 A     2   1   0   0  -1   0  -1  -1  -2  -1  -2   1  -1  -2  -1   2   1  -3  -2   0   26   9   2   4   0   2   0   2   0   1   0   8   1   1   0  26   9   0   0   9  0.18 0.04
  299 C    -1  -5  -4  -5  10  -4  -5  -4  -4  -2  -2  -4  -3  -4  -4  -2  -2  -3  -4  -2    0   0   0   0  98   0   0   0   0   0   0   0   0   0   0   0   0   0   0   0  2.14 0.19
  300 S     0  -1   3   0  -2  -1  -1   0  -1  -3  -3  -1  -2  -3  -2   5   1  -4  -3  -3    0   1  16   2   0   0   0   4   0   0   0   0   0   0   0  73   3   0   0   0  0.57 0.10
  301 P     1  -2  -1  -2  -2  -1  -2  -2  -2   0   1  -2   1  -2   5   0   0  -3  -2   1   15   0   2   0   0   1   0   0   0   1  15   0   5   0  32   7   7   0   0  14  0.43 0.05
  302 R    -1   2   0   0  -3   0   2   4   1  -4  -3   0  -3  -3  -2  -1  -1  -3  -1  -3    1  19   2   3   0   0  23  43   4   0   0   0   0   0   0   0   1   0   2   1  0.45 0.06
  303 A     2   0  -1  -2  -2   4   0  -2   1  -3  -2   0  -1  -2  -1   1  -1  -2   2  -2   23   4   0   0   0  42   0   0   3   0   2   3   0   0   1   8   2   0  12   0  0.34 0.07
  304 A     2  -2  -1  -2  -1  -1  -1  -2  -2   0  -1  -1  -1  -2   3   1   3  -3  -2   0   25   0   1   0   0   0   0   0   0   6   2   0   0   0  15   6  38   0   0   6  0.35 0.06
  305 N    -2  -1   7   0  -4  -1  -1  -1   0  -4  -4  -1  -3  -4  -3   0  -1  -5  -3  -4    0   0  98   0   0   0   0   0   0   0   0   0   0   0   0   1   0   0   0   0  1.27 0.16
  306 P    -2  -3  -3  -2  -4  -2  -2  -3  -3  -4  -4  -2  -4  -5   8  -2  -2  -5  -4  -3    0   0   0   0   0   0   0   0   0   0   0   0   0   0  98   0   0   0   0   0  2.36 0.17
  307 F    -3  -4  -4  -5  -3  -4  -4  -4  -2  -1   0  -4  -1   8  -5  -3  -3   0   3  -1    0   0   0   0   0   0   0   0   0   0   0   0   0  97   0   0   0   0   1   2  1.34 0.15
  308 Q    -2   0  -1  -1  -4   7   1  -3   0  -4  -3   0  -1  -4  -2  -1  -2  -3  -3  -3    0   1   0   0   0  98   2   0   0   0   0   0   0   0   0   0   0   0   0   0  1.24 0.17
  309 Q    -2   0  -1  -1  -4   7   1  -3   0  -4  -3   0  -1  -4  -1  -1  -2  -3  -2  -3    0   0   0   0   0  97   0   0   1   0   0   0   0   0   2   0   0   0   0   0  1.21 0.17
  310 K    -2   3  -1  -2  -4   1   0  -3  -1  -3  -3   6   0  -4  -2  -1  -1  -4  -3  -3    0  17   0   0   0   0   0   0   0   1   1  77   4   0   0   0   1   0   0   0  0.72 0.11
  311 L    -2  -3  -4  -5  -2  -3  -4  -5  -4   1   5  -3   2   0  -4  -3  -2  -2  -2   0    0   0   0   0   0   0   0   0   0   0  99   0   1   0   0   0   0   0   0   0  0.79 0.12
  312 S     0  -2   0  -1  -2  -1  -1  -1  -2  -3  -3  -1  -2  -3  -2   6   1  -4  -3  -3    0   0   0   0   0   0   0   0   0   0   0   0   0   0   0 100   0   0   0   0  0.87 0.15
  313 G     0  -3  -1  -2  -1  -2  -3   6  -3  -4  -4  -2  -3  -4  -3   0  -2   1  -3  -3    2   1   1   0   1   0   0  85   0   0   0   0   0   0   0   6   0   2   0   2  1.07 0.11
  314 S     0  -2   0  -1  -2  -1  -1   1  -2  -3  -4  -1  -2  -3  -2   5   1  -4  -3  -3    0   0   0   0   0   0   0  11   0   0   0   0   0   0   0  89   0   0   0   0  0.73 0.13
  315 H    -3  -1   0  -2  -4  -1  -1  -3  10  -5  -4  -2  -3  -2  -3  -2  -3  -4   1  -4    0   0   0   0   0   0   0   0 100   0   0   0   0   0   0   0   0   0   0   0  1.81 0.20
  316 K    -2   2  -1  -2  -4   1   0  -2  -2  -4  -3   6  -2  -4  -2  -1  -2  -4  -3  -3    0   1   0   0   0   0   0   0   0   0   0  99   0   0   0   0   0   0   0   0  0.99 0.15
  317 A     5  -2  -2  -3  -1  -2  -2  -1  -2  -2  -2  -2  -2  -3  -2   1  -1  -3  -3  -1   96   0   0   0   0   0   0   0   0   0   0   0   0   0   0   3   0   0   0   1  0.74 0.13
  318 L    -2  -3  -4  -5  -2  -3  -4  -5  -4   1   5  -3   1   0  -4  -3  -2  -2  -2   0    0   0   0   0   0   0   0   0   0   0  99   0   0   0   0   0   0   0   0   1  0.79 0.12
  319 V    -1  -3  -4  -4  -2  -3  -3  -4  -4   2   0  -3   0  -2  -3  -3  -1  -4  -2   6    0   0   0   0   0   0   0   0   0   0   1   0   0   0   0   0   0   0   0  99  0.78 0.13
  320 E    -2  -1  -1   1  -5   1   6  -3  -1  -4  -4   0  -3  -4  -2  -1  -2  -4  -3  -3    0   0   0   0   0   1  99   0   0   0   0   0   0   0   0   0   0   0   0   0  1.18 0.15
  321 M    -2  -3  -3  -4  -3  -2  -3  -4  -3   0   1  -3   9  -1  -4  -3  -2  -3  -2   0    0   0   0   0   0   0   0   0   0   0   0   0  99   0   0   0   0   0   0   1  1.26 0.20
  322 Q    -2   0  -1  -1  -4   7   1  -3   0  -4  -3   0  -1  -4  -2  -1  -2  -3  -3  -3    0   0   0   0   0 100   0   0   0   0   0   0   0   0   0   0   0   0   0   0  1.28 0.18
  323 D    -3  -3   1   7  -5  -1   1  -2  -2  -4  -5  -2  -4  -5  -2  -1  -2  -5  -4  -4    0   0   0 100   0   0   0   0   0   0   0   0   0   0   0   0   0   0   0   0  1.44 0.15
  324 V    -2  -2   0   6  -3  -1   1  -2  -2   0  -2  -2  -1  -3  -2  -1  -1  -5  -3   1    2   0   0  71   0   0   2   0   0   5   3   0   1   0   0   0   2   0   0  15  0.71 0.10
  325 V    -1  -3  -4  -4  -2  -3  -3  -4  -4   2   0  -3   0  -2  -3  -3  -1  -4  -2   6    0   0   0   0   0   0   0   0   0   1   0   0   1   0   0   0   0   0   0  98  0.77 0.13
  326 A     3  -1  -1  -2  -1  -1  -1  -1  -2  -1   0  -1   0  -2  -2   3   0  -3  -2  -1   40   1   0   0   0   1   0   0   0   0  15   0   2   0   0  37   3   0   0   1  0.29 0.07
  327 E    -2  -1  -1   2  -5   1   6  -3  -1  -4  -4   0  -3  -4  -2  -1  -2  -4  -3  -3    0   0   0   5   0   1  93   0   0   0   0   1   0   0   0   0   0   0   0   0  1.08 0.14
  328 L    -2  -3  -4  -5  -2  -3  -4  -5  -4   1   5  -3   1   0  -4  -3  -2  -2  -2   0    0   0   0   0   0   0   0   0   0   0 100   0   0   0   0   0   0   0   0   0  0.80 0.12
  329 L    -2  -3  -4  -4  -2  -2  -3  -4  -3   1   5  -3   3   0  -4  -3  -2  -2  -2   0    0   0   0   0   0   1   0   0   0   0  89   0  10   0   0   0   0   0   0   0  0.69 0.10
  330 R    -2   6  -1  -2  -4   1  -1  -3   1  -4  -3   3  -2  -4  -3  -1  -2  -4  -2  -3    0  75   0   0   0   2   0   1   3   0   0  18   0   0   0   1   0   0   0   0  0.91 0.12
  331 T     0  -2   0  -1  -2  -1  -1  -1  -2  -3  -2  -1  -2  -3  -2   5   3  -4  -2  -2    1   0   2   0   0   0   0   0   0   0   3   0   0   0   0  75  19   0   0   0  0.59 0.11
  332 V     5  -2  -2  -3  -1  -2  -2  -1  -3  -1  -1  -2  -1  -3  -2   0   0  -3  -2   2   75   0   0   0   0   0   0   0   0   0   0   0   0   0   0   2   2   0   0  20  0.49 0.10
  333 P     0  -2  -2  -2  -2  -2  -2  -2  -3   1  -1  -2  -1  -2   4   0   3  -3  -2   2    4   0   0   0   0   0   0   1   0   9   3   0   0   0  22   4  37   0   0  20  0.39 0.06
  334 W    -2   6  -1  -2  -4   1  -1  -2  -1  -4  -3   3  -2  -4  -3  -1  -2   1  -2  -3    0  75   1   0   0   4   0   3   0   0   0  15   0   0   0   0   0   2   0   0  0.87 0.11
  335 E    -2  -1  -1   3  -5   1   6  -3  -1  -4  -4   0  -3  -4  -2  -1  -2  -4  -3  -3    1   0   0  13   0   0  85   0   0   0   0   1   0   0   0   0   0   0   0   0  1.00 0.13
  336 Q    -2  -2  -1  -2  -3  -1  -2  -3   4  -2  -2  -2  -2   2  -3  -1  -2   1   7  -2    2   0   2   1   0   2   0   0  12   0   1   0   0   2   1   6   1   0  70   0  0.91 0.13
  337 P     0  -1  -2  -2  -3  -1  -1  -3  -3  -3  -4   2  -3  -4   7  -1  -1  -4  -3  -3    6   1   0   0   0   1   1   0   0   0   0  20   0   0  69   1   1   0   0   0  1.43 0.12
  338 A     2   0   1  -1  -2   4   1  -1  -1  -3  -3   1  -1  -3  -2   0   1  -3  -2  -2   30   1   9   2   0  36   2   0   0   0   0   7   0   0   0   3  11   0   0   0  0.35 0.07
  339 T     0  -2  -1  -2  -2  -1  -1  -2  -2  -2  -2  -1  -2  -3  -2   3   5  -3  -2  -1    4   0   0   0   0   0   0   0   0   0   0   0   0   0   0  25  71   0   0   0  0.66 0.12
  340 K    -2   2  -1  -2  -4   2   0  -2  -1  -3  -3   6  -1  -4  -2  -1  -1  -4  -3  -3    0   5   0   0   0   5   0   0   0   0   1  87   2   0   0   0   0   0   0   0  0.82 0.13
  341 D    -1  -1   0   4  -4   0   2   4  -2  -4  -4  -1  -3  -4  -1   0  -2  -4  -3  -3    2   2   0  35   0   0  21  36   0   0   0   0   0   0   1   3   0   0   0   1  0.58 0.07
  342 P    -1  -1   3  -1  -3  -1  -1  -2   2  -3  -3   0  -2  -1   4   2   0  -2   2  -3    0   1  20   0   0   1   0   0   8   0   0   3   0   1  24  24   5   0  13   0  0.46 0.07
  343 L    -2  -3  -4  -5  -2  -3  -4  -5  -4   1   5  -3   1   0  -4  -3  -2  -2  -2   1    0   0   0   0   0   0   0   0   0   1  97   0   0   0   0   0   0   0   0   2  0.76 0.11
  344 L    -2  -1  -1   0  -3   0   4  -3  -1   0   2  -1   0  -2  -2  -1  -1  -3  -1   0    0   1   3   2   0   1  49   0   0   9  27   0   0   0   0   1   3   0   1   2  0.30 0.07
  345 R    -2   4   0   0  -1   4   3  -3   1  -3  -3   1  -1  -4  -2  -1  -1  -3  -2  -3    0  37   2   1   2  26  25   0   2   0   0   2   1   0   1   1   1   0   0   1  0.54 0.08
  346 V    -2  -4  -4  -4  -2  -3  -4  -4  -4   5   1  -3   1  -1  -3  -3  -1  -3  -2   3    0   0   0   0   0   0   0   0   0  69   0   0   2   0   0   0   0   0   0  28  0.64 0.10
  347 Q    -2   0  -1  -1  -4   7   1  -3   0  -4  -3   0  -1  -4  -2  -1  -2  -3  -3  -3    0   0   0   0   0 100   0   0   0   0   0   0   0   0   0   0   0   0   0   0  1.28 0.18
  348 E     0  -1  -1   0  -3   0   3   4  -2  -4  -4  -1  -3  -4  -2   0  -1  -3  -3  -3    2   3   0   0   0   1  39  48   0   0   0   0   0   0   0   6   2   0   0   0  0.61 0.08
  349 V    -1  -3  -4  -4  -2  -3  -3  -3  -4   3   0  -3   0  -1  -3  -2  -1  -4  -2   5    3   0   0   0   0   0   0   2   0  21   1   0   0   0   0   0   1   0   0  73  0.54 0.10
  350 L    -2  -3  -4  -5  -2  -3  -4  -5  -4   1   5  -3   1   0  -4  -3  -2  -2  -2   0    0   0   0   0   0   0   0   0   0   0 100   0   0   0   0   0   0   0   0   0  0.80 0.12
  351 N    -3  -1   7   0  -4  -1  -1  -1   0  -4  -5  -1  -3  -4  -3   0  -1  -5  -3  -4    0   0 100   0   0   0   0   0   0   0   0   0   0   0   0   0   0   0   0   0  1.33 0.16
  352 G     0  -2   0  -1  -2  -1  -1   3  -2  -2  -3  -1  -2  -3  -2   3   4  -3  -3  -2    2   0   1   0   0   0   0  24   0   1   0   0   0   0   0  33  40   0   0   0  0.47 0.08
  353 T    -1  -2  -1  -2  -2  -2  -2  -3  -3  -2  -2  -2  -2  -3  -2   1   6  -4  -3  -1    0   0   0   0   0   0   0   0   0   0   0   0   0   0   0   1  99   0   0   0  0.97 0.15
  354 E    -2  -1  -1   1  -5   1   6  -3  -1  -4  -4   0  -3  -4  -2  -1  -2  -4  -3  -3    0   0   0   0   0   1  99   0   0   0   0   0   0   0   0   0   0   0   0   0  1.18 0.15
  355 V    -1  -4  -4  -4  -2  -3  -4  -4  -4   5   1  -3   0  -1  -3  -2  -1  -3  -2   4    1   0   0   0   0   0   0   0   0  54   0   0   0   0   0   1   0   0   0  44  0.59 0.10
  356 N    -1  -1   5   0  -3  -1  -1   3   0  -4  -4  -1  -3  -4  -2   3   0  -4  -3  -3    0   0  46   0   0   0   0  22   1   0   0   0   0   0   0  31   0   0   0   0  0.60 0.09
  357 L    -2  -3  -4  -5  -2  -3  -4  -5  -4   1   5  -3   1   0  -4  -3  -2  -2  -2   0    0   0   0   0   0   0   0   0   0   0  99   0   0   1   0   0   0   0   0   0  0.79 0.12
  358 Q    -2   0   0  -2  -4   5   0  -3   8  -4  -3   0  -2  -3  -3  -1  -2  -3   0  -4    0   1   0   0   0  47   0   0  53   0   0   0   0   0   0   0   0   0   0   0  1.05 0.15
  359 H    -2   0  -1  -1  -4   6   1  -3   7  -4  -3   0  -2  -3  -3  -1  -2  -3  -1  -4    0   2   0   0   0  60   0   0  38   0   0   0   0   0   0   0   0   0   0   0  0.98 0.14
  360 L    -2  -3  -4  -5  -2  -3  -4  -5  -4   1   5  -3   1   0  -4  -3  -2  -2  -2   0    0   0   0   0   0   0   0   0   0   0 100   0   0   0   0   0   0   0   0   0  0.80 0.12
  361 T    -1  -2  -1  -2  -2  -2  -2  -3  -3  -2  -2  -2  -2  -3  -2   1   6  -4  -3  -1    0   0   0   0   0   0   0   0   0   0   0   0   0   0   0   0 100   0   0   0  0.98 0.16
  362 A     6  -2  -2  -3  -1  -2  -2  -1  -3  -2  -2  -2  -2  -3  -2   0  -1  -4  -3  -1  100   0   0   0   0   0   0   0   0   0   0   0   0   0   0   0   0   0   0   0  0.80 0.13
  363 L    -2  -3  -4  -5  -2  -3  -4  -5  -3   1   5  -3   1   0  -4  -3  -2  -2  -2   0    0   0   0   0   0   0   0   0   1   0  99   0   0   0   0   0   0   0   0   0  0.79 0.12
  364 V    -1  -3  -4  -4  -2  -3  -3  -4  -4   2   0  -3   0  -2  -3  -3  -1  -4  -2   6    0   0   0   0   0   0   0   0   0   1   3   0   0   0   0   0   0   0   0  97  0.74 0.13
  365 D    -3  -3   1   7  -5  -1   1  -2  -2  -4  -5  -2  -4  -5  -2  -1  -2  -5  -4  -4    0   0   1  99   0   0   0   0   0   0   0   0   0   0   0   0   0   0   0   0  1.43 0.15
  366 C    -2  -5  -4  -5  11  -4  -5  -4  -4  -2  -2  -4  -3  -4  -4  -2  -2  -4  -4  -2    0   0   0   0 100   0   0   0   0   0   0   0   0   0   0   0   0   0   0   0  2.22 0.20
  367 R    -2   7  -1  -1  -5   0  -1  -3  -1  -4  -3   1  -2  -4  -3  -2  -2  -4  -3  -4    0  97   0   3   0   0   0   0   0   0   0   0   0   0   0   0   0   0   0   0  1.21 0.15
  368 S     0  -2   0  -1  -2   0  -1   0  -2  -3  -3  -1  -2  -3  -2   5   1  -4  -3  -3    0   0   0   0   0   3   0   6   0   0   0   0   0   0   0  91   0   0   0   0  0.73 0.13
  369 L    -2  -3  -4  -4  -2  -3  -3  -4  -3   1   5  -3   1   0  -3  -3  -2  -2  -2   0    0   0   0   0   0   0   0   0   0   1  95   0   0   1   0   0   0   0   0   0  0.71 0.11
  370 H    -3  -1   0  -2  -4  -1  -1  -3  10  -5  -4  -2  -3  -2  -1  -2  -3  -4   1  -4    0   0   0   0   0   0   0   0  97   0   0   0   0   0   3   0   0   0   0   0  1.70 0.19
  371 L    -2  -3  -4  -4  -2  -2  -3  -4  -3   1   4  -3   7   0  -4  -3  -2  -2  -2   0    0   0   0   0   0   0   0   0   0   0  45   0  55   0   0   0   0   0   0   0  0.73 0.12
  372 D    -3  -3   1   7  -5  -1   1  -2  -2  -4  -5  -2  -4  -5  -2  -1  -2  -5  -4  -4    0   0   0 100   0   0   0   0   0   0   0   0   0   0   0   0   0   0   0   0  1.44 0.15
  373 Y    -3  -3  -3  -4   1  -3  -3  -4   1  -2  -2  -3  -2   3  -4  -3  -3   1   8  -2    0   0   0   0   3   0   0   0   0   0   1   0   0   4   0   0   0   0  92   0  1.44 0.17
  374 V    -1  -3  -4  -4  -2  -3  -3  -4  -4   2   0  -3   0  -2  -3  -3  -1  -4  -2   6    0   0   0   0   0   0   0   0   0   5   0   0   0   0   0   0   0   0   0  95  0.74 0.13
  375 Q    -2   0  -1  -1  -4   7   1  -3   0  -4  -3   0  -1  -4  -2  -1  -2  -3  -3  -3    0   0   0   0   0 100   0   0   0   0   0   0   0   0   0   0   0   0   0   0  1.28 0.18
  376 A     5  -2  -2  -2  -1  -2  -2   1  -2  -2  -2  -1  -2  -3  -2   1  -1  -3  -3  -1   86   0   0   0   0   0   0   7   0   0   0   0   0   0   0   5   0   0   0   1  0.63 0.11
  377 L    -2  -3  -4  -4  -2  -2  -3  -4  -3   1   4  -3   5   0  -3  -3  -2  -2  -2   1    0   0   0   0   0   0   0   0   0   2  65   0  25   0   0   0   0   0   0   8  0.57 0.09
  378 T     0  -2  -1  -2  -2  -2  -2  -2  -3  -2  -2  -2  -1  -3  -2   1   6  -3  -3  -1    4   0   0   0   0   0   0   0   0   0   0   0   1   0   0   1  95   0   0   0  0.89 0.15
  379 G    -1  -3   0  -2  -3  -3  -3   7  -3  -5  -5  -2  -4  -4  -3  -1  -2  -3  -4  -4    0   0   3   0   0   0   0  97   0   0   0   0   0   0   0   0   0   0   0   0  1.36 0.13
  380 F    -1  -3  -4  -4  -2  -3  -4  -4  -3   1   3  -3   1   5  -4  -3  -2  -1   1   0    3   0   0   0   0   0   0   0   0   1  51   0   0  40   0   0   0   0   0   5  0.54 0.08
  381 C    -2  -5  -4  -5  11  -4  -5  -4  -4  -2  -2  -4  -3  -4  -4  -2  -2  -4  -4  -2    0   0   0   0 100   0   0   0   0   0   0   0   0   0   0   0   0   0   0   0  2.22 0.20
  382 Y    -3  -3  -3  -4  -2  -3  -3  -4   1  -2  -2  -3  -2   2  -4  -3  -3   1   9  -2    0   0   0   0   1   0   0   0   0   0   0   0   0   1   0   0   0   0  97   0  1.56 0.18
  383 D    -3  -3   0   7  -4  -1   1  -2  -2  -2  -4  -2  -4  -4  -2  -1  -2  -5  -4  -4    0   0   0  97   0   0   0   0   0   3   0   0   0   0   0   0   0   0   0   0  1.33 0.15
  384 G    -1  -3  -1  -1  -3  -3  -3   7  -3  -5  -5  -2  -4  -4  -3  -1  -2  -3  -4  -4    0   0   0   3   0   0   0  96   0   0   0   0   0   0   0   0   0   0   0   0  1.34 0.13
  385 V    -1  -3  -4  -4  -2  -3  -3  -2  -4   2   3  -3   1  -1  -3  -3  -1  -3  -2   4    0   0   0   0   0   0   0   3   0   1  38   0   0   0   0   0   0   0   0  58  0.45 0.08
  386 E    -2  -1  -1   1  -5   1   7  -3  -1  -4  -4   0  -3  -4  -2  -1  -2  -4  -3  -4    0   0   0   0   0   0 100   0   0   0   0   0   0   0   0   0   0   0   0   0  1.19 0.15
  387 G     0  -3  -1  -2  -3  -3  -3   7  -3  -5  -5  -2  -4  -4  -3  -1  -2  -3  -4  -4    3   0   0   0   0   0   0  97   0   0   0   0   0   0   0   0   0   0   0   0  1.36 0.13
  388 L    -2  -3  -4  -4  -2  -3  -4  -5  -4   1   5  -3   2   0  -4  -3  -2  -2  -2   1    0   0   0   0   0   0   0   0   0   0  93   0   1   1   0   0   0   0   0   5  0.71 0.11
  389 I    -2  -4  -4  -4  -2  -4  -4  -5  -4   6   1  -4   0  -1  -4  -3  -1  -4  -2   2    0   0   0   0   0   0   0   0   0  95   0   0   0   0   0   0   3   0   0   2  0.79 0.13
  390 Y    -3  -3  -3  -4  -4  -3  -3  -4   1  -2  -1  -3  -2   2  -4  -3  -3   1   8  -2    0   0   0   0   0   0   0   0   0   0   3   0   0   0   0   0   0   0  97   0  1.53 0.18
  391 L    -2  -3  -4  -4  -2  -3  -4  -5  -4   1   5  -3   1   0  -1  -3  -2  -2  -2   0    0   0   0   0   0   0   0   0   0   0  97   0   0   0   3   0   0   0   0   0  0.74 0.11
  392 A     2  -3  -3  -3  -1  -2  -3  -1  -3   2   1  -3   0  -2  -3  -1   0  -3  -2   4   20   0   0   0   0   0   0   3   0   1   6   0   1   0   0   0   1   0   0  68  0.38 0.09
  393 L    -2  -3  -4  -4  -2  -3  -4  -4  -3   1   5  -3   1   1  -4  -2  -2  -2  -1   0    0   0   0   0   0   0   0   0   0   0  92   0   0   5   0   3   0   0   0   0  0.67 0.10
  394 F    -3  -4  -4  -5  -3  -4  -4  -4  -2  -1   0  -4  -1   8  -5  -3  -3   0   2  -2    0   0   0   0   0   0   0   0   0   0   3   0   0  97   0   0   0   0   0   0  1.33 0.15
  395 S     0  -2   0  -1  -2  -1  -1  -1  -2  -3  -2  -1  -2  -3  -2   6   1  -4  -3  -2    0   0   0   0   0   0   0   0   0   0   3   0   0   0   0  97   0   0   0   0  0.79 0.14
  396 F    -3  -4  -4  -5  -3  -4  -4  -4  -2  -1   0  -4  -1   8  -5  -3  -3   0   2  -2    0   0   0   0   0   0   0   0   0   0   3   0   0  97   0   0   0   0   0   0  1.33 0.15
  397 V     0  -3  -4  -4  -2  -3  -3  -4  -4   3   0  -2   0  -2  -3  -2  -1  -4  -2   5    3   0   0   0   0   0   0   0   0  12   0   3   0   0   0   0   0   0   0  82  0.58 0.11
  398 T    -1  -2  -1  -2  -2  -2  -2  -2  -3  -2  -2  -2  -2  -3  -2   1   6  -3  -3  -1    0   0   0   0   0   0   0   0   0   0   0   0   0   0   0   3  97   0   0   0  0.93 0.15
  399 A     5  -2  -2  -3  -1  -2  -2   0  -3  -2  -2  -2  -2  -3  -2   0  -1  -3  -3  -1   96   0   0   0   0   0   0   3   0   0   0   0   0   0   0   0   1   0   0   0  0.74 0.13
  400 L    -2  -3  -4  -4  -2  -3  -4  -4  -4   1   5  -3   1   0  -4  -2  -2  -2  -2   0    0   0   0   0   0   0   0   0   0   0  97   0   0   0   0   3   0   0   0   0  0.73 0.11
  401 M    -2  -2  -3  -4  -3  -1  -3  -4   0   0   1  -2   9  -1  -4  -3  -2  -3  -2   0    0   0   0   0   0   0   0   0   3   0   1   0  96   0   0   0   0   0   0   0  1.19 0.19
  402 F    -3  -4  -4  -5  -3  -4  -4  -4  -2  -1   0  -4  -1   8  -5  -3  -3   0   2  -1    0   0   0   0   0   0   0   0   0   0   1   0   0  95   0   0   0   0   0   3  1.28 0.15
  403 S     0  -2   0  -1  -2   0  -1  -1  -2  -3  -3  -1  -2  -3  -2   5   2  -4  -3  -2    0   0   1   0   0   3   0   0   0   0   0   0   0   0   0  88   7   0   0   0  0.72 0.13
  404 S     0  -2   0  -1   0  -1  -1  -1  -2  -3  -2  -1  -2  -3  -2   6   1  -4  -3  -2    0   0   0   0   1   0   0   0   0   0   4   0   0   0   0  95   0   0   0   0  0.76 0.14
  405 I    -2  -4  -4  -4  -2  -3  -4  -5   0   6   1  -3   0  -1  -4  -3  -1  -3  -2   2    0   0   0   0   0   0   0   0   3  88   1   0   0   0   0   0   0   0   0   8  0.71 0.12
  406 V     0  -3  -4  -4  -2  -3  -3  -4  -4   3   0  -3   0  -2  -3  -2  -1  -4  -2   5    3   0   0   0   0   0   0   0   0   8   0   0   0   0   0   0   0   0   0  88  0.66 0.12
  407 C    -1  -5  -4  -5  10  -4  -5  -4  -4  -2  -2  -4  -3  -4  -4  -1  -2  -4  -4  -2    0   0   0   0  97   0   0   0   0   0   0   0   0   0   0   3   0   0   0   0  2.09 0.19
  408 S     0  -2   0  -1  -2  -1  -1  -1  -2  -3  -3  -1  -2  -3  -2   6   1   2  -2  -3    1   0   0   0   0   0   0   1   0   0   0   0   0   0   0  96   0   3   0   0  0.80 0.14
  409 V    -1  -1  -4  -4  -2  -3  -3  -4  -4   2   0  -3   0  -2  -3  -2  -1  -4  -2   5    0   3   0   0   0   0   0   0   0   7   1   0   0   0   0   0   1   0   0  88  0.63 0.11
  410 P    -2  -3  -3  -3  -4  -2  -2  -3  -3  -4  -4  -2  -4  -5   8  -2  -2  -5  -4  -3    0   0   0   0   0   0   0   0   0   0   0   0   0   0 100   0   0   0   0   0  2.43 0.17
  411 H    -3  -1   0  -2  -4   0  -1  -3  10  -5  -4  -2  -3  -2  -3  -2  -3  -4   1  -4    0   0   0   0   0   1   0   0  99   0   0   0   0   0   0   0   0   0   0   0  1.79 0.19
  412 T    -1  -2  -1  -2  -2  -2  -2  -3  -3  -2  -2  -2  -2  -3  -2   1   6  -3  -3  -1    1   0   0   0   0   0   0   0   0   0   0   0   0   0   0   1  98   0   0   0  0.96 0.15
  413 W    -4  -4  -5  -6  -4  -3  -4  -4  -4  -4  -3  -4  -3   0  -5  -4  -4  12   1  -4    0   0   0   0   0   0   0   0   0   0   0   0   0   0   0   0   0 100   0   0  3.33 0.24
  414 Q    -2   3   0  -1  -4   6   1  -3   3  -4  -3   1  -2  -4   1  -1  -1  -3  -2  -3    0  18   1   0   0  62   0   0  11   0   0   1   0   0   6   0   1   0   0   0  0.73 0.12
  415 Q     0   0   0  -1  -3   4   0   3   1  -3  -3   0  -2  -3   0   1   0  -3  -2  -3    4   2   2   0   0  39   0  27   4   1   0   0   0   0   3  12   5   0   0   0  0.40 0.07
  416 K    -2   3  -1  -1  -4   1   1  -2  -1  -4  -3   6  -2  -4  -2  -1  -1  -4  -3  -3    0  12   0   0   0   0   3   0   0   0   0  85   0   0   0   0   0   0   0   0  0.84 0.12
  417 R    -2   7  -1  -3  -4   0  -1  -2  -1  -4  -3   2  -2  -4  -3  -1  -2  -4  -3  -4    0  96   0   0   0   0   0   2   0   0   0   1   0   0   0   1   0   0   0   0  1.19 0.15
  418 G     0  -2   2  -1  -2  -1  -1   3  -1  -3  -3  -1  -2  -3   0   3   1  -3  -3  -2    5   0  17   0   0   0   0  32   0   1   0   0   1   0   4  32   7   0   0   0  0.40 0.06
  419 P     0  -2   0   3  -3   0   3  -1  -1  -3  -3  -1  -3  -4   4   1   0  -4  -3  -2    5   0   3  23   0   0  27   2   0   0   0   0   0   0  23  12   2   0   0   2  0.53 0.06
  420 D    -2  -2   0   5  -4   0   4  -2  -1  -3  -4  -1  -3  -3  -2  -1  -2  -3   0  -3    1   0   0  48   0   0  43   0   0   2   0   0   0   1   0   0   0   0   4   0  0.77 0.10
  421 E    -2  -1   0   5  -4   0   4  -2  -1  -3  -4   0  -3  -4  -2  -1  -2  -4  -3  -3    0   2   1  50   0   0  47   0   0   1   0   0   0   0   0   0   0   0   0   0  0.88 0.11
  422 D    -1  -2   1   5  -1  -1   1   0  -2  -4  -4  -1  -3  -4  -2   2  -1  -4  -3  -3    1   0   1  52   2   0   7   8   0   0   0   0   0   0   0  30   0   0   0   0  0.61 0.09
  423 G    -1  -2  -1   0  -4   0   4   5  -2  -4  -3  -1  -3  -4  -2  -1  -2  -3  -3  -3    0   0   0   2   0   0  39  55   0   0   2   0   0   0   0   0   0   0   0   1  0.71 0.09
  424 E    -2  -1   0   4  -4   1   5  -2  -1  -4  -4   0  -3  -4  -2  -1  -2  -4  -3  -3    1   2   1  29   0   0  65   1   0   0   0   0   0   0   0   0   0   0   0   0  0.84 0.11
  425 E    -2  -1  -1   3  -5   1   6  -2  -1  -4  -4   0  -3  -4  -2  -1  -2  -4  -3  -3    0   0   0  17   0   0  81   2   0   0   0   0   0   0   0   0   0   0   0   0  0.95 0.12
  426 E     0  -1   0   1  -3   1   4  -2  -1  -3  -3   0  -2  -4  -2   3   0  -4  -3  -3    4   0   0   2   0   0  48   0   0   0   0   2   0   0   0  41   2   0   0   0  0.55 0.09
  427 A     2  -2  -1  -2  -1  -1  -1  -1  -2   0   2  -1   1  -1  -2   1   0  -3  -2   0   35   0   1   1   0   1   1   2   0   0  27   0   6   0   0  16   5   0   0   5  0.17 0.05
  428 A     4  -2  -1  -2  -1  -1  -1   1   0  -2  -2  -1  -2  -3  -1   3   1  -3  -2  -1   59   0   0   0   0   0   0   7   2   0   0   0   0   0   0  26   7   0   0   0  0.44 0.08
  429 P    -1  -1  -1  -2  -3   2  -1  -2   6  -4  -3   0  -2  -3   5  -1  -1  -3  -1  -3    3   2   0   0   0  17   0   1  34   0   0   2   0   0  36   3   2   0   0   0  0.85 0.10
  430 G     0  -2  -1  -2  -3  -2  -3   6  -1  -4  -4  -2  -3  -4  -3   0  -2  -3  -4  -3    3   1   0   0   0   0   0  88   2   0   0   0   0   0   0   4   0   0   0   1  1.14 0.11
  431 P    -1  -1   2  -1  -3  -1  -1   4  -2  -3  -4  -1  -3  -4   4   1   1  -4  -3  -3    0   2  16   1   0   1   0  37   0   0   0   0   0   0  26   7   9   0   0   0  0.62 0.07
  432 R    -2   7  -1  -3  -2   0  -1  -1  -1  -4  -3   1  -2  -4  -3  -2  -2  -4  -3  -3    0  95   0   0   1   0   0   3   0   0   0   0   0   0   0   0   0   0   0   0  1.14 0.14
  433 Q    -1   0  -1  -1  -4   7   1   0   0  -4  -3   0  -2  -4   1  -1  -2  -3  -2  -3    1   1   0   0   0  85   0   7   1   0   0   0   0   0   6   0   0   0   0   0  0.95 0.15
  434 A     1  -2   4  -1  -2  -1  -1  -1  -1  -2  -2  -1  -2  -3   1   0   3  -3  -2   0   21   0  32   0   0   1   0   1   0   0   0   0   0   0   8   0  30   0   0   6  0.34 0.07
  435 H    -2  -1   0  -2  -4   1  -1  -3   9  -4  -4  -2  -3  -2   0  -1  -2  -3   1  -4    0   0   2   0   0   4   0   0  86   0   0   0   0   0   5   1   0   0   0   0  1.39 0.16
  436 D    -3  -2   1   7  -4  -1   1  -2  -2  -4  -5  -1  -4  -4  -2  -1  -2  -5  -4  -4    0   0   0  95   0   0   2   1   0   0   0   0   0   0   0   0   0   0   0   0  1.32 0.14
  437 S    -1  -1   6   0  -3  -1  -1  -1   0  -4  -4  -1  -3  -4  -2   3   0  -4  -3  -3    0   0  67   0   0   0   0   1   0   0   0   0   0   0   0  31   0   0   0   0  0.80 0.12
  438 L    -2  -3  -4  -4  -2  -3  -4  -4  -4   1   5  -3   1   0  -4  -3  -2  -2  -2   0    0   0   0   0   0   0   0   0   0   0  98   0   0   0   0   0   0   0   0   0  0.76 0.11
  439 Y    -3  -3  -3  -4  -3  -2  -3  -4   1  -2  -2  -3  -2   2  -4  -3  -3   1   9  -2    0   0   0   0   0   0   0   0   0   0   0   0   0   0   0   0   0   0  98   0  1.56 0.18
  440 R    -2   7  -1  -3  -5   0  -1  -3  -1  -4  -3   2  -2  -4  -3  -2  -2  -4  -3  -4    0  98   0   0   0   0   0   0   0   0   0   2   0   0   0   0   0   0   0   0  1.26 0.15
  441 V    -1  -3  -4  -4  -2  -3  -3  -4  -4   2   0  -3   0  -2  -3  -2  -1  -4  -2   6    2   0   0   0   0   0   0   0   0   0   0   0   0   0   0   0   0   0   0  98  0.75 0.13
  442 H    -3  -1   0  -2  -4  -1  -1  -3  10  -4  -4  -2  -3  -1  -3  -2  -3  -3   1  -4    0   0   0   0   0   0   0   0  98   0   0   0   0   2   0   0   0   0   0   0  1.74 0.19
  443 M    -2  -3  -3  -4  -3  -2  -3  -4  -3   0   1  -3   9  -1  -4  -3  -2  -3  -2   0    0   0   0   0   0   0   0   0   0   0   0   0 100   0   0   0   0   0   0   0  1.29 0.20
  444 P    -2  -3  -3  -3  -4  -2  -2  -3  -3  -4  -4  -2  -4  -5   8  -1  -2  -5  -4  -3    0   0   0   0   0   0   0   0   0   0   0   0   0   0  98   2   0   0   0   0  2.36 0.17
  445 S     0  -2   0  -1  -2  -1  -1  -1  -2  -3  -3  -1  -2  -3  -2   6   1  -4  -3  -3    0   0   2   0   0   0   0   0   0   0   0   0   0   0   0  96   0   0   0   0  0.80 0.14
  446 L    -2  -3  -4  -4  -2  -3  -4  -4  -4   1   5  -3   1   0  -4  -3  -2  -2  -2   0    0   0   0   0   0   0   0   0   0   0  98   0   0   0   0   0   0   0   0   0  0.75 0.11
  447 Y    -3  -3  -3  -4  -3  -2  -3  -4   1  -2  -2  -3  -2   2  -4  -3  -3   1   9  -2    0   0   0   0   0   0   0   0   0   0   0   0   0   0   0   0   0   0  98   0  1.55 0.17
  448 S     0  -2   0  -1  -2  -1  -1  -1  -2  -3  -3  -1  -2  -3  -2   6   1  -4  -3  -3    0   0   0   0   0   0   0   0   0   0   0   0   0   0   0  98   0   0   0   0  0.83 0.14
  449 C    -1  -4  -4  -5  10  -4  -5  -4  -4  -2  -2  -4  -2  -3  -4  -2  -2  -3  -3  -2    0   0   0   0  98   0   0   0   0   0   0   0   0   0   0   0   0   0   0   0  2.11 0.19
  450 G    -1  -3  -1  -2  -3  -3  -3   7  -3  -5  -4  -2  -3  -4  -3  -1  -2  -3  -4  -4    0   0   0   0   0   0   0  98   0   0   0   0   0   0   0   0   0   0   0   0  1.37 0.13
  451 S     0  -2   0  -1  -2  -1  -1  -1  -2  -3  -3  -1  -2  -3  -2   6   1  -4  -3  -3    0   0   0   0   0   0   0   0   0   0   0   0   0   0   0  98   0   0   0   0  0.83 0.14
  452 S     0  -2   0  -1  -2  -1  -1  -1  -2  -3  -3  -1  -2  -3  -2   6   1  -4  -3  -2    0   0   0   0   0   0   0   0   0   0   0   0   0   0   0  97   1   0   0   0  0.82 0.14
  453 Y    -3  -3  -3  -4  -3  -2  -3  -4   1  -2  -2  -3  -2   2  -4  -3  -3   1   8  -2    0   0   0   0   0   0   0   0   0   0   1   0   0   1   0   0   0   0  95   0  1.48 0.17
  454 G    -1  -3  -1  -2  -3  -3  -3   7  -3  -5  -4  -2  -3  -4  -3  -1  -2  -3  -4  -4    0   0   0   0   0   0   0  98   0   0   0   0   0   0   0   0   0   0   0   0  1.37 0.13
  455 S     0  -1   0  -1  -2  -1  -1  -1  -2  -3  -3  -1  -2  -3  -2   6   1  -4  -3  -3    0   1   0   0   0   0   0   0   0   0   0   0   0   0   0  97   0   0   0   0  0.81 0.14
  456 E    -2  -1  -1   1  -5   1   6  -3  -1  -4  -4   0  -3  -4  -2  -1  -2  -4  -3  -3    0   0   0   0   0   0  98   0   0   0   0   0   0   0   0   0   0   0   0   0  1.13 0.14
  457 T     2  -2  -1  -2  -1  -1  -2  -2  -2  -2  -2  -1  -1  -3  -2   1   5  -3  -2  -1   24   0   1   0   0   0   0   0   0   0   0   0   0   0   0   1  72   0   0   0  0.60 0.11
  458 S     0  -2   0  -1  -2  -1  -1  -1  -2  -3  -3  -1  -2  -3  -2   6   1  -4  -3  -3    0   0   0   0   0   0   1   0   0   0   0   0   0   0   0  97   0   0   0   0  0.81 0.14
  459 I    -2  -4  -4  -4  -2  -3  -4  -4  -4   5   2  -3   1  -1  -3  -3  -1  -3  -2   2    0   0   0   0   0   0   0   0   0  81  15   0   0   0   0   0   0   0   0   2  0.65 0.10
  460 P    -2  -3  -3  -2  -4  -2  -2  -3  -3  -4  -4  -2  -3  -5   8  -2  -2  -5  -4  -3    0   0   0   0   0   0   0   0   0   0   0   0   0   0  97   0   0   0   0   0  2.29 0.16
  461 A     5  -2  -2  -3  -1  -2  -2  -1  -2  -2  -2  -1  -2  -3   0   0  -1  -3  -3  -1   96   0   0   0   0   0   0   0   0   0   0   0   0   0   2   0   0   0   0   0  0.72 0.12
  462 A     5  -2  -2  -2  -1  -1  -2   0  -2  -2  -2  -1  -2  -3  -1   1   2  -3  -2  -1   78   0   0   0   0   0   0   3   0   0   0   0   0   0   1   0  17   0   0   0  0.53 0.10
  463 A     5  -2  -2  -3  -1  -2  -2  -1  -2  -2  -2  -1  -2  -3  -1   0   0  -3  -3  -1   96   0   0   0   0   0   0   0   0   0   0   0   0   0   1   0   1   0   0   0  0.72 0.12
  464 H    -3  -1   0  -2  -4  -1  -1  -3  10  -4  -4  -2  -3  -2  -3  -2  -3  -3   1  -4    0   0   0   0   0   0   0   0  98   0   0   0   0   0   0   0   0   0   0   0  1.72 0.18
  465 T    -1  -2  -1  -2  -2  -2  -2  -2  -3  -2  -2  -2  -2  -3  -2   1   6  -3  -2  -1    0   0   0   0   0   0   0   0   0   0   0   0   0   0   0   0  98   0   0   0  0.93 0.15
  466 V    -1  -3  -4  -4  -2  -3  -3  -4  -4   2   0  -3   0  -2  -3  -2  -1  -4  -2   6    0   0   0   0   0   0   0   0   0   0   0   0   0   0   0   0   0   0   0  98  0.74 0.13
  467 S     0  -2   0  -1  -2  -1  -1  -1  -2  -3  -3  -1  -2  -3  -2   6   1  -4  -3  -3    0   0   0   0   0   0   0   0   0   0   0   0   0   0   0 100   0   0   0   0  0.87 0.15
  468 N    -3  -1   7   0  -4  -1  -1  -1   0  -4  -5  -1  -3  -4  -3   0  -1  -5  -3  -4    0   0 100   0   0   0   0   0   0   0   0   0   0   0   0   0   0   0   0   0  1.33 0.16
  469 A     6  -2  -2  -3  -1  -2  -2  -1  -3  -2  -2  -2  -2  -3  -2   0  -1  -4  -3  -1  100   0   0   0   0   0   0   0   0   0   0   0   0   0   0   0   0   0   0   0  0.80 0.13
  470 P    -2  -3  -3  -3  -4  -2  -2  -3  -3  -4  -4  -2  -4  -5   8  -2  -2  -5  -4  -3    0   0   0   0   0   0   0   0   0   0   0   0   0   0 100   0   0   0   0   0  2.43 0.17
  471 V    -1  -3  -4  -4  -2  -3  -3  -4  -4   2   0  -3   0  -2  -3  -3  -1  -4  -2   6    0   0   0   0   0   0   0   0   0   0   0   0   0   0   0   0   0   0   0 100  0.79 0.14
  472 T    -1  -2  -1  -2  -2  -2  -2  -2  -3  -2  -2  -2  -2  -3  -2   1   6  -3  -3  -1    0   0   0   0   0   0   0   1   0   0   0   0   0   0   0   0  99   0   0   0  0.96 0.15
  473 E    -2  -1  -1   1  -5   1   7  -3  -1  -4  -4   0  -3  -4  -2  -1  -2  -4  -3  -4    0   0   0   0   0   0 100   0   0   0   0   0   0   0   0   0   0   0   0   0  1.19 0.15
  474 Y    -3  -3  -3  -4  -4  -3  -3  -4   1  -2  -2  -3  -2   2  -4  -3  -3   1   9  -2    0   0   0   0   0   0   0   0   0   0   0   0   0   0   0   0   0   0 100   0  1.63 0.18
  475 M    -2  -3  -3  -4  -3  -2  -3  -4  -3   1   1  -3   9  -1  -4  -3  -2  -3  -2   0    0   0   0   0   0   0   0   0   0   3   1   0  96   0   0   0   0   0   0   0  1.20 0.19
  476 S     2  -2   1  -1  -1  -1  -1  -1  -2  -2  -3  -1  -2  -3  -1   4   2  -3  -2  -2   25   0   6   0   0   0   0   0   0   0   0   0   0   0   0  54  15   0   0   0  0.46 0.09
  477 Q    -2   0  -1  -1  -4   7   1  -3   0  -4  -3   0  -1  -4  -2  -1  -2  -3  -3  -3    0   0   0   0   0  98   0   0   0   0   0   0   0   0   1   0   0   0   0   0  1.24 0.18
  478 N    -2  -1   7   0  -4  -1  -1  -1   0  -4  -4  -1  -3  -4  -2   0  -1  -5  -3  -4    0   0  95   0   0   0   0   0   0   0   0   0   0   0   1   3   1   0   0   0  1.20 0.15
  479 A     5  -2  -2  -2  -1  -1  -2  -1  -2  -2  -2  -1  -2  -3  -2   1   0  -3  -3  -1   90   0   0   0   0   0   0   0   0   0   0   0   0   0   0   7   2   0   0   0  0.67 0.12
  480 N    -2  -1   7   1  -4  -1  -1  -1   0  -4  -4  -1  -3  -4  -3   0  -1  -5  -3  -4    1   0  97   0   0   0   0   0   0   0   0   0   0   0   0   2   0   0   0   0  1.22 0.15
  481 F    -3  -4  -4  -5  -3  -4  -4  -4  -2  -1   0  -4  -1   8  -5  -3  -3   0   2  -2    0   0   0   0   0   0   0   0   0   0   1   0   0  99   0   1   0   0   0   0  1.33 0.15
  482 Q    -2   0  -1  -1  -4   7   1  -3   0  -4  -3   0  -1  -4   0  -1  -2  -3  -2  -3    1   0   0   0   0  96   0   0   0   0   0   0   0   0   4   0   0   0   0   0  1.14 0.16
  483 N    -2  -1   7   0  -3  -1  -1  -1   0  -4  -4  -1  -3  -4  -3   0   1  -5  -3  -4    0   0  93   0   0   0   0   0   0   0   0   0   0   0   0   1   6   0   0   0  1.14 0.14
  484 P    -1  -3  -2  -2  -3  -2  -2  -2  -3  -4  -4  -2  -3  -4   7   2  -1  -4  -3  -3    1   0   0   0   0   0   0   0   0   0   0   0   0   0  74  25   1   0   0   0  1.59 0.12
  485 R    -2   7  -1  -3  -5   0  -1  -3  -1  -4  -3   1  -2  -4  -3  -2  -2  -4  -3  -4    0 100   0   0   0   0   0   0   0   0   0   0   0   0   0   0   0   0   0   0  1.26 0.15
  486 C    -1  -5  -4  -5  11  -4  -5  -4  -4  -2  -2  -4  -3  -4  -4  -2  -2  -4  -4  -2    0   0   0   0 100   0   0   0   0   0   0   0   0   0   0   0   0   0   0   0  2.17 0.19
  487 E    -2  -1  -1   1  -5   1   6  -3  -1  -4  -4   0  -3  -4  -2  -1  -2  -4  -3  -3    0   0   0   0   0   0 100   0   0   0   0   0   0   0   0   0   0   0   0   0  1.16 0.14
  488 N    -2  -1   7   1  -4  -1  -1  -1   0  -4  -5  -1  -3  -4  -3   0  -1  -5  -3  -4    0   0  99   0   0   0   0   0   0   0   0   0   0   0   0   1   0   0   0   0  1.28 0.15
  489 T    -1  -2  -1  -2  -2  -2  -2  -3  -3  -2  -2  -2  -2  -3  -2   1   6  -3  -3  -1    0   0   0   0   0   0   0   0   0   0   0   0   0   0   0   0 100   0   0   0  0.96 0.15
  490 P    -2  -3  -3  -3  -4  -2  -2  -3  -3  -4  -4  -2  -4  -5   8  -2  -2  -5  -4  -3    0   0   0   0   0   0   0   0   0   0   0   0   0   0 100   0   0   0   0   0  2.41 0.16
  491 L    -2  -3  -4  -5  -2  -3  -4  -5  -4   1   5  -3   2   0  -4  -3  -2  -2  -2   0    0   0   0   0   0   0   0   0   0   0 100   0   0   0   0   0   0   0   0   0  0.78 0.11
  492 I    -2  -4  -4  -4  -2  -4  -4  -5  -4   6   1  -4   0  -1  -4  -3  -2  -4  -2   2    0   0   0   0   0   0   0   0   0 100   0   0   0   0   0   0   0   0   0   0  0.85 0.13
  493 G    -1  -3  -1  -2  -3  -3  -2   7  -3  -5  -5  -2  -4  -4  -3  -1  -2  -3  -4  -4    0   0   0   0   0   0   1  99   0   0   0   0   0   0   0   0   0   0   0   0  1.38 0.12
  494 R    -2   7  -1  -3  -5   0  -1  -3  -1  -4  -3   1  -2  -4  -3  -2  -2  -4  -3  -4    0 100   0   0   0   0   0   0   0   0   0   0   0   0   0   0   0   0   0   0  1.26 0.15
  495 E    -2  -1  -1   1  -5   1   6  -3  -1  -4  -4   0  -3  -4  -2  -1  -2  -4  -3  -3    0   0   0   0   0   0 100   0   0   0   0   0   0   0   0   0   0   0   0   0  1.16 0.14
  496 S     0  -2   0  -1  -2  -1  -1  -1  -2  -3  -3  -1  -2  -3  -2   6   1  -4  -3  -3    0   0   0   0   0   0   0   0   0   0   0   0   0   0   0 100   0   0   0   0  0.85 0.14
  497 P    -2  -3  -3  -3  -4  -2  -2  -3  -3  -4  -4  -2  -4  -5   8  -2  -2  -5  -4  -3    0   0   0   0   0   0   0   0   0   0   0   0   0   0 100   0   0   0   0   0  2.41 0.16
  498 P    -2  -3  -3  -3  -4  -2  -2  -3  -3  -4  -4  -2  -4  -5   8  -2  -2  -5  -4  -3    0   0   0   0   0   0   0   0   0   0   0   0   0   0 100   0   0   0   0   0  2.41 0.16
  499 P    -2  -3  -3  -3  -4  -2  -2  -3  -3  -4  -4  -2  -4  -5   8  -2  -2  -5  -4  -3    0   0   0   0   0   0   0   0   0   0   0   0   0   0 100   0   0   0   0   0  2.41 0.16
  500 S     0  -2   0  -1  -2  -1  -1  -1  -2  -3  -3  -1  -2  -3  -2   6   1  -4  -3  -3    0   0   0   0   0   0   0   0   0   0   0   0   0   0   0  98   2   0   0   0  0.82 0.14
  501 Y    -3  -3  -3  -4  -3  -2  -3  -4   1  -2  -2  -3  -2   2  -4  -3  -3   2   8  -2    0   0   0   0   0   0   0   0   0   1   0   0   0   0   0   0   0   0  97   2  1.48 0.16
  502 T    -1  -2  -1  -2  -2  -1  -2  -2  -3  -1   0  -2  -1  -3  -2   1   6  -3  -2  -1    0   1   0   0   0   0   0   1   0   0  10   0   0   0   1   2  86   0   0   0  0.68 0.12
  503 S     1  -1   0  -1  -2  -1  -1  -1  -2  -3  -3  -1  -2  -3  -2   5   1  -4  -2  -2    5   1   0   0   0   0   0   0   0   0   1   0   0   0   0  88   6   0   0   0  0.67 0.12
  504 S     2  -2   0  -1  -2  -1  -1  -1  -2  -3  -3  -1  -2  -3  -2   5   1  -4  -3  -2   11   0   1   0   0   0   0   0   0   0   0   1   0   0   0  87   1   0   0   0  0.69 0.12
  505 M    -1  -2  -3  -4  -2  -1  -3  -4  -2   0   1  -2   8  -1  -3  -2  -2  -3  -2   0    5   0   0   0   0   0   0   0   1   1   4   0  89   0   0   0   0   0   0   0  0.95 0.16
  506 R    -2   7  -1   1  -4   0  -1  -3  -1  -3  -3   1  -2  -4  -3  -1  -2  -4  -3  -3    0  88   0  11   0   0   0   1   0   1   0   0   0   0   0   0   0   0   0   0  0.99 0.12
  507 A     5  -2  -2  -2  -1  -1  -1  -1  -2  -2  -2  -1  -2  -3  -2   2   0  -3  -2  -1   87   0   0   0   0   0   0   0   0   0   0   0   0   0   0  10   1   0   0   2  0.61 0.10
  508 K    -1   1   1  -1  -4   1   0  -1  -1  -4  -3   6  -2  -4  -2   0  -1  -4  -3  -3    0   1   6   0   0   0   0   3   0   0   0  88   0   0   0   3   0   0   0   0  0.75 0.11
  509 Y    -2  -2  -3  -4  -3  -2  -3  -4   1  -2  -2  -2  -2   2  -4   0  -2   1   8  -2    0   1   0   0   0   0   0   0   0   0   0   0   0   1   0  11   0   0  87   0  1.20 0.14
  510 L    -2  -3  -4  -4  -2  -3  -3  -1   1   1   5  -3   1   0  -4  -3  -2  -2  -2   0    0   0   0   0   0   0   0   5   5   1  89   0   0   0   0   0   0   0   0   0  0.55 0.09
  511 A     5  -2  -2  -2  -1  -1  -2  -1   1  -2  -2  -1   0  -3  -2   0   0  -3  -2  -1   90   0   0   0   0   0   0   0   5   0   1   0   2   0   0   0   1   0   0   0  0.60 0.11
  512 T    -1  -2   4  -1   1  -1  -1   0  -1  -2  -3  -1  -2  -3  -2   1   5  -4  -2  -1    0   0  30   0   4   0   0   4   1   0   0   0   0   0   0   4  58   0   0   0  0.52 0.09
  513 S     0  -1   4  -1  -2  -1  -1  -1  -1  -3  -3  -1  -2  -3  -2   4   1   5  -2  -3    2   0  27   0   0   0   0   2   0   0   0   0   0   0   0  54   4  12   0   0  0.54 0.09
  514 Q    -2   5  -1  -1  -4   5   0  -2   0  -3  -3   1  -1  -4  -1  -1  -1  -3  -2  -3    0  47   0   0   0  47   0   1   0   0   0   0   0   0   1   0   0   0   0   0  0.74 0.10
  515 P    -1  -3  -3  -2  -3  -2  -2  -3  -3  -3  -1  -2  -2  -1   8  -2  -2  -4  -3  -2    1   0   0   0   0   0   0   0   0   0   8   0   0   5  83   0   1   0   0   0  1.72 0.11
  516 R    -2   4   0   4  -4   0   2  -2  -1  -4  -3   2  -2  -4  -2  -1  -1  -4  -3  -3    0  39   1  31   0   0  16   1   0   0   0  12   0   0   0   0   0   0   0   0  0.57 0.07
  517 P    -1  -2  -2  -2  -3   1  -1  -3  -3  -3  -3  -1  -3  -4   8  -1   0  -4  -3  -3    4   0   0   0   0   9   0   0   0   0   2   0   0   0  79   2   5   0   0   0  1.65 0.12
  518 D    -1  -1   4   5  -3  -1   1  -1  -1  -3  -3  -1  -1  -4  -2   1   0  -4  -3  -3    0   0  34  40   0   0   3   2   0   0   1   0   2   0   0  16   1   0   0   0  0.59 0.07
  519 S     0   1   2   1  -2   0   1  -1  -1  -3  -3   0  -2  -3  -1   4   1  -4  -2  -2    5  11  13   7   0   1   6   0   0   0   0   0   0   0   1  52   4   0   0   0  0.37 0.06
  520 S     0   1   0  -1  -2  -1  -1   1  -2  -3  -3   0  -2  -3   3   3   1  -4  -3  -3    1  11   3   0   0   0   0  11   0   0   1   0   0   0  18  53   3   0   0   0  0.47 0.07
  521 G     2  -2   0  -1  -2  -1  -1   2  -2  -3  -3  -1  -2  -3   3   3   0  -3  -3  -2   16   0   2   0   0   0   1  21   0   0   0   0   0   0  19  39   2   0   0   1  0.47 0.06
  522 S     2  -2  -1  -2  -1  -1  -1   0  -2   0  -1  -1  -1  -2  -2   3   0  -3  -2   2   29   0   0   0   0   0   2   4   0   0   0   0   0   0   0  34   2   0   0  29  0.23 0.05
  523 H    -2  -1   1  -1  -4   2   0  -3   9  -4  -3  -1  -2  -2  -3  -1  -2  -3   1  -4    0   0   2   0   0  10   0   0  88   0   0   0   0   0   0   0   0   0   0   0  1.06 0.07

                      K         Lambda
Standard Ungapped    0.1352     0.3212
Standard Gapped      0.0524     0.2670
PSI Ungapped         0.1713     0.3176
PSI Gapped           0.0524     0.2670
