
Last position-specific scoring matrix computed, weighted observed percentages rounded down, information per position, and relative weight of gapless real matches to pseudocounts
            A   R   N   D   C   Q   E   G   H   I   L   K   M   F   P   S   T   W   Y   V   A   R   N   D   C   Q   E   G   H   I   L   K   M   F   P   S   T   W   Y   V
    1 M    -2  -2  -3  -4  -3  -1  -3  -4  -3   0   1  -2   9  -1  -4  -3  -2  -3  -2   0    0   0   0   0   0   0   0   0   0   0   0   0 100   0   0   0   0   0   0   0  1.20 0.16
    2 P    -1  -3  -3  -2  -3  -2  -2  -3  -3  -4  -4  -2  -3  -5   8   0  -2  -5  -4  -3    1   0   0   0   0   1   0   0   0   0   0   0   0   0  89   8   0   0   0   0  2.02 0.13
    3 P     0  -3  -2  -1  -3  -2  -2  -3  -2  -3  -3  -2  -3  -4   8   0  -1  -4  -4  -3    9   0   0   2   0   0   0   0   1   0   0   0   0   0  81   5   1   0   0   1  1.73 0.12
    4 M     0  -2  -2  -2  -3  -2  -2  -2  -1  -2  -3  -1   0  -4   7  -1  -1  -4  -3  -2    8   1   0   0   0   1   1   0   2   1   0   1   3   0  73   3   3   0   0   2  1.46 0.11
    5 P     3  -1  -1  -2  -1  -1  -1   0  -2  -1  -2  -1  -1  -3   2   1   1  -3  -2   1   51   1   1   1   0   0   0   4   0   2   0   0   0   0  11   6  12   0   0  11  0.31 0.05
    6 S     0  -1   2   1  -2   0   1   2  -1  -2  -2   0  -2  -3   0   1   2  -3  -2  -1    4   2  12   6   0   0   9  20   0   0   2   3   0   0   3  12  22   0   0   3  0.22 0.03
    7 A     3  -2   0  -1  -1  -1  -1   2  -2  -2  -2  -1  -1  -3   0   2   2  -3  -2  -1   34   0   2   1   0   2   1  21   0   0   0   0   1   0   3  15  17   0   0   4  0.28 0.04
    8 P     0  -1   0   0  -3   0  -1   3  -2  -3  -3  -1  -2  -3   5   0  -1  -3  -3  -2    3   2   4   6   0   4   1  31   0   0   1   0   0   0  37   6   2   0   0   2  0.68 0.05
    9 P    -1   3  -2  -2  -3   2  -1  -3  -2  -1   1   0  -1  -2   5  -1  -1  -3  -2  -1    4  24   0   0   0  12   0   0   0   0  21   0   0   0  31   2   4   0   0   1  0.47 0.05
   10 V     3  -1  -1  -1  -1   1   0   1  -1  -1  -1  -1  -1  -2   0   0   0  -3  -2   0   45   1   0   1   0  11   5  11   1   1   6   0   1   0   4   1   5   0   0   8  0.19 0.04
   11 H    -1  -2  -1  -2  -1  -1  -2  -3   3   0  -1  -2  -1   0   4  -1  -1  -1   4   1    3   0   2   0   1   1   1   0  10   3   0   0   0   0  28   3   0   0  28  20  0.47 0.06
   12 P     0  -2  -1  -2  -2  -1  -1   2  -2  -1  -2  -1  -2  -3   5   0   2  -3  -3   0    5   0   0   0   0   1   1  23   0   2   1   0   0   0  32   6  20   0   0   9  0.52 0.05
   13 P    -2  -3  -3  -2  -4  -2  -2  -3  -3  -4  -4  -2  -4  -5   8  -2  -2  -5  -4  -3    1   0   0   0   0   0   0   0   0   0   0   0   0   0  99   0   0   0   0   0  2.36 0.14
   14 P    -2  -3  -3  -2  -4  -2  -2  -3  -3  -4  -3  -2  -3  -5   8  -2  -2  -5  -4  -3    0   0   0   0   0   0   0   0   0   0   1   0   0   0  99   0   0   0   0   0  2.35 0.14
   15 D    -3  -3   1   7  -5  -1   1  -2  -2  -4  -5  -2  -4  -5  -2  -1  -2  -5  -4  -4    0   0   0 100   0   0   0   0   0   0   0   0   0   0   0   0   0   0   0   0  1.42 0.13
   16 G    -1  -3  -1  -2  -3  -3  -3   7  -3  -5  -5  -2  -4  -4  -3  -1  -2  -3  -4  -4    0   0   0   0   0   0   0 100   0   0   0   0   0   0   0   0   0   0   0   0  1.42 0.12
   17 G     0  -3  -1  -1  -3  -2  -2   6  -3  -5  -5  -2  -4  -4  -3  -1  -2  -3  -4  -4    1   0   0   2   0   1   2  94   0   0   0   0   0   0   0   0   0   0   0   0  1.27 0.11
   18 W    -4  -4  -5  -6  -4  -3  -4  -4  -4  -4  -3  -4  -3   0  -5  -4  -4  12   1  -4    0   0   0   0   0   0   0   0   0   0   0   0   0   0   0   0   0 100   0   0  3.28 0.21
   19 G    -1  -3  -1  -2  -3  -3  -3   7  -3  -5  -5  -2  -4  -4  -3  -1  -2  -3  -4  -4    0   0   0   0   0   0   0 100   0   0   0   0   0   0   0   0   0   0   0   0  1.42 0.12
   20 W    -4  -4  -5  -6  -4  -3  -4  -4  -4  -4  -3  -4  -3   0  -5  -4  -4  12   1  -4    0   0   0   0   0   0   0   0   0   0   0   0   0   0   0   0   0 100   0   0  3.30 0.21
   21 I     3  -3  -3  -3  -1  -2  -2  -2  -3   1   0  -2   0  -2  -1  -1  -1  -3  -2   4   43   0   0   0   0   0   0   0   0   2   0   0   2   0   1   0   0   0   0  51  0.36 0.08
   22 V    -1  -3  -4  -4  -2  -3  -3  -4  -4   2   0  -3   0  -2  -3  -3  -1  -4  -2   6    0   0   0   0   0   0   0   1   0   0   0   0   0   0   0   0   0   0   0  99  0.75 0.12
   23 V    -1  -3  -3  -4  -1  -3  -3  -4  -4   2   1  -3   0  -2  -3  -2  -1  -4  -2   5    0   0   0   0   0   0   0   0   0   0   4   0   0   0   0   0   0   0   0  95  0.69 0.11
   24 G    -1  -3  -3  -4   2  -3  -3   1  -2   0   1  -3   0   6  -4  -2  -2  -1   1   0    3   0   0   0   5   0   0  17   0   1  16   0   0  53   0   0   0   0   0   4  0.45 0.07
   25 A     2  -3  -1  -2  -2  -2  -2   6  -3  -4  -4  -2  -3  -4  -2   0  -2  -3  -3  -3   29   0   0   0   0   0   0  71   0   0   0   0   0   0   0   0   0   0   0   0  0.91 0.09
   26 A     4  -2  -1  -2   0  -1  -1  -1  -2  -2  -2  -1  -2  -3  -1   3   0  -3  -2  -1   69   0   0   0   2   0   0   0   0   0   0   0   0   0   0  29   0   0   0   0  0.55 0.09
   27 F    -3  -4  -4  -4  -3  -4  -4  -4  -2  -1   0  -4  -1   8  -5  -2  -3   0   2  -2    0   0   0   0   0   0   0   0   0   0   0   0   0  96   0   4   0   0   0   0  1.27 0.13
   28 I    -2  -4  -4  -4  -2  -3  -4  -5  -4   5   1  -3   1  -1  -4  -3  -1  -3  -2   3    0   0   0   0   0   0   0   0   0  79   1   0   1   0   0   0   0   0   0  20  0.68 0.10
   29 S     0  -2   0  -1   0  -1  -1  -1  -2  -3  -3  -1  -2  -3  -2   6   1  -4  -3  -3    0   0   0   0   2   0   0   0   0   0   0   0   0   0   0  97   0   0   0   0  0.82 0.13
   30 I    -2  -4  -4  -4  -2  -4  -4  -5  -4   6   1  -4   1  -1  -4  -3  -1  -4  -2   2    0   0   0   0   0   0   0   0   0  96   0   0   0   0   0   0   0   0   0   3  0.83 0.12
   31 G    -1  -3  -1  -2  -3  -3  -3   7  -3  -5  -5  -2  -4  -4  -3  -1  -2  -3  -4  -4    0   0   0   0   0   0   0 100   0   0   0   0   0   0   0   0   0   0   0   0  1.43 0.12
   32 F    -3  -4  -4  -5  -3  -4  -4  -4  -2  -1   0  -4  -1   8  -5  -3  -3   0   2  -2    0   0   0   0   0   0   0   0   0   0   0   0   0 100   0   0   0   0   0   0  1.40 0.14
   33 S     3  -2  -1  -1  -1  -1  -1  -1  -2  -3  -3  -1  -2  -3  -1   4   0  -4  -2  -2   33   0   0   0   0   0   0   0   0   0   0   0   0   0   0  67   0   0   0   0  0.58 0.10
   34 Y    -3  -3  -3  -4  -4  -3  -3  -4   1  -2  -2  -3  -2   2  -4  -3  -3   1   9  -2    0   0   0   0   0   0   0   0   0   0   0   0   0   1   0   0   0   0  99   0  1.58 0.16
   35 A     5  -2  -2  -3  -1  -2  -2  -1  -2  -2  -2  -1  -2  -3  -2   1   0  -3  -3  -1   96   0   0   0   0   0   0   0   0   0   0   0   0   0   0   0   4   0   0   0  0.73 0.11
   36 F    -3  -4  -4  -5  -3  -4  -4  -4  -2  -1   0  -4  -1   8  -5  -3  -3   0   2  -2    0   0   0   0   0   0   0   0   0   0   1   0   0  99   0   0   0   0   0   1  1.36 0.14
   37 P    -2  -3  -3  -3  -4  -2  -2  -3  -3  -4  -4  -2  -4  -5   8  -2  -2  -5  -4  -3    0   0   0   0   0   0   0   0   0   0   0   0   0   0 100   0   0   0   0   0  2.41 0.15
   38 K    -2   1  -1  -2  -4   1   0  -2  -2  -4  -3   6  -2  -4  -2  -1  -2  -4  -3  -3    0   0   0   0   0   0   0   0   0   0   0 100   0   0   0   0   0   0   0   0  0.99 0.13
   39 A     4  -2  -2  -2  -2  -2  -2   4  -2  -3  -3  -2  -2  -3  -2   0  -1  -3  -3  -1   67   0   0   0   0   0   0  32   0   0   0   0   0   0   0   1   0   0   0   0  0.62 0.09
   40 V    -2  -3  -3  -4  -2  -3  -3  -4  -3   4   2  -3   1   1  -3  -2   0  -3  -1   2    0   0   0   0   0   0   0   0   0  49  24   0   0   4   0   0   8   0   0  16  0.40 0.06
   41 T     3  -2  -1  -2  -1  -1  -2  -2  -2  -2  -2  -1  -1  -3  -2   1   5  -3  -2  -1   33   0   0   0   0   0   0   0   0   0   0   0   0   0   0   0  66   0   0   0  0.59 0.10
   42 V    -1  -3  -4  -4  -2  -3  -4  -4  -4   4   1  -3   0  -1  -3  -3  -1  -4  -2   4    0   0   0   0   0   0   0   0   0  41   0   0   0   0   0   0   0   0   0  59  0.60 0.09
   43 F    -3  -4  -4  -5  -3  -4  -4  -4  -1  -1   0  -4  -1   7  -5  -3  -3   0   4  -2    0   0   0   0   0   0   0   0   0   0   0   0   0  87   0   0   0   0  13   0  1.23 0.13
   44 F    -3  -4  -4  -5  -3  -4  -4  -4  -2  -1   0  -4  -1   8  -5  -3  -3   0   3  -2    0   0   0   0   0   0   0   0   0   0   0   0   0  95   0   0   0   0   5   0  1.32 0.13
   45 K    -2   2  -1  -2  -4   1   0  -2  -2  -4  -3   6  -2  -4  -2  -1  -2  -4  -3  -3    0   1   0   0   0   0   0   0   0   0   0  99   0   0   0   0   0   0   0   0  0.98 0.13
   46 E    -2  -1   0   4  -5   1   6  -3  -1  -4  -4   0  -3  -4  -2  -1  -2  -4  -3  -4    0   0   0  25   0   0  75   0   0   0   0   0   0   0   0   0   0   0   0   0  0.96 0.11
   47 I    -2  -4  -4  -4  -2  -4  -4  -5  -4   6   1  -4   1  -1  -4  -3  -2  -3  -2   2    0   0   0   0   0   0   0   0   0  96   4   0   0   0   0   0   0   0   0   0  0.82 0.12
   48 Q    -2   0  -1  -1  -4   7   1  -3   0  -4  -3   0  -1  -4  -2  -1  -2  -3  -3  -3    0   0   0   0   0 100   0   0   0   0   0   0   0   0   0   0   0   0   0   0  1.26 0.16
   49 Q    -1   0   0   4  -3   2   3  -2  -1   0  -2   0  -2  -3  -2  -1  -1  -3  -2  -1    5   3   2  33   0  10  22   1   1  10   2   5   0   0   0   0   3   0   1   3  0.31 0.04
   50 I    -2  -4  -4  -4  -2  -4  -4  -4  -3   4   1  -4   0   5  -4  -3  -2  -1   1   2    0   0   0   0   0   0   0   0   0  57   1   0   0  35   0   0   0   0   2   4  0.57 0.08
   51 F    -3  -4  -4  -5  -3  -4  -4  -4  -2  -1   0  -4  -1   8  -5  -3  -3   0   3  -2    0   0   0   0   0   0   0   0   0   0   0   0   0  98   0   0   0   0   2   0  1.36 0.14
   52 H    -1  -2   3   3  -3  -1  -1   4   3  -4  -4  -1  -3  -3  -2   1  -1  -4  -2  -4    0   0  18  22   0   0   0  37  14   0   0   0   0   0   0   9   0   0   0   0  0.52 0.06
   53 T     2  -2  -1  -2   0  -1  -2  -2  -2   0  -2  -1  -1  -3  -2   1   5  -3  -2   0   27   0   0   0   1   0   0   0   0   5   0   0   0   0   0   2  63   0   0   1  0.49 0.09
   54 T     0  -2   0  -1  -2  -1  -1  -1  -2  -3  -3  -1  -2  -3  -2   5   2  -4  -3  -2    0   0   0   0   0   0   0   0   0   0   0   0   0   0   0  86  14   0   0   0  0.72 0.11
   55 Y    -3  -3  -3  -4  -4  -2  -3  -4   1  -2  -2  -3  -2   2  -4  -2  -3   1   8  -2    0   0   0   0   0   0   0   0   1   0   0   0   0   0   0   1   0   0  97   0  1.54 0.16
   56 S     0  -2   0  -1  -2  -1  -1  -1  -2  -3  -3  -1  -2  -3  -2   6   1  -4  -3  -3    0   0   0   0   0   0   0   1   0   0   0   0   0   0   0  98   0   0   0   0  0.83 0.13
   57 E    -2   0  -1   0  -4   4   6  -3  -1  -4  -4   0  -2  -4  -2  -1  -2  -3  -3  -3    0   0   0   0   0  28  71   0   0   0   0   0   0   0   0   0   0   0   0   0  0.92 0.11
   58 I    -2  -4  -4  -4  -2  -3  -4  -5  -4   6   1  -3   1  -1  -4  -3  -1  -3  -2   3    0   0   0   0   0   0   0   0   0  82   0   0   0   0   0   0   1   0   0  16  0.70 0.10
   59 A     5  -2  -2  -3  -1  -2  -2  -1  -2  -2  -2  -2  -2  -3  -2   1  -1  -3  -3  -1   99   0   0   0   0   0   0   0   0   0   0   0   0   0   0   0   1   0   0   0  0.77 0.12
   60 W    -4  -4  -5  -6  -4  -3  -4  -4  -4  -4  -3  -4  -3   0  -5  -4  -4  12   1  -4    0   0   0   0   0   0   0   0   0   0   0   0   0   0   0   0   0 100   0   0  3.29 0.21
   61 I    -2  -4  -4  -4  -2  -3  -4  -4  -4   5   1  -3   1  -1  -3  -3  -1  -3  -2   4    0   0   0   0   0   0   0   0   0  67   1   0   0   0   0   0   1   0   0  30  0.61 0.09
   62 S     0  -2   0  -1  -2  -1  -1  -1  -2  -3  -3  -1  -2  -3  -2   6   1  -4  -3  -2    0   0   0   0   0   0   0   0   0   0   0   0   0   0   0  96   4   0   0   0  0.81 0.12
   63 S     0  -2   0  -1  -2  -1  -1  -1  -2  -3  -3  -1  -2  -3  -2   6   1  -4  -3  -3    0   0   0   0   0   0   0   0   0   0   0   0   0   0   0 100   0   0   0   0  0.86 0.13
   64 I    -2  -4  -4  -4  -2  -4  -4  -5  -4   6   1  -3   1  -1  -4  -3   0  -4  -2   2    0   0   0   0   0   0   0   0   0  95   0   0   1   0   0   0   4   0   0   0  0.78 0.11
   65 M    -2  -2  -3  -4  -3  -1  -3  -4  -3   0   1  -2   9  -1  -4  -2   0  -3  -2   0    0   0   0   0   0   0   0   0   0   0   0   0  95   0   0   0   4   0   0   0  1.13 0.16
   66 L    -2  -3  -4  -5   1  -3  -4  -5  -4   1   5  -3   1   0  -4  -3  -2  -2  -2   0    0   0   0   0   4   0   0   0   0   0  96   0   0   0   0   0   0   0   0   0  0.74 0.10
   67 A     5  -2  -2  -3  -1  -2  -2  -1  -2  -2  -2  -2  -2  -3  -2   1  -1  -3  -3  -1  100   0   0   0   0   0   0   0   0   0   0   0   0   0   0   0   0   0   0   0  0.78 0.12
   68 V     0  -3  -2  -3  -1  -2  -2  -3  -3   1   0  -2   0  -2  -2   0   3  -3  -2   4    5   0   0   0   0   0   0   0   0   1   0   0   0   0   0   1  35   0   0  58  0.42 0.08
   69 M    -1  -2  -2  -3  -2  -1  -2  -3  -3   0   0  -2   7  -1  -3  -1   4  -3  -2   0    0   0   0   0   0   0   0   0   0   0   0   0  63   0   0   0  37   0   0   0  0.70 0.13
   70 Y    -3  -3  -3  -4  -4  -3  -3  -4   1  -2  -2  -3  -2   2  -4  -3  -3   1   9  -2    0   0   0   0   0   0   0   0   0   0   0   0   0   0   0   0   0   0 100   0  1.61 0.16
   71 A     4  -2  -2  -2  -2  -2  -2   4  -2  -3  -3  -2  -2  -3  -2   0  -1  -3  -3  -2   60   0   0   0   0   0   0  40   0   0   0   0   0   0   0   0   0   0   0   0  0.65 0.08
   72 G     3  -3  -1  -2  -2  -2  -2   5  -3  -3  -3  -2  -2  -3  -2   0  -1  -3  -3  -2   43   0   0   0   0   0   0  57   0   0   0   0   0   0   0   0   0   0   0   0  0.76 0.08
   73 G    -1  -3  -1  -2  -3  -3  -3   7  -3  -5  -5  -2  -4  -4  -3  -1  -2  -3  -4  -4    0   0   0   0   0   0   0 100   0   0   0   0   0   0   0   0   0   0   0   0  1.43 0.12
   74 P    -2  -3  -3  -2  -4  -2  -2  -3  -3  -4  -4  -2  -4  -5   8  -2  -2  -5  -4  -3    0   0   0   0   0   0   0   0   0   0   0   0   0   0  99   0   0   0   0   0  2.40 0.15
   75 V    -2  -4  -4  -4  -2  -4  -4  -5  -4   6   1  -3   1  -1  -4  -3  -1  -3  -2   3    0   0   0   0   0   0   0   0   0  86   5   0   0   0   0   0   0   0   0  10  0.72 0.10
   76 S     0  -2   0  -1  -1  -1  -1  -1  -2  -3  -3  -1  -2  -3  -2   6   1  -4  -3  -3    0   0   0   0   0   0   0   0   0   0   0   0   0   0   0 100   0   0   0   0  0.85 0.13
   77 S     0  -2   0  -1  -2  -1  -1  -1  -2  -3  -3  -1  -2  -3  -2   6   1  -4  -3  -3    0   0   0   0   0   0   0   0   0   0   0   0   0   0   0 100   0   0   0   0  0.86 0.13
   78 V    -2  -4  -4  -4  -2  -3  -4  -5  -4   5   1  -3   1  -1  -4  -3  -1  -3  -2   3    0   0   0   0   0   0   0   0   0  79   0   0   0   0   0   0   0   0   0  21  0.69 0.10
   79 L    -2  -3  -4  -5  -2  -3  -4  -5  -4   1   5  -3   2   0  -4  -3  -2  -2  -2   0    0   0   0   0   0   0   0   0   0   0 100   0   0   0   0   0   0   0   0   0  0.79 0.10
   80 V    -1  -3  -4  -4  -2  -3  -3  -4  -4   2   0  -3   0  -2  -3  -3  -1  -4  -2   6    0   0   0   0   0   0   0   0   0   0   0   0   0   0   0   0   0   0   0 100  0.78 0.12
   81 N    -2  -1   7   0  -4  -1  -1  -1   0  -4  -5  -1  -3  -4  -3   0  -1  -5  -3  -4    0   0  99   0   0   0   0   0   0   0   0   0   0   0   0   1   0   0   0   0  1.29 0.14
   82 K    -1   5   0  -2  -3   0   0  -2  -1  -3  -3   4  -2  -3  -2   0   2  -3  -2  -2    1  43   3   0   0   0   0   0   0   0   0  33   0   0   0   0  19   0   0   0  0.56 0.08
   83 Y    -3  -3  -3  -4  -3  -2  -3  -4   1  -2  -2  -3  -2   3  -4  -3  -3   1   8  -2    0   0   0   0   0   0   0   0   1   0   0   0   0   4   0   0   0   0  94   0  1.49 0.15
   84 G    -1  -3  -1  -2  -3  -3  -3   7  -3  -5  -5  -2  -4  -4  -3  -1  -2  -3  -4  -4    0   0   0   0   0   0   0 100   0   0   0   0   0   0   0   0   0   0   0   0  1.42 0.12
   85 S     0  -2  -1  -2   6  -1  -1  -1  -2  -3  -3  -1  -2  -3  -2   5   0  -4  -3  -2    0   0   0   0  24   0   0   0   0   0   0   0   0   0   0  76   0   0   0   0  0.75 0.11
   86 R    -2   7  -1  -3  -5   0  -1  -3  -1  -4  -3   1  -2  -4  -3  -2  -2  -4  -3  -4    0 100   0   0   0   0   0   0   0   0   0   0   0   0   0   0   0   0   0   0  1.28 0.14
   87 P    -2  -3  -3  -3  -4  -2  -2  -3  -3  -4  -4  -2  -4  -5   8  -2  -2  -5  -4  -3    0   0   0   0   0   0   0   0   0   0   0   0   0   0  99   1   0   0   0   0  2.40 0.15
   88 V    -1  -3  -4  -4  -2  -3  -3  -4  -4   3   0  -3   0  -1  -3  -3  -1  -4  -2   5    0   0   0   0   0   0   0   0   0  21   0   0   0   0   0   0   0   0   0  79  0.64 0.09
   89 V    -1  -3  -4  -4  -2  -3  -3  -4  -4   2   0  -3   4  -1  -3  -2  -1  -3  -2   5    0   0   0   0   0   0   0   0   0   1   0   0  19   0   0   0   0   0   0  80  0.62 0.10
   90 I    -2  -3  -4  -4  -2  -2  -3  -4  -3   4   1  -3   7  -1  -4  -3  -1  -3  -2   1    0   0   0   0   0   0   0   0   0  43   3   0  53   0   0   0   0   0   0   1  0.67 0.11
   91 A     1  -3  -3  -3   0  -2  -3  -2  -2   1   1  -3   3   4  -3  -1  -1  -1   1   1   14   0   0   0   2   0   0   1   0   3   8   0  19  35   0   1   3   0   0  13  0.28 0.06
   92 G    -1  -3  -1  -2  -3  -3  -3   7  -3  -5  -5  -2  -4  -4  -3  -1  -2  -3  -4  -4    0   0   0   0   0   0   0 100   0   0   0   0   0   0   0   0   0   0   0   0  1.43 0.12
   93 G    -1  -3  -1  -2  -3  -3  -3   7  -3  -5  -5  -2  -4  -4  -3  -1  -2  -3  -4  -4    0   0   0   0   0   0   0 100   0   0   0   0   0   0   0   0   0   0   0   0  1.43 0.12
   94 L    -2  -3  -4  -4   4  -3  -4  -4  -3   2   4  -3   1   1  -3  -3  -1  -2  -1   1    0   0   0   0  14   0   0   0   0   9  61   0   1   8   0   0   0   0   0   7  0.46 0.06
   95 L    -2  -3  -4  -5  -2  -3  -4  -5  -4   1   5  -3   2   0  -4  -3  -2  -2  -2   0    0   0   0   0   0   0   0   0   0   1  96   0   3   1   0   0   0   0   0   0  0.74 0.10
   96 C    -1  -4  -4  -4  10  -4  -5  -4  -4  -2  -2  -4  -3  -4  -4  -1  -2  -4  -4  -2    1   0   0   0  95   0   0   0   0   0   0   0   0   0   0   3   1   0   0   0  1.99 0.16
   97 C     2  -2  -1  -2   5  -2  -2   4  -2  -3  -3  -2  -2  -3  -2   2  -1  -3  -3  -2   16   0   0   0  19   0   0  38   0   0   0   0   0   0   0  27   0   0   0   0  0.54 0.07
   98 L    -1  -3  -3  -3  -1  -3  -3  -3  -3   3   2  -3   1   1  -3  -1   1  -3  -1   3    2   0   0   0   0   0   0   0   0  36  19   0   0   6   0   2  11   0   0  24  0.29 0.04
   99 G     0  -3  -1  -2  -3  -3  -3   6  -3  -4  -4  -2  -3  -4  -3  -1  -2  -3  -4  -4    6   0   0   0   0   0   0  93   0   0   0   0   0   0   0   1   0   0   0   0  1.26 0.11
  100 M    -2  -3  -3  -4  -3  -2  -3  -4  -3   0   1  -3   9  -1  -4  -3  -2  -3  -2   0    0   0   0   0   0   0   0   0   0   0   3   0  97   0   0   0   0   0   0   0  1.21 0.17
  101 V    -1  -4  -4  -4  -2  -3  -4  -4  -4   5   1  -3   0  -1  -3  -3  -1  -3  -2   4    0   0   0   0   0   0   0   0   0  54   1   0   0   0   0   0   1   0   0  44  0.58 0.08
  102 L     2  -2  -1  -2  -1  -1  -1  -1  -2  -1   1  -1  -1  -2  -2   4   1  -3  -2  -1   16   0   0   0   0   0   0   1   0   0  20   0   0   0   0  59   4   0   0   1  0.33 0.07
  103 A     5  -2  -2  -2  -1  -2  -2  -1  -2  -2  -2  -1  -2  -3  -2   1  -1  -3  -3  -1   95   0   0   0   0   0   0   0   0   0   0   0   0   0   0   5   0   0   0   0  0.72 0.11
  104 S     3  -2  -1  -1   0  -1  -1  -1  -2  -3  -3  -1  -2  -3  -1   4   0  -3  -2  -2   35   0   0   0   1   0   0   0   0   0   0   0   0   0   0  64   0   0   0   0  0.57 0.09
  105 F    -3  -4  -4  -5  -3  -4  -4  -4  -2  -1   0  -4  -1   8  -5  -3  -3   0   3  -2    0   0   0   0   0   0   0   0   0   0   0   0   0  98   0   0   0   0   2   0  1.36 0.14
  106 S    -1  -4  -3  -3  10  -3  -4  -1  -3  -2  -2  -3  -2  -3  -3   2  -1  -3  -3  -2    1   0   0   0  76   0   0   3   0   0   0   0   0   0   0  19   0   0   0   1  1.41 0.13
  107 S    -1  -2   4  -1  -2  -1  -1  -2  -1  -2  -3  -1  -2  -3  -2   1   5  -4  -3  -1    2   0  33   0   0   0   1   0   0   0   0   0   0   0   0   4  59   0   0   1  0.59 0.09
  108 S     0  -1   3   0  -2  -1  -1  -1  -1  -3  -3  -1  -2  -3  -2   5   1  -4  -3  -3    0   0  14   1   0   0   0   0   0   0   0   0   0   0   0  80   5   0   0   0  0.65 0.10
  109 V    -1  -3  -4  -4  -2  -3  -4  -4  -4   4   1  -3   0  -1  -3  -3  -1  -4  -2   4    0   0   0   0   0   0   0   0   0  44   0   0   0   0   0   0   0   0   0  56  0.60 0.09
  110 V    -1  -3  -4  -4  -2  -2  -3  -4  -3   3   3  -3   3   1  -3  -3  -1  -2  -1   2    0   0   0   0   0   0   0   0   0  19  48   0   9   3   0   0   1   0   0  19  0.40 0.05
  111 Q    -2   0  -1  -1  -4   6   3  -1   1  -4  -3   0  -2  -4  -2  -1  -2  -3  -2  -3    0   0   0   0   0  73  21   3   3   0   0   0   0   0   0   0   0   0   0   0  0.88 0.12
  112 L    -2  -3  -4  -5  -2  -3  -4  -5  -4   1   5  -3   2   0  -4  -3  -2  -2  -2   0    0   0   0   0   0   0   0   0   0   0 100   0   0   0   0   0   0   0   0   0  0.79 0.10
  113 Y    -3  -3  -3  -4  -4  -3  -3  -4   1  -2  -2  -3  -2   3  -4  -3  -3   1   9  -2    0   0   0   0   0   0   0   0   0   0   0   0   0   2   0   0   0   0  98   0  1.57 0.16
  114 L    -2  -3  -4  -4  -2  -3  -4  -4  -4   5   3  -3   2   0  -3  -3  -1  -3  -2   2    0   0   0   0   0   0   0   0   0  60  27   0   3   3   0   0   0   0   0   8  0.52 0.07
  115 T    -1  -4  -3  -4  10  -3  -4  -3  -4  -2  -2  -3  -2  -3  -3  -1   2  -3  -3  -2    0   0   0   0  80   0   0   0   0   0   0   0   0   0   0   0  20   0   0   0  1.55 0.14
  116 M    -1  -3  -4  -4  -2  -3  -3  -3  -4   4   1  -3   2  -1  -3  -2   0  -3  -2   4    3   0   0   0   0   0   0   0   0  33   0   0   7   0   0   0   2   0   0  55  0.48 0.07
  117 G    -1  -3  -1  -2  -3  -3  -3   7  -3  -5  -5  -2  -4  -4  -3  -1  -2  -3  -4  -4    0   0   0   0   0   0   0 100   0   0   0   0   0   0   0   0   0   0   0   0  1.43 0.12
  118 F    -2  -3  -4  -4   0  -3  -4  -4  -3   1   1  -3   0   6  -4  -3  -2  -1   1   3    0   0   0   0   2   0   0   0   0   3   7   0   1  54   0   0   0   0   0  32  0.58 0.08
  119 I    -2  -4  -4  -4  -2  -4  -4  -5  -4   6   1  -3   1  -1  -4  -3  -1  -3  -2   2    0   0   0   0   0   0   0   0   0  87   4   0   1   0   0   0   1   0   0   7  0.71 0.10
  120 T     0  -2  -1  -2   1  -2  -2   5  -3  -3  -3  -2  -2  -3  -2   0   3  -3  -3  -2    0   0   0   0   3   0   0  54   0   0   0   0   0   0   0   2  38   0   0   2  0.65 0.08
  121 G    -1  -3  -1  -2  -3  -3  -3   7  -3  -5  -5  -2  -4  -4  -3  -1  -2  -3  -4  -4    0   0   0   0   0   0   0 100   0   0   0   0   0   0   0   0   0   0   0   0  1.43 0.12
  122 L    -2  -3  -4  -4  -2  -3  -4  -4  -3   1   4  -3   1   5  -4  -3  -2  -1   1   0    0   0   0   0   0   0   0   0   0   1  60   0   1  38   0   0   0   0   0   0  0.62 0.08
  123 G    -1  -3  -1  -2  -3  -3  -3   7  -3  -5  -5  -2  -4  -4  -3  -1  -2  -3  -4  -4    0   0   0   0   0   0   0 100   0   0   0   0   0   0   0   0   0   0   0   0  1.43 0.12
  124 L    -2  -3  -4  -5  -2  -3  -4  -5  -4   1   5  -3   2   0  -4  -3  -2  -2  -2   0    0   0   0   0   0   0   0   0   0   0 100   0   0   0   0   0   0   0   0   0  0.79 0.10
  125 A     5  -2  -2  -3  -1  -2  -2  -1  -2  -2  -2  -2  -2  -3  -2   1  -1  -3  -3  -1   99   0   0   0   0   0   0   0   0   0   0   0   0   0   0   1   0   0   0   0  0.78 0.12
  126 F    -3  -3  -4  -4  -3  -4  -4  -4  -2   0   3  -4   0   6  -4  -3  -2   0   2  -1    0   0   0   0   0   0   0   0   0   0  38   0   0  62   0   0   0   0   0   0  0.79 0.09
  127 N    -3  -1   7   0  -4  -1  -1  -1   0  -4  -5  -1  -3  -4  -3   0  -1  -5  -3  -4    0   0 100   0   0   0   0   0   0   0   0   0   0   0   0   0   0   0   0   0  1.31 0.14
  128 L    -2  -3  -4  -5  -2  -3  -4  -5  -4   1   5  -3   2   0  -4  -3  -2  -2  -2   0    0   0   0   0   0   0   0   0   0   0 100   0   0   0   0   0   0   0   0   0  0.79 0.10
  129 Q    -2   0  -1  -1  -4   7   1  -3   0  -4  -3   0  -1  -4  -2  -1  -2  -3  -3  -3    0   0   0   0   0 100   0   0   0   0   0   0   0   0   0   0   0   0   0   0  1.27 0.16
  130 P    -2  -3  -3  -3  -4  -2  -2  -3  -3  -4  -4  -2  -4  -5   8  -2  -2  -5  -4  -3    0   0   0   0   0   0   0   0   0   0   0   0   0   0 100   0   0   0   0   0  2.42 0.15
  131 A     4  -2  -1  -2  -1  -1  -1  -1  -2  -2  -3  -1  -2  -3  -1   4   0  -3  -2  -1   55   0   0   0   0   0   0   0   0   0   0   0   0   0   0  45   0   0   0   0  0.55 0.09
  132 L    -1  -3  -4  -4  -2  -3  -3  -4  -4   2   4  -3   1  -1  -3  -3  -1  -3  -2   3    0   0   0   0   0   0   0   0   0   0  61   0   0   0   0   0   0   0   0  39  0.52 0.08
  133 T    -1  -2  -2  -2  -2  -2  -2  -3  -3   3   0  -2   0  -2  -2   0   5  -3  -2   1    0   0   0   0   0   0   0   0   0  38   0   0   0   0   0   0  61   0   0   0  0.52 0.10
  134 I    -2  -3  -4  -4  -2  -3  -4  -4  -3   5   1  -3   6  -1  -4  -3  -1  -3  -2   1    0   0   0   0   0   0   0   0   0  63   0   0  37   0   0   0   0   0   0   0  0.67 0.11
  135 I    -2  -4  -4  -4  -2  -4  -4  -5  -4   6   1  -4   1  -1  -4  -3  -1  -3  -2   2    0   0   0   0   0   0   0   0   0  94   3   0   0   0   0   0   0   0   0   3  0.80 0.11
  136 G    -1  -3  -1  -2  -3  -3  -3   7  -3  -5  -5  -2  -4  -4  -3  -1  -2  -3  -4  -4    0   0   0   0   0   0   0 100   0   0   0   0   0   0   0   0   0   0   0   0  1.43 0.12
  137 K    -2   3  -1  -2  -4   1   0  -2  -1  -4  -3   6  -2  -4  -2  -1  -2  -4  -3  -3    0   8   0   0   0   0   0   0   0   0   0  92   0   0   0   0   0   0   0   0  0.90 0.12
  138 Y    -3  -3  -3  -4  -4  -3  -3  -4   1  -2  -2  -3  -2   2  -4  -3  -3   1   9  -2    0   0   0   0   0   0   0   0   0   0   0   0   0   0   0   0   0   0 100   0  1.61 0.16
  139 F    -3  -4  -4  -5  -3  -4  -4  -4  -2  -1   0  -4  -1   8  -5  -3  -3   0   2  -2    0   0   0   0   0   0   0   0   0   0   0   0   0 100   0   0   0   0   0   0  1.40 0.14
  140 Y    -2  -3  -3  -4  -1  -2  -3  -4  -1   0   3  -3   0   3  -4  -3  -2   0   6  -1    0   0   1   0   2   0   0   0   0   0  43   0   0  13   0   0   0   0  40   0  0.58 0.08
  141 R    -1   2  -1  -2  -4   1   0  -2  -1  -4  -3   6  -2  -4  -2  -1  -1  -4  -3  -3    1   6   0   0   0   1   0   0   0   0   1  91   1   0   0   0   0   0   0   0  0.86 0.12
  142 K    -2   5  -1  -2  -4   1   0  -3  -1  -4  -3   5  -2  -4  -2  -1  -2  -4  -3  -3    0  41   1   0   0   0   0   0   0   0   0  58   0   0   0   0   0   0   0   0  0.80 0.10
  143 R    -2   7  -1  -3  -5   0  -1  -3  -1  -4  -3   1  -2  -4  -3  -2  -2  -4  -3  -4    0 100   0   0   0   0   0   0   0   0   0   0   0   0   0   0   0   0   0   0  1.28 0.14
  144 P    -2  -3  -3  -3  -4  -2  -2  -3  -3  -4  -4  -2  -4  -5   8  -2  -2  -5  -4  -3    0   0   0   0   0   0   0   0   0   0   0   0   0   0 100   0   0   0   0   0  2.42 0.15
  145 M    -2  -3  -4  -4  -2  -3  -4  -4  -4   5   1  -3   3  -1  -4  -3  -1  -3  -2   2    0   0   0   0   0   0   0   0   0  76   5   0  15   0   0   0   0   0   0   4  0.62 0.09
  146 A     5  -2  -2  -3  -1  -2  -2  -1  -3  -2  -2  -2  -2  -3  -2   0  -1  -3  -3  -1  100   0   0   0   0   0   0   0   0   0   0   0   0   0   0   0   0   0   0   0  0.79 0.12
  147 N    -2  -1   7   0  -4  -1  -1  -1   0  -4  -4  -1  -3  -4  -3   0  -1  -5  -3  -4    0   0  97   0   0   0   0   0   0   1   0   0   0   0   0   2   0   0   0   0  1.23 0.14
  148 G    -1  -3  -1  -2  -3  -3  -3   7  -3  -5  -5  -2  -4  -4  -3  -1  -2  -3  -4  -4    0   0   0   0   0   0   0 100   0   0   0   0   0   0   0   0   0   0   0   0  1.43 0.12
  149 L    -2  -3  -4  -4  -2  -3  -4  -5  -4   1   5  -3   2   1  -4  -3  -2  -2  -1   0    0   0   0   0   0   0   0   0   0   2  94   0   2   3   0   0   0   0   0   0  0.72 0.09
  150 A     5  -2  -2  -3  -1  -2  -2  -1  -3  -2  -2  -2  -2  -3  -2   1  -1  -3  -3  -1  100   0   0   0   0   0   0   0   0   0   0   0   0   0   0   0   0   0   0   0  0.78 0.12
  151 M    -2  -3  -3  -4  -3  -1  -3  -4  -3   0   1  -3   9  -1  -4  -3  -2  -3  -2   0    0   0   0   0   0   0   0   0   0   0   0   0 100   0   0   0   0   0   0   0  1.27 0.17
  152 A     5  -2  -2  -3  -1  -2  -2  -1  -2  -2  -2  -2  -2  -3  -2   0   0  -3  -3  -1   98   0   0   0   0   0   0   0   0   0   0   0   0   0   0   0   2   0   0   0  0.76 0.11
  153 G    -1  -3  -1  -2  -3  -3  -3   7  -3  -5  -5  -2  -4  -4  -3  -1  -2  -3  -4  -4    0   0   0   0   0   0   0 100   0   0   0   0   0   0   0   0   0   0   0   0  1.43 0.12
  154 S     0  -2   0  -1  -2  -1  -1  -1  -2  -3  -3  -1  -2  -3  -2   6   1  -4  -3  -3    0   0   0   0   0   0   0   0   0   0   0   0   0   0   0 100   0   0   0   0  0.86 0.13
  155 P    -2  -3  -3  -3  -4  -2  -2  -3  -3  -4  -4  -2  -4  -5   8  -2  -2  -5  -4  -3    0   0   0   0   0   0   0   0   0   0   0   0   0   0 100   0   0   0   0   0  2.42 0.15
  156 V    -1  -3  -4  -4  -2  -3  -3  -4  -4   2   0  -3   0  -2  -3  -3  -1  -4  -2   6    0   0   0   0   0   0   0   0   0   0   0   0   0   0   0   0   0   0   0 100  0.78 0.12
  157 F    -3  -3  -4  -4  -3  -3  -4  -4  -2   0   0  -3   6   6  -4  -3  -2   0   1  -1    0   0   0   0   0   0   0   0   0   0   0   0  38  62   0   0   0   0   0   0  0.89 0.12
  158 L    -2  -3  -4  -5  -2  -3  -4  -5  -4   1   5  -3   2   0  -4  -3  -2  -2  -2   0    0   0   0   0   0   0   0   0   0   0 100   0   0   0   0   0   0   0   0   0  0.79 0.10
  159 S     0  -2  -1  -2   8  -2  -2  -2  -2  -3  -3  -2  -2  -3  -2   4   0  -4  -3  -2    0   0   0   0  41   0   0   0   0   0   0   0   0   0   0  59   0   0   0   0  0.87 0.11
  160 S     0  -2  -1  -2  -2  -1  -2  -2  -3  -2  -2  -1  -2  -3  -2   1   6  -3  -3  -1    2   0   0   0   0   0   0   0   0   0   0   0   0   0   0   5  94   0   0   0  0.87 0.13
  161 L    -2  -3  -4  -5  -2  -3  -4  -5  -4   1   5  -3   2   0  -4  -3  -2  -2  -2   0    0   0   0   0   0   0   0   0   0   1  99   0   0   0   0   0   0   0   0   0  0.79 0.10
  162 A     5  -2  -2  -3  -1  -2  -2  -1  -3  -2  -2  -2  -2  -3  -2   0  -1  -3  -3  -1  100   0   0   0   0   0   0   0   0   0   0   0   0   0   0   0   0   0   0   0  0.79 0.12
  163 P    -2  -3  -3  -3  -4  -2  -2  -3  -3  -4  -4  -2  -4  -5   8  -2  -2  -5  -4  -3    0   0   0   0   0   0   0   0   0   0   0   0   0   0 100   0   0   0   0   0  2.42 0.15
  164 F    -2  -3  -4  -4  -2  -3  -4  -4  -3   1   4  -3   1   4  -4  -3  -2  -1   0   0    0   0   0   0   0   0   0   0   0   0  76   0   0  23   0   0   0   0   0   1  0.62 0.08
  165 N    -3  -1   7   0  -4  -1  -1  -1   0  -4  -5  -1  -3  -4  -3   0  -1  -5  -3  -4    0   0 100   0   0   0   0   0   0   0   0   0   0   0   0   0   0   0   0   0  1.31 0.14
  166 Q    -2   0  -1  -1  -4   7   1  -3   0  -4  -3   0  -1  -4  -2  -1  -2  -3  -3  -3    0   0   0   0   0 100   0   0   0   0   0   0   0   0   0   0   0   0   0   0  1.27 0.16
  167 Y    -3  -3  -4  -4  -3  -3  -4  -4   0  -1   0  -3  -1   6  -4  -3  -3   1   6  -2    0   0   0   0   0   0   0   0   0   0   4   0   0  59   0   0   0   1  37   0  1.03 0.11
  168 L    -2  -3  -4  -5  -2  -3  -4  -5  -4   1   5  -3   2   0  -4  -3  -2  -2  -2   0    0   0   0   0   0   0   0   0   0   0 100   0   0   0   0   0   0   0   0   0  0.79 0.10
  169 F    -3  -4  -4  -4  -3  -4  -4  -4  -2   1   0  -4   0   7  -4  -3  -3   0   2  -1    0   0   0   0   0   0   0   0   0   7   4   0   0  85   0   1   0   0   1   2  1.05 0.11
  170 N    -2  -2   6   5  -4  -1   1  -1  -1  -4  -4  -1  -3  -4  -3   0  -1  -5  -3  -4    0   0  58  38   0   0   4   0   0   0   0   0   0   0   0   0   0   0   0   0  0.91 0.10
  171 T     0   0   4   0  -2   1   0  -1   1  -2  -3   0  -1  -3  -2   1   2  -3  -2  -1    7   2  40   0   0   8   3   0   4   0   0   3   1   0   0   7  20   0   1   3  0.34 0.06
  172 F    -3  -3  -4  -4  -3  -4  -4  -4  -1  -1   0  -4  -1   7  -4  -3  -3   1   5  -2    0   0   0   0   0   0   0   0   0   0   1   0   0  79   0   0   0   0  21   0  1.16 0.12
  173 G    -1  -3  -1  -2  -3  -3  -3   7  -3  -5  -5  -2  -4  -4  -3  -1  -2  -3  -4  -4    0   0   0   0   0   0   0 100   0   0   0   0   0   0   0   0   0   0   0   0  1.42 0.12
  174 W    -4  -4  -5  -6  -4  -3  -4  -4  -4  -4  -3  -4  -3   0  -5  -4  -4  12   1  -4    0   0   0   0   0   0   0   0   0   0   0   0   0   0   0   0   0 100   0   0  3.31 0.21
  175 K    -2   6  -1  -2  -4   1  -1  -3  -1  -4  -3   4  -2  -4  -3  -1  -2  -4  -3  -3    0  74   0   0   0   0   0   0   0   0   0  26   0   0   0   0   0   0   0   0  0.96 0.11
  176 G    -1  -3  -1  -2  -3  -3  -3   7  -3  -5  -5  -2  -4  -4  -3  -1  -2  -3  -4  -4    0   0   0   0   0   0   0 100   0   0   0   0   0   0   0   0   0   0   0   0  1.43 0.12
  177 S     0  -2   0  -1  -2  -1  -1  -1  -2  -3  -3  -1  -2  -3  -2   6   1  -4  -3  -3    0   0   0   0   0   0   0   1   0   0   0   0   0   0   0  99   0   0   0   0  0.85 0.13
  178 F    -3  -4  -4  -5  -3  -4  -4  -4  -2  -1   0  -4  -1   8  -5  -3  -3   0   2  -2    0   0   0   0   0   0   0   0   0   0   0   0   0 100   0   0   0   0   0   0  1.40 0.14
  179 L    -2  -3  -4  -4  -2  -3  -4  -4  -3   1   5  -3   2   2  -4  -3  -2  -2  -1   0    0   0   0   0   0   0   0   0   0   1  88   0   3   9   0   0   0   0   0   0  0.66 0.09
  180 I    -2  -4  -4  -4  -2  -4  -4  -5  -4   6   1  -4   0  -1  -4  -3  -1  -4  -2   2    0   0   0   0   0   0   0   0   0  97   0   0   0   0   0   0   0   0   0   3  0.84 0.12
  181 L    -2  -3  -4  -5  -2  -3  -4  -5  -4   1   5  -3   2   0  -4  -3  -2  -2  -2   0    0   0   0   0   0   0   0   0   0   0 100   0   0   0   0   0   0   0   0   0  0.79 0.10
  182 G     0  -3  -1  -2  -3  -3  -3   7  -3  -5  -5  -2  -4  -4  -3  -1  -2  -3  -4  -4    1   0   0   0   0   0   0  98   0   0   0   0   0   0   0   0   0   0   0   0  1.38 0.11
  183 S     3  -3  -1  -2  -2  -2  -2   5  -3  -3  -3  -2  -2  -3  -2   0  -1  -3  -3  -2   46   0   0   0   0   0   0  53   0   0   0   0   0   0   0   1   0   0   0   0  0.72 0.08
  184 L    -2  -3  -4  -4  -2  -3  -4  -4  -4   5   3  -3   1   0  -4  -3  -1  -3  -2   2    0   0   0   0   0   0   0   0   0  60  37   0   2   0   0   0   0   0   0   1  0.57 0.08
  185 L    -2  -3  -4  -4  -2  -3  -4  -4  -3   1   5  -3   2   2  -4  -3  -2  -2  -1   0    0   0   0   0   0   0   0   0   0   0  90   0   0   8   0   0   0   0   0   1  0.68 0.09
  186 L    -2  -3  -4  -5  -2  -3  -4  -5  -4   1   5  -3   2   0  -4  -3  -2  -2  -2   0    0   0   0   0   0   0   0   0   0   0  99   0   1   0   0   0   0   0   0   0  0.79 0.10
  187 N    -2  -1   7   0  -4  -1  -1  -1   4  -4  -4  -1  -3  -4  -3   0  -1  -5  -2  -4    0   0  88   0   0   0   0   0  12   0   0   0   0   0   0   0   0   0   0   0  1.12 0.13
  188 A     1  -4  -3  -4  10  -3  -4  -3  -4  -2  -2  -3  -2  -3  -3   0  -1  -3  -3  -2   14   0   0   0  80   0   0   0   0   0   0   0   0   0   0   6   0   0   0   0  1.51 0.14
  189 C    -1  -5  -4  -5  11  -4  -5  -4  -4  -2  -2  -4  -3  -4  -4  -2  -2  -4  -4  -2    0   0   0   0 100   0   0   0   0   0   0   0   0   0   0   0   0   0   0   0  2.20 0.18
  190 V    -1  -3  -4  -4  -2  -3  -3  -4  -4   2   0  -3   0  -2  -3  -3  -1  -4  -2   6    0   0   0   0   0   0   0   0   0   0   0   0   0   0   0   0   0   0   0 100  0.78 0.12
  191 A     5  -2  -2  -3  -1  -2  -2   0  -3  -2  -2  -2  -2  -3  -2   0  -1  -3  -3  -1   99   0   0   0   0   0   0   1   0   0   0   0   0   0   0   0   0   0   0   0  0.77 0.12
  192 G     0  -3  -1  -2  -3  -3  -3   7  -3  -5  -5  -2  -4  -4  -3  -1  -2  -3  -4  -4    0   0   0   0   0   0   0 100   0   0   0   0   0   0   0   0   0   0   0   0  1.42 0.12
  193 S     4  -2  -1  -2   0  -1  -1  -1  -2  -2  -2  -1  -2  -3  -1   4   0  -3  -2  -1   54   0   0   0   2   0   0   0   0   0   0   0   0   0   0  44   0   0   0   0  0.52 0.09
  194 L    -2  -3  -4  -5  -2  -3  -4  -5  -4   1   5  -3   2   0  -4  -3  -2  -2  -2   0    0   0   0   0   0   0   0   0   0   0 100   0   0   0   0   0   0   0   0   0  0.79 0.10
  195 M    -2  -3  -3  -4  -3  -2  -3  -4  -2   0   1  -3   7   5  -4  -3  -2  -1   1  -1    0   0   0   0   0   0   0   0   0   0   0   0  59  41   0   0   0   0   0   0  0.84 0.13
  196 R    -2   7  -1  -3  -5   0  -1  -3  -1  -4  -3   1  -2  -4  -3  -2  -2  -4  -3  -4    0 100   0   0   0   0   0   0   0   0   0   0   0   0   0   0   0   0   0   0  1.28 0.14
  197 P    -2  -3  -3  -2  -4  -2  -2  -3  -3  -4  -4  -2  -4  -5   8  -2  -2  -5  -4  -3    0   0   0   0   0   0   0   0   0   0   0   0   0   0  99   0   0   0   0   0  2.37 0.15
  198 L    -2  -3  -4  -4  -2  -3  -4  -4  -4   4   3  -3   1   0  -2  -3  -1  -3  -2   3    0   0   0   0   0   0   0   0   0  45  34   0   0   0   1   0   0   0   0  19  0.46 0.06
  199 G     0  -1  -1  -1  -3   0   0   6  -2  -3  -3  -1  -2  -4  -1  -1  -2  -3  -3  -2    0   3   0   1   0   4   7  72   0   0   0   1   0   0   2   2   1   0   0   5  0.75 0.07
  200 P     2  -2  -2  -2  -2  -1  -1  -1  -2  -2  -3  -1  -2  -4   7   0  -1  -4  -3  -1   29   0   0   0   0   3   0   1   0   1   1   1   0   0  56   2   2   0   0   3  1.06 0.08
  201 N     1   0  -1  -1  -2   0  -1   0  -2  -2  -2   2  -2  -3   4   0   1  -3  -3  -1   20   3   1   2   0   2   1   7   0   2   1  22   0   0  26   4   9   0   0   1  0.39 0.04
  202 Q     0  -1  -1  -1  -2   2   0  -2  -2  -2  -1   1  -1  -3   5   0   3  -3  -2  -2    4   1   0   0   0  17   1   1   0   1   4  10   1   0  30   2  27   0   0   0  0.51 0.06
  203 T     2  -1   0  -1  -1  -1  -1   1  -1  -1  -1   0  -1  -2   0   1   2  -3  -2   0   32   3   4   1   0   1   2   8   1   4   1   4   1   0   3  11  18   0   0   8  0.15 0.03
  204 T     0   0   0  -1  -2   1   0  -2  -1  -2  -1   2  -1  -3   3   2   2  -3  -2  -1    4   2   1   0   0   6   1   1   0   1   5  19   0   0  16  21  20   0   0   2  0.27 0.04
  205 S     1  -1   0  -1  -1  -1   0  -1  -2   1   0   0   0  -2   1   1   0  -3  -2   2   18   1   4   1   0   2   3   3   0   6   4   8   0   0   6  13   3   0   0  28  0.08 0.02
  206 K    -1   1   0   0  -3   1   1  -2  -1  -1  -2   5  -1  -3  -1   0   0  -3  -2  -1    2   2   1   4   0   6   4   1   1   4   1  63   0   0   2   2   3   0   1   3  0.40 0.06
  207 S     0   0   0   0  -2   0   0  -1  -1  -2  -2   3  -1  -3   1   2   2  -3  -2  -1    5   1   3   2   0   2   2   3   0   1   1  29   0   0   5  20  23   0   0   2  0.24 0.04
  208 K    -1   1   0   2  -3   3   1  -2  -1  -3  -2   4  -1  -3  -1   0  -1  -3  -2  -3    1   2   1  13   0  24   5   1   0   0   2  44   0   0   2   1   1   0   0   1  0.42 0.06
  209 N     0  -1   2   3  -2   1   2   0  -1  -2  -2   1  -1  -3  -1   0   0  -3  -2  -1    5   0  17  17   0   3  19   6   0   1   2   7   1   0   2   6   4   0   0   8  0.21 0.02
  210 K     1   0  -1   0  -2   1   2  -2  -1  -1  -2   3  -1  -3   0   0   0  -3  -2   0   13   0   1   5   0   1  18   1   0   4   1  36   1   0   2   1   5   0   0   9  0.20 0.04
  211 T    -1  -1  -1   0  -2   0   2  -1  -2   2   1   0   1  -1  -1  -1   0  -3  -2   1    2   1   1   3   0   1  22   5   0  18  13   6   5   0   2   1   9   0   0  11  0.07 0.02
  212 G     1   0   0   1  -2   0   2   3  -1  -3  -3   1  -2  -3   0   0   0  -3  -2  -2   13   1   2   5   1   1  20  27   0   0   1  15   0   0   3   5   3   0   0   2  0.26 0.03
  213 K     0  -1  -1   0  -2   0   0   1  -2   1   0   1   1  -2  -1   0   0  -3  -2   1   10   1   1   4   0   1   9  10   0  15   4  16   5   1   1   5   2   0   0  16  0.04 0.02
  214 T     1   1   0   1  -1   0   0   0  -1   0  -1   1  -1  -2   0   0   1  -3  -2   0   11  11   1   7   1   1   6   5   0   9   2  16   0   0   3   7  13   0   0   6  0.09 0.01
  215 E     1  -1  -1   1  -2   0   3   0   0  -1  -1   0   0  -2  -1   1   0  -3  -2   0   16   1   1   6   0   1  29   7   2   3   2   4   4   0   1   8   8   0   0   7  0.15 0.02
  216 D    -1  -1   0   3  -3   0   2   0  -1  -2  -2   0  -1  -3   2   0   1  -2  -2  -1    3   1   3  22   0   1  23   7   1   1   4   4   3   0  11   2  10   0   0   3  0.25 0.03
  217 D     0  -1   0   2  -2   0   1   1  -1  -1  -1   0   1  -2   0   0   0  -3  -2  -1   10   1   2  20   0   1  11  10   0   2   5   6  10   0   3   7   8   0   0   4  0.12 0.02
  218 S     1  -1   1   1   0   0   1   0  -1  -2  -2   0  -1  -2   2   2   1  -3  -2  -1   13   0   6   8   2   2  11   5   0   1   4   3   0   0   9  21  10   0   0   4  0.18 0.02
  219 S     0  -1   1   0  -1   0   0   1  -1   0   0  -1   0  -2  -1   1   1  -3  -2   0    9   0   9   5   0   2   5  11   1   4   9   2   4   1   2  17   8   0   0  11  0.06 0.01
  220 P     0   0  -1  -1  -2   0   0  -1   0   0   0   1   0  -2   3   0   0  -3  -2   1    6   2   1   2   0   3   7   2   4   1   8  14   4   0  19   5   6   0   0  15  0.18 0.02
  221 K     0   0   0  -1  -2   1   0  -1  -1  -1  -1   2   1  -2  -1   0   3  -3  -2  -1    3   1   5   1   0   5   4   2   1   1   2  27   8   0   1   3  32   0   0   3  0.20 0.04
  222 K     0   1   2   0  -3   1   3  -2   0  -2  -2   3  -1  -3  -1   0   1  -3  -2  -2    4   1  11   2   0   2  25   1   2   0   0  30   1   0   1   3  13   0   0   2  0.29 0.04
  223 I     0   0   1   0  -2   1   2  -1  -1  -1  -1   1  -1  -2  -1   1   2  -3  -2   0    2   4   7   4   0   3  17   1   1   5   2  11   2   0   1  12  22   0   0   6  0.15 0.02
  224 K     0   1   0   0  -3   1   2  -2   3  -3  -2   3  -1  -3   1   0   0  -3  -1  -2    4   2   4   2   0   6  19   1  10   1   2  30   1   0   7   4   6   0   1   1  0.28 0.04
  225 T    -1   0   0   1  -3   1   3   1  -1  -2  -2   2   0  -3   0   0   0  -3  -2  -1    2   2   1   4   0   3  36  12   0   2   1  17   6   0   2   1   8   0   0   3  0.25 0.04
  226 K    -1   1   0   1  -4   1   3   0  -1  -3  -3   4  -2  -4  -1  -1  -1  -4  -3  -3    1   3   1   5   0   1  25   7   0   0   0  55   0   0   1   1   1   0   0   0  0.50 0.07
  227 K    -1   3   0  -1  -2   1   0  -2   0  -2  -1   4   0  -2  -1   0   0  -3  -2  -1    3  14   3   0   0   3   1   0   2   1   6  47   4   1   2   6   4   0   0   2  0.28 0.05
  228 S     0  -1   0   4  -2  -1   0  -1  -2  -3  -3  -1  -2  -3  -1   3   2  -4  -3  -2    1   1   1  34   0   0   1   1   0   0   0   1   0   0   1  39  21   0   0   0  0.47 0.07
  229 T     1  -2  -3  -3   7  -2  -3  -2  -3   0   0  -2  -1   0  -2  -1   1  -3  -2   1   18   1   0   0  41   0   0   1   0   4   5   0   0   6   1   1  10   0   0  10  0.50 0.07
  230 W    -1  -3  -4  -4   7  -3  -3  -3  -3  -2  -1  -3  -2   3  -4  -2  -2   9   1  -2    3   0   0   0  33   0   1   0   0   1   2   0   0  15   0   2   0  40   2   0  1.27 0.11
  231 E    -1   0   0   1  -4   4   5  -1   0  -4  -3   1  -2  -4  -2  -1  -1  -3  -3  -3    3   0   1   1   0  29  57   2   1   0   0   4   0   0   0   0   2   0   0   0  0.68 0.09
  232 K    -1   1   1  -1  -3   0   0  -2  -2   0  -1   4  -1  -3  -2   0   2  -3  -2  -1    0   2   6   0   0   0   1   0   0   9   2  51   2   0   0   1  24   0   0   3  0.32 0.07
  233 V    -2  -3  -4  -4  -2  -3  -4  -4  -4   5   1  -3   1   1  -3  -3  -1  -3  -1   3    0   0   0   0   0   0   0   0   0  58   4   0   1   7   0   0   0   0   0  30  0.51 0.07
  234 N    -2  -1   7   1  -4  -1  -1  -1   0  -4  -4  -1  -3  -4  -3   0  -1  -5  -3  -4    0   0  97   2   0   0   0   0   0   0   0   0   0   0   0   1   0   0   0   0  1.24 0.14
  235 K    -1   2   0  -1  -4   4   1  -2   0  -3  -3   5  -1  -4  -2  -1  -1  -3  -2  -3    1   5   3   0   0  29   1   0   1   0   0  57   1   0   0   1   3   0   0   0  0.61 0.09
  236 Y    -3  -3  -3  -4  -3  -3  -3  -4   1  -2  -2  -3  -2   3  -4  -3  -3   1   8  -2    0   0   1   0   0   0   0   0   0   0   0   0   0   9   0   0   0   0  90   0  1.41 0.14
  237 L    -2  -3  -4  -5  -2  -3  -4  -5  -4   1   5  -3   2   0  -4  -3  -2  -2  -2   0    0   0   0   0   0   0   0   0   0   4  95   0   0   1   0   0   0   0   0   0  0.73 0.10
  238 D    -3  -3   1   7  -5  -1   1  -2  -2  -4  -5  -2  -4  -5  -2  -1  -2  -5  -4  -4    0   0   0 100   0   0   0   0   0   0   0   0   0   0   0   0   0   0   0   0  1.43 0.13
  239 F    -3  -3  -4  -4  -1  -3  -4  -4  -3   0   3  -4   1   6  -4  -3  -2  -1   1   0    0   0   0   0   1   0   0   0   0   1  43   0   0  55   0   0   0   0   0   0  0.70 0.09
  240 S     0  -2   0  -1  -2  -1  -1  -1  -2  -3  -3  -1  -2  -3  -2   5   2  -4  -3  -2    0   0   0   0   0   0   0   0   0   0   0   0   0   0   0  87  13   0   0   0  0.73 0.11
  241 L    -2  -3  -4  -5  -2  -3  -4  -5  -4   1   5  -3   2   0  -4  -3  -2  -2  -2   0    0   0   0   0   0   0   0   0   0   0 100   0   0   0   0   0   0   0   0   0  0.79 0.10
  242 F    -3  -4  -4  -5  -3  -4  -4  -4  -2  -1   0  -4  -1   8  -5  -3  -3   0   2  -2    0   0   0   0   0   0   0   0   0   0   0   0   0 100   0   0   0   0   0   0  1.40 0.14
  243 K    -2   2  -1  -2  -4   1   0  -2  -2  -4  -3   6  -2  -4  -2  -1  -1  -4  -3  -3    0   1   0   0   0   1   0   0   0   0   0  97   0   0   0   0   0   0   0   0  0.94 0.13
  244 H    -3  -1   0  -2  -4  -1  -1  -3  10  -5  -4  -2  -3  -2  -3  -2  -3  -4   1  -4    0   0   0   1   0   0   0   0  99   0   0   0   0   0   0   0   0   0   0   0  1.77 0.17
  245 R    -2   7  -1  -3  -5   0  -1  -3  -1  -4  -3   1  -2  -4  -3  -2  -2  -4  -3  -4    0 100   0   0   0   0   0   0   0   0   0   0   0   0   0   0   0   0   0   0  1.28 0.14
  246 G    -1  -3  -1  -2  -3  -3  -3   7  -3  -5  -5  -2  -4  -4  -3  -1  -2  -3  -4  -4    0   0   0   0   0   0   0 100   0   0   0   0   0   0   0   0   0   0   0   0  1.43 0.12
  247 F    -3  -4  -4  -5  -3  -4  -4  -4  -2  -1   0  -4  -1   8  -5  -3  -3   0   2  -2    0   0   0   0   0   0   0   0   0   0   0   0   0  99   0   0   0   0   1   0  1.38 0.14
  248 L    -2  -3  -4  -5  -2  -3  -4  -5  -4   1   5  -3   2   0  -4  -3  -2  -2  -2   0    0   0   0   0   0   0   0   0   0   0  99   0   0   0   0   0   0   0   0   0  0.78 0.10
  249 I    -2  -4  -4  -4  -2  -4  -4  -5  -4   6   1  -4   0  -1  -4  -3  -1  -4  -2   2    0   0   0   0   0   0   0   0   0  98   0   0   0   0   0   0   0   0   0   2  0.84 0.12
  250 Y    -3  -3  -3  -4  -4  -3  -3  -4   1  -2  -2  -3  -2   2  -4  -3  -3   1   9  -2    0   0   0   0   0   0   0   0   0   0   0   0   0   0   0   0   0   0 100   0  1.61 0.16
  251 L    -2  -3  -4  -5  -2  -3  -4  -5  -4   1   5  -3   2   0  -4  -3  -2  -2  -2   0    0   0   0   0   0   0   0   0   0   0 100   0   0   0   0   0   0   0   0   0  0.79 0.10
  252 S     0  -2  -1  -2  -2  -2  -2  -2  -2   3  -1  -2  -1  -1  -2   4   0  -3  -2   1    0   0   0   0   0   0   0   0   0  35   0   0   0   1   0  57   0   0   0   6  0.34 0.08
  253 G    -1  -3  -1  -2  -3  -3  -3   7  -3  -5  -5  -2  -4  -4  -3  -1  -2  -3  -4  -4    0   0   0   0   0   0   0 100   0   0   0   0   0   0   0   0   0   0   0   0  1.43 0.12
  254 N    -3  -1   7   0  -4  -1  -1  -1   0  -4  -5  -1  -3  -4  -3   0  -1  -5  -3  -4    0   0 100   0   0   0   0   0   0   0   0   0   0   0   0   0   0   0   0   0  1.31 0.14
  255 V    -1  -3  -4  -4   1  -3  -3  -4  -4   2   0  -3   0  -2  -3  -2  -1  -4  -2   5    1   0   0   0   2   0   0   0   0   2   0   0   1   0   0   0   0   0   0  94  0.69 0.11
  256 I    -2  -3  -4  -4  -2  -3  -4  -5  -4   5   3  -3   1   0  -4  -3  -2  -3  -2   2    0   0   0   0   0   0   0   0   0  61  39   0   0   0   0   0   0   0   0   0  0.59 0.08
  257 M    -2  -3  -3  -4  -3  -1  -3  -4  -3   0   1  -3   9  -1  -4  -3  -2  -3  -2   0    0   0   0   0   0   0   0   0   0   0   1   0  99   0   0   0   0   0   0   0  1.26 0.17
  258 F    -3  -4  -4  -5  -3  -4  -4  -4  -2  -1   0  -4  -1   8  -5  -3  -3   0   2  -2    0   0   0   0   0   0   0   0   0   0   0   0   0 100   0   0   0   0   0   0  1.40 0.14
  259 L    -2  -3  -4  -4  -2  -3  -4  -4  -3   2   4  -3   1   2  -4  -3  -2  -2  -1   1    0   0   0   0   0   0   0   0   0   3  79   0   0   8   0   0   0   0   0  10  0.57 0.08
  260 G    -1  -3  -1  -2  -3  -3  -3   7  -3  -5  -5  -2  -4  -4  -3  -1  -2  -3  -4  -4    0   0   0   0   0   0   0 100   0   0   0   0   0   0   0   0   0   0   0   0  1.43 0.12
  261 F    -3  -4  -4  -5  -3  -4  -4  -4  -2  -1   0  -4  -1   8  -5  -3  -3   0   2  -2    0   0   0   0   0   0   0   0   0   0   0   0   0 100   0   0   0   0   0   0  1.40 0.14
  262 F    -3  -4  -4  -5  -3  -4  -4  -4  -2  -1   0  -4  -1   8  -5  -3  -3   0   2  -2    0   0   0   0   0   0   0   0   0   0   0   0   0 100   0   0   0   0   0   0  1.40 0.14
  263 A     5  -2  -2  -3  -1  -2  -2  -1  -2  -2  -2  -2  -2  -3  -2   1  -1  -3  -3  -1   98   0   0   0   0   0   0   0   0   0   0   0   0   0   0   2   0   0   0   0  0.76 0.11
  264 P    -2  -3  -3  -3  -4  -2  -2  -3  -3  -4  -4  -2  -4  -5   8  -2  -2  -5  -4  -3    0   0   0   0   0   0   0   0   0   0   0   0   0   0 100   0   0   0   0   0  2.42 0.15
  265 I    -2  -4  -4  -4  -2  -4  -4  -5  -4   6   1  -4   0  -1  -4  -3  -1  -4  -2   3    0   0   0   0   0   0   0   0   0  91   0   0   0   0   0   0   0   0   0   8  0.78 0.11
  266 I    -1  -3  -4  -4  -2  -3  -3  -4  -4   3   0  -3   0  -1  -3  -3  -1  -4  -2   5    0   0   0   0   0   0   0   0   0  22   0   0   0   0   0   0   0   0   0  78  0.64 0.09
  267 F    -3  -4  -4  -5  -3  -4  -4  -4  -2  -1   0  -4  -1   8  -5  -3  -3   0   2  -2    0   0   0   0   0   0   0   0   0   0   0   0   0 100   0   0   0   0   0   0  1.40 0.14
  268 L    -2  -3  -4  -5  -2  -3  -4  -5  -4   1   5  -3   2   0  -4  -3  -2  -2  -2   0    0   0   0   0   0   0   0   0   0   0 100   0   0   0   0   0   0   0   0   0  0.79 0.10
  269 A     5  -2  -2  -2  -1  -1  -2  -1  -2  -2  -2  -1  -2  -3  -1   1   0  -3  -3  -1   90   0   0   0   0   0   0   0   0   0   0   0   0   0   0   6   4   0   0   0  0.66 0.10
  270 P     1  -3  -3  -2  -3  -2  -2  -2  -3  -3  -3  -2  -3  -4   8  -1  -2  -4  -4  -3   18   0   0   0   0   0   0   0   0   0   0   0   0   0  78   3   0   0   0   0  1.70 0.12
  271 Y    -3  -3  -3  -4  -4  -3  -3  -4   1  -2  -2  -3  -2   3  -4  -3  -3   1   9  -2    0   0   0   0   0   0   0   0   0   0   0   0   0   2   0   0   0   0  98   0  1.56 0.16
  272 A     5  -2  -2  -3  -1  -2  -2  -1  -3  -2  -2  -2  -2  -3  -2   0  -1  -3  -3  -1  100   0   0   0   0   0   0   0   0   0   0   0   0   0   0   0   0   0   0   0  0.79 0.12
  273 K    -2   2  -1  -2  -4   1   0  -2  -2  -4  -3   6  -2  -4  -2  -1  -2  -4  -3  -3    0   1   0   0   0   0   0   0   0   0   0  99   0   0   0   0   0   0   0   0  0.97 0.13
  274 D    -3  -2   0   5  -4  -1   0  -3   8  -4  -4  -2  -3  -3  -3  -1  -2  -4   0  -4    0   0   1  44   0   0   0   0  54   0   0   0   0   0   0   1   0   0   0   0  1.04 0.12
  275 Q    -1   0   0  -2  -2   0  -1  -3  -2   2   1   2   3  -1  -2  -1   1  -3  -2   0    0   5   6   0   0   4   0   0   0  23   5  22  22   0   0   0  13   0   0   0  0.16 0.05
  276 G    -1  -3  -1  -2  -3  -3  -3   7  -3  -5  -5  -2  -4  -4  -3  -1  -2  -3  -4  -4    0   0   1   0   0   0   1  98   0   0   0   1   0   0   0   0   0   0   0   0  1.36 0.11
  277 I    -2  -4  -4  -4  -2  -3  -4  -4  -4   5   1  -3   1  -1  -3  -3  -1  -3  -2   3    0   0   0   0   0   0   0   0   0  72   0   0   0   1   0   0   0   0   0  27  0.65 0.09
  278 D    -3  -3   1   7  -5  -1   1  -2  -2  -4  -5  -2  -4  -5  -2  -1  -2  -5  -4  -4    0   0   1  99   0   0   0   0   0   0   0   0   0   0   0   1   0   0   0   0  1.40 0.13
  279 E    -2  -1  -1   1  -5   1   6  -3  -1  -4  -4   0  -3  -4  -2  -1  -2  -4  -3  -3    0   0   0   1   0   2  97   0   0   0   0   0   0   0   0   0   0   0   0   0  1.14 0.13
  280 Y    -3  -3  -3  -4  -4  -3  -3  -4   1  -2  -2  -3  -2   2  -4  -3  -3   1   9  -2    0   0   0   0   0   0   0   0   0   0   0   0   0   0   0   0   0   0 100   0  1.61 0.16
  281 S     0  -1   0  -1  -2   0  -1  -1  -2  -3  -3  -1  -2  -3  -2   5   1  -4  -2  -3    0   1   2   0   0   2   0   0   0   0   0   0   0   0   0  93   0   0   1   0  0.75 0.12
  282 A     5  -2  -2  -3  -1  -2  -2  -1  -2  -2  -2  -1  -2  -3  -2   1  -1  -3  -3  -1   96   0   0   0   0   0   0   0   0   0   0   0   0   0   0   4   0   0   0   0  0.74 0.11
  283 A     5  -2  -2  -3  -1  -2  -2  -1  -3  -2  -2  -2  -2  -3  -2   0  -1  -3  -3  -1  100   0   0   0   0   0   0   0   0   0   0   0   0   0   0   0   0   0   0   0  0.79 0.12
  284 F    -3  -4  -4  -5  -3  -4  -4  -4  -2  -1   1  -4  -1   8  -5  -3  -3   0   2  -2    1   0   0   0   0   0   0   0   0   0   7   0   0  92   0   0   0   0   0   0  1.19 0.13
  285 L    -2  -3  -4  -5  -2  -3  -4  -5  -4   1   5  -3   2   0  -4  -3  -2  -2  -2   0    0   0   0   0   0   0   0   0   0   0 100   0   0   0   0   0   0   0   0   0  0.79 0.10
  286 L    -2  -3  -4  -5  -2  -3  -4  -5  -4   1   5  -3   2   0  -4  -3  -2  -2  -2   0    0   0   0   0   0   0   0   0   0   0 100   0   0   0   0   0   0   0   0   0  0.79 0.10
  287 S     0  -2   0  -1  -2  -1  -1  -1  -2  -3  -3  -1  -2  -3  -2   6   1  -4  -3  -3    0   0   0   0   0   0   0   0   0   0   0   0   0   0   0 100   0   0   0   0  0.86 0.13
  288 V    -2  -4  -4  -4  -2  -4  -4  -5  -4   6   1  -3   1  -1  -4  -3  -1  -3  -2   3    0   0   0   0   0   0   0   0   0  82   0   0   0   0   0   0   0   0   0  18  0.71 0.10
  289 M    -2  -3  -4  -4  -2  -2  -3  -4  -3   1   5  -3   4   0  -4  -3  -2  -2  -2   0    0   0   0   0   0   0   0   0   0   0  79   0  20   1   0   0   0   0   0   0  0.67 0.09
  290 A     5  -2  -2  -3  -1  -2  -2   0  -3  -2  -2  -2  -2  -3  -2   0  -1  -3  -3  -1  100   0   0   0   0   0   0   0   0   0   0   0   0   0   0   0   0   0   0   0  0.78 0.12
  291 F    -3  -4  -4  -4  -3  -4  -4  -4  -3   4   0  -4   0   6  -4  -3  -2  -1   1   1    0   0   0   0   0   0   0   0   0  38   1   0   1  59   0   0   0   0   0   2  0.72 0.09
  292 V    -1  -3  -4  -4  -2  -3  -3  -4  -4   2   0  -3   0  -2  -3  -2  -1  -4  -2   6    1   0   0   0   0   0   0   0   0   2   0   0   0   0   0   0   0   0   0  98  0.75 0.11
  293 D    -3  -3   1   7  -5  -1   1  -2  -2  -4  -5  -2  -4  -5  -2  -1  -2  -5  -4  -4    0   0   0 100   0   0   0   0   0   0   0   0   0   0   0   0   0   0   0   0  1.43 0.13
  294 M    -2  -3  -3  -4  -3  -2  -3  -4  -3   1   1  -3   9  -1  -4  -3  -2  -3  -2   0    0   0   0   0   0   0   0   0   0   2   0   0  98   0   0   0   0   0   0   0  1.23 0.17
  295 F    -2  -4  -4  -4  -2  -4  -4  -4  -3   3   0  -4   0   6  -4  -3  -2  -1   1   2    0   0   0   0   0   0   0   0   0  23   0   0   0  56   0   0   0   0   0  20  0.63 0.08
  296 A     5  -2  -2  -3  -1  -2  -2  -1  -3  -2  -2  -2  -2  -3  -2   0  -1  -3  -3  -1   99   0   0   0   0   0   0   0   0   0   0   0   0   0   0   0   0   0   0   0  0.77 0.12
  297 R    -2   7  -1  -3  -5   0  -1  -3  -1  -4  -3   1  -2  -4  -3  -2  -2  -4  -3  -4    0 100   0   0   0   0   0   0   0   0   0   0   0   0   0   0   0   0   0   0  1.28 0.14
  298 P    -2  -3  -3  -3  -4  -2  -2  -3  -3  -4  -4  -2  -4  -5   8  -2  -2  -5  -4  -3    0   0   0   0   0   0   0   0   0   0   0   0   0   0 100   0   0   0   0   0  2.42 0.15
  299 S     2  -2  -1  -1   1  -1  -1   0  -2  -1  -2  -1  -2  -3  -2   3   3  -3  -2  -1   18   0   0   0   3   0   0   3   0   2   1   0   0   0   0  45  28   0   0   0  0.39 0.07
  300 V    -1  -2  -2  -3  -2  -1  -2   0  -3   0   0  -2   5  -2  -3   0   4  -3  -2   1    0   0   0   0   0   0   0   9   0   1   0   0  38   0   0   0  41   0   0  11  0.38 0.09
  301 G    -1  -3  -1  -2  -3  -3  -3   7  -3  -5  -5  -2  -4  -4  -3  -1  -2  -3  -4  -4    0   0   0   0   0   0   0 100   0   0   0   0   0   0   0   0   0   0   0   0  1.43 0.12
  302 L    -2  -3  -4  -4  -2  -3  -4  -4  -3   3   4  -3   2   1  -4  -3  -2  -2  -1   1    0   0   0   0   0   0   0   0   0  33  55   0   4   6   0   0   0   0   0   2  0.49 0.06
  303 I    -2  -3  -4  -4  -2  -3  -4  -4  -4   4   3  -3   1  -1  -3  -3  -1  -3  -2   3    0   0   0   0   0   0   0   0   0  54  30   0   0   0   0   0   0   0   0  16  0.52 0.07
  304 A     5  -2  -2  -3  -1  -2  -2   0  -3  -2  -2  -2  -2  -3  -2   0  -1  -3  -3  -1   99   0   0   0   0   0   0   0   0   0   0   0   0   0   0   0   0   0   0   0  0.77 0.12
  305 N    -3  -1   7   0  -4  -1  -1  -1   0  -4  -5  -1  -3  -4  -3   0  -1  -5  -3  -4    0   0 100   0   0   0   0   0   0   0   0   0   0   0   0   0   0   0   0   0  1.31 0.14
  306 S     0  -2   0  -1  -2  -1  -1  -1  -2  -3  -3  -1  -2  -3  -2   5   2  -4  -2  -2    0   0   0   0   0   0   0   0   0   0   0   0   0   1   0  89  11   0   0   0  0.73 0.12
  307 K    -2   4  -1  -2  -4   1   0  -3  -1  -4  -3   5  -2  -4  -1  -1  -1  -4  -3  -3    0  34   0   0   0   1   0   0   0   0   0  64   0   0   1   1   0   0   0   0  0.77 0.10
  308 Y    -3  -3  -5  -5  -3  -3  -4  -4  -2  -2   1  -3  -1   2  -5  -4  -3  11   3  -3    0   0   0   0   0   0   0   0   0   1  15   0   0   6   0   0   0  69   8   0  1.96 0.14
  309 I    -1  -3  -4  -4  -2  -3  -3  -4  -4   4   1  -3   0  -1  -3  -3  -1  -4  -2   5    0   0   0   0   0   0   0   0   0  35   0   0   0   0   0   0   0   0   0  65  0.61 0.09
  310 R    -2   7  -1  -3  -5   0  -1  -3  -1  -4  -3   1  -2  -4  -3  -2  -2  -4  -3  -4    0 100   0   0   0   0   0   0   0   0   0   0   0   0   0   0   0   0   0   0  1.28 0.14
  311 P    -2  -3  -3  -3  -4  -2  -2  -3  -3  -4  -4  -2  -4  -5   8  -2  -2  -5  -4  -3    0   0   0   0   0   0   0   0   0   0   0   0   0   0 100   0   0   0   0   0  2.42 0.15
  312 R    -2   6   0  -2  -4   1   0  -3  -1  -4  -3   4  -2  -4  -3  -1  -2  -4  -3  -3    0  71   1   0   0   1   0   0   0   0   0  27   0   0   0   0   0   0   0   0  0.91 0.10
  313 I    -2  -4  -4  -4  -2  -4  -4  -5  -4   6   1  -4   0  -1  -4  -3  -2  -4  -2   2    0   0   0   0   0   0   0   0   0 100   0   0   0   0   0   0   0   0   0   0  0.87 0.12
  314 Q    -2   0  -1  -1  -4   7   1  -3   0  -4  -3   0  -1  -4  -2  -1  -2  -3  -3  -3    0   0   0   0   0 100   0   0   0   0   0   0   0   0   0   0   0   0   0   0  1.27 0.16
  315 Y    -3  -3  -3  -4  -4  -3  -3  -4   1  -2  -2  -3  -2   2  -4  -3  -3   1   9  -2    0   0   0   0   0   0   0   0   0   0   0   0   0   1   0   0   0   0  99   0  1.60 0.16
  316 F    -3  -4  -4  -5  -3  -4  -4  -4  -2  -1   0  -4  -1   8  -5  -3  -3   0   2  -2    0   0   0   0   0   0   0   0   0   0   0   0   0 100   0   0   0   0   0   0  1.40 0.14
  317 F    -3  -4  -4  -5  -3  -4  -4  -4  -2  -1   0  -4  -1   8  -5  -3  -3   0   2  -2    0   0   0   0   0   0   0   0   0   0   1   0   0  99   0   0   0   0   0   0  1.37 0.14
  318 S     0  -2   0  -1   0  -1  -1  -1  -2  -3  -3  -1  -2  -3  -2   6   1  -4  -3  -3    0   0   0   0   2   0   0   0   0   0   0   0   0   0   0  98   0   0   0   0  0.82 0.13
  319 F    -3  -4  -4  -5  -3  -4  -4  -4  -2  -1   0  -4  -1   8  -5  -3  -3   0   2  -2    0   0   0   0   0   0   0   0   0   0   5   0   0  94   0   1   0   0   0   0  1.24 0.13
  320 A     5  -2  -1  -2  -1  -1  -1  -1  -2  -2  -2  -1  -2  -3  -1   3   0  -3  -2  -1   73   0   0   0   0   0   0   0   0   0   0   0   0   0   0  27   0   0   0   0  0.58 0.09
  321 I    -1  -4  -4  -4  -2  -3  -4  -4  -4   5   1  -3   0  -1  -3  -3  -1  -3  -2   4    0   0   0   0   0   0   0   0   0  52   0   0   0   0   0   0   0   0   0  48  0.61 0.09
  322 M     2  -2  -3  -3  -1  -2  -2  -2  -3   0   2  -2   3   0  -2  -1  -1  -2  -1   0   37   0   0   0   0   0   0   0   0   1  34   0  19   4   0   0   2   0   0   2  0.27 0.06
  323 F    -3  -3  -4  -4  -3  -3  -4  -4   0  -1  -1  -3  -1   7  -4  -3  -3   1   6  -2    0   0   0   0   0   0   0   0   0   0   0   0   0  62   0   0   0   0  38   0  1.12 0.11
  324 N    -2  -1   7   0  -3  -1  -1  -1   0  -4  -4  -1  -3  -4  -3   0   1  -5  -3  -3    0   0  91   0   0   0   0   0   0   0   0   0   0   0   0   0   9   0   0   0  1.11 0.13
  325 G    -1  -3  -1  -2  -3  -3  -3   7  -3  -5  -5  -2  -4  -4  -3  -1  -2  -3  -4  -4    0   0   0   0   0   0   0 100   0   0   0   0   0   0   0   0   0   0   0   0  1.43 0.12
  326 V     2  -3  -3  -3  -1  -2  -2  -2  -3   2   0  -2   0  -1  -2  -1   1  -3  -2   3   22   0   0   0   0   0   0   0   0  12   2   0   0   2   0   0  15   0   0  47  0.27 0.06
  327 C    -1  -5  -4  -5  11  -4  -5  -4  -4  -2  -2  -4  -3  -4  -4  -2  -2  -4  -4  -2    0   0   0   0  99   0   0   0   0   0   0   0   0   0   0   0   0   0   0   1  2.16 0.17
  328 H    -3  -1   0  -2  -4  -1  -1  -3  10  -5  -4  -2  -3  -2  -3  -2  -3  -4   1  -4    0   0   0   0   0   0   0   0 100   0   0   0   0   0   0   0   0   0   0   0  1.79 0.17
  329 L    -2  -3  -4  -4  -1  -3  -4  -4  -4   3   4  -3   1   0  -3  -3  -1  -3  -2   2    0   0   0   0   0   0   0   0   0  24  67   0   0   0   0   0   0   0   0   9  0.54 0.07
  330 L    -2  -3  -4  -4  -2  -3  -4  -4  -3   1   5  -3   3   0  -4  -3  -2  -2  -2   0    0   0   0   0   0   0   0   0   0   0  91   0   7   1   0   0   0   0   0   0  0.71 0.09
  331 C    -1  -5  -4  -5  10  -4  -5  -4  -4  -2  -2  -4  -3  -4  -4  -2  -2  -4  -4  -2    0   0   0   0  99   0   0   0   0   0   0   0   0   0   0   1   0   0   0   0  2.16 0.17
  332 P    -2  -3  -3  -2  -4  -2  -2  -3  -3  -4  -4  -2  -4  -5   8  -1  -2  -5  -4  -3    1   0   0   0   0   0   0   0   0   0   0   0   0   0  98   1   1   0   0   0  2.34 0.15
  333 L    -2  -3  -4  -5  -2  -3  -4  -5  -4   1   5  -3   1   1  -4  -3  -2  -2  -1   0    0   0   0   0   0   1   0   0   0   0  96   0   0   4   0   0   0   0   0   0  0.73 0.10
  334 A     5  -2  -2  -3  -1  -2  -2  -1  -3  -1  -2  -2  -1  -3  -2   0   0  -3  -2   1   84   0   0   0   0   0   0   0   0   0   0   0   0   0   0   0   1   0   0  15  0.56 0.10
  335 Q     0  -1   1   1  -3   2   3  -2   0  -3  -3   0  -2  -3  -2   3   1  -3  -2  -2    0   0   6   5   0   8  33   0   1   0   0   3   0   0   0  36   8   0   0   0  0.41 0.06
  336 D     0  -2   2   3  -2  -1   0   3  -2  -3  -4  -1  -3  -3  -2   2   1  -4  -3  -3    0   0   8  25   0   0   0  27   0   0   0   0   0   0   0  31   8   0   0   0  0.45 0.06
  337 Y    -3  -3  -3  -4  -4  -3  -3  -4   1  -2  -2  -3  -2   3  -4  -3  -3   1   9  -2    0   0   0   0   0   0   0   0   0   0   0   0   0   2   0   0   0   0  98   0  1.57 0.16
  338 T     0  -1  -1  -2  -2  -1  -1  -2  -2  -1  -1   0   1  -3  -1   1   5  -3  -2  -1    4   1   0   0   0   0   0   0   0   1   2   4   4   0   2   6  75   0   0   0  0.56 0.10
  339 S     0  -3  -1  -2  -3  -2  -2   6  -3  -4  -4  -2  -3  -4  -3   1  -1  -2  -3  -3    2   0   0   0   0   0   0  79   0   0   0   0   0   0   0  16   2   0   0   0  0.99 0.09
  340 L    -2  -3  -4  -4  -2  -3  -4  -4  -4   1   5  -3   3   0  -4  -3  -2  -2  -2   0    0   0   0   0   0   0   0   0   0   0  93   0   7   0   0   0   0   0   0   0  0.73 0.10
  341 V    -1  -3  -4  -4  -2  -3  -3  -4  -4   2   0  -3   0  -2  -3  -2  -1  -4  -2   5    1   0   0   0   0   0   0   0   0   6   0   0   0   0   0   0   0   0   0  93  0.70 0.11
  342 L    -1  -3  -4  -4  -2  -3  -3  -4  -4   3   1  -3   1   0  -3  -2  -1  -3  -2   5    1   0   0   0   0   0   0   0   0  17   6   0   1   3   0   0   0   0   0  71  0.52 0.08
  343 Y    -3  -3  -3  -4  -4  -3  -3  -4   1  -2  -2  -3  -2   2  -4  -3  -3   1   9  -2    0   0   0   0   0   0   0   0   0   0   0   0   0   0   0   0   0   0 100   0  1.61 0.16
  344 A     4  -2  -1  -2  -1  -1  -1  -1  -2  -2  -3  -1  -2  -3  -1   4   1  -3  -2  -1   52   0   0   0   0   0   0   0   0   0   0   0   0   0   0  46   2   0   0   0  0.52 0.09
  345 V     0  -3  -3  -3  -1  -2  -3  -2  -3   3   1  -3   1  -1  -3   0   0  -3  -2   4    3   0   0   0   0   0   0   2   0  31   2   0   3   0   0  10   1   0   0  48  0.34 0.06
  346 F    -3  -4  -4  -5  -3  -4  -4  -4  -2  -1   0  -4  -1   8  -5  -3  -3   0   2  -2    0   0   0   0   0   0   0   0   0   0   2   0   0  97   0   0   0   0   0   0  1.32 0.14
  347 F    -3  -4  -4  -5  -3  -4  -4  -4  -2  -1   0  -4  -1   8  -5  -3  -3   0   3  -2    0   0   0   0   0   0   0   0   0   0   0   0   0  96   0   0   0   0   4   0  1.34 0.14
  348 G    -1  -3  -1  -2  -3  -3  -3   7  -3  -5  -5  -2  -4  -4  -3  -1  -2  -3  -4  -4    0   0   0   0   0   0   0 100   0   0   0   0   0   0   0   0   0   0   0   0  1.43 0.12
  349 L    -2  -3  -4  -4  -2  -3  -4  -4  -3   0   4  -3   1   5  -4  -3  -2  -1   2   0    0   0   0   0   0   0   0   0   0   0  59   0   0  37   0   0   0   0   3   0  0.61 0.08
  350 G     5  -2  -2  -2  -1  -2  -2   3  -2  -2  -3  -2  -2  -3  -2   1  -1  -3  -3  -1   78   0   0   0   0   0   0  21   0   0   0   0   0   0   0   1   0   0   0   0  0.62 0.09
  351 F    -3  -4  -4  -5  -3  -4  -4  -4  -2  -1   0  -4  -1   8  -5  -3  -3   0   2  -2    0   0   0   0   0   0   0   0   0   0   0   0   0 100   0   0   0   0   0   0  1.40 0.14
  352 G    -1  -3  -1  -2  -3  -3  -3   7  -3  -5  -5  -2  -4  -4  -3  -1  -2  -3  -4  -4    0   0   0   0   0   0   0 100   0   0   0   0   0   0   0   0   0   0   0   0  1.43 0.12
  353 S    -1  -2  -2  -3  -2  -1  -3  -3  -2   0   1  -2   8  -1  -3   2  -1  -3  -2  -1    0   0   0   0   0   0   0   0   0   0   0   0  79   0   0  20   0   0   0   0  0.80 0.14
  354 V    -1  -3  -4  -4  -2  -3  -3  -4  -4   2   0  -3   0  -2  -3  -3  -1  -4  -2   6    0   0   0   0   0   0   0   0   0   0   0   0   0   0   0   0   0   0   0 100  0.77 0.12
  355 S     0  -2  -1  -2   8  -2  -2  -2  -2  -3  -3  -2  -2  -3  -2   4   0  -4  -3  -2    0   0   0   0  41   0   0   0   0   0   0   0   0   0   0  59   0   0   0   0  0.87 0.11
  356 S     4  -2  -1  -2   0  -1  -1  -1  -2  -2  -3  -1  -2  -3  -1   4   0  -3  -2  -1   51   0   0   0   1   0   0   0   0   0   0   0   0   0   0  49   0   0   0   0  0.54 0.09
  357 V    -1  -3  -3  -4  -2  -2  -3  -4  -3   2   1  -3   5  -1  -3  -2  -1  -3  -2   4    0   0   0   0   0   0   0   0   0   4   4   0  37   0   0   0   0   0   0  55  0.54 0.09
  358 L    -2  -3  -4  -5  -2  -3  -4  -5  -4   1   5  -3   2   0  -4  -3  -2  -2  -2   0    0   0   0   0   0   0   0   0   0   0 100   0   0   0   0   0   0   0   0   0  0.79 0.10
  359 F    -3  -4  -4  -5  -3  -4  -4  -4  -2  -1   0  -4  -1   8  -5  -3  -3   0   2  -2    0   0   0   0   0   0   0   0   0   0   0   0   0 100   0   0   0   0   0   0  1.40 0.14
  360 E    -2  -1  -1   1  -5   1   6  -3  -1  -4  -4   0  -3  -4  -2  -1  -2  -4  -3  -3    0   0   0   0   0   0 100   0   0   0   0   0   0   0   0   0   0   0   0   0  1.18 0.13
  361 T    -1  -2  -1  -2  -2  -2  -2  -2  -3  -2  -2  -2  -2  -3  -2   1   6  -3  -3  -1    0   0   0   0   0   0   0   0   0   0   0   0   0   0   0   5  95   0   0   0  0.90 0.13
  362 L    -2  -3  -4  -5  -2  -3  -4  -5  -4   1   5  -3   2   0  -4  -3  -2  -2  -2   0    0   0   0   0   0   0   0   0   0   0 100   0   0   0   0   0   0   0   0   0  0.79 0.10
  363 M    -2  -3  -3  -4  -3  -1  -3  -4  -3   0   1  -3   9  -1  -4  -3  -2  -3  -2   0    0   0   0   0   0   0   0   0   0   0   0   0 100   0   0   0   0   0   0   0  1.26 0.17
  364 D    -3  -3   1   7  -5  -1   1  -2  -2  -4  -5  -2  -4  -5  -2  -1  -2  -5  -4  -4    0   0   0 100   0   0   0   0   0   0   0   0   0   0   0   0   0   0   0   0  1.43 0.13
  365 L    -2  -3  -4  -5  -2  -3  -4  -5  -4   1   5  -3   2   0  -4  -3  -2  -2  -2   0    0   0   0   0   0   0   0   0   0   4  96   0   0   0   0   0   0   0   0   0  0.75 0.10
  366 V    -1  -3  -4  -4  -2  -3  -3  -4  -4   2   0  -3   0  -2  -3  -3  -1  -4  -2   6    0   0   0   0   0   0   0   0   0   0   0   0   0   0   0   0   0   0   0 100  0.78 0.12
  367 G    -1  -3  -1  -2  -3  -3  -3   7  -3  -5  -5  -2  -4  -4  -3  -1  -2  -3  -4  -4    0   0   0   0   0   0   0 100   0   0   0   0   0   0   0   0   0   0   0   0  1.43 0.12
  368 A     5  -2  -2  -3  -1  -2  -2  -1  -2  -2  -2  -1  -2  -3   3   0  -1  -4  -3  -1   86   0   0   0   0   0   0   0   0   0   0   0   0   0  13   0   0   0   0   0  0.70 0.10
  369 P     3  -1  -1  -1  -2   4   0  -1  -1  -2  -2   0  -1  -3   2   1   0  -3  -2  -1   39   0   0   0   0  34   1   0   0   0   0   4   0   0   8   7   5   0   0   1  0.38 0.07
  370 R    -2   7  -1  -3  -4   0  -1  -3  -1  -4  -3   2  -2  -4  -3  -2  -2  -2  -3  -4    0  98   0   0   0   0   0   0   0   0   0   2   0   0   0   0   0   0   0   0  1.23 0.13
  371 F    -3  -4  -4  -5  -3  -4  -4  -4  -2  -1   0  -4  -1   8  -5  -3  -3   0   2  -2    0   0   0   0   0   0   0   0   0   0   0   0   0 100   0   0   0   0   0   0  1.40 0.14
  372 S     0  -2   0  -1  -2  -1  -1  -1  -2  -2  -3  -1  -2  -3  -2   4   4  -3  -2  -2    0   0   0   0   0   0   0   0   0   0   0   0   0   0   0  62  38   0   0   0  0.62 0.10
  373 S     0  -2   0  -1  -2  -1  -1  -1  -2  -3  -3  -1  -2  -3  -2   6   1  -4  -3  -3    0   0   2   0   0   0   0   0   0   0   0   0   0   0   0  98   0   0   0   0  0.84 0.13
  374 A     5  -2  -2  -3  -1  -2  -2  -1  -3  -2  -2  -2  -2  -3  -2   0  -1  -3  -3  -1  100   0   0   0   0   0   0   0   0   0   0   0   0   0   0   0   0   0   0   0  0.79 0.12
  375 V    -1  -3  -4  -4  -2  -3  -3  -4  -4   2   0  -3   0  -2  -3  -3  -1  -4  -2   6    0   0   0   0   0   0   0   0   0   0   0   0   0   0   0   0   0   0   0 100  0.77 0.12
  376 G    -1  -3  -1  -2  -3  -3  -3   7  -3  -5  -5  -2  -4  -4  -3  -1  -2  -3  -4  -4    0   0   0   0   0   0   0 100   0   0   0   0   0   0   0   0   0   0   0   0  1.43 0.12
  377 L    -2  -3  -4  -5  -2  -3  -4  -5  -4   1   5  -3   2   0  -4  -3  -2  -2  -2   0    0   0   0   0   0   0   0   0   0   0 100   0   0   0   0   0   0   0   0   0  0.79 0.10
  378 V     0  -3  -3  -3  -1  -2  -3  -3  -3   2   0  -2   0  -2  -3  -1   3  -4  -2   5    3   0   0   0   0   0   0   0   0   0   0   0   0   0   0   0  23   0   0  74  0.49 0.09
  379 T    -1  -2  -1  -2  -2  -2  -2  -3  -3  -2  -2  -2  -2  -3  -2   1   6  -3  -3  -1    0   0   0   0   0   0   0   0   0   0   0   0   0   0   0   0 100   0   0   0  0.97 0.14
  380 I    -2  -4  -4  -4  -2  -4  -4  -5  -4   6   1  -4   0  -1  -4  -3  -1  -4  -2   3    0   0   0   0   0   0   0   0   0  91   0   0   0   0   0   0   0   0   0   9  0.78 0.11
  381 V     3  -3  -3  -3  -1  -2  -2  -2  -3   2   0  -2   1  -2  -2  -1  -1  -3  -2   4   33   0   0   0   0   0   0   0   0   8   0   0   2   0   0   0   0   0   0  57  0.37 0.07
  382 E    -2  -1  -1   1  -5   1   6  -3  -1  -4  -4   0  -3  -4  -2  -1  -2  -4  -3  -3    0   0   0   0   0   0 100   0   0   0   0   0   0   0   0   0   0   0   0   0  1.18 0.13
  383 C    -1  -5  -4  -5  11  -4  -5  -4  -4  -2  -2  -4  -3  -4  -4  -2  -2  -4  -4  -2    0   0   0   0 100   0   0   0   0   0   0   0   0   0   0   0   0   0   0   0  2.20 0.18
  384 G    -1  -4  -4  -4  10  -4  -5   0  -4  -2  -2  -4  -3  -3  -4  -2  -2  -3  -4  -2    2   0   0   0  89   0   0   9   0   0   0   0   0   0   0   0   0   0   0   0  1.78 0.15
  385 P    -1  -3  -2  -2  -3  -2  -2  -3  -3  -3  -3  -2  -3  -4   7   0   4  -4  -3  -2    0   0   0   0   0   0   0   0   0   0   0   0   0   0  62   0  38   0   0   0  1.36 0.11
  386 V    -1  -3  -4  -4  -2  -3  -4  -4  -4   4   1  -3   0  -1  -3  -3  -1  -4  -2   5    0   0   0   0   0   0   0   0   0  38   0   0   0   0   0   0   0   0   0  62  0.60 0.09
  387 L    -2  -3  -4  -5  -2  -3  -4  -5  -4   1   5  -3   2   0  -4  -3  -2  -2  -2   0    0   0   0   0   0   0   0   0   0   0 100   0   0   0   0   0   0   0   0   0  0.79 0.10
  388 L    -2  -3  -4  -4  -2  -3  -4  -4  -4   3   4  -3   1   0  -4  -3  -2  -2  -2   1    0   0   0   0   0   0   0   0   0  27  70   0   0   1   0   0   0   0   0   2  0.58 0.08
  389 G    -1  -3  -1  -2  -3  -3  -3   7  -3  -5  -5  -2  -4  -4  -3  -1  -2  -3  -4  -4    0   0   0   0   0   0   0 100   0   0   0   0   0   0   0   0   0   0   0   0  1.43 0.12
  390 P    -2  -3  -3  -3  -4  -2  -2  -3  -3  -4  -4  -2  -4  -5   8  -2  -2  -5  -4  -3    0   0   0   0   0   0   0   0   0   0   0   0   0   0 100   0   0   0   0   0  2.42 0.15
  391 P    -2  -3  -3  -3  -4  -2  -2  -3  -3  -4  -4  -2  -4  -5   8  -2  -2  -5  -4  -3    0   0   0   0   0   0   0   0   0   0   0   0   0   0 100   0   0   0   0   0  2.42 0.15
  392 L    -2  -3  -4  -4  -2  -3  -4  -4  -4   4   4  -3   2   0  -4  -3  -2  -3  -2   1    0   0   0   0   0   0   0   0   0  41  56   0   1   0   0   0   0   0   0   2  0.55 0.07
  393 A     3  -3  -2  -2  -2  -2  -2   5  -3  -3  -3  -2  -2  -3  -2   0  -1  -3  -3  -2   48   0   0   0   0   0   0  52   0   0   0   0   0   0   0   0   0   0   0   0  0.72 0.08
  394 G    -1  -3  -1  -2  -3  -3  -3   7  -3  -5  -5  -2  -4  -4  -3  -1  -2  -3  -4  -4    0   0   0   0   0   0   0 100   0   0   0   0   0   0   0   0   0   0   0   0  1.43 0.12
  395 K    -1   0  -1  -2  -2   0  -1  -2  -2   0  -1   3  -1  -1  -2   0   2   4  -1  -1    3   1   0   0   0   1   0   0   0  11   4  43   1   1   0   0  26   8   1   1  0.28 0.06
  396 L    -2  -3  -4  -5  -2  -3  -4  -5  -4   1   5  -3   2   0  -4  -3  -2  -2  -2   0    0   0   0   0   0   0   0   0   0   1  98   0   1   0   0   0   0   0   0   0  0.77 0.10
  397 V    -1  -3  -4  -4  -2  -3  -3  -4  -4   4   1  -3   0  -1  -3  -3  -1  -4  -2   5    0   0   0   0   0   0   0   0   0  38   0   0   0   0   0   0   0   0   0  62  0.60 0.09
  398 D    -3  -3   1   7  -5  -1   1  -2  -2  -4  -5  -2  -4  -5  -2  -1  -2  -5  -4  -4    0   0   0 100   0   0   0   0   0   0   0   0   0   0   0   0   0   0   0   0  1.43 0.13
  399 L     0  -2  -2  -2  -2  -1   0  -3  -2   2   0  -1   0  -2  -2   0   3  -3  -2   2    3   0   0   1   0   2   8   0   0  22   3   4   0   0   0   0  37   0   0  20  0.22 0.05
  400 T    -1  -2  -2  -3  -2  -2  -2  -3  -2  -1  -1  -2  -1   5  -3   0   5  -1   1  -1    0   0   0   0   0   0   0   0   0   0   0   0   0  41   0   1  58   0   0   0  0.61 0.10
  401 G    -1  -1  -1  -1  -3  -1  -1   5  -1  -4  -4   2  -3  -4  -2  -1  -2  -3  -3  -4    0   0   0   1   0   1   0  69   1   0   0  27   0   0   0   0   0   0   0   0  0.82 0.09
  402 E    -2  -1   4   5  -4   1   2  -2  -1  -4  -4   0  -3  -4  -2   0  -1  -4  -3  -4    0   0  25  53   0   6  12   0   0   0   0   1   0   0   0   3   0   0   0   0  0.75 0.08
  403 Y    -3  -3  -3  -4  -4  -3  -3  -4   1  -2  -2  -3  -2   2  -4  -3  -3   1   9  -2    0   0   0   0   0   0   0   0   0   0   0   0   0   0   0   0   0   0 100   0  1.61 0.16
  404 K    -2   2  -1  -1  -4   1   0  -2  -1  -4  -3   6  -2  -4  -2  -1  -1  -4  -3  -3    0   2   0   0   0   2   1   0   0   0   0  95   0   0   0   0   0   0   0   0  0.91 0.12
  405 Y    -3  -3  -2  -4  -4  -2  -3  -4   1  -2  -2  -3  -2   2  -4  -2  -2   1   8  -2    0   0   1   0   0   0   0   0   0   0   0   0   0   0   0   1   0   0  96   0  1.47 0.15
  406 M    -2  -3  -3  -4  -3  -1  -3  -4  -3   0   1  -3   9  -1  -4  -3  -2  -3  -2   0    0   0   0   0   0   0   0   0   0   0   1   0  99   0   0   0   0   0   0   0  1.25 0.17
  407 Y    -3  -3  -3  -4  -3  -3  -3  -4   0  -2  -1  -3  -1   6  -4  -3  -3   1   7  -2    0   0   0   0   0   0   0   0   0   0   0   0   0  38   0   0   0   0  62   0  1.17 0.12
  408 M    -2  -3  -4  -4  -2  -3  -4  -4  -3   4   2  -3   1   4  -4  -3  -2  -1   1   1    0   0   0   0   0   0   0   0   0  49  13   0   4  29   0   0   1   0   3   2  0.46 0.07
  409 S     1   0  -2  -2   6  -1  -1  -2  -2  -1  -2   3  -1  -3  -2   0  -1  -3  -2   1   17   0   0   0  25   0   0   0   0   1   0  38   0   0   0   4   1   0   0  13  0.35 0.07
  410 C    -1  -4  -4  -4  10  -4  -5  -4  -4  -2  -2  -4  -3  -4  -4  -1  -2  -4  -4  -2    0   0   0   0  95   0   0   0   0   0   0   0   0   0   0   5   0   0   0   0  2.01 0.17
  411 G    -1  -3  -1  -2  -3  -3  -3   7  -3  -5  -5  -2  -4  -4  -3  -1  -2  -3  -4  -4    0   0   0   0   0   0   0 100   0   0   0   0   0   0   0   0   0   0   0   0  1.43 0.12
  412 A     4  -2  -2  -2  -1  -1  -2   0  -2   0  -1  -1  -1  -3  -2   1   0  -3  -2   1   66   0   0   0   0   0   0   2   0   2   1   0   0   0   0  11   3   0   0  14  0.38 0.07
  413 I    -1  -3  -3  -4  -2  -3  -3  -4  -4   4   1  -3   1  -1  -3  -3  -1  -4  -2   5    0   0   0   0   0   0   0   0   0  35   0   0   1   0   0   0   0   0   0  63  0.58 0.09
  414 V    -1  -3  -3  -4  -2  -2  -3  -4  -3   2   1  -3   6  -1  -3  -2  -1  -3  -2   4    0   0   0   0   0   0   0   0   0   0   0   0  41   0   0   0   0   0   0  59  0.61 0.11
  415 V    -1  -3  -4  -4  -2  -3  -3  -4  -4   4   1  -3   0   1  -3  -2   0  -3  -1   4    0   0   0   0   0   0   0   0   0  32   5   0   0   6   0   0   3   0   0  54  0.46 0.07
  416 A    -1  -3  -4  -4  -2  -3  -3  -4  -3   2   4  -3   1   2  -3  -3  -1  -2  -1   2    2   0   0   0   0   0   0   0   0  11  64   0   0   8   0   0   3   0   0  11  0.43 0.06
  417 A     5  -2  -2  -2  -1  -1  -1   0  -2  -2  -2  -1  -2  -3  -2   2   0  -3  -3  -1   84   0   0   0   0   0   0   1   0   0   0   0   0   0   0  15   0   0   0   0  0.63 0.10
  418 S     0  -2   0  -1  -2  -1  -2   4  -2  -4  -4  -1  -3  -3  -2   4   0  -3  -3  -3    0   0   0   0   0   0   0  44   0   0   0   0   0   0   0  56   0   0   0   0  0.68 0.09
  419 V    -1  -3  -2  -3  -2  -2  -3  -3  -3   4   1  -2   0  -1  -3  -1   3  -3  -2   2    1   0   0   0   0   0   0   0   0  44   3   0   0   0   0   0  35   0   0  16  0.38 0.07
  420 W    -3  -4  -4  -5  -3  -3  -4  -4  -3  -2  -1  -4  -2   6  -5  -4  -3  10   2  -3    0   0   0   0   0   0   0   0   0   0   0   0   0  42   0   0   0  55   3   0  1.85 0.14
  421 L    -2  -3  -4  -5  -2  -3  -4  -5  -4   1   5  -3   2   0  -4  -3  -2  -2  -2   0    0   0   0   0   0   0   0   0   0   0 100   0   0   0   0   0   0   0   0   0  0.79 0.10
  422 L    -3  -4  -4  -5  -3  -4  -4  -4  -2   0   2  -4   0   7  -4  -3  -3   0   2  -1    0   0   0   0   0   0   0   0   0   0  18   0   0  82   0   0   0   0   0   0  1.03 0.11
  423 I    -2  -4  -4  -4  -2  -4  -4  -5  -4   6   1  -4   0  -1  -4  -3  -1  -4  -2   2    0   0   0   0   0   0   0   0   0  98   0   0   0   0   0   0   0   0   0   2  0.84 0.12
  424 G    -1  -3  -2  -3  -3  -2  -3   5  -3  -1  -1  -2   6  -2  -3  -1  -2  -3  -3  -2    2   0   0   0   0   0   0  57   0   0   0   0  41   0   0   0   0   0   0   0  0.73 0.10
  425 N    -3  -1   7   0  -4  -1  -1  -1   0  -4  -5  -1  -3  -4  -3   0  -1  -5  -3  -4    0   0 100   0   0   0   0   0   0   0   0   0   0   0   0   0   0   0   0   0  1.31 0.14
  426 A     2  -3  -3  -3  -1  -2  -2  -2   0  -1  -1  -2  -1   4  -3  -1  -1   0   6  -1   32   0   0   0   1   0   0   0   0   1   0   0   0  23   0   0   3   0  39   1  0.54 0.08
  427 I    -2  -3  -4  -4  -2  -3  -3  -4  -1   4   0  -3   0   1  -4  -3  -2   0   6   1    1   0   0   0   0   0   0   0   0  56   0   0   0   1   0   0   0   0  41   0  0.66 0.10
  428 N    -3  -1   7   0  -4  -1  -1  -1   0  -4  -5  -1  -3  -4  -3   0  -1  -5  -3  -4    0   0 100   0   0   0   0   0   0   0   0   0   0   0   0   0   0   0   0   0  1.30 0.14
  429 Y    -3  -3  -3  -4  -4  -3  -3  -4   1  -2  -2  -3  -2   2  -4  -3  -3   1   9  -2    0   0   0   0   0   0   0   0   0   0   0   0   0   0   0   0   0   0 100   0  1.61 0.16
  430 R    -2   7  -1  -2  -2   0  -1  -3   1  -4  -3   2  -2  -4  -3  -1  -2  -4  -2  -3    0  93   0   0   1   1   0   0   3   0   0   2   0   0   0   1   0   0   0   0  1.13 0.12
  431 L    -2  -2  -3  -4  -2  -2  -3  -4  -3   1   4  -2   5   0  -3  -3  -1  -2  -2   0    1   0   0   0   0   0   0   0   0   2  55   2  37   0   0   0   1   0   0   2  0.55 0.08
  432 L    -2  -3  -4  -4  -2  -3  -4  -5  -4   1   5  -3   2   0  -4  -3  -2  -2  -2   0    0   0   0   0   0   0   0   0   0   1  97   1   0   0   0   0   0   0   0   2  0.74 0.10
  433 A     4  -1  -1   2  -2   0   3  -1  -2  -3  -3   0  -2  -3  -2   0  -1  -4  -3  -2   55   0   1  11   0   0  31   0   0   0   0   1   0   0   0   1   0   0   0   0  0.43 0.07
  434 K    -1   4  -1  -1  -4   1   1  -2  -1  -3  -3   5  -2  -4  -2  -1  -1  -4  -3  -3    1  22   1   0   0   1   3   0   0   0   0  71   0   0   0   0   0   0   0   0  0.73 0.10
  435 E    -1  -1  -1   1  -4   1   6  -3  -1  -4  -3   1  -3  -4  -1   1  -1  -4  -3  -3    3   1   1   0   0   0  80   0   0   0   0   3   0   0   1  10   1   0   0   0  0.80 0.10
  436 R    -1   4  -1  -1  -3   1   2  -2  -1  -2  -2   3  -2  -3  -2  -1  -1  -3  -2   0    1  37   1   0   0   1  17   1   1   0   1  28   0   0   0   1   0   0   0  11  0.43 0.07
  437 K    -2   3  -1   0  -4   1   0  -2  -1  -3  -2   5  -1  -4  -2  -1  -1   0  -2  -3    0  16   1   5   0   2   2   0   0   1   2  70   1   0   0   0   0   1   0   0  0.63 0.10
  438 E     1   1   0  -1   0   2   1  -2   0  -1   0   1   0  -2   0   0   1  -2  -1  -1   12   6   2   0   2  13  10   0   2   1  15  12   3   0   3   2  14   0   0   1  0.11 0.02
  439 E     1   2   0   0  -3   1   4  -2  -1  -3  -3   2  -2  -3  -2   0  -1  -3  -2  -2   17  10   3   1   0   2  42   0   0   1   0  20   1   0   0   2   1   0   0   0  0.40 0.06
  440 N    -1   0   2   2  -2   1   4  -2   0  -3  -2   1  -1  -3  -1   0   0  -3  -2  -2    1   2  13   7   1   5  45   1   1   1   2   9   1   0   1   6   2   0   1   0  0.40 0.06
  441 A     1  -1  -1   0  -2   1   3  -1   1  -1  -1   0   2  -2  -2   0   0  -3   0   0   16   1   2   1   0   3  32   2   5   1   1   6  15   0   0   3   5   0   3   5  0.18 0.05
  442 R    -1   2   1   1  -2   0   0   1   0  -2  -2   2  -1  -1  -2   0   0  -1   3  -2    2  13   6  11   1   2   3  11   2   1   2  20   1   0   0   2   6   0  20   1  0.18 0.04
  443 Q    -1   2   0  -1  -3   2   1  -2   0  -3  -2   3  -1  -3   3   0   0  -3  -2  -2    3  11   2   0   0   9   8   0   2   0   2  35   2   0  15   2   8   0   0   0  0.37 0.05
  444 K    -1   3   1   1  -3   1   2  -2   0  -3  -3   3  -1  -3   0   0  -1  -3  -2  -2    3  18   6   8   0   5  16   1   1   1   0  32   1   0   3   1   2   0   0   2  0.35 0.05
  445 T     1  -1   2   0  -2   0   0   0   0  -2  -2  -1  -1  -2   0   3   2  -3  -2  -1   14   0  14   2   0   1   3   3   1   1   3   2   1   1   4  30  19   0   0   1  0.24 0.05
  446 R    -1   2  -1   0  -3   1   3  -2  -1  -2  -2   2  -1  -2   1  -1  -1   5  -1   0    1  11   1   2   0   3  28   1   0   0   2  18   1   0   6   1   2  11   0  11  0.31 0.06
  447 E    -1   2   2   1  -3   1   3  -1  -1  -2  -2   1  -1  -3  -1   0   1  -3  -2  -2    1  13  11   3   0   2  37   4   0   2   1   5   1   0   2   1  16   0   0   0  0.32 0.06
  448 S     0   0   0   1  -1   0   2  -1  -1  -2  -2   2  -2  -3  -1   2   2  -3  -2  -1    6   4   3   6   1   1  20   2   0   1   2  15   0   0   1  18  16   0   0   4  0.21 0.04
  449 E    -1  -1   1   4  -4   1   5  -2  -1  -4  -4   0  -3  -4  -1  -1  -2  -4  -3  -3    1   1   5  30   0   1  55   1   0   0   0   2   0   0   2   1   0   0   1   0  0.75 0.10
  450 P     0  -2   2   0  -3   0  -1  -1   0  -3  -3  -1  -3  -4   6   1   0  -4  -3  -3    6   0  17   4   0   3   2   2   2   0   0   1   0   0  45  11   7   0   0   0  0.81 0.08
  451 L    -1  -1  -1   2  -3   0   2  -2  -1   0   2  -1   0  -1  -2  -1   0   3  -2   0    3   1   1  19   0   1  19   2   1   2  33   2   1   0   0   0   7   5   0   3  0.17 0.05
  452 S     0   1   2   0  -3   2   0   1   1  -2  -2   1  -1  -3   0   1   1  -2  -2  -2    3   9  15   2   0  18   0  13   3   1   4   5   0   0   4  12   9   1   0   1  0.19 0.04
  453 K     0   2   1   2  -2   1   1  -1  -1  -1  -2   2  -1  -3  -1   0   0  -3  -2   0    6  16   7  16   0   3   4   1   0   2   2  23   0   0   2   1   5   0   1  10  0.19 0.04
  454 S     0   0   2   1  -1   1   1   1   1  -3  -3   0  -2  -3   0   2   0  -3  -2  -2    5   4  16   6   1   8   9  13   3   0   1   5   0   1   4  20   2   0   0   1  0.23 0.04
  455 K    -1   0   3   2  -3   1   1  -1  -1  -3  -3   2  -2  -3   3   0   1  -4  -2  -2    3   2  20  11   0   3   6   2   1   1   0  21   0   0  15   6   9   0   0   1  0.34 0.05
  456 H     0  -1   0   0  -3   2   3  -1   3  -3  -2   0  -2  -2  -1   0   0   5  -1  -2    6   1   4   2   0  14  32   4   9   1   2   4   0   0   2   2   5  11   1   1  0.36 0.06
  457 S     0   0   2   1   0   1   0  -1   0  -1   0   1   0  -2  -1   1   0  -2  -1  -1    5   1  17   6   3   6   4   3   1   2  15  15   1   0   2  10   7   0   2   1  0.08 0.02
  458 E    -1   0   0   3  -3   1   4  -1   0  -2  -2   2  -2  -3   0   0  -1  -2  -2  -2    2   1   3  18   0   2  42   3   2   1   2  14   0   0   2   2   1   0   0   3  0.41 0.07
  459 D     0  -1   0   4  -3   0   3   1  -1  -3  -3   0  -3  -3   2   0  -1  -4  -3  -3    8   0   3  31   0   2  24   9   0   0   1   2   0   1  13   2   3   0   0   1  0.44 0.06
  460 V     0  -1  -1  -1  -2  -1   0  -1  -2   1   1  -1   0  -2   1   0   1  -2  -2   2    8   1   2   3   0   1   8   4   1   7  16   2   0   0   6   3  12   0   0  24  0.07 0.03
  461 N     1   1   1   0  -2   0   2  -1  -1  -1   0   0  -1  -2  -1   1   1  -3  -2   0   12   8   8   3   0   2  17   2   0   3  10   3   0   0   1  12  12   0   0   5  0.11 0.03
  462 V     0  -1  -1  -1  -1   2   2  -2  -2   1   0   0   0  -2  -1  -1   0  -3  -2   2    5   2   3   2   1  15  16   2   0   8   7   4   0   1   1   3   2   0   0  28  0.11 0.04
  463 K    -1   1   2   3  -3   1   2  -2  -1  -3  -2   3  -2  -3  -1   0  -1  -1  -2  -2    2   6   9  20   0   6  19   1   0   0   2  25   1   0   1   2   2   1   0   2  0.34 0.06
  464 V     0  -1   0   0  -2   1   0   2  -1  -1  -1   1  -1  -3   2   1   0  -2  -2  -1    8   1   3   4   0   7   3  20   0   4   6  10   1   0  11  11   4   0   0   6  0.16 0.03
  465 S     0  -1   0   1   1   1   1  -1  -1  -2  -1   0  -1  -3   3   2   1  -3  -2  -2    2   1   4   6   4   6  10   4   1   0   7   5   1   0  16  22  10   0   0   1  0.23 0.04
  466 N    -1   2   0   0  -4   2   3   1  -1  -3  -2   2  -1  -3  -1  -1  -1  -3  -3  -2    0  15   5   1   0   8  27  12   0   1   2  20   2   0   2   1   2   0   0   1  0.33 0.06
  467 A     0   0   0  -1  -2   0   1  -2  -2  -1   1   2   0  -2   0   0   0  -3  -2   0   11   1   4   1   0   1  13   1   0   1  22  23   1   0   3   5   8   0   0   7  0.10 0.04
  468 Q    -1   0   0   2  -3   2   3   0   1  -3  -1   2  -1  -3  -1  -1  -1  -3  -2  -2    2   2   3  11   0   9  32   9   3   0   8  15   1   0   2   1   2   0   0   1  0.28 0.06
  469 S     0  -1   1   2  -3   1   2   1  -1  -3  -3   1  -2  -3   2   1   0  -2  -3  -2    3   1   6  14   0   6  23  12   1   0   1   7   0   0  13   8   3   0   0   2  0.32 0.05
  470 V    -1  -1   2   2  -3   0   3  -1  -1  -1   0   0   0  -2   0   0   0  -3  -2  -1    3   1  12  15   0   2  28   3   1   3  14   2   2   0   3   3   5   0   0   4  0.19 0.05
  471 T     1   1  -1  -2  -3   0  -1   1  -1  -2  -2   0  -2  -3   5   0  -1  -4  -3  -1   11  12   1   0   0   4   1   9   1   1   4   2   0   0  37   8   2   0   0   5  0.56 0.08
  472 S     0  -2   0   0  -2  -1   1  -2  -2  -1   0  -1   4  -2   0   3   0  -3  -2   0    1   0   4   3   0   0  13   1   0   1   6   1  22   0   3  35   2   0   0   7  0.22 0.09
  473 E    -2   0  -1   1  -4   4   5  -2  -1  -3  -4   2  -2  -4  -2  -1  -1  -4  -3  -3    0   0   0   2   0  27  55   2   0   1   0  11   0   0   0   0   1   0   0   0  0.79 0.14
  474 R    -2   6  -1  -2  -3   3   0  -2   1  -4  -3   3  -2  -4  -3  -1  -2  -4  -3  -3    1  60   1   0   1  13   3   1   3   0   1  15   0   0   0   0   0   0   0   0  0.80 0.13
  475 E    -2  -1  -2   1  -5   1   7  -4  -1  -5  -4   0  -3  -5  -3  -1  -2  -4  -4  -4    0   0   0   1   0   0  99   0   0   0   0   0   0   0   0   0   0   0   0   0  1.42 0.21
  476 T    -1  -2  -1  -2  -2  -2  -2  -2  -3  -1  -2  -2   2  -2  -2   1   6  -3  -3   0    1   0   0   0   0   0   1   1   0   1   0   0   9   1   0   4  78   0   0   4  0.76 0.15
  477 N    -3  -2   7   1  -4  -1  -1  -2   0  -5  -5  -1  -3  -4  -3   0  -1  -5  -3  -4    0   0  90   4   0   0   0   0   1   0   0   0   0   0   0   5   0   0   0   0  1.32 0.18
  478 I    -2  -4  -4  -4  -2  -4  -4  -5  -4   6   1  -4   2  -1  -4  -3  -2  -4  -2   2    0   0   0   0   0   0   0   0   0  96   1   0   3   0   0   0   0   0   0   0  0.95 0.15

                      K         Lambda
Standard Ungapped    0.1384     0.3233
Standard Gapped      0.0541     0.2670
PSI Ungapped         0.1769     0.3181
PSI Gapped           0.0541     0.2670
