
Last position-specific scoring matrix computed, weighted observed percentages rounded down, information per position, and relative weight of gapless real matches to pseudocounts
            A   R   N   D   C   Q   E   G   H   I   L   K   M   F   P   S   T   W   Y   V   A   R   N   D   C   Q   E   G   H   I   L   K   M   F   P   S   T   W   Y   V
    1 M    -2  -3  -3  -4  -3  -2  -3  -4  -3   0   1  -3   9  -1  -4  -3  -2  -3  -2   0    0   0   0   0   0   0   0   0   0   0   1   0  99   0   0   0   0   0   0   0  1.35 0.22
    2 E    -2  -1   0   5  -5   1   5  -3  -1  -4  -4   0  -3  -4  -2  -1  -2  -4  -3  -4    0   0   1  36   0   0  61   0   0   0   0   2   0   0   0   0   0   0   0   0  0.93 0.13
    3 H    -2   0  -1  -1  -4   6   1  -2   3  -4  -3   1  -2  -4   1  -1  -2   0  -2  -3    0   1   0   0   0  75   0   1   8   0   0   7   0   0   6   0   0   2   0   0  0.89 0.16
    4 T    -1  -2  -2  -2  -1  -2  -2  -3  -3   2   2  -2   1   1  -2   0   2  -2  -1   1    1   0   0   1   1   0   1   0   0  13  36   1   2   8   1   4  25   0   0   5  0.22 0.06
    5 E    -1   2  -1   0  -4   1   4   3  -1  -4  -4   1  -3  -4  -2   0  -2   0  -3  -3    0  12   0   0   0   3  45  26   1   0   0   7   0   0   0   5   0   1   0   0  0.50 0.09
    6 K    -2   4  -1  -2  -4   1   0  -2  -1  -4  -3   5  -2  -4   1  -1   0  -4  -3  -3    0  25   1   0   0   4   0   1   0   0   0  59   0   0   5   1   4   0   0   0  0.66 0.12
    7 S     0  -1   0  -2   0  -1   0  -2  -2  -2   0  -1  -1   3   2   3   0  -2   0  -1    2   2   3   0   2   0   4   0   0   0  10   0   0  24  10  40   0   0   0   2  0.25 0.08
    8 Q    -1   1   1  -1  -3   0  -1  -2   1   2  -1   4  -1  -2   0   0   0  -3  -2   0    0   4   8   1   0   2   0   1   5  23   0  42   0   0   3   5   4   0   0   1  0.22 0.08
    9 V     1   0  -1  -2  -1   3   0   0  -1   0   0  -1  -1  -1  -2   0   0  -3  -2   1   16   4   1   0   1  24   6   8   0   1   6   0   0   2   0   7   3   0   0  23  0.12 0.05
   10 H    -1  -1  -1  -1   0  -1  -1  -3   4  -2   0  -2  -1   2  -1   1  -1   0   4  -2    0   3   0   4   3   2   0   0  17   0  14   0   0   8   2  19   3   1  24   0  0.25 0.07
   11 A     3   0   0   4  -2  -1   0  -1   0  -2  -3  -1  -2  -1  -1   0   0  -3  -2  -2   37   4   3  34   0   1   0   1   3   0   0   0   0   5   2   3   5   0   0   1  0.31 0.08
   12 E     2  -1  -1   2  -3   1   4   1  -1  -2  -2   1  -2  -3  -2   0  -1  -3  -3  -1   28   0   0   9   0   2  39   8   0   0   1   7   0   0   0   0   1   0   0   5  0.34 0.08
   13 K    -2   3   0  -1  -4   1   1  -2  -1  -4  -3   5  -2  -4  -2   0  -1  -4  -3  -3    0  12   3   0   0   1   4   2   0   0   1  74   0   0   0   4   0   0   0   0  0.72 0.13
   14 G     0  -3  -2  -3  -4  -3  -3   7  -3  -4  -3  -3  -3  -4  -3  -1  -3  -4  -4  -4    4   0   0   0   0   0   0  92   0   0   4   0   0   0   0   0   0   0   0   1  1.36 0.19
   15 L    -2  -3  -4  -4  -2  -3  -3  -4  -3   4   3  -2   1   1  -3  -3  -1  -2   0   1    1   0   0   0   0   0   0   0   0  35  43   3   1   7   1   0   2   0   3   4  0.42 0.10
   16 L    -3  -3  -5  -5  -2  -3  -4  -5  -4   1   5  -4   1   1  -4  -3  -2   4  -1   0    0   0   0   0   0   0   0   0   0   1  87   0   2   4   0   0   0   6   0   0  0.82 0.17
   17 G    -1  -1  -1   0   0   1   5   1  -1  -4  -4   1  -3  -4  -2  -1  -2  -4  -2  -3    1   0   0   1   3   1  69  11   0   0   0  10   0   0   0   1   0   0   2   0  0.73 0.16
   18 K    -2   1  -1  -2  -4   1   0  -3  -2  -4  -4   7  -3  -4  -2  -1  -2  -4  -3  -4    0   2   1   0   0   2   0   0   0   0   0  94   0   0   0   0   0   0   0   0  1.15 0.23
   19 I    -1  -4  -4  -2  -2  -3  -4  -4  -4   6   1  -3   2   0  -4  -3   0  -4  -2   2    4   0   0   2   0   0   0   0   0  74   1   1   7   2   0   0   5   0   0   6  0.66 0.17
   20 K    -2   5  -1  -2  -4   1  -1  -3   0  -3  -2   4  -2  -3  -3  -1  -2   2  -2  -3    0  47   1   0   0   4   0   0   2   1   2  38   0   0   0   0   0   4   1   0  0.75 0.16
   21 R    -2  -2  -3  -4  -1  -3  -3  -4  -1   1   5  -3   1   1  -4   0  -1  -3  -2   0    0   2   0   0   1   0   0   0   2   2  76   0   0   4   0   9   2   0   0   1  0.52 0.14
   22 Y    -2  -3  -3  -4   7  -3  -4  -3   1  -1  -2  -3  -2   2  -4  -2  -2   1   6  -1    0   0   0   0  36   0   0   1   3   2   0   0   0   5   0   2   0   1  47   3  1.10 0.20
   23 L    -2  -3  -4  -5  -2  -3  -4  -5  -4   1   5  -4   1   2  -4  -3  -2  -2  -1   0    1   0   0   0   0   0   0   0   0   0  88   0   0   7   0   0   0   0   0   3  0.80 0.17
   24 S    -1   0  -1  -2  -2  -2  -2  -2  -2   3   0  -1   0   0  -2   2   2  -3  -1   0    1   5   2   0   0   0   0   0   0  28   8   2   1   5   0  32  14   0   0   2  0.19 0.09
   25 K    -2   3  -1  -2  -4   0   0  -2  -2  -4  -4   6  -3  -4  -2  -1  -2  -4  -3  -4    0  10   1   0   0   1   2   2   0   0   0  84   0   0   0   0   0   0   0   0  1.00 0.21
   26 R    -2   2  -1  -2  -4   1   0  -3   3  -4  -4   6  -2  -4  -2  -1  -2  -4  -2  -4    0   6   1   0   0   3   2   0   8   0   0  79   0   0   0   0   0   0   0   0  0.90 0.20
   27 P    -1  -2  -3  -3  -2  -1  -2  -3  -2   0   2  -2   2  -1   5   0   0  -3  -2  -1    2   2   0   0   0   2   0   0   0   2  34   0   8   1  33   7   4   0   0   0  0.51 0.11
   28 L    -1  -3  -4  -4  -2  -1  -3  -4  -3   1   5  -3   1  -1  -1  -2  -2  -3  -2   1    4   0   0   0   0   4   0   0   0   1  78   0   0   0   3   3   0   0   0   7  0.57 0.14
   29 P    -2  -3  -3  -3  -4  -3  -3  -4  -4  -4  -3  -2  -4  -5   8  -2  -2  -5  -4  -4    1   1   0   0   0   0   0   0   0   0   3   0   0   0  93   1   0   0   0   0  2.31 0.29
   30 S    -1   0   0   1   2  -1  -1  -2   5  -3  -3  -1  -3  -3   3   3   0  -4  -1  -3    0   7   1   7   6   1   0   0  19   0   0   0   0   0  16  41   2   0   0   0  0.48 0.14
   31 P     1  -1  -3  -3  -2  -2  -2  -3  -2   0   3  -2   1  -1   4  -1  -1  -1  -2   0   12   5   0   0   0   0   0   0   1   0  42   0   5   0  25   3   2   1   0   4  0.43 0.11
   32 T    -1  -1   0   1  -4   0   5  -2  -2  -3  -3   0  -3  -4  -2   0   3  -1  -3  -3    1   1   3   3   0   0  56   3   0   0   0   2   0   0   0   1  29   1   0   0  0.66 0.18
   33 D    -3  -2   2   6  -5  -1   3  -2  -2  -4  -5  -1  -4  -5  -3  -1  -2  -5  -3  -4    0   0  10  69   0   0  18   1   0   0   0   0   0   0   0   0   0   0   0   0  1.16 0.22
   34 R    -3   7  -2  -3  -1   1  -2  -2  -2  -2  -3   1  -3  -4  -4  -2  -3  -3  -3  -3    0  87   0   0   2   3   0   2   0   4   0   1   0   0   0   0   0   0   0   1  1.30 0.27
   35 K    -2   5  -1  -2  -4   1  -1  -3  -2  -4  -3   4  -2  -4   3  -1  -2  -4  -3  -3    0  37   1   0   0   3   1   0   0   0   1  38   0   0  15   1   1   0   0   2  0.74 0.18
   36 K    -1   1   0  -2  -4   0   0  -2   1  -3  -4   6  -3  -4  -2   2  -1  -4  -3  -3    2   2   3   0   0   0   4   0   5   1   0  67   0   0   0  16   1   0   0   0  0.72 0.20
   37 F    -3  -3   2  -3  -4  -3  -3  -4   0  -2  -1  -3  -2   5  -2  -2  -3   0   6  -2    0   0  14   0   0   0   0   0   0   1   5   0   0  30   2   3   0   0  45   0  0.87 0.21
   38 D    -3  -1   2   5  -4  -1   0  -2   6  -3   0  -2  -2  -3  -3  -2  -2  -4  -1  -2    0   2  11  39   0   1   1   1  30   0  15   0   0   0   0   0   0   0   0   2  0.68 0.18
   39 Q    -3   1  -1  -1  -3   5   2  -3   7  -4  -4  -1  -2  -3  -3  -2  -2  -3   2  -4    0   5   0   1   0  39  13   0  34   0   0   0   0   0   0   0   0   0   7   0  0.91 0.23
   40 D     1  -2   0   4  -4   0   4  -2  -2  -3  -4  -1  -3  -4  -2  -1  -1  -4  -3  -1   16   0   2  34   0   0  40   1   0   0   0   1   0   0   0   0   1   0   0   5  0.66 0.18
   41 F    -4  -5  -5  -5  -4  -5  -5  -5  -3  -2  -1  -5  -2   9  -6  -4  -4  -1   1  -3    0   0   0   0   0   0   0   0   0   0   0   0   0 100   0   0   0   0   0   0  2.01 0.35
   42 A     6  -3  -3  -3  -2  -2  -2  -1  -3  -3  -3  -2  -2  -3  -2   0  -1  -4  -3  -1   95   0   0   0   0   0   0   1   0   0   0   0   0   0   1   0   0   0   0   3  1.07 0.28
   43 M     0  -2   2  -2  -2  -2  -2  -1  -2   2  -1  -2   0  -2  -2   3   2  -4  -2   1    3   0  12   0   0   0   0   2   0  24   2   0   2   0   0  38  11   0   0   7  0.30 0.14
   44 S     0  -2   0  -2  -2  -2  -2  -1  -2  -2  -4  -2  -2  -4  -2   6   1  -4  -3  -3    0   0   3   0   0   0   0   2   0   3   0   0   1   0   0  87   3   0   0   0  0.98 0.28
   45 T    -1  -3  -1  -2  -2  -2  -2  -3  -3  -2  -3  -2  -2  -4  -3   3   6  -4  -3  -2    0   0   0   0   0   0   0   0   0   1   0   0   0   0   0  22  78   0   0   0  1.07 0.28
   46 S     0  -2  -1  -2  -2  -2  -2  -2  -3  -3  -4  -2  -3  -4  -2   6   3  -4  -3  -3    0   0   0   0   0   0   0   0   0   0   0   0   0   0   0  76  20   0   0   0  0.91 0.27
   47 F    -4  -4  -5  -5  -4  -4  -5  -5  -3  -1   2  -5  -1   7  -5  -4  -3  -1   1  -2    0   0   0   0   0   0   0   0   0   1  26   0   0  73   0   0   0   0   0   0  1.29 0.26
   48 H    -4  -2  -1  -3  -5  -1  -2  -4  10  -5  -5  -3  -4  -3  -4  -3  -4  -5   0  -5    0   0   0   0   0   1   0   0  99   0   0   0   0   0   0   0   0   0   0   0  2.53 0.43
   49 G    -1  -4  -2  -3  -4  -3  -3   7  -4  -6  -5  -3  -4  -5  -4  -2  -3  -4  -5  -5    0   0   0   0   0   0   1  99   0   0   0   0   0   0   0   0   0   0   0   0  1.79 0.31
   50 I    -2  -4  -4  -5  -2  -3  -4  -5  -4   3   2  -3   3  -1  -4  -3  -1  -4  -2   5    0   0   0   0   0   0   0   0   0  13  18   0  10   0   0   0   0   0   0  59  0.68 0.19
   51 H    -4  -1  -1  -3  -5   1  -2  -4  10  -5  -5  -2  -3  -3  -4  -3  -4  -4   0  -5    0   1   1   0   0   6   0   0  91   0   0   0   0   0   0   0   0   0   1   0  2.22 0.40
   52 N    -3  -2   7   1  -4  -2  -2  -1   0   2  -3  -1  -3  -4  -4  -1  -2  -5  -3  -2    0   0  69   4   0   0   0   3   2  21   0   2   0   0   0   0   0   0   0   0  0.95 0.26
   53 I    -1  -4  -4  -5  -3  -4  -4  -5  -4   5   1  -4   0   4  -4  -3  -2  -3  -1   1    4   0   0   0   0   0   0   0   0  64   9   0   0  20   0   0   0   0   0   2  0.75 0.21
   54 A     1  -3  -3  -4  -2  -3  -3  -3  -4   1   1  -3   0  -2  -3  -1   0  -4  -2   5   15   1   0   0   0   0   0   0   0   2   7   0   0   0   0   5   5   0   0  64  0.52 0.18
   55 Q    -2   4  -1  -1  -4   5   0  -2   4  -4  -3   0  -2  -2  -3  -2  -2  -1   4  -3    0  26   0   2   0  35   4   2  11   0   0   0   0   0   0   0   0   0  20   0  0.69 0.21
   56 N    -1  -1   4  -1  -3  -1   1   2  -2  -3  -3  -1  -1  -4  -2   1   4  -4  -3  -2    1   1  28   0   0   0  12  16   0   0   0   2   2   0   0   4  34   0   0   0  0.47 0.16
   57 Q    -2   4   0  -2  -3   5   0  -3   4  -4  -4   2  -2  -4  -1  -1  -2  -4  -2  -4    1  33   3   0   0  36   0   0  13   0   0   9   0   0   2   4   0   0   0   0  0.73 0.20
   58 N    -1  -2   1  -2  -2  -2  -2  -1  -1  -2  -1  -2   2   0   0   5   0  -1  -2  -2    0   0   8   0   0   0   0   2   1   1   4   0  10   5   4  63   1   1   0   1  0.49 0.20
   59 K    -2   3  -1  -2  -2   1  -1  -2  -1  -4  -3   5  -2  -4  -2   1   1  -4  -3  -3    0  14   1   0   1   4   0   1   1   0   0  55   0   0   0  11  12   0   0   0  0.63 0.19
   60 V     0  -3  -2  -3   0  -1  -3  -3  -3   3   0  -2   0   3  -2  -1   3  -1  -1   1   10   0   0   0   1   3   0   0   0  28   5   0   1  15   1   1  27   0   0   8  0.27 0.12
   61 R    -3   7  -2  -3  -5   0  -2  -4   0  -5  -4   2  -3  -5  -4  -2  -3  -4  -3  -4    0  91   0   0   0   0   0   0   2   0   0   6   0   0   0   0   0   0   0   0  1.56 0.32
   62 K    -2   5  -2  -2  -5   0  -1  -3  -2  -4  -4   5  -3  -4  -3  -1  -2  -4  -3  -4    0  44   0   0   0   0   0   0   0   0   0  52   0   0   0   3   1   0   0   0  1.04 0.25
   63 V     1  -3  -4  -4  -1  -3  -3  -3  -4   2   1  -3   1   2  -3  -2  -1  -3  -1   4   15   0   0   0   1   0   0   0   0   8   8   0   3   9   0   0   1   0   0  54  0.44 0.15
   64 I    -2  -3  -4  -4  -2  -3  -4  -4  -4   3   4  -3   1   1   0  -3  -2  -3  -2   1    0   0   0   0   0   0   0   0   0  25  55   0   2   5   4   0   0   0   0   6  0.54 0.15
   65 W    -4  -5  -5  -6  -4  -4  -5  -4  -4  -5  -4  -5  -3  -1  -1  -5  -4  12   0  -5    0   0   0   0   0   0   0   0   0   0   0   0   0   0   3   0   0  94   0   0  3.57 0.47
   66 L    -1  -3  -3  -3  -2  -2  -3  -2  -3   1   4  -3   3   0  -3  -1   2  -3  -2   1    2   0   0   0   0   0   0   3   0   2  55   0  10   2   0   3  16   0   0   5  0.39 0.14
   67 A     0  -3  -3  -4  -2  -3  -3  -3  -3   1   4  -3   1   1  -3  -1  -1  -2  -1   2    7   0   0   0   0   0   0   0   0   1  53   0   1   7   0   7   3   0   0  21  0.38 0.13
   68 V     0  -3  -3  -4   2  -3  -3  -3  -4   2   0  -3   0   0  -3   0  -1  -3  -2   5    6   0   0   0   5   0   0   0   0  12   1   0   0   4   0  10   1   0   0  60  0.48 0.16
   69 V    -2  -4  -4  -5  -2  -4  -4  -5  -4   1   0  -4   0   4  -4  -3  -2  -3  -1   5    1   0   0   0   0   0   0   0   0   0   3   0   1  25   0   0   0   0   0  70  0.82 0.23
   70 L     1  -3  -3  -4  -2  -2  -3  -3  -3   1   4  -3   3  -1  -1  -1   0  -3  -2   1   12   0   0   0   0   0   0   0   0   2  52   0  11   1   3   2   7   0   0   9  0.37 0.14
   71 G    -1  -4  -2  -3  -4  -3  -3   6  -3  -4  -4  -3  -4  -3  -3   0  -1  -4  -4  -2    0   0   0   0   0   0   0  85   0   0   1   0   0   1   0   6   4   0   0   3  1.29 0.25
   72 S    -1  -3  -2  -3   7  -2  -2  -1  -3  -3  -3  -2  -3  -1  -3   5  -1  -4  -3  -3    1   0   0   0  32   0   0   3   0   0   1   0   0   3   0  61   0   0   0   0  1.00 0.27
   73 V    -2  -3  -4  -5  -2  -3  -4  -5  -4   2   4  -3   2   0  -4  -3  -2  -3  -2   3    0   0   0   0   0   0   0   0   0   8  52   0   4   4   0   0   0   0   0  32  0.61 0.16
   74 S     3  -2  -1  -2  -1  -2  -1   2  -2   0  -1  -2  -1  -1  -2   3   0  -3  -2   0   35   0   0   0   1   0   3  13   0   9   2   0   1   3   0  28   3   0   0   3  0.29 0.12
   75 L    -1  -3  -4  -4  -2  -3  -4  -3  -4   4   4  -3   2   1  -4  -3   0  -3  -2   2    3   0   0   0   0   0   0   2   0  30  47   0   3   4   0   0   4   0   0   7  0.48 0.14
   76 L     1  -3  -4  -4  -2  -3  -3  -4  -4   1   3  -3   2  -1  -3  -2  -1  -3  -2   4   11   0   0   0   0   0   0   0   0   0  32   0   4   0   0   0   0   0   0  53  0.56 0.18
   77 V     0  -3  -3  -4   0  -3  -3  -3  -3   3   1  -3   2   1  -3  -1   0  -3  -2   3    7   0   0   0   1   0   0   0   0  29  10   0   7   6   0   5   3   0   0  31  0.35 0.12
   78 W    -4  -4  -4  -5  -1  -3  -4  -4   2  -2   0  -2  -2   1  -5   0  -3  11   1  -3    0   0   0   0   2   0   0   0   5   1   9   2   0   3   0   8   0  67   2   1  2.14 0.34
   79 Q    -2  -1  -2  -2  -4   7   0  -4   0  -2  -3   0  -2  -4  -3  -2  -2  -4  -3   2    0   0   0   0   0  75   0   0   2   0   0   2   0   0   0   0   1   0   0  20  1.13 0.31
   80 I    -2  -4  -4  -5   6  -4  -5  -5  -5   6   0  -4   0   0  -4  -3  -2  -4  -3   3    0   0   0   0  19   0   0   0   0  64   0   0   0   2   0   0   1   0   0  14  0.91 0.23
   81 Y    -2  -2  -2  -4   7  -3  -3  -3   0  -2  -2  -3   2   0  -4  -2   0   0   6   0    1   2   2   0  33   0   0   1   2   0   0   0   9   0   0   1   8   1  34   5  0.82 0.22
   82 S    -1  -1   1   2   1   1   1  -1  -2  -3  -3  -1  -2  -4  -2   4   1  -4  -3  -3    0   1   6  10   3   7   7   1   0   1   1   1   0   0   0  57   4   0   0   0  0.50 0.18
   83 R    -3   7  -2  -3   1  -1  -1  -4   0  -4  -3   1  -3  -4  -4  -2  -3  -4  -3  -4    0  87   0   0   4   0   2   0   2   0   1   0   0   0   0   1   0   0   0   0  1.38 0.30
   84 L    -2  -3  -4  -4  -2  -3  -4  -4  -3   2   3  -4   0   5  -4  -3  -1  -1   0   2    0   0   0   0   1   0   0   0   0  11  29   0   0  40   0   0   2   0   0  16  0.59 0.16
   85 V     0  -2  -2  -3  -2   0  -2  -3  -3   4   0  -2   1   0  -3  -1   0  -3  -1   3    8   1   1   0   0   8   0   0   0  40   4   0   2   3   0   5   5   0   1  22  0.29 0.12
   86 N    -3  -1   5  -2  -4  -2  -3  -3   2  -4  -3  -2  -3   0  -4  -1  -2  -1   7  -3    0   2  38   0   0   0   0   0   3   0   0   0   0   0   0   3   0   0  53   0  1.14 0.28
   87 Y    -4  -4  -4  -5  -4  -3  -4  -5   0  -3  -3  -4  -3   2  -5  -4  -2   0   9  -3    0   0   0   0   0   0   0   0   0   0   0   0   0   3   0   0   2   0  95   0  2.10 0.39
   88 F    -4  -4  -5  -5  -4  -5  -5  -5  -3  -1   1  -5   1   8  -5  -4  -4  -1   2  -2    0   0   0   0   0   0   0   0   0   0   8   0   4  87   0   0   0   0   1   0  1.61 0.32
   89 T     0   0   0  -1  -2   0   1  -2  -1  -3  -2  -1  -1  -3  -2   4   3  -4  -3  -2    0   4   1   1   0   3  11   0   1   0   1   1   1   0   0  47  27   0   0   0  0.51 0.18
   90 W    -4  -4  -5  -6  -4  -4  -4  -4  -3  -4  -3  -4  -3   0  -2  -4  -4  12   5  -4    0   0   0   0   0   0   0   0   0   0   0   0   0   2   2   0   0  74  19   0  2.78 0.40
   91 P    -2  -2  -4  -3  -4  -3  -3  -4  -2  -4  -5  -3  -4  -5   8  -2  -3  -5  -4  -4    1   2   0   0   0   0   0   0   1   0   0   0   0   0  92   2   0   0   0   0  2.40 0.35
   92 T    -2  -2   0  -2  -3  -2  -2  -3   5  -1  -3  -2  -2  -3   0   0   6  -4  -2  -2    0   0   2   0   0   0   0   0  21   2   0   0   0   0   3   0  69   0   0   0  0.94 0.27
   93 T    -1  -3  -2  -3  -2  -2  -2  -3  -3   0  -2  -2   1  -1  -3   1   6  -4  -2   2    0   0   0   0   0   0   0   0   0   3   0   0   3   2   0   5  65   0   0  19  0.70 0.22
   94 T    -2  -3  -2  -3  -2  -2  -2  -3  -3  -2  -3  -2  -1  -4  -3   1   7  -4  -3  -2    0   0   0   0   0   0   0   0   0   0   0   0   1   0   0   3  93   0   0   0  1.30 0.32
   95 S     0   0  -1  -2  -1  -1  -1  -2  -2  -3  -3   3  -2  -4  -2   4   3  -4  -3  -2    3   2   0   0   1   0   0   0   0   0   0  21   0   0   0  44  27   0   0   1  0.54 0.19
   96 I    -2  -3  -4  -4  -2  -3  -2  -4  -4   3   2  -3   1  -1  -3  -3   0  -3  -2   4    0   0   0   0   0   0   2   0   0  16  21   0   2   0   0   0   3   0   0  53  0.55 0.16
   97 E    -1  -2   0   3  -3  -1   3  -3  -2   0  -2  -1  -2  -3  -2  -1   1  -4  -1   3    2   0   3  22   0   0  27   0   0   1   0   0   0   0   0   0   9   0   3  32  0.35 0.14
   98 V    -1  -3  -3  -3  -2  -2   2  -4  -3   2  -1  -2   0  -2  -3  -2  -1  -4  -3   5    2   0   0   0   0   0  21   0   0   5   1   0   2   0   0   0   0   0   0  68  0.63 0.21
   99 Q    -2  -1  -2  -2  -4   7   0  -3  -2  -1  -2   0  -2  -4  -3  -2  -1  -4  -3   2    0   0   0   0   0  71   0   0   0   3   1   4   0   0   0   0   2   0   0  17  0.96 0.28
  100 Y     1  -3  -3  -3  -3  -3  -3  -3   1  -3  -3  -3  -2   1  -4   0  -1   0   8  -3   14   0   0   1   0   0   0   0   2   0   0   0   0   1   0   7   2   0  71   0  1.21 0.28
  101 V     2  -3  -4  -4  -2  -3  -3  -3  -4   1  -1  -3   1  -2  -3  -2  -1  -4  -3   5   19   0   0   0   0   0   0   0   0   2   0   0   3   0   0   0   2   0   0  72  0.69 0.22
  102 E    -1  -2  -1   1  -4   0   6  -3  -1  -4  -4  -1  -3  -3   2  -1   0  -4  -1  -3    3   0   1   3   0   0  70   0   1   0   0   1   0   1   9   3   5   0   2   0  0.86 0.22
  103 K    -2   1   6   0  -4   0  -1  -2   1  -3  -4   4  -3  -4  -3  -1   0  -4  -3  -3    0   5  49   4   0   2   0   0   3   2   0  31   0   0   0   0   3   0   0   0  0.73 0.20
  104 I    -2  -3  -4  -4  -2  -3  -2  -4  -4   4   2  -3   3  -1  -3  -3   0  -3  -2   3    1   0   0   0   0   0   2   0   0  41  16   0  11   0   0   0   3   0   0  24  0.51 0.15
  105 E    -2   0  -1   1  -4   1   4  -3  -2  -3  -3   3  -2  -4  -2  -1   2  -4  -3  -3    0   2   0   3   0   3  45   0   0   1   1  23   0   0   0   0  19   0   0   0  0.60 0.18
  106 F    -4  -4  -5  -5  -4  -5  -5  -5  -3  -2  -1  -5  -2   8  -5  -3  -4  -1   1  -3    0   0   0   0   0   0   0   0   0   0   0   0   0  96   0   2   0   0   0   0  1.83 0.34
  107 P    -3  -4  -4  -3  -5  -3  -2  -4  -4  -5  -5  -3  -4  -5   8  -3  -3  -5  -5  -4    0   0   0   0   0   0   2   0   0   0   0   0   0   0  96   0   0   0   0   0  2.56 0.37
  108 A     6  -3  -3  -3  -2  -2  -2  -1  -3  -3  -3  -2  -2  -4  -2   1  -1  -4  -3  -1   87   0   0   0   0   0   1   0   0   0   0   0   0   0   0   8   2   0   0   1  0.94 0.26
  109 V    -2  -4  -5  -5  -2  -4  -4  -5  -5   3   0  -4  -1  -2  -4  -3  -2  -4  -2   6    0   0   0   0   0   0   0   0   0  10   1   0   0   0   0   0   0   0   1  88  1.08 0.27
  110 T    -1  -2  -2  -3  -3  -2  -3  -3  -4  -2  -3  -2  -2  -4  -3   0   7  -4  -3  -2    1   1   0   0   0   0   0   0   0   1   0   0   0   0   0   0  97   0   0   0  1.42 0.35
  111 L    -4  -5  -5  -5  -4  -5  -5  -5  -3   1  -1  -5  -1   8  -5  -4  -4  -1   1  -2    0   0   0   0   0   0   0   0   0   6   1   0   0  91   0   0   0   0   0   1  1.73 0.33
  112 C    -2  -6  -5  -6  11  -5  -6  -5  -5  -2  -3  -5  -3  -3  -5  -3  -3  -4  -4  -2    0   0   0   0  97   0   0   0   0   1   0   0   0   1   0   0   0   0   0   1  2.85 0.43
  113 N    -3  -2   8   0  -4  -2  -2  -2   0  -5  -4  -2  -2  -5  -4   1  -1  -5  -4  -4    0   0  90   0   0   0   0   0   1   0   1   0   1   0   0   7   1   0   0   0  1.55 0.33
  114 L    -3  -4  -5  -5  -3  -4  -4  -5  -4   1   6  -4   2  -1  -4  -4  -2  -3  -3   0    0   0   0   0   0   0   0   0   0   2  95   0   2   0   0   0   1   0   0   0  1.08 0.26
  115 N    -3  -2   8   0  -3  -2  -2  -2  -1  -5  -5  -2  -4  -5  -4  -1  -2  -6  -4  -5    0   0  99   1   1   0   0   0   0   0   0   0   0   0   0   0   0   0   0   0  1.88 0.38
  116 R    -2   7  -2  -2  -5   0   3  -4  -2  -5  -4   1  -3  -5  -4  -2  -3  -4  -3  -4    1  79   0   0   0   0  20   0   0   0   0   0   0   0   0   0   0   0   0   0  1.34 0.30
  117 F    -4  -5  -5  -5  -4  -5  -5  -5  -3  -2  -1  -5  -2   8  -6  -4  -4  -1   3  -3    0   0   0   0   0   0   0   0   0   0   0   0   0  92   0   0   0   0   8   0  1.88 0.35
  118 Q    -3   4  -2  -2  -5   7   0  -4  -1  -5  -4   1  -2  -5  -3  -2  -2  -4  -3  -4    0  21   0   0   0  76   0   0   0   0   0   3   0   0   0   0   0   0   0   0  1.38 0.33
  119 T     3  -3  -2  -3  -2  -2  -2  -2  -3  -2  -2  -2  -1   3  -3   0   4  -3  -1  -1   37   0   0   0   0   0   1   0   0   0   0   0   0  21   0   3  37   0   0   1  0.52 0.20
  120 E    -1  -1   0   3  -4   1   2  -2   6  -4  -4   0  -3  -3  -2   2  -1  -4  -1  -3    1   1   2  16   0   8  10   1  34   0   0   3   0   0   1  21   1   0   0   1  0.60 0.17
  121 A     5   1  -3  -3  -2  -1  -2  -1  -3  -3  -3   1  -2  -4  -1   0  -1  -4  -3  -1   75   7   0   0   0   1   0   0   0   0   0  12   0   0   2   0   2   0   0   1  0.71 0.23
  122 V     1  -4  -4  -4  -2  -3  -4  -4  -4   3   0  -3   1  -2  -4  -3  -1  -4  -3   5    9   0   0   0   0   0   0   0   0  14   0   0   3   0   0   0   1   0   0  73  0.79 0.23
  123 S     3  -2   1  -2  -2  -2  -1  -1  -2  -2  -3  -2  -2  -3  -2   3   3  -4  -3  -1   35   0   8   0   0   0   0   1   0   2   0   0   0   0   0  30  24   0   0   1  0.48 0.17
  124 R    -2   3   6  -1  -4  -1  -1  -2  -1  -4  -4   4  -3  -4  -3  -1   0  -5  -3  -4    0  14  50   0   0   0   0   0   0   0   0  32   0   0   0   0   4   0   0   0  0.87 0.23
  125 F    -2  -2  -3  -3  -2  -2  -3  -3  -2   0   4  -2   1   4  -3  -2  -2  -1   0   0    2   1   1   1   0   1   1   2   0   2  49   1   2  29   1   1   1   0   1   3  0.45 0.12
  126 G    -1   1   4   0  -3   0  -1   3  -1  -4  -4   3  -3  -4  -2   2  -1  -4  -3  -3    0   7  24   1   0   3   0  24   0   0   0  23   0   0   0  16   1   0   0   0  0.47 0.14
  127 I    -2  -4  -2   3  -3  -3  -1  -4  -4   5   0  -3   0  -1  -4  -3  -2  -4  -3   3    1   0   1  21   0   0   2   0   0  52   1   0   1   2   0   0   0   0   0  19  0.54 0.18
  128 I    -1  -4  -4  -5  -2  -4  -4  -5  -4   6   2  -4   1  -1  -4  -3  -2  -4  -2   2    6   0   0   0   0   0   0   0   0  67  20   0   1   0   0   0   0   0   0   6  0.78 0.21
  129 F    -4  -4  -4  -5  -4  -4  -5  -5  -2  -1  -1  -4  -2   7  -5  -4  -4   0   6  -1    0   0   0   0   0   0   0   0   0   1   0   0   0  70   0   0   0   0  26   3  1.50 0.30
  130 F    -3  -3  -3  -4  -3  -3  -3  -4   5  -1   2  -3   1   6  -4  -2  -3  -1   1  -1    0   0   0   0   0   0   0   0  21   1  24   0   2  46   0   2   0   0   1   2  0.76 0.21
  131 L     0  -3  -4  -4  -2  -3  -4  -4  -4   4   4  -3   2  -1  -4  -3  -2  -3  -2   2    9   0   0   0   0   0   0   0   0  28  46   0   3   0   0   0   0   0   0  14  0.53 0.15
  132 W    -4  -1  -5  -5  -5  -4  -5   3  -4  -5  -4  -4  -4  -2  -5  -4  -4  12   0  -5    0   5   0   0   0   0   0  21   0   0   0   0   0   0   0   0   0  75   0   0  2.72 0.41
  133 D    -2  -2   6   2  -4   0   3  -2   2  -4  -4  -1  -3  -4  -3   2  -1  -5  -3  -4    0   0  48   8   0   1  20   0   5   0   0   2   0   0   0  16   1   0   0   0  0.75 0.20
  134 I    -2  -4  -4  -5  -2  -4  -4  -5  -4   6   2  -4   1  -1  -4  -3  -1  -4  -2   2    0   0   0   0   0   0   0   0   0  66  21   0   3   0   0   0   3   0   0   7  0.80 0.21
  135 V    -2  -4  -4  -5  -2  -4  -4  -5  -5   1   2  -4   0  -1  -4  -3  -2  -4  -2   6    1   0   0   0   0   0   0   0   0   0  21   0   1   1   0   0   0   0   0  77  0.87 0.24
  136 S     2  -2  -1  -2   1  -2  -1  -1  -2  -4  -4  -2  -3  -3  -2   5   0  -4  -1  -3   18   0   0   0   3   0   1   1   0   0   0   0   0   0   0  73   1   0   3   0  0.81 0.25
  137 K     1  -1  -1  -2  -3  -1  -1   3  -2  -2   1   3  -1  -3  -2  -1  -1  -3  -3  -1   19   1   2   0   0   0   2  25   0   0  21  27   0   0   0   0   3   0   0   2  0.25 0.12
  138 V     0  -4  -4  -4  -2  -3  -4  -4  -4   3   2  -3   0  -2  -4  -3  -1  -4  -2   5    5   0   0   0   0   0   0   0   0  13  21   0   0   0   0   0   1   0   0  60  0.64 0.18
  139 L    -2  -3   3  -3  -3  -2  -3  -3  -1   0   4  -3   0   0  -3  -2  -2  -3  -2  -1    0   0  20   0   0   1   0   0   1   1  69   0   0   2   0   1   0   0   1   1  0.56 0.18
  140 R    -1   2   2   0  -3   0   0  -2   6  -3  -2   1  -2  -2  -2   0  -1  -2   1  -3    2  12  12   5   0   2   5   2  35   1   2   8   1   1   1   5   1   0   3   1  0.44 0.11
  141 L    -1   1   1  -1  -2  -1  -1  -2  -1   0   2   0   1   1   0  -1  -1  -1  -1   0    5  12  10   3   1   2   2   2   2   6  26   3   4   9   5   2   2   0   1   4  0.05 0.03
  142 Q    -2   0  -1  -1  -3   6   0  -2   0  -3  -2   0  -2   1  -1   0  -1  -1   4  -2    1   2   1   2   0  49   1   2   1   1   1   1   0   5   2   7   2   0  20   2  0.57 0.18
  143 E    -1   0   1   0  -4   3   4  -2  -1  -4  -4   3  -2  -4  -2   0  -1  -4  -3  -3    3   0   7   2   0  12  42   1   0   0   0  27   0   0   0   3   1   0   0   0  0.60 0.17
  144 I    -2  -4  -3  -4  -3  -4  -4  -3  -3   5   1  -4   0   4  -4  -1  -1  -2   0   1    2   0   0   0   0   0   0   1   0  55   4   0   1  25   0   5   2   0   0   4  0.59 0.19
  145 S     2   0   0   0  -2  -1  -1   1  -1  -3  -3  -1  -2  -3   2   2   0  -4  -2  -1   29   7   5   7   0   1   0   7   1   0   0   1   0   0  11  25   1   0   1   3  0.30 0.11
  146 A     1  -2   2   1  -2  -1  -1   0  -2   0  -1  -1   4  -2  -2   0   1  -3  -2   0   14   0  11  10   0   1   2   6   0   4   1   4  23   0   0   6  10   0   0   7  0.15 0.10
  147 N    -2  -1   5   1  -4   0   3  -2  -1  -3  -4   0  -3  -4   3   0   0  -4  -3  -3    0   1  36   5   0   1  30   1   0   1   0   2   0   0  14   2   6   0   0   0  0.64 0.18
  148 N    -1  -2   2   4  -3   1   0  -1   4  -3  -4  -1  -3  -2  -2   2  -1  -3   1  -3    1   0   8  29   0   6   4   2  14   0   0   1   0   1   1  27   1   0   7   0  0.45 0.15
  149 T    -1   0   0  -2  -3  -1   0  -2  -1  -1   1   4   0  -3  -2   0   3  -3  -2  -1    0   0   3   0   0   0   3   1   1   1  15  36   3   0   0   3  31   0   0   3  0.33 0.15
  150 G     2  -2  -1   0  -3  -2  -2   2   0  -1  -2  -2  -2   2  -3  -1  -1  -1   5  -1   21   0   2   6   0   0   1  19   2   3   0   1   0  10   0   3   2   0  28   2  0.33 0.13
  151 S     0  -2  -1   1  -3  -1   2  -1  -2  -2  -2  -1  -1   2  -1   4   0  -3  -1  -2    2   0   0   7   0   0  14   2   0   1   2   0   1  11   2  52   1   0   1   2  0.39 0.17
  152 P    -2   1  -1  -1  -4   6   2  -3  -1  -4  -4   3  -2  -5   3  -1  -2  -3  -3  -4    0   4   0   1   0  47   8   0   1   0   0  22   0   0  15   0   0   0   0   0  0.81 0.22
  153 E    -2  -1  -1   2  -5   1   6  -3   1  -5  -4   1  -3  -5  -3  -1  -2  -4  -3  -4    0   0   1   7   0   4  76   0   3   0   0   8   0   0   0   2   0   0   0   0  1.09 0.26
  154 T     2  -3  -3  -4  -2  -1  -3  -3  -3   2   3  -3   1  -1  -2  -2  -1  -3  -2   2   23   0   0   0   0   3   0   0   0   9  39   0   2   0   1   0   2   0   0  20  0.33 0.12
  155 L    -1  -2   4  -1  -3  -1  -2  -3   0   2   2  -2   1  -1  -3  -1   0  -3  -2   0    2   1  31   2   0   1   0   0   2  21  23   1   2   1   0   4   5   0   0   3  0.26 0.12
  156 D     0  -2   1   6  -4  -1   2  -2  -1  -4  -4  -1  -4  -4  -3  -1  -1  -5  -1  -3    9   0   3  67   0   1   9   1   1   0   0   2   0   0   0   1   1   0   2   1  0.96 0.22
  157 F     0  -4  -4  -4  -4  -4  -4  -4  -3   0  -1  -4  -1   8  -5  -3  -2  -1   1  -1    8   0   0   1   0   0   0   0   0   4   1   0   0  80   0   1   1   0   0   4  1.28 0.28
  158 V    -2  -4  -5  -5  -3  -4  -4  -5  -4   1   5  -4   1   0  -4  -4  -2  -3  -2   1    1   0   0   0   0   0   0   0   0   2  84   0   1   3   0   0   0   0   0   9  0.90 0.23
  159 T     1   0  -1  -2  -2   2   0  -2   1  -1   1   1   0  -2  -2  -1   0  -3  -2   0   16   5   2   0   0  16   5   0   4   1  25  13   0   1   0   1   7   0   0   4  0.14 0.09
  160 N    -1   0   0   1  -3  -1   1   4  -2  -3  -2  -1  -3  -4  -3   2   0  -4  -3  -3    0   5   2   9   0   0  11  42   0   1   5   0   0   0   0  21   3   0   0   1  0.46 0.14
  161 H    -3  -1   6  -1  -4   1  -1  -2   5  -5  -4   3  -3  -4  -3  -1  -2  -4  -1  -4    0   1  51   0   0   5   1   0  18   0   0  23   0   0   0   0   0   0   2   0  0.90 0.24
  162 Q     2   0  -2  -2  -4   7   0  -2   0  -4  -4   0  -2  -5  -1  -1  -2  -4  -3  -3   20   1   0   0   0  69   1   1   1   0   0   3   0   0   3   0   0   0   0   0  1.02 0.29
  163 N    -3  -2   8   1  -4  -2  -2  -2  -1  -5  -5  -2  -4  -5  -4   0  -1  -6  -4  -5    0   0  92   3   0   0   0   0   0   0   0   0   0   0   0   3   2   0   0   0  1.66 0.35
  164 F    -4  -5  -5  -6  -4  -5  -5  -5  -3  -2  -1  -5  -2   9  -6  -4  -4  -1   1  -3    0   0   0   0   0   0   0   0   0   0   0   0   0 100   0   0   0   0   0   0  2.06 0.38
  165 S    -1  -2   3  -1  -3  -2  -2  -2  -2  -4  -4  -2  -3  -4  -3   6   0  -5  -3  -4    0   0  18   2   0   0   0   0   0   0   0   0   0   0   0  80   0   0   0   0  1.03 0.29
  166 I    -3  -4  -5  -5  -3  -4  -5  -5  -4   6   0  -4   5  -2  -4  -4  -2  -4  -3   1    0   0   0   0   0   0   0   0   0  76   0   0  21   0   0   0   1   0   0   1  1.10 0.28
  167 T     0   1  -1  -2  -3  -1  -1  -3  -2  -3  -2   5  -1  -3  -2  -1   4  -4  -3  -2    5   6   0   0   0   0   0   0   0   0   3  51   2   1   0   0  33   0   0   0  0.62 0.21
  168 E    -3  -2   1   4  -5   1   6  -3  -2  -5  -5  -1  -4  -5  -3  -1  -2  -5  -4  -4    0   0   5  24   0   4  67   0   0   0   0   0   0   0   0   0   0   0   0   0  1.12 0.26
  169 F    -4  -5  -5  -6  -4  -5  -5  -5  -3  -2  -1  -5  -2   9  -6  -4  -4  -1   1  -3    0   0   0   0   0   0   0   0   0   0   0   0   0 100   0   0   0   0   0   0  2.06 0.38
  170 V    -2  -3  -2  -3  -2  -2  -3  -4  -2   1  -2  -3  -1  -1  -3   0   5  -2   4   3    0   0   0   0   0   0   0   0   0   6   0   0   0   1   0   2  49   0  17  25  0.59 0.21
  171 K    -2   5   2   1  -5   0  -1  -3  -2  -4  -4   4  -3  -4  -3  -1  -2  -3  -3  -4    1  41  12   8   0   0   0   0   0   0   0  38   0   0   0   0   0   0   0   0  0.81 0.21
  172 N    -2   3   3   0  -4   0   1  -3  -1  -4  -4   4  -3  -4  -3  -1   0  -4  -3  -4    0  21  21   2   0   1   8   0   0   0   0  43   0   0   0   1   4   0   0   0  0.65 0.18
  173 N     0  -2   6  -1  -4  -1  -2  -2   2  -4  -4  -1  -3  -3  -3   0   2  -4   2  -3    7   0  63   0   0   0   0   0   4   0   0   3   0   0   0   1  14   0   9   0  0.87 0.24
  174 G    -1  -4  -2  -3  -4  -4  -4   7  -4  -6  -6  -3  -5  -5  -4  -2  -3  -4  -5  -5    0   0   0   0   0   0   0 100   0   0   0   0   0   0   0   0   0   0   0   0  1.85 0.32
  175 F    -4  -4  -3  -5  -4  -4  -4  -5   5  -2  -1  -4  -2   8  -5  -4  -4  -1   2  -3    0   0   0   0   0   0   0   0  21   0   2   0   0  74   0   0   0   0   4   0  1.47 0.30
  176 Y    -3  -3  -3   3  -4   0  -1  -4   0  -3  -3  -3  -3   1  -4  -3  -3   0   8  -3    0   0   0  18   0   4   2   0   0   0   0   0   0   2   0   1   0   0  73   0  1.39 0.31
  177 L    -3  -4  -5  -5  -3  -3  -4  -5  -4   3   5  -4   2  -1  -4  -4  -2  -3  -2   1    0   0   0   0   0   0   0   0   0  18  76   0   4   0   0   0   0   0   0   2  0.86 0.21
  178 N    -3   1   7   1  -4  -1  -1  -1  -1  -4  -4   0  -3  -4  -3   0  -2  -5  -3  -4    0   6  78   6   0   0   0   2   0   0   0   3   0   0   0   2   0   0   0   0  1.21 0.27
  179 N     0   0   4   0  -2   0  -1  -1   1  -3  -3   0  -2  -3  -2   4   0  -3  -2  -2    4   3  28   2   0   2   1   3   3   1   1   3   0   1   1  43   2   0   1   1  0.45 0.14
  180 D    -1  -1   0   2  -3  -1   1  -2  -2  -4  -4  -1  -3  -4  -2   5   0  -4  -3  -3    0   2   3  15   0   0   9   0   0   1   0   0   0   0   0  69   2   0   0   0  0.75 0.24
  181 T    -2  -3  -2  -3  -3  -2  -3  -4  -3  -2  -2  -2   5  -3  -3  -1   6  -4  -3  -1    0   0   0   0   0   0   0   0   0   0   0   0  21   0   0   0  79   0   0   0  1.18 0.32
  182 L    -3  -4  -5  -5  -3  -4  -5  -5  -4   0   6  -4   1  -1  -5  -4  -3  -3  -3  -1    0   0   0   0   0   0   0   0   0   0  99   0   0   1   0   0   0   0   0   0  1.19 0.28
  183 V    -3  -4  -5  -5  -3  -4  -4  -5  -4   1   6  -4   1  -1  -4  -4  -3  -3  -3   0    0   0   0   0   0   0   0   0   0   2  96   0   0   0   0   0   0   0   0   2  1.12 0.27
  184 H    -1  -1   0   2  -4   3   5  -2   1  -4  -4   2  -3  -4  -2   0  -1  -4  -3  -3    5   0   1   8   0  13  49   1   4   0   0  11   0   0   0   6   1   0   0   0  0.63 0.17
  185 C    -3  -6  -5  -6  11  -5  -6  -5  -5  -3  -3  -5  -4  -5  -5  -3  -3  -5  -5  -3    0   0   0   0 100   0   0   0   0   0   0   0   0   0   0   0   0   0   0   0  3.04 0.46
  186 E    -2  -1   1   5  -4   0   3  -3  -1  -3  -3   0  -3  -3  -2   0   1  -4  -3  -3    0   1   3  46   0   1  27   0   1   1   1   5   0   1   0   4   9   0   0   0  0.71 0.18
  187 F    -4  -5  -5  -5  -4  -5  -5  -5  -3  -2  -1  -5  -2   8  -6  -4  -4  -1   3  -3    0   0   0   0   0   0   0   0   0   0   0   0   0  94   0   0   0   0   6   0  1.90 0.35
  188 F    -4   3  -4  -5  -4  -3  -4  -5  -3  -2  -1  -3  -2   8  -5  -3  -3  -1   2  -3    0  21   0   0   0   0   0   0   0   0   0   0   0  77   0   1   0   0   1   0  1.36 0.30
  189 G    -1  -4  -2  -3  -4  -4  -4   7  -4  -6  -6  -3  -5  -5  -4  -2  -3  -4  -5  -5    0   0   0   0   0   0   0 100   0   0   0   0   0   0   0   0   0   0   0   0  1.85 0.32
  190 K    -2   1  -2  -1  -4   1   2  -3  -2  -1  -3   5   2  -4  -2  -1  -1  -4  -2  -2    1   1   0   1   0   2  18   0   0   4   0  61   8   0   0   1   1   0   1   0  0.66 0.21
  191 T    -2  -1  -2   0  -4  -1   1  -3  -3  -4  -4  -2  -4  -4   7  -1   0  -5  -3  -4    0   3   1   4   0   2   9   1   0   0   0   1   0   1  71   1   5   0   1   0  1.59 0.27
  192 C    -2  -5  -5  -6  11  -5  -6  -4  -5  -3  -3  -5  -3  -4  -5  -3  -3   3  -4  -3    0   0   0   0  95   0   0   0   0   0   0   0   0   0   0   0   0   5   0   0  2.66 0.39
  193 S    -2  -3   0  -3  -3  -2  -3   3   2  -3  -3  -3  -2   2  -4   0  -1   0   6  -3    0   0   4   0   0   0   0  26   5   0   0   0   0   5   0   7   4   0  49   0  0.73 0.19
  194 P     0  -4  -3  -3  -4  -3  -3  -3   0  -4  -4  -2  -4  -5   8  -1  -2  -5  -4  -3    7   0   0   0   0   0   0   0   3   0   0   0   0   0  87   3   0   0   0   1  2.13 0.30
  195 K    -1   0  -1   0  -4   5   3  -3  -1  -3  -3   3   0  -3  -2  -1  -1  -2  -3  -3    2   1   1   2   0  43  26   0   0   1   1  18   2   1   0   1   1   0   0   1  0.65 0.18
  196 D    -3  -3   3   7  -5  -1   0  -3  -1  -5  -5  -2  -4  -5  -3  -2  -2  -6  -4  -5    0   0  11  87   0   1   0   0   1   0   0   0   0   0   0   0   0   0   0   0  1.49 0.27
  197 F    -4  -5  -5  -5  -4  -5  -5  -5  -3  -2  -1  -5  -2   8  -5  -4  -4  -1   2  -2    0   0   0   0   0   0   0   0   0   0   0   0   0  98   0   0   0   0   2   0  1.84 0.32
  198 K     2   0  -1   0  -3   1   4  -2  -1  -3  -3   2  -2  -4  -2   0   1  -4  -3  -2   19   1   0   1   0   4  46   0   0   0   0  14   0   0   0   2  10   0   0   3  0.47 0.14
  199 H    -2  -2  -1  -3  -4  -1  -2  -4   9  -3  -4  -2  -3  -3  -2  -2   1  -4   0  -1    1   0   0   0   0   1   0   0  79   1   0   1   0   0   1   0   9   0   0   6  1.54 0.31
  200 V    -1  -4  -4  -4  -2  -4  -4  -4  -4   3   0  -4   0  -2  -4  -3  -1  -4  -2   6    2   0   0   0   0   0   0   0   0  17   0   0   0   0   0   0   1   0   0  79  0.86 0.22
  201 F    -4  -4  -5  -5  -4  -5  -5  -5  -2  -1  -1  -5  -2   8  -5  -4  -4   0   4  -2    0   0   0   0   0   0   0   0   0   1   0   0   0  90   0   0   0   0   9   0  1.68 0.30
  202 T    -2  -3  -2  -3  -2  -2  -2  -3  -3  -2  -3  -2  -2  -4  -3   0   7  -4  -3  -2    0   0   0   0   0   0   0   0   0   0   0   0   0   0   0   0 100   0   0   0  1.39 0.32
  203 E    -2   3  -2   0  -5   1   6  -4  -1  -5  -4   0  -3  -5  -3  -2  -2  -4  -3  -4    0  19   0   0   0   0  81   0   0   0   0   0   0   0   0   0   0   0   0   0  1.18 0.26
  204 Y    -4  -4  -4  -5  -4  -3  -4  -5   0  -3  -2  -4  -3   2  -5  -4  -3   1   9  -3    0   0   0   0   0   0   0   0   0   0   2   0   0   1   0   0   0   0  98   0  2.07 0.36
  205 G    -1  -4  -2  -3  -4  -3  -4   7  -4  -5  -5  -3  -4  -5  -4  -2  -3  -4  -5  -5    0   0   0   0   0   0   0 100   0   0   0   0   0   0   0   0   0   0   0   0  1.74 0.28
  206 N    -3  -1   7   0  -4  -1  -1  -2  -1  -5  -5   2  -3  -5  -3   0  -1  -5  -4  -4    0   0  79   0   0   0   0   0   0   0   0  19   0   0   0   3   0   0   0   0  1.23 0.27
  207 C    -2  -5  -5  -6  11  -5  -6  -5  -5  -3  -3  -5  -3  -4  -5  -3  -3  -4  -4  -3    0   0   0   0 100   0   0   0   0   0   0   0   0   0   0   0   0   0   0   0  2.84 0.40
  208 F    -3  -4  -4  -5  -4  -4  -4  -5  -1  -2   0  -4  -1   7  -5  -4  -3   0   6  -2    0   0   0   0   0   0   0   0   0   0   5   0   0  68   0   0   0   0  27   0  1.38 0.26
  209 T    -1  -2  -1  -2  -2  -2  -2  -3  -3  -1  -2  -2  -2  -3  -2   0   7  -4  -3  -1    0   0   0   0   0   0   0   0   0   2   0   0   0   0   0   1  93   0   0   0  1.17 0.28
  210 F    -4  -4  -4  -5  -4  -4  -4  -4  -3  -2  -1  -4  -1   8  -5  -4  -3   0   2  -2    0   0   0   0   0   0   0   0   0   0   0   0   0  96   0   0   0   0   0   0  1.70 0.30
  211 N    -3  -2   8   0  -4  -2  -2  -2  -1  -5  -5  -2  -4  -5  -4  -1  -2  -6  -4  -5    0   0 100   0   0   0   0   0   0   0   0   0   0   0   0   0   0   0   0   0  1.77 0.34
  212 Y    -2  -1   0  -2  -4  -1  -1  -3   9  -4  -3  -2  -3  -2  -2   2  -2  -3   2  -4    2   1   1   0   0   0   0   0  67   0   1   0   0   0   1  18   0   0   6   0  1.22 0.25
  213 G     0  -1   2   1  -2  -1  -1   4  -1  -2  -2  -1  -2  -2  -1   0  -1  -2  -1  -2    4   2  12   8   1   2   2  47   1   2   3   3   1   2   2   3   2   0   2   2  0.39 0.06
  214 E    -1   0   0   1  -2   2   3   0  -1  -1  -2   0  -1  -2  -1   0   0  -2  -2  -1    3   5   4   8   1  12  28   9   1   6   3   4   2   1   2   3   4   0   1   3  0.19 0.04
  215 N    -2  -2   7   2  -3  -1  -1  -2  -1  -3  -4  -1  -2  -4  -1   0   0  -4  -3  -3    0   0  72   9   0   0   0   0   0   2   0   0   1   0   2   5   6   0   0   1  0.96 0.21
  216 I    -1  -2  -1   3  -1  -2   0   0  -2   2   0  -1   0  -1   1  -1  -1  -3  -2   0    1   0   1  28   1   0   2   8   0  25   9   4   2   2   9   2   2   0   1   5  0.18 0.08
  217 Q    -2   0  -2  -1  -3   3   0  -3  -1   0   2   1   0  -2   2  -1  -1  -3  -1  -1    0   3   0   3   0  24   2   0   1   4  37   8   1   0  12   2   2   0   1   0  0.26 0.11
  218 N     2  -2  -1  -1  -2  -1  -1  -1  -1  -2   0  -1  -1  -3   4   1   0  -3  -3  -1   29   1   2   1   0   1   4   3   1   0  14   0   0   0  24  14   5   0   0   0  0.38 0.10
  219 K     2   2  -1  -2  -2   0  -1  -2  -1  -2  -2   3  -1  -3   0   0   1  -1  -2  -2   30  13   1   0   0   0   1   0   1   1   1  30   2   0   3   2  14   1   0   0  0.32 0.12
  220 N    -1   5   0  -2  -3   0   1  -2  -1  -3  -3   2  -2  -4  -2  -1   2  -4  -3  -2    2  49   5   0   0   0   8   1   0   0   1  15   0   0   0   1  17   0   0   1  0.58 0.15
  221 K    -2   5  -1  -2  -4   0  -1  -3  -2  -2   0   4   0  -3  -3  -1   0  -3  -3  -2    0  43   0   0   0   1   0   0   0   1  12  29   3   0   0   4   5   0   0   1  0.54 0.15
  222 V    -1  -2  -3  -3  -2  -2  -2  -3  -3   2   0   2  -1  -2  -3  -2  -1  -4  -2   5    3   0   0   0   0   1   0   0   0   4   1  17   0   0   0   1   1   0   0  69  0.52 0.18
  223 S     0  -2   1  -1  -2  -1  -2   2  -2  -3  -3  -1  -3  -1  -2   5   1  -4  -3  -3    0   0   4   0   0   0   0  19   0   0   0   1   0   2   0  64   5   0   0   0  0.60 0.19
  224 V    -1  -3  -2  -3  -2  -3  -3   2  -3   1   3  -3   1  -1  -3  -2   0  -3  -2   3    1   0   1   0   0   0   0  19   0   2  38   0   1   1   0   1   6   0   0  30  0.30 0.11
  225 S     0  -2  -1  -1  -2  -1  -1  -2  -2  -3  -3  -1  -2  -3  -1   5   3  -4  -3  -2    4   0   0   0   0   0   3   0   0   0   0   0   1   0   2  73  17   0   0   0  0.74 0.21
  226 G    -1  -4  -2  -2  -4  -3  -2   7  -3  -5  -5  -3  -4  -4  -3  -2  -3  -4  -4  -4    0   0   0   0   0   0   3  95   0   0   0   0   0   0   0   0   0   0   0   0  1.56 0.25
  227 R    -2   7   3  -2  -4   0  -1  -3  -1  -4  -4   1  -3  -4  -3  -2  -2  -4  -3  -4    3  73  19   0   0   1   0   0   0   0   0   3   0   0   0   0   0   0   0   0  1.06 0.23
  228 G    -1  -3  -2  -3   0  -3  -3   7  -3  -5  -5  -3  -4  -4  -3  -1  -3  -4  -4  -4    0   0   0   0   2   0   0  93   0   0   0   0   0   0   0   0   0   0   0   0  1.50 0.24
  229 L    -3  -3  -4  -5  -2  -3  -4  -5  -4   0   6  -3   1  -1  -4  -3  -2  -3  -2   0    0   0   0   0   0   0   0   0   0   0  96   0   0   0   0   0   0   0   0   0  0.97 0.22
  230 K    -1   0   1  -1  -3   0   2  -2   6  -4  -4   0  -2  -3  -2   3  -1  -3   0  -3    0   5   6   1   0   0  19   0  28   0   0   4   0   0   0  33   1   0   2   0  0.52 0.16
  231 L    -2  -3  -4  -4  -2  -3  -4  -5  -4   2   5  -3   1  -1  -4  -3  -2  -3  -2   1    0   0   0   0   0   0   0   0   0  14  76   0   0   0   0   0   0   0   0   8  0.73 0.17
  232 L    -2  -3  -4  -4  -2  -3  -4  -4  -4   1   5  -3   5   0  -4  -3  -2  -3  -2   0    0   0   0   0   0   0   0   0   0   2  70   0  22   1   0   0   0   0   0   3  0.78 0.19
  233 L    -3  -4  -4  -5  -3  -4  -4  -4  -3  -1   2  -4   0   7  -5  -4  -3  -1   1  -2    0   0   0   0   0   0   0   0   0   0  23   0   1  74   0   0   0   0   0   0  1.18 0.24
  234 D    -3  -3   4   7  -4  -1   0  -2  -2  -4  -5  -2  -4  -5  -3  -1  -2  -5  -4  -4    0   0  23  73   0   0   0   0   0   0   0   0   0   0   0   2   0   0   0   0  1.27 0.24
  235 V    -1  -4  -4  -4  -2  -3  -4  -4  -4   4   0  -3   0  -1  -4  -3  -1  -4  -2   5    1   0   0   0   0   0   0   0   0  33   0   0   0   2   0   0   0   0   0  63  0.77 0.19
  236 H    -2   0   3  -1  -4   6   0  -3   2  -4  -4   3  -2  -4  -2  -1  -2  -4  -2  -4    0   1  20   0   0  51   0   0   5   0   0  21   0   0   0   0   0   0   0   0  0.78 0.21
  237 Q    -2  -1  -2  -2  -4   8   0  -3  -1  -4  -4   0  -2  -4  -3  -2  -2   3  -3  -4    0   0   0   0   0  93   0   0   0   0   0   0   0   0   0   0   0   5   0   0  1.54 0.33
  238 E     0  -2  -1   4  -4   0   4  -2  -2  -4  -3  -1  -3  -4   0   0  -1   2  -3  -3    8   0   0  28   0   0  47   1   0   0   1   1   0   0   3   3   3   3   0   1  0.62 0.16
  239 E    -2   1  -1   0  -5   4   5  -3  -1  -4  -3   2  -2  -4  -2  -1  -2  -4  -3  -3    1   4   1   1   0  26  55   0   0   0   1  11   1   0   0   0   0   0   0   0  0.84 0.20
  240 F    -4  -4  -4  -5  -4  -4  -4  -5  -2  -2  -1  -4   1   8  -5  -4  -3   0   5  -2    0   0   0   0   0   0   0   0   0   0   0   0   4  74   0   0   0   0  22   0  1.45 0.27
  241 T    -2  -3  -2  -3  -2  -2  -3  -3  -3  -1   1  -2  -1  -3  -3   0   6  -4  -3  -1    0   0   0   0   0   0   0   0   0   2  18   0   1   0   0   0  79   0   0   0  0.89 0.25
  242 D    -2  -2   0   7  -3  -1   0  -2  -2  -3  -3  -1  -3  -3  -2  -1  -2  -3  -2  -3    1   1   1  81   0   1   1   1   0   1   2   1   0   1   1   1   1   0   2   1  1.13 0.19
  243 N    -1  -1   2   4  -3   0   3  -1  -1  -3  -3   0  -2  -3  -1   0  -1  -3  -2  -2    2   1  11  35   0   1  27   4   0   1   2   4   0   1   1   4   1   0   1   1  0.47 0.09
  244 P    -1  -3  -3  -3  -4  -2  -2  -3  -3  -4  -4  -2  -4  -5   8  -1  -2  -5  -4  -4    5   0   0   0   0   1   1   0   0   0   0   1   0   0  89   2   0   0   0   0  2.19 0.29
  245 V     3  -2  -2  -1  -1  -2  -2  -1  -3   0  -1  -2  -1  -3  -2   2   2  -3  -2   2   34   0   0   2   0   0   0   2   0   1   4   0   0   0   0  18  19   0   0  20  0.29 0.12
  246 P    -3  -3  -4  -5  -3  -1  -4  -4  -4   0   4  -3   0   1  -1  -3  -3   7  -1  -1    0   0   0   0   0   3   0   0   0   0  69   0   0   5   3   0   0  19   0   1  0.85 0.20
  247 G    -1  -4   0  -2  -4  -3  -3   7  -3  -5  -5  -3  -4  -5  -4  -2  -3  -4  -5  -5    1   0   3   1   0   0   0  95   0   0   0   0   0   0   0   0   0   0   0   0  1.57 0.26
  248 F    -3  -3  -3  -1  -4  -2   1  -4   0  -2  -2  -3  -2   6  -4  -3  -3   0   6  -2    0   0   0   4   0   0  15   0   1   0   0   0   0  48   0   1   0   0  33   0  0.95 0.21
  249 A     0  -3  -2  -3  -2  -2  -2  -3  -3   1  -1  -2   1  -2  -3   0   5  -4  -2   3    7   0   0   0   0   0   0   0   0   4   2   0   4   0   0   2  50   0   0  31  0.48 0.17
  250 D    -3  -3   0   7  -5  -2   0  -3   1  -5  -5  -2  -5  -5  -3  -2  -3  -6  -2  -5    0   0   0  94   0   0   1   0   3   0   0   0   0   0   0   0   0   0   1   0  1.62 0.29
  251 A     6  -3  -3  -3  -2   0  -2  -1  -3  -3  -3  -2  -2  -4  -2   0  -1  -4  -3  -1   92   0   0   0   0   3   0   0   0   0   0   0   0   0   0   2   1   0   0   2  0.93 0.25
  252 G    -1  -4  -2  -3  -4  -3  -3   7  -3  -5  -5  -3  -4  -4  -3  -2  -3  -4  -4  -4    0   0   0   0   0   0   0  97   0   0   0   0   0   0   0   0   0   0   0   0  1.62 0.26
  253 V    -2  -4  -4  -4  -2  -4  -4  -5  -4   6   0  -2   1  -1  -4  -3  -2  -4  -3   2    0   0   0   0   0   0   0   0   0  87   0   2   2   0   0   0   0   0   0   6  0.98 0.23
  254 I    -1  -1  -1  -2  -2  -2  -2  -3  -3   3  -1   2  -1  -2  -3   0   4  -4  -3   0    0   0   1   0   0   0   0   0   0  30   0  19   0   0   0   4  43   0   0   2  0.42 0.17
  255 F    -3  -4  -4  -5  -3  -4  -4  -5  -3  -1   0  -4  -1   7  -5  -4  -3  -1   3   2    0   0   0   0   0   0   0   0   0   0   3   0   0  73   0   0   0   0   5  19  1.16 0.24
  256 V     1  -2  -3  -1  -2   3  -2  -3  -3   1  -1  -2  -1  -2  -3  -2  -1  -3   0   4   10   0   0   5   0  19   0   0   0   5   0   0   0   0   0   0   0   0   3  57  0.41 0.17
  257 I    -3  -4  -5  -5  -3  -1  -4  -5  -5   7   0  -4   0  -2  -4  -4  -2  -4  -3   2    0   0   0   0   0   3   0   0   0  93   2   0   0   0   0   0   0   0   0   2  1.11 0.26
  258 H    -3  -2  -1  -1  -5  -1  -2  -4  10  -5  -5  -3  -3  -3  -4  -3  -4  -4   1  -5    0   0   0   3   0   0   0   0  95   0   0   0   0   0   0   0   0   0   2   0  2.20 0.37
  259 S     0  -2  -1  -2  -2  -2  -2  -1  -2  -4  -4  -2  -3  -3  -1   6   0  -4   0  -3    0   0   0   0   0   0   0   2   0   0   0   0   0   0   2  92   1   0   3   0  1.01 0.28
  260 P    -2  -1  -3  -3  -4   3  -2  -2  -3  -4  -4  -2  -3  -1   7  -2  -2  -4  -3  -4    0   2   0   0   0  19   0   2   0   0   0   0   0   3  72   1   1   0   0   0  1.67 0.26
  261 K    -2   1   0   2  -4   3   1  -2  -1  -3  -3   4  -1  -4  -2  -1   0  -4  -3  -3    0   5   3  13   0  17   7   0   1   0   1  45   1   0   0   2   5   0   0   0  0.51 0.14
  262 K    -1   0  -1   0  -4   1   5  -3  -2  -2  -3   3  -3  -4  -2  -1  -2  -4  -3  -2    5   1   0   1   0   0  60   0   0   3   0  27   0   0   0   0   1   0   0   2  0.75 0.20
  263 E    -2  -1  -3  -3  -3  -2   0  -4  -2   0   2  -2   0  -1   5  -2  -2  -3  -2   2    0   5   0   0   0   0   8   0   1   0  31   0   1   2  33   0   0   0   0  19  0.55 0.13
  264 P    -2  -1  -4  -3  -5  -3  -3  -4  -4  -5  -4  -2  -4  -5   8  -2  -3  -5  -5  -4    0   3   0   0   0   0   0   0   0   0   1   0   0   0  96   0   0   0   0   0  2.51 0.34
  265 Q    -2   4  -2  -2  -2   4  -1  -3   3  -3  -2   0  -2   3  -3  -2  -2  -2   1  -3    0  34   0   0   1  32   0   0   9   0   1   0   0  17   0   0   0   0   3   0  0.59 0.18
  266 F    -3  -4  -4  -4  -3  -4  -4  -4  -3   3   0  -4  -1   7  -4  -1  -2  -1   1   0    0   0   0   0   0   0   0   0   0  21   5   0   0  65   0   5   0   0   0   4  0.91 0.20
  267 D    -3  -3   0   7  -5  -1   1  -2   0  -4  -5  -2   0  -5  -3  -2  -2  -5  -4  -4    0   0   1  86   0   0   5   2   2   0   0   0   3   0   0   0   0   0   0   1  1.36 0.26
  268 G    -1  -2  -1  -1  -4   3  -1   6  -3  -4  -4  -1  -3  -4  -3  -1  -1  -4  -4  -4    0   0   0   2   0  17   1  73   0   1   0   2   0   0   0   0   3   0   0   1  1.03 0.21
  269 L    -2  -3  -4  -5  -2  -3  -4  -5  -4   1   5  -2   2  -1  -4  -3  -2  -3  -2   0    2   0   0   0   0   0   0   0   0   4  88   2   4   0   0   0   0   0   0   0  0.85 0.21
  270 G    -1  -4  -2  -3  -4  -3  -3   7  -3  -3  -5  -3  -4  -4  -3   0  -1  -4  -4  -4    0   0   0   0   0   0   0  89   0   2   0   0   0   0   0   5   3   0   0   0  1.39 0.24
  271 L    -2  -3  -4  -4  -2  -1  -3  -4  -3   1   4  -3   1   3  -4  -2  -2  -1  -1   0    0   0   0   0   0   3   0   0   0   4  68   0   0  19   0   3   0   0   0   2  0.62 0.17
  272 S     0  -2  -1  -2  -2  -1  -2   2   0  -1   2  -2   1  -1   0   2  -1  -1  -1  -1    1   0   2   0   0   1   0  19   3   0  29   0   3   2   5  32   0   1   2   0  0.20 0.11
  273 S     0  -2  -1  -2   1   0  -2  -2  -3  -1  -2  -2  -1  -3  -2   3   4   1  -2   2    4   0   0   0   3   3   0   0   0   0   0   0   0   0   0  31  37   2   0  20  0.41 0.16
  274 P     1  -1  -3  -3  -4  -2  -2  -1  -3  -4  -4  -2  -3  -5   8  -1  -2  -5  -4  -3   16   3   0   0   0   1   0   4   0   0   0   0   0   0  74   1   0   0   0   0  1.69 0.25
  275 V     0  -3  -4  -4  -2  -3  -3  -4  -4   2  -1  -3  -1  -2   3  -2  -1  -4  -3   5    6   0   0   0   0   0   0   0   0   6   0   0   0   0  19   0   0   0   0  68  0.70 0.19
  276 G    -1  -4  -2  -3  -4  -3  -3   7  -3  -5  -5  -3  -4  -4  -3  -1  -3  -4  -4  -4    0   0   0   0   0   0   0  96   0   0   0   0   0   0   0   2   0   0   0   0  1.59 0.26
  277 M    -2  -3  -3  -4  -3  -2  -3  -4  -3  -1   0  -3   8   4  -4  -3   1  -2  -1  -1    0   0   0   0   0   0   0   0   0   0   0   1  68  19   0   0  10   0   0   1  1.06 0.28
  278 H    -3  -1  -1  -2  -5   3  -1  -4   9  -5  -4  -2  -3  -1  -4  -2  -3  -4   0  -4    0   1   0   0   0  19   0   0  76   0   0   0   0   2   0   0   0   0   0   0  1.65 0.31
  279 A     5  -2  -2  -3  -2  -2  -2  -1  -3  -2  -2  -2  -2  -3  -2   0   3  -4  -3  -1   71   0   0   0   0   0   0   1   0   0   2   0   0   0   0   2  22   0   0   0  0.68 0.20
  280 R    -2   3  -1  -2  -3   4   0  -3   4  -3  -2   0  -2   3  -3  -1  -2   3   1  -3    0  24   0   0   1  32   0   0  15   0   0   0   0  19   0   2   0   4   2   0  0.56 0.17
  281 V     1  -3  -4  -4  -2  -3  -3  -4  -4   1   0  -3  -1  -1  -3  -2  -1  -4  -2   6   14   0   0   0   0   0   0   0   0   0   1   0   0   2   0   0   1   0   0  80  0.73 0.21
  282 T     3  -2  -1  -2  -2  -2  -2  -1  -2  -2  -2  -2  -2  -3  -2   3   3  -4  -3   0   37   0   0   0   0   0   0   0   0   0   1   0   0   0   0  26  30   0   0   5  0.49 0.16
  283 I    -2  -4  -4  -4   5  -4  -4  -5  -4   6   1  -4   2  -2  -4  -3  -1  -4  -3   1    0   0   0   0  17   0   0   0   0  70   5   0   5   0   0   0   3   0   0   0  0.84 0.21
  284 R    -2   6  -2  -3   0   4  -1  -4   0  -2  -3   1  -2  -4  -3  -1  -2  -1  -3  -3    0  67   0   0   3  23   0   0   1   4   0   0   0   0   0   2   0   1   0   0  0.96 0.23
  285 Q    -2   0  -1  -2  -4   7   2  -3   2  -4  -3   0  -2  -4  -3  -1  -1  -4  -2  -4    0   1   0   0   0  79   9   0   5   0   1   0   0   0   0   0   4   0   1   0  1.18 0.28
  286 L    -2  -2  -3  -3  -2   2  -2  -4  -3   1   4  -2   1   1  -3  -3  -2  -3  -1   2    0   0   0   0   0  19   0   0   0   2  51   0   0   5   0   0   0   0   1  22  0.42 0.15
  287 K    -2   3  -1  -2  -4   2   0  -3  -2  -4  -2   6  -2  -4  -2  -1  -2  -4  -3  -3    0  14   0   0   0   9   0   0   0   0   5  72   0   0   0   0   0   0   0   0  0.88 0.22
  288 T    -1  -2  -1  -2  -2  -2  -2  -2  -3  -2   1  -2  -1  -3  -2   3   5  -4  -3  -1    1   0   0   0   0   0   0   0   0   0  19   0   0   0   0  34  46   0   0   0  0.55 0.19
  289 V    -1  -3  -4  -4  -2   0  -3  -4  -4   5   0  -3   1  -2  -3  -3  -1  -4  -2   3    5   1   0   0   0   6   1   0   0  57   1   0   1   0   0   0   1   0   0  28  0.59 0.17
  290 H    -2  -2   0  -3  -3  -1  -2  -4   5   4  -1  -1   0  -1  -4  -2  -1  -2   4   0    0   0   5   0   0   2   0   0  24  41   0   2   2   0   0   0   3   0  19   1  0.50 0.17
  291 Q    -2  -1  -2  -2  -4   7   0  -2  -1  -3   1  -1  -1  -4  -3  -2  -2  -3  -3  -3    0   0   0   0   0  79   0   2   0   0  19   0   0   0   0   0   0   0   0   0  1.09 0.29
  292 E    -2  -2  -2   0  -5   0   6  -4  -2  -5  -4   0  -4  -5   4  -2  -2  -5  -4  -4    0   0   0   0   0   0  79   0   0   0   0   2   0   0  19   0   0   0   0   0  1.21 0.26
  293 Y    -3  -3  -3  -4  -4  -3  -3  -4   3  -3  -3  -3  -3   1   3  -3  -3   0   8  -3    0   0   0   0   0   0   0   0   6   0   0   0   0   0  19   0   0   0  75   0  1.51 0.29
  294 P    -2  -4  -4  -3  -4  -3  -3  -4  -4  -4  -4  -3  -4  -5   8  -2  -3  -5  -5  -4    0   0   0   0   0   0   0   0   0   0   0   0   0   0  98   0   0   0   0   0  2.58 0.33
  295 W    -5  -5  -6  -7  -5  -4  -5  -5  -5  -5  -4  -5  -4  -1  -6  -5  -5  13   0  -5    0   0   0   0   0   0   0   0   0   0   0   0   0   0   0   0   0 100   0   0  3.89 0.47
  296 G    -1  -4  -2  -3  -4  -3  -4   7  -4  -5  -5  -3  -4  -5  -4  -1  -3  -4  -5  -5    0   0   0   0   0   0   0  98   0   0   0   0   0   0   0   2   0   0   0   0  1.66 0.27
  297 E    -2  -2  -1   3  -5   1   6  -3  -2  -4  -3  -1  -3  -5  -3  -1  -2  -4  -4  -4    0   0   1  18   0   2  77   0   0   0   2   0   0   0   0   0   1   0   0   0  1.11 0.24
  298 C    -2  -5  -5  -6  11  -5  -6  -5  -5  -3  -2  -5  -3  -4  -5  -3  -3  -4  -4  -3    0   0   0   0  98   0   0   0   0   0   2   0   0   0   0   0   0   0   0   0  2.71 0.39
  299 N    -2   1   5  -1  -4   0  -1  -2  -1  -4  -4   5  -3  -4  -3   0  -1  -5  -3  -4    1   3  44   0   0   1   0   0   0   0   0  49   0   0   0   3   0   0   0   0  0.85 0.22
  300 P     0  -3  -3  -3  -4  -2  -2  -3  -3  -4  -4  -2  -4  -5   8   2  -1  -5  -4  -3    7   0   0   0   0   0   0   0   0   0   0   0   0   0  74  16   2   0   0   0  1.74 0.26
  301 N    -1  -2   4   5  -3  -1   0  -2   2  -4  -4  -1  -3  -4  -2   1   2  -4  -3  -3    3   0  23  42   0   1   1   1   8   0   0   1   0   0   0   7  14   0   0   0  0.62 0.15
  302 I    -2  -3  -3  -4  -2  -3  -4  -5  -4   5   2  -2   4  -1  -4  -3  -2  -3  -2   1    1   1   1   0   0   0   0   0   0  65  12   2  17   0   0   0   1   0   0   1  0.72 0.20
  303 K    -2   1  -1   2  -4   1   1  -3  -2  -4  -3   6  -2  -4  -2  -1  -1  -4  -3  -3    1   2   1  13   0   3   7   0   0   0   2  68   0   0   0   1   1   0   0   1  0.72 0.19
  304 L    -2  -3  -3  -4  -2  -3  -3  -4  -3   0   5  -2   1  -1  -4   1  -1  -3  -2  -1    0   0   0   0   0   0   0   0   0   0  80   2   0   0   0  17   1   0   0   0  0.65 0.20
  305 R    -1   1  -1   1  -4   6   3  -3   2  -4  -2   1  -2  -4  -2  -1  -2  -1  -2  -3    2   6   0   7   0  53  15   0   6   0   3   6   0   0   0   0   0   1   0   1  0.69 0.19
  306 N    -3  -2   4  -1  -1  -2  -2  -3   3  -3  -3  -2  -2   3  -4  -1  -2   0   6  -3    0   0  25   3   2   0   0   0   9   0   0   0   0  16   0   4   0   0  41   0  0.74 0.19
  307 F    -3  -2  -2  -2  -4  -1  -2  -4   8  -2  -1  -3  -2   5  -4  -2  -3  -2   2  -3    0   0   0   1   0   3   0   0  46   0   5   0   0  39   0   1   0   0   4   0  1.03 0.23
  308 I    -1   2   0   2  -2   0   1  -1  -1  -3  -3   3  -2  -4   0   2   0  -4  -2  -3    1   9   2  13   1   2   8   1   0   1   0  30   0   0   2  24   4   0   0   0  0.34 0.11
  309 T    -1  -2   0  -2  -2  -2  -2  -3  -2   3  -1  -2  -1  -1  -2   1   4  -3  -2   1    0   0   5   0   0   0   0   0   1  32   1   0   0   2   0  11  41   0   1   5  0.37 0.15
  310 Y    -3  -3  -4  -5  -4  -3  -4  -5   0  -3  -3  -3  -3   2  -5  -3  -3   1   9  -3    0   0   0   0   0   0   0   0   0   0   0   0   0   2   0   0   0   0  95   0  1.98 0.34
  311 S     0  -2   0  -2  -2   0  -1  -2  -2  -4  -4  -1  -3  -4  -2   6   1  -4  -3  -3    0   0   2   0   0   2   0   0   0   0   0   0   0   0   0  89   5   0   0   0  0.97 0.26
  312 T    -1  -2  -2  -2  -2  -2  -1  -3  -3   2  -2  -2  -1  -3  -3   0   6  -4  -3  -1    0   0   0   0   0   0   2   0   0  19   0   0   0   0   0   1  75   0   0   0  0.83 0.23
  313 Y    -1  -2   4  -1  -2  -1  -2  -2  -1  -3  -3  -2  -2   0  -3   2   2  -1   4  -2    3   0  28   1   0   0   0   0   0   0   0   0   0   3   0  19  18   0  26   0  0.46 0.15
  314 G     2  -2  -2  -2  -3  -2  -2   6  -3  -4  -4  -2  -3  -4  -3  -1  -2  -4  -4  -3   20   2   0   1   0   0   2  72   0   0   0   0   0   0   0   1   0   0   0   0  1.02 0.19
  315 C    -2  -5  -4  -5  11  -4  -5  -4  -5  -3  -3  -2  -3  -4  -4  -3  -3  -4  -4  -3    0   0   0   0  95   0   0   0   0   0   0   2   0   0   0   0   0   0   0   0  2.53 0.36
  316 L    -2   2  -3  -4  -3  -2  -2  -4  -3   0   5  -2   1  -1  -4  -3  -2  -3  -2   0    0  19   0   0   0   1   2   0   0   0  73   0   0   0   0   0   0   0   0   3  0.59 0.17
  317 K    -2   0  -2  -2  -3   4   0  -3  -2   2   1   3   0  -2  -3  -2  -2  -3  -2  -1    0   3   0   0   0  37   0   0   0  19  15  22   1   0   0   0   0   0   0   0  0.39 0.15
  318 E    -2  -1  -1   3  -5   0   6  -3  -2  -4  -4   0  -3  -4  -2  -1  -2  -4  -3  -4    0   0   0  18   0   0  74   0   0   0   0   2   0   0   0   0   0   0   0   0  1.03 0.23
  319 C    -2  -2  -4  -5  11  -4  -5  -4  -4  -3  -3  -4  -3  -4  -4  -2  -2  -4  -3  -2    0   3   0   0  90   0   0   0   0   0   0   0   0   0   0   0   0   0   1   0  2.31 0.34
  320 K    -2   2  -1  -1  -4   0   3  -3  -2  -4  -3   6  -1  -4  -2  -1  -2  -4  -3  -3    0   4   0   0   0   0  19   0   0   0   0  71   1   0   0   0   0   0   0   0  0.84 0.22
  321 A     5  -2  -2  -2  -2  -2  -2  -1  -3  -2  -2  -2  -2  -3  -2   2   2  -4  -3  -1   65   0   0   0   0   0   0   1   0   0   0   0   0   0   0  10  19   0   0   1  0.59 0.18
  322 R    -2   6  -1  -2  -4   3  -1  -3   2  -4  -3   1  -2  -3  -3  -2  -2   5  -1  -3    2  55   2   0   0  17   0   0   5   0   1   4   0   0   0   0   1   9   1   0  0.79 0.19
  323 H    -3  -2  -2  -4  -4  -2  -3  -4   7  -3  -2  -3  -2   1  -4  -3  -3   0   7  -3    0   1   0   0   0   1   0   0  35   0   2   0   0   0   0   0   0   0  58   0  1.38 0.28
  324 I    -2  -4  -4  -4  -2  -4  -4  -5  -4   6   2  -2   0  -1  -4  -3  -2  -3  -2   2    0   0   0   0   0   0   0   0   0  72  19   2   0   0   0   0   0   0   0   4  0.77 0.20
  325 Q    -1   0  -1  -1  -3   5   2  -3  -1  -1   0   2  -1  -3  -2  -1  -2  -3  -2   0    2   0   0   0   0  48  16   0   0   2   9  12   0   0   0   0   0   0   0  10  0.51 0.17
  326 R    -2   1   1   4  -4   1   3  -2  -1  -4  -4   3  -3  -4  -2  -1  -1  -4  -3  -3    1   4   3  35   0   2  28   0   0   0   0  23   0   0   0   0   1   0   0   0  0.64 0.15
  327 L    -2   1   3  -1  -4   3   0  -3   2  -3  -2   0  -2  -2  -3  -2  -2   8   0  -3    1   7  18   2   0  22   4   0   6   0   4   3   0   0   0   0   1  31   0   0  0.83 0.18
  328 C    -2  -5  -4  -5  11  -4  -5  -4  -5  -3  -3  -5  -3  -4  -4  -3  -2  -4  -4  -2    0   0   0   0  96   0   0   0   0   0   0   0   0   0   0   0   0   0   0   0  2.59 0.36
  329 G    -1  -3   3  -2  -4  -2  -2   6  -2  -5  -5  -2  -4  -4  -3  -1  -1  -4  -4  -4    0   1  19   0   0   0   1  76   0   0   0   0   0   0   0   0   2   0   0   0  1.16 0.22
  330 C    -2  -5  -5  -5  11  -5  -6  -4  -5  -3  -2  -5  -3  -4  -5  -2  -3  -4  -4  -3    0   0   0   0  97   0   0   0   0   0   2   0   0   0   0   1   0   0   0   0  2.67 0.39
  331 L    -2   2  -4  -4  -3  -2  -3  -4  -3   1   4  -2   1   0  -4  -3  -2  -3  -2   0    0  18   0   0   0   0   0   0   0   3  72   1   0   3   0   0   1   0   0   2  0.59 0.17
  332 P    -2  -2  -3  -3  -4  -2  -3  -4  -3  -3  -3  -2   4  -4   8  -1  -2  -5  -4  -3    0   2   0   0   0   0   0   0   0   0   0   0  19   0  75   5   0   0   0   0  1.79 0.28
  333 F    -3  -4  -4  -5  -3  -4  -4  -5  -3  -1  -1  -3  -1   8  -5  -4  -3  -1   1   2    0   0   0   0   0   0   0   0   0   0   0   2   0  78   0   0   0   0   0  19  1.24 0.26
  334 L    -2  -3  -3  -4  -2  -2  -3  -4   4   3   3  -3   2  -1  -4  -2  -1  -3  -1   1    0   0   0   0   0   0   0   0  19  32  38   0   7   0   0   2   1   0   0   1  0.48 0.15
  335 L    -3  -3  -4  -5  -3  -3  -4  -5  -4   0   5  -4   5   0  -4  -4  -2  -3  -2   0    0   0   0   0   0   0   0   0   0   0  81   0  19   1   0   0   0   0   0   0  0.93 0.22
  336 P    -2  -3  -4  -3  -5  -3  -3  -4  -4  -5  -5  -3  -4  -5   9  -2  -3  -6  -5  -4    0   1   0   0   0   0   0   0   0   0   0   0   0   0  99   0   0   0   0   0  2.63 0.34
  337 G    -1  -4  -2  -3  -4  -3  -3   7  -3  -5  -5  -3  -4  -4  -3  -2  -3  -4  -4  -4    0   0   0   0   0   0   0  96   0   0   0   0   0   0   0   0   0   0   0   1  1.59 0.25
  338 N    -2  -2   7   2  -3  -1  -1  -1   0  -2  -4  -1  -3  -2  -3   0   1  -4  -2  -2    0   0  70   9   0   0   0   1   1   2   0   1   0   1   0   2   7   0   1   2  0.90 0.21
  339 G     1  -3  -1  -2  -3  -2  -2   6  -3  -4  -3  -2  -3  -4  -3   0  -2  -3  -4  -3   13   0   0   0   0   0   1  72   0   0   1   2   0   0   0   7   1   0   0   0  0.96 0.18
  340 V    -1  -1  -1  -2  -2  -1  -2  -3  -3   2  -1   0   0  -2   2   0   4  -3  -2   1    2   2   2   0   0   1   1   0   0  20   3   5   1   0  10   2  42   0   0   8  0.32 0.12
  341 E    -2  -1  -2   0  -4   0   6  -3   0  -3  -3  -1  -2  -3  -2  -1  -2  -3   2   0    0   0   0   0   0   0  75   0   1   0   1   0   0   0   0   0   0   0   8  11  0.85 0.22
  342 C    -2  -5  -4  -5  11  -4  -5  -4  -4  -3  -3  -4  -3  -4  -4  -2  -2  -4  -4  -2    0   0   0   0  95   0   0   0   0   0   0   0   0   0   0   0   0   0   0   0  2.57 0.37
  343 D    -2  -2   0   6  -4  -1   1  -2  -2  -3  -4  -1  -3  -4  -2  -1   2  -5  -4  -3    1   0   2  69   0   0   4   1   0   0   0   1   0   0   0   0  19   0   0   0  0.99 0.21
  344 L    -2  -3  -4  -4  -2  -3  -3  -4  -3   1   4  -3   1  -1   4  -3  -2  -3  -2   0    0   0   0   0   0   0   0   0   0   5  67   0   1   1  22   0   0   0   0   1  0.69 0.17
  345 L    -2  -1  -2  -1  -3   4   3  -3   0  -1   2  -1   0  -1  -2  -2  -1  -3  -2  -1    0   1   0   1   0  28  25   1   3   0  34   0   2   1   1   0   1   0   0   1  0.35 0.13
  346 E    -2   2  -1  -2  -4   3   0  -3  -1  -3  -2   6  -2  -4  -2  -1  -1  -4  -3  -3    0   4   0   0   0  19   2   0   0   0   3  66   0   0   0   0   2   0   0   0  0.77 0.20
  347 Y    -3  -3  -3  -4  -3  -3  -3  -4   1  -2  -1  -3  -1   6  -4  -2  -3   0   6  -2    0   0   0   0   0   0   0   0   2   0   3   0   0  51   0   2   0   0  36   0  1.10 0.22
  348 Y    -3  -1  -3  -4  -4  -2  -2  -4   1  -3  -2   2  -2   2  -4  -3  -3   0   8  -3    0   2   0   0   0   0   0   0   2   0   1  19   0   2   0   0   0   0  71   0  1.20 0.25
  349 N    -2  -1   6   2  -3   0   2  -2  -1  -2  -3   2  -2  -4  -2   0   0  -4  -3  -3    1   1  52   7   0   0  13   0   0   2   0  13   1   0   0   4   3   0   0   0  0.61 0.16
  350 C    -2  -5  -4  -5  11  -4  -5  -4  -4  -2  -2  -4  -3  -4  -4  -2  -2  -4  -4  -2    0   0   0   0  93   0   0   0   0   1   1   0   0   0   0   0   0   0   0   0  2.47 0.36
  351 V     2  -3  -3  -4  -2  -3  -3  -3  -4   1   0  -3  -1  -2  -3  -1  -1  -4  -2   5   22   0   0   0   0   0   0   0   0   1   1   0   0   0   0   1   0   0   0  71  0.61 0.19
  352 S    -1  -2  -1   3  -3  -2  -1  -2   0  -2  -3  -2  -2   0  -2   3  -1  -1   6  -3    0   0   0  19   0   0   0   0   0   1   0   0   0   0   1  35   1   0  40   0  0.62 0.19
  353 P    -2  -3  -2  -3  -4  -3  -2  -3  -3  -4  -4  -2  -4  -3   8  -2  -2  -5  -4  -4    0   1   1   0   0   0   2   0   0   0   0   0   0   1  91   0   0   0   0   0  2.29 0.30
  354 I     4  -2  -2  -3  -1  -2  -2  -1  -3   2  -1  -2   0  -2  -2   0   1  -3  -2   1   61   0   0   0   0   0   1   0   0  16   2   0   2   1   0   1   9   0   0   6  0.42 0.15
  355 L    -2  -3  -4  -4  -2  -3  -3  -4  -4   2   4  -3   1   0  -3  -2  -1  -3  -2   3    0   0   0   0   0   0   0   0   0   8  60   0   0   1   0   3   1   0   0  25  0.53 0.14
  356 D    -3  -3  -1   5  -4  -2   0  -2   2  -4  -4  -2  -3   0  -3  -2  -3  -1   6  -3    0   0   0  49   0   0   2   2   4   0   0   0   0   1   0   0   0   0  41   0  0.98 0.23
  357 H    -2  -1   1   3  -4  -1   0  -3   5  -3  -2   0  -2   3  -3  -1  -1  -2   3  -3    0   2   6  26   0   1   5   0  19   0   3   4   0  19   0   0   2   0  12   0  0.42 0.13
  358 I    -2  -4  -4  -4  -2  -4  -4  -5  -4   6   2  -4   1  -1  -4  -3   0  -3  -2   1    0   0   0   0   0   0   0   0   0  72  19   0   1   0   0   0   4   0   0   2  0.77 0.20
  359 E    -2  -2  -2   1  -4   0   6  -3  -2  -2  -2   0  -2  -4  -2  -1  -2  -4  -3   1    0   0   0   4   0   1  73   0   0   0   1   1   0   0   0   0   0   0   0  18  0.82 0.22
  360 R    -1  -1  -2  -1  -2  -1   1  -3  -2   2   1   1   1   0  -2  -2  -1  -3  -1   2    1   2   0   1   0   0  17   0   0  23  18  12   3   4   0   0   1   0   0  15  0.15 0.07
  361 K    -2   1  -1  -2  -4   1   1  -2  -2  -3  -2   6   2  -4  -2  -1  -2  -4  -3  -3    1   2   1   0   0   2   6   1   0   0   4  73   7   0   0   2   0   0   0   0  0.72 0.20
  362 G    -1  -2  -1   3  -4  -2   1   5  -2  -4  -4  -2  -4  -4  -3  -1  -2  -4  -4  -4    1   1   0  21   0   0  12  63   0   0   0   0   0   0   0   0   0   0   0   0  0.90 0.18
  363 L    -2  -2  -3  -3  -2  -2  -2  -3  -3   1   5  -2   1   0  -2  -2  -1  -2  -1   0    2   1   1   1   0   2   1   2   0   2  76   1   0   2   1   3   1   0   1   2  0.49 0.12
  364 C    -1  -3  -3  -3  10  -3  -3  -3  -3  -2  -2  -3  -2  -3  -3  -2  -2  -2  -2  -2    2   1   1   1  78   1   1   2   0   1   2   1   0   1   1   2   1   0   2   1  1.67 0.23
  365 T    -1  -1  -1  -1  -2  -1  -1  -2  -2  -1  -2   0  -1  -2  -1   2   5  -2  -2  -1    2   1   1   1   0   1   1   2   0   1   2   6   0   1   1  11  65   0   1   1  0.55 0.14
  366 M     1  -2  -2  -2  -1  -1  -2  -2  -2   1   0  -2   4  -1  -2  -1  -1  -2  -1   3   10   1   1   1   0   1   1   3   0   4   4   2  23   1   1   2   1   0   1  41  0.27 0.10
  367 G    -1  -2  -1  -2  -3  -2  -2   6  -2  -3  -3  -2  -3  -3  -2  -1  -2  -2  -3  -3    2   2   1   1   0   1   1  79   0   1   2   1   0   1   1   2   1   0   1   1  1.01 0.15
  368 T     0  -2   2  -2  -2  -1  -2  -2  -2  -2  -2  -1  -1  -3  -1   1   5  -4  -3  -1    4   1  13   0   0   0   0   0   0   1   0   3   1   0   1   6  67   0   0   0  0.65 0.19
  369 H    -3  -2   0   1  -4  -1   0  -3   9  -4  -3  -1  -3  -2  -3  -2  -2  -3   3  -4    0   0   2  11   0   0   3   0  69   0   1   2   0   0   0   1   1   0  10   1  1.28 0.26
  370 N    -3  -1   7   0  -4  -1  -2  -2   0  -4  -4  -2  -3   0  -3   0  -1  -3   3  -4    0   1  74   0   0   0   0   0   0   0   0   0   0   3   0   4   0   0  16   0  1.05 0.24
  371 S     0  -2  -1  -2   6  -2  -2  -2  -2  -3  -3  -2  -3  -1  -2   5   0  -4  -3  -3    1   0   0   0  19   0   0   0   0   0   0   0   0   3   0  73   1   0   0   0  0.83 0.23
  372 S     0  -2   1  -1  -2  -1  -2  -2  -2  -1  -2  -2  -2  -3  -2   3   5  -4  -2   1    1   0   4   1   0   0   0   0   0   1   0   0   0   0   0  29  47   0   0  14  0.50 0.17
  373 C    -2  -5  -4  -5  11  -5  -5  -4  -5  -3  -3  -5  -3  -4  -4  -3  -3  -4  -4  -2    0   0   0   0  97   0   0   0   0   0   0   0   0   0   0   0   0   0   0   0  2.63 0.38
  374 P    -2  -1  -3  -1  -4   0   1  -3  -3  -4  -4  -2  -3  -5   8  -2  -2  -5  -4  -4    0   3   0   3   0   3  11   0   0   0   1   0   0   0  78   0   0   0   0   0  1.79 0.26
  375 V     2  -3  -3  -3  -2  -2  -2  -2  -3   1  -1  -2   1  -2  -2  -1   2  -3  -2   4   24   0   0   0   0   0   0   0   0   2   0   0   3   0   1   0  20   0   0  49  0.39 0.15
  376 S     0  -3  -3  -3  -4  -2  -2  -3  -3  -4  -4  -2  -4  -5   8   1  -2  -5  -4  -3    5   0   0   0   0   1   0   0   0   0   0   0   0   0  81  11   0   0   0   0  1.91 0.27
  377 C    -2  -2  -4  -5  11  -4  -5  -4  -4  -3  -3  -4  -3  -4  -4  -2  -2  -4  -4  -2    0   4   0   0  94   0   0   0   0   0   0   0   0   0   0   0   0   0   0   0  2.44 0.36
  378 E    -2  -1   3   1  -5   1   6  -3  -1  -4  -4   0  -3  -4  -2  -1  -2  -4  -3  -4    0   0  16   2   0   1  77   0   0   0   0   1   0   0   0   1   0   0   0   0  1.04 0.23
  379 E    -2  -1  -2   0  -4   1   6  -3  -2  -3  -2  -1   4  -3  -2  -1  -2  -4  -3  -2    0   0   0   2   0   1  75   0   0   0   0   0  16   0   0   0   1   0   0   3  0.92 0.23
  380 T    -1  -3  -1  -2  -2  -2  -2  -3  -3   0  -2  -2  -1  -3  -2   0   7  -4  -3  -1    0   0   0   0   0   0   0   0   0   5   0   0   1   0   0   0  90   0   0   2  1.07 0.27
  381 E    -2   3   0   5  -4   0   3  -2   0  -4  -4   1  -3  -4  -2  -1  -1  -4  -3  -4    1  19   1  40   0   0  27   2   2   0   0   4   0   0   0   1   1   0   0   0  0.65 0.15
  382 Y    -4  -3  -4  -5  -4  -3  -4  -5   0  -3  -3  -4  -3   2  -5  -3  -3   1   9  -3    0   0   0   0   0   0   0   0   0   0   0   0   0   4   0   0   0   0  96   0  2.01 0.36
  383 P    -1  -3  -2  -3  -4  -2  -3   2  -3  -4  -4  -2  -4  -3   8  -1  -2  -5  -4  -4    1   0   1   0   0   0   0  18   0   0   0   0   0   1  76   2   0   0   0   0  1.81 0.27
  384 A     3  -1  -1  -2  -2  -1  -1  -2  -3  -2  -2   2  -2  -3  -2   0   4  -4  -3  -1   33   0   0   0   0   0   0   0   0   1   0  19   0   0   0   0  46   0   0   1  0.51 0.18
  385 T     0  -1  -1  -2  -2  -1   2  -3  -2  -2  -3  -1  -2  -3  -2   0   6  -4  -3  -1    5   1   0   0   0   0  19   0   0   0   0   0   0   0   0   2  69   0   0   2  0.72 0.22
  386 V    -2  -4  -4  -4  -2  -3  -4  -4  -4   4   2  -3   1  -1  -4  -3  -1  -3  -2   4    0   0   0   0   0   0   0   0   0  33  22   0   1   0   0   0   0   0   0  44  0.61 0.15
  387 S     0  -2  -1  -2  -2  -1  -2  -2  -2  -3  -3  -2  -2  -4  -2   5   4  -4  -3  -2    0   0   0   0   0   0   0   0   0   0   0   0   0   0   0  62  38   0   0   0  0.83 0.24
  388 Y    -3  -3  -4  -5  -4  -3  -4  -5   0  -2  -2  -3   4   1  -5  -3  -3   0   8  -2    0   0   0   0   0   0   0   0   0   0   0   0  18   1   0   0   0   0  81   0  1.61 0.32
  389 S     0  -2  -1  -2  -2  -2  -2  -2  -2  -2  -3  -2  -2  -3  -2   5   0  -4  -3   2    2   0   0   0   0   0   0   0   0   0   0   0   0   0   0  78   1   0   0  19  0.74 0.24
  390 T    -1  -1   2  -1  -2  -1  -1  -2  -2  -2  -3   2  -2  -3  -2   3   4  -4  -3  -2    0   1  11   0   0   0   0   0   0   1   0  20   0   0   0  27  40   0   0   0  0.50 0.17
  391 F    -3  -4  -5  -5  -4  -5  -5  -5  -3   3   0  -4  -1   8  -5  -4  -3  -1   1  -1    0   0   0   0   0   0   0   0   0  19   1   0   0  80   0   0   0   0   0   0  1.31 0.26
  392 P     0  -3  -2  -3  -4  -3  -2   4  -3  -4  -3  -2  -3  -4   7  -1  -2  -4  -4  -3    9   0   0   0   0   0   1  32   0   0   2   0   0   0  55   0   0   0   0   1  1.27 0.21
  393 S     0  -1   0  -2  -3  -2  -2   4  -2  -4  -4  -2  -3  -4  -2   5   0  -4  -3  -3    0   2   1   0   0   0   0  36   0   0   0   0   0   0   0  62   0   0   0   0  0.79 0.21
  394 Q    -2   0   0   1  -4   4   4  -2   1  -4  -3   3  -2  -4  -2  -1  -2  -4  -3  -3    0   1   2   4   0  25  40   2   3   0   2  21   0   0   0   0   0   0   0   0  0.63 0.16
  395 R     1   2   2  -2  -3   1   0  -2  -2  -3  -3   5  -2  -4  -2   0  -1  -4  -3  -3   19   8  10   0   0   2   1   0   0   0   0  57   0   0   0   1   2   0   0   0  0.56 0.17
  396 A     5  -2  -2  -2  -2  -2  -2   0  -3  -3  -3  -2  -2  -3  -1   2  -1  -4  -3  -1   73   0   0   0   0   0   0   5   0   0   0   0   0   0   1  20   1   0   0   1  0.70 0.20
  397 T     2  -3  -3  -4  -2  -3  -3  -3  -3   3   3  -3   2  -1  -3  -2  -1  -3  -2   1   25   0   0   0   0   0   0   0   0  31  37   0   4   0   0   0   2   0   0   1  0.37 0.13
  398 R    -2   2  -1  -1  -4   1   1  -3  -1  -4  -4   6  -3  -4  -2  -1  -2  -4  -3  -4    0   5   1   3   0   3   4   0   1   0   0  84   0   0   0   0   0   0   0   0  1.00 0.24
  399 F    -3  -3  -3  -4  -3  -3  -3  -4   4  -2  -2  -3  -2   4  -4  -3  -3   0   8  -3    0   0   0   0   0   0   0   0  10   0   2   0   0  20   0   1   0   0  67   0  1.37 0.27
  400 L    -3  -3  -4  -5  -3  -3  -4  -5  -3   1   4  -4   1   4  -4  -3  -2  -1   1   0    0   0   0   0   0   0   0   0   0   6  63   0   0  28   0   0   0   0   3   0  0.71 0.17
  401 A     3  -2  -1  -2  -2  -1  -1  -1  -2  -3  -4  -2  -3  -4  -2   5   0  -4  -3  -3   22   0   0   0   0   0   0   0   0   0   0   0   0   0   0  77   1   0   0   0  0.84 0.24
  402 K     2   1  -1  -1  -3   0   0  -2  -2  -3  -3   4  -1  -4  -2   0   2  -4  -3  -2   19   5   1   1   0   1   4   0   0   0   0  42   1   0   0   2  23   0   0   0  0.40 0.14
  403 K    -2   1  -1  -2  -5   0   0  -3  -2  -4  -4   7  -3  -5  -2  -2  -2  -5  -3  -4    0   1   2   0   0   1   0   0   0   0   0  96   0   0   0   0   0   0   0   0  1.25 0.29
  404 L    -3  -3  -4  -5  -3  -3  -4  -5  -3   0   5  -4   1   3  -4  -3  -2  -2   2   0    0   0   0   0   0   0   0   0   0   0  75   0   1  15   0   0   0   0   8   0  0.73 0.18
  405 N    -2   1   6  -1  -4   1  -1  -2  -1  -4  -4   4  -3  -4  -3   0  -1  -4  -3  -4    0   3  51   0   0   4   0   0   0   0   0  37   0   0   0   3   0   0   0   0  0.82 0.21
  406 Q    -2   2  -1  -2  -4   4   0  -3  -1  -4  -4   6  -2  -4  -2  -1  -2  -4  -2  -3    0   5   0   0   0  21   0   0   1   0   0  72   0   0   0   0   0   0   1   0  0.94 0.23
  407 S     0  -1   0  -1  -2  -1  -1  -2  -2  -3  -3  -1  -3  -4  -2   5   3  -4  -3  -3    0   1   3   1   0   0   0   0   0   0   0   1   0   0   0  76  17   0   0   0  0.80 0.23
  408 Q    -1  -1  -2  -1  -4   4   3  -3  -2  -3  -3   1  -2  -4   5   0  -1  -2  -3  -3    4   1   0   0   0  24  21   0   0   2   0   5   0   0  33   7   2   0   0   0  0.72 0.15
  409 E    -1  -1  -1   2  -4   4   5  -3  -1  -4  -3   1  -2  -4  -2  -1  -1  -4  -3  -3    2   0   1   8   0  24  52   1   0   0   1   7   0   0   0   2   2   0   0   0  0.73 0.18
  410 Y    -3  -3  -4  -5  -4  -3  -4  -5   1  -3  -3  -4  -3   2  -5  -3  -3   1   9  -3    0   0   0   0   0   0   0   0   1   0   0   0   0   0   0   0   0   0  98   0  2.03 0.36
  411 I    -2  -4  -5  -4  -2  -4  -4  -5  -4   7   1  -4   1  -1  -4  -4  -2  -4  -3   2    2   0   0   0   0   0   0   0   0  91   2   0   3   0   0   0   0   0   0   2  1.04 0.25
  412 R     1   2   0  -1  -2   0   0   2  -1  -2  -2   2  -1  -2  -1   1   1  -2  -2  -1   15  15   1   1   0   1   1  15   0   1   1  15   0   1   1  15  15   0   0   1  0.20 0.05
  413 E    -2   1   2   3  -4   2   3  -2   2  -3  -3   1  -2   0  -2  -1   0  -3  -2  -3    0   5  13  17   0   9  28   0   5   0   0   9   0   5   0   0   5   0   0   0  0.36 0.14
  414 N    -2  -2   7   0  -4  -1  -2   1  -1  -5  -5  -2  -4  -4   1   1  -1  -5  -4  -4    0   0  72   0   0   0   0   9   0   0   0   0   0   0   7  12   0   0   0   0  1.04 0.25
  415 L    -2  -2  -3  -3  -2  -2   0  -4  -3   2   3  -1   1   1  -3  -1  -1  -3  -2   2    0   0   0   0   0   0   7   0   0  19  47   5   0   4   0   7   0   0   0  11  0.30 0.11
  416 V    -2  -3  -4  -4  -2  -3  -3  -4  -4   2   3  -3   3  -1  -3  -2   0  -3  -2   4    0   0   0   0   0   0   0   0   0   7  35   0   9   0   0   0   7   0   0  42  0.49 0.15
  417 N    -1   1   1  -2   0   1  -1  -2   1   0  -1   1  -1  -1  -2   0   1  -2   3   2    0   7   9   0   2   8   0   1   3   1   1   8   0   0   0   9  14   0  14  22  0.13 0.09
  418 I    -2  -4  -5  -5  -2  -4  -4  -5  -4   6   3  -4   2  -1  -4  -4  -2  -3  -2   1    0   0   0   0   0   0   0   0   0  66  30   0   5   0   0   0   0   0   0   0  0.81 0.21
  419 E    -2  -1   2   5  -4   1   2  -1  -1  -4  -4   1  -3  -4  -2  -1   0  -4  -3  -4    0   0  12  46   0   7  16   3   0   0   0   9   0   0   0   0   7   0   0   0  0.67 0.16
  420 I    -1  -3  -3  -3  -2  -3  -3  -4  -4   5   0  -3   0  -1  -3   1  -1  -4  -2   2    0   0   0   0   0   0   0   0   0  69   0   0   0   0   0  19   0   0   0  11  0.56 0.18
  421 N    -1   0   2   1  -3   0   0  -2  -1  -2  -1   3  -1   2  -2   1  -1  -3  -1  -2    4   1  14  10   0   0   0   0   0   0   9  35   0  14   0  11   1   0   0   0  0.21 0.10
  422 Y    -2   1  -2  -3  -3  -2  -2  -3   1  -1   0  -2  -1   4  -3  -2  -2   1   6  -2    1  11   0   1   0   0   1   1   1   1  10   1   0  23   1   1   1   0  47   1  0.66 0.14
  423 S    -1   0   1   0  -3   0   2  -2   6  -2  -1   0  -1  -2  -2   1  -1  -3   0  -2    1   3   4   2   0   3  16   1  40   1  10   3   0   0   1  14   1   0   0   1  0.43 0.12
  424 D     1  -2   2   4  -3  -1   1   1  -1  -3  -3  -1  -2  -3  -2   0   1  -3  -3  -2   14   1  11  41   0   0   6  11   0   1   1   1   0   0   1   1  10   0   0   1  0.41 0.09
  425 L    -2  -3  -3  -4  -2  -2  -3  -4  -3   1   5  -3   2   0  -3  -3  -2  -2  -2   0    1   1   0   1   0   0   1   1   0   1  87   1   4   0   1   1   1   0   0   1  0.66 0.16
  426 N    -1  -1   5   0  -2   0   1  -1  -1  -2  -2  -1   2  -3  -2   2   1  -3  -2  -2    1   2  45   1   0   0  10   1   0   1   1   1   9   0   1  15  11   0   1   1  0.42 0.12
  427 Y    -2  -1  -2  -2  -3  -1  -2  -3   0  -2  -1   1  -1   3  -2  -1  -2   1   7  -2    2   1   1   1   0   1   1   1   0   1   2  11   0  10   1   3   1   0  60   1  0.73 0.15
  428 K    -1   1   2   0  -3   1   3  -2  -1  -3  -3   3  -2  -3   2  -1  -1  -3  -2  -3    1   3  10   1   0   2  28   1   0   1   1  36   1   0  11   1   1   0   0   1  0.44 0.10
  429 I    -1  -2  -2   1  -2  -1  -1  -3  -2   3   2   0   2  -1  -2  -1   1  -2  -2   1    1   1   0  11   0   0   1   1   0  30  21   7  10   0   1   1  10   0   0   4  0.15 0.07
  430 T    -1  -2  -1  -2  -2  -1  -2  -2  -2   1   0  -1   0  -2  -2   1   4  -3  -2   0    1   1   0   1   0   0   1   1   0  15  10   1   2   0   1  11  55   0   0   1  0.37 0.13
  431 Q    -1   1  -1  -1  -3   4   2  -2  -1  -2   0   2  -1   1  -2  -1  -1  -2  -1  -2    1   4   0   1   0  40  14   1   0   1  11  13   0   9   1   1   2   0   0   1  0.35 0.11
  432 Q    -2   0  -1   2  -3   6   1  -2  -1  -3  -2   0   2  -3   2  -1  -1  -3  -2  -2    1   1   0  11   0  60   2   1   0   1   1   1   9   0  11   1   1   0   0   1  0.65 0.17
  433 Q    -1   0  -1   1   3   5   1  -2   0  -3  -3   3  -2  -3  -2  -1  -1  -3  -2  -3    1   1   0  11   9  47   1   1   1   1   1  23   0   0   1   1   1   0   0   1  0.53 0.14
  434 K    -1   1  -1  -2  -3   0   0  -2  -2  -2  -2   5  -2  -3  -2  -1   1  -3  -2   0    1   1   0   1   0   0   1   1   0   1   1  71   0   0   1   1  11   0   0  10  0.55 0.16
  435 A     4  -2  -2  -2   4  -1  -2  -1  -2  -1   0  -1  -1  -2  -2   0   1  -3  -2  -1   60   1   0   1  10   0   1   1   0   1  10   2   0   0   1   1  10   0   0   1  0.37 0.12
  436 V    -2  -2  -3  -3  -2  -2  -3  -3  -2   1   3  -2   1   2  -3  -2  -1   5   3   1    1   2   0   1   0   0   1   1   0   1  39   1   2  11   1   1   1   9  14  15  0.35 0.09
  437 S    -1  -1   1  -1  -2   0   1  -1  -1  -2  -2  -1  -2   1   3   2   2  -2  -1  -2    1   1   9   1   0   0  14   2   0   1   1   1   0   9  15  22  22   0   0   1  0.29 0.08
  438 V    -1  -3  -3  -3  -2  -3  -3  -3  -3   3   1  -3   2   2  -3  -1   0  -2  -1   3    3   0   0   0   0   0   0   0   0  29   5   0   8  13   0   7   3   0   0  33  0.30 0.09
  439 P     1  -2  -1  -1  -2  -1  -1   1   2  -3  -3  -1  -2  -3   4   3   1  -3  -1  -2   10   0   0   0   0   0   0  13   6   0   0   0   0   0  19  41   8   0   3   0  0.45 0.10
  440 E     0  -1  -1   2  -3   0   4   0  -1  -3  -3  -1  -2   1   2   1  -1  -3  -1  -3    5   0   0   9   0   0  45   8   0   0   0   0   0  12  10  12   0   0   0   0  0.39 0.10
  441 L    -2  -3  -4  -4  -2  -3  -3  -4  -4   3   4  -3   1   0  -3  -2   1  -3  -2   1    0   0   0   0   0   0   0   0   0  23  67   0   0   0   0   0  10   0   0   0  0.54 0.13
  442 L    -2  -3  -3  -4  -2  -3  -3  -4  -3   1   4  -3   1   2   2  -2   1  -2  -1   0    0   0   0   0   0   0   0   0   0   8  61   0   0   8  12   0  12   0   0   0  0.42 0.11
  443 A     4  -2  -1  -1  -1  -1  -1   2  -2  -2  -2  -1  -2  -3  -2   2  -1  -3  -3  -1   64   0   0   4   0   0   0  15   0   0   0   0   0   0   0  13   0   0   0   3  0.45 0.12
  444 D    -2  -2   2   6  -4  -1   2  -2   2  -4  -4  -1  -3  -4  -2  -1  -2  -4  -3  -4    0   0   8  75   0   0   8   0   6   0   0   0   0   0   0   0   0   0   0   0  0.97 0.15
  445 V    -1  -3  -3  -3  -1  -3  -3  -4  -3   3   2  -3   1  -1  -3  -2  -1  -3  -2   4    1   0   0   0   0   0   0   0   0  20  16   0   0   0   0   0   0   0   0  59  0.43 0.09
  446 G     0  -3  -1  -2  -3  -2  -3   6  -3  -4  -4  -2  -3  -4  -3  -1  -2  -3  -4  -4    0   0   0   0   0   0   0 100   0   0   0   0   0   0   0   0   0   0   0   0  1.22 0.07
  447 G     0  -3  -1  -2  -3  -2  -3   6  -3   0  -2  -2  -2  -3  -3  -1  -2  -3  -3  -1    0   0   0   0   0   0   0  84   0  16   0   0   0   0   0   0   0   0   0   0  0.84 0.06
  448 Q    -1   1  -1  -1  -3   6   1  -2   0  -3  -1   1  -1  -3  -2  -1  -1  -3  -2  -2    0   2   0   0   0  92   0   0   0   0   6   0   0   0   0   0   0   0   0   0  0.78 0.09
  449 L    -2  -3  -3  -4   4  -2  -3  -4  -3   1   4  -3   3   0  -3  -2  -1  -2  -2   0    0   0   0   0  16   0   0   0   0   0  69   0  13   0   0   0   0   0   0   0  0.45 0.05
  450 G     0  -3  -1  -1  -3  -2  -2   6  -2  -4  -4  -2  -3  -4   3  -1  -2  -3  -4  -4    0   0   0   2   0   0   0  81   0   0   0   0   0   0  16   0   0   0   0   0  0.99 0.06
  451 L    -2  -3  -4  -4  -2  -3  -3  -4  -3   1   5  -3   2   0  -3  -3  -2  -2  -1   1    0   0   0   0   0   0   0   0   0   0 100   0   0   0   0   0   0   0   0   0  0.60 0.06
  452 F    -3  -3  -4  -4  -3  -4  -4  -4  -2   0   1  -4   0   7  -4  -3  -2   0   2  -1    0   0   0   0   0   0   0   0   0   0  16   0   0  84   0   0   0   0   0   0  0.81 0.07
  453 C    -1  -3  -2  -3   9  -3  -3  -3  -3   1  -1  -3  -1  -3  -3   1  -1  -3  -3  -1    0   0   0   0  71   0   0   0   0  12   0   0   0   0   0  16   0   0   0   0  0.98 0.08
  454 G     0  -3  -1  -2  -3  -2  -3   6  -3  -4  -4  -2  -3  -4  -3  -1  -2  -3  -4  -4    0   0   0   0   0   0   0 100   0   0   0   0   0   0   0   0   0   0   0   0  1.22 0.07
  455 A     4  -2  -1  -2  -1  -1  -1   0  -2  -2  -2  -1  -1  -3  -1   1   2  -3  -2  -1   74   0   0   0   0   0   0   3   0   0   0   0   0   0   0   0  16   0   0   0  0.35 0.05
  456 S     1  -1   0   0  -2   0   2  -1  -1  -3  -3   0  -2  -3  -1   4   1  -3  -2  -2    0   0   0   0   0   0  16   0   0   0   0   0   0   0   0  84   0   0   0   0  0.52 0.07
  457 L    -1  -2  -2   1  -1  -1  -2  -3  -2   2   1  -2   5  -1  -3  -2  -1  -3  -2   2    0   0   0  16   1   0   0   0   0   6   8   0  44   0   0   0   0   0   0  24  0.25 0.05
  458 I    -2  -3  -4  -4  -2  -3  -4  -4  -4   5   2  -3   1   0  -3  -3  -1  -3  -2   2    0   0   0   0   0   0   0   0   0  85  13   0   0   0   0   0   0   0   0   2  0.51 0.06
  459 T     0  -2   0  -2  -1  -1  -1  -2  -2  -1  -2  -1  -1  -3  -2   1   6  -3  -2  -1    0   0   0   0   0   0   0   0   0   0   0   0   0   0   0   0 100   0   0   0  0.73 0.08
  460 I    -2  -3  -4  -4  -2  -3  -4  -4  -4   5   1  -3   1  -1  -3  -3  -1  -3  -2   3    0   0   0   0   0   0   0   0   0  82   2   0   0   0   0   0   0   0   0  16  0.53 0.06
  461 I    -2  -3  -4  -4  -2  -3  -4  -4  -4   5   2  -3   1   0  -3  -3  -1  -3  -2   2    0   0   0   0   0   0   0   0   0  81  17   0   1   0   0   0   0   0   0   1  0.51 0.05
  462 E    -1  -1  -1   1  -4   2   6  -3  -1  -4  -4   0  -3  -4  -2  -1  -1  -4  -3  -3    0   0   0   0   0   0 100   0   0   0   0   0   0   0   0   0   0   0   0   0  0.96 0.08
  463 I    -2  -3  -4  -4  -2  -3  -3  -4  -4   4   3  -3   1   0  -3  -3  -1  -3  -2   2    0   0   0   0   0   0   0   0   0  54  37   0   0   0   0   0   0   0   0   8  0.44 0.04
  464 I    -2  -3  -3  -4  -2  -3  -3  -4  -3   3   3  -3   2   3  -3  -2   0  -1   0   1    0   0   0   0   0   0   0   0   0  25  41   0   3  19   0   0   6   0   0   6  0.32 0.03
  465 E    -1  -1   0   3  -4   1   5  -2  -1  -4  -4   0  -3  -4  -2  -1  -1  -4  -3  -3    0   0   0  17   0   0  83   0   0   0   0   0   0   0   0   0   0   0   0   0  0.84 0.06
  466 Y    -2  -2  -3  -4   0  -2  -3  -4   1  -2  -2  -3  -2   3  -4  -2  -2   2   8  -2    0   0   0   0   3   0   0   0   0   0   0   0   0   5   0   0   0   0  92   0  1.14 0.09
  467 F    -1  -3  -4  -4  -1  -3  -3  -4  -3   4   2  -3   1   0  -3  -2  -1  -3  -1   3    5   0   0   0   0   0   0   0   0  56  22   0   1   1   0   0   0   0   0  14  0.37 0.03
  468 F    -2  -3  -3  -4  -3  -3  -3  -4  -1   0   1  -3   0   6  -4  -3  -2   1   4   0    1   0   0   0   0   0   0   0   0   3   7   0   0  67   0   0   0   0  17   5  0.69 0.05
  469 T     0  -1   0  -1  -2   0   2  -2  -2  -1  -2  -1  -1  -3  -2   1   5  -3  -2  -1    1   0   1   0   0   0  17   0   0   3   0   0   0   0   0   1  77   0   0   0  0.48 0.06
  470 N    -1  -1   6   0  -3  -1  -1   0   0  -2  -3   0  -2  -3  -2   0   0  -4  -2   0    0   0  68   0   0   0   0   3   1   0   0   6   0   0   0   5   1   0   1  16  0.50 0.06
  471 F    -2  -3  -3  -4   0  -4  -4  -4  -2   0   0  -4   0   7  -4  -2  -2   0   2  -1    0   0   0   0   2   0   0   0   0   2   4   0   0  86   0   3   0   0   0   2  0.86 0.08
  472 Y    -2  -1  -3  -3   7  -2  -3  -3   1  -2  -1   0  -2   2  -3  -2  -2   0   6  -2    0   2   0   0  33   0   0   0   2   0   2  10   0   5   0   0   0   0  46   0  0.71 0.08
  473 W    -3  -2  -3   1  -3  -2  -2  -3  -3  -4  -3  -1  -2   0  -4  -3  -3  11   1  -4    0   2   0  11   0   0   0   0   0   0   0   5   0   0   0   0   0  81   0   0  2.21 0.14
  474 V    -1  -1  -3  -3  -2  -1  -2  -3  -2   3   2   0   5   0  -3  -2  -1  -2  -2   1    3   1   0   0   0   0   0   0   0  26  12  11  42   1   0   0   0   0   0   4  0.31 0.06
  475 L    -1  -4  -3  -4   9  -4  -4  -2  -4  -1  -1  -4  -2  -1  -4  -2  -2  -3  -2   0    0   0   0   0  82   0   0   2   0   0   4   0   0   4   0   0   0   0   0   8  1.36 0.11
  476 I    -1  -3  -3  -4  -2  -3  -3  -1  -4   4   2  -3   1  -1  -3  -2  -1  -3  -2   2    5   0   0   0   0   0   0   5   0  65  15   0   0   0   0   0   1   0   0   9  0.38 0.06
  477 F    -2  -3  -3  -3  -2  -3  -3   0  -2   0   2  -3   0   6  -3  -2  -2   0   2   0    0   0   0   0   0   0   0   9   0   0  19   0   0  61   0   2   0   0   0   7  0.50 0.07
  478 F    -2  -3  -3  -4  -2  -3  -3  -2  -2   1   3  -3   1   4  -3  -3  -2   4   2   0    0   0   0   0   0   0   0   2   0   3  45   0   0  33   0   0   0   6   7   1  0.43 0.05
  479 L    -2  -2  -4  -4  -2  -3  -3  -4  -3   1   5  -3   2   2  -4  -3  -2  -2   0   0    0   2   0   0   0   0   0   0   0   3  79   0   3   9   0   0   0   0   2   0  0.61 0.12
  480 L    -2  -3  -4  -4  -2  -3  -4  -4  -3   2   5  -2   2   0  -4  -3  -1  -2   0   1    0   0   0   0   0   0   0   0   0   7  80   2   3   0   0   0   1   0   3   5  0.63 0.12
  481 K    -2   2  -1  -2  -4   0   0  -3  -2  -4  -4   7  -3  -4  -2  -1  -2  -4  -3  -4    0   4   0   0   0   0   0   0   0   0   0  96   0   0   0   0   0   0   0   0  1.12 0.20
  482 I     2   0  -2  -2  -2  -2  -2  -2  -2   3   0  -1   0  -1   0  -1   0  -3   0   1   32   9   2   1   0   0   0   1   0  35   4   0   0   0   3   0   3   0   4   4  0.15 0.07
  483 L    -1  -2  -2  -2  -3  -2  -2  -1  -3  -3  -2   1  -3  -4   7   0  -2  -4  -3  -2    1   1   0   0   0   0   0   4   0   1   6   9   0   0  70   6   0   0   0   2  1.42 0.15
  484 E    -1   1   0   2  -4   2   5  -2  -1  -3  -3   2  -2  -4  -2  -1  -1  -4  -3  -3    2   5   4   7   0   7  55   1   0   2   0  18   0   0   0   1   0   0   0   0  0.61 0.11
  485 T    -1   2  -3  -3  -2   0  -2  -2  -2   2   1  -1   7  -1  -3  -2  -1  -3  -2   1    3  17   0   0   0   4   0   2   0  11   4   0  52   0   0   0   2   0   0   5  0.47 0.13
  486 I    -1  -2  -2  -2   3   0  -2  -2  -2  -1  -2  -2   0  -3   6   1   1  -4  -3  -1    2   0   0   0   8   4   0   0   0   6   1   0   4   0  43  15  14   0   0   3  0.72 0.10
  487 Q    -2   1   2  -1  -4   6   1  -3   0  -4  -3   2  -2  -4   1  -1  -2  -3  -3  -3    0   3   9   1   0  66   3   0   1   0   1   8   0   0   6   0   0   0   0   0  0.77 0.16
  488 R    -2   3  -1  -3   1  -1  -2   1  -2  -3  -2  -1  -2  -1  -3   0  -2   9   0  -3    0  23   2   0   4   1   1  14   0   0   3   0   0   0   0   8   1  39   1   0  0.93 0.14
  489 T     1  -2   4   1   1  -1  -1  -1  -1  -1  -2  -1  -2  -3  -1   1   2  -4  -3  -1   14   0  35   8   3   0   0   0   0   6   0   0   0   0   2  11  19   0   0   1  0.32 0.08
  490 S    -1  -1   5   0  -3  -1  -1  -2   1  -2  -2  -1  -2  -2   4   1   1  -4  -2  -2    1   2  45   0   0   0   0   0   4   3   5   0   0   1  21   9   9   0   0   0  0.53 0.10
  491 P     0  -2   1  -1  -3  -1  -1  -2  -2  -3  -3  -1  -3  -4   7   1  -1  -4  -3  -2   10   0   8   3   0   2   3   0   0   0   1   0   0   0  59  11   1   0   0   3  1.11 0.11
  492 P     0  -1   0   1  -1  -1  -1  -2  -2   0  -2  -1  -2  -3   5   2   0  -4  -3  -1    6   2   5   7   1   0   0   0   0   8   2   0   0   0  31  33   2   0   0   2  0.50 0.08
  493 Q    -2   0  -1  -1  -4   7   1  -3  -1  -4  -3   2  -2  -4  -2  -1  -2  -3  -3  -3    0   0   0   0   0  87   3   0   0   0   0  10   0   0   0   0   0   0   0   0  1.11 0.17
  494 A     2  -2   0  -1  -1  -1  -1   3  -2  -2  -2  -1  -1  -3  -1   2   3  -3  -2  -1   20   0   0   0   0   0   0  24   0   0   0   0   0   0   0  23  30   0   0   3  0.31 0.02
  495 V     0  -3  -3  -3  -1  -2  -3  -3  -3   3   1  -3   1  -1  -3  -2   0  -3  -1   4    0   0   0   0   0   0   0   0   0   0   0   0   0   0   0   0   0   0   0 100  0.38 0.01

                      K         Lambda
Standard Ungapped    0.1377     0.3220
Standard Gapped      0.0492     0.2670
PSI Ungapped         0.1607     0.3177
PSI Gapped           0.0492     0.2670
