
Last position-specific scoring matrix computed, weighted observed percentages rounded down, information per position, and relative weight of gapless real matches to pseudocounts
            A   R   N   D   C   Q   E   G   H   I   L   K   M   F   P   S   T   W   Y   V   A   R   N   D   C   Q   E   G   H   I   L   K   M   F   P   S   T   W   Y   V
    1 M    -3  -4  -5  -5  -4  -3  -4  -5  -4  -1   0  -4  10  -2  -5  -4  -3  -4  -3  -1    0   0   0   0   0   0   0   0   0   0   0   0 100   0   0   0   0   0   0   0  2.29 0.56
    2 R    -3   8  -2  -4  -5  -1  -2  -4  -2  -5  -4   0  -3  -5  -1  -3  -3  -5  -4  -5    0  97   0   0   0   0   0   0   0   0   0   0   0   0   3   0   0   0   0   0  1.80 0.43
    3 N    -1   4   4  -1  -3  -1  -1  -1   2  -4  -4  -1  -3  -4  -3   4  -1  -4  -3  -4    0  25  29   0   0   0   0   2   5   0   0   0   0   0   0  38   1   0   0   0  0.67 0.25
    4 W     0  -4  -5  -5  -1  -2  -4  -4  -4  -1   4  -4  -1   1  -2  -3  -3   9  -1  -1    7   0   0   0   1   1   0   0   0   1  44   0   0   5   2   0   0  34   0   3  1.14 0.32
    5 L     3  -3  -3  -3  -2  -2  -2  -1  -3  -1   3  -2   0  -2  -2  -1   0  -3  -2  -1   41   0   0   0   0   0   1   3   0   0  44   0   0   0   0   3   3   0   0   1  0.42 0.21
    6 V     0  -3  -3  -4  -2  -3  -3  -3  -3   1   4  -3   0  -1  -3  -2   0   0  -2   3    6   0   0   0   0   0   0   2   0   0  45   0   0   2   0   1   7   2   0  32  0.45 0.21
    7 L     0  -3  -4  -4   0  -3  -3  -3  -3   2   4  -3   0   2  -3  -2  -1  -2  -1   1   11   0   0   0   2   0   0   1   0  17  52   0   0   9   0   1   2   0   0   3  0.45 0.19
    8 L     0  -3  -4  -4  -2  -3  -3  -4  -4   1   5  -3   1  -1   0  -3  -2  -3  -2   2    7   0   0   0   0   0   0   1   0   2  68   0   2   0   4   1   0   0   0  12  0.64 0.25
    9 C    -2  -4  -4  -4   8  -4  -4  -2  -4   1   3  -4  -1   0  -1  -3  -2  -3  -3  -1    1   0   0   0  42   0   0   3   0   8  34   0   0   4   3   1   0   0   0   2  0.93 0.29
   10 P    -1  -4  -3  -3  -4  -3  -3  -3  -4  -4  -4  -3  -4   1   8   0  -3  -4  -3  -4    3   0   0   0   0   0   0   1   0   0   1   0   0   7  78   6   0   0   0   1  1.94 0.43
   11 C    -2  -1  -4  -5  10  -4  -5  -4  -4  -3  -3  -4  -3  -4  -4  -3  -3  -4  -4   0    2   4   0   0  81   0   0   1   0   0   1   0   0   0   0   1   0   0   0   7  2.30 0.51
   12 V     4  -3  -3  -4   2  -3  -3  -2  -3   0  -1  -3   0   1  -3  -2  -2  -3  -2   4   39   0   0   0   5   0   0   1   0   2   2   0   2   8   0   0   0   0   0  37  0.52 0.28
   13 L    -1  -3  -4  -4  -2  -3  -3  -4  -4   2   3   0   0   0  -3  -3  -2  -3  -2   4    2   0   0   0   0   0   0   0   0  12  34   6   0   3   0   0   0   0   0  38  0.53 0.24
   14 G     4  -3  -2   0  -3  -3  -2   4  -3  -3  -3  -2  -3  -4  -3  -1  -2  -4  -3  -1   50   0   0   6   0   0   1  33   0   0   1   0   0   0   0   1   0   0   0   5  0.75 0.32
   15 A     2  -4  -4  -4  -2  -3  -4  -4  -4   2  -1  -3  -1  -2  -3  -1  -2  -4   1   5   20   0   0   0   0   0   0   0   0  10   3   0   0   0   0   3   0   0   6  56  0.70 0.33
   16 A     3   0  -3  -3  -2  -2  -1  -3  -3   1   2  -2  -1   0  -3  -1  -1  -3  -2   2   33   6   0   0   0   0   5   0   0   5  25   0   0   4   0   0   2   0   0  18  0.29 0.21
   17 L    -2  -4  -4  -5  -3  -4  -4  -5  -4   1   4  -4   3   0  -4  -3  -2  -4  -3   4    2   0   0   0   0   0   0   0   0   6  43   0   7   2   0   0   0   0   0  37  0.76 0.34
   18 H    -3  -1   0  -4  -5  -2  -1  -2  10  -5  -5  -3  -4   0   0  -3  -4  -5  -1  -5    2   2   4   0   0   0   3   3  74   0   0   0   0   3   5   0   0   0   0   0  2.07 0.67
   19 L    -3  -4  -4  -4  -3  -3  -4  -4  -4   0   5  -4   1   2  -4  -4  -3   0  -2   0    1   1   0   1   0   0   1   1   0   2  72   1   2   9   1   1   1   1   0   5  0.94 0.39
   20 W    -4  -2  -5  -5  -5   0  -4  -1  -4  -5  -2  -4  -4   2  -5  -2  -4  12  -1  -5    1   3   0   0   0   6   0   4   0   0   3   0   0   7   0   3   0  70   0   0  2.77 0.78
   21 L    -2  -4  -5  -5  -3  -4  -4  -5  -4   1   5  -4   2   2  -2  -1  -2   3  -2  -1    2   0   0   0   0   0   0   0   0   6  64   0   5   7   2   4   2   4   0   1  0.81 0.43
   22 R     2   4  -3  -3  -3  -1  -2  -1   1  -2   0   0  -2  -3  -1  -2  -1   4  -2   1   24  27   0   0   0   2   0   4   3   0  11   3   0   0   2   0   4   6   0  10  0.34 0.28
   23 L     0  -1   0  -2  -3   2  -1   1   1   0   2  -2  -1  -1  -1  -1   0   2  -2  -1    6   3   4   0   0  15   2  10   5   4  27   0   0   1   3   3   7   4   0   4  0.13 0.18
   24 R    -2   5   1  -1  -4   0   0   0  -1  -2  -2   1  -3  -3  -3   1  -1   4  -3  -3    1  41   7   3   0   3   4   6   1   3   4   4   0   0   0  10   4   6   0   1  0.53 0.34
   25 S     0   1  -1  -1   4   0  -2  -1  -2  -3  -1   0  -2  -1   3   2   0  -3  -2  -2    4  10   2   3   9   3   1   5   0   1   8   5   0   4  13  24   4   0   0   1  0.26 0.22
   26 P     0   0   0   0   4  -1  -1  -1  -2  -3  -1  -2  -2  -1   4   1   0  -3   0  -2    8   4   4   4  10   2   3   4   0   1   5   1   0   3  24  15   7   0   3   2  0.37 0.24
   27 P     0  -1  -2  -2  -3  -1  -1   1  -3  -2  -2  -2  -3   0   5   3   1  -3  -3  -1    5   3   0   1   0   2   3  12   0   2   4   1   0   4  26  23   8   0   0   3  0.46 0.30
   28 P     0  -1   0   0   4  -2  -2  -3   0  -1   0  -2  -2   0   4   1   0  -3   0  -1    7   3   5   6  11   0   1   1   2   4   9   0   0   4  21  13   7   0   3   3  0.32 0.26
   29 A     1  -1  -2   0   0  -2  -1   1   0  -2  -1  -2  -2   0   2   1   1   5   0  -1   10   3   0   7   3   0   3   9   2   0   8   0   0   4  12  12  10   9   4   4  0.21 0.21
   30 C     0   1   0   0   2   0  -2   1   1  -2   1  -2  -2   0   1   0  -1   4   0  -1    6  10   3   5   6   4   0  13   3   0  15   0   0   3   6   7   4   7   3   4  0.13 0.19
   31 A     0   0   0   0   2   0   0  -1   0  -1   0  -2  -2   0   2   1   0   3  -2  -1    8   5   3   6   6   3   7   5   3   3   9   0   0   4   9  16   4   4   0   3  0.08 0.15
   32 S    -1  -1   1   2  -3   0  -1   0   2  -3  -1  -1  -2  -1   2   2   1   2  -2  -2    4   2   8  13   0   3   3   8   5   1   7   3   0   3  10  18   8   3   0   1  0.19 0.17
   33 G     1   0   2   0  -3  -1  -1   2   0  -3  -3   1  -2   0  -1   1  -1   4  -2  -2   10   4  12   6   0   1   3  17   3   1   1  11   0   5   2  11   3   6   0   3  0.21 0.17
   34 A     2   0   1   0   1   0  -1   0  -2  -1  -1   0  -2   0   0   1   1   3  -2  -1   18   5   6   4   3   3   3   5   0   2   7   4   0   5   4  11  11   5   0   4  0.10 0.13
   35 G     0  -1   0   0   2   0  -2   2   3  -3  -2   0  -2  -3   0   1   2  -3  -1  -2    5   3   3   6   4   3   1  16  10   0   4   6   0   0   4  13  15   0   2   3  0.21 0.20
   36 P     0  -2   0  -1   1   0  -1  -1   1  -1   0   0  -2   1   3   0  -1  -3   0  -1    5   0   5   4   3   3   4   3   5   4  12   7   0   9  18   7   4   0   4   4  0.16 0.14
   37 A     0  -2  -1   1  -2   1   1   0  -2   0   0  -1   1  -2   1   0   1  -3  -2   0    8   0   0   8   0   8   8   8   0   8   8   0   8   0   8   8   8   0   0   8  0.09 0.10
   38 D    -1  -2   1   5  -3  -1   1   3   0  -4  -4  -1  -3  -3  -2   0  -2  -4  -2  -3    2   1   4  44   0   2   9  27   2   0   1   0   0   0   0   5   0   0   1   1  0.59 0.11
   39 Q     0   1  -1  -1  -2   3   1  -2   0  -2   0   0  -1  -1   2   0  -1  -1  -2  -1   10   9   2   1   0  26   8   1   3   0  13   3   0   2  11   5   1   1   0   4  0.20 0.06
   40 L     0  -2  -1  -2  -2  -1  -2  -2  -2   0   3  -1   0   1   0   1   0  -2  -1   0    8   1   1   1   0   2   1   2   0   1  43   2   0   6   5  20   5   0   0   2  0.16 0.07
   41 A     3  -2  -2  -2   0  -1  -1  -1   0   0  -1  -1  -1   0   2   1   1  -2  -1   0   47   1   0   1   1   0   1   1   2   4   6   1   0   4   8   5  11   0   1   5  0.23 0.08
   42 L    -1  -2  -2  -3  -2  -1  -2  -3  -2   0   3  -2   0   4   2  -1  -1   2   0   0    3   2   1   1   0   3   2   1   0   1  37   1   0  25  11   3   3   3   0   3  0.27 0.07
   43 F    -1  -2  -1  -2  -2  -2  -2  -2  -1   0   1  -2   0   6  -1  -1  -1   0   1   0    3   1   3   2   0   1   1   1   1   2  17   1   0  50   2   7   1   0   1   4  0.40 0.09
   44 P    -1   0  -1  -1  -2  -1  -1  -1  -1  -2  -1  -1  -2  -2   6   0   0  -3  -2  -2    2   7   1   4   0   2   2   3   2   1   8   2   1   1  49   8   6   0   1   2  0.77 0.09
   45 Q    -1   1   0   2  -1   4   2  -1   2  -2  -1   0  -1  -2   0  -1  -1  -2  -1  -1    2   5   1  12   1  34  11   4   6   1   6   1   1   1   4   2   1   0   1   4  0.26 0.06
   46 W    -2   0  -2  -2  -2   0  -1   0  -2  -2  -1  -2  -1   0  -2  -1  -2  10   1  -2    3   6   1   2   1   4   3   9   1   1   6   2   1   3   1   3   2  47   2   3  1.06 0.12
   47 K     0   1   0  -1  -2   1   2  -1  -1  -2  -2   4  -1  -3  -1   0   0  -2  -2  -2    4   2   1   1   0   6  14   5   0   1   2  43   0   1   2   6   7   0   1   1  0.30 0.07
   48 S     1  -1  -1   0  -1   0  -1  -1   0  -1   0  -1  -1   0   2   2   0  -2  -1  -1    8   1   1   4   1   3   1   1   2   2  15   2   0   5  12  33   4   0   2   3  0.16 0.05
   49 T     0   1   0   0  -2   0   0  -1   3  -2  -2   1  -2  -2   3   2   0  -3  -1  -2    3   9   3   6   0   1   1   4  12   1   2  11   0   1  15  25   4   0   1   1  0.26 0.05
   50 H    -1   0   0  -1  -1   1   0  -2   7  -2  -2  -1  -2   0  -1   1  -1  -2   1  -2    5   3   1   3   2   7   2   1  44   1   2   1   0   4   2  12   2   0   3   3  0.47 0.10
   51 Y    -3  -1  -3  -4   0  -2  -3  -3   4  -2  -2  -2  -2   2  -3  -2  -2   1   8  -2    0   2   0   0   3   1   0   1  10   0   1   1   0   4   1   1   0   0  70   2  1.09 0.19
   52 D    -2  -2   0   6  -5   0   4  -3  -2  -4  -4  -1  -4  -4  -2  -1  -2  -5  -4  -4    0   0   0  58   0   0  41   0   0   0   0   0   0   0   0   1   0   0   0   0  1.10 0.18
   53 V    -1  -4  -4  -4  -2  -3  -4  -4  -4   2   1  -3   1  -2  -4  -3  -1  -4  -2   5    0   0   0   0   0   0   0   0   0   7   9   0   1   0   0   0   0   0   0  81  0.76 0.17
   54 V    -2  -3  -4  -4  -2  -3  -4  -4  -4   2   4  -3   1  -1  -3  -3  -1  -3  -2   4    0   0   0   0   0   0   0   0   0  11  48   0   0   0   0   0   0   0   0  41  0.57 0.12
   55 V    -1  -4  -4  -4  -2  -3  -4  -4  -4   2   0  -4   0  -2  -4  -3  -1  -4  -2   6    0   0   0   0   0   0   0   0   0   5   0   0   0   0   0   0   0   0   0  95  0.97 0.20
   56 G     0  -4  -2  -3  -4  -3  -3   7  -3  -5  -5  -3  -4  -4  -3  -1  -3  -4  -4  -4    2   0   0   0   0   0   0  98   0   0   0   0   0   0   0   0   0   0   0   0  1.59 0.21
   57 V    -1  -4  -4  -4  -2  -3  -4  -4  -4   3   0  -4   0  -2  -4  -3  -1  -4  -2   6    0   0   0   0   0   0   0   0   0   9   0   0   0   0   0   0   0   0   0  91  0.94 0.20
   58 L    -3  -3  -5  -5  -2  -3  -4  -5  -4   1   5  -4   1  -1  -4  -4  -2  -3  -2   0    0   0   0   0   0   0   0   0   0   0  99   0   0   0   0   0   0   0   0   1  0.99 0.19
   59 S     0  -2  -1  -2  -2  -1  -1  -2  -2  -4  -4  -1  -3  -4  -2   6   0  -4  -3  -3    0   0   0   0   0   0   0   0   0   0   0   0   0   0   0 100   0   0   0   0  1.12 0.24
   60 A     6  -3  -3  -3  -2  -2  -2  -1  -3  -3  -3  -2  -2  -4  -2   0  -1  -4  -3  -1   99   0   0   0   0   0   0   0   0   0   0   0   0   0   0   1   0   0   0   0  1.02 0.21
   61 R    -3   7  -2  -3  -5   0  -1  -4   0  -5  -4   1  -3  -4  -4  -2  -3  -4  -3  -4    0  98   0   0   0   0   0   0   2   0   0   0   0   0   0   0   0   0   0   0  1.53 0.24
   62 N    -3  -1   4  -1  -4   2  -1  -2   8  -5  -4  -2  -3  -3  -3  -1  -2  -4   0  -4    0   0  26   0   0   8   0   1  63   0   0   0   0   0   0   2   0   0   0   0  1.25 0.21
   63 N    -3  -2   6  -1  -4  -1  -1  -2   8  -5  -5  -2  -3  -3  -3  -1  -2  -4  -1  -4    0   0  54   0   0   0   0   0  46   0   0   0   0   0   0   0   0   0   0   0  1.33 0.23
   64 H    -3   0  -1  -1  -4  -1  -1  -3   8  -3  -3  -2  -2   1  -4  -2  -3  -1   5  -2    0   5   0   3   0   1   2   1  57   0   0   0   0   3   0   1   0   0  26   3  1.11 0.20
   65 E    -1  -1  -1   3  -4   1   5   0   0  -3  -4   1  -3  -4  -2  -1  -2  -4  -3  -3    5   0   0  17   0   2  60   6   1   1   0   7   0   0   0   0   1   0   0   0  0.71 0.15
   66 L    -3  -3  -5  -5  -2  -3  -4  -5  -2   1   5  -4   1   0  -4  -4  -2  -3   0   0    0   0   0   0   0   0   0   0   1   0  95   0   0   2   0   0   0   0   2   0  0.91 0.18
   67 R    -3   7  -2  -3  -5   0  -1  -4  -2  -5  -4   1  -3  -4  -4  -2  -3  -4  -3  -4    0 100   0   0   0   0   0   0   0   0   0   0   0   0   0   0   0   0   0   0  1.61 0.26
   68 N    -1   0   5   2  -3   4   0  -2   0  -4  -4   0  -2  -4  -2   1  -1  -4  -2  -3    3   2  41   9   0  28   2   0   1   0   0   3   0   0   0  10   0   0   1   0  0.61 0.14
   69 V     4  -3  -3  -3  -2  -2  -2  -2  -3   0  -1  -2  -1  -3  -2  -1  -1  -4  -3   4   56   0   0   0   0   0   0   0   0   1   0   0   0   0   0   0   1   0   0  42  0.54 0.16
   70 I    -3  -4  -5  -5  -2  -4  -5  -5  -5   7   1  -4   0  -1  -4  -4  -2  -4  -3   1    0   0   0   0   0   0   0   0   0  94   6   0   0   0   0   0   0   0   0   0  1.09 0.22
   71 R    -3   7  -2  -3  -5   0  -1  -4  -2  -4  -4   1  -3  -4  -4  -2  -3  -4  -3  -4    0  99   0   0   0   0   0   0   0   0   0   0   0   0   0   0   0   0   0   0  1.57 0.25
   72 S    -1  -1   4   3  -3   0   2  -1   0  -4  -4   1  -3  -4  -2   2  -1  -4  -3  -3    3   0  28  19   0   2  15   1   2   0   0   8   0   0   0  20   0   0   0   1  0.45 0.10
   73 T    -1  -2  -1  -2  -2  -2  -2  -3  -3  -2  -3  -2  -2  -4  -2   1   7  -4  -3  -1    0   0   0   0   0   0   0   0   0   0   0   0   0   0   0   4  95   0   0   0  1.17 0.24
   74 W    -4  -5  -6  -6  -4  -4  -5  -4  -4  -5  -4  -5  -3  -1  -6  -5  -4  12   0  -5    0   0   0   0   0   0   0   0   0   0   0   0   0   0   0   0   0  99   0   0  3.70 0.38
   75 M    -2  -3  -4  -4  -2  -2  -4  -4  -3   0   5  -3   2   2  -4  -2  -2  -2  -1   0    0   0   0   0   0   1   0   1   0   0  82   0   3   9   0   3   0   0   0   1  0.70 0.15
   76 R    -1   1  -1  -2  -4   0   0   4  -2  -4  -4   4  -3  -4  -2  -1  -2  -4  -3  -4    0   6   1   0   0   3   2  48   0   0   0  39   0   0   0   0   0   0   0   0  0.70 0.14
   77 H    -3  -2  -1  -2  -4   0  -2  -4   8  -4  -3  -2  -3   0  -3  -2  -3  -1   6  -3    0   0   1   1   0   2   0   0  55   0   0   0   0   0   1   2   0   0  37   1  1.32 0.23
   78 L    -2  -3  -4  -4  -2  -3  -3  -4  -4   2   5  -3   2   0  -4  -1  -2  -3  -2   1    0   0   0   0   0   0   0   0   0  10  74   0   3   2   0   8   0   0   0   3  0.60 0.14
   79 L    -1   4   0  -2  -3   1   0  -2  -1   0   0   3   0  -2  -2  -1   0  -3  -2  -1    0  29   5   0   0   3   2   2   1   6  14  25   1   0   0   0   6   0   0   3  0.25 0.08
   80 Q    -1   1  -1   3  -4   5   2  -1   3  -4  -3   0  -2  -4  -2  -1  -1  -3  -2  -3    2   6   0  21   0  46  11   3   9   0   1   1   0   0   0   1   1   0   0   0  0.64 0.14
   81 H    -3  -1   0  -1  -4   0  -2  -3  10  -4  -3  -2  -3  -3  -4  -2  -3  -4   0  -4    1   1   1   3   0   1   0   1  89   0   2   1   0   0   0   0   0   0   0   0  1.83 0.28
   82 P    -1  -3  -3  -2  -4  -2  -2  -3  -3  -4  -3  -2  -3  -5   8   0  -1  -5  -4  -3    2   1   0   0   0   1   0   0   0   0   2   0   0   0  85   5   3   0   0   0  1.99 0.23
   83 T     2   0   0   0  -2   1   0  -1   4  -2  -1   0  -1  -2   0   0   1  -3  -1  -1   26   5   1   4   0   6   6   4  21   0   4   3   0   0   3   4  10   0   0   2  0.20 0.07
   84 L    -3  -3  -4  -4  -3  -2  -4  -4  -3   0   4  -3   1   5  -4  -3  -2   3   1   0    0   1   0   0   0   2   0   0   0   0  55   0   0  33   0   0   0   4   3   2  0.65 0.14
   85 S    -1   1   1  -1  -3   4   0  -1   1  -3  -3   1   0  -3  -2   3   0  -3  -2  -3    0   9   7   0   0  27   0   2   5   0   0   5   2   0   0  41   2   0   0   0  0.44 0.13
   86 Q    -2   1   1  -1  -4   5   0  -3   6  -4  -3   0  -2  -3  -1  -1  -2  -3   1  -3    1   5   5   1   0  42   0   0  31   0   2   4   0   0   2   2   1   0   4   0  0.71 0.16
   87 R    -3   7  -2  -3  -1   0  -1  -4   0  -4  -4   1  -3  -4  -3  -1  -2  -4  -3  -4    0  94   0   0   2   0   0   0   1   0   0   0   0   0   0   2   0   0   0   0  1.39 0.24
   88 V    -1  -4  -4  -4  -2  -3  -4  -4  -4   2   0  -3   0  -2  -4  -2  -1  -4  -2   6    2   0   0   0   0   0   0   0   0   3   0   0   0   0   0   2   1   0   0  91  0.88 0.20
   89 L    -1  -2  -3  -3  -2   0  -2   1  -3   0   4  -2   1  -1  -3  -2  -2  -3  -2   0    4   0   0   0   0   8   2  17   0   0  65   0   2   0   0   1   1   0   0   1  0.39 0.12
   90 V     0  -4  -4  -4  -2  -3  -4  -4  -4   2   0  -3   0  -2  -3  -3  -1  -4  -2   6    5   0   0   0   0   0   0   0   0   2   1   0   1   0   1   0   0   0   0  90  0.86 0.20
   91 K    -2   1   0  -2  -4   0   0  -3  -2  -4  -4   7  -3  -5  -2  -1  -2  -4  -3  -4    0   1   2   0   0   0   0   0   0   0   0  96   0   0   0   0   1   0   0   0  1.19 0.23
   92 F    -4  -2  -4  -5  -4  -4  -5  -5  -3  -2  -1  -4  -1   8  -5  -4  -4   0   2  -2    0   2   0   0   0   0   0   0   0   0   0   0   0  98   0   0   0   0   0   0  1.67 0.26
   93 I    -3  -4  -5  -5  -2  -4  -5  -5  -5   7   0  -4   0  -1  -4  -4  -2  -4  -3   2    0   0   0   0   0   0   0   0   0  97   0   0   0   0   0   0   0   0   0   3  1.14 0.22
   94 I    -2  -4  -4  -4  -2  -4  -4  -5  -4   6   0  -4   1  -1  -4  -3  -2  -4  -2   3    0   0   0   0   0   0   0   0   0  73   0   0   2   0   0   0   0   0   0  25  0.85 0.17
   95 G    -1  -2  -2  -3  -4  -3  -3   7  -3  -5  -5  -3  -4  -4  -3  -1  -3  -4  -4  -5    0   2   0   0   0   0   0  98   0   0   0   0   0   0   0   0   0   0   0   0  1.57 0.22
   96 A     3   1  -1  -2  -2   1   1  -1  -2  -2  -2   2  -1  -3  -2   1   1  -3  -2  -1   46   6   1   0   0   7   8   0   0   1   0  16   1   0   0   6   8   0   0   0  0.32 0.10
   97 H    -2   3   0  -2  -4   0  -1  -3   8  -4  -4   0  -3   0  -3  -2  -3  -3   2  -4    2  20   2   1   0   1   0   0  63   0   0   2   0   3   0   0   0   0   5   0  1.13 0.20
   98 G    -1  -4  -2  -3  -4  -3  -3   7  -3  -5  -5  -3  -4  -5  -3  -2  -3  -4  -4  -5    0   0   0   0   0   0   0 100   0   0   0   0   0   0   0   0   0   0   0   0  1.66 0.22
   99 C    -2  -5  -4  -5  11  -5  -5  -4  -5  -3  -3  -5  -3  -4  -5  -3  -3  -4  -4  -2    0   0   0   0 100   0   0   0   0   0   0   0   0   0   0   0   0   0   0   0  2.68 0.32
  100 E     1  -2   0   3  -3   0   2  -1  -2  -3  -2  -1  -3  -4   4   0  -1  -4  -3  -3   16   0   4  23   0   2  20   2   0   0   3   1   0   0  25   2   1   0   0   0  0.54 0.10
  101 V    -2  -4  -4  -4  -2  -4  -4  -5  -4   5   0  -4   0  -1  -4  -3  -1  -4  -2   5    0   0   0   0   0   0   0   0   0  41   0   0   0   1   0   0   0   0   0  58  0.77 0.16
  102 P    -2  -3  -3  -3  -4  -3  -2  -4  -4  -4  -4  -2  -4  -5   8  -2  -2  -5  -4  -4    0   0   0   0   0   0   0   0   0   0   0   0   0   0  97   1   0   0   0   0  2.50 0.27
  103 V    -1  -2  -2   1  -3   0   4  -3  -2   0  -1  -1  -1  -1  -3  -2  -1  -4  -2   4    0   0   0   7   0   1  39   0   0   0   3   0   0   2   0   0   0   0   0  47  0.42 0.14
  104 E    -2  -1  -1   0  -5   1   7  -3  -1  -4  -4   0  -3  -4  -2  -1  -2  -2  -3  -4    0   0   0   1   0   0  95   0   0   0   0   1   0   0   0   0   0   1   0   0  1.31 0.23
  105 D    -3  -3   0   7  -5  -2   0  -3  -2  -4  -5  -2  -4  -5  -3  -2  -2  -5  -4  -4    0   0   0  98   0   0   0   0   0   0   0   0   0   0   0   0   0   0   0   0  1.63 0.24
  106 R    -3   7  -2  -3  -5   0  -1  -4  -2  -4  -3   1  -3  -4  -3  -2  -2  -4  -3  -4    0  96   0   0   0   0   0   0   0   0   2   0   0   0   0   0   0   0   0   0  1.46 0.24
  107 E    -2  -1  -2   0  -5   1   7  -3  -1  -4  -4   0  -3  -4  -2  -1  -2  -4  -3  -4    0   0   0   0   0   0  98   0   0   0   0   0   0   0   0   0   0   0   0   0  1.37 0.24
  108 D    -3  -3   0   7  -5  -2   0  -3  -2  -4  -5  -2  -4  -5  -3  -1  -2  -5  -4  -4    0   0   1  97   0   0   0   0   0   0   0   0   0   0   0   0   0   0   0   0  1.61 0.24
  109 P    -2  -3  -3  -3  -4  -3  -2  -3  -3  -4  -3  -2  -4  -5   8  -2  -1  -5  -4  -4    1   0   0   0   0   0   0   0   0   0   1   0   0   0  93   1   3   0   0   0  2.31 0.25
  110 Y    -3  -3  -4  -4  -4  -3  -3  -4   0  -3  -3  -3  -2   2  -4  -3  -3   1   9  -3    0   0   0   0   0   0   0   0   0   0   0   0   0   0   0   0   0   0  98   0  1.91 0.28
  111 S     0  -2  -1  -1  -2  -1  -1  -2  -2  -4  -4  -1  -3  -4  -1   6   1  -4  -3  -3    0   0   0   0   0   0   0   0   0   0   0   0   0   0   1  94   2   0   0   0  0.99 0.22
  112 C    -2  -5  -4  -5  11  -5  -5  -4  -5  -3  -3  -5  -3  -4  -4  -1  -2  -4  -4  -2    0   0   0   0  98   0   0   0   0   0   0   0   0   0   0   2   0   0   0   0  2.56 0.31
  113 K    -1   4   0  -2  -3   1   0  -2  -1  -3  -3   3  -2  -3  -2   2   1  -4  -2  -3    1  31   1   0   0   5   0   0   0   1   0  27   0   1   0  24   9   0   0   0  0.46 0.11
  114 L    -3  -3  -5  -5  -2  -3  -4  -5  -4   1   5  -4   1  -1  -3  -4  -2   1  -2   0    0   0   0   0   0   0   0   0   0   3  93   0   0   0   1   0   0   2   0   0  0.89 0.18
  115 L    -3  -3  -5  -5  -2  -3  -4  -5  -4   1   5  -4   1   0  -3  -4  -2  -3  -2   0    0   1   0   0   0   0   0   0   0   0  96   0   1   1   1   0   0   0   0   0  0.93 0.19
  116 N    -3  -2   8   0  -4  -1  -1  -2  -1  -5  -5  -2  -4  -5  -3  -1  -1  -5  -4  -4    0   0  97   0   0   0   2   0   0   0   0   0   0   0   0   0   0   0   0   0  1.56 0.26
  117 I    -2  -4  -4  -4  -2  -4  -4  -5  -4   5   2  -4   0   4  -4  -3  -2  -2   0   1    0   0   0   0   0   0   0   0   0  55  19   0   0  22   0   0   0   0   0   3  0.63 0.14
  118 T    -1  -2  -1  -2  -2  -1  -2  -2  -3  -2  -3  -2  -2  -3  -2   3   6  -4  -3  -1    0   0   0   0   0   2   0   0   0   0   0   0   0   0   0  21  76   0   0   0  0.89 0.20
  119 N    -1  -1   5   2  -3   1   3  -2   0  -4  -3   0  -3  -3  -2   1  -1  -3  -1  -3    2   1  39  11   0   3  25   0   1   0   1   5   0   0   0   7   0   0   3   0  0.52 0.11
  120 P    -2  -3  -3  -3  -4  -3  -2  -4  -4  -4  -4  -2  -4  -5   8  -1  -1  -5  -4  -4    0   0   0   0   0   0   0   0   0   0   0   1   0   0  91   4   4   0   0   0  2.28 0.26
  121 V     2  -3  -3  -1  -2  -3  -2  -3  -4   2  -1  -3  -1  -2  -3  -2   0  -4  -2   5   18   0   0   4   0   0   2   1   0   3   0   0   0   0   0   0   3   0   0  69  0.51 0.15
  122 L     0  -2  -2  -2  -2  -2  -2  -2  -3   1   3  -2   1  -1   0  -1   1  -3  -2   0   12   1   1   2   0   0   0   1   0  10  51   0   1   0   6   3  11   0   0   3  0.25 0.09
  123 N    -1  -1   5   0  -4  -1  -1   4  -1  -4  -4   0  -3  -4  -3   0  -2  -4  -3  -4    0   0  44   1   0   0   3  42   1   0   0   7   0   0   0   2   0   0   0   0  0.80 0.16
  124 Q    -2   0  -1  -2  -4   7   1  -3   0  -4  -3   1  -2  -5  -3  -2  -2  -4  -3  -4    2   2   0   0   0  89   3   0   1   0   1   3   0   0   0   0   0   0   0   0  1.34 0.27
  125 E    -2  -1  -2   1  -5   1   7  -4  -1  -5  -4   0  -3  -5  -3  -1  -2  -4  -4  -4    0   0   0   4   0   0  96   0   0   0   0   1   0   0   0   0   0   0   0   0  1.38 0.25
  126 I    -2  -3  -4  -4  -2  -3  -4  -5  -4   6   1  -3   4  -1  -4  -3  -1  -4  -2   2    0   1   0   0   0   0   0   0   0  72   2   0  15   0   0   0   1   0   0   7  0.79 0.18
  127 E     0  -1  -2   0  -5   1   6  -3  -1  -4  -4  -1  -3  -5  -2  -1  -2  -4  -3  -4    9   0   0   0   0   1  89   0   0   0   0   0   0   0   0   0   0   0   0   0  1.20 0.23
  128 A     4  -3  -3  -3  -1  -2  -2  -2  -3   2   0  -2  -1  -1  -2   0  -1  -3  -2   1   56   0   0   0   0   0   0   0   0  23   7   0   0   1   0   3   1   0   0   9  0.39 0.13
  129 F    -2  -4  -4  -5  -3  -4  -4  -4  -3   1   1  -4   0   6  -4  -3  -2  -1   1   3    0   0   0   0   0   0   0   0   0   2  13   0   0  52   0   0   0   0   0  32  0.75 0.16
  130 S     0  -1   1  -1  -2  -1   0   0   0  -2  -3   0  -1  -3  -1   4   3  -4  -2  -1    2   2   5   0   0   0   3   4   2   1   0   4   1   0   1  48  23   0   0   3  0.39 0.12
  131 L    -1  -3  -4  -4  -2  -3  -4  -4  -4   2   3  -3   1   1  -4  -3  -1  -3  -1   3    2   0   0   0   0   0   0   0   0   7  47   0   1   7   0   0   0   0   0  36  0.50 0.12
  132 S     0  -2  -2  -2  -3  -1  -2  -2  -3  -3  -3  -2  -3  -2   6   4  -1  -4  -3  -2    5   0   0   0   0   2   0   0   0   0   2   0   0   2  45  43   0   0   0   1  0.99 0.18
  133 E    -2  -2   0   5  -4   0   5   0   0  -4  -4  -1  -3  -4  -2  -1  -2  -4  -3  -4    1   0   1  36   0   0  53   6   2   0   0   0   0   0   0   0   0   0   0   0  0.86 0.16
  134 D     0  -2   0   5  -3  -1   1  -1  -2  -3  -3  -1  -3  -4   4   0   1  -4  -3  -2    8   0   0  44   0   0   5   2   0   0   1   0   0   0  23   5  10   0   0   2  0.67 0.13
  135 T     2  -2  -1   0  -2  -1  -1  -1  -2   0  -2  -1  -1  -3   1   3   3  -4  -3  -1   16   1   0   5   0   0   0   3   0   6   0   0   1   0   5  39  23   0   0   2  0.34 0.11
  136 S     2  -2  -1  -1  -2  -1  -1  -2  -2  -1   0  -1  -1  -2   2   2   2  -3  -2   1   17   0   0   2   0   0   1   0   0   0   7   0   1   0  10  30  13   0   0  18  0.25 0.09
  137 S     1  -2  -2  -2  -1  -2  -2  -2  -2  -1   3  -2   0   0   0   3   0  -3  -1  -1    8   0   0   0   1   0   0   0   0   0  40   0   0   2   4  42   0   0   2   0  0.31 0.12
  138 G     1  -2  -2  -2  -2  -1   0   2  -3   1   0  -2   0  -2  -2   0   0  -3  -2   2   12   0   0   0   0   1   7  24   0   6   5   0   3   0   0   4   6   0   0  31  0.18 0.07
  139 L    -1  -3  -3  -3  -3  -2  -3  -4  -2   0   4  -3   0  -1   5  -2  -2  -3  -2  -1    5   1   0   1   0   0   0   0   1   2  54   0   0   2  32   2   0   0   0   0  0.67 0.14
  140 P     1  -1  -1  -2  -2  -1  -1   0  -2  -3  -1  -1  -2  -3  -2   5   1  -4  -3  -2    5   1   0   0   0   0   0   3   0   0   7   0   0   0   1  79   3   0   0   0  0.70 0.19
  141 E    -2  -2   0   4  -5   0   5   0  -1  -4  -4   0  -3  -4  -2  -1  -2  -4  -1  -4    1   0   1  28   0   0  58   7   0   0   0   2   0   0   0   0   1   0   2   0  0.83 0.17
  142 D     0  -3  -1   5  -3  -2   0  -3   0  -1  -2  -2  -2  -3  -3   0  -1  -5  -3   3    8   0   0  51   0   0   0   0   3   0   0   0   0   0   0   5   0   0   0  33  0.56 0.15
  143 R    -1   5  -1  -2  -3   1  -1  -2   1  -3  -3   1  -2  -3  -1   3   0  -4  -2  -3    2  42   0   0   0   3   0   1   5   0   2   5   0   0   2  34   3   0   0   0  0.50 0.13
  144 V     2  -3  -3  -3  -2  -2  -3  -2  -3   2   0  -2   0  -2  -3   0   0  -4  -2   4   28   0   0   0   0   0   0   0   0  11   1   0   0   0   0   7   3   0   0  51  0.41 0.13
  145 V    -1  -4  -4  -4  -2  -3  -4  -4  -4   3   0  -3   0  -2  -3  -1  -1  -4  -2   5    0   0   0   0   0   0   0   0   0  20   2   0   0   0   0   5   0   0   0  73  0.73 0.17
  146 S     3  -2   0  -2  -2  -1  -1  -1  -2  -3  -3   0  -2  -4  -2   5   0  -4  -3  -2   24   0   3   0   0   0   0   0   0   0   0   5   0   0   0  67   1   0   0   0  0.67 0.18
  147 V    -2  -3  -4  -4  -2  -3  -4  -4  -4   2   3  -3   1  -1  -4  -3  -1  -3  -2   4    0   0   0   0   0   0   0   0   0   9  37   0   0   0   0   0   0   0   0  54  0.62 0.14
  148 S    -1  -1   3   5  -3  -1   0  -2   1  -4  -4  -1  -3  -4  -2   3  -1  -5  -3  -4    0   1  17  43   0   0   2   0   5   0   0   0   0   0   0  31   0   0   0   0  0.70 0.15
  149 F    -4  -4  -5  -5  -4  -5  -5  -5  -3  -1  -1  -5  -1   8  -5  -4  -4   0   2  -1    0   0   0   0   0   0   0   0   0   0   1   0   0  97   0   0   0   0   0   2  1.70 0.27
  150 R    -2   5  -1  -2  -4   2  -1  -3   0  -4  -3   5  -2  -4  -3  -2  -2  -4  -3  -4    0  49   0   0   0   6   0   0   2   0   0  44   0   0   0   0   0   0   0   0  0.93 0.18
  151 V    -1  -4  -4  -5  -2  -4  -4  -5  -5   2   0  -4   0  -2  -4  -3  -1  -4  -3   6    0   0   0   0   0   0   0   0   0   3   0   0   0   0   0   0   0   0   0  97  1.06 0.23
  152 L    -3  -3  -5  -5  -2  -3  -4  -5  -2   0   5  -4   1   0  -4  -4  -2  -1  -2   0    0   0   0   0   0   0   0   0   1   0  97   0   0   1   0   0   0   1   0   0  0.98 0.20
  153 Y    -3  -2  -2  -3  -4  -2  -2  -4   8  -4  -3  -3  -3   0  -4  -3  -3  -1   7  -4    0   0   0   0   0   0   0   0  52   0   0   0   0   0   0   0   0   0  47   0  1.53 0.26
  154 P    -2  -4  -3  -3  -4  -3  -3  -3  -4  -4  -4  -2  -4  -5   8   0  -1  -5  -4  -4    1   0   0   0   0   0   0   0   0   0   0   0   0   0  91   5   2   0   0   0  2.29 0.27
  155 I    -2  -4  -4  -4  -2  -4  -4  -5  -4   5   1  -4   0  -1  -4  -3  -1  -4  -2   4    0   0   0   0   0   0   0   0   0  59   4   0   1   0   0   0   0   0   0  36  0.77 0.16
  156 V    -1  -4  -4  -4  -2  -4  -4  -5  -4   3   0  -4   0  -2  -4  -3  -1  -4  -2   6    0   0   0   0   0   0   0   0   0  12   0   0   0   0   0   0   0   0   0  88  0.94 0.20
  157 I    -3  -4  -5  -5  -3  -4  -5  -5  -5   7   0  -4   0  -1  -4  -4  -2  -4  -3   2    0   0   0   0   0   0   0   0   0  97   0   0   0   0   0   0   0   0   0   3  1.18 0.23
  158 T    -1  -2  -1  -2  -2  -2  -2  -3  -3  -2  -3  -2  -2  -4  -3   0   7  -4  -3  -1    0   1   0   0   0   0   0   0   0   0   0   0   0   0   0   1  98   0   0   0  1.26 0.26
  159 S    -1   5  -1  -2  -3   2  -1  -2  -1  -4  -3   1  -2  -4  -2   4  -1  -4  -3  -3    0  44   0   0   0   8   0   0   0   0   0   4   0   0   0  44   0   0   0   0  0.70 0.17
  160 L    -3  -3  -5  -5  -2  -3  -4  -5  -4   1   6  -4   1   0  -4  -4  -2  -3  -2   0    0   0   0   0   0   0   0   0   0   0  99   0   0   1   0   0   0   0   0   1  1.02 0.20
  161 G    -1  -4  -2  -3  -4  -3  -4   7  -3  -5  -5  -3  -4  -5  -4  -2  -3  -4  -5  -5    0   0   0   0   0   0   0 100   0   0   0   0   0   0   0   0   0   0   0   0  1.69 0.24
  162 V    -1  -4  -4  -5  -2  -4  -4  -5  -5   2   0  -4   0  -2  -4  -3  -1  -4  -3   6    0   0   0   0   0   0   0   0   0   2   0   0   1   0   0   0   0   0   0  97  1.04 0.23
  163 F    -4  -4  -5  -5  -4  -5  -5  -5  -3  -1   0  -5  -1   8  -5  -4  -4   0   2  -2    0   0   0   0   0   0   0   0   0   0   4   0   0  96   0   0   0   0   0   0  1.68 0.26
  164 Y    -2  -2  -2  -2  -3   1  -2  -1   3  -3  -3  -2  -2   0   5   0  -1  -1   5  -3    1   0   0   1   0   9   0   5   9   0   0   0   0   0  29   7   2   0  37   0  0.75 0.15
  165 D    -1  -1   1   5  -3  -1   1   0   1  -4  -4  -1  -3  -4  -2   2   0  -4  -3  -3    0   3   5  50   0   0   8   5   4   0   0   1   0   0   0  21   3   0   0   0  0.64 0.13
  166 A     3  -1   0  -1  -2  -1   0   4  -2  -3  -3  -1  -2  -3   0   1   0  -3  -3  -2   37   2   4   2   0   1   5  35   0   0   0   0   0   0   3   4   6   0   0   1  0.42 0.10
  167 N     0   0   2   1  -2   0   0   0   0  -2  -3   0  -2  -3   3   2   1  -4  -2  -2    4   5  10   8   0   3   1   6   3   2   0   6   0   0  17  25  11   0   0   0  0.32 0.07
  168 D    -1   2   0   4  -3   1   1   2   1  -2  -3   0  -2  -3  -2  -1  -2  -1  -2  -2    5  15   3  33   0   7   5  19   6   3   2   1   0   0   0   0   0   1   0   1  0.35 0.09
  169 V     1  -2  -2  -2  -2   1  -1  -1  -1   0   0  -2   1  -2   3   0   0  -3  -1   2   13   0   0   1   0   9   2   5   2   1   7   0   4   0  16   4   2   0   1  32  0.20 0.07
  170 G    -1  -2  -1   1  -4  -1   3   5  -1  -4  -4  -1  -3  -4  -3  -1  -2  -4  -4  -3    2   1   0   6   0   0  28  58   1   0   1   1   0   0   0   1   0   0   0   1  0.77 0.15
  171 F    -3  -4  -4  -5  -3  -4  -4  -5  -3   0   2  -4   0   7  -3  -4  -3  -1   2  -1    0   0   0   0   0   0   0   0   0   3  26   0   1  68   1   0   0   0   1   0  1.03 0.19
  172 Q    -2   2  -1  -1  -3   6   1  -3   3  -4  -2   1  -2  -4  -1  -1  -2  -3  -2  -3    0  14   1   1   1  64   5   0   8   0   3   2   0   0   2   0   0   0   0   0  0.86 0.19
  173 R    -1   6  -1  -2  -4   1  -1   2  -2  -4  -3   0  -3  -4  -3   1  -1  -4  -3  -3    1  58   1   0   0   5   0  19   0   0   0   0   0   0   0  16   1   0   0   0  0.70 0.16
  174 N    -3  -2   8   0  -4  -1  -2  -2  -1  -5  -5  -2  -4  -5  -4  -1  -2  -5  -4  -5    0   0 100   0   0   0   0   0   0   0   0   0   0   0   0   0   0   0   0   0  1.70 0.28
  175 I    -2  -4  -4  -4  -2  -4  -4  -5  -4   5   1  -4   1  -1  -4  -3  -1  -4  -2   4    0   0   0   0   0   0   0   0   0  53   5   0   1   0   0   0   0   0   0  41  0.74 0.16
  176 T    -1  -3  -1  -2  -2  -2  -2  -3  -3  -2  -3  -2  -2  -4  -2   1   7  -4  -3  -1    0   0   0   0   0   0   0   0   0   0   0   0   0   0   0   3  96   0   0   0  1.23 0.26
  177 V    -1  -4  -4  -5  -2  -4  -4  -5  -5   1   0  -4  -1  -2  -4  -3  -1  -4  -3   6    1   0   0   0   0   0   0   0   0   0   0   0   0   0   0   0   0   0   0  99  1.09 0.23
  178 K    -2   3  -1  -2  -5   0   0  -3  -2  -4  -4   6  -3  -4  -2  -1  -2  -4  -3  -4    0  16   0   0   0   0   0   0   0   0   0  84   0   0   0   0   0   0   0   0  1.11 0.22
  179 L    -3  -3  -5  -5  -2  -3  -4  -5  -4   1   5  -4   1  -1  -4  -4  -2  -3  -2   0    0   0   0   0   0   0   0   0   0   0  97   0   0   0   0   0   0   0   0   3  1.00 0.20
  180 Y    -3  -3  -4  -5  -3  -3  -4  -4   1  -1   2  -3  -1   4  -4  -3  -3   0   7  -2    0   0   0   0   0   0   0   0   1   0  23   0   0  16   0   0   0   0  59   0  1.06 0.20
  181 Q    -2  -1  -2  -2  -5   8   0  -3  -1  -5  -4   0  -2  -5  -3  -2  -2  -4  -3  -4    0   0   0   0   0 100   0   0   0   0   0   0   0   0   0   0   0   0   0   0  1.67 0.31
  182 A     3  -2  -3  -3  -1  -2  -2  -2  -3   0   2  -2   0  -2  -2   0   1  -3  -2   1   49   0   0   0   0   0   0   0   0   0  29   0   1   0   0   2   8   0   0  11  0.34 0.12
  183 E    -2  -2  -1   5  -5   0   5  -2  -2  -4  -4  -1  -3  -4  -2  -1   0  -4  -4  -4    0   0   0  36   0   0  57   2   0   0   0   0   0   0   0   0   5   0   0   0  0.97 0.18
  184 Q    -2  -1  -1  -2  -4   7   0  -3   4  -4  -2   0  -2  -4  -3  -2  -2  -3  -2  -4    0   0   0   0   0  82   0   0  13   0   5   0   0   0   0   0   0   0   0   0  1.24 0.26
  185 E    -2  -1  -2   0  -5   1   7  -4  -1  -5  -4   0  -3  -5  -3  -1  -2  -4  -3  -4    0   0   0   0   0   3  97   0   0   0   0   0   0   0   0   0   0   0   0   0  1.42 0.25
  186 E    -2  -1  -2   0  -5   1   7  -4  -2  -4  -4   0  -3  -5  -3  -2  -2  -4  -3  -2    0   0   0   0   0   0  96   0   0   0   0   1   0   0   0   0   0   0   0   3  1.36 0.25
  187 A     5  -3  -3  -3  -2  -2  -1  -1  -3  -2  -3  -2  -2  -3   2   0  -1  -4  -3   0   81   0   0   0   0   0   3   0   0   0   0   0   0   0  11   0   0   0   0   5  0.76 0.19
  188 L    -2  -3  -4  -4  -2  -3  -4  -4  -4   3   4  -3   1  -1  -4  -3  -1  -3   0   3    0   0   0   0   0   0   0   0   0  14  48   0   0   0   0   0   0   0   3  35  0.55 0.12
  189 F    -1  -4  -4  -4  -3  -4  -4  -4  -3   1   0  -4  -1   6  -4  -3  -2  -1   1   4    2   0   0   0   0   0   0   0   0   3   2   0   0  50   0   0   0   0   0  42  0.76 0.17
  190 I    -1  -2  -1  -2  -2  -2  -2  -2  -3   1  -1  -2  -1  -3  -2   3   4  -4  -2   1    0   0   0   0   0   0   0   0   0  13   3   0   0   0   0  27  47   0   0  10  0.46 0.14
  191 A     6  -3  -3  -3  -2  -2  -2  -1  -3  -3  -3  -2  -2  -1  -2   0  -1  -4  -3  -1   96   0   0   0   0   0   0   0   0   0   0   0   0   3   0   1   0   0   0   0  0.97 0.22
  192 R    -3   7  -2  -1   0   0  -1  -4   0  -4  -4   1  -3  -4  -4  -2  -2  -4  -2  -4    0  90   0   3   3   0   0   0   2   0   0   0   0   0   0   1   0   0   1   0  1.32 0.24
  193 F    -4  -4  -5  -5  -4  -5  -5  -5  -3  -2  -1  -5  -1   8  -5  -4  -4   0   2  -2    0   0   0   0   0   0   0   0   0   0   0   0   0 100   0   0   0   0   0   0  1.81 0.28
  194 S     0  -2   0  -2   1  -1  -1  -2  -2  -4  -4  -1  -3  -4  -2   6   1  -4  -3  -3    0   1   1   0   3   0   0   0   0   0   0   0   0   0   0  91   5   0   0   0  0.97 0.23
  195 P     2  -3  -3  -3  -3  -2  -2  -2  -3  -4  -4  -2  -3  -4   7   0   0  -5  -4  -3   19   0   0   0   0   0   0   1   0   0   0   0   0   0  67   8   4   0   0   0  1.48 0.20
  196 P     0  -3  -3  -3  -3  -2  -3  -3  -1   2   1  -2   0  -1   6  -2  -1  -4  -2   1    6   0   0   0   0   0   0   0   2  24  15   0   1   1  41   0   3   0   0   6  0.71 0.12
  197 S     0  -1   0  -2  -2  -1  -1  -1  -2  -4  -4   0  -3  -4  -2   6   0  -4  -3  -3    1   1   1   0   0   0   0   1   0   0   0   3   0   0   0  94   0   0   0   0  1.01 0.24
  198 C     0  -3  -2  -3   8  -3  -3  -3  -3  -2  -2  -3   0   0   3   1   2  -3  -3  -2    3   0   0   0  42   0   0   0   0   0   0   0   3   4  14  15  18   0   0   0  0.81 0.16
  199 G    -1  -3  -2  -3  -4  -3  -3   7  -3  -5  -5  -3  -4  -4  -3  -1  -3  -4  -4  -4    0   0   0   0   0   0   0  97   0   0   0   0   0   0   0   0   0   0   0   0  1.59 0.22
  200 V    -1  -3  -2  -3  -2  -2  -3  -3  -3   2   0  -2   0  -2  -3  -1   3  -3  -2   4    2   0   0   0   0   0   0   0   0   6   2   0   1   0   0   2  32   0   0  54  0.50 0.14
  201 Q    -1   0  -1  -2  -1   6   0  -2  -1  -2   0   0   3  -2  -2   0  -1  -3   0  -2    1   3   2   0   1  54   2   1   0   0  10   1  12   0   0   8   0   0   4   1  0.50 0.15
  202 V    -1  -4  -4  -4  -2  -2  -3  -4  -4   2   1  -3   1  -2  -4  -3  -1  -4  -2   5    3   0   0   0   0   1   0   0   0   3   7   0   4   0   0   0   0   0   0  82  0.75 0.18
  203 N    -2  -2   7   1  -4  -1   0  -1   0  -5  -5  -1  -3  -4  -3   1  -1  -5  -3  -4    0   0  82   2   0   1   4   3   1   0   0   2   0   0   0   6   0   0   0   0  1.18 0.22
  204 K    -1   3   0  -2  -4   1  -1   4  -2  -4  -4   3  -2  -3  -3  -1  -2   4  -2  -4    0  20   3   0   0   5   0  39   0   0   0  26   0   0   0   0   0   6   0   0  0.58 0.13
  205 L    -2  -3  -4  -4  -2  -3  -4  -4  -4   2   4  -3   3  -1  -4  -3  -2  -3  -2   3    0   0   0   0   0   0   0   0   0   5  58   0   8   0   0   0   0   0   0  27  0.58 0.13
  206 W    -4  -1  -5  -6  -1  -4  -5  -4  -4  -4  -3  -4  -3   0  -6  -5  -4  12   0  -5    0   5   0   0   1   0   0   0   0   0   0   0   0   2   0   0   0  92   0   0  3.33 0.37
  207 Y    -3  -3  -1  -5  -4  -3  -4  -5   1  -3  -3  -3  -3   2  -5  -3  -3   1   9  -3    0   0   3   0   0   0   0   0   1   0   0   0   0   0   0   0   0   0  96   0  1.92 0.30
  208 K    -2   1  -1  -2  -4   0  -1  -3  -2  -4  -4   7  -3  -5  -2  -1  -2  -4  -3  -4    0   0   0   0   0   0   0   0   0   0   0  97   0   0   0   3   0   0   0   0  1.25 0.25
  209 P     0  -4  -3  -3  -4  -3  -3  -3  -4  -4  -4  -2  -4  -5   8  -1  -2  -5  -4  -2    6   0   0   0   0   0   0   0   0   0   0   0   0   0  90   2   0   0   0   3  2.20 0.26
  210 V    -1  -4  -4  -5  -2  -4  -4  -5  -5   1   0  -4   0  -2  -4  -3  -1  -4  -3   6    0   0   0   0   0   0   0   0   0   0   3   0   0   0   0   0   0   0   0  97  1.04 0.23
  211 E    -2  -2  -2   0  -5   1   7  -4  -1  -5  -4  -1  -3  -2  -3  -2  -2  -4  -3  -4    0   0   0   1   0   0  96   0   0   0   0   0   0   3   0   0   0   0   0   0  1.36 0.25
  212 Q    -2   1  -1  -2  -4   7   0  -3  -1  -4  -4   0  -2  -4  -3  -1  -2   2  -3  -4    0   6   0   0   0  87   0   0   0   0   0   1   0   0   0   3   0   3   0   0  1.33 0.27
  213 F    -4  -4  -5  -5  -4  -5  -5  -5  -3  -2  -1  -5  -1   8  -5  -4  -4   0   2  -2    0   0   0   0   0   0   0   0   0   0   0   0   0  97   0   0   0   0   3   0  1.75 0.27
  214 I    -2  -4  -4  -4  -2  -4  -4  -5  -4   6   1  -4   0  -1  -4  -3  -2  -4  -2   2    0   0   0   0   0   0   0   0   0  85   6   0   0   0   0   0   0   0   0   6  0.92 0.19
  215 L    -3  -3  -4  -5  -2  -3  -4  -5  -4   1   5  -4   1  -1  -4  -4  -2  -3  -2   0    0   0   0   0   0   0   0   0   0   0  97   0   0   0   0   0   0   0   0   0  0.97 0.19
  216 P    -2  -4  -3  -3  -4  -3  -3  -4  -4  -4  -4  -2  -4  -5   8  -2  -3  -5  -4  -4    0   0   0   0   0   0   0   0   0   0   0   0   0   0  97   0   0   0   0   0  2.52 0.28
  217 E    -2   1  -1   0  -5   1   5  -3  -1  -4  -4   5  -3  -4  -2  -1  -2  -4  -3  -4    0   3   0   0   0   3  48   0   0   0   0  47   0   0   0   0   0   0   0   0  0.85 0.18
  218 S     0  -2  -1  -1  -3  -2  -2   5  -2  -4  -4  -2  -3  -4  -2   3  -1  -3  -3  -3    0   0   0   2   0   0   0  54   0   0   0   0   0   0   0  40   0   0   0   0  0.81 0.16
  219 F    -3  -4  -4  -5  -4  -4  -4  -4  -3  -1  -1  -4  -1   8  -5  -4  -3   0   2  -2    0   0   0   0   0   0   0   0   0   0   0   0   0  96   0   0   0   0   0   0  1.64 0.25
  220 E    -2  -1  -2   0  -5   1   7  -3  -1  -4  -4   0  -3  -4  -2  -1  -2  -4  -3  -4    0   0   0   0   0   0  96   0   0   0   0   0   0   0   0   0   0   0   0   0  1.35 0.24
  221 G    -1  -3  -2  -2  -4  -3  -3   7  -3  -5  -5  -3  -4  -4  -3  -1  -3  -4  -4  -4    0   0   0   0   0   0   0  96   0   0   0   0   0   0   0   0   0   0   0   0  1.54 0.21
  222 T    -1  -2  -1  -2  -2  -2  -2  -3  -3  -1  -2  -2  -1  -3  -2   1   6  -4  -3  -1    0   0   0   0   0   0   0   0   0   3   0   0   1   0   0   3  89   0   0   1  1.02 0.22
  223 I    -2  -3  -4  -4  -2  -3  -4  -4  -4   4   3  -3   1  -1  -3  -3  -2  -3  -2   2    0   0   0   0   0   0   0   0   0  44  41   0   0   0   0   0   0   0   0  10  0.56 0.12
  224 V     0  -3  -4  -4  -2  -3  -3  -4  -4   2   1  -3   0  -2  -3  -2  -1  -4  -2   5    4   0   0   0   0   0   0   0   0   1  10   0   0   0   0   1   0   0   0  81  0.70 0.17
  225 W    -4  -4  -5  -6  -4  -4  -4  -4  -4  -4  -3  -5  -3  -1  -5  -4  -4  12   0  -4    0   0   0   0   0   0   0   0   0   0   0   0   0   0   0   0   0  96   0   0  3.53 0.36
  226 E    -2  -1  -1   1  -5   1   7  -3  -1  -4  -4   0  -3  -4  -2  -1  -2  -4  -3  -4    0   0   0   2   0   1  94   0   0   0   0   0   0   0   0   0   0   0   0   0  1.32 0.23
  227 S     0  -2   1  -1  -2  -1  -1  -1  -2  -3  -3  -1  -3  -3  -2   6   1  -4  -3  -3    2   0   5   0   0   0   0   1   0   0   0   0   0   0   0  85   4   0   0   0  0.85 0.20
  228 Q    -1   0  -1  -2  -3   6   0  -3   2  -2   1   0   0  -3   0  -1  -2  -3  -2  -2    2   1   0   0   0  59   0   0   6   0  20   0   2   0   5   3   0   0   0   1  0.60 0.17
  229 D    -2  -3   0   7  -5  -1   1  -3  -2  -4  -5  -2  -4  -5  -3  -1  -2  -5  -4  -4    1   0   0  94   0   0   2   0   0   0   0   0   0   0   0   0   0   0   0   0  1.53 0.23
  230 L     0  -2  -2  -2  -1  -1  -2  -2   0   0   3  -2   0  -1   2   2  -1  -3  -2   0    4   1   0   0   1   2   0   0   2   0  45   0   0   1   9  31   0   0   0   3  0.26 0.10
  231 H     2   0   0   0  -2   3   1  -1   4  -2  -2   0  -2  -3  -1   0   0  -3  -1  -1   22   3   2   5   0  24  10   2  15   1   1   0   0   0   1   4   6   0   0   3  0.27 0.08
  232 G     0  -3  -1  -2  -3  -2  -3   6  -2  -4  -3  -2  -3  -3  -1   0  -2  -3   0  -3    5   0   1   1   0   0   0  78   0   0   1   0   0   0   2   4   0   0   5   1  1.00 0.16
  233 L    -2  -3  -4  -4  -2  -3  -4  -4  -4   1   5  -3   1  -1  -2  -3  -2  -3  -2   0    0   0   0   0   0   0   0   0   0   0  95   0   0   0   2   0   0   0   0   0  0.90 0.18
  234 V    -1  -2   0  -2  -2  -2  -2  -3  -3   2   1  -2   1  -2  -2   0   3  -3  -2   3    1   0   5   0   0   0   2   0   0  11   7   0   5   0   0   3  27   0   0  37  0.29 0.10
  235 S     0  -2   0  -2  -2  -1  -1  -2  -2  -1  -2  -1  -2  -3  -2   4   4  -3  -3  -1    3   0   1   0   0   1   0   0   0   2   1   0   0   0   0  48  41   0   0   1  0.61 0.16
  236 R     0   4  -2  -3  -2  -1  -1  -1  -2   1   0   0   0  -2  -3  -1   0  -3  -2   2    6  39   0   0   0   0   1   4   0   6   5   3   3   0   0   0   5   0   0  26  0.28 0.10
  237 N    -2  -2   7   2  -4  -1  -1  -1   0  -4  -4  -1  -3  -4  -3   0  -1  -5  -3  -4    2   0  81   9   0   0   0   2   1   0   0   1   0   0   0   1   1   0   0   0  1.17 0.21
  238 L     0  -2  -2  -3  -2  -2  -2  -2  -3   1   3  -2   1  -1  -1   1   0  -2  -1   1    4   0   0   0   0   0   0   1   0   3  51   0   0   0   2  15   6   0   1  14  0.26 0.08
  239 H    -1  -1   0  -2  -3   0  -1  -2   7  -3  -3  -1  -2  -3  -2   3   1  -1  -1  -3    0   3   2   0   0   1   0   1  42   0   0   0   0   0   1  37  10   1   0   0  0.71 0.17
  240 K     0   3   0   0  -1   0   0   0   0  -3  -3   3  -2  -3  -2   2   0  -3  -2  -3    5  18   1   5   1   1   0   5   1   0   0  34   0   1   0  22   2   0   1   0  0.33 0.09
  241 V    -1  -3  -4  -2  -2  -3  -3  -4  -4   2   0  -3   0  -2  -3  -3  -1  -4  -2   6    1   0   0   2   0   0   1   0   0   1   3   0   0   0   0   0   0   0   0  88  0.80 0.19
  242 T     0  -1  -1  -2  -2   3   0  -2   1   0   0   0   2  -2  -2   0   2  -3  -2   0    9   1   0   0   0  19   6   1   3   8   5   7  11   0   0   0  26   0   0   3  0.18 0.08
  243 V    -2  -3  -4  -4  -2  -3  -3  -4  -3   2   3  -3   1   1  -3  -3  -1  -2  -1   4    0   0   0   0   0   0   0   0   0   6  42   0   1   7   0   0   0   0   0  42  0.48 0.11
  244 N    -2  -1   7   1  -4  -1  -1  -2   1  -4  -4  -1  -3  -4  -3   0  -1  -5  -3  -4    0   1  84   5   0   0   0   0   2   0   0   0   0   0   0   5   0   0   0   0  1.24 0.22
  245 D    -2  -1   3   6  -4  -1   0  -2  -2  -4  -4  -1  -4  -4  -2   0  -1  -5  -4  -4    1   3  13  70   0   0   0   1   0   0   0   0   0   0   0   8   3   0   0   0  0.99 0.17
  246 G    -1  -2  -2  -2  -4  -3  -3   7  -3  -5  -5  -2  -4  -4  -3  -1  -3  -4  -4  -4    0   2   0   0   0   0   0  94   0   0   0   0   0   0   0   0   0   0   0   0  1.47 0.21
  247 G    -1  -3  -2  -2  -4  -3  -3   7  -3  -4  -4  -3  -4  -4  -3  -1  -3  -4  -4  -3    0   0   0   0   0   0   0  94   0   0   0   0   0   0   0   0   0   0   0   2  1.47 0.21
  248 G    -1  -3  -2  -2  -4  -3  -3   7  -3  -5  -5  -3  -4  -4  -3  -1  -3  -4  -4  -4    0   0   0   0   0   0   0  96   0   0   0   0   0   0   0   0   0   0   0   0  1.54 0.21
  249 V    -1  -4  -4  -4  -2  -3  -3  -4  -4   2   0  -3   0  -2  -3  -3  -1  -4  -2   6    0   0   0   0   0   0   0   0   0   5   0   0   0   0   0   0   0   0   0  91  0.91 0.20
  250 L    -2  -3  -4  -4  -2  -3  -4  -4  -3   1   5  -3   1   3  -4  -3  -2  -2  -1   0    0   0   0   0   0   0   0   0   0   1  79   0   0  14   0   0   0   0   0   4  0.71 0.15
  251 R    -2   6  -1  -2  -4   0  -1  -3  -1  -4  -3   4  -2  -4  -3  -1  -1  -4  -3  -3    0  61   0   0   0   1   1   0   0   0   0  32   0   0   0   0   2   0   0   0  0.95 0.17
  252 V    -2  -3  -4  -4  -2  -3  -3  -4  -3   3   2  -3   0   3  -3  -3  -1  -2  -1   3    0   0   0   0   0   0   0   0   0  27  16   0   0  18   0   0   0   0   0  37  0.45 0.10
  253 I     0  -1   0  -2  -2  -1  -2   0  -2   2   0  -1   0  -1  -2   2   2  -3  -1   0    4   2   2   0   0   0   0   8   0  20   7   0   1   2   0  33  13   0   2   3  0.16 0.07
  254 T     1  -2  -1  -2   0  -1  -1  -2  -2  -1  -2  -1  -2  -3   0   3   4  -3  -2  -1   11   0   0   0   2   0   0   0   0   4   0   0   0   0   3  32  46   0   0   0  0.50 0.14
  255 A     3  -3  -3  -2  -2  -2  -2  -2  -3   3   0  -2   0  -2  -2  -1   0  -3  -2   2   44   0   0   2   0   0   0   0   0  30   4   0   0   0   1   0   7   0   0  13  0.33 0.11
  256 G     2  -2  -1   0  -3  -1   3   4  -2  -3  -4   0  -3  -4  -2   0  -1  -4  -3  -2   23   0   0   2   0   0  25  42   0   0   0   4   0   0   0   2   1   0   0   1  0.54 0.12
  257 E    -2  -1  -1   1  -5   1   7  -3  -1  -5  -4   0  -3  -5  -2  -1  -2  -4  -3  -4    0   0   0   3   0   1  91   0   0   0   0   4   0   0   0   0   0   0   0   0  1.28 0.24
  258 G    -1  -3  -1  -2  -4  -1  -2   6  -3  -5  -5  -2  -4  -4  -3   0  -2  -4  -4  -4    1   0   0   0   0   3   1  90   0   0   0   0   0   0   0   5   0   0   0   0  1.38 0.20
  259 A     2  -2  -2  -2  -1  -2  -2  -2  -3   2   0  -2   0  -2  -2   1   2  -3  -2   1   29   0   0   0   0   0   0   0   0  17   9   0   2   0   0  16  18   0   0   9  0.23 0.08
  260 L    -3  -3  -5  -5  -2  -3  -4  -5  -4   1   5  -4   1  -1  -4  -4  -2   2  -2   0    0   0   0   0   0   0   0   0   0   5  92   0   0   0   0   0   0   4   0   0  0.92 0.19
  261 P    -2  -1  -3  -3  -4   1  -2  -4  -3  -4  -4  -2  -4  -5   8  -2  -2  -5  -4  -4    0   3   0   0   0   7   0   0   0   0   0   0   0   0  89   1   0   0   0   0  2.21 0.26
  262 H    -3  -1   0   0  -5  -1  -1  -4   9  -5  -4  -2  -3  -2   0  -2  -3  -3   2  -4    0   2   2   5   0   1   0   0  79   0   0   0   0   0   4   0   0   0   7   0  1.57 0.26
  263 E    -2   5  -1  -1  -5   0   5   0  -1  -4  -4   0  -3  -4  -3  -1  -2  -4  -3  -4    0  41   0   0   0   0  49  10   0   0   0   0   0   0   0   0   0   0   0   0  0.81 0.18
  264 F    -1  -2   0  -3  -3  -2  -2  -3  -2  -2   0  -2  -1   5  -2   3  -1  -1   1  -2    0   1   4   0   0   0   0   0   0   0  11   0   0  45   1  38   0   0   1   0  0.54 0.16
  265 L     3  -2  -2  -3  -2  -2  -1   0  -3  -1   0  -2   4  -2  -2   0   2  -3  -2   0   39   0   0   0   0   0   2   5   0   1   4   0  20   0   1   1  22   0   0   5  0.31 0.12
  266 E    -2   0  -2   0  -3   3   4  -3  -1  -1   2  -1  -1  -2  -2  -2  -2  -3  -1   0    0   3   0   1   0  14  44   0   0   0  28   0   0   0   1   0   0   0   2   7  0.40 0.12
  267 G    -1  -4   0  -2  -4  -3  -3   7  -3  -5  -5  -3  -4  -4  -3  -1  -3  -4  -4  -4    0   0   3   1   0   0   0  94   0   0   0   0   0   0   0   1   0   0   0   0  1.50 0.22
  268 V    -1  -3  -4  -4  -2  -3  -4  -4  -3   1   0  -2   0   5  -4  -3  -1  -2   0   4    2   0   0   0   0   0   0   0   0   2   1   2   0  35   0   0   2   0   0  56  0.63 0.16
  269 E    -1  -2  -2  -1  -4   0   5  -3  -2  -4  -4  -1  -3  -5   6  -1  -2  -4  -4  -3    5   0   0   0   0   0  50   0   0   0   0   0   0   0  43   2   0   0   0   0  1.17 0.19
  270 G     1  -4  -2  -3  -4  -3  -3   7  -3  -5  -5  -3  -4  -4  -3  -1  -3  -4  -4  -4    9   0   0   0   0   0   0  91   0   0   0   0   0   0   0   0   0   0   0   0  1.45 0.21
  271 V    -2  -3  -4  -4  -2  -3  -4  -4  -4   3   3  -3   1  -1  -4  -3  -1  -3  -2   4    0   0   0   0   0   0   0   0   0  21  42   0   0   0   0   0   0   0   0  37  0.58 0.13
  272 A     6  -3  -3  -3  -2  -2  -2  -1  -3  -3  -3  -2  -2  -4  -2   0  -1  -4  -3  -1   98   0   0   0   0   0   0   1   0   0   0   0   0   0   0   1   0   0   0   0  1.03 0.23
  273 G    -1  -4  -2  -3  -4  -3  -4   7  -3  -5  -5  -3  -4  -5  -4  -2  -3  -4  -5  -5    0   0   0   0   0   0   0 100   0   0   0   0   0   0   0   0   0   0   0   0  1.69 0.24
  274 G    -1  -4  -2  -2  -4  -3  -3   7  -3  -5  -5  -3  -4  -5  -3  -1  -3  -4  -4  -5    0   0   0   1   0   0   0  98   0   0   0   0   0   0   0   0   0   0   0   0  1.63 0.23
  275 F    -4  -4  -5  -5  -4  -5  -5  -5  -3  -2  -1  -5  -1   8  -5  -4  -4   0   2  -2    0   0   0   0   0   0   0   0   0   0   0   0   0  99   0   0   0   0   0   1  1.78 0.27
  276 I    -2  -3  -2  -3  -2  -3  -3  -4  -3   4   0  -2   0  -2  -3  -1   5  -4  -3   0    0   0   0   0   0   0   0   0   0  43   1   0   2   0   0   0  53   0   0   0  0.67 0.18
  277 Y    -3  -3  -4  -5  -4  -3  -4  -5   0  -2  -2  -4  -2   6  -5  -3  -3   1   8  -2    0   0   0   0   0   0   0   0   0   0   0   0   0  37   0   0   0   0  63   0  1.49 0.24
  278 T    -1  -2  -1  -2  -2  -2  -2  -3  -3  -1  -2  -1  -2  -3  -2   2   6  -4  -3  -1    1   1   0   0   0   0   0   0   0   4   0   2   0   0   0  10  81   0   0   0  0.89 0.21
  279 I    -2  -4  -4  -4  -2  -4  -4  -5  -5   6   1  -4   0  -1  -4  -3  -2  -4  -2   3    0   0   0   0   0   0   0   0   0  81   1   0   0   0   0   0   0   0   0  17  0.96 0.20
  280 Q    -3  -1  -2  -3  -4   5  -1  -4   5  -4  -3  -1  -2   0  -3  -2  -2  -1   6  -3    0   0   0   0   0  44   0   0  17   0   0   0   0   0   0   0   0   0  39   0  1.00 0.22
  281 E    -2  -2   0   5  -5   0   5  -3  -2  -4  -4  -1  -4  -5  -2  -1  -2  -5  -4  -4    0   0   1  46   0   0  53   0   0   0   0   0   0   0   0   0   0   0   0   0  1.11 0.20
  282 G     0  -2  -2  -2  -3  -2   0   5  -3  -3  -3  -2  -1  -4  -2  -1  -1  -4  -3   0    7   2   0   0   0   0   6  67   0   0   0   0   2   0   1   3   1   0   0  10  0.75 0.14
  283 D     0  -2   0   6  -4   0   4  -2  -2  -4  -4  -1  -3  -4  -1  -1  -1  -5  -4  -4    8   0   1  56   0   2  30   0   0   0   0   0   0   0   1   1   1   0   0   0  0.91 0.17
  284 A     4  -2  -2  -2  -2  -2  -2   2  -3  -1  -2  -2  -2  -3  -2   1   0  -3  -3   0   58   0   0   0   0   0   0  19   0   1   0   0   0   0   0   9   5   0   0   8  0.48 0.13
  285 L    -3  -3  -5  -5  -2  -3  -4  -5  -4   1   6  -4   1  -1  -4  -4  -2  -3  -2   0    0   0   0   0   0   0   0   0   0   0 100   0   0   0   0   0   0   0   0   0  1.05 0.21
  286 L     0  -2  -2  -3   0  -1  -2  -3  -3   0   4  -2   0  -1  -3   2  -1   2  -2   0    4   0   0   0   1   2   1   1   0   0  59   2   0   0   0  23   0   3   0   2  0.34 0.12
  287 H    -1   1   0   0  -4   3   3   1   2  -4  -3   2  -2  -3  -2  -1  -2  -2  -2  -3    3   8   3   1   0  18  27  13   7   0   2  17   0   0   0   0   0   1   0   0  0.39 0.09
  288 N    -1  -2   3  -1  -2  -1  -2  -2   1  -1   2  -1   2  -2  -3   2   1  -3  -2  -1    0   0  25   0   0   0   0   0   5   1  26   1  10   0   0  23   6   0   0   2  0.25 0.10
  289 L    -3  -3  -5  -5  -2  -3  -4  -5  -4   1   5  -4   1  -1  -4  -4  -2  -3  -2   0    0   0   0   0   0   0   0   0   0   2  98   0   0   0   0   0   0   0   0   0  1.01 0.20
  290 H    -1   4   1  -2  -2   2   0  -2   7  -4  -3   0  -2  -3  -3  -1  -1  -1   0  -3    2  31   5   0   1   8   3   1  38   0   0   3   0   0   0   2   3   1   1   0  0.67 0.15
  291 S     0  -2   0  -1  -2  -2  -2   4  -2  -3  -4  -2  -3  -4  -2   3   2  -4  -3  -3    0   0   1   0   0   0   0  40   0   0   0   0   0   0   0  39  20   0   0   0  0.65 0.15
  292 R    -3   7  -2  -3  -5   0  -1  -4  -1  -4  -4   1  -3  -2  -4  -1  -2  -4  -3  -4    0  95   0   0   0   1   0   0   0   0   0   0   0   2   0   2   0   0   0   0  1.45 0.25
  293 P     1  -3  -3  -3  -4  -1  -1  -3  -3  -4  -4  -2  -3  -5   8  -1  -2  -5  -4  -3   11   1   0   0   0   3   3   0   0   0   0   0   0   0  78   2   1   0   0   1  1.79 0.22
  294 Q     1   1  -1   0  -3   3   3   2  -1  -3  -3   1  -2  -3  -2   0   0  -3  -3  -2   19   9   1   1   0  17  25  16   0   0   1   5   0   0   0   1   4   0   0   2  0.32 0.08
  295 R    -3   8  -2  -3  -5   0  -2  -4  -2  -5  -4   1  -3  -4  -4  -2  -3  -4  -3  -4    0 100   0   0   0   0   0   0   0   0   0   0   0   0   0   0   0   0   0   0  1.63 0.27
  296 L    -2   0  -3  -4  -2   0  -3  -4  -3   1   3  -2   4   3  -4  -3  -2  -2  -1   0    1   5   0   0   0   6   0   0   0   7  39   0  22  18   0   0   0   0   0   1  0.41 0.12
  297 I     0   1  -1   0  -2   2   3  -2  -1   0   0   0   0  -2  -2   0   0  -3  -2   0   11   7   0   1   0  12  28   1   0   7  13   5   1   0   0   3   4   0   0   9  0.17 0.06
  298 D     0   1   1   3  -1   0   1  -2   3  -2  -2   0  -2  -2  -2   2   0  -4  -2  -2    5  11   5  26   1   1   6   0   9   2   2   2   0   2   0  22   3   0   0   0  0.28 0.08
  299 H    -3   0  -1  -3  -5   0  -2  -4  10  -5  -4  -2  -3  -3  -4  -2  -3  -4   1  -5    0   3   0   0   0   3   0   0  93   0   0   0   0   0   0   0   0   0   1   0  2.06 0.31
  300 I     2  -2  -2  -3  -2  -1  -2  -1  -3   2   1  -1   2  -1  -2   0  -1  -3  -2   1   25   1   0   0   0   0   1   3   0  22  17   5  11   0   0   8   1   0   0   6  0.16 0.07
  301 R     2   2   1   0  -2   0  -1  -1   0  -3  -3   1  -2  -2  -2   3   1  -3  -2  -2   19  18   9   3   0   1   1   0   3   0   0   5   0   1   0  31   8   0   0   0  0.29 0.09
  302 N     0   3   4   0  -3   0  -1   0  -1  -3  -3   2  -1  -3  -2   0   0  -4  -3  -2    7  26  27   2   0   2   1   6   0   1   0  17   1   0   0   6   3   0   0   1  0.37 0.09
  303 L    -3  -3  -4  -5  -2  -2  -4  -5  -4   1   5  -3   1  -1  -4  -4  -2  -3  -2   0    0   0   0   0   0   2   0   0   0   0  95   0   0   0   0   0   0   0   0   1  0.93 0.19
  304 H    -2   5  -1  -1  -4   2   3  -3   5  -4  -3   1  -2  -3  -3  -1  -2  -4  -2  -3    0  44   0   0   0   7  22   0  18   0   1   6   1   0   0   0   0   0   0   0  0.70 0.15
  305 E    -1   1  -1   0  -4   3   5  -2  -1  -3  -2   2  -1  -4  -2  -1  -1  -3  -3  -2    3   4   0   0   0  17  53   1   1   0   2  13   2   0   0   0   2   0   0   2  0.61 0.14
  306 E    -2  -1  -2   0  -5   1   7  -3  -1  -5  -4   0  -3  -5  -2  -1  -2  -4  -3  -4    1   0   0   0   0   1  97   0   0   0   0   0   0   0   0   0   0   0   0   0  1.38 0.25
  307 D    -3  -3   0   7  -5  -2   0  -2  -2  -5  -5  -2  -4  -5  -3  -2  -2  -6  -4  -5    0   0   1  95   0   0   0   2   0   0   0   0   0   0   0   0   0   0   0   0  1.60 0.25
  308 A     5  -1  -2  -2  -2  -1   0  -1  -2  -2  -2  -1  -2  -3  -2   0   0   1  -2   0   71   3   0   0   0   2   5   0   0   0   0   3   0   0   0   3   3   2   0   7  0.50 0.15
  309 L     2  -2  -2  -2  -2  -2  -2  -2  -3   0   3  -2   0  -1  -2   0   0  -3  -2   0   30   0   1   1   0   0   2   0   0   0  51   0   0   0   0   8   3   0   0   2  0.30 0.11
  310 L    -3  -3  -5  -5  -2  -3  -4  -5  -4   1   6  -4   1  -1  -4  -4  -2  -3  -2   0    0   0   0   0   0   0   0   0   0   0 100   0   0   0   0   0   0   0   0   0  1.05 0.21
  311 K    -2   2  -1  -1  -4   4   2  -2  -1  -3  -2   4  -1  -4  -2  -1  -1  -3  -3  -3    0   9   0   1   0  34  16   1   1   0   3  34   1   0   0   0   2   0   0   0  0.60 0.14
  312 E    -2   1  -1   1  -5   3   5  -2  -1  -4  -4   1  -3  -4  -2  -1  -2  -4  -3  -3    1   8   0   2   0  16  66   2   0   0   0   5   0   0   0   0   0   0   0   1  0.85 0.17
  313 E    -2  -1  -2   0  -5   1   7  -4  -1  -5  -4  -1  -3  -5  -3  -2  -2  -4  -4  -4    0   1   0   0   0   0  99   0   0   0   0   0   0   0   0   0   0   0   0   0  1.45 0.26
  314 S     0  -2   0  -2  -2  -1  -2   0  -2  -4  -4  -2  -3  -4  -2   6   0  -4  -3  -3    1   0   1   0   0   0   0   5   0   0   0   0   0   0   0  94   0   0   0   0  1.02 0.24
  315 S    -1   2   0  -2  -2   1  -1  -1   0  -1   2   0   0  -2  -2   2   0  -3  -2  -1    1  18   5   0   0   7   1   2   2   2  28   0   0   0   0  27   6   0   0   0  0.18 0.09
  316 I     0   4  -2  -2  -2   0  -1  -3   0   1   0   0  -1  -2  -3  -1   2  -3  -2   1    5  34   0   0   0   3   1   0   2  13   6   1   0   0   0   0  25   0   0  11  0.27 0.10
  317 Y    -3  -2   0  -3  -4  -2  -2  -4   8  -3  -3  -3  -3   2  -4  -3  -3  -1   7  -3    0   0   3   0   0   0   0   0  46   0   0   0   0   4   0   0   0   0  47   0  1.35 0.23
  318 D    -1  -2   0   3  -4   2  -1   5  -2  -4  -4  -1  -3  -4  -3  -1  -2  -4  -4  -4    0   1   2  26   0  16   0  53   0   0   0   0   0   0   0   1   0   0   0   0  0.79 0.15
  319 D    -3  -3   0   8  -5  -2   0  -3  -3  -5  -5  -2  -5  -5  -3  -2  -3  -6  -5  -5    0   0   0 100   0   0   0   0   0   0   0   0   0   0   0   0   0   0   0   0  1.76 0.27
  320 I    -2  -4  -3  -4  -2  -3  -4  -5  -4   6   1  -3   5  -1  -4  -3  -2  -3  -2   1    0   0   1   0   0   0   0   0   0  65   3   0  29   0   0   0   0   0   0   2  0.85 0.20
  321 V    -1  -4  -4  -5  -2  -4  -4  -5  -5   2   0  -4   0  -2  -4  -3  -1  -4  -3   6    0   0   0   0   0   0   0   0   0   4   0   0   0   0   0   0   0   0   0  96  1.04 0.22
  322 F    -4  -4  -5  -5  -4  -5  -5  -5  -3  -1   0  -5  -1   8  -5  -4  -4   0   2  -2    0   0   0   0   0   0   0   0   0   0   3   0   0  97   0   0   0   0   0   0  1.72 0.27
  323 V    -1  -4  -4  -5  -2  -4  -4  -5  -5   1   0  -4  -1  -2  -4  -3  -1  -4  -3   6    0   0   0   0   0   0   0   0   0   0   1   0   0   0   0   0   0   0   0  99  1.09 0.23
  324 D    -3  -3   1   7  -5  -1   0  -2   1  -5  -5  -2  -4  -5  -3  -2  -2  -6  -4  -5    0   0   3  90   0   1   0   1   4   0   0   0   0   0   0   0   0   0   0   0  1.48 0.24
  325 V    -1  -4  -4  -5  -2  -4  -4  -5  -5   2   0  -4   0  -2  -4  -3  -1  -4  -2   6    0   0   0   0   0   0   0   0   0   8   0   0   0   0   0   0   0   0   0  92  0.99 0.21
  326 V    -1  -4  -4  -4  -2  -3  -4  -5  -4   3   0  -4   0  -2  -4  -3  -1  -4  -2   6    0   0   0   0   0   0   0   0   0  17   1   0   0   0   0   0   1   0   0  82  0.87 0.19
  327 D    -3  -3   0   8  -5  -2   0  -3  -3  -5  -5  -2  -5  -5  -3  -2  -3  -6  -5  -5    0   0   0 100   0   0   0   0   0   0   0   0   0   0   0   0   0   0   0   0  1.76 0.27
  328 T    -1  -3  -1  -3  -2  -2  -2  -3  -3  -1  -3  -2  -2  -4  -3   0   7  -4  -3  -1    0   0   0   0   0   0   0   0   0   2   0   0   0   0   0   0  98   0   0   0  1.26 0.26
  329 Y    -3  -3  -4  -5  -4  -3  -4  -5   0  -3  -3  -4  -3   2  -5  -3  -3   1   9  -3    0   0   0   0   0   0   0   0   0   0   0   0   0   0   0   0   0   0 100   0  2.07 0.31
  330 R    -3   7  -2  -3  -5   0  -2  -4  -2  -4  -3   1  -3  -4  -4  -2  -3  -4  -3  -4    0  99   0   0   0   0   0   0   0   0   1   0   0   0   0   0   0   0   0   0  1.59 0.27
  331 N    -3  -2   8   0  -4  -1  -2  -2  -1  -5  -5  -2  -4  -4  -3   0   0  -5  -4  -4    0   0  92   0   0   0   0   0   0   0   0   0   0   0   0   5   4   0   0   0  1.45 0.26
  332 V    -1  -4  -4  -5  -2  -4  -4  -5  -5   2   0  -4   0  -2  -4  -3  -1  -4  -3   6    0   0   0   0   0   0   0   0   0   2   0   0   0   0   0   0   0   0   0  98  1.07 0.23
  333 P    -2  -4  -4  -3  -5  -3  -3  -4  -4  -4  -5  -3  -4  -5   8  -2  -3  -5  -5  -4    0   0   0   0   0   0   0   0   0   0   0   0   0   0 100   0   0   0   0   0  2.65 0.30
  334 A     4  -2  -1  -2  -2  -1  -1  -1   1  -3  -2  -1  -2  -3  -2   4   0  -3  -1  -2   46   0   0   0   0   0   0   0   4   0   3   0   0   0   0  43   3   0   1   0  0.53 0.15
  335 K    -2   1  -2  -2  -5   0  -1  -3  -2  -4  -4   7  -3  -5  -2  -2  -2  -5  -3  -4    0   0   0   0   0   0   0   0   0   0   0 100   0   0   0   0   0   0   0   0  1.33 0.26
  336 L    -3  -3  -5  -5  -2  -3  -4  -5  -4   1   6  -4   1  -1  -4  -4  -2  -3  -2   0    0   0   0   0   0   0   0   0   0   0 100   0   0   0   0   0   0   0   0   0  1.05 0.21
  337 L    -3  -3  -5  -5  -2  -3  -4  -5  -4   1   6  -4   1  -1  -4  -4  -2  -3  -2   0    0   0   0   0   0   0   0   0   0   0 100   0   0   0   0   0   0   0   0   0  1.05 0.21
  338 N    -2   0   5  -1  -4   5   0  -2   4  -4  -4   0  -2  -4  -3  -1  -2  -4  -2  -4    0   4  44   0   0  37   0   0  13   0   0   1   0   0   0   1   0   0   0   0  0.85 0.19
  339 F    -4  -4  -5  -5  -4  -5  -5  -5  -3  -2  -1  -5  -1   8  -5  -4  -4   0   2  -2    0   0   0   0   0   0   0   0   0   0   0   0   0 100   0   0   0   0   0   0  1.81 0.28
  340 Y    -3  -3  -4  -5  -2  -3  -4  -5   0  -3  -3  -4  -3   2  -5  -3  -3   1   9  -3    0   0   0   0   1   0   0   0   0   0   0   0   0   0   0   0   0   0  99   0  2.03 0.31
  341 R    -2   5  -1  -2  -4   2   0  -3  -1  -4  -3   5  -2  -4  -2  -1  -2  -4  -3  -3    0  39   1   0   0   9   3   0   0   0   0  48   0   0   0   1   0   0   0   0  0.84 0.17
  342 W    -4  -4  -5  -6  -4  -4  -4  -4  -4  -4  -3  -5  -3  -1  -5  -4  -4  12   0  -4    0   0   0   0   0   0   0   0   0   0   0   0   0   0   0   0   0  96   0   0  3.54 0.37
  343 T     0  -2  -1  -2  -2  -1  -1  -2  -2  -2  -3  -1  -2  -3  -2   4   5  -3  -3  -2    5   0   0   0   0   0   0   0   0   0   0   0   0   0   0  45  47   0   0   0  0.68 0.17
  344 V    -1  -3  -4  -4  -2  -3  -3  -4  -4   2   0  -3   1  -2  -3  -3  -1  -4  -2   6    1   0   0   0   0   0   0   0   0   3   0   0   3   0   0   0   0   0   0  90  0.87 0.20
  345 E    -1   1  -1   0  -4   1   5   3  -1  -4  -4   0  -3  -4  -2  -1  -2  -3  -3  -3    2   9   0   1   0   2  55  24   0   0   0   4   0   0   0   1   0   0   0   0  0.63 0.14
  346 T     0  -1   5  -1  -2  -1  -1  -1   0  -3  -2  -1  -2  -2  -2   2   3  -3  -1  -2    8   2  38   0   0   0   1   0   2   0   2   0   0   1   0  20  23   0   1   0  0.45 0.12
  347 T     3  -2  -2  -2  -2  -1   0  -1  -2  -1  -2  -2  -1  -3  -2   0   4  -3  -3  -1   39   0   0   0   0   0   4   2   0   3   0   0   0   0   0   0  48   0   0   1  0.50 0.15
  348 S     0  -1   2   4  -3   0   1  -1  -1  -3  -3  -1  -3  -3  -2   3   0  -4  -3  -3    4   1   7  35   0   1   4   1   1   1   0   0   0   0   0  43   0   0   0   0  0.54 0.13
  349 F    -3  -4  -4  -4  -4  -4  -4  -4  -2  -1  -1  -4  -1   8  -5  -3  -3   0   3  -2    0   0   0   0   0   0   0   0   0   0   0   0   0  90   0   1   0   0   5   0  1.50 0.23
  350 N    -1   0   4   5  -3  -1   1  -1  -1  -4  -4   0  -2  -4  -2   2  -1  -4  -3  -3    2   4  23  40   0   0   4   1   1   0   0   6   1   0   0  16   0   0   0   0  0.57 0.11
  351 L    -2  -3  -4  -4  -2  -3  -4  -4  -4   1   5  -3   2   1  -4  -3  -2  -2  -2   1    0   0   0   0   0   0   0   0   0   0  86   0   2   3   0   0   0   0   0   5  0.78 0.16
  352 L    -2  -3  -4  -4  -2  -3  -4  -4  -4   1   5  -3   2   0  -4  -3  -2  -3  -2   0    0   0   0   0   0   0   0   0   0   0  93   0   2   1   0   0   0   0   0   0  0.89 0.18
  353 L    -2  -3  -4  -4  -2  -3  -4  -5  -4   1   5  -3   1  -1  -4  -3  -2  -3  -2   0    0   0   0   0   0   0   0   0   0   0  96   0   0   0   0   0   0   0   0   0  0.94 0.19
  354 K    -2   1  -1  -2  -4   0   0  -3  -2  -4  -4   7  -3  -4  -2  -1  -2  -4  -3  -3    0   0   0   0   0   0   0   0   0   0   0  96   0   0   0   0   0   0   0   0  1.21 0.24
  355 T    -1  -2  -1  -2  -2  -2  -2  -3  -3  -2  -2  -2  -2  -3  -2   0   7  -4  -3  -1    1   0   0   0   0   0   0   0   0   0   0   0   0   0   0   1  95   0   0   0  1.17 0.24
  356 D    -3  -3   0   7  -5  -2   0  -3  -2  -4  -5  -2  -4  -5  -3  -2  -2  -5  -4  -4    0   0   0  96   0   0   0   0   0   0   0   0   0   0   0   0   0   0   0   0  1.61 0.24
  357 D    -3  -3   0   7  -5  -2   0  -3  -2  -4  -5  -2  -4  -5  -3  -2  -2  -5  -4  -4    0   0   0  96   0   0   0   0   0   0   0   0   0   0   0   0   0   0   0   0  1.61 0.24
  358 D    -3  -3   0   7  -5  -2   0  -3  -2  -4  -5  -2  -4  -5  -3  -2  -2  -5  -4  -4    0   0   0  96   0   0   0   0   0   0   0   0   0   0   0   0   0   0   0   0  1.61 0.24
  359 C    -2  -5  -5  -5  11  -5  -6  -4  -5  -3  -3  -5  -3  -4  -5  -3  -3  -4  -4  -3    0   0   0   0 100   0   0   0   0   0   0   0   0   0   0   0   0   0   0   0  2.74 0.34
  360 Y    -3  -3  -3  -4  -4  -3  -3  -4   0  -3  -2  -3  -2   3  -4  -3  -3   1   9  -3    0   0   0   0   0   0   0   0   0   0   0   0   0   5   0   0   0   0  91   0  1.77 0.27
  361 I    -2  -4  -4  -4  -2  -4  -4  -5  -4   6   1  -4   0  -1  -4  -3  -2  -4  -2   3    0   0   0   0   0   0   0   0   0  82   1   0   0   0   0   0   0   0   0  14  0.90 0.19
  362 D    -3  -3   1   7  -5  -2   0  -2  -2  -4  -5  -2  -4  -5  -3  -1  -2  -5  -4  -4    0   0   4  92   0   0   0   0   0   0   0   0   0   0   0   0   0   0   0   0  1.51 0.23
  363 L    -2  -3  -4  -4  -2  -3  -3  -4  -4   2   3  -3   2  -1  -3  -3  -1  -3  -2   3    0   0   0   0   0   0   0   0   0   7  47   0   4   0   0   0   0   0   0  39  0.52 0.12
  364 E    -2  -1   0   5  -4   0   5  -3  -2  -4  -4  -1  -3  -4  -2  -1  -2  -4  -3  -4    0   1   0  45   0   0  50   0   0   0   0   0   0   0   0   0   0   0   0   0  1.01 0.18
  365 A     4  -2   1  -2  -2  -1  -1  -1  -2  -2  -3   0  -2  -3  -2   2   0  -3  -3  -1   65   0   7   0   0   0   0   1   0   0   0   3   0   0   0  21   1   0   0   0  0.55 0.15
  366 V    -1  -3  -4  -4  -2  -3  -3  -4  -4   2   0  -3   2  -2  -3  -3  -1  -4  -2   6    1   0   0   0   0   0   0   0   0   8   0   0   6   0   0   0   0   0   0  82  0.77 0.18
  367 F    -3  -3  -4  -4  -3  -3  -4  -4  -3   0   4  -4   0   6  -4  -3  -2  -1   1   0    0   0   0   0   0   0   0   0   0   1  50   0   0  44   0   0   0   0   0   1  0.75 0.15
  368 N    -2  -1   4  -1  -3   0   0  -2   0  -1  -1   0   5  -2  -3  -1   0  -3  -2  -1    1   2  35   1   0   4   7   0   2   1   2   6  31   0   0   1   5   0   0   1  0.40 0.13
  369 R    -2   5  -1  -2  -4   0  -1  -3  -1  -4  -3   5  -1  -4  -2  -1  -2  -4  -3  -3    0  48   0   0   0   0   0   0   0   0   0  44   2   0   0   2   0   0   0   0  0.86 0.17
  370 I     0  -4  -4  -4  -2  -3  -4  -4  -4   6   0  -3   0  -1  -3  -3  -1  -4  -2   2    7   0   0   0   0   0   0   0   0  84   1   0   1   0   0   0   2   0   0   3  0.81 0.18
  371 V     2  -1   0   4  -2  -1   1   0  -2  -2  -2   0  -1  -3  -2   0   1  -4  -3  -1   25   1   1  37   0   0   6   5   0   0   1   5   3   0   0   2  10   0   0   4  0.33 0.09
  372 Q    -2   2   0   0  -4   4   0  -2   7  -3   0  -1  -1  -2  -3  -2  -2  -3   0  -3    0  10   4   4   0  25   1   1  38   0  12   0   0   1   0   0   0   0   1   1  0.58 0.14
  373 K    -2   2  -1  -2  -4   0   0  -2  -2  -4  -4   6  -2  -4  -2  -1  -2  -4  -3  -3    0   8   0   0   0   0   2   2   0   0   0  85   0   0   0   0   0   0   0   0  1.00 0.20
  374 N    -1   0   4   0  -3   0  -1   3   1  -3  -3   1  -2  -3  -2   0   0  -3  -2  -3    2   6  35   3   0   3   2  25   4   0   1   8   0   0   0   5   3   0   0   1  0.40 0.09
  375 L    -2  -3  -4  -4  -2  -2  -4  -4  -4   1   5  -3   1  -1  -3  -3  -2  -3  -2   0    0   0   0   0   0   2   0   0   0   0  94   0   0   0   1   0   0   0   0   0  0.87 0.18
  376 D    -1   1   1   4  -3   1   1   0  -1  -3  -3   3  -2  -4  -2   0  -1  -4  -3  -3    1   8   4  28   0   6   6   9   0   0   0  31   0   0   0   3   3   0   0   0  0.41 0.09
  377 G     0   5  -1  -2  -4   0  -1   3  -1  -4  -3   2  -2  -4  -3  -1  -2  -3  -3  -3    5  54   0   0   0   2   0  27   1   0   1   8   0   0   0   0   0   0   0   0  0.69 0.14
  378 P    -1   1   1  -1  -3  -1   0  -2  -1  -3  -3  -1  -3  -4   6   2   1  -4  -3  -3    0  12   7   0   0   0   4   1   1   0   0   1   0   0  44  22   8   0   0   0  0.83 0.13
  379 N    -2  -2   7   0  -4  -1  -1  -2   0  -4  -4  -1  -3  -4  -3   1  -1  -5  -3  -4    0   0  88   1   0   0   0   0   1   0   0   1   0   0   0   6   0   0   0   0  1.31 0.23
  380 F    -2  -3  -3  -4  -3  -3  -3  -4  -3   2   1  -3   0   6  -4  -2   0  -1   1   1    2   0   0   0   0   0   0   0   0  12   9   0   0  56   0   2   6   0   0  12  0.62 0.13
  381 W    -4  -4  -5  -6  -4  -4  -4  -4  -4  -4  -3  -5  -3  -1  -5  -4  -4  12   0  -4    0   0   0   0   0   0   0   0   0   0   0   0   0   0   0   0   0  96   0   0  3.54 0.37
  382 W    -4  -4  -5  -6  -4  -4  -4  -4  -4  -4  -3  -5  -3  -1  -5  -4  -4  12   0  -4    0   0   0   0   0   0   0   0   0   0   0   0   0   0   0   0   0  96   0   0  3.54 0.37
  383 G    -1  -3  -2  -2  -4  -3  -3   7  -3  -5  -5  -3  -4  -4  -3  -1  -3  -4  -4  -4    0   0   0   0   0   0   1  96   0   0   0   0   0   0   0   0   0   0   0   0  1.54 0.21
  384 N    -3  -2   8   0  -4  -1  -1  -2  -1  -4  -4  -1  -3  -4  -3  -1  -1  -5  -3  -4    1   0  93   0   0   0   0   0   0   0   1   0   0   0   0   1   0   0   0   0  1.45 0.24
  385 F    -3  -4  -4  -5  -4  -4  -4  -4  -2  -1  -1  -4  -1   8  -5  -4  -3   0   2  -2    0   0   0   0   0   0   0   0   0   0   0   0   0  97   0   0   0   0   0   0  1.60 0.23
  386 R    -3   7  -2  -3  -5   0  -1  -4  -2  -4  -4   2  -3  -4  -3  -2  -2  -4  -3  -4    0  97   0   0   0   0   0   0   0   0   0   3   0   0   0   0   0   0   0   0  1.48 0.23
  387 L    -2  -1  -2  -3  -3   5  -1  -4  -2  -1   4  -1   0  -2  -3  -2  -2  -1  -2  -1    0   0   0   0   0  45   0   0   0   0  54   0   0   0   0   0   0   1   0   0  0.62 0.16
  388 N    -1  -2   6   0  -3  -1  -1  -1  -1  -4  -4  -1  -3  -4  -3   3   0  -5  -3  -4    0   0  66   0   0   0   0   0   0   0   0   0   0   0   0  34   0   0   0   0  1.00 0.19
  389 W    -4  -5  -6  -6  -4  -4  -5  -4  -4  -5  -3  -5  -3  -1  -6  -5  -4  12   1  -5    0   0   0   0   0   0   0   0   0   0   0   0   0   0   0   0   0 100   0   0  3.70 0.36
  390 A     6  -3  -3  -3  -2  -2  -2  -1  -3  -3  -3  -2  -2  -4  -2   0  -1  -4  -3  -1  100   0   0   0   0   0   0   0   0   0   0   0   0   0   0   0   0   0   0   0  1.01 0.21
  391 V    -1  -4  -4  -5  -2  -3  -4  -5  -4   2   0  -4   0  -2  -4  -3  -1  -4  -2   6    0   0   0   0   0   0   0   0   0   0   0   0   0   0   0   0   0   0   0 100  1.03 0.21
  392 D    -3  -3   0   7  -5  -2   0  -3  -2  -5  -5  -2  -5  -5  -3  -2  -2  -6  -5  -5    0   0   0 100   0   0   0   0   0   0   0   0   0   0   0   0   0   0   0   0  1.68 0.24
  393 R    -2   7  -2  -3  -3   0  -1  -2  -2  -4  -2   1  -2  -4  -3  -1  -2  -4  -3  -3    0  88   0   0   1   1   0   3   0   0   4   0   0   0   0   2   0   0   0   0  1.16 0.20
  394 T    -1  -3  -2  -3  -2  -2  -2  -3  -3   3  -1  -2  -1  -2  -2   1   5  -4  -2   1    0   0   0   0   0   0   0   0   0  25   1   0   0   0   0   5  61   0   0   7  0.57 0.15
  395 G    -1  -4  -2  -3  -4  -3  -3   7  -3  -5  -5  -3  -4  -4  -3  -1  -3  -4  -4  -4    0   0   0   0   0   0   0 100   0   0   0   0   0   0   0   0   0   0   0   0  1.63 0.21
  396 K    -2   1  -1  -2  -4   0   0  -3  -2  -4  -4   7  -3  -5  -2  -1  -2  -4  -3  -4    0   0   0   0   0   0   0   0   0   0   0 100   0   0   0   0   0   0   0   0  1.25 0.23
  397 W    -4  -5  -6  -6  -4  -4  -5  -4  -4  -5  -3  -5  -3  -1  -6  -5  -4  12   1  -5    0   0   0   0   0   0   0   0   0   0   0   0   0   0   0   0   0 100   0   0  3.70 0.36
  398 Q    -2   0  -1  -2  -4   8   1  -3  -1  -4  -3   0   1  -4  -3  -2  -2  -3  -3  -3    0   0   0   0   0  95   0   0   0   0   0   0   5   0   0   0   0   0   0   0  1.43 0.26
  399 E    -2  -1  -2   0  -5   1   7  -4  -1  -5  -4   0  -3  -5  -2  -1  -2  -4  -3  -4    0   0   0   0   0   0 100   0   0   0   0   0   0   0   0   0   0   0   0   0  1.41 0.23
  400 L    -2  -2  -4  -5  -2  -3  -4  -5  -4   1   5  -3   1  -1  -4  -4  -2  -3  -2   0    0   2   0   0   0   0   0   0   0   0  96   0   0   0   0   0   0   0   0   2  0.90 0.17
  401 E    -2  -1  -2   0  -5   1   7  -3  -1  -5  -4   0  -3  -5  -2  -1  -2  -4  -3  -4    0   0   0   0   0   1  99   0   0   0   0   0   0   0   0   0   0   0   0   0  1.39 0.23
  402 Y    -3  -3  -4  -5  -4  -3  -4  -5   0  -3  -3  -3  -3   2  -5  -3  -3   1   9  -3    0   0   0   0   0   0   0   0   0   0   0   0   0   0   0   0   0   0 100   0  1.97 0.28
  403 P     3  -3  -3  -3  -3  -2  -2  -2  -3  -3  -2  -2  -3  -4   7  -1  -1  -4  -3  -2   33   0   0   0   0   0   0   0   0   0   5   0   0   0  60   1   1   0   0   0  1.31 0.17
  404 S     0  -2  -1  -1  -2  -1  -1  -1  -2  -4  -4  -1  -3  -4  -2   6   0  -4  -3  -3    0   0   0   0   0   0   0   1   0   0   0   2   0   0   0  97   0   0   0   0  1.03 0.22
  405 P    -2  -4  -4  -3  -4  -3  -3  -4  -4  -4  -2  -2  -3  -5   8  -2  -2  -5  -4  -4    0   0   0   0   0   0   0   0   0   0   5   0   0   0  95   0   0   0   0   0  2.37 0.25
  406 A     5  -2  -3  -3  -1  -2  -2  -1  -3  -1  -2  -2  -2  -3  -2   0  -1  -4  -3   1   84   2   0   0   0   0   0   0   0   0   0   0   0   0   0   0   1   0   0  13  0.71 0.17
  407 Y    -3  -3  -4  -5  -4  -3  -4  -5   0  -3  -2  -3  -2   2  -5  -3  -3   1   9  -3    0   0   0   0   0   0   0   0   0   0   2   0   0   0   0   0   0   0  98   0  1.89 0.27
  408 P    -2  -4  -4  -3  -4  -3  -3  -4  -4  -4  -4  -2  -4  -5   8  -2  -3  -5  -5  -4    0   0   0   0   0   0   0   0   0   0   0   0   0   0 100   0   0   0   0   0  2.60 0.26
  409 A     6  -3  -2   0   0  -2  -2  -1  -3  -3  -3  -2  -2  -3  -2   0  -1  -4  -3  -1   93   0   0   5   2   0   0   0   0   0   0   0   0   0   0   0   0   0   0   0  0.86 0.19
  410 F    -4  -4  -4  -5  -4  -5  -5  -5  -3  -1   0  -5  -1   8  -5  -4  -4   0   2  -2    0   0   0   0   0   0   0   0   0   0   2   0   0  98   0   0   0   0   0   0  1.66 0.24
  411 A     6  -3  -3  -3   0  -2  -2  -1  -3  -2  -3  -2  -2  -3  -2   0  -1  -4  -3  -1   96   0   0   0   2   0   0   0   0   0   0   0   0   0   0   1   0   0   0   1  0.91 0.20
  412 C    -2  -5  -4  -5  11  -5  -5  -4  -5  -3  -2  -5  -3  -4  -5  -2  -2  -4  -4  -2    0   0   0   0  98   0   0   0   0   0   2   0   0   0   0   0   0   0   0   0  2.53 0.30
  413 G    -1  -3  -2  -3  -4  -3  -3   7  -3  -5  -5  -3  -4  -4  -3  -1  -3   1  -4  -4    0   0   0   0   0   0   0  98   0   0   0   0   0   0   0   0   0   2   0   0  1.56 0.20
  414 S     0  -2  -1  -2  -2  -1  -1  -2  -2  -3  -4  -1  -3  -4  -2   6   0  -4  -3  -2    0   0   0   0   0   0   0   0   0   0   0   0   0   0   0  98   0   0   0   2  1.04 0.22
  415 G    -1  -2  -2  -3  -4  -3  -3   7  -3  -5  -5  -3  -4  -4  -3  -1  -3  -4  -4  -4    0   2   0   0   0   0   0  98   0   0   0   0   0   0   0   0   0   0   0   0  1.57 0.20
  416 Y    -3  -3  -4  -5  -4  -3  -4  -5   0  -3  -3  -3  -2   2  -5  -3  -3   1   9  -3    0   0   0   0   0   0   0   0   0   0   0   0   0   0   0   0   0   0 100   0  1.96 0.28
  417 V    -1  -4  -4  -4  -2  -3  -4  -4  -4   2   0  -3   0  -2  -4  -3  -1  -4  -2   6    0   0   0   0   0   0   0   0   0   4   0   0   1   0   0   0   0   0   0  95  0.94 0.19
  418 I     0  -4  -4  -4  -2  -3  -4  -4  -4   5   1  -3   0  -1  -3  -2  -1  -4  -2   4    9   0   0   0   0   0   0   0   0  48   2   0   0   0   0   0   0   0   0  41  0.59 0.13
  419 S     0  -2  -1  -1  -2  -1  -1  -2  -2  -4  -4  -1  -3  -4  -2   6   0  -4  -3  -3    0   0   0   0   0   0   0   0   0   0   0   0   0   0   0  99   1   0   0   0  1.06 0.22
  420 K    -2   5  -1  -2  -4   1  -1  -2   2  -4  -3   3  -2  -3  -3  -1  -2  -3  -1  -3    0  55   1   0   0   5   0   2   7   0   0  27   0   0   0   1   0   0   2   0  0.76 0.14
  421 D    -3  -3   1   7  -5  -1   0  -3  -2  -4  -5  -2  -4  -5  -3  -1  -2  -6  -4  -4    0   0   4  94   0   0   0   0   0   0   0   0   0   0   0   1   0   0   0   0  1.52 0.22
  422 I    -2  -3  -4  -4  -2  -3  -4  -5  -4   4   4  -3   1  -1  -4  -3  -2  -3  -2   2    0   0   0   0   0   0   0   0   0  49  47   0   0   0   0   0   0   0   0   4  0.66 0.13
  423 V    -1  -4  -4  -4  -2  -3  -4  -4  -4   3   0  -3   0  -2  -4  -3  -1  -4  -2   6    0   0   0   0   0   0   0   0   0  12   0   0   0   0   0   0   1   0   0  87  0.86 0.18
  424 K    -1   0   0   1  -4   5   2  -2   5  -4  -3   0  -2  -3  -2   0  -2  -3  -1  -2    1   3   1   7   0  47  13   1  19   0   0   0   0   0   0   5   0   0   1   2  0.63 0.14
  425 W    -4  -5  -6  -6  -4  -4  -5  -4  -4  -4  -3  -5  -3  -1  -6  -5  -4  12   1  -5    0   0   0   0   0   0   0   0   0   0   0   0   0   0   0   0   0 100   0   0  3.68 0.35
  426 L    -3  -3  -5  -5  -2  -3  -4  -5  -4   1   5  -4   1   0  -4  -4  -2  -3  -2   0    0   0   0   0   0   0   0   0   0   0  99   0   1   0   0   0   0   0   0   0  0.96 0.18
  427 A     6  -3  -3  -3  -2  -2  -2  -1  -3  -3  -3  -2  -2  -3  -2   0  -1  -4  -3  -1   99   0   0   0   0   0   0   0   0   0   0   0   0   0   0   1   0   0   0   0  0.98 0.20
  428 S     0  -1   1   1  -1  -1   0   1  -2  -3  -3  -1  -3  -3  -2   4   0  -4  -3  -2    1   1   6   6   1   0   6  12   0   0   0   0   0   0   0  64   1   0   0   1  0.51 0.13
  429 N    -3  -2   8   0  -4  -1  -2  -2  -1  -5  -5  -1  -4  -4  -3   0  -1  -5  -3  -4    0   0  97   1   0   0   0   0   0   0   0   0   0   0   0   2   0   0   0   0  1.52 0.24
  430 S     4  -2  -1  -2  -2  -1  -1   0  -2  -3  -3  -1  -2  -2  -2   4   0  -3  -2  -2   46   0   0   0   0   0   0   3   0   0   0   0   0   2   0  45   3   0   0   0  0.54 0.14
  431 G    -1  -1   0   2  -4   2   4   3  -1  -4  -4   0  -3  -4  -2  -1  -2  -4  -3  -3    0   1   1  15   0   9  36  33   0   0   0   4   0   0   0   0   0   0   0   1  0.57 0.11
  432 R    -1   5  -1  -2  -4   1   0  -3   1  -4  -3   3  -2  -3  -3  -1   0  -2  -1  -3    1  56   0   0   0   6   1   0   4   0   0  22   0   0   0   1   7   0   2   0  0.70 0.13
  433 L    -3  -3  -5  -5  -2  -3  -4  -5  -4   1   5  -4   1  -1  -4  -4  -2  -3  -2   0    0   0   0   0   0   0   0   0   0   0 100   0   0   0   0   0   0   0   0   0  0.98 0.18
  434 K    -2   1  -1  -2  -4   0   0  -3  -2  -4  -4   7  -3  -4  -2  -1  -2  -4  -3  -4    0   1   0   0   0   0   0   0   0   0   0  99   0   0   0   0   0   0   0   0  1.22 0.22
  435 T     3  -2  -2  -2  -2  -2  -2  -2  -3   0  -2  -2  -1  -3  -2   1   4  -3  -3   0   39   0   0   0   0   0   0   0   0   6   0   0   0   0   0   2  47   0   0   5  0.48 0.13
  436 Y    -3  -3  -4  -5  -4  -3  -4  -5   0  -3  -3  -3  -2   2  -5  -3  -3   1   9  -3    0   0   0   0   0   0   0   0   0   0   0   0   0   0   0   0   0   0 100   0  1.95 0.27
  437 Q    -2   0  -1  -2  -4   8   1  -3  -1  -4  -3   0  -2  -5  -3  -1  -2  -3  -3  -4    0   0   0   0   0  98   0   0   0   0   2   0   0   0   0   0   0   0   0   0  1.49 0.26
  438 G    -1  -3  -1  -2  -4  -3  -3   7  -3  -5  -5  -3  -4  -4  -3  -1  -3  -4  -4  -4    0   0   0   0   0   0   0  98   0   0   0   0   0   0   0   0   0   0   0   0  1.54 0.19
  439 E    -2  -1  -1   0  -5   1   7  -3  -1  -4  -4   0  -3  -4  -2  -1  -2  -4  -3  -4    0   0   0   0   0   0  97   0   0   0   0   2   0   0   0   0   0   0   0   0  1.32 0.21
  440 D    -3  -3   0   7  -5  -1   0  -3  -2  -4  -5  -2  -4  -5  -3  -1  -2  -6  -4  -4    0   0   0  98   0   0   0   0   0   0   0   0   0   0   0   1   0   0   0   0  1.59 0.22
  441 V    -1  -4  -4  -4  -2  -3  -4  -4  -4   2   0  -3   1  -2  -3  -3  -1  -4  -2   6    0   0   0   0   0   0   0   0   0   0   1   0   2   0   0   0   0   0   0  96  0.92 0.19
  442 S     0  -2  -1  -1  -2  -1  -1  -1  -2  -4  -4  -1  -3  -4  -2   6   0  -4  -3  -3    0   0   0   0   0   0   0   0   0   0   0   0   0   0   0  99   0   0   0   0  1.04 0.21
  443 M    -2  -3  -4  -5  -3  -2  -3  -4  -3   0   1  -2   9  -1  -4  -3  -2  -3  -2  -1    0   0   0   0   0   0   0   0   0   0   2   1  96   0   0   0   0   0   0   0  1.54 0.27
  444 G    -1  -3  -2  -2  -4  -3  -3   7  -3  -5  -5  -3  -4  -4  -3  -1  -3  -4  -4  -4    0   0   0   0   0   0   0  99   0   0   0   0   0   0   0   0   0   0   0   0  1.57 0.19
  445 I    -2  -4  -4  -4  -2  -4  -4  -5  -4   7   1  -4   0  -1  -4  -3  -2  -4  -2   2    0   0   0   0   0   0   0   0   0  98   0   0   0   0   0   0   0   0   0   0  1.03 0.19
  446 W    -4  -3  -5  -6  -4  -3  -4  -4  -4  -4  -3  -4  -3  -1  -5  -4  -4  12   1  -4    0   1   0   0   0   0   0   0   0   0   0   0   0   0   0   0   0  97   0   0  3.42 0.31
  447 M    -2  -3  -4  -4  -3  -2  -3  -4  -3   0   1  -3   9  -1  -4  -3  -2  -3  -2  -1    0   0   0   0   0   0   0   0   0   0   1   0  97   0   0   0   0   0   0   0  1.53 0.26
  448 A     6  -2  -2  -3  -1  -2  -2  -1  -3  -2  -3  -2  -2  -3  -2   1  -1  -4  -3  -1   95   0   0   0   0   0   0   0   0   0   0   0   0   0   0   3   0   0   0   0  0.86 0.17
  449 A     6  -2  -3  -3  -1  -2  -2  -1  -3  -2  -3  -2  -2  -3  -2   0  -1  -4  -3  -1   98   0   0   0   0   0   0   0   0   0   0   0   0   0   0   0   0   0   0   0  0.92 0.18
  450 I    -1  -4  -4  -4  -2  -3  -4  -4  -4   5   1  -3   0  -1  -3  -3  -1  -4  -2   4    0   0   0   0   0   0   0   0   0  47   1   0   0   0   0   0   0   0   0  49  0.67 0.13
  451 G     0  -3  -1  -2  -3  -3  -3   7  -3  -5  -5  -3  -4  -4  -3  -1  -3  -4  -4  -4    2   0   0   0   0   0   0  96   0   0   0   0   0   0   0   0   0   0   0   0  1.47 0.18
  452 P    -2  -3  -3  -3  -4  -3  -2  -3  -3  -4  -4  -2  -4  -5   8  -2  -2  -5  -4  -4    0   0   0   0   0   0   0   0   0   0   0   0   0   0  98   0   0   0   0   0  2.47 0.23
  453 K    -1   2   0  -1  -4   4   0  -2   2  -3  -3   4  -2  -4  -2   0  -1  -3  -2  -3    1  12   2   1   0  32   0   1   5   1   0  38   0   0   0   4   2   0   0   1  0.54 0.11
  454 R    -2   6  -1  -2  -4   0  -1  -3  -1  -4  -3   4  -2  -4  -2  -1  -2  -4  -3  -3    0  57   0   0   0   0   0   0   0   0   0  41   0   0   0   0   0   0   0   0  0.95 0.15
  455 Y    -3  -3  -3  -4  -4  -2  -3  -4   5  -3  -2  -3  -2   3  -4  -3  -3   1   8  -3    0   0   0   0   0   0   0   0  17   0   0   0   0   5   0   0   0   0  76   0  1.37 0.20
  456 Q    -2   0  -1  -2  -4   8   1  -3  -1  -4  -4   0  -2  -5  -3  -1  -2  -3  -3  -4    0   0   0   0   0 100   0   0   0   0   0   0   0   0   0   0   0   0   0   0  1.53 0.26
  457 D    -3  -3   0   7  -5  -1   1  -3  -2  -4  -5  -2  -4  -4  -3  -1  -2  -5  -4  -3    0   0   0  95   0   0   2   0   0   0   0   0   0   0   0   0   0   0   0   1  1.48 0.20
  458 S     1  -2   0  -1  -2  -1  -1   0  -2  -3  -3  -1  -2  -4   4   4   0  -4  -3  -2   12   1   4   1   0   0   0   7   0   0   0   0   0   0  24  50   0   0   0   1  0.59 0.12
  459 L    -1   0  -2  -3   0  -1  -3   3  -2  -1   3  -2   0  -1  -3  -1  -2  -3  -2  -1    3   6   1   0   2   1   0  36   1   0  47   0   0   1   0   2   0   0   0   0  0.34 0.09
  460 W    -4  -4  -5  -6  -4  -4  -4  -4  -4  -4  -3  -5  -3   0  -5  -4  -4  12   1  -4    0   0   0   0   0   0   0   0   0   0   0   0   0   1   0   0   0  98   0   0  3.49 0.32
  461 L    -2  -3  -4  -5  -2  -3  -4  -5  -4   1   5  -3   1   0  -4  -3  -2  -3  -2   0    0   0   0   0   0   0   0   0   0   0  96   0   0   0   0   0   0   0   0   3  0.87 0.16
  462 C    -1  -5  -4  -5  11  -4  -5  -4  -4  -3  -3  -4  -3  -4  -4  -2  -2  -4  -4  -2    1   0   0   0  97   0   0   0   0   0   0   0   0   0   0   0   0   0   0   0  2.35 0.26
  463 E    -2  -1  -1   1  -5   1   7  -3  -1  -4  -4   0  -3  -4  -2  -1  -2  -4  -3  -4    0   0   0   1   0   0  97   0   0   0   0   1   0   0   0   0   0   0   0   0  1.28 0.20
  464 K    -2   1  -1  -2  -4   0   0  -3  -2  -4  -4   7  -2  -4  -2  -1  -2  -4  -3  -3    0   1   0   0   0   0   0   0   0   0   0  97   0   0   0   0   0   0   0   0  1.13 0.20
  465 T    -1  -1   0   1  -3   1   3  -2   0  -2  -2   1  -1  -3  -2   0   4  -3  -2  -2    3   0   2   5   0   2  34   0   1   0   0   8   2   0   0   0  41   0   0   0  0.44 0.11
  466 C    -2  -4  -4  -5  11  -4  -5  -3  -4  -3  -3  -4  -3  -4  -4  -2  -2  -4  -4  -2    0   1   0   0  97   0   0   1   0   0   0   0   0   0   0   0   0   0   0   0  2.39 0.27
  467 E    -2  -1  -2   0  -4   1   4  -3   0  -3  -1  -1  -2   0  -3  -1  -2  -1   5  -2    1   1   0   1   0   7  48   0   1   0   5   0   0   1   0   0   1   0  33   0  0.60 0.13
  468 T     0  -1  -1  -2  -2   0  -1  -2  -1   0   1  -1   0  -2   2   1   3  -3  -2   1    7   1   0   0   0   4   1   1   1   0  16   0   2   0  12  14  27   0   0  14  0.20 0.06
  469 G    -1  -3   0   5  -4  -2  -1   5  -2  -4  -5  -2  -4  -4  -3  -1  -2  -4  -4  -4    0   0   1  41   0   0   0  57   0   0   0   0   0   0   0   0   0   0   0   0  0.96 0.14
  470 M    -1  -3  -3  -4  -3  -2  -3  -4  -3   0   1  -3   9  -1  -4  -3  -2  -3  -2  -1    5   0   0   0   0   0   0   0   0   1   1   0  91   0   0   0   1   0   0   0  1.32 0.24
  471 L    -2  -3  -4  -5  -2  -3  -4  -5  -4   1   5  -3   1   0  -4  -3  -2  -3  -2   0    0   0   0   0   0   0   0   0   0   0  99   0   0   0   0   0   0   0   0   0  0.91 0.16
  472 S     0  -2   0  -1  -2  -1  -1  -1  -2  -3  -4  -1  -3  -4  -2   6   1  -4  -3  -3    0   0   0   0   0   0   0   0   0   0   0   0   0   0   0  96   2   0   0   0  0.97 0.20
  473 S     0  -2   0  -1  -2  -1  -1  -1  -2  -4  -4  -1  -3  -4  -2   6   0  -4  -3  -3    1   0   0   0   0   0   0   0   0   0   0   0   0   0   0  98   0   0   0   0  0.99 0.20
  474 P    -2  -3  -3  -3  -4  -3  -2  -3  -3  -4  -4  -2  -4  -5   8  -2  -2  -5  -4  -4    0   0   0   0   0   0   0   0   0   0   0   0   0   0  98   0   0   0   0   0  2.49 0.23
  475 Q    -2   0  -1  -2  -4   8   1  -3  -1  -4  -3   0  -2  -5  -3  -1  -2  -3  -3  -4    0   0   0   0   0  98   0   0   0   0   0   0   0   0   0   0   0   0   0   0  1.46 0.24
  476 Y    -3  -2  -1  -3  -4  -2  -2  -4   7  -3  -3  -2  -2   1  -4  -2  -3   0   7  -3    0   1   1   0   0   0   1   0  37   0   0   0   0   0   0   0   0   0  60   0  1.30 0.20
  477 S     0  -2   0  -1  -2  -1  -1  -2  -2  -3  -3  -1  -2  -3  -2   5   4  -4  -3  -2    0   0   0   0   0   0   0   0   0   0   0   0   0   0   0  71  29   0   0   0  0.76 0.17
  478 P     3  -3  -3  -3  -3  -2  -2  -2  -3  -3  -3  -2  -3  -4   7  -1  -2  -4  -3  -1   34   0   0   0   0   0   0   0   0   0   2   0   0   0  60   1   0   0   0   3  1.30 0.16
  479 W    -2   1  -1   0  -4   5   4  -2   0  -4  -2   1  -2  -4  -2  -1  -2   1  -2  -3    1   5   0   3   0  39  37   2   2   0   3   6   0   0   0   0   0   2   0   0  0.62 0.12
  480 E    -2  -1  -1   0  -5   1   7  -3  -1  -5  -4   0  -3  -5  -2  -1  -2  -4  -3  -4    0   0   0   0   0   0 100   0   0   0   0   0   0   0   0   0   0   0   0   0  1.38 0.22
  481 L    -3  -3  -5  -5  -2  -3  -4  -5  -4   1   5  -4   1  -1  -4  -4  -2  -3  -2   0    0   0   0   0   0   0   0   0   0   0 100   0   0   0   0   0   0   0   0   0  0.96 0.17
  482 T     1   3  -1  -2  -2   0  -1  -2   4  -1  -1   0   0  -2  -2   0   2  -3  -1  -1   17  26   0   0   0   1   0   1  16   2   5   0   3   0   0   4  24   0   0   2  0.27 0.09
  483 E     0  -1  -1   2  -3   2   3  -2  -1   0  -1   0  -1  -3  -2   1   0  -3  -2  -1    7   1   0  11   0   9  33   0   1   7   5   5   0   0   0  13   3   0   0   6  0.26 0.06
  484 L    -2  -3  -5  -5  -2  -3  -4  -5  -4   1   5  -4   2   0  -4  -4  -2  -3  -2   0    0   0   0   0   0   0   0   0   0   1  96   0   2   1   0   0   0   0   0   0  0.90 0.16
  485 W    -4  -5  -6  -6  -4  -4  -5  -4  -4  -4  -3  -5  -3  -1  -6  -5  -4  12   1  -5    0   0   0   0   0   0   0   0   0   0   0   0   0   0   0   0   0 100   0   0  3.64 0.33
  486 K     0   3   0   3  -4   1   2   0  -1  -3  -3   2  -2  -4  -2   0  -1  -4  -3  -3    6  20   2  25   0   3  19   7   0   1   0  14   0   0   0   2   0   0   0   0  0.39 0.07
  487 L    -1   4   0  -2  -1   1  -1  -3  -2   0   2   0   0  -2  -3  -2  -2  -1  -2   0    3  36   7   0   1   5   0   1   0   3  35   2   0   0   0   0   0   1   0   4  0.27 0.09
  488 K    -2   3  -1  -2  -4   0   0  -3  -2  -4  -4   6  -2  -4  -2  -1  -2  -4  -3  -3    0  15   0   0   0   0   0   0   0   0   0  85   0   0   0   0   0   0   0   0  1.02 0.18
  489 E    -2   4  -1   0  -4   1   5  -2  -1  -3  -3   1  -2  -4  -2  -1  -1  -4  -3  -2    0  29   0   1   0   4  56   2   0   0   0   1   0   0   0   2   1   0   0   3  0.67 0.13
  490 R     2   1  -2  -2  -2   0   0  -2  -1   0   2   0   1  -1  -2   0   0  -3  -2   0   24  12   0   0   0   5   3   0   1   1  31   2   2   0   0   9   5   0   0   4  0.12 0.05
  491 C    -2  -5  -4  -5  11  -4  -5  -2  -5  -3  -3  -5  -3  -4  -4  -2  -2  -4  -3  -2    0   0   0   0  97   0   0   2   0   0   0   0   0   0   0   0   0   0   1   0  2.41 0.27
  492 G    -1  -1  -1  -2  -4  -2  -3   7  -3  -5  -5  -2  -4  -4  -3  -1  -3  -4  -4  -4    0   3   0   0   0   1   0  94   0   0   0   0   0   0   0   1   0   0   0   0  1.42 0.18
  493 D    -3  -2   3   7  -4  -1   0  -2  -2  -4  -5  -2  -4  -5  -3  -1  -1  -5  -4  -4    0   0  16  80   0   0   1   0   0   0   0   0   0   0   0   0   3   0   0   0  1.24 0.18
  494 P    -1  -4  -3  -3  -4  -3  -2  -3  -4  -4  -4  -2  -4  -5   8  -2  -2  -5  -4  -4    2   0   0   0   0   0   0   0   0   0   0   0   0   0  98   0   0   0   0   0  2.49 0.24
  495 C    -2  -5  -4  -5  11  -5  -5  -4  -5  -3  -3  -5  -3  -4  -4  -2  -2  -4  -4  -2    0   0   0   0 100   0   0   0   0   0   0   0   0   0   0   0   0   0   0   0  2.55 0.28
  496 R     0   2  -1  -1  -3   3   0   4   1  -3  -3   1  -2  -4  -2   0  -2  -3  -3  -3    8  16   0   1   0  22   1  37   3   1   0   8   0   0   0   1   0   0   0   0  0.44 0.09
  497 C    -2  -5  -4  -5  11  -5  -5  -4  -5  -3  -3  -5  -3  -4  -4  -2  -2  -4  -4  -2    0   0   0   0 100   0   0   0   0   0   0   0   0   0   0   0   0   0   0   0  2.54 0.28
  498 Q     0   0  -1   1  -4   3   5  -1   1  -3  -3   1  -2  -4   0   0  -1  -3  -2  -2    7   3   0   4   0  15  57   3   5   0   0   2   0   0   3   0   1   0   0   1  0.52 0.07
  499 A     3  -1  -1   1  -2   0   3   0  -1  -3  -3   0  -2  -3  -1   0   0  -3  -2  -1   49   0   1   9   0   0  35   4   0   0   0   0   0   0   0   0   2   0   0   0  0.36 0.05
  500 R    -2   6  -1  -2  -4   1   0  -3  -1  -3  -3   2  -2  -3  -2  -1  -1  -3  -2  -3    0  90   0   0   0   2   0   0   0   0   0   9   0   0   0   0   0   0   0   0  0.84 0.05

                      K         Lambda
Standard Ungapped    0.1379     0.3210
Standard Gapped      0.0507     0.2670
PSI Ungapped         0.1657     0.3176
PSI Gapped           0.0507     0.2670
