
Last position-specific scoring matrix computed, weighted observed percentages rounded down, information per position, and relative weight of gapless real matches to pseudocounts
            A   R   N   D   C   Q   E   G   H   I   L   K   M   F   P   S   T   W   Y   V   A   R   N   D   C   Q   E   G   H   I   L   K   M   F   P   S   T   W   Y   V
    1 M    -1  -2  -3  -4  -2  -1  -3  -3  -2   1   2  -2   7   0  -3  -2  -1  -2  -1   1    0   0   0   0   0   0   0   0   0   4  14   0  82   0   0   0   0   0   0   0  0.56 0.09
    2 N    -1  -1   5   2  -3   0   1  -1   1  -4  -4  -1  -3  -3  -1   2   0  -4  -2  -3    0   1  53   7   0   0   6   0   3   0   0   0   0   0   1  30   0   0   0   0  0.59 0.11
    3 C     0  -3  -1  -2   7  -2  -2   1  -3  -2  -2  -2  -2   0  -3   2   2   3  -2  -2    0   0   0   0  37   0   0  12   0   0   0   0   0   6   0  26  14   5   0   0  0.54 0.12
    4 V    -1  -3  -3  -4  -2  -3  -3  -4  -4   2   2  -3   0   0  -3  -1  -1  -3  -2   5    0   0   0   0   0   0   0   0   0   0  20   0   0   2   0   5   0   0   0  73  0.52 0.16
    5 C    -1  -4  -4  -5  10  -4  -5  -4  -3  -3  -3  -4  -3  -2  -4  -2  -2   4   3  -2    4   0   0   0  76   0   0   0   0   0   0   0   0   0   0   0   0   6  13   0  1.74 0.31
    6 R    -2   4  -1  -2   5   4  -1  -3   2  -1  -2   0  -2  -3  -1  -1  -2  -1  -2  -2    0  35   0   0  16  29   0   1   8   7   0   0   0   0   2   2   0   1   0   0  0.54 0.19
    7 L     0   0  -3  -4  -2  -2  -3  -3  -3   2   3  -2   2   1  -3  -2  -1  -2  -1   1   11   9   0   0   0   0   0   0   0  13  48   0   5   7   0   0   1   0   0   7  0.29 0.11
    8 V     1  -3  -4  -4  -2  -3  -3  -3  -3   1   2  -3   0  -1   0  -2  -1  -3  -2   4   17   0   0   0   0   0   0   0   0   2  32   0   0   1   4   0   0   0   0  44  0.36 0.14
    9 L    -2  -3  -4  -4  -2  -3  -4  -2  -4   1   5  -3   2  -1  -4  -3  -2  -3  -2   2    0   0   0   0   0   0   0   4   0   0  81   0   3   0   0   0   0   0   0  12  0.68 0.20
   10 V     3  -3  -3  -3  -2  -2  -3  -2  -3   2   0  -2   2  -2  -3  -1   1  -3  -2   3   33   0   0   0   0   0   0   0   0  15   4   0   8   0   0   0   7   0   0  33  0.34 0.16
   11 V     1  -3  -4  -4  -2  -3  -3  -3  -3   2   3  -3   2  -1  -3  -2  -1  -3  -2   3   14   0   0   0   0   0   0   0   0   8  43   0   7   0   0   0   0   0   0  29  0.42 0.15
   12 L    -3  -3  -5  -5  -3  -3  -4  -5  -4   0   5  -4   3   0  -4  -4  -2   2   0   0    0   0   0   0   0   0   0   0   0   0  83   0   8   2   0   0   0   3   3   1  0.85 0.26
   13 S     0  -2   0  -2  -1  -1  -2   1   2  -3   0  -2   1  -3  -2   5   0  -4  -2  -2    0   0   2   0   1   0   0  10   6   0  10   0   6   0   0  64   1   0   0   0  0.50 0.24
   14 L    -2  -3  -4  -4   2  -3  -4  -4  -4   1   5  -3   1   0  -4  -3   0  -3  -2   1    0   0   0   0   6   0   0   0   0   1  78   0   0   2   0   1   6   0   0   5  0.69 0.23
   15 W    -3  -2  -4  -4   6  -3  -4  -4  -2  -3  -3  -3  -3   2  -4   0  -3  10   4  -3    0   2   0   0  23   0   0   0   0   0   0   0   0   6   0   9   0  42  14   0  1.49 0.32
   16 P     0  -2  -2  -1   0  -1   3  -2  -2  -2  -1  -1  -2  -3   5   1  -1  -3  -3   0    7   0   0   1   2   0  24   1   0   0   8   1   0   0  36  10   1   0   0   7  0.61 0.16
   17 D    -1  -2   0   3   3  -1   1   3  -2  -1  -1  -2  -2  -3  -2   0  -1  -3  -3  -2    2   0   2  21   9   0  13  34   0   4   7   0   0   0   0   6   0   0   0   0  0.37 0.13
   18 R    -2   3  -3  -3  -2  -2  -2  -3  -3   1   3  -1   1  -1  -2  -2   0  -3  -1   1    0  23   0   0   0   0   1   1   0   4  50   0   3   1   1   2   5   0   1  10  0.34 0.16
   19 V     3   0  -2   0  -2   0  -2  -1  -2  -1  -1  -2  -1   0  -3  -1   0   6  -1   1   36   5   0   7   0   6   0   1   1   1   5   0   0   5   0   0   5  15   0  10  0.34 0.18
   20 V     2  -2  -2  -2  -2   3  -1   0  -2  -1   1  -1  -1  -1   1   1  -1  -3  -2   1   30   0   0   0   0  19   0   6   0   2  15   0   0   2   5  10   1   0   0  10  0.19 0.15
   21 A     3  -3  -3  -3   3  -2  -3   0  -3   0   2  -2   0  -2  -2   0   0  -3  -2   1   37   0   0   0   8   0   0   6   0   5  25   0   0   0   0   2   7   0   0   8  0.28 0.16
   22 P     0   0  -3  -3  -4  -2  -3  -3  -3  -3  -3  -2  -3  -5   7   0  -1  -5  -4  -1    5   8   0   0   0   0   0   0   0   0   1   0   0   0  69   7   3   0   0   6  1.55 0.36
   23 G     0   0   0  -2   2  -2  -2   3  -2   0   0  -2  -1  -2  -2   1  -1  -3  -2   1    7   7   4   0   7   0   0  31   0   3  11   0   0   0   0  13   0   0   0  15  0.21 0.12
   24 P     0  -3  -3  -3  -4  -3  -3  -3  -1  -2  -1  -3  -2   3   7  -2  -2  -3  -2  -1   10   0   0   0   0   0   0   0   2   1   7   0   0  17  56   0   0   0   0   5  1.19 0.33
   25 P     0  -2  -2  -2  -2  -2  -2  -2  -3  -2  -2  -1  -2  -3   6   2   2  -3  -3   1    8   1   1   1   0   1   1   1   0   1   1   3   0   1  38  16  15   0   0  11  0.72 0.24
   26 A     0  -1  -1  -2  -2  -2  -2  -2   2  -1   0  -2  -2   0   4   3   0  -3  -2   0    7   2   1   1   0   1   1   1   8   4   9   1   0   4  20  28   5   0   0   8  0.32 0.18
   27 G     2  -1  -1  -2  -2   1  -1   2   1  -1  -1  -1  -2  -1  -1   2  -1  -3  -2  -1   25   2   1   1   0   9   1  18   5   4   4   1   0   2   2  21   2   0   0   2  0.26 0.17
   28 S    -1   3  -2  -2  -3  -1  -2  -3   1  -2  -1  -1   1  -2   4   3  -1  -3   0  -2    1  19   1   1   0   2   1   1   4   2   4   2   5   1  23  27   2   0   3   2  0.49 0.26
   29 P    -2   4   0  -3  -5  -1  -3  -4  -1  -5  -4  -2  -4  -5   7  -1  -3  -5  -3  -4    2  22   5   0   0   3   0   0   2   0   1   0   0   0  58   3   0   0   1   0  1.49 0.51
   30 R     1   3  -2  -3  -3  -1  -2  -1  -1  -2  -1   1  -1  -3   3  -1   1  -3   1   0   17  22   0   0   0   0   0   3   1   0   5   6   1   0  17   2   8   0   6   9  0.33 0.22
   31 V     1   2   0  -2  -3   0  -1  -2   3  -1  -1   1  -2  -2   3   0   0  -3   1   0   14  12   6   0   0   3   0   1   9   3   5   9   0   0  14   6   5   0   5   8  0.20 0.15
   32 S     0   0  -2  -2   1   1  -2  -3   2  -2  -2  -1  -1  -3   4   2   1  -4  -3  -2    9   5   0   0   3   6   1   1   6   3   3   2   1   0  26  23   8   0   0   2  0.48 0.26
   33 S    -1   1   0  -2  -3   0  -2  -3   1  -2  -2   0   0  -2   5   1   1  -4  -1  -1    5  10   5   0   0   3   0   0   3   2   3   6   3   2  32  14   7   0   2   3  0.52 0.26
   34 D    -1   3   0   4  -1   1   0  -2   1  -4  -3   0  -3  -2   2   1  -1  -4  -3  -3    3  21   4  26   2   4   4   1   3   0   2   2   0   2   9  13   3   0   0   1  0.41 0.25
   35 P    -2   0  -2  -3  -4  -2  -3   0   0  -1   0  -3  -1   2   6  -2  -2  -4  -2  -1    1   7   1   0   0   2   0   6   2   3   9   0   2  10  48   1   2   0   1   4  0.90 0.37
   36 R     0   5  -2  -3   4   0  -2  -3   3  -3  -3   1  -2  -1  -2  -1  -2  -3   0  -2    7  39   1   1  12   4   1   1  10   1   2   9   0   3   1   4   1   0   3   3  0.58 0.29
   37 A     3  -1  -1  -1  -2  -1  -1   2   1  -2  -3   0  -1  -3  -1   2   1  -3  -2  -1   27   1   2   2   0   0   3  14   4   1   1   7   1   0   2  16  10   0   0   5  0.25 0.18
   38 D    -2  -2   0   4  -4   0   3  -2   5  -3  -3  -1   3  -3  -3  -2  -1  -4   0  -3    2   1   4  29   0   2  24   2  14   0   1   2  11   0   0   1   2   0   3   2  0.67 0.35
   39 L    -3  -4  -4  -5  -3  -4  -4  -5  -4   0   4  -2   3   5  -4  -4  -2  -3  -1   0    1   0   0   0   0   0   0   1   0   2  48   3   6  29   0   0   2   0   0   5  0.90 0.42
   40 D    -3   0   0   6  -5  -1   1   1  -3  -3  -5   1  -4  -5  -2  -2   1  -5  -4  -4    0   6   4  48   0   3   6  12   0   1   0   7   0   0   1   2   8   0   0   0  0.83 0.42
   41 S     0   1  -2  -2  -4  -1  -2  -1  -3  -3  -3   4   0  -4  -1   4   0  -5  -4  -2    4   9   1   1   0   1   0   4   0   1   1  26   2   0   2  41   4   0   0   2  0.62 0.41
   42 A     1  -4  -5  -5  -3  -4  -5  -3  -5   2   4  -4   6  -2  -5  -4  -2  -4  -3   0   11   0   0   0   0   0   0   2   0   8  49   0  20   0   0   0   2   0   0   6  0.87 0.46
   43 V    -1  -3  -2  -3  -3  -3  -2  -2  -3   3   0  -2   1   0  -3   1   2  -3   0   3    3   0   1   0   0   0   2   2   0  24   7   3   4   3   0  10  15   0   4  21  0.31 0.25
   44 L    -2  -1   5  -1  -4   1  -1  -3   6  -1   0   0  -1  -4  -2  -1  -1  -4  -2  -2    2   2  33   1   0   6   3   1  20   4  12   4   1   0   2   4   2   0   1   1  0.60 0.37
   45 L    -3  -3  -4  -3  -5   6  -2  -5   1  -2   3  -2   1  -4  -5   0  -4  -5  -2  -3    1   0   0   1   0  46   1   0   3   1  35   1   4   0   0   6   0   0   1   0  1.04 0.60
   46 T     1  -4  -3  -2  -3  -3  -3  -3  -4  -1  -2  -3   4  -2  -3   2   5  -4  -1   2   10   0   0   1   0   0   0   1   0   3   2   0  12   1   1  15  38   0   2  13  0.62 0.43
   47 R    -3   5  -3   2  -6   1   1  -4   1  -5  -4   4  -2  -5  -4  -3  -3  -5  -2  -5    1  36   0  11   0   7   9   0   3   0   1  30   1   0   0   0   1   0   1   0  0.98 0.51
   48 S     0   1   3  -2  -4   0  -2  -2   5  -4  -3   2   1  -4  -2   2   0   0  -3  -2    6   9  15   1   0   3   0   2  16   0   1  17   4   0   1  16   4   1   0   3  0.42 0.32
   49 L    -4  -5  -6  -7  -4  -5  -6  -7  -6   1   6  -6   0  -1  -6  -4  -3  -5  -4  -1    0   0   0   0   0   0   0   0   0   6  85   0   2   2   0   1   2   0   0   2  1.57 0.69
   50 L    -3   1  -2  -3  -4   1  -3  -4   4   0   3  -1   4  -1  -4  -2  -1  -1   1  -2    1   7   1   1   0   8   0   0  12   5  34   3  14   1   0   2   3   1   5   1  0.47 0.34
   51 A     0   1   1   0  -3   2   0   1  -1  -2  -3   3   1  -4  -2   1   0  -4  -3  -2    8   7   9   4   0  10   2   9   1   2   1  24   4   0   1   9   5   0   0   2  0.27 0.22
   52 D    -3  -4  -2   4  -4  -3  -1  -4  -1   0   4  -2   0   0  -4  -2  -1  -4  -3  -1    1   0   1  28   0   0   2   0   1   4  46   3   2   3   0   3   3   0   0   2  0.65 0.41
   53 T     0  -4  -2  -3  -1  -3  -3  -3  -4  -1  -1  -3   2  -2  -3   2   6  -4  -4   0    7   0   1   0   1   0   0   1   0   2   6   0   5   1   0  15  51   0   0   5  0.80 0.49
   54 R    -2   4  -1   0   0   4  -1  -3   5  -5  -5   4  -3  -5  -2  -1  -3  -5  -3  -4    3  21   2   4   2  21   1   2  14   0   0  24   0   0   2   3   1   0   0   0  0.77 0.45
   55 Q    -1   0   1   4  -4   3   3  -1   1  -3  -4   1  -2  -5  -3  -1   0  -5  -4  -3    4   3   6  22   0  16  19   5   3   1   1  10   1   0   0   2   6   0   0   1  0.50 0.32
   56 L    -2  -4  -5  -3  -4  -3  -1  -4  -5  -1   6  -4   0   0  -5  -3  -4  -4  -1   0    3   0   0   2   0   1   5   1   0   1  73   0   2   4   0   2   0   0   2   4  1.04 0.53
   57 A     0  -1  -3  -4  -3   0  -2  -4   0   0   4  -2   0   1  -3   0   0  -3  -1  -1   10   3   1   0   0   5   2   0   2   4  44   1   2   6   1   8   5   0   2   3  0.33 0.27
   58 A     1   1   2   1  -3   0   0   0   2  -2  -3   2  -2  -3  -1   1   0  -4  -3  -2   14   6  11   7   0   2   5   5   6   2   1  14   0   1   2  14   6   0   0   3  0.21 0.19
   59 Q    -3  -2   2   3  -5   3   3  -2   4  -4  -1  -1  -3  -2  -2  -2  -2  -5  -2  -4    1   1  11  19   0  17  23   2   9   0   8   2   0   2   1   1   1   0   1   1  0.60 0.38
   60 M    -2   0  -1   0  -3  -1   2  -3   4  -2   2  -2   0   2  -1  -1  -1  -3   0  -1    1   6   2   6   0   2  15   1  15   1  23   1   2  11   3   3   3   0   2   3  0.27 0.23
   61 R     0   1  -1   1  -3   0   3   0   1  -1   0   2  -2  -2  -2  -1  -1  -3  -2   0    9   8   2   7   0   2  21   6   3   2   9  17   0   1   0   3   2   0   0   8  0.18 0.17
   62 D    -1  -2   1   0  -3  -1   1   2   1  -1   1  -1   0   2  -1  -1   0  -2  -1  -1    3   0   7   6   0   2   9  16   4   2  15   3   2  13   3   4   5   0   0   4  0.09 0.12
   63 K    -1   1   2   2  -3   1   1  -1   3  -1  -1   1  -1  -3  -2   0  -1  -3  -2   0    5   6   9  14   0   6   8   3  10   4   7  10   1   0   0   7   2   0   0   7  0.16 0.13
   64 F    -1  -1   0  -2  -2  -1  -1   0   1  -1   0  -1   0   4   0   0   1  -1   2  -1    5   2   6   2   0   3   4   7   4   3   8   2   2  21   4   8   8   0   8   3  0.13 0.13
   65 P     0  -2  -1   2  -3  -2   1  -1  -2   0   0  -2   2   0   4  -1  -2  -3   0  -1    6   1   2  12   0   1  12   4   0   5  10   2   7   5  23   4   1   0   3   3  0.32 0.21
   66 A     2  -2  -1  -1  -2  -1   1   1  -1   0  -1  -1   0  -1  -1   0   1  -3  -1   2   24   1   1   3   0   1   9   9   1   4   6   4   2   3   2   4   7   0   1  17  0.11 0.13
   67 D     0  -1   1   4  -3  -1   3  -1  -1  -1  -2  -1  -2  -3   1   0   0  -3  -3  -1   10   2   5  25   0   1  22   4   1   3   5   1   0   1   6   6   4   0   0   4  0.30 0.18
   68 G     0   1  -1   0  -2  -1  -1   2  -2   0   0  -1   1   1  -2  -1   0  -2   0   1    8   9   1   6   0   1   2  22   0   5   6   3   5   9   1   3   5   0   3  13  0.08 0.09
   69 D    -2  -1   0   2  -3   2   4   0   2  -3  -3   0  -2  -3   1  -1  -1  -3  -3  -1    1   1   3  13   0   9  35   6   5   1   1   5   0   0   7   4   3   0   0   5  0.42 0.22
   70 H    -2   0   2  -1  -3   0  -2   1   7  -2  -2  -1  -2   0  -1  -1  -1  -3   0  -2    2   4  10   2   0   4   1  12  37   3   3   2   0   5   3   2   3   0   2   3  0.55 0.27
   71 S    -2   4   1  -1  -3   1  -1   0  -2  -2  -3   3   0  -4   1   1  -1  -4  -3  -3    1  30   8   2   0   4   2   7   0   2   1  19   2   0   8   9   3   0   0   1  0.41 0.23
   72 L    -1  -3  -3  -3  -2  -3  -3   0  -3   1   4  -3   2   4  -3  -2  -2  -2  -1   0    6   1   0   1   0   0   1   7   0   7  48   1   6  20   1   1   1   0   0   1  0.41 0.19
   73 D     0   1  -1   3  -3   1   1   0   1  -3  -3   1  -2  -3   1   0   0  -3  -2  -1    5  10   0  19   0   5   9   9   6   0   1  11   0   0   6   5   8   0   0   4  0.22 0.12
   74 S     0   0   1   1  -2  -1  -1   1  -2  -3  -3  -1  -2   0   1   3   1  -3   1  -2    6   6   5   7   0   0   1  13   0   0   1   0   0   5   6  36   8   0   5   1  0.29 0.20
   75 L    -2  -3  -4  -4  -3  -3  -3  -4  -4   0   5  -3   0  -1   2  -3  -2  -3  -2   1    1   1   1   1   0   1   1   1   0   1  71   1   0   0  10   1   1   0   0   9  0.78 0.29
   76 P    -2  -3  -3  -3   4  -3  -3   1  -3  -4  -2  -3  -3  -4   7  -2  -3  -4  -4  -3    1   1   1   1   8   1   1  10   0   1   5   1   0   0  67   1   1   0   0   1  1.62 0.40
   77 T     0   2   0   0  -2   0   1   1   3  -1  -2   0  -2  -2  -1   0   1  -3  -1   0    7  15   4   5   0   2  10  10  13   2   3   2   0   0   2   7   9   0   0   8  0.14 0.09
   78 L    -2  -2  -3  -3  -2  -2  -3  -1  -3   3   2  -1   4   1   0  -1  -2  -3  -2   1    1   0   0   0   0   0   1   6   0  19  24   6  17   6   6   6   1   0   0   6  0.28 0.19
   79 A     0   0   1   0  -3   2   1   2   2  -3  -3   0  -2  -3   0   1   1  -3   0  -2    7   4   7   4   0  15   6  14   6   0   1   4   0   0   4  11  10   0   4   1  0.21 0.13
   80 M    -1   1   1  -3   0   0  -2  -1   5  -1  -1  -2   4   1  -3   0   0  -3   2  -2    3  10   8   0   2   3   0   3  20   2   2   0  17   7   0   6   6   0   7   2  0.35 0.25
   81 S    -2   2   2   2  -3  -1   0  -2   0  -3  -3   0  -3  -4  -3   3   3  -4  -3  -3    1  15   9  10   0   0   6   2   2   1   1   4   0   0   0  28  20   0   0   0  0.43 0.27
   82 A     5   1  -3  -3  -3  -2  -3   0  -3  -1  -2  -2  -2   1   1  -1  -1  -3  -1   0   55   7   0   0   0   0   0   6   0   3   2   0   0   6   6   2   4   0   2   4  0.53 0.33
   83 G     2  -1   1  -1  -2   0   0   2  -1  -2  -1   0  -2  -2  -2   1   0  -3   0  -1   19   2   7   3   0   3   5  21   1   2   5   6   0   0   1  10   5   0   4   5  0.15 0.11
   84 T     0  -1   0   4  -4  -1   1   0   5  -3  -3   0  -3  -3  -3  -1  -1  -4   0  -1    7   2   4  32   0   1  10   6  16   0   2   4   0   0   0   3   2   0   4   6  0.47 0.26
   85 L    -3   0  -4  -4  -3  -1  -3  -4  -3   1   4  -1   2   4  -4  -3  -3   4  -1  -1    1   6   0   0   0   3   1   1   0   7  46   5   4  18   0   1   0   6   0   2  0.57 0.29
   86 G     0   1   2  -1  -3   0  -1   3   0  -2  -1   1  -1  -3  -1   2   0  -3  -2  -2    8   7  10   1   0   4   1  22   2   0   6   8   2   0   2  18   4   0   1   2  0.20 0.14
   87 S     1  -2   3  -2  -3  -2  -2  -1  -2  -3  -2  -1  -3  -4   1   4   2  -4  -3  -1   13   0  19   0   0   0   1   2   0   0   3   3   0   0   6  35  12   0   0   5  0.46 0.29
   88 L    -2   0  -3  -4  -3  -2  -2  -4  -3   1   4  -3   3  -2  -2  -1  -2   2  -2   1    3   6   0   0   0   2   2   1   0   8  48   0  10   0   1   6   0   3   0   8  0.46 0.26
   89 Q    -1   2   2   0  -3   2   2   1  -1  -3  -2   2  -2  -3  -1   0   1  -3  -2  -2    1  13  13   1   0  13  13  13   0   1   1  13   0   0   1   1  13   0   0   1  0.24 0.07
   90 L     1   0  -2   0  -2  -1  -1  -3  -3   1   2  -2   2   0  -1  -1  -1  -3  -2   2   17   6   0   6   0   3   2   0   0   8  21   0   6   3   2   0   0   0   0  23  0.15 0.15
   91 P    -1   1   4   2  -3  -1  -1  -2   2  -3  -3   1  -2  -3   2   1   0   2  -2  -1    5   7  24  11   0   1   1   1   5   1   1   9   0   1   9  13   4   4   0   5  0.28 0.17
   92 G     1   0   0   0  -3   0   2   1   0  -3  -3   1  -2  -3   1   1   0  -3  -2  -2   14   6   2   3   0   2  16  13   3   0   1  12   0   0   8  12   5   0   0   3  0.22 0.12
   93 V     0   0  -1   0  -2  -1  -2   0   0  -1   0  -1   0   0  -2   2   2  -2   0   0    5   5   0   6   0   0   1   8   3   0  14   0   2   6   0  20  18   0   3   7  0.11 0.14
   94 L    -2  -3  -4  -4  -3  -1  -3  -2  -3   0   5  -3   0   0   0  -3   0  -3   0  -1    1   0   0   0   0   4   1   4   0   3  66   0   0   3   6   1   6   0   4   1  0.58 0.31
   95 T     1  -2  -1   0   0   0  -1  -1   1  -2  -1  -2  -1  -3   1   4   2  -1  -3  -1   11   0   1   6   1   4   1   3   4   1   6   0   1   0   7  38  12   1   0   3  0.31 0.22
   96 R    -1   4  -2  -2  -4   5   1  -2   0  -3  -2   1  -2  -4  -3  -2   1  -3  -3  -2    5  22   0   1   0  39   7   2   1   0   3   7   0   0   0   1   9   0   0   2  0.65 0.32
   97 L    -1  -3  -3  -1  -3  -3  -3  -1  -4   0   5  -3   2  -1  -3  -1  -2  -3  -3  -1    5   0   0   4   0   0   1   4   0   2  68   1   5   1   0   6   1   0   0   1  0.67 0.31
   98 R     0   1  -2  -1  -2  -1  -2   1   4  -3  -1  -2  -2   2  -3   1  -2  -1   5  -2    6   8   0   4   1   1   1  10  12   0   5   1   0   8   0  14   1   0  26   1  0.38 0.23
   99 V     1   0  -1  -2  -2  -1  -1   1   1  -1  -1  -1   0  -2  -2   2   1   2  -2   1   16   4   2   1   0   0   3  10   4   1   7   2   2   1   0  23   8   4   0  12  0.15 0.13
  100 D    -3  -3   1   5  -4  -1  -1   2   1  -4  -3  -2  -3   0  -1  -2  -3  -3   3  -4    1   0   6  45   0   1   2  15   4   0   1   1   0   4   2   1   1   0  14   1  0.72 0.31
  101 L    -1  -2  -3  -3  -2  -2   0  -2  -3   0   4  -2   1   0  -3  -1   2  -2  -1   0    4   1   1   1   0   1   7   3   0   3  50   1   3   3   1   3  16   0   1   3  0.35 0.19
  102 M    -2   1  -1   0  -2   4   1  -3   2  -2   0   3   0   0  -2  -1  -2  -3  -2  -2    2   6   2   4   1  23   8   1   7   2  13  22   1   5   1   2   1   0   0   1  0.29 0.17
  103 S     1   0   0  -2   2  -1  -2  -2  -2  -1  -1  -2  -2  -3  -2   5   0  -3  -3   0    9   4   3   1   4   2   1   1   0   3   7   1   0   0   1  54   4   0   0   5  0.48 0.25
  104 Y    -3  -4  -4  -4  -4  -4  -4  -4  -2  -1  -1  -4  -2   6  -4  -3  -3   4   6  -3    1   1   0   1   0   0   1   1   0   2   5   1   0  42   1   1   1   6  36   1  1.35 0.38
  105 L    -2   3  -1  -1  -3   2   2  -1  -1  -3   0   3  -2  -3  -2  -2  -2   2  -2  -3    2  19   1   2   0   9  13   5   1   1  12  28   0   0   1   1   1   3   0   1  0.38 0.19
  106 R    -1   2   0  -2  -3  -1  -2   0   3   0   2   0   0   1  -3  -1  -1   1  -1  -1    3  14   3   1   0   2   1   9  10   5  26   7   2   7   1   2   2   2   1   3  0.12 0.11
  107 H    -2  -2  -1  -3  -4  -2   0  -4  10  -4  -2  -3   0  -3  -4  -3  -3  -4   0  -4    4   2   2   1   0   0   6   1  72   1   4   1   3   0   1   1   1   0   2   1  1.83 0.50
  108 V    -1  -3  -3  -4  -2  -3  -2  -4  -3   1   2  -3   1   4  -3  -3  -1  -2   0   3    3   1   0   1   0   0   2   1   0   6  21   1   3  27   1   1   2   0   1  30  0.49 0.21
  109 Q    -1  -1   0   5  -4   2   3   0   0  -4  -3  -1  -3  -4  -1  -1  -1  -4  -3  -3    3   1   1  36   0  10  24   7   2   0   2   3   0   0   2   3   2   0   0   1  0.61 0.24
  110 W    -1  -4  -5  -5  -4  -4  -4  -4  -4  -4  -4  -4  -4  -2  -5  -4  -4  12  -1   0    5   1   0   1   0   0   1   1   0   1   1   1   0   0   1   1   1  79   0   6  3.21 0.67
  111 L    -3  -3  -4  -4  -3  -3  -4  -4  -4   1   5  -3   2  -1  -4  -3  -3  -3  -3   0    1   1   1   1   0   0   1   1   0   6  79   1   3   0   1   1   1   0   0   3  1.00 0.33
  112 R    -2   4   2  -2  -4   1   0  -3   0   0  -2   4  -1  -3  -3  -1  -1  -3   0  -2    1  28  10   0   0   6   3   1   1   6   4  27   1   0   0   3   2   0   4   1  0.50 0.26
  113 R     0   4   0   0  -3   2   0  -3   0  -2  -3   2  -2  -3  -2   0   2  -3  -3  -2    7  25   3   4   0   8   5   1   2   1   2  16   0   0   1   7  17   0   0   2  0.38 0.21
  114 A     4  -3  -1  -1  -2  -2  -2  -1  -3   0  -1  -1   0  -3  -1   1   0   0  -1   1   43   0   2   3   0   0   1   4   0   4   5   4   2   0   2   8   4   1   2  14  0.32 0.23
  115 G     0   1  -1  -1  -3   2   0   2  -1  -2  -3   2  -1  -3  -1   1   0   0  -2  -2    8   7   1   2   0   9   3  20   1   2   2  15   1   0   2  14   7   1   1   2  0.22 0.14
  116 G    -1   0  -1   1   2   0   2   2   3  -3  -2   1  -2  -2  -2  -1  -1   0  -2  -1    5   5   1   8   5   3  19  20  10   1   2   8   0   1   1   1   2   2   0   5  0.24 0.15
  117 P    -1   1   4  -1  -3   0   0  -2  -2  -2  -2   2  -3  -3   3   0  -1  -4  -3  -3    3   6  27   2   0   3   4   2   0   3   3  16   0   1  17   7   4   0   1   1  0.47 0.24
  118 S     0  -1   1  -1   1   2  -2  -1   5  -1  -2  -3   0   0  -1   0  -1   2   1   1    8   4   6   3   3   9   0   4  18   3   3   0   3   5   3   5   3   3   6  10  0.26 0.27
  119 L    -2  -1   0  -3  -3   0  -1  -1   2  -1   1  -1  -2   1  -1   2  -1   4   0   0    0   3   3   0   0   5   3   5   6   4  13   4   0   6   3  23   3   6   3   7  0.18 0.24
  120 K    -2   3   0  -3  -4   0  -1  -2   5  -3   1   0   2   0   0   1  -3  -4  -2  -2    3  15   5   0   0   3   3   3  18   0  17   4   6   3   4  12   0   0   0   3  0.35 0.33
  121 T     0  -2   0  -3  -4  -1  -2  -2   0  -3  -1  -3  -1  -2   5   2   1  -5  -1  -1    6   2   5   0   0   2   2   3   3   1   6   0   1   2  32  17  10   0   2   5  0.59 0.42
  122 L     1  -3  -1  -1  -1   0  -2  -3  -1  -1   1  -1   1   0  -2   2   0   3  -1   0   12   0   2   3   1   5   2   0   2   2  18   4   4   5   1  21   5   4   1   8  0.17 0.23
  123 E    -2  -2  -3   0   0   4   3  -3   0  -2   0  -1  -1   0   0   2  -2  -4  -3   0    2   1   0   4   2  20  19   2   2   2   8   2   1   4   5  16   1   0   0   7  0.34 0.35
  124 P     1   0   1  -1   0   0   0  -4   4  -4  -3  -3  -4  -4   5   1  -1  -5  -2  -4   12   4   7   3   2   3   7   0   9   0   3   0   0   0  33  10   2   0   1   0  0.70 0.43
  125 E     1   0  -2   1  -4   1   4  -2  -3  -3  -3   4  -3  -5  -1   0  -1  -5  -4  -2   11   3   0   6   0   6  27   2   0   1   3  26   0   0   3   8   2   0   0   3  0.52 0.38
  126 L    -1  -2  -2  -2  -3  -2   1  -3  -3   1   3  -3   3   1  -3   0   2   1  -2   1    4   2   1   2   0   0   9   1   0   6  32   0   8   6   0   6  12   2   0   7  0.28 0.26
  127 G    -1  -2   0  -1  -4  -2   1   4   1  -2  -3   0  -2  -4  -2   1   0  -4  -2   0    4   1   4   2   0   0   9  38   3   2   1   5   1   0   1  13   4   0   2   7  0.47 0.34
  128 A     3  -2  -1   1  -3   0   2   0   0  -2  -1   0   0  -4  -2   1   0  -4  -3  -2   26   0   2   8   0   3  17   8   2   2   7   4   3   0   1  10   6   0   0   1  0.26 0.26
  129 L     0  -3  -2   1  -3  -2  -1  -2  -1   3   1  -2   4  -2  -3  -1  -1  -4  -3   2    6   0   2   8   0   1   3   2   2  19  14   2  12   0   0   5   4   0   0  17  0.27 0.24
  130 Q    -1  -1  -1  -2  -2   1  -2  -1   4   2   0  -2  -1  -2  -3   2   0  -3   2   0    5   3   2   2   1   8   0   4  12  17   7   1   1   1   0  20   5   0   7   4  0.24 0.27
  131 A     1   1   1   0  -3   0  -1  -2   2  -2   0   0  -2  -3  -3   2   2  -4  -2   0   13   7   6   5   0   4   1   2   5   2  10   6   0   0   0  21  13   0   1   6  0.19 0.22
  132 R    -3   3  -1  -1  -5   2   2  -2   7  -4  -1   1  -1  -4  -1   0  -3   1  -2  -4    1  18   1   2   0   8  12   3  27   0   6   7   1   0   2   6   0   2   1   0  0.67 0.42
  133 L    -3  -4  -4  -4  -3  -2  -4  -2  -4   3   4  -4   3  -2  -2  -2   1  -4  -3  -1    1   0   0   0   0   2   0   4   0  18  47   0   8   0   2   3  10   0   0   2  0.66 0.39
  134 E    -1   1   0   0  -3   2   1  -2   2  -3   1   3   0  -2   0   1  -1  -4  -3  -3    5   5   3   6   0  10   8   1   5   0  15  23   2   1   4   9   2   0   0   0  0.23 0.22
  135 R    -1   2   2   0  -3   2  -1  -2   1  -1  -1   2  -2  -3   0   1   0  -4  -3  -2    2  13  12   4   0  10   2   3   4   3   8  12   0   1   5  15   5   0   0   2  0.21 0.20
  136 L    -3  -4   0  -4  -4  -4  -4  -5  -1   2   5  -4   0   0   0  -3  -3  -4  -3  -1    2   0   6   0   0   0   0   1   2  12  63   0   1   2   4   2   0   0   0   2  0.87 0.47
  137 L     0  -1   0  -2  -2   0  -2  -1  -1   2   1  -1   1  -2  -1   2  -1  -3  -3   0    9   3   4   1   0   3   0   4   2  18  17   3   3   0   3  22   2   0   0   5  0.16 0.19
  138 R    -1   1   4   2  -4   0  -1  -1   1  -3  -1   0  -1  -2  -2   0   0   0  -1  -2    6   8  28  11   0   3   3   4   4   0   9   7   2   1   1   5   4   1   1   3  0.28 0.24
  139 R     0   3   0  -2  -3   0  -2  -3  -1  -1   3   0   0  -1   0   1  -1  -3  -3  -1    6  16   5   1   0   4   0   0   1   2  30   4   2   3   4  15   3   0   0   2  0.24 0.25
  140 L    -3  -3   0  -4   2  -3  -2  -4  -4   3   4  -2   1  -1   0  -1   0  -4  -3   1    0   0   5   0   5   0   2   0   0  15  41   2   3   2   5   5   5   0   0   8  0.42 0.29
  141 Q    -2   0   2   0  -4   3   2  -1   4  -4  -1   0  -3  -1   0   0  -1  -4   0  -3    0   5  10   5   0  14  15   4  12   0   7   6   0   3   5   7   3   0   3   0  0.30 0.27
  142 L     0   1   0  -2   0   0  -2  -1   4  -1   0   0   0  -1   0   0   1  -3   0   0    6  10   4   1   2   3   1   3  14   3  12   7   2   3   4   6  11   0   2   6  0.12 0.15
  143 L     0  -2   1   0   2   1   0  -2   2   0   0   0   1   0   1   0   0  -3  -1   0    6   0   6   6   6   6   6   0   6   6   6   6   6   6   6   6   6   0   0   6  0.07 0.11
  144 M     0   1  -2  -2  -2   1  -1   0  -2   0   0   0   1   1   1   0   0  -2  -1   0    8   8   0   0   0   7   0   8   0   8   8   8   7   7   8   8   8   0   0   8  0.06 0.09
  145 S     0   0   1   0   1   1   1  -1   2  -1  -1   0   1  -3  -2   2   0  -3  -2  -1    5   4   8   4   3   6   9   4   8   5   5   4   4   0   0  19   6   0   0   5  0.13 0.15
  146 R    -1   3  -1   0  -3   2   1  -2   3  -3  -1   2   0  -2   0  -1  -1  -3  -1  -3    3  19   2   5   0  13   8   3   9   1   7  12   2   2   5   4   3   0   2   1  0.27 0.22
  147 L     0  -1  -2  -2  -2   1   0  -2   1   1   1  -1   2  -1   0  -1  -1  -3  -2   2    6   2   1   1   0   6   9   3   4  10  17   3   5   2   5   3   3   0   0  20  0.12 0.15
  148 A     1  -1   1   2  -3   1   1   1   0  -2  -2   0  -1  -3   1   1  -1  -4  -3  -1   14   2   8  10   0   7  12   9   2   0   4   4   1   0   8  10   2   0   0   7  0.18 0.16
  149 L     2  -2  -3  -1   2   0   0  -2  -3   1   2  -1   2  -1  -1  -1  -1  -3  -2   0   18   1   0   2   4   3   6   3   0   9  27   3   6   2   3   3   2   0   0   6  0.16 0.18
  150 P    -1  -3   0  -1  -4   1   1  -1  -3   0  -1  -2  -1  -4   5   0   1  -4  -4  -2    3   1   4   2   0   6  11   4   0   6   6   1   1   0  35   8   9   0   0   3  0.61 0.36
  151 Q    -1   3  -2  -1  -3   3   1  -1  -2  -2   0   0  -1  -3   0   0  -1  -1  -2   0    3  19   0   3   0  19   9   4   0   2   8   4   1   0   4   8   4   1   1   7  0.23 0.26
  152 A     0  -2  -1  -1   0   0   0  -3   0   0   0  -2   0  -3   3   0   1  -3  -3   0    8   1   3   2   2   3   7   1   3   6  13   1   3   0  19   9   8   0   0   9  0.22 0.18
  153 A     1   0   0  -3  -3   1   0  -2   0  -2  -2  -2  -1  -3   4   1   2  -4  -3   1   11   4   4   0   0   7   4   2   3   1   2   1   1   1  25  10  13   0   0  10  0.41 0.30
  154 P    -1  -2  -2  -1  -4  -1  -1  -3  -1   0   0  -3  -3  -2   6   1   0  -4  -4   0    4   2   1   3   0   2   3   2   2   6   8   0   0   2  44   9   5   0   0   6  0.81 0.42
  155 D     1  -2  -1   1  -1   2   0  -2  -1  -3  -3  -2  -2  -4   4   2   1  -4  -3  -1    9   1   3   8   1  11   5   2   2   0   2   1   1   0  25  17   8   0   0   4  0.47 0.32
  156 Q     0  -1   0  -1  -3   0   0  -2  -1  -1  -1  -1  -1  -1   4   2   2   0  -3  -1    7   3   3   3   0   3   7   1   1   4   7   1   1   3  20  19  12   1   0   3  0.29 0.24
  157 P    -2  -3  -4  -4  -4  -1  -3  -4  -4  -4  -2  -3  -2  -2   7  -1   0  -5  -4  -2    2   2   1   1   0   3   1   1   0   1   5   1   1   2  66   4   6   0   0   3  1.63 0.66
  158 V     1  -1  -2  -1  -2  -2  -2  -1   0  -2  -1  -2  -2  -3   2   4   0  -4  -3   1   11   2   0   2   1   1   1   3   3   1   6   0   1   1  12  36   5   0   0  14  0.38 0.34
  159 I    -1  -4  -4  -4  -4  -3  -3  -3   1  -2   3  -2  -1   1   5   0  -2  -4   0   0    4   0   0   0   0   0   1   1   4   1  31   2   1   6  30   8   2   0   3   8  0.64 0.41
  160 P     0  -3  -3  -3  -4  -1  -3  -4  -4  -4   0  -3  -2  -3   7   2  -1  -2  -4  -3    6   1   1   1   0   2   0   0   0   0  10   0   1   1  50  18   3   1   0   2  1.12 0.57
  161 L    -2  -2  -3  -3  -3  -1  -2  -3  -3  -1   4  -3   0  -1   4  -1  -1  -3  -3   0    2   2   1   1   0   3   3   1   0   1  46   1   2   2  19   4   3   0   0   7  0.52 0.32
  162 G     1  -2  -1  -2  -1  -1  -2  -1   3  -2  -2  -2  -3  -1   6   0  -2  -4  -3   0   10   1   3   2   1   2   1   4   7   1   4   1   0   2  42   8   2   0   0   7  0.77 0.38
  163 P     0  -1   0  -1  -1  -1  -1  -3  -1  -1   0  -2  -2  -2   5   0   1  -3  -3   0    9   2   5   3   2   3   4   1   1   3   9   1   0   1  32   6   9   0   0   8  0.47 0.27
  164 P    -1  -3  -1  -2  -3   1  -2  -3   3  -1   1  -2  -2  -3   5   0  -1  -4  -3   1    4   1   2   2   0   7   2   1   7   3  18   1   0   1  32   6   2   0   0  10  0.55 0.32
  165 A     1  -3   1  -2  -1  -2  -2   0  -1  -2  -2  -1  -3  -3   0   4   1  -4   1   0   11   0   8   0   1   1   1   8   1   1   4   3   0   0   5  37   6   0   5   6  0.34 0.31
  166 S    -2  -2   1  -2  -4  -2  -2  -3  -2  -4  -3  -2  -3   0  -3   4   5  -4  -2  -3    0   1   7   2   0   1   1   1   1   0   2   2   0   5   1  33  41   0   1   0  0.83 0.55
  167 A     4  -1  -2  -1  -4   2  -2  -3   4  -4  -4  -3  -4  -3   2  -1   1  -5  -3  -2   45   2   1   3   0  11   1   0  12   0   1   0   0   1  11   2   8   0   0   1  0.73 0.51
  168 W    -7  -3  -8  -8  -7  -6  -7  -7  -6  -6  -5  -7  -5   6  -8  -7  -7  11  -2  -6    0   2   0   0   0   0   0   0   0   0   0   0   0  37   0   0   0  60   0   0  3.40 1.14
  169 G    -1  -3   1   5  -5   0   3   2   0  -4  -5  -2  -5  -6  -4   0  -2  -6  -5  -5    4   1   6  41   0   3  17  17   2   1   0   1   0   0   0   6   2   0   0   0  0.85 0.46
  170 S     2  -2  -4  -4  -3  -3  -3   1  -4   1   0  -3   2  -3  -4   0  -1  -5  -4   4   21   2   0   0   0   0   1   9   0   4   9   0   5   0   0   7   2   0   0  39  0.51 0.38
  171 I    -2  -2  -1  -3  -3  -3  -4  -4   0   3   3  -3  -1   0  -4  -3  -1  -3   2   3    3   3   4   1   0   0   0   1   3  15  34   1   0   3   0   0   2   0   7  24  0.48 0.32
  172 R    -4   5  -3  -4  -6   7  -1  -4  -3  -3  -1   0  -2  -6  -5  -3  -2  -5  -5  -1    0  28   0   0   0  52   1   1   0   2   5   3   1   0   0   1   1   0   0   5  1.31 0.70
  173 A     3  -3  -3  -2   0  -2  -2  -2  -2  -3  -1  -3  -3   3  -3   3   1  -3   2  -2   32   0   0   1   2   1   2   2   1   0   6   0   0  17   0  22   7   0   6   1  0.45 0.36
  174 A     2  -4   1  -3  -4  -3  -3   2  -4  -5  -5  -2  -4  -5  -2   5  -1  -6  -5  -4   18   0   7   0   0   0   0  16   0   0   0   1   0   0   1  55   2   0   0   0  1.00 0.57
  175 H     0  -1  -1  -3  -4   1  -3  -5   7   0  -1  -3  -2  -1  -5  -3  -2  -4   2   3    9   3   3   1   0   7   0   0  35   5   4   0   0   1   0   0   1   0   6  25  0.83 0.47
  176 A     3  -3  -4  -2  -5  -1   6  -4  -4  -1  -4  -2  -4  -5  -2  -3  -3  -6  -5   0   29   0   0   0   0   1  53   0   0   4   1   1   0   0   1   0   1   0   0   8  1.03 0.59
  177 I    -4  -6  -6  -6  -4  -5  -6  -7  -6   7   3  -5   1  -2  -6  -5  -4  -5  -4   2    0   0   0   0   0   0   0   0   0  63  22   0   3   1   0   0   0   0   0  11  1.43 0.59
  178 L    -1  -4  -3  -4  -4  -3  -4  -4   3   0   4  -3  -1   2  -1   3  -1  -4  -2  -1    3   0   0   0   0   0   0   0  10   3  42   1   0   8   3  26   2   0   1   2  0.55 0.38
  179 G    -3   2  -1   2  -5   4   3   1   4  -5  -3   1  -3  -5  -4  -2  -1  -5  -3  -3    0  11   1  11   0  20  21  13  10   0   2   6   0   0   0   0   3   0   0   1  0.58 0.35
  180 G    -2   5  -1   0  -5   3  -1   2   4  -5  -5   2  -4  -5  -4   0  -3  -5  -3  -5    2  32   1   5   0  15   1  16  12   0   0  10   0   0   0   6   0   0   0   0  0.74 0.40
  181 L    -5  -5  -6  -7   0  -5  -6  -7  -5  -1   5  -6  -1   5  -6  -4  -4  -4  -2  -2    0   0   0   0   2   0   0   0   0   1  69   0   0  27   0   1   0   0   0   0  1.47 0.61
  182 H    -3   3  -2  -3  -1   3   0  -2   6  -4  -1   2  -2  -4  -4  -2  -1  -4   2  -4    0  17   1   0   2  15   5   2  27   1   6  14   0   0   0   1   3   0   6   1  0.73 0.41
  183 L    -1  -2  -3  -3  -3  -2  -4  -4  -4   0   4  -4   1   2  -3  -2  -1  -3   0   3    4   2   1   1   0   1   0   0   0   2  50   0   2   8   1   2   3   0   3  20  0.59 0.34
  184 T    -5  -6  -6  -6  -5  -6  -6  -6  -2  -4  -3  -6  -3   8  -6  -3   2  -2   5  -4    0   0   0   0   0   0   0   0   1   0   0   0   0  68   0   1  13   0  17   0  2.00 0.73
  185 L    -3  -6  -6  -7  10  -6  -6  -3  -3  -3   3  -6  -3  -2  -6  -2  -4  -5  -5  -2    1   0   0   0  57   0   0   2   1   0  32   0   0   2   0   4   0   0   0   2  2.03 0.72
  186 D    -4  -1   2   6  -6   0  -1  -3   3  -2  -3  -2  -4  -2  -4  -1  -2  -6  -2  -3    0   3  11  57   0   3   2   1   7   2   2   1   0   2   0   3   2   0   1   2  1.05 0.48
  187 W    -6  -6  -7  -8  -1  -6  -7  -7  -6  -6  -3  -1  -5   1  -8  -5  -6  12   1  -7    0   0   0   0   1   0   0   0   0   0   2   5   0   4   0   1   0  83   3   0  3.85 1.08
  188 A     4  -4  -3  -4  -3  -3  -3  -3  -3  -4  -2  -3  -3  -1  -4   4   0  -4   3  -2   45   0   0   0   0   0   0   1   0   0   3   0   0   2   0  33   3   0  12   1  0.88 0.49
  189 V     1  -1  -2  -3  -3  -1  -2  -3  -3   0   0   3  -2  -3  -3   0   1  -4   1   2   14   2   1   0   0   1   1   0   0   6   6  27   0   0   0   6  10   0   6  19  0.29 0.25
  190 R    -5   8  -4  -5  -7  -1  -4  -6   1  -7  -4  -1  -5  -6  -3  -4  -5  -6  -5  -6    0  94   0   0   0   1   0   0   3   0   1   0   0   0   1   0   0   0   0   0  2.43 0.83
  191 G     4  -4  -4  -1  -2  -2  -3   1  -4   0  -1  -3  -1  -4  -4  -2  -1  -5  -4   4   36   0   0   4   1   2   0  12   0   3   3   0   1   0   0   1   1   0   0  36  0.60 0.36
  192 L    -4  -5  -6  -6  -4  -5  -6  -6  -5   0   6  -5  -1   4  -6  -5  -4  -4  -3  -1    0   0   0   0   0   0   0   0   0   2  78   0   0  17   0   0   0   0   0   3  1.44 0.55
  193 L    -2   3  -3  -4  -3  -1  -3  -1   1   1   3  -1   0  -2  -4  -2  -2   0  -1   2    1  19   1   0   0   2   0   6   3   6  37   1   2   0   0   3   2   1   2  16  0.35 0.25
  194 L    -1  -2  -1  -2  -2  -1  -2  -3   4   0   2  -2   0   0  -3   1   1  -3   0   1    3   2   1   2   1   2   1   1  12   3  30   0   1   2   0  14   8   0   3  14  0.24 0.21
  195 L    -4  -5  -6  -6  -4  -3  -6  -6  -5   2   6  -5   2  -1  -6  -5  -3  -4  -4  -2    0   0   0   0   0   1   0   0   0   9  83   0   4   2   0   0   1   0   0   0  1.42 0.53
  196 K    -2   4  -2  -3  -2   3  -1  -4  -2  -3  -3   5  -1  -5  -4  -1  -2  -5  -4  -4    2  24   1   0   1  16   1   0   1   1   2  44   2   0   0   3   1   0   0   0  0.92 0.42
  197 T    -1   3   3  -2  -4  -1  -2  -2   3  -3  -2   0  -3  -4   2   2   2  -4  -3  -3    2  17  15   1   0   1   0   1   9   1   4   5   0   0  11  21  13   0   0   0  0.42 0.26
  198 R    -3   5  -3  -3  -6   3  -2  -4  -3  -5  -4   6  -2  -5  -4  -2  -3  -5  -4  -5    0  32   0   0   0  13   0   0   0   0   1  52   1   0   0   1   0   0   0   0  1.31 0.49
  199 L    -2  -4  -5  -5  -2  -3  -4  -5  -4   2   5  -4   2  -1  -4  -3  -2  -3  -2   3    0   0   0   0   0   0   0   0   0   6  66   0   2   0   0   0   0   0   0  26  0.78 0.23

                      K         Lambda
Standard Ungapped    0.1378     0.3227
Standard Gapped      0.0417     0.2670
PSI Ungapped         0.1361     0.3175
PSI Gapped           0.0417     0.2670
