
Last position-specific scoring matrix computed, weighted observed percentages rounded down, information per position, and relative weight of gapless real matches to pseudocounts
            A   R   N   D   C   Q   E   G   H   I   L   K   M   F   P   S   T   W   Y   V   A   R   N   D   C   Q   E   G   H   I   L   K   M   F   P   S   T   W   Y   V
    1 M    -3  -3  -4  -5  -3  -2  -4  -5  -4   1   1  -3  10  -2  -5  -4  -3  -3  -3  -1    0   0   0   0   0   0   0   0   0   6   5   0  89   0   0   0   0   0   0   0  1.73 0.34
    2 S    -1  -2   3   0  -3  -1   0  -2  -2  -4  -4  -1  -3  -4  -2   5   1  -5  -3  -3    1   1  17   3   0   0   6   0   0   0   0   2   0   0   1  64   6   0   0   0  0.74 0.23
    3 E     0  -1   1   2  -3   3   3  -2  -1  -3  -3   0  -2  -4  -1   2   2  -4  -3  -2    5   1   5   9   0  15  23   1   0   0   0   1   0   0   2  25  13   0   0   1  0.40 0.14
    4 F     0  -1   1   0  -1   2   1  -2  -1   0  -1   0  -1   0   0   2   0  -3  -2   0    6   1   7   3   1  12  13   0   1   7   3   2   0   5   4  19   6   0   0   9  0.11 0.07
    5 A     2  -1   1   0  -2   1   1  -1   0  -2  -1   0  -1  -2   1   2   0  -3  -2  -1   20   1   5   4   0   4  13   1   2   1   4   5   1   1   7  21   5   0   0   5  0.18 0.08
    6 T    -1  -2   4   0  -2  -1   0  -1  -1  -1  -1  -1  -2  -2  -1   2   2  -4  -3   0    3   0  26   4   0   1   7   2   1   3   5   0   0   1   2  20  16   0   0   8  0.26 0.13
    7 S     0  -1   2   2  -3   1   1  -1   1  -2  -2  -1  -2  -3   0   2   1  -4  -2  -2    9   0  11  12   0   7   8   2   4   2   1   2   0   0   4  24  11   0   1   2  0.24 0.10
    8 R     0   0   2   2  -3   1   1  -1   0  -2  -1   0  -1  -2   2   1   1  -3  -2  -1    6   3  14  12   0   7  12   3   2   2   7   1   1   1   9  12   7   0   0   2  0.19 0.07
    9 V     0  -2   0   0  -2  -1   0  -1   0   0   0  -1   0  -1   0   1   2  -3  -1   1    6   0   4   7   0   1   4   3   3   5  10   2   2   1   4  14  16   0   2  15  0.07 0.06
   10 E    -1  -1   0   2  -1   1   2  -1   1  -1  -2   0  -2  -2   1   1   1  -3  -1  -2    3   2   3  12   1   7  21   4   5   4   3   4   0   1   7  10   8   0   2   2  0.19 0.07
   11 S     0  -1   2   0  -2   1   0  -1   1  -1  -1   0  -2  -3   0   3   2  -4  -2  -1    6   1   9   2   0   7   6   3   3   3   5   3   0   0   3  30  16   0   0   1  0.23 0.12
   12 G     0  -1   2   2  -3   0   1   1   0  -2  -3   0  -2  -3   1   2   1  -3  -2  -2    9   1   9  12   0   3  11  10   2   1   1   4   0   1   6  19   7   0   1   2  0.21 0.08
   13 S     1  -1   1   0  -2   0   0  -1  -1  -1  -3  -1  -2  -3  -1   4   2  -4  -2  -1    8   1   5   4   0   4   7   2   1   4   1   1   0   0   1  45  13   0   0   3  0.36 0.17
   14 Q     0  -1   2   1  -3   1   1   0   0  -2  -3   0  -2  -3   1   2   0  -4  -3  -2    6   2  14   8   0   8   9   6   2   1   2   3   0   0   8  24   5   0   0   1  0.25 0.10
   15 Q     0   0   2   2  -2   0   0   0   0  -1  -2   0  -2  -3   0   2   1  -4  -2  -1    7   5  13  11   0   5   5   4   2   3   2   2   0   0   3  25   9   0   1   3  0.20 0.09
   16 T     0  -1   2   2  -2   0   0  -1   2  -1  -2  -1  -2  -2   0   2   1  -3  -2   0    7   1  12  11   0   3   3   3   7   3   2   2   0   1   3  24   9   0   1   8  0.17 0.09
   17 S     0  -1   1   2  -1   0   0  -2  -1  -2  -2   0  -2  -3   0   4   1  -4  -3  -1    3   1   6  13   1   3   6   1   1   2   2   4   0   0   4  44   5   0   0   3  0.33 0.15
   18 I     0  -1   0  -1  -2   0   0   0   1   1   0  -1   0  -1  -1   0   0  -2   0   1    8   1   4   4   0   5   4   7   4  13   8   1   0   2   2  10   4   0   3  18  0.03 0.04
   19 H     0  -1   0   1  -2   0   1  -1   3   0   0  -1   1  -1  -1   0   0  -3   0   0    7   2   4   7   0   3  10   5  11   4  14   2   6   1   1  10   3   0   2   8  0.05 0.05
   20 S     0  -1   2   1  -2   0   0   0  -1  -2  -1  -1  -1  -2  -1   3   1  -4  -2  -1    4   1  15   6   0   4   5   7   1   1   5   2   1   1   3  32   6   0   0   6  0.22 0.11
   21 T     2  -1   0   0  -2  -1   0  -1   0  -1  -2   0   0  -1  -1   1   3  -3  -1   0   19   0   2   6   0   2   3   2   2   2   2   7   3   2   1  11  28   0   2   5  0.18 0.11
   22 P     0  -1   1   0  -3   0   0  -2  -1  -3  -3   0  -1  -3   6   1   0  -4  -2  -3    5   2   7   4   0   4   4   2   1   1   1   4   2   1  45  11   4   0   1   1  0.79 0.18
   23 I     0  -1   0   1  -2   0   1  -1   0  -1  -1   0  -1  -2   2   2   1  -3  -2  -1    4   1   2   8   0   4   9   3   2   4   4   6   0   1  11  28   7   0   1   5  0.19 0.09
   24 V     0  -1   3   1  -2   0   1   0   0   0  -1   0  -1  -2   0   0   0  -3  -2   1    5   0  19   9   0   3  10   7   2   6   5   4   1   0   4   8   3   0   1  13  0.11 0.06
   25 Q    -1   0   2   1  -3   1   2  -1   0  -2  -2   3  -2  -3  -1   0   0  -4  -2  -2    2   0   9   8   0   4  16   3   1   1   2  34   1   0   1   7   5   0   1   3  0.30 0.12
   26 K     1   0   1   0  -2   1   1   0   0  -2  -2   2  -2  -2  -1   1   1  -3  -2  -1   13   1   9   5   0   3  12   5   2   1   2  21   0   1   2   8   8   0   1   5  0.15 0.07
   27 L    -1  -1   0   1  -2   0   2  -1   0   0   0   1   0  -1  -1   0   0  -2   0   0    3   1   5   6   0   2  23   2   2   6  10   8   2   1   1   9   4   0   5   8  0.09 0.05
   28 E    -1   1   0   1  -3   1   2  -1   2  -2  -2   1  -1  -1   0   0   0   2   0  -2    2  10   4   9   0   4  18   3   7   2   3   9   1   3   4  10   4   3   4   2  0.16 0.06
   29 T    -1  -1   2   3  -3   0   2   0   0  -2  -1   0  -2  -2  -1   1   0  -3  -2  -1    2   1  11  22   0   4  14   8   3   3   5   7   0   1   1  10   5   0   1   3  0.22 0.08
   30 D    -1  -1   1   5  -4   0   2  -2  -1  -3  -3   1  -2  -3  -1   0  -1  -4  -3  -3    2   1   7  50   0   2  13   1   1   1   1   7   1   1   3   5   3   0   0   1  0.63 0.17
   31 E     0   0   1   2  -2   1   2   0   0  -1  -1   1   0  -1  -1   1   0  -3  -1  -1    5   2   6  11   0   7  14   7   1   3   9   9   3   2   1  12   3   0   1   3  0.11 0.04
   32 S     0   0   1   1  -1   1   1  -1   0  -1  -1   2   0   1  -1   1  -1  -2   0  -1    5   1   7   8   1   4   7   3   1   2   8  20   2  10   2  12   1   0   3   2  0.09 0.06
   33 P    -1  -1   1   3  -3   1   2  -1  -1  -2  -2   1  -2  -2   2   0  -1  -3   0  -2    4   1   6  25   0   5  13   3   1   3   4   9   0   1  12   7   2   0   3   2  0.27 0.08
   34 I     0  -1   1   1  -2   0   1  -1  -1   0   1  -1   0   1  -1   0   0  -2   0   0    6   0   7  13   0   4   8   3   1   5  20   3   1   6   1   6   5   0   4   4  0.04 0.03
   35 Q    -1   0   3   2  -3   1   2   0   0  -2  -2   1  -2  -2  -1   0   0  -3  -1  -2    4   2  17  13   0   7  20   5   2   2   3   8   0   2   2   4   4   0   3   2  0.22 0.08
   36 T     0  -1   1   1  -3   1   3  -1   0  -2  -1   0  -1  -2   1   1   0  -3  -2  -1    9   1   6   8   0   6  26   3   2   1   9   6   0   2   6  10   3   0   1   4  0.17 0.07
   37 K     0  -1   1   3  -3   1   2  -1  -1  -1   0   0  -1  -2  -1   0  -1  -3  -2   0    7   1   7  19   0   6  18   4   1   2   9   6   1   1   1   8   2   0   0   8  0.16 0.06
   38 S     1  -1   1   1  -2   1   2  -1   1  -1  -1   0  -1  -2   0   0   0  -3  -2  -1   13   1   6   7   0   8  21   4   5   6   6   4   0   2   3   6   3   0   0   4  0.13 0.06
   39 E     0  -1   1   1  -2   2   3  -1   0  -1  -1   1  -1  -3   1   0   1  -3  -2  -1    8   1   8   4   1   9  25   2   3   4   4   7   0   0   5   5   8   0   0   6  0.18 0.07
   40 Y     0  -1   1   1  -3   1   3  -1   1  -1  -1   0  -1  -2   1   0   0  -3  -1  -1    6   2   7   7   0   6  27   5   3   5   5   4   1   1   7   3   4   0   1   5  0.16 0.06
   41 T     1  -1   1   1  -2   1   2  -1   0  -1  -1   0  -1  -3   2   1   0  -3  -2   0   15   1   7   6   0   7  14   2   3   3   3   2   1   0  12   9   7   0   0   8  0.17 0.06
   42 N     1  -1   1   1  -2   0   1  -2   0  -1  -1   0  -1  -2   3   0   0  -3  -2   0   15   1   9   8   0   5  13   1   3   4   7   2   1   0  15   4   4   0   1   7  0.18 0.06
   43 A     0  -1   0   0  -2  -1   0  -2  -1   2   0  -1   0  -2   2  -1  -1  -3  -2   2   10   1   5   7   0   2   8   1   2  20   7   2   1   0  10   4   2   0   0  18  0.10 0.06
   44 E     0  -1  -1   3  -3   1   4  -1  -1  -1  -2  -1  -2  -3  -1   0   0  -4  -3  -1   10   0   1  16   0   5  40   3   1   4   2   1   0   0   1   5   4   0   0   6  0.36 0.12
   45 L     0  -3  -2  -2  -2  -2  -2  -3  -3   3   3  -2   2  -1   0  -2  -1  -3  -2   1    7   0   1   2   0   1   1   1   0  28  34   0   8   0   4   2   2   0   0   7  0.29 0.10
   46 P     0  -3  -1  -2  -4  -2   0  -3  -2  -2  -3  -1  -3  -4   7  -1  -2  -5  -4  -3    6   0   3   1   0   0   6   0   1   2   3   2   0   0  69   4   1   0   0   0  1.50 0.26
   47 A    -1   1   2   0  -3   2   1  -2  -1  -2  -3   4  -2  -4  -1   0   0  -4  -2  -2    3   2  11   2   0  10  10   1   1   3   1  42   0   0   2   4   6   0   0   3  0.36 0.13
   48 K    -1   3  -1  -2  -4   1   0  -2  -2  -3  -4   6  -2  -4  -3  -1   0  -4  -3  -3    2  14   1   0   0   3   1   1   0   1   0  68   0   0   0   1   5   0   0   1  0.83 0.23
   49 P    -1  -3  -1  -2  -4  -2  -2   2  -3  -4  -4  -1  -4  -5   7   2  -1  -5  -4  -4    1   0   1   0   0   0   0  15   0   0   0   2   0   0  61  17   2   0   0   0  1.38 0.25
   50 I     2  -1  -2  -3  -2  -1  -2  -1  -2   1   1   1   1   2  -1  -1  -1   2   0   0   29   1   1   0   0   0   0   3   0   8  19  11   4  10   1   1   2   3   2   2  0.13 0.08
   51 A     0  -1  -1  -2  -2  -1  -1   1  -2  -2  -2   2  -2  -3  -2   4   1  -1  -3  -2    2   1   1   0   0   0   0   9   1   2   3  16   1   1   0  54   8   1   0   0  0.45 0.18
   52 A     3  -2  -1   2  -2   0   2   0  -1  -3  -3   0  -2  -3  -2   1   0  -4  -2  -2   44   0   1  16   0   3  15   4   1   1   0   4   0   0   0   6   4   0   1   1  0.36 0.14
   53 Y    -4  -2  -3  -5  -4  -2  -4  -5   1  -3  -2  -4  -3   2  -5  -4  -4   1   9  -3    0   2   1   0   0   1   0   0   2   0   3   0   0   3   0   0   0   1  87   0  1.83 0.37
   54 W     0  -3  -3  -4  -2  -3  -3  -4  -4   3   2  -3   1   1  -3  -2   1   2  -1   2    7   0   0   0   0   0   0   0   0  31  22   0   1   4   0   1  11   4   0  19  0.35 0.12
   55 T     0  -2  -1  -2  -2  -2  -2   2  -3  -1   0  -1  -1   2  -2   1   4   0  -1   0    3   0   0   0   0   0   0  21   0   0   8   2   1  11   1  10  37   1   0   4  0.30 0.13
   56 V     0  -4  -4  -4  -2  -3  -4  -4  -4   4   0  -3   0  -2  -3  -2   0  -4  -2   5    5   0   0   0   0   0   0   0   0  27   0   0   1   0   0   2   4   0   0  60  0.69 0.20
   57 I     1  -3  -1  -2   5  -2  -2  -1  -2   1  -1  -2   0  -1  -3   3   0  -1   0   0   12   0   0   0  14   0   0   3   0  13   1   0   2   1   0  40   3   1   4   6  0.32 0.14
   58 C    -2  -4  -4  -4   2  -3  -4  -4  -4   4   2  -3   1   1  -4  -2  -1  -3  -2   2    1   0   0   0   5   0   0   1   0  46  25   0   1   7   0   2   2   0   0   8  0.49 0.15
   59 L    -2  -3  -2  -4   4  -3  -3  -4  -3   1   4  -3   4   2  -4  -2  -1  -2  -1   0    0   0   3   0  10   0   0   0   0   7  47   0  18   9   0   3   2   0   0   0  0.47 0.15
   60 C    -2  -6  -5  -6  11  -5  -6  -5  -5  -3  -3  -5  -4  -3  -5  -2  -2  -4  -4  -3    0   0   0   0  97   0   0   0   0   0   0   0   0   1   0   1   1   0   0   0  2.83 0.44
   61 L    -2  -3  -4  -4   1  -3  -4  -3  -3   2   4  -3   1   3  -4  -3  -2  -2   1   2    2   0   0   0   3   0   0   1   0  10  49   0   1  16   0   1   1   0   4  13  0.44 0.13
   62 M    -2  -3  -4  -5   4  -3  -4  -4  -3   0   3  -3   7   1   0  -3  -2  -3  -2  -1    1   0   0   0  11   0   0   0   0   0  27   0  52   5   5   0   0   0   0   0  0.89 0.26
   63 I    -2  -4  -5  -5  -2  -4  -4  -5  -5   5   0  -4   1  -2  -4  -3  -2  -4  -3   5    0   0   0   0   0   0   0   0   0  49   2   0   1   0   0   0   0   0   0  48  0.89 0.23
   64 A     6  -3  -3  -3  -2  -2  -2   0  -3  -3  -3  -2  -3  -4  -2   1  -1  -4  -3  -2   88   0   0   0   0   0   0   3   0   0   0   0   0   0   0   9   0   0   0   0  0.99 0.27
   65 F    -4  -5  -5  -6  -4  -5  -5  -5  -3  -2  -1  -5  -2   9  -6  -4  -4  -1   1  -2    0   0   0   0   0   0   0   0   0   0   1   0   0  98   0   0   0   0   0   1  1.97 0.37
   66 G    -1  -4  -2  -3  -4  -4  -4   7  -4  -5  -5  -3  -4  -5  -4  -2  -3  -4  -5  -4    0   0   0   0   0   0   0  99   0   0   0   0   0   0   0   0   0   0   0   1  1.82 0.32
   67 G    -1  -4  -2  -3  -4  -3  -3   7  -4  -6  -6  -3  -4  -5  -4  -2  -3  -4  -5  -5    0   0   0   0   0   0   1  99   0   0   0   0   0   0   0   0   0   0   0   0  1.80 0.32
   68 F    -4  -5  -5  -5  -4  -5  -5  -5  -3  -2  -1  -5  -1   8  -6  -4  -4  -1   3  -3    0   0   0   0   0   0   0   0   0   0   1   0   1  90   0   0   0   0   8   0  1.80 0.34
   69 V    -2  -4  -4  -5  -2  -3  -4  -5  -4   4   1  -4   3  -2  -4  -3  -1  -4  -2   5    0   0   0   0   0   0   0   0   0  32   6   0   8   0   0   0   1   0   0  54  0.75 0.20
   70 F    -2  -4  -3  -4  -3  -4  -4  -4  -3  -2  -1  -4   0   8   0  -1  -2  -1   2  -2    2   0   1   0   0   0   0   0   0   0   1   0   1  76   6   6   2   0   3   0  1.17 0.27
   71 G    -1  -4  -2  -3  -4  -3  -4   7  -4  -5  -5  -3  -4  -5  -4  -2  -3  -4  -5  -4    0   0   0   0   0   0   0  98   0   0   0   0   0   0   0   0   0   0   0   0  1.78 0.31
   72 W    -4  -5  -5  -6  -4  -4  -5  -4  -4  -4  -3  -5  -3   4  -6  -5  -4  12   3  -4    0   0   0   0   0   0   0   0   0   0   0   0   0  21   0   0   0  72   6   0  2.78 0.41
   73 D    -3  -3   0   8  -5  -2   0  -3  -3  -5  -5  -2  -5  -5  -2  -2  -3  -6  -5  -5    1   0   0  97   0   0   0   0   0   0   0   0   0   0   1   0   0   0   0   0  1.84 0.35
   74 T    -2  -3  -2  -3  -2  -2  -2  -3  -3   0  -3  -2  -2  -4  -3   1   7  -4  -3  -1    0   0   0   0   0   0   0   0   0   5   0   0   0   0   0   7  86   0   0   1  1.16 0.31
   75 G    -1  -4  -2  -3  -4  -3  -4   7  -4  -5  -5  -3  -4  -5  -4  -2  -3  -4  -5  -5    0   0   0   0   0   0   0  98   0   0   0   0   0   0   0   0   0   0   0   0  1.76 0.31
   76 T    -2  -3  -2  -3  -3  -2  -3  -3  -3   0  -3  -2  -2  -4  -3   0   7  -4  -3  -1    0   0   0   0   0   0   0   0   0   5   0   1   0   0   0   3  90   0   0   0  1.22 0.32
   77 I    -3  -4  -4  -5  -3  -4  -5  -5  -5   7   0  -4   0  -2  -4  -4   0  -4  -3   1    0   0   0   0   0   0   0   0   0  92   0   0   0   0   0   0   5   0   0   1  1.21 0.29
   78 S     1  -2  -1  -2  -2  -2  -2   3  -2  -4  -4  -2  -3  -4  -2   5   0  -4  -3  -3    5   0   0   0   0   0   0  22   0   0   0   0   0   0   1  70   0   0   0   0  0.81 0.24
   79 G    -1  -4  -2  -2  -4  -3  -4   7  -4  -5  -5  -3  -4  -5  -4  -2  -3  -4  -5  -5    0   0   0   1   0   0   0  96   0   0   0   0   0   0   0   0   0   0   0   0  1.70 0.30
   80 F    -4  -5  -5  -5  -4  -5  -5  -5  -3  -1  -1  -5  -2   8  -5  -4  -4  -1   2  -2    0   0   0   0   0   0   0   0   0   2   1   0   0  95   0   0   0   0   1   0  1.85 0.35
   81 V    -1  -3  -4  -4  -2  -3  -1  -4  -4   3   1  -3   1   1  -3  -3   0  -3  -2   5    1   0   0   0   0   0   5   0   0  15   5   0   3   5   0   0   3   0   0  61  0.55 0.17
   82 N     2  -1   6  -1  -3   0  -1  -1  -1  -4  -4   0  -3  -4  -3   1  -1  -4  -3  -3   21   2  59   0   0   3   0   2   0   0   0   4   0   0   0   6   0   0   0   1  0.77 0.22
   83 Q    -2  -2  -2  -3  -3   5  -1  -4   3  -2   0  -1   7  -1  -3  -2  -2  -3  -1  -2    0   0   0   0   0  37   1   0  10   0   8   0  41   1   0   0   0   0   1   0  0.83 0.26
   84 T    -1  -2  -1   1  -2  -1  -1   0  -3  -3  -3  -1  -2  -4   3   2   5  -4  -3  -2    0   0   0   9   0   0   2   5   0   0   0   1   0   0  13  21  46   0   0   0  0.56 0.18
   85 D    -3  -3   3   7  -5  -2   0  -2  -2  -5  -5  -2  -4  -5  -3  -2  -2  -6  -4  -5    0   0  12  84   0   0   1   1   1   0   0   0   0   0   0   0   0   0   0   0  1.51 0.30
   86 F    -4  -4  -5  -5  -4  -5  -5  -5  -3  -2  -1  -5  -2   8  -5  -4  -4   2   3  -3    0   0   0   0   0   0   0   0   0   0   0   0   0  88   0   0   0   3   7   0  1.73 0.33
   87 K    -2   0  -3  -3  -3   0  -2  -4  -3   3   3   3   1  -1  -3  -2  -1  -3  -2   1    0   2   0   0   0   4   0   0   0  24  31  28   3   0   0   0   1   0   0   7  0.32 0.14
   88 R    -1   5   0   0  -4   2   1  -3   0  -3  -3   2   0  -4  -3  -1  -1  -4  -3  -3    3  50   2   5   0   8  10   0   2   0   1  11   4   0   0   1   1   0   0   0  0.62 0.17
   89 R    -3   7   1  -3  -5  -1  -2  -4  -2  -5  -4   1  -3  -4  -4  -2  -3  -4  -3  -4    0  91   6   0   0   0   0   0   0   0   0   1   0   0   0   0   0   0   0   0  1.55 0.33
   90 F    -4  -4  -5  -5  -4  -5  -5  -5  -3  -2  -1  -5  -2   8  -5  -4  -4  -1   2  -3    0   0   0   0   0   0   0   0   0   1   2   0   0  94   0   0   0   0   2   0  1.84 0.35
   91 G     0  -4  -2  -3  -4  -3  -4   7  -4  -5  -5  -3  -4  -5  -4  -2  -3  -4  -5  -4    4   0   0   0   0   0   0  94   0   0   0   0   0   0   0   0   0   0   0   0  1.65 0.30
   92 Q    -1  -1   0  -1  -3   5   1  -2   0  -3  -2  -1   2  -3  -2   3   0  -3  -3  -3    1   0   2   1   0  41   9   2   2   0   2   0   8   0   0  28   4   0   0   0  0.53 0.20
   93 M    -1   2  -2  -2  -3   1  -1  -3   1   0   0   2   0   0  -2  -1   1   2   3   0    1  10   0   1   0   6   1   0   4   5  12  23   1   1   1   1   9   3  15   7  0.17 0.09
   94 K    -2   2   4   1  -4   0  -1  -1   6  -4  -4   1  -3  -3  -3   0  -1  -4  -1  -4    1  13  25   7   0   3   1   3  30   0   0   8   0   0   0   6   1   0   0   0  0.62 0.17
   95 S     1   0   0   1  -2  -1   0   1   3  -3  -3   1  -2  -3   0   3   0  -4  -2  -3   16   4   1   8   0   0   2  11  11   0   0   9   0   0   3  32   2   0   0   0  0.30 0.12
   96 D    -2   0   2   5  -4   1   2  -2  -1  -4  -4   1  -3  -4  -2   1   1  -4  -3  -3    1   6  11  42   0   4  10   0   1   0   0   7   0   0   0   9   9   0   0   0  0.56 0.15
   97 G    -1  -3   0  -1  -4  -2  -3   6  -3  -5  -5  -1  -4  -5  -3  -1  -3  -4  -4  -4    0   0   5   2   0   1   1  84   0   0   0   5   0   0   0   1   0   0   0   1  1.31 0.26
   98 T    -1  -1  -1   1  -3   0   4  -2  -2  -2  -3   0  -2  -3  -2   1   4  -4  -3  -1    2   0   1   5   0   2  33   1   0   1   0   3   0   0   0  11  36   0   0   4  0.47 0.17
   99 Y    -2   0  -2  -4  -4  -2  -2  -4   5  -3  -1  -1  -2   2  -1  -2  -3   0   7  -3    2   4   1   0   0   0   0   0  19   0   4   4   0   4   3   1   0   0  57   0  1.01 0.24
  100 Y    -3  -3  -3  -4  -4  -2  -2  -4   1  -3  -2  -2  -2   2  -4  -2  -2   0   9  -2    1   0   1   0   0   2   2   1   1   0   2   1   0   1   0   1   2   0  82   2  1.52 0.32
  101 L    -3  -3  -4  -5  -3  -4  -4  -5  -4   0   5  -4   1   4  -4  -3  -3  -1  -1  -1    0   0   0   0   0   0   0   0   0   0  73   0   2  22   0   0   0   0   0   0  0.84 0.21
  102 S     0  -2  -1  -2  -2  -2  -2  -2  -3  -2  -4  -2  -3  -3  -2   6   1  -4  -3  -3    0   0   0   0   0   0   0   0   0   2   0   0   0   0   1  90   7   0   0   0  1.08 0.30
  103 D    -2   0   6   2  -4  -1   0  -2  -1  -4  -4   4  -3  -4  -3  -1  -1  -5  -3  -4    0   2  46  13   0   0   2   0   0   0   1  33   0   0   0   1   1   0   0   0  0.78 0.21
  104 V     1  -4  -3  -3  -2  -3  -3  -3  -4   2  -1  -3   0  -2  -3  -1   0  -4  -3   6    9   0   1   1   0   0   0   0   0   5   0   0   1   0   0   4   3   0   0  76  0.70 0.22
  105 R    -3   8  -2  -3  -5  -1  -2  -4  -2  -5  -4   1  -3  -5  -4  -2  -3  -5  -3  -4    0  96   0   0   0   0   0   0   0   0   0   3   0   0   0   0   0   0   0   0  1.69 0.34
  106 T    -1  -3  -1  -3  -2  -2  -2  -3  -3   0  -1  -2   4  -3  -3   0   6  -4  -3   0    1   0   2   0   0   0   1   0   0   3   1   1  17   0   0   0  68   0   0   5  0.81 0.25
  107 G    -1  -4  -2  -3  -4  -3  -4   7  -4  -6  -5  -3  -4  -5  -4  -2  -3  -4  -5  -5    0   0   0   0   0   0   0 100   0   0   0   0   0   0   0   0   0   0   0   0  1.82 0.31
  108 L    -3  -4  -5  -5  -2  -4  -4  -5  -4   0   6  -4   1   0  -4  -4  -3  -3  -2   0    0   0   0   0   0   0   0   0   0   1  95   0   1   2   0   0   0   0   0   1  1.09 0.26
  109 I    -2  -4  -4  -4  -2  -3  -4  -5  -4   5   2  -3   4  -1  -4  -3  -2  -3  -2   2    0   0   0   0   0   0   0   0   0  52  21   0  15   0   0   0   0   0   0  11  0.69 0.18
  110 V    -2  -4  -4  -4  -2  -4  -4  -5  -4   3   0  -4   0  -2  -4  -3   0  -4  -3   6    0   0   0   0   0   0   0   0   0  11   2   0   0   0   0   0   4   0   0  82  0.92 0.24
  111 G     3  -2  -1  -1  -2  -2  -2   1  -2  -4  -4  -2  -3  -4  -2   5   0  -4  -3  -3   26   0   0   2   0   0   0  11   0   0   0   0   0   0   0  62   0   0   0   0  0.71 0.22
  112 I    -3  -4  -5  -5   0  -4  -5  -5  -4   6   1  -4   3  -1  -4  -4  -2  -4  -3   1    0   0   0   0   2   0   0   0   0  78   7   0  10   1   0   0   1   0   0   1  0.97 0.25
  113 F    -4  -5  -5  -5  -4  -3  -5  -5  -3  -2  -1  -5  -2   8  -6  -4  -4  -1   1  -2    0   0   0   0   0   1   0   0   0   0   3   0   0  94   0   0   0   0   0   2  1.81 0.34
  114 N    -3  -2   8   0   0  -1  -2  -2  -1  -5  -5  -2  -4  -5  -4   0  -2  -6  -4  -5    0   0  91   0   2   1   0   0   0   0   0   0   0   0   0   5   0   0   0   0  1.61 0.34
  115 I    -1  -4  -4  -5  -2  -4  -4  -5  -5   6   1  -4   0  -2  -4  -3  -2  -4  -3   3    5   0   0   0   0   0   0   0   0  70   3   0   1   0   0   0   0   0   0  22  0.87 0.23
  116 G    -1  -4  -2  -3  -4  -3  -4   7  -4  -5  -5  -3  -4  -5  -4  -2  -3  -4  -5  -5    1   0   0   0   0   0   0  97   0   0   0   0   0   0   0   0   0   0   0   0  1.72 0.30
  117 C    -1  -5  -4  -5  11  -1  -5  -2  -4  -3  -3  -4  -3  -4  -4  -1  -3  -4  -4  -3    4   0   0   0  85   3   0   3   0   0   0   0   0   0   0   3   0   0   0   0  2.22 0.36
  118 A     6  -3  -3  -3   3  -2  -2  -1  -3  -3  -2  -2  -2  -4  -2   0  -1  -4  -3  -2   85   0   0   0   8   0   0   1   0   0   2   0   0   0   0   1   0   0   0   0  0.92 0.25
  119 F    -2  -4  -4  -4  -1  -4  -4  -5  -4   5   1  -4   0   3  -4  -3  -2  -3  -1   3    0   0   0   0   1   0   0   0   0  60   6   0   0  15   0   0   0   0   0  15  0.70 0.19
  120 G    -1  -4  -2  -2  -4  -3  -4   7  -4  -5  -5  -3  -4  -5  -4  -2  -3  -4  -5  -5    0   0   0   1   0   0   0  97   0   0   0   0   0   0   0   0   0   0   0   0  1.70 0.29
  121 G     0  -3  -2  -3   4  -3  -3   6  -3  -4  -4  -3  -3  -4  -3   0  -2  -4  -4  -3    6   0   0   0  10   0   0  74   0   0   0   0   0   0   0   7   0   0   0   1  1.13 0.22
  122 L    -2  -4  -4  -4  -2  -3  -4  -4  -4   5   3  -3   1   1  -4  -3  -2  -3  -2   2    0   0   0   0   0   0   0   0   0  45  34   0   0   5   0   0   1   0   0  13  0.60 0.16
  123 T    -1  -3  -3  -3  -2  -3  -3  -3  -3   3   1  -3   0   4  -3  -1   2  -2   0   2    5   0   0   0   0   0   0   0   0  21   7   0   1  24   0   1  18   0   0  22  0.34 0.12
  124 L    -3  -3  -4  -5  -3  -3  -4  -5  -4   1   5  -4   1   2  -4  -4  -2   2  -1   0    0   0   0   0   0   0   0   0   0   3  81   0   1  11   0   0   0   2   0   0  0.84 0.21
  125 G     2  -2  -1  -2   0  -2  -2   4  -2  -3  -4  -2  -3  -4  -2   4   0  -4  -3  -3   16   0   1   0   2   0   0  30   0   0   0   0   0   0   1  47   2   0   0   0  0.60 0.18
  126 R    -2   4  -1  -2  -4   0  -1   0  -2  -4  -4   5  -3  -4  -2  -2  -2  -4  -3  -4    0  27   2   1   0   0   0   6   0   0   0  60   0   0   1   0   0   0   0   0  0.85 0.22
  127 L    -1  -3  -3  -4  -1  -3  -3  -3  -3   2   4  -3   1   0  -2  -2   0  -3  -2   2    4   0   0   0   0   0   0   1   0  15  50   0   1   1   1   3   5   0   0  17  0.40 0.12
  128 G     2  -3  -2  -3   1  -3  -3   6  -3  -4  -4  -3  -1  -4  -3  -1  -2  -4  -4  -3   17   0   0   0   4   0   0  74   0   0   0   0   2   0   0   2   0   0   0   0  1.13 0.23
  129 D    -3  -3   1   8  -5  -2   0  -3  -3  -5  -5  -2  -5  -5  -3  -2  -3  -6  -5  -5    0   0   2  94   0   0   2   1   0   0   0   0   0   0   0   0   0   0   0   0  1.74 0.33
  130 M    -2  -1  -3  -4  -2  -1  -3  -4  -3   3   1   0   5  -1  -3  -2   0  -3  -2   2    1   3   0   0   0   2   0   0   0  25   7   6  31   1   0   1   8   0   0  16  0.42 0.16
  131 Y    -3  -3  -3  -5  -4  -2  -4  -5   1  -2  -1  -1  -2   2  -5  -3  -3   4   8  -1    1   1   0   0   0   1   0   0   3   2   4   3   0   6   0   0   0   6  72   3  1.37 0.29
  132 G    -1  -4  -2  -3  -4  -4  -4   7  -4  -6  -5  -3  -4  -5  -4  -2  -3  -1  -5  -5    0   0   0   0   0   0   0  98   0   0   0   0   0   0   0   0   0   1   0   0  1.79 0.31
  133 R    -3   8  -2  -3  -5  -1  -2  -4  -2  -5  -3   0  -3  -5  -4  -3  -3  -5  -4  -4    0  98   0   0   0   0   0   0   0   0   1   0   0   0   0   0   0   0   0   0  1.78 0.36
  134 R    -3   6  -2  -3   0   0  -1  -4  -2  -4  -4   5  -3  -4  -3  -2  -2  -4  -3  -4    0  58   0   0   3   0   0   0   0   0   0  39   0   0   0   0   0   0   0   0  1.14 0.26
  135 I    -2  -2  -2  -3  -2  -2  -2  -3  -2   4   2   0   3   0   0  -2  -2   0  -1   1    1   0   2   0   0   0   1   1   1  37  19  11  12   3   4   0   0   1   1   6  0.27 0.12
  136 G     2  -3  -2  -3  -3  -3  -3   6  -3  -5  -5  -3  -4  -4  -3  -1  -2   0  -4  -4   21   1   0   0   0   0   0  75   0   0   0   0   0   0   0   2   0   1   0   0  1.20 0.24
  137 L    -3  -3  -5  -5  -3  -4  -4  -5  -4   3   5  -4   1   0  -4  -4  -2  -3  -2   0    0   1   0   0   0   0   0   0   0  21  75   0   0   1   0   0   0   0   0   1  0.86 0.22
  138 M    -1  -3  -3  -4  -2  -2  -3  -3  -3   3   0  -3   6  -1  -3  -1   1  -3  -2   2    5   0   1   0   0   0   0   1   0  26   1   0  38   0   0   4   8   0   0  16  0.54 0.19
  139 C     0  -3  -3  -3   3  -3  -3  -2  -3   3   1  -3   1   3  -3  -1   1   0   0   2    5   0   0   0   7   0   0   2   0  27   5   0   6  15   0   4  10   1   1  16  0.25 0.10
  140 V     2  -3  -3  -3   0  -3  -3  -2  -4   1  -1  -3   1  -2  -3   1   1  -4  -3   5   20   0   0   0   1   0   0   1   0   0   0   0   3   0   0   9   7   0   0  58  0.48 0.18
  141 V     0  -3  -2  -3  -2  -2  -3  -3  -1   1   0  -2   5  -2  -3   0   3  -3  -2   3    7   0   1   0   0   0   0   0   1   6   1   0  28   0   0   4  22   0   0  29  0.42 0.17
  142 L     0  -3  -3  -4   2  -3  -3  -1  -4   3   1  -3   0  -1  -3  -1   0  -3  -2   3    8   0   0   0   4   0   0   5   0  17  16   0   1   1   0   4   3   0   0  39  0.31 0.11
  143 V    -2  -4  -4  -4  -2  -4  -4  -5  -2   5   0  -4   0  -1  -4  -3  -1  -4  -2   4    0   0   0   0   0   0   0   0   1  56   1   0   0   1   0   0   1   0   0  38  0.84 0.22
  144 Y    -4  -4  -4  -5  -4  -3  -4  -5   0  -3  -2  -4  -3   3  -5  -4  -4   0   9  -3    0   0   0   0   0   0   0   0   0   0   1   0   0   8   0   0   0   0  90   0  2.02 0.38
  145 I    -2  -4  -4  -4   0  -3  -4  -4  -4   5   0  -3   4  -2  -4  -3  -1  -4  -2   4    1   0   0   0   1   0   0   0   0  40   0   0  19   0   0   1   2   0   0  35  0.68 0.20
  146 V    -1  -3  -4  -4  -1  -3  -4  -3  -4   4   0  -3   0  -2  -4  -3  -1  -4  -3   5    4   1   0   0   1   0   0   1   0  25   1   0   0   0   0   1   0   0   0  66  0.77 0.22
  147 G    -1  -4  -2  -3  -4  -3  -4   7  -4  -6  -5  -3  -4  -5  -4  -2  -3   0  -5  -5    0   0   0   0   0   0   0  98   0   0   0   0   0   0   0   0   0   1   0   0  1.78 0.31
  148 I    -1  -4  -4  -4  -1  -2  -4  -5  -4   6   1  -4   0  -2  -4  -3  -1  -4  -1   2    5   0   1   0   1   2   0   0   0  74   6   0   0   0   0   0   3   0   1   6  0.78 0.22
  149 V    -1  -4  -4  -4  -2  -4  -4  -5  -4   5   2  -4   0  -1  -4  -3  -1  -4  -2   3    2   0   0   0   0   0   0   0   0  50  22   0   0   0   0   0   1   0   0  25  0.69 0.18
  150 I    -3  -5  -5  -3  -3  -4  -5  -5  -5   7   0  -4   0  -2  -4  -4  -2  -4  -3   3    0   0   0   1   0   0   0   0   0  84   0   0   0   0   0   0   0   0   0  14  1.14 0.28
  151 Q    -2  -1  -2  -2   1   8   1  -4  -1  -4  -4  -1  -2  -5  -3   0  -2  -4  -3  -4    0   0   0   0   4  85   3   0   0   0   0   0   0   0   0   7   0   0   0   0  1.45 0.35
  152 I    -3  -5  -3  -5  -3  -5  -5  -6  -5   7   0  -4   0  -2  -5  -4  -2  -4  -3   1    0   0   1   0   0   0   0   0   0  98   0   0   1   0   0   0   0   0   0   0  1.39 0.32
  153 A     4  -2  -2  -2   2  -2  -2  -1  -3  -2  -2  -2  -2  -3  -2   3   3  -4  -3  -1   52   0   0   0   4   0   0   0   0   0   1   0   0   0   0  22  19   0   0   0  0.59 0.20
  154 S     1  -2  -1  -2   2  -2  -2  -2  -3  -4  -4  -2  -3  -2  -2   6   1  -4  -3  -3   10   0   0   0   4   0   0   0   0   0   0   0   0   1   0  82   3   0   0   0  0.95 0.28
  155 S    -1  -2   0  -2  -2   2  -2  -3  -2   3   0  -2   1   0  -3   0   1  -3  -2   2    1   0   5   1   0  15   0   1   0  35   1   0   4   5   0   8   9   0   0  15  0.22 0.12
  156 D    -2  -1   3   4  -4   0   0  -2   4  -4  -4   1  -3  -4  -3   0   0  -4  -1  -4    0   1  20  34   0   1   1   1  17   0   0  10   0   0   0   7   6   0   2   0  0.60 0.16
  157 K     1   0  -1  -2  -4   0  -1  -2   1  -4  -4   6  -3  -4  -2   0  -1  -4  -3  -2   16   0   0   0   0   2   0   0   4   0   0  69   0   0   0   7   1   0   0   2  0.77 0.23
  158 W    -5  -5  -6  -7  -5  -4  -5  -5  -5  -5  -4  -6  -3   0  -6  -5  -5  13   0  -5    0   0   0   0   0   0   0   0   0   0   0   0   0   2   0   0   0  98   0   0  3.94 0.52
  159 Y    -3  -4  -4  -5  -4  -3  -4  -5   0  -1  -2  -4  -2   2  -5  -4  -3   0   9   1    0   0   0   0   0   0   0   0   0   2   0   0   0   3   0   0   0   0  84  11  1.74 0.35
  160 Q    -3  -1  -2  -2  -5   8   0  -4  -1  -5  -4  -1  -2  -5  -3  -2  -3  -4  -4  -4    0   0   0   0   0 100   0   0   0   0   0   0   0   0   0   0   0   0   0   0  1.90 0.41
  161 Y    -3  -4  -4  -5  -4  -3  -4  -5   0   1  -2  -4  -2   2  -5  -4  -3   0   9   0    0   0   0   0   0   0   0   0   0   8   1   0   0   3   0   0   0   0  83   5  1.66 0.34
  162 F    -3  -4  -4  -5   0  -4  -5  -5  -3  -1   0  -4   3   8  -5  -3  -1  -1   1  -1    1   0   0   0   3   0   0   0   0   0   5   0  11  74   0   1   3   0   0   3  1.22 0.27
  163 I    -3  -5  -5  -5  -3  -4  -5  -5  -5   7   0  -4   0  -1  -4  -4  -2  -4  -3   2    0   0   0   0   0   0   0   0   0  88   1   0   0   2   0   0   0   0   0  10  1.19 0.28
  164 G    -1  -4  -2  -3  -4  -4  -4   7  -4  -6  -6  -3  -5  -5  -4  -2  -3  -4  -5  -5    0   0   0   0   0   0   0 100   0   0   0   0   0   0   0   0   0   0   0   0  1.85 0.32
  165 R    -3   8  -2  -3  -5  -1  -2  -4  -2  -5  -4   2  -3  -5  -4  -2  -3  -5  -4  -4    0  95   0   0   0   0   0   0   0   0   0   5   0   0   0   0   0   0   0   0  1.70 0.34
  166 I    -1  -4  -5  -5  -3  -4  -5  -4  -5   6   1  -4   0  -1  -4  -3  -2  -4  -3   2    5   0   0   0   0   0   0   0   0  81   8   0   1   1   0   0   0   0   0   3  0.96 0.25
  167 I    -3  -4  -5  -5  -3  -4  -5  -5  -5   6   0  -4   0   0  -4  -4  -2  -4  -3   3    0   0   0   0   0   0   0   0   0  79   2   0   0   3   0   0   0   0   0  16  1.05 0.26
  168 S     2  -2  -1  -2  -2  -2  -2  -1  -2  -3  -3  -2  -2  -3  -2   5   2  -3   1  -2   22   0   0   0   0   0   0   0   0   0   0   0   0   0   0  56  16   0   5   0  0.63 0.21
  169 G    -1  -4  -2  -3  -4  -4  -4   7  -4  -6  -6  -3  -5  -5  -4  -2  -3  -4  -5  -5    0   0   0   0   0   0   0 100   0   0   0   0   0   0   0   0   0   0   0   0  1.85 0.32
  170 M    -2  -3  -4  -5  -1  -3  -4  -5  -4   2   5  -4   3   1  -4  -3  -2  -3  -2   1    0   0   0   0   1   0   0   0   0   7  71   0   9   6   0   2   0   0   0   4  0.72 0.19
  171 G     3  -3  -2  -3  -3  -3  -3   6  -3  -4  -4  -3  -4  -4  -3   0  -2  -4  -4  -3   26   0   0   0   0   0   0  71   0   0   0   0   0   0   0   3   0   0   0   0  1.16 0.24
  172 V     0  -4  -3  -4   2  -3  -4  -4  -4   2  -1  -3   1   0  -4  -2  -1  -4  -2   6    8   0   1   0   4   0   0   0   0   4   0   0   3   3   0   1   0   0   0  76  0.74 0.22
  173 G    -1  -4  -2  -3  -4  -4  -4   7  -4  -6  -6  -3  -5  -5  -4  -2  -3  -4  -5  -5    0   0   0   0   0   0   0 100   0   0   0   0   0   0   0   0   0   0   0   0  1.85 0.32
  174 G     1  -3  -2  -2   1  -2  -3   5  -3  -2  -2  -2  -1  -3  -3   1   1  -4  -3  -1    8   0   0   0   4   0   0  54   0   3   4   0   2   0   0  10  12   0   0   3  0.60 0.15
  175 I    -2  -4  -4  -5   2  -4  -4  -5  -4   6   1  -4   0   0  -4  -3  -1  -4  -2   3    0   0   0   0   5   0   0   0   0  65  10   0   0   2   0   0   2   0   0  16  0.77 0.20
  176 A     4  -2  -1  -2  -2  -2  -2   0  -3  -3  -3  -2  -1  -4  -2   4   1  -4  -3  -2   46   0   1   0   0   0   0   4   0   0   0   0   1   0   0  43   5   0   0   0  0.64 0.21
  177 V    -2  -4  -5  -5  -2  -4  -4  -5  -5   2  -1  -4   0  -2  -4  -3  -1  -5  -3   6    0   0   0   0   0   0   0   0   0   7   0   0   1   0   0   0   1   0   0  91  1.13 0.28
  178 L    -2  -3  -4  -5  -2  -3  -4  -5  -3   2   5  -4   1   1  -4  -3  -2  -2   1   1    0   0   0   0   0   0   0   0   0  10  72   0   1   4   0   1   0   0   5   8  0.71 0.19
  179 S     1  -3  -2  -2   6  -2  -2  -2  -3  -3  -3  -2  -3  -4  -3   5   0  -4  -3  -2    7   0   0   0  24   0   0   1   0   1   0   0   0   0   0  66   0   0   0   1  0.95 0.27
  180 P    -3  -4  -4  -3  -5  -2  -3  -4  -4  -5  -5  -3  -4  -6   9  -2  -3  -6  -5  -3    0   0   0   0   0   1   0   0   0   0   0   0   0   0  96   1   0   0   0   2  2.60 0.38
  181 T    -2  -3  -4  -5  -3  -2  -4  -4  -4   0   3  -3   8  -2  -4  -3   1  -3  -3   0    2   0   0   0   0   0   0   0   0   2  23   0  64   0   0   0   8   0   0   1  1.07 0.29
  182 L    -3  -4  -5  -5  -3  -4  -4  -5  -3   0   4  -4   2   5  -5  -4  -3  -2   0  -1    0   0   0   0   0   0   0   0   0   0  63   0   4  32   0   0   0   0   0   0  0.88 0.22
  183 I    -3  -5  -5  -5  -3  -4  -5  -5  -5   7   2  -4   0  -2  -4  -4  -2  -4  -3   1    0   0   0   0   0   0   0   0   0  85  15   0   0   0   0   0   0   0   0   0  1.15 0.28
  184 S     0  -3  -1  -2  -3  -2  -2   2  -3  -4  -4  -2  -3  -4  -3   6   0  -4  -3  -3    4   0   0   0   0   0   0  12   0   0   0   0   0   0   0  83   0   0   0   0  1.00 0.28
  185 E    -3  -1  -2   0  -6   0   7  -4  -2  -5  -5  -1  -4  -5  -3  -2  -3  -5  -4  -4    0   1   0   0   0   0  99   0   0   0   0   0   0   0   0   0   0   0   0   0  1.64 0.35
  186 T    -1  -3  -2  -3  -2  -2  -3  -3  -3   2  -1  -2  -1  -2  -3   1   3  -4  -2   4    2   0   0   0   0   0   0   0   0  12   2   1   0   0   0  11  30   0   0  43  0.47 0.17
  187 A     4  -2  -2  -2  -2  -2  -2  -1  -3  -3  -3  -2  -3  -3  -2   5   0  -4  -3  -2   47   0   0   0   0   0   0   0   0   0   0   0   0   1   0  52   0   0   0   0  0.79 0.24
  188 P    -3  -4  -4  -4  -5  -3  -3  -4  -4  -5  -5  -3  -5  -6   9  -3  -3  -6  -5  -4    0   0   0   0   0   0   0   0   0   0   0   0   0   0 100   0   0   0   0   0  2.79 0.40
  189 K     0   1  -2  -2  -4   0  -1  -3  -2  -4  -4   7  -3  -5  -1  -1  -1  -5  -3  -4    6   1   0   0   0   0   0   0   0   0   0  88   0   0   2   1   2   0   0   0  1.16 0.29
  190 H     0  -1   0   1  -4   2   1  -3   8  -4  -3   0  -2  -3  -3  -1  -2  -4   0  -3   10   0   3  10   0  12   6   0  49   0   1   6   1   0   0   0   0   0   0   1  0.81 0.22
  191 I    -2  -3  -4  -5  -2  -3  -4  -5  -4   3   4  -4   3  -1  -4  -3  -2  -3  -1   1    0   0   0   0   0   0   0   0   0  24  57   0   8   0   0   0   0   0   2   7  0.66 0.17
  192 R    -3   8  -2  -4  -5  -1  -2  -4  -2  -5  -4   1  -3  -5  -4  -3  -3  -5  -4  -5    0 100   0   0   0   0   0   0   0   0   0   0   0   0   0   0   0   0   0   0  1.84 0.36
  193 G    -1  -3  -2  -3  -4  -3  -3   7  -3  -5  -5  -3  -4  -5  -3   0  -3  -4  -4  -5    1   0   0   0   0   0   0  91   0   0   0   0   0   0   0   7   0   0   0   0  1.53 0.27
  194 T     1  -3  -1  -2  -2  -2  -2   0  -3   0  -1  -2   0  -3  -2   0   5  -4  -3  -1   13   0   1   0   0   0   0   5   0   6   3   0   2   0   1   3  63   0   0   2  0.60 0.20
  195 C    -2  -3  -4  -5   5  -3  -4  -4  -4   0   5  -4   3  -1  -4  -3  -1  -3  -2  -1    2   0   0   0  13   0   0   0   0   0  74   0   7   0   0   0   2   0   0   0  0.80 0.21
  196 V    -2  -4  -4  -5  -2  -4  -4  -3  -5   2   0  -4   0  -2  -4  -3  -2  -4  -3   6    0   0   0   0   0   0   0   2   0   6   2   0   1   0   0   0   0   0   0  87  0.99 0.26
  197 S     1  -2  -1  -2   5   0  -2  -2  -2  -3  -3  -2  -2  -3  -2   5   0  -4  -2  -1   10   0   0   0  14   5   0   0   0   0   0   0   0   0   0  62   2   0   1   3  0.66 0.21
  198 F    -2  -4  -4  -5   9  -4  -4  -4  -4  -1   1  -4   0   2  -4  -1  -2  -3  -2  -1    0   0   0   0  60   0   0   0   0   1  13   0   3  12   0   6   1   0   0   3  1.29 0.26
  199 Y    -4  -4  -4  -5  -4  -3  -4  -3   0  -3  -2  -4  -2   5  -5  -3  -3   3   8  -3    0   0   0   0   0   0   0   1   0   0   0   0   0  23   0   0   0   3  71   0  1.63 0.31
  200 Q    -3  -1  -2  -2  -5   8   0  -3  -1  -5  -4  -1  -1  -5  -3  -2  -3  -4  -3  -4    0   0   0   0   0  96   0   1   0   0   0   0   1   0   0   0   0   0   0   0  1.75 0.39
  201 L    -3  -4  -5  -5  -3  -4  -4  -5  -4   0   6  -4   1   0  -4  -4  -3  -3  -2   0    0   0   0   0   0   0   0   0   0   0  95   0   1   2   0   0   0   0   0   1  1.07 0.25
  202 M    -3  -3   0  -4   4  -2  -4  -4  -3  -1   0  -3   9   0  -4  -3  -2  -3  -3  -1    0   0   6   0  10   0   0   0   0   0   3   0  76   3   0   0   0   0   0   1  1.36 0.34
  203 I    -2  -4  -2  -4   1  -3  -4  -1  -4   6   0  -3   1  -2  -4  -3  -1  -4  -3   3    0   0   2   0   3   1   0   5   0  68   0   0   4   0   0   0   2   0   0  15  0.69 0.20
  204 T    -2  -3  -2  -3  -1  -2  -3  -3  -3  -2  -3  -2  -2  -4  -3   0   7  -4  -3  -2    0   0   0   0   1   0   0   0   0   0   0   0   0   0   0   0  97   0   0   0  1.43 0.34
  205 L     1  -3  -4  -4   0  -3  -3  -1  -3   0   4  -3   3   4  -4  -2  -2  -2  -1  -1   13   0   0   0   2   0   0   5   0   0  47   0  10  22   0   0   0   0   0   0  0.44 0.15
  206 G     0  -4  -2  -3  -4  -3  -4   7  -4  -5  -5  -3  -4  -5  -4  -2  -3  -4  -5  -5    3   0   0   0   0   0   0  95   0   0   0   0   0   0   0   0   0   0   0   0  1.67 0.29
  207 I    -3  -5  -5  -5  -3  -4  -5  -5  -5   7   0  -4   0  -2  -4  -4  -2  -4  -3   1    0   0   0   0   0   0   0   0   0  97   0   0   1   0   0   0   0   0   0   1  1.36 0.31
  208 F    -4  -5  -5  -5  -4  -5  -5  -5  -3  -2   0  -5  -2   8  -5  -4  -4  -1   1  -3    0   0   0   0   0   0   0   0   0   0   3   0   0  95   0   0   0   0   0   0  1.86 0.34
  209 L    -3  -3  -5  -5  -2  -3  -4  -5  -4   2   5  -4   1  -1  -4  -4  -2  -3  -2   1    0   0   0   0   0   0   0   0   0  12  81   0   2   0   0   0   1   0   0   4  0.86 0.21
  210 G    -1  -4  -2  -3  -4  -3  -4   7  -4  -5  -5  -3  -4  -5  -4  -2  -3  -4  -5  -5    1   0   0   0   0   0   0  97   0   0   0   0   0   0   0   0   0   0   0   0  1.74 0.30
  211 Y    -4  -3  -1  -1  -4  -2  -3  -5   0  -3  -3  -4  -3   1  -5  -3  -3   0   9  -3    0   0   3   4   0   1   0   0   0   0   0   0   0   0   0   0   0   0  91   0  1.91 0.37
  212 C    -2  -5  -5  -5  11  -5  -6  -4  -5  -2  -2  -5  -3  -4  -5  -3  -3  -4  -4  -2    0   0   0   0  94   0   0   1   0   1   2   0   0   0   0   0   0   0   0   1  2.71 0.42
  213 T     0  -3  -2  -3   4  -2  -2  -3  -3   0  -2  -2  -2  -3  -3   1   6  -4  -3   0    7   0   0   0  11   0   0   0   0   4   1   0   0   0   0   6  68   0   0   3  0.80 0.24
  214 N    -2  -2   7   0  -3  -2  -1  -2  -1  -3  -4  -2  -3  -4  -3  -1   3  -5  -3  -1    0   0  66   2   0   0   2   1   0   1   0   0   0   0   0   0  20   0   0   6  0.96 0.25
  215 Y    -4  -4  -4  -5  -4  -3  -4  -5   0  -3  -2  -4  -3   4  -5  -4  -3   0   9  -3    0   0   0   0   0   0   0   0   0   0   2   0   0  12   0   0   0   0  84   0  1.85 0.35
  216 G    -1  -3  -2  -3  -4  -3  -4   7  -4  -4  -5  -3  -4  -5  -4  -2  -3  -4  -5  -5    1   1   0   0   0   0   0  97   0   1   0   0   0   0   0   0   0   0   0   0  1.72 0.30
  217 T    -2  -3  -2  -3  -3  -2  -3  -3  -4  -2  -2  -2  -2  -4  -3   0   7  -4  -3  -1    0   0   0   0   0   0   0   0   0   0   1   0   0   0   0   1  96   0   0   2  1.39 0.34
  218 K    -2   2  -1  -2  -5   0  -1  -3   3  -4  -4   7  -3  -5  -3  -2  -2  -5  -3  -4    0   8   0   0   0   1   0   0   8   0   0  83   0   0   0   0   0   0   0   0  1.17 0.29
  219 D    -1   0   4   1  -3   1   0  -1   1  -3  -3   2  -2  -3  -2   1   2  -4  -2  -2    1   3  29   5   0   8   1   3   4   1   0  13   0   0   0  11  17   0   1   3  0.34 0.12
  220 Y    -4  -4  -4  -5  -4  -3  -4  -5   1  -3  -1  -3  -3   2  -5  -4  -4   0   9  -3    0   0   0   0   0   0   0   0   1   0   5   1   0   1   0   0   0   0  92   0  1.99 0.38
  221 S    -1  -2   2   3  -3  -1  -1  -1   2  -3  -3  -1  -3  -4  -2   4   2  -4  -2  -3    1   0   7  21   0   1   1   1   7   0   1   1   0   0   0  41  18   0   0   1  0.49 0.17
  222 N    -3  -2   7   5  -4  -2  -1  -2  -1  -5  -5  -2  -4  -5  -3  -1  -1  -6  -4  -5    0   0  64  32   0   0   1   1   0   0   0   0   0   0   0   1   1   0   0   0  1.25 0.27
  223 S     1  -2  -1  -1  -2  -1  -1  -2  -3  -4  -4  -2  -3  -4  -2   6   2  -4  -3  -3    5   0   0   1   0   0   1   0   0   0   0   0   0   0   0  82  11   0   0   0  0.97 0.28
  224 V     2   3  -2  -3  -2  -1  -2  -2  -3   1  -1   0  -1  -3  -3  -1   1  -4  -2   3   20  23   0   0   0   0   0   1   0   5   1   2   0   0   0   2  11   0   0  36  0.29 0.14
  225 Q    -3  -1  -2  -2  -2   8   0  -4  -1  -5  -4  -1  -2  -5  -3  -1  -2  -4  -3  -4    0   0   0   0   1  96   0   0   0   0   0   0   0   0   0   2   1   0   0   0  1.75 0.39
  226 W    -5  -5  -6  -7  -5  -4  -5  -5  -5  -5  -4  -6  -4  -1  -6  -5  -5  13   0  -5    0   0   0   0   0   0   0   0   0   0   0   0   0   0   0   0   0 100   0   0  4.07 0.53
  227 R    -3   8  -2  -4  -5  -1  -2  -4  -2  -5  -4   1  -3  -5  -4  -3  -3  -5  -4  -4    0 100   0   0   0   0   0   0   0   0   0   0   0   0   0   0   0   0   0   0  1.83 0.36
  228 V    -2  -4  -4  -5  -2  -4  -4  -5  -5   4   0  -4   0  -2  -4  -3  -2  -4  -3   5    1   0   0   0   0   0   0   0   0  33   2   0   0   0   0   0   0   0   0  64  0.90 0.23
  229 P     0  -4  -3  -3  -4  -3  -3   1  -4  -5  -5  -3  -4  -5   8  -2  -2  -5  -5  -4    6   0   0   0   0   0   0  11   0   0   0   0   0   0  81   1   1   0   0   0  2.00 0.31
  230 L    -3  -4  -4  -5  -3  -4  -4  -5  -4   1   6  -4   1  -1  -4  -4  -3  -3  -3   1    0   0   0   0   0   0   0   0   0   1  92   0   0   0   0   0   0   0   0   6  1.02 0.25
  231 G    -1  -4  -2  -3  -4  -4  -4   7  -4  -6  -6  -3  -4  -5  -4  -2  -3  -4  -5  -5    0   0   0   0   0   0   0  99   0   0   0   0   0   0   0   1   0   0   0   0  1.81 0.31
  232 L    -3  -4  -5  -5  -3  -4  -5  -5  -4   0   6  -4   1  -1  -5  -4  -3  -3  -3  -1    0   0   0   0   0   0   0   0   0   1  98   0   1   0   0   0   0   0   0   0  1.17 0.27
  233 N    -2  -4  -2  -4  10   0  -4   1  -4  -3  -3  -4  -3  -4  -4   1  -2  -4  -4  -3    0   0   1   0  68   6   0  12   0   0   0   0   0   0   0  11   1   0   0   0  1.59 0.31
  234 F    -4  -5  -5  -6  -4  -5  -5  -5  -3  -2  -1  -5  -2   9  -6  -4  -4  -1   2  -3    0   0   0   0   0   0   0   0   0   0   0   0   0  99   0   0   0   0   1   0  2.04 0.37
  235 A     5  -3  -3  -4  -2  -2  -3  -2  -3  -2   1  -2   0  -1  -3  -1  -2  -4  -3  -1   77   0   0   0   0   0   0   0   0   0  18   0   1   2   0   0   0   0   0   2  0.71 0.23
  236 F    -5  -5  -6  -7  -3  -4  -5  -5  -5  -5  -4  -6  -4  -1  -6  -5  -5  13   1  -5    0   0   0   0   1   0   0   0   0   0   0   0   0   1   0   0   0  98   1   0  3.93 0.52
  237 A     6  -3  -3  -3   2  -2  -2  -1  -3  -3  -3  -2  -3  -4  -2   1  -1  -4  -3  -2   89   0   0   0   5   0   0   1   0   0   0   0   0   0   1   4   0   0   0   0  1.01 0.27
  238 I    -2  -4  -4  -5  -2  -3  -4  -4  -4   4   4  -4   1   0  -4  -3   0  -3  -2   0    2   0   0   0   0   0   0   0   0  26  65   0   0   2   0   0   5   0   0   0  0.69 0.19
  239 F    -3  -4  -4  -5   1  -4  -4  -5  -3   2   2  -4   1   7  -5  -4  -2  -1   1  -1    0   0   0   0   3   0   0   0   0  12  20   0   4  59   0   0   1   0   0   1  0.89 0.21
  240 M    -3  -3  -4  -5  -3  -3  -4  -5  -4   1   3  -3   9  -1  -4  -4  -2  -3  -3  -1    0   0   0   0   0   0   0   0   0   5  26   0  69   0   0   0   0   0   0   0  1.32 0.32
  241 I    -2  -4  -4  -4  -1  -4  -4  -4  -4   6   1  -4   1   0  -4  -3  -1  -4  -2   3    1   0   0   0   1   0   0   1   0  63   7   0   3   2   0   0   1   0   0  22  0.75 0.20
  242 A     1  -3  -2  -3   0  -2  -3   4  -3   1  -1  -2  -1   1  -3   0   0  -2  -2   1   13   0   0   0   3   0   0  40   0  10   2   0   0   7   0   7   4   0   0  13  0.33 0.11
  243 G     2  -4  -2  -3  -4  -3  -3   6  -3  -4  -5  -3  -4  -4  -3  -1  -3  -4  -4  -3   15   0   0   0   0   0   0  83   0   1   0   0   0   0   0   0   0   0   0   1  1.35 0.25
  244 M    -3  -3  -4  -5  -3  -2  -4  -5  -4   1   2  -3   9  -2  -4  -3  -2  -3  -3   0    0   0   0   0   0   0   0   0   0   4  14   0  80   0   0   0   0   0   0   1  1.50 0.35
  245 L    -1  -3  -2  -3  -2  -2  -3  -3  -3   1   2  -2   3   2  -3   0   3  -2  -1   1    2   0   0   0   0   0   0   0   0   4  25   0  10   9   0   7  31   0   0  12  0.29 0.12
  246 M    -2  -1  -2  -4  -1  -3  -4  -4  -3  -1   1  -3   1   7  -3  -2  -3  -1   1  -1    2   3   3   0   1   0   0   1   0   1  13   0   5  64   1   3   0   0   0   2  0.82 0.21
  247 V    -2  -4  -4  -4  -2  -3  -4  -4  -4   1   0  -3   5  -2  -4  -2   0  -4  -3   5    0   0   0   0   0   0   0   0   0   1   1   0  25   0   0   1   4   0   0  68  0.85 0.25
  248 P    -3  -4  -4  -3  -5  -3  -3  -4  -4  -5  -5  -3  -4  -6   9  -3  -3  -6  -5  -4    0   0   0   0   0   0   0   0   0   0   0   0   0   0  98   0   0   0   0   0  2.69 0.38
  249 E    -3  -1  -2   0  -6   0   7  -4  -2  -5  -5  -1  -4  -5  -3  -2  -3  -5  -4  -4    0   1   0   0   0   0  99   0   0   0   0   0   0   0   0   0   0   0   0   0  1.63 0.35
  250 S    -1  -3  -1  -2  -3  -2  -2  -2  -3  -4  -4  -2  -3  -4  -3   7   0  -5  -4  -4    0   0   0   0   0   0   0   0   0   0   0   0   0   0   0 100   0   0   0   0  1.34 0.35
  251 P     0  -4  -4  -3  -4  -3  -2  -4  -4  -5  -5  -3  -4  -5   8  -1  -3  -6  -5  -4    7   0   0   0   0   0   1   0   0   0   0   0   0   0  89   2   0   0   0   0  2.30 0.35
  252 R    -3   8  -2  -3  -5  -1  -2  -4  -1  -4  -4   1  -3  -5  -4  -3  -2  -5  -4  -4    0  98   0   0   0   0   0   0   0   0   0   0   0   0   0   0   1   0   0   0  1.75 0.35
  253 F    -4  -4  -4  -5  -4  -4  -4  -5   0  -3  -2  -4  -2   5  -5  -4  -4   0   8  -3    0   0   0   0   0   0   0   0   0   0   0   0   0  26   0   0   0   0  74   0  1.79 0.34
  254 L    -3  -4  -5  -5  -3  -4  -4  -5  -4   0   6  -4   1  -1  -4  -4  -2  -3  -1  -1    0   0   0   0   0   0   0   0   0   0  96   0   0   1   0   0   1   0   1   0  1.11 0.27
  255 V    -1  -4  -4  -4   3  -4  -4  -4  -4   4   1  -4   1  -1  -4  -3  -1  -4  -2   4    3   0   0   0   8   0   0   0   0  33   4   0   2   0   0   0   0   0   0  49  0.67 0.19
  256 E    -2  -1  -2   0  -5   3   6  -1  -2  -5  -4   1  -2  -5  -3  -1  -2  -4  -3  -4    0   1   0   0   0  10  76   4   0   0   0   4   1   0   0   4   0   0   0   0  1.06 0.26
  257 K     0   0   1  -2   1   0  -1  -3  -1   0  -2   4  -1  -3  -3  -1  -1  -4  -2   2    6   1   6   0   4   2   0   0   1   4   0  47   0   0   0   1   0   0   1  26  0.37 0.16
  258 G    -1  -2   2   3  -4  -1   0   5  -1  -4  -4   0  -3  -4  -3  -1  -2  -4  -3  -4    1   0  14  17   0   2   5  51   1   0   0   6   0   0   0   2   0   0   0   0  0.69 0.16
  259 R    -2   5   0  -1  -4   1  -1  -3  -2  -4  -3   4  -1  -3  -3  -2  -2  -4  -2  -3    0  46   3   2   0   3   0   0   0   0   2  40   1   1   0   0   1   0   1   0  0.83 0.20
  260 Y    -2  -3  -3  -2  -2  -3  -3  -4   1   4   2  -3   1   1  -2  -3  -1  -3   0   2    1   0   1   3   0   0   1   0   6  49  13   1   4   5   1   0   1   0   3  11  0.38 0.13
  261 E    -2  -2  -1   3  -5   1   6  -3  -2  -4  -4  -1  -3  -5  -2  -1  -2  -4  -3  -4    1   0   1  15   0   1  77   1   0   0   0   1   0   0   1   2   0   0   0   0  1.13 0.26
  262 D    -2  -1  -1   4  -5   1   6  -3  -2  -4  -3   0  -3  -4  -2  -1  -2  -4  -3  -4    2   2   0  25   0   3  62   0   0   0   1   4   0   0   0   0   0   0   0   0  0.94 0.22
  263 A     6  -3  -3  -3  -2  -2  -2   0  -3  -3  -3  -2  -2  -4  -2   0  -2  -4  -3  -2   94   0   0   0   0   0   0   3   0   0   0   0   0   0   0   0   0   0   0   0  1.09 0.28
  264 K    -2   5  -2  -2  -3   1   0  -3  -2  -4  -4   6  -1  -4  -3  -2  -2  -4  -3  -4    0  32   0   0   0   2   1   0   0   1   0  62   1   0   0   0   0   0   0   0  0.99 0.24
  265 R     0   5  -1  -1  -3   1   0  -3   1  -1  -2   3  -1  -3  -2  -1  -1  -4  -2  -1   10  41   1   1   0   6   3   0   3   5   1  22   1   0   0   0   1   0   0   5  0.45 0.14
  266 S     1  -2  -1  -2  -2  -2  -2  -2  -2  -4  -4  -2  -3  -4  -2   6   1  -4  -3  -3    6   0   0   0   0   0   0   0   0   0   0   0   0   0   0  89   3   0   0   0  1.07 0.29
  267 L    -2  -4  -4  -4  -2  -3  -4  -5  -4   5   3  -4   1   0  -4  -3  -2  -3  -2   2    0   0   0   0   0   0   0   0   0  45  39   0   1   3   0   0   0   0   0  11  0.65 0.17
  268 A     5  -3  -2  -3  -1  -2  -2   0  -3  -3  -3  -2  -2  -4  -2   2  -1  -4  -3  -2   77   0   0   0   1   0   0   4   0   0   0   0   0   0   0  16   0   0   0   0  0.82 0.24
  269 K    -2   4  -1  -2  -3   0  -1  -3  -1   0  -1   4   0  -1  -2  -1   0  -3  -1  -1    1  28   0   0   0   1   0   0   1   8   3  40   2   3   0   1   7   0   1   4  0.43 0.15
  270 S     0  -2  -1  -2   1  -2  -2  -2  -3   0  -1  -2  -2  -3  -2   5   1  -4  -3   1    4   0   1   0   3   0   0   0   0   6   7   0   0   0   0  60   6   0   0  14  0.46 0.19
  271 N    -3  -2   8   0  -5  -2  -2  -2   0  -5  -5  -2  -4  -5  -4  -1  -2  -5  -3  -5    0   0  96   0   0   0   0   0   1   0   0   0   0   0   0   1   0   0   1   0  1.78 0.36
  272 K    -2   2  -1  -2  -5   0  -1  -2  -2  -4  -4   7  -2  -5  -3  -1  -2  -5  -3  -4    0   6   1   0   0   1   0   3   0   0   0  86   1   0   0   1   0   0   0   0  1.15 0.28
  273 V     0  -3  -4  -4   1  -2  -3  -4  -4   2   2  -3   1  -2  -3  -2   0  -3  -2   5    4   0   0   0   4   2   1   0   0   4  19   0   2   0   0   1   4   0   0  59  0.50 0.16
  274 T     1  -2   0   0  -2  -1   0  -2   0  -3  -3  -1  -3  -4   3   4   1  -4  -3  -3    9   0   3   5   0   1   3   1   3   0   1   0   0   0  15  51   8   0   0   0  0.52 0.17
  275 I     0  -2  -3  -2  -2  -1   0  -2  -2   2  -1  -1   1  -2   4  -1  -1  -3  -2   2    9   1   0   0   0   2   5   3   0  13   3   3   4   0  26   2   2   0   0  25  0.37 0.11
  276 E    -3  -2   1   6  -5  -1   4  -3  -2  -5  -5  -1  -4  -5  -3  -1  -2  -5  -3  -4    1   0   4  62   0   0  31   0   0   0   0   1   0   0   0   0   1   0   0   0  1.16 0.24
  277 D    -3  -3   1   7  -5  -1   0  -3   3  -5  -5  -2  -4  -5  -3   1  -2  -5  -3  -4    0   0   2  76   0   0   1   0   9   0   0   0   0   0   0  10   0   0   0   0  1.27 0.27
  278 P    -1  -3  -3  -1  -4  -2  -1  -3  -2  -3  -4  -1  -4  -5   8  -2  -2  -5  -4  -3    5   0   0   2   0   0   4   0   1   1   1   2   0   0  80   2   0   0   0   1  1.91 0.30
  279 S     3  -3  -2  -3  -2  -2  -2   1  -2   0   0  -2  -1   2  -2   1  -1   2  -1   0   42   0   0   0   0   0   1   8   0   4   7   0   0  15   0  11   2   3   1   6  0.26 0.12
  280 I    -1  -4  -4  -4  -2  -3  -4  -5  -4   3   2  -4   0  -2  -4  -3   0  -4  -2   5    1   0   0   0   0   0   0   0   0  15  15   0   0   0   0   0   5   0   0  64  0.70 0.20
  281 V    -2  -1  -1  -2  -3   3   0  -3   1   1   1  -1   1   0  -3  -1   0  -1   3   0    0   1   1   1   0  22   6   0   3  13  20   1   2   3   0   1   8   0  14   3  0.19 0.10
  282 A     2   0   0  -1   0   1   0   0   1  -2  -1   0  -1  -2  -2   1   1  -1  -1  -1   33   3   3   1   2   8   2   4   4   0   5   7   1   1   0   9  10   1   2   4  0.14 0.07
  283 E    -3  -2  -2   0  -6   1   7  -4  -2  -5  -3  -1  -4  -5  -3  -2  -3  -5  -4  -4    0   0   0   0   0   3  95   0   0   0   2   0   0   0   0   0   0   0   0   0  1.52 0.33
  284 M     0  -3  -3  -4   0  -3  -3  -4  -3   3   3  -3   1   1  -3  -2  -1  -2   0   3    8   0   1   0   2   0   0   0   0  16  32   0   3   6   0   0   1   0   4  28  0.34 0.11
  285 D    -2   0   1   5  -5   3   4  -3  -2  -4  -4  -1  -3  -5  -3  -1  -2  -5  -4  -4    2   3   4  43   0  16  31   0   0   0   1   0   0   0   0   0   0   0   0   0  0.84 0.20
  286 T     0  -1   0  -2  -2  -1   1  -3  -1   1   2  -1   0   0  -3  -1   1  -3  -1   1    9   1   6   0   0   2  11   0   1   8  35   1   1   2   0   3  12   0   1   6  0.13 0.08
  287 I    -3  -4  -4  -3  -3  -3  -4  -5  -4   6   2  -4   1  -1  -4  -4  -2  -4  -1   2    0   0   0   1   0   1   0   0   0  73  14   0   3   1   0   0   0   0   1   7  0.86 0.22
  288 M     0   0   1  -1  -2   4   1  -3   0   0   0   0   1  -2  -2   0   0  -3  -1   0    5   2   7   1   0  33   8   0   1   6   8   5   6   1   0   5   3   0   1   7  0.23 0.11
  289 A     5  -3  -1  -1  -2  -2  -2  -1  -3  -2  -3  -2  -2  -4  -2   1   0  -4  -3  -1   80   0   2   3   0   1   1   0   0   1   0   0   0   0   0   7   2   0   0   3  0.76 0.23
  290 N     2  -3   0  -2  -3  -2  -2   5  -3  -4  -4  -2  -3  -4  -3   2  -1  -4  -4  -3   22   0   3   0   0   0   0  56   0   0   0   0   0   0   0  15   3   0   0   1  0.79 0.18
  291 V    -2  -4  -4  -5  -2  -4  -4  -5  -4   5   1  -4   0  -1  -4  -3  -2  -4  -2   5    1   0   0   0   0   0   0   0   0  41   3   0   1   1   0   0   0   0   0  53  0.82 0.21
  292 E    -2  -2  -1   3  -5   1   6  -3  -2  -4  -2  -1  -3  -4  -3  -2  -2  -4  -4  -3    1   0   1  15   0   5  72   0   0   0   5   0   0   0   0   0   0   0   0   0  1.02 0.25
  293 T     3   2  -1  -2  -2   0   0  -2  -2   0   0   1  -1  -2  -2   0  -1  -3  -1   0   41  18   1   0   0   1   6   0   0   5   7   9   0   1   0   3   2   0   1   4  0.23 0.11
  294 E    -1  -1  -2   0  -5   2   7  -3  -2  -5  -4  -1  -2  -5  -3  -1  -2  -4  -4  -4    4   0   0   0   0   6  86   1   0   0   0   0   1   0   0   1   1   0   0   0  1.27 0.30
  295 R     0   6  -1  -1  -4   1   0  -3  -1  -4  -3   4  -3  -4  -3  -1  -2  -4  -3  -3    6  52   1   1   0   2   5   0   0   0   1  28   0   0   0   2   0   0   0   0  0.80 0.20
  296 L     2  -2  -2  -2  -2  -1   0  -3  -3   0   3  -2   2  -1  -3  -1  -1  -3  -2   0   25   1   1   1   0   2   8   0   0   2  47   0   6   0   0   4   0   0   0   2  0.28 0.13
  297 A     5  -3  -2  -3  -2  -1   1  -1  -3  -2  -1  -2   0  -3  -2   0  -1  -4  -3  -1   79   0   0   0   0   2   8   0   0   1   3   0   3   0   0   0   0   0   0   3  0.73 0.23
  298 G    -1  -4  -2  -3  -4  -3  -4   7  -4  -5  -5  -3  -4  -5  -4  -2  -3  -4  -5  -5    0   0   0   0   0   0   0  99   0   0   0   0   0   0   0   0   0   0   0   0  1.79 0.31
  299 N    -1  -1   4   1  -3   0   2  -1  -1  -3  -4   1  -3  -4  -2   3   1  -4  -3  -3    0   0  31   3   0   2  16   1   0   0   0  10   0   0   0  26  10   0   0   1  0.47 0.15
  300 A     6  -3  -2  -3  -2  -2  -2  -1  -3  -3  -3  -2  -3  -4  -2   0  -2  -4  -3  -2   96   0   1   0   0   0   0   0   0   0   0   0   0   0   1   1   0   0   0   0  1.13 0.29
  301 S     0  -1   0  -1  -2  -1  -1   1  -2  -3  -4  -1  -3  -4  -2   5   2  -4  -3  -2    1   1   1   1   0   1   0   8   0   0   0   2   0   0   0  71  13   0   0   1  0.73 0.23
  302 W    -5  -5  -6  -6  -4  -4  -5  -5  -4  -1  -2  -5  -3   1  -6  -5  -4  12   1  -4    0   0   0   0   0   0   0   0   0   4   2   0   0   5   0   0   0  87   1   0  3.28 0.45
  303 G     0   1  -1  -2  -3  -1  -1   4  -2  -3  -2   2   1  -3  -2   1   0  -3  -3  -2    7   5   1   0   0   0   0  39   0   1   2  23   6   0   1  10   3   0   0   1  0.41 0.13
  304 E    -2  -2  -2   2  -5   1   6  -4  -2  -5  -4  -1  -3  -5  -3  -1  -1  -4  -3  -4    1   0   0   7   0   4  82   0   0   0   0   0   0   0   0   1   4   0   1   0  1.21 0.28
  305 L    -3  -4  -5  -5  -3  -4  -4  -5  -4   1   6  -4   1  -1  -4  -4  -3  -3  -2   0    0   0   0   0   0   0   0   0   0   5  91   0   2   0   0   0   0   0   0   1  1.02 0.24
  306 F    -3  -4  -4  -5  -3  -4  -4  -5  -3   3   1  -4  -1   7  -5  -4  -3   0   1   0    0   0   0   0   0   0   0   0   0  19   8   0   0  66   0   0   0   1   0   5  1.05 0.24
  307 S     0  -2   0   0  -2   0  -1  -2  -1  -3  -3  -1  -2  -3  -2   4   4  -4  -3  -1    1   0   3   4   0   4   2   0   1   0   0   2   0   1   0  46  33   0   0   2  0.55 0.19
  308 N    -1  -1   0  -2  -3  -2  -2   4  -3  -2  -3  -1  -2  -4   0   0   4  -4  -3  -1    1   3   3   0   0   0   0  38   0   1   1   2   0   0   4   3  39   0   0   6  0.54 0.17
  309 K    -2   2  -1  -2  -5   1   0  -3  -1  -4  -4   7  -3  -5  -3  -1  -2  -4  -3  -4    0   6   2   0   0   2   2   0   1   0   0  85   0   0   0   1   0   0   0   0  1.14 0.28
  310 G    -1  -3   1  -1  -3  -2  -2   2   0  -3  -4  -2  -3  -4   6   0   3  -4  -3  -3    0   0   8   1   0   0   0  15   3   0   0   1   0   0  38   2  31   0   0   0  0.83 0.19
  311 A     1   2  -1  -2  -4   1  -1  -3  -2  -4  -4   6  -3  -3  -2  -1  -2  -4  -3  -3   13   9   0   0   0   3   0   0   0   0   0  72   0   1   0   0   1   0   0   0  0.86 0.23
  312 I    -2  -4  -3  -4  -2  -3  -4  -5  -4   5   0  -3   3  -1  -4  -3  -1  -4  -1   4    0   0   1   0   0   0   0   0   0  46   1   0  11   0   0   0   0   0   1  39  0.73 0.20
  313 L    -3  -3  -4  -5  -3  -4  -4  -3  -3   0   3  -4   0   7  -5  -4  -3  -1   1  -1    0   1   0   0   0   0   0   1   0   1  36   0   0  58   0   0   0   0   0   2  0.98 0.23
  314 P    -2   2  -1  -2  -4   6   1  -3   1  -4  -3   1  -1  -2   0  -1  -2  -2   3  -3    0  10   1   0   0  54   6   0   3   0   0   8   1   1   3   1   0   0  11   0  0.73 0.21
  315 R    -3   8  -2  -3  -5  -1  -2  -4  -2  -5  -4   1  -3  -5  -4  -3  -3  -4  -3  -4    0  98   0   0   0   0   0   0   0   0   0   1   0   0   0   0   0   0   0   0  1.76 0.35
  316 V    -2  -3  -4  -4  -2  -3  -3  -4  -4   1   3  -3   1  -1  -3  -2   1  -3  -2   4    0   0   0   0   0   0   0   0   0   0  42   0   1   0   0   0  12   0   0  44  0.56 0.18
  317 I    -2  -3  -4  -4  -1  -3  -4  -4  -4   4   2  -3   2   1  -4  -2  -1  -3  -1   2    1   0   0   0   1   0   0   0   0  46  17   0   7   8   0   1   2   0   0  16  0.49 0.14
  318 M    -2  -3  -1  -4   0  -2  -3  -4  -3   1   1  -3   8  -1  -4  -2   1  -3  -3   1    0   0   3   0   2   0   0   0   0   5   5   0  62   1   0   0  11   0   0  11  0.90 0.26
  319 G    -1  -4  -2  -3   0  -3  -4   7  -4  -5  -5  -3  -4  -5  -4  -1  -2  -4  -5  -4    1   0   0   0   2   0   0  93   0   0   0   0   0   0   0   1   2   0   0   0  1.57 0.28
  320 I     0  -4  -4  -4   3  -3  -4  -3  -4   5   0  -3   1  -2  -4  -2  -1  -4  -2   4    8   0   0   0   6   0   0   1   0  43   1   0   4   0   0   0   0   0   0  36  0.58 0.17
  321 M    -1  -3  -4  -5   0  -2  -4  -4  -3   1   2  -3   8   0  -4  -3  -2  -3  -2   1    4   0   0   0   2   0   0   0   0   7  10   0  62   4   0   1   0   0   0  11  0.95 0.27
  322 I    -2  -4  -4  -5  -1  -4  -4  -5  -4   5   3  -4   1  -1  -4  -3  -1  -3  -2   2    0   0   0   0   1   0   0   0   0  47  36   0   1   0   0   0   1   0   0  14  0.68 0.18
  323 Q    -1  -1   0  -2  -4   7   0  -3  -1  -3  -1   0   2  -4  -3  -2  -2  -4  -3  -3    5   0   3   0   0  78   0   0   0   0   6   1   7   0   0   0   0   0   0   0  1.16 0.31
  324 S     1  -2  -1  -2   1  -2  -2  -1  -3  -3  -3  -2  -1  -4  -2   5   1  -4  -3  -3   11   0   0   0   2   0   0   3   0   1   0   0   2   0   0  74   7   0   0   0  0.77 0.24
  325 L    -3  -4  -5  -5  -3  -4  -4  -5  -4   1   5  -4   1   2  -4  -4  -3  -3  -2  -1    0   0   0   0   0   0   0   0   0   2  88   0   1   9   0   0   0   0   0   0  0.99 0.24
  326 Q    -3  -1  -2  -2  -5   8   0  -4  -1  -4  -2  -1  -2  -5  -3  -2  -3  -4  -3  -4    0   0   0   1   0  93   1   0   0   0   5   0   0   0   0   0   0   0   0   0  1.63 0.38
  327 Q    -3  -1  -2  -2  -5   8   0  -4  -1  -5  -4  -1  -2  -5  -3  -2  -3  -4  -4  -4    0   0   0   0   0 100   0   0   0   0   0   0   0   0   0   0   0   0   0   0  1.91 0.41
  328 L    -3  -4  -5  -5  -3  -4  -5  -5  -4   0   6  -4   1  -1  -5  -4  -3  -3  -3  -1    0   0   0   0   0   0   0   0   0   0 100   0   0   0   0   0   0   0   0   0  1.21 0.28
  329 T    -2  -3  -2  -3  -3  -2  -3  -3  -3  -2  -3  -2  -2  -4  -3   1   7  -4  -3  -2    0   0   0   0   0   0   0   0   0   1   0   0   0   0   0   7  93   0   0   0  1.35 0.33
  330 G    -1  -4  -2  -3  -4  -4  -4   7  -4  -6  -6  -3  -5  -5  -4  -2  -3  -4  -5  -5    0   0   0   0   0   0   0 100   0   0   0   0   0   0   0   0   0   0   0   0  1.85 0.32
  331 N     0  -2   4   5   2  -1   1  -2  -2  -2  -4  -2  -3  -4  -3  -1  -2  -5  -4  -2   11   0  21  50   6   0   5   0   0   4   0   0   0   0   0   1   0   0   0   2  0.73 0.19
  332 N    -3  -2   8   0  -5  -2  -2  -2  -1  -5  -6  -2  -4  -5  -4  -1  -2  -6  -4  -5    0   0  99   0   0   0   0   1   0   0   0   0   0   0   0   0   0   0   0   0  1.89 0.38
  333 Y    -4  -4  -4  -5  -5  -4  -4  -5   0  -3  -3  -4  -3   1  -5  -4  -4   0   9  -3    0   0   0   0   0   0   0   0   0   0   0   0   0   1   0   0   0   0  99   0  2.30 0.42
  334 F    -4  -5  -5  -6  -4  -5  -5  -5  -3  -2  -1  -5  -2   9  -6  -4  -4  -1   2  -3    0   0   0   0   0   0   0   0   0   0   0   0   0  99   0   0   0   0   1   0  2.03 0.37
  335 F    -4  -5  -5  -6  -4  -5  -5  -5  -3  -2  -1  -5  -1   9  -6  -4  -4  -1   1  -3    0   0   0   0   0   0   0   0   0   0   0   0   1  99   0   0   0   0   0   0  2.03 0.37
  336 Y    -4  -4  -4  -5  -4  -4  -4  -5   0  -3  -3  -4  -3   3  -5  -4  -4   0   9  -3    0   0   0   0   0   0   0   0   0   0   0   0   0   8   0   0   0   0  92   0  2.11 0.39
  337 Y    -4  -4  -4  -5  -5  -4  -4  -5   0  -3  -3  -4  -3   2  -5  -4  -4   0   9  -3    0   0   0   0   0   0   0   0   0   0   0   0   0   4   0   0   0   0  96   0  2.22 0.40
  338 G     0  -4  -2  -3  -4  -3  -4   7  -4  -5  -5  -3  -4  -5  -4   0  -3  -4  -5  -4    5   0   0   0   0   0   0  90   0   0   0   0   0   0   0   4   0   0   0   0  1.54 0.28
  339 T    -1  -3  -2  -3  -3  -2  -3  -3  -4  -3  -3  -2  -2  -4  -3   0   7  -4  -3  -2    1   0   0   0   0   0   0   0   0   0   0   0   0   0   0   1  97   0   0   0  1.45 0.35
  340 T    -2  -3  -2  -3  -2  -1  -3  -3  -3   1  -1  -2  -1  -3  -3   0   6  -4  -2   0    0   0   0   0   0   1   0   0   0  10   4   0   1   0   0   4  76   0   1   3  0.88 0.26
  341 I    -2  -4  -5  -5  -3  -4  -5  -5  -5   6   0  -4   0  -2  -4  -4  -2  -4  -3   4    0   0   0   0   0   0   0   0   0  72   2   0   0   0   0   0   0   0   0  26  1.02 0.25
  342 F    -4  -5  -5  -6  -4  -5  -5  -5  -3  -2  -1  -5  -2   9  -6  -4  -4  -1   1  -3    0   0   0   0   0   0   0   0   0   0   1   0   0  99   0   0   0   0   0   0  2.01 0.37
  343 N    -1   1   2  -1  -4   3   0  -2  -1  -4  -4   5  -2  -4  -2  -1   0  -4  -3  -3    4   4  10   2   0  15   0   0   1   0   0  56   0   0   0   1   7   0   0   1  0.64 0.20
  344 A     5  -2  -2  -2  -2  -2  -2  -1  -3  -3  -3  -2  -2  -4  -2   4   0  -4  -3  -2   63   0   0   0   0   0   0   1   0   0   0   0   0   0   0  34   2   0   0   0  0.77 0.23
  345 V    -1  -4  -4  -5  -2  -4  -4  -5  -5   3  -1  -4  -1  -2  -4  -3  -2  -4  -3   6    1   0   0   0   0   0   0   0   0   9   0   0   0   0   0   0   0   0   0  88  1.06 0.27
  346 G    -1  -4  -2  -3  -4  -3  -3   7  -2  -5  -4  -3  -4  -4  -4  -2  -3  -4  -4  -4    0   0   0   0   0   0   0  94   1   0   2   0   0   0   0   1   0   0   0   0  1.58 0.28
  347 M    -2  -3  -4  -4  -3  -3  -4  -4  -4   1   5  -3   5  -1  -4  -3  -2  -3  -2   0    0   0   0   0   0   0   0   0   0   2  74   1  20   0   0   1   0   0   0   0  0.85 0.22
  348 K    -1   0   2   2  -3   1   3  -2  -1  -3  -3   2  -2  -4  -1   1   1  -4  -3  -3    2   0  13  13   0   6  27   0   0   0   1  17   0   0   1  12   9   0   0   0  0.40 0.11
  349 D    -3  -3   1   8  -5  -2   0  -3  -3  -5  -5  -2  -5  -5  -3  -2  -3  -6  -5  -5    0   0   4  93   0   0   0   0   0   0   0   0   0   0   0   0   0   0   0   0  1.69 0.31
  350 S     0  -2  -1  -2  -2  -2  -2   1  -2  -4  -4  -2  -3  -4   0   6   0  -4  -3  -3    2   0   0   0   0   0   0  12   0   0   0   0   0   0   4  80   1   0   0   0  0.89 0.26
  351 F    -4  -4  -4  -5  -4  -4  -4  -5  -2  -2  -1  -4  -2   8  -5  -4  -4   0   4  -2    0   0   0   0   0   0   0   0   0   0   0   0   0  84   0   0   0   0  12   0  1.65 0.31
  352 Q    -2  -1  -2  -1  -5   6   5  -3  -1  -3  -3   0  -2  -4  -3  -2  -2  -4  -3  -2    0   0   0   0   0  46  45   0   0   2   1   3   0   0   0   0   0   0   0   2  0.99 0.25
  353 T     0  -3  -2  -3   0  -2  -2  -3  -3  -2  -3  -2  -2  -4  -3   0   7  -4  -3  -2    5   0   0   0   2   0   0   1   0   0   0   0   0   0   0   2  90   0   0   0  1.22 0.31
  354 S     2  -2  -1  -2  -2  -2  -2  -2  -2  -3  -4  -2  -3  -4  -2   6   0  -4  -3  -2   16   0   0   0   0   0   0   0   0   0   0   0   0   0   0  80   1   0   0   2  0.92 0.27
  355 I    -3  -4  -5  -5  -3  -4  -5  -5  -5   7   0  -4   1  -2  -4  -4  -2  -4  -3   1    0   0   0   0   0   0   0   0   0  91   2   0   3   0   0   0   0   0   0   2  1.21 0.28
  356 V    -2  -4  -4  -4  -2  -4  -4  -5  -4   5   0  -4   0  -2  -4  -3  -2  -4  -2   5    0   0   0   0   0   0   0   0   0  46   2   0   0   0   0   0   0   0   0  51  0.86 0.22
  357 L    -3  -4  -4  -4  -2  -3  -4  -5  -4   4   4  -4   1   3  -4  -3  -2  -2  -1   0    0   0   0   0   0   0   0   0   0  32  48   0   1  16   0   0   0   0   0   0  0.64 0.17
  358 G    -1  -4  -2  -3  -4  -3  -4   7  -4  -5  -5  -3  -4  -5  -4  -1  -3  -4  -5  -5    0   0   0   0   0   0   0  97   0   0   0   0   0   0   0   1   0   0   0   0  1.72 0.30
  359 I     0  -3  -4  -4   0  -3  -3  -4  -4   4   0  -3   1  -2  -3  -2   1  -4  -2   4    8   0   0   0   2   0   0   0   0  30   1   0   2   0   0   0   7   0   0  49  0.55 0.17
  360 V    -2  -4  -4  -5  -2  -4  -4  -5  -5   3   0  -4  -1  -2  -4  -3  -1  -4  -3   6    0   0   0   0   0   0   0   0   0  12   0   0   0   0   0   0   0   0   0  86  1.04 0.26
  361 N    -3  -2   8   0  -4  -2  -2  -2  -1  -5  -5  -2  -4  -5  -4  -1  -2  -5  -4  -5    0   0  98   0   0   0   0   0   0   0   0   0   0   0   0   0   0   0   0   0  1.82 0.36
  362 F    -4  -4  -5  -5  -4  -5  -5  -5  -3  -2   0  -5  -2   8  -5  -4  -4  -1   1  -2    0   0   0   0   0   0   0   0   0   0   3   0   0  95   0   0   0   0   0   0  1.85 0.34
  363 A     4  -3  -3  -3   0  -3  -3   0  -3  -1  -1  -2  -1   4  -3  -1  -2  -2  -1   1   51   0   0   0   2   0   0   5   0   1   4   0   1  25   0   1   0   0   0  11  0.43 0.17
  364 S     0  -2  -1  -2   0  -2  -2  -2  -3  -4  -4  -2  -3  -3  -2   6   0  -4  -3  -3    2   0   0   0   2   0   0   0   0   0   0   0   0   1   0  93   0   0   0   0  1.14 0.31
  365 T    -2  -3  -2  -3   0  -2  -2  -3  -3  -2  -3  -2  -2  -4  -3   1   7  -4  -3  -2    0   0   0   0   2   0   0   0   0   0   0   0   0   0   0   6  90   0   0   0  1.25 0.31
  366 F    -3  -4  -4  -5   3  -4  -5  -3  -3   1  -1  -4  -1   8  -5  -3  -3  -1   1  -2    1   0   0   0   7   0   0   2   0   8   2   0   1  77   0   2   0   0   0   0  1.26 0.27
  367 V    -1  -3  -4  -4   2  -3  -3  -3  -3   2   1  -3   1   2   0  -2  -1  -3  -1   4    3   0   0   0   4   0   0   1   0  13  14   0   2  10   6   0   0   0   1  45  0.37 0.13
  368 A     3  -2   0  -2   1  -2  -2   4  -2  -3  -3  -2  -3  -4  -2   2  -1  -4  -3  -2   38   0   5   0   3   0   0  31   0   0   0   0   0   0   0  22   0   0   0   0  0.55 0.16
  369 L    -2  -3  -4  -4  -2  -3  -4  -5  -4   4   4  -4   1   0  -3  -3  -2  -3  -2   2    0   0   0   0   0   0   0   0   0  38  46   0   2   3   0   0   0   0   0   9  0.63 0.16
  370 Y    -3  -3  -4  -5  -4  -3  -4  -4  -1  -2  -2  -4   1   3  -5  -3  -3   7   8  -2    1   0   0   0   0   0   0   1   0   1   2   0   4  11   0   0   0  16  62   1  1.45 0.28
  371 T     1  -3  -2  -3  -1  -2  -2  -2  -3   1   1  -2   0   1  -2   0   3  -3  -1   3   13   0   0   0   1   0   0   0   0   9   9   0   0   7   0   5  26   0   1  27  0.24 0.11
  372 V    -2  -4  -5  -5  -2  -4  -4  -5  -5   4   0  -4   0  -2  -4  -3  -1  -4  -3   5    0   0   0   0   0   0   0   0   0  31   0   0   1   0   0   0   0   0   0  68  0.95 0.24
  373 D    -2  -2   1   5  -5   0   5  -1  -2  -5  -5  -1  -4  -5  -3  -1  -2  -5  -4  -4    0   0   5  47   0   0  41   3   0   0   0   2   0   0   0   2   0   0   0   0  0.99 0.23
  374 K    -2   6   0  -2  -5   0  -1  -3   2  -4  -4   4  -3  -4  -3  -1  -2  -3  -3  -4    0  54   3   0   0   0   0   0   7   0   0  34   0   0   0   1   0   0   0   0  0.99 0.24
  375 F    -3  -4  -4  -5  -3  -4  -4  -5  -2   1   2  -4   1   7  -5  -4  -3   1   3  -1    0   0   0   0   0   0   0   0   0   6  20   0   3  60   0   0   0   1   9   1  0.99 0.22
  376 G    -1  -4  -2  -3  -3  -4  -4   7  -4  -6  -6  -3  -4  -5  -4  -2  -3  -4  -5  -5    0   0   0   0   0   0   0  99   0   0   0   0   0   0   0   0   0   0   0   0  1.81 0.31
  377 R    -3   8  -2  -3  -5  -1  -2  -3  -2  -5  -4   1  -3  -5  -3  -3  -3  -5  -4  -4    0  98   0   0   0   0   0   1   0   0   0   0   0   0   0   0   0   0   0   0  1.76 0.35
  378 R    -3   8  -2  -4  -5  -1  -2  -4  -1  -5  -4   1  -3  -5  -4  -3  -3  -5  -4  -4    0  99   0   0   0   0   0   0   1   0   0   0   0   0   0   0   0   0   0   0  1.81 0.36
  379 K    -1   2   2  -2  -3   1  -1  -2  -1  -2   0   3   1  -2  -2   0   2  -1  -2  -1    3  16  11   0   0   4   0   0   1   0  11  22   4   1   0   2  23   1   0   2  0.24 0.11
  380 C    -2  -5  -4  -5  10  -4  -5  -3  -5  -2  -2  -4  -1  -4  -4   0   0  -4  -4   0    0   0   0   0  78   0   0   1   0   0   2   0   1   0   0   5   6   0   0   6  1.95 0.34
  381 L    -3  -4  -5  -5  -3  -4  -5  -5  -4   0   6  -4   1  -1  -5  -4  -3  -3  -3  -1    0   0   0   0   0   0   0   0   0   0  99   0   1   0   0   0   0   0   0   0  1.19 0.28
  382 L    -3  -4  -5  -5  -3  -3  -4  -5  -4   1   5  -4   3  -1  -4  -4  -3  -3  -2   0    0   0   0   0   0   0   0   0   0   3  88   0   9   0   0   0   0   0   0   0  1.02 0.25
  383 G    -1  -4  -4  -5  -2  -3  -4  -1  -3   0   0  -4  -1   1  -4  -2   0  10   3   0    4   0   0   0   0   0   0   6   0   6   6   0   1   5   0   2   6  45   9   9  1.18 0.23
  384 G    -1  -4  -2  -3  -4  -4  -4   7  -4  -6  -6  -3  -4  -5  -4  -2  -3  -4  -5  -5    1   0   0   0   0   0   0  99   0   0   0   0   0   0   0   0   0   0   0   0  1.82 0.31
  385 S     4  -3  -2  -3   3  -2  -2  -1  -3  -3  -3  -2  -2  -4  -2   4  -1  -4  -3  -2   55   0   0   0   7   0   0   2   0   0   0   0   0   0   0  35   0   0   0   0  0.71 0.22
  386 A     4  -3  -3  -3   0  -2  -2  -1  -3   1   0  -2  -1  -1  -2   0   0  -4  -2   2   58   0   0   0   2   0   0   1   0  11   5   0   0   2   0   0   6   0   0  15  0.43 0.17
  387 S     2  -3  -1  -2   1  -2  -2   4  -3  -3  -2  -2  -2  -3  -3   2   1   0  -3  -2   20   0   0   0   4   0   0  43   0   0   3   0   0   0   0  15  13   1   0   1  0.53 0.15
  388 M    -3  -4  -4  -5  -3  -2  -4  -5  -4  -1   0  -3  10  -2  -5  -4  -2  -4  -3  -1    0   0   0   0   0   1   0   0   0   0   1   0  97   0   0   0   0   0   0   0  2.08 0.44
  389 A     1  -3  -2  -3   0  -2  -2  -2  -3   2   1  -2   2   1  -3   1   2  -3  -1   2   11   0   0   0   2   0   0   1   0  11   8   0   7   8   0  11  21   0   0  20  0.20 0.09
  390 I     2  -4  -4  -4   7  -3  -4  -3  -4   2  -1  -3  -1  -2  -3  -1  -1  -4  -3   3   26   0   0   0  32   0   0   0   0  14   2   0   0   1   0   1   1   0   0  23  0.67 0.19
  391 C    -2  -6  -5  -6  11  -5  -6  -5  -5  -3  -3  -5  -3  -2  -5  -3  -2  -4  -4  -3    1   0   0   0  94   0   0   0   0   0   0   0   0   2   0   1   2   0   0   0  2.72 0.42
  392 F    -3  -3  -4  -5  -3  -3  -4  -5  -2  -1   1  -4   6   6  -5  -3  -3  -1   4  -1    0   0   0   0   0   0   0   0   0   0  12   0  37  37   0   0   0   0  14   0  0.96 0.25
  393 V     0  -4  -4  -4   1  -3  -4  -4  -4   3   1  -4   0  -2  -4  -3  -1  -4  -2   5    5   0   0   0   2   0   0   0   0  12  10   0   0   0   0   0   0   0   0  69  0.71 0.21
  394 I    -2  -4  -5  -5  -2  -4  -4  -5  -5   5   0  -4   0  -2  -3  -3  -2  -4  -3   5    0   0   0   0   0   0   0   0   0  47   0   0   1   0   1   0   0   0   0  51  0.91 0.23
  395 F    -4  -4  -4  -5  -4  -4  -4  -5  -1  -2  -2  -4  -2   6  -5  -4  -4   0   7  -3    0   0   0   0   0   0   0   0   0   0   0   0   0  45   0   0   0   0  55   0  1.63 0.31
  396 S     5  -3  -2  -3  -2  -2  -2  -1  -3  -3  -3  -2  -2  -4  -2   3  -1  -4  -3  -2   76   0   0   0   0   0   0   1   0   0   0   0   0   0   0  22   1   0   0   0  0.87 0.25
  397 T     0  -2  -1  -2  -1  -2  -2  -2  -3  -1  -1  -2  -2  -3  -2   5   1  -4  -3   0    5   0   0   0   1   0   0   0   0   3   6   0   0   0   0  72   6   0   0   8  0.65 0.23
  398 V    -2  -4  -4  -5  -2  -4  -4  -5  -4   3   2  -4   0  -2  -4  -3  -2  -4  -2   5    0   0   0   0   0   0   0   0   0  19  15   0   0   0   0   0   0   0   0  65  0.78 0.21
  399 G    -1  -4  -2  -3  -3  -4  -4   7  -4  -6  -6  -3  -5  -5  -4  -2  -3  -4  -5  -5    0   0   0   0   0   0   0 100   0   0   0   0   0   0   0   0   0   0   0   0  1.83 0.32
  400 V    -1  -4  -3  -4  -2  -3  -3  -4  -4   1  -1  -3  -1  -2  -3   1   1  -4  -2   6    0   0   0   0   0   0   0   0   0   0   0   0   0   0   0  12   9   0   0  78  0.78 0.24
  401 T    -1  -1  -1  -2  -3   1  -1  -3  -3  -2  -3   3  -2  -3  -2   0   5  -4  -3   0    1   1   0   0   0   7   0   0   0   0   0  23   0   0   0   2  57   0   0   8  0.63 0.22
  402 S     0   5   1  -1   1   0  -1  -3   2  -3  -3   3  -2  -4  -3   1  -1  -4  -2  -3    7  44   5   2   4   0   0   0   7   1   0  17   0   0   0  11   0   0   0   0  0.54 0.16
  403 L    -3  -4  -5  -5  -3  -4  -4  -5  -4   0   6  -4   1  -1  -4  -4  -3  -3  -3  -1    0   0   0   0   0   0   0   0   0   0  99   0   0   0   0   0   0   0   0   0  1.17 0.27
  404 Y    -4  -4  -4  -5  -4  -3  -4  -5   0  -4  -3  -4  -3   1  -5  -4  -4  10   8  -4    0   0   0   0   0   0   0   0   1   0   0   0   0   1   0   0   0  38  58   0  2.15 0.36
  405 P    -2  -3  -2  -3  -4  -2  -2  -3  -3   1  -3  -1  -3  -4   8  -2  -2  -5  -1  -1    1   1   1   0   0   1   2   0   0  10   1   3   0   0  72   1   1   0   2   3  1.56 0.26
  406 N    -2  -1   5   3  -4   1   1   0   5  -4  -4   0  -3  -4  -3  -1  -1  -4  -2  -4    1   0  33  20   0   6   6   7  20   0   0   4   0   0   0   1   1   0   0   0  0.64 0.17
  407 G    -1  -3  -1  -1  -4  -3  -2   7  -3  -5  -5  -2  -4  -3  -2  -1  -3  -4  -4  -4    1   0   1   2   0   0   2  88   0   0   0   1   0   1   1   1   0   0   0   0  1.40 0.26
  408 K    -1   2  -1   0  -3   2   1  -2   0  -2  -2   2   0   0   1   0  -1   1   3  -2    4  10   1   3   0  12   9   0   0   1   1  18   3   3   7   9   1   2  17   0  0.24 0.09
  409 D    -1  -2   2   5  -4  -1   0   2   0  -4  -4   0  -3  -4  -2   2  -1  -4  -3  -4    1   0  12  39   0   0   3  17   2   0   0   5   0   0   0  20   0   0   0   0  0.58 0.16
  410 Q     0  -1   3   0  -3   3   0   2   3  -3  -3  -1  -1  -3  -2   0  -1  -3  -2  -1   10   1  18   4   0  18   5  18  12   0   0   0   1   0   1   5   2   0   0   4  0.30 0.11
  411 P     0  -2   0   0  -4   0   1   2  -2  -3  -4   0  -3  -4   6  -1  -1  -4  -4  -2    5   1   6   4   0   6   9  17   0   0   0   4   0   0  41   1   3   0   0   2  0.76 0.15
  412 S     1  -2  -1  -2  -2  -2  -2  -2  -1  -3  -3  -2  -2  -4   1   4   4  -4  -3  -2    8   0   0   1   0   0   0   0   1   1   0   0   0   0   6  50  33   0   0   0  0.64 0.21
  413 S    -1   1   1  -1  -2  -1  -1  -2   0  -3  -4  -1  -3  -4  -2   5   0  -4  -1  -3    0   9   5   2   0   0   0   0   2   1   0   1   0   0   0  76   0   0   2   0  0.79 0.25
  414 K    -2   1  -2  -2  -4   2   0  -3   0  -3  -2   6  -3  -4  -3  -2  -1  -4  -3  -3    0   1   0   0   0  10   1   0   2   1   3  78   0   0   0   0   3   0   0   1  0.98 0.26
  415 A     0  -2  -2  -2  -3  -3  -3   5  -3  -4  -4  -2  -4  -4   4   1  -1   0  -4  -4    4   1   0   0   0   0   0  60   0   0   0   0   0   0  19  12   1   2   0   0  0.95 0.20
  416 A     5  -3  -2  -1  -2  -1  -2  -1  -3  -2  -3  -2  -2  -4  -2   1   1  -4  -3   0   77   0   0   3   0   1   0   0   0   0   0   0   0   0   0   5  10   0   0   5  0.73 0.23
  417 G    -1  -4  -2  -3  -4  -4  -4   7  -4  -6  -6  -3  -5  -5  -4  -2  -3  -4  -5  -5    0   0   0   0   0   0   0 100   0   0   0   0   0   0   0   0   0   0   0   0  1.84 0.32
  418 N    -3   0   7   3  -5  -1  -1  -2  -1  -5  -5  -1  -4  -5  -4  -1  -2  -6  -4  -5    1   4  76  17   0   1   0   0   0   0   0   1   0   0   0   1   0   0   0   0  1.32 0.29
  419 V     3  -4  -4  -4   9  -3  -4  -2  -4  -2  -2  -3  -2  -4  -3  -1  -1  -4  -4   1   33   0   0   0  50   0   0   2   0   0   0   0   0   0   0   0   1   0   0  13  1.16 0.26
  420 M    -3  -3  -4  -5  -4  -2  -4  -5  -4  -1   1  -3  10  -2  -5  -4  -3  -4  -3  -1    0   0   0   0   0   1   0   0   0   0   4   0  95   0   0   0   0   0   0   0  1.97 0.42
  421 I    -3  -5  -5  -5  -3  -5  -5  -6  -5   7   0  -4   0  -2  -5  -4  -2  -4  -3   1    0   0   0   0   0   0   0   0   0  99   0   0   0   0   0   0   0   0   0   1  1.40 0.32
  422 V    -2  -4  -4  -5   4  -4  -4  -4  -4   1   0  -4  -1   4  -4  -3  -2  -3  -1   5    1   0   0   0  12   0   0   0   0   0   2   0   0  26   0   0   0   0   0  58  0.76 0.22
  423 F    -3  -4  -5  -5  -4  -5  -5  -5  -3   2   0  -5  -1   8  -5  -4  -3  -1   1   0    0   0   0   0   0   0   0   0   0  15   5   0   1  75   0   0   0   0   0   5  1.26 0.26
  424 T     2  -3  -2  -2  -2  -2  -2  -2  -3  -2  -3  -2  -2  -4  -2   2   6  -4  -3  -1   19   0   0   0   0   0   0   0   0   0   0   0   0   0   0  12  68   0   0   2  0.84 0.25
  425 C    -2  -5  -4  -5  10  -4  -5  -4  -5  -3  -3  -5   2  -4  -5  -1  -2  -4  -4  -2    1   0   0   0  83   0   0   0   0   0   0   0   8   0   0   5   2   0   0   1  2.20 0.37
  426 L    -3  -4  -5  -5  -3  -4  -5  -5  -3   0   3  -4   0   7  -5  -4  -3  -1   1  -1    0   0   0   0   0   0   0   0   0   3  31   0   1  63   0   0   0   0   0   1  1.05 0.23
  427 F    -4  -4  -3  -5  -4  -4  -4  -5  -1  -2  -2  -4  -2   6  -5  -4  -3   0   8  -3    0   0   1   0   0   0   0   0   0   0   0   0   0  41   0   0   0   0  58   0  1.56 0.30
  428 I    -3  -5  -5  -5  -3  -4  -5  -5  -5   7   1  -4   1  -2  -4  -4  -2  -4  -2   2    0   0   0   0   0   0   0   0   0  88   8   0   1   0   0   0   0   0   0   3  1.15 0.27
  429 F    -3  -5  -5  -5  -2  -5  -5  -5  -3  -2   0  -5  -2   8  -5  -4  -4  -1   2  -2    1   0   0   0   1   0   0   0   0   0   3   0   0  93   0   0   0   0   1   1  1.74 0.33
  430 F    -2  -4  -4  -5   9  -4  -5  -3  -4  -2  -2  -4  -2   5  -4   0  -2  -2  -1  -2    1   0   0   0  53   0   0   1   0   1   0   0   0  34   0  10   0   0   0   0  1.38 0.28
  431 F    -4  -5  -5  -5  -4  -5  -5  -5  -3  -2  -1  -5  -2   8  -6  -4  -4  -1   3  -3    0   0   0   0   0   0   0   0   0   0   0   0   0  96   0   0   0   0   4   0  1.92 0.34
  432 A     6  -3  -3  -3  -2  -2  -2  -1  -3  -3  -3  -2  -3  -4  -2   0  -1  -4  -3  -2   96   0   0   0   0   0   0   1   0   0   0   0   0   0   0   3   0   0   0   0  1.14 0.29
  433 I    -1  -2   0  -2   2  -1  -2  -3  -3  -1  -2  -2  -1  -3  -2   3   6  -4  -3  -1    1   0   2   0   5   1   0   0   0   3   1   0   1   0   0  22  63   0   0   1  0.74 0.23
  434 S    -1  -3  -2  -3  -3  -2  -2  -3  -3  -3  -3  -2  -2  -4  -3   2   7  -4  -3  -2    0   0   0   0   0   0   0   0   0   0   0   0   0   0   0  12  88   0   0   0  1.24 0.31
  435 W    -5  -5  -6  -7  -5  -4  -5  -5  -5  -5  -4  -5  -4  -1  -6  -5  -5  13   0  -5    0   0   0   0   0   0   0   0   0   0   1   0   0   0   0   0   0  99   0   0  3.97 0.51
  436 A     6  -3  -3  -3  -2  -2  -2   2  -3  -3  -3  -2  -3  -4  -1   0  -2  -4  -3  -2   83   0   0   0   0   0   1  14   0   0   0   0   0   0   1   1   0   0   0   0  0.90 0.25
  437 P    -2  -4  -3  -3  -4  -3  -3   3  -4  -5  -5  -3  -4  -5   7  -1  -3  -5  -5  -4    0   0   0   0   0   0   0  26   0   0   0   0   0   0  71   3   0   0   0   0  1.80 0.28
  438 I    -1  -3  -3  -3   3  -3  -3   3  -4   3   1  -3   0  -2  -3  -2   0  -3  -3   2    1   0   0   0   8   0   0  29   0  33  10   0   1   0   0   0   4   0   0  15  0.37 0.12
  439 A     3  -3  -3  -3   5  -2  -2  -2  -3   0  -2  -2  -2  -3   3  -1  -1  -4  -3   2   42   0   0   0  15   0   2   1   0   3   0   0   0   0  14   0   0   0   0  24  0.49 0.16
  440 Y    -3  -4  -4  -5  -4  -3  -4  -5   0  -2  -2  -4  -2   5  -5  -3  -3   5   8  -3    0   0   0   0   0   0   0   0   1   2   0   0   0  29   0   0   0   8  61   0  1.47 0.28
  441 V     0  -3  -3  -4   2  -2  -3  -4  -4   2   0  -3  -1  -2  -3   0   0  -4  -3   5    4   0   0   0   6   2   0   0   0   6   1   0   0   0   0   8   4   0   0  71  0.61 0.19
  442 I    -2  -4  -4  -5  -1  -4  -4  -5  -5   5   1  -4   0  -1  -4  -3  -2  -4  -2   4    0   0   0   0   1   0   0   0   0  58   5   0   0   1   0   0   0   0   0  36  0.82 0.20
  443 V    -1  -3  -1  -4   3  -3  -4  -4  -4   4   1  -3   0  -2  -3  -2   0  -4  -2   4    0   0   4   0   7   0   0   0   0  27   6   0   1   0   0   0   3   0   0  51  0.54 0.16
  444 A     3  -2  -1  -2  -2  -2  -2  -1  -2  -3  -4  -2  -3  -4  -2   5   0  -4  -3  -3   22   0   0   0   0   0   0   0   0   0   0   0   0   0   0  76   0   0   0   0  0.88 0.25
  445 E    -2  -2  -2   0  -5   0   7  -4  -2  -5  -5  -1  -4  -5  -3  -2  -2  -5  -4  -4    0   0   0   0   0   0  98   0   0   0   0   0   0   0   0   0   0   0   0   0  1.55 0.32
  446 S    -1  -2  -1  -2  -1  -2  -2  -2  -3   1  -1  -2  -1  -3  -2   3   5  -4  -3  -1    0   0   0   0   1   0   1   0   0   9   6   0   1   0   0  35  47   0   0   0  0.54 0.19
  447 Y    -3  -4  -4  -5  -4  -4  -4  -5  -1  -2  -2  -4  -2   6  -5  -3  -3   0   7  -3    0   0   0   0   0   0   0   0   0   0   0   0   0  47   0   0   0   0  51   0  1.49 0.28
  448 P    -3  -4  -4  -3  -5  -3  -3  -4  -4  -5  -5  -3  -4  -5   9  -3  -3  -5  -5  -4    0   0   0   0   0   0   0   0   0   0   0   0   0   0  98   0   0   0   0   0  2.66 0.36
  449 L    -2  -3  -4  -4  -2  -2  -4  -4  -4   1   5  -3   1  -1  -4  -1  -2  -3  -2   0    0   0   0   0   0   1   0   0   0   4  86   0   1   0   0   6   1   0   0   1  0.80 0.21
  450 R    -3   7  -1  -3  -5   0  -1  -4  -2  -4  -4   3  -3  -4  -3  -2  -2  -4  -3  -4    0  83   1   0   0   1   1   0   0   0   0  13   0   0   0   0   0   0   0   0  1.36 0.27
  451 V    -2  -4  -4  -4  -2  -4  -4  -5  -4   5   0  -4   0  -1  -4  -3  -1  -4  -2   5    0   0   0   0   0   0   0   0   0  37   0   0   1   1   0   0   0   0   0  60  0.82 0.21
  452 K    -2   5  -2  -2  -5   0  -1  -3  -2  -4  -4   6  -3  -4  -3  -2  -2  -4  -3  -4    0  36   0   0   0   0   0   0   0   0   0  62   0   0   0   0   0   0   0   0  1.07 0.24
  453 N     2  -2   1  -2  -2   0  -1   0  -2  -3  -3  -1  -3  -4   0   5   0  -4  -3  -2   20   0   6   0   0   3   0   4   0   0   0   0   0   0   3  61   3   0   0   0  0.59 0.19
  454 R    -2   3  -2  -2  -5   0  -1  -3  -2  -4  -4   6  -3  -5  -2  -2  -2  -4  -3  -4    0  15   0   0   0   0   0   0   0   0   0  82   0   0   1   0   0   0   0   0  1.14 0.26
  455 A     4  -3  -2  -3   6  -3  -3   4  -3  -3  -3  -2  -3  -4  -3  -1  -2  -4  -3  -2   43   0   0   0  22   0   0  33   0   0   0   0   0   0   0   1   0   0   0   0  0.77 0.19
  456 M    -3  -3  -4  -5  -3  -2  -4  -5  -4   1   0  -3  10  -2  -4  -3  -3  -3  -3  -1    0   0   0   0   0   0   0   0   0   4   0   0  95   0   0   0   0   0   0   0  1.86 0.39
  457 A     4  -2  -2  -2  -2  -2  -2   2  -3  -3  -3  -2  -2  -3  -2   3  -1  -4  -1  -2   57   0   0   0   0   0   0  13   0   0   0   0   0   0   0  28   0   0   2   0  0.63 0.19
  458 I    -2  -4  -4  -4  -2  -4  -4  -5  -4   5   3  -4   1  -1  -4  -3  -2  -3  -2   3    0   0   0   0   0   0   0   0   0  47  26   0   1   0   0   0   0   0   0  25  0.67 0.17
  459 A     5  -2  -2  -3  -2  -2  -2   0  -3  -3  -3  -2  -2  -4  -2   2   0  -4  -3  -2   80   2   0   0   0   0   0   3   0   0   0   0   0   0   0  13   2   0   0   0  0.81 0.23
  460 V    -1  -2   1  -2   1   1  -2  -3  -2   1  -1  -2   0  -3  -2   2   4  -4  -3   1    1   0   7   0   3   9   0   0   0   8   2   0   2   0   0  13  48   0   0   9  0.40 0.15
  461 G     4  -3  -1  -3  -1  -2  -2   3  -3  -2  -2  -2  -1  -3  -2   1  -1  -4  -3   0   60   0   2   0   1   0   0  22   0   0   1   0   1   0   0   5   1   0   0   8  0.54 0.17
  462 A     4  -3  -2  -3   4  -2  -2  -1  -3  -3  -3  -2  -2  -1  -2   3   0  -4  -3  -2   50   0   0   0  13   0   0   2   0   0   0   0   0   3   0  29   2   0   0   0  0.58 0.18
  463 N    -3  -2   8   0  -5  -2  -2  -1  -1  -5  -5  -1  -4  -5  -4  -1  -2  -6  -4  -5    0   0  96   1   0   0   0   2   0   0   0   1   0   0   0   0   0   0   0   0  1.72 0.34
  464 W    -4  -4  -5  -6  -1   1  -4  -5  -4  -4  -2  -3  -3  -1  -6  -5  -4  12   0  -5    0   0   0   0   1   7   0   0   0   0   4   1   0   0   0   0   0  86   0   0  3.13 0.42
  465 I    -2  -3  -4  -4  -2  -3  -4  -4  -4   4   3  -3   4   1  -4  -3  -1  -3  -2   1    0   0   0   1   0   0   0   0   0  37  30   0  20   5   0   0   4   0   0   3  0.55 0.15
  466 W    -5  -5  -6  -7  -5  -4  -5  -5  -5  -5  -3  -5  -3   1  -6  -5  -5  12   0  -5    0   0   0   0   0   0   0   0   0   0   1   0   0   4   0   0   0  95   0   0  3.65 0.46
  467 G    -1  -3   2  -2  -4   0  -3   6  -3  -5  -5  -2  -4  -4  -3  -1  -2  -4  -4  -4    2   0  14   0   0   5   0  77   0   0   0   0   0   0   0   1   1   0   0   0  1.17 0.22
  468 F    -4  -5  -5  -5  -4  -5  -5  -5  -3  -2  -1  -5  -2   9  -5  -4  -4  -1   2  -3    0   0   0   0   0   0   0   0   0   0   0   0   0  99   0   0   0   0   0   0  1.92 0.34
  469 L    -2  -3  -5  -5   3  -3  -4  -5  -4   1   5  -4   1  -1  -4  -3  -2  -3  -2   0    2   0   0   0   6   0   0   0   0   1  88   0   0   0   0   0   0   0   0   1  0.89 0.22
  470 I    -3  -5  -4  -4  -3  -4  -5  -5  -5   7   1  -4   0  -2  -4  -4  -2  -4  -3   2    0   0   0   1   0   0   0   0   0  94   3   0   0   0   0   0   0   0   0   2  1.19 0.27
  471 G     2  -2  -1  -2  -2  -2  -2   4  -2  -4  -4  -2  -3  -4  -2   4  -1  -2  -3  -3   13   0   0   0   0   0   0  36   0   0   0   0   0   0   0  50   0   1   0   0  0.71 0.19
  472 F    -4  -5  -5  -5  -4  -5  -5  -5  -3  -2  -1  -5  -2   8  -5  -4  -4  -1   2  -3    0   0   0   0   0   0   0   0   0   0   1   0   0  98   0   0   0   0   1   0  1.87 0.33
  473 F    -4  -4  -5  -5   0  -5  -5  -5  -3  -2  -1  -5  -2   8  -5  -4  -2  -1   1  -2    0   0   0   0   3   0   0   0   0   0   1   0   0  93   0   0   3   0   0   0  1.66 0.31
  474 T    -1  -3  -2  -3  -2  -2  -2  -3  -3  -2  -3  -2  -2  -4  -3   1   7  -4  -3  -2    0   0   0   0   0   0   0   0   0   0   0   0   0   0   0   4  94   0   0   0  1.29 0.31
  475 P    -2  -4  -3  -3  -4  -3  -3  -4  -4  -4  -4  -3  -4  -5   8   1  -2  -5  -4  -4    0   0   0   0   0   0   0   0   0   0   0   0   0   0  88  10   1   0   0   0  2.22 0.31
  476 F    -3  -4  -5  -5  -4  -5  -5  -5  -2  -2  -1  -4  -1   8  -5  -4  -4   1   2  -2    1   1   0   0   0   0   0   0   1   0   1   0   0  93   0   0   0   1   0   0  1.67 0.31
  477 I    -3  -5  -5  -5  -3  -4  -5  -5  -5   7   0  -4   0  -2  -4  -4  -2  -4  -2   1    0   0   0   0   0   0   0   0   0  98   0   0   0   0   0   0   0   0   0   0  1.30 0.29
  478 T    -1  -3   0  -2  -2  -2  -2  -3  -2  -1  -3  -2  -2  -3  -3   1   6  -4  -3  -1    1   0   3   0   0   0   0   0   0   4   0   0   0   0   0   5  85   0   0   1  1.03 0.27
  479 S     0  -1   2   0  -3  -1  -1   4  -1  -4  -4  -1  -3  -4  -2   3   0  -4  -3  -3    2   2   9   5   0   2   1  39   1   0   0   1   0   0   0  35   3   0   0   0  0.56 0.15
  480 A     5  -2  -2  -1  -2  -2  -1  -1  -3  -3  -3  -2  -2  -4  -2   2  -1  -4  -3  -1   81   1   0   2   0   0   1   0   0   0   0   1   0   0   0  13   0   0   0   1  0.79 0.22
  481 I    -3  -5  -5  -5  -3  -4  -5  -5  -3   7   0  -4   0  -2  -4  -4  -2  -4  -3   1    0   0   0   0   0   0   0   0   1  98   1   0   0   0   0   0   0   0   0   0  1.28 0.29
  482 G    -3   0   5   1  -4   0  -1  -1   7  -5  -4  -1  -3  -3  -3  -1  -2  -4  -1  -4    0   3  41   5   0   2   0   4  41   0   0   2   0   0   0   0   0   0   0   0  1.02 0.23
  483 F    -4  -5  -5  -5  -4  -5  -5  -5  -3  -2  -1  -5  -2   8  -5  -4  -4  -1   2  -3    0   0   0   0   0   0   0   0   0   0   1   0   0  98   0   0   0   0   1   0  1.87 0.33
  484 S     1  -2  -1  -4  -2  -2  -3  -3   0  -3  -2  -2  -2   1  -4   0  -2   0   8  -2   14   1   3   0   1   0   0   0   0   0   1   2   0   0   0   9   0   0  68   0  1.07 0.26
  485 Y    -4  -4  -4  -5  -2  -3  -4  -5   0  -3  -2  -4  -3   2  -5  -4  -3   1   9  -3    0   0   0   0   1   0   0   0   0   0   2   0   0   1   0   0   0   0  95   0  2.02 0.36
  486 G    -1  -3  -1  -3  -4  -3  -4   7  -3  -5  -5  -3  -4  -5  -4  -2  -3  -4  -5  -5    0   1   1   0   0   0   0  97   0   0   0   0   0   0   0   0   0   0   0   0  1.65 0.27
  487 Y    -3  -3  -4  -5  -4  -3  -4  -5   0  -2  -2  -4  -2   5  -5  -3  -3   2   8  -3    0   0   0   0   0   0   0   0   0   0   1   0   0  25   0   0   0   1  72   0  1.59 0.29
  488 V    -2  -4  -4  -5  -1  -4  -4  -5  -5   2  -1  -4  -1  -2  -4  -3  -1  -4  -3   6    0   0   0   0   1   0   0   0   0   2   0   0   0   0   0   0   0   0   0  96  1.11 0.27
  489 F    -4  -5  -5  -5  -4  -5  -5  -5  -3  -2  -1  -5  -2   9  -5  -4  -4  -1   2  -2    0   0   0   0   0   0   0   0   0   0   0   0   0  99   0   0   0   0   0   0  1.88 0.33
  490 M    -1  -3  -3  -4  -1  -2  -3  -4  -2   0   2  -3   7   2  -3  -2   1  -2  -1   1    4   0   0   0   1   0   0   0   1   2  12   0  52  10   0   1  10   0   0   7  0.62 0.20
  491 G    -1  -3  -2  -3  -4  -3  -4   7  -3  -5  -5  -3  -4  -5  -4  -2  -3  -4  -4  -5    1   1   0   0   0   0   0  96   0   0   0   0   0   0   0   0   0   0   0   0  1.63 0.27
  492 C    -2  -5  -4  -5  11  -5  -5  -4  -5  -3  -3  -5  -3  -4  -5  -2  -3  -4  -4  -2    0   0   0   0  95   0   0   0   0   0   1   0   0   0   0   2   0   0   0   1  2.61 0.38
  493 L    -2  -3  -4  -4   1  -3  -4  -4  -4   1   5  -3   4  -1  -4  -3  -2  -3  -1   1    0   0   0   0   3   0   0   0   0   4  71   0  13   0   0   0   1   0   1   5  0.68 0.17
  494 V     0  -3  -4  -4   3  -3  -3  -3  -4   3   1  -3   0   0  -3  -2  -1  -3  -2   4    7   0   0   0   8   0   0   1   0  17  11   0   0   3   0   0   0   0   0  52  0.48 0.14
  495 F     0  -4  -4  -5  -4  -4  -4  -4  -1  -1  -1  -4  -1   8  -5  -3  -3  -1   1  -1   10   0   0   0   0   0   0   0   1   0   1   0   0  83   0   0   0   0   0   4  1.32 0.27
  496 S     3  -2  -1  -2  -1  -1  -2   0  -2  -2  -2  -2   3  -3  -2   4   0  -4  -3  -2   34   1   0   0   1   0   0   4   0   0   0   0  14   0   0  45   1   0   0   0  0.50 0.18
  497 F    -3  -3  -4  -4  -3  -3  -4  -4  -2   1   0  -4  -1   6  -4  -3  -1   6   5  -1    0   0   0   0   0   0   0   1   0  10   5   0   0  39   0   1   4  14  23   2  0.84 0.18
  498 F    -3  -4  -4  -5  -1  -4  -4  -4  -3  -1   0  -4  -1   8  -3  -4  -3  -1   1   1    0   0   0   0   2   0   0   0   0   1   7   0   0  78   1   0   0   0   0   9  1.20 0.25
  499 Y    -3  -3  -4  -5  -4  -3  -4  -3   0  -2  -2  -4  -2   5  -5  -3  -3   1   8  -3    0   0   0   0   0   0   0   1   0   0   2   0   0  26   0   0   0   0  69   0  1.51 0.28
  500 V    -1  -3  -4  -4  -1  -3  -4  -4  -4   2   0  -4   0  -2  -4  -3  -1  -4  -3   6    0   0   0   0   1   0   0   0   0   5   0   0   0   0   0   0   2   0   0  89  0.96 0.24
  501 F    -3  -4  -4  -5  -4  -4  -4  -4  -2  -1  -1  -4  -1   7  -5  -3  -3   0   5  -2    1   0   0   0   0   0   0   1   0   1   2   0   0  72   0   0   0   0  23   0  1.37 0.26
  502 F    -1  -4  -4  -5  -2  -4  -4  -4  -3  -1   0  -4  -1   8  -5  -3  -3  -1   1  -2    6   0   0   0   1   0   0   0   0   1   4   0   0  86   0   1   1   0   0   0  1.40 0.27
  503 F    -3  -4  -3  -4   3  -4  -4  -4  -2  -1   0  -4   2   7  -4  -3  -1  -1   2  -1    1   0   1   0   7   0   0   1   0   1   2   0   6  69   0   1   4   0   2   4  0.95 0.21
  504 V    -1  -4  -4  -4  -1  -3  -4  -4  -4   3   1  -3   0  -2  -4  -3  -1  -4  -2   6    0   0   0   0   0   0   0   0   0  14   7   0   0   0   0   0   0   0   0  76  0.80 0.20
  505 C    -2  -2  -2  -3   3  -2  -3  -3  -3  -3  -3  -2   0  -3   7  -1  -2  -3   2  -2    0   1   2   0   7   0   0   0   0   0   1   0   4   0  69   3   0   0  10   1  1.51 0.24
  506 E    -2  -1  -2   0  -5   0   7  -4   0  -5  -5  -1  -4  -5  -3  -2  -2  -5  -4  -4    0   0   0   0   0   0  98   0   1   0   0   0   0   0   0   0   0   0   0   0  1.50 0.31
  507 T    -2  -3  -1  -3  -3  -2  -3  -3  -3  -2  -3  -2  -1  -4  -3   0   7  -4  -3  -2    0   0   0   0   0   0   0   0   0   0   0   0   1   0   0   1  97   0   0   0  1.34 0.32
  508 K    -2   1  -1  -2  -4   0  -1  -3  -2  -2  -4   7  -2  -4  -3  -1  -1  -5  -3  -3    0   1   0   0   0   1   0   0   0   4   0  91   0   0   0   2   1   0   0   0  1.15 0.28
  509 G    -1  -4  -2   0  -4  -3  -3   7  -4  -5  -5  -3  -4  -5  -4  -2  -3  -4  -5  -5    0   0   0   4   0   0   0  95   0   0   0   0   0   0   0   0   0   0   0   0  1.61 0.26
  510 L    -3  -4  -5  -5  -3  -4  -4  -5  -4   1   6  -4   2  -1  -4  -4  -3  -3  -2   0    0   0   0   0   0   0   0   0   0   1  97   0   2   0   0   0   0   0   0   0  1.07 0.24
  511 T     0  -2  -1  -1  -2   0  -2  -2  -1  -2  -3  -2  -2  -3  -2   4   5  -4  -3  -1    1   0   0   1   0   3   0   1   1   1   0   0   0   0   0  39  51   0   0   3  0.70 0.21
  512 L    -3  -4  -5  -5  -3  -4  -4  -5  -4   0   6  -4   1  -1  -4  -4  -3  -3  -2   0    0   0   0   0   0   0   0   0   0   0 100   0   0   0   0   0   0   0   0   0  1.12 0.25
  513 E    -2  -2  -2   0  -5   0   7  -3  -2  -5  -5  -1  -4  -5  -3  -2  -2  -5  -4  -4    0   0   0   1   0   0  98   1   0   0   0   0   0   0   0   0   0   0   0   0  1.52 0.31
  514 E    -2  -2  -1   3  -5   1   6  -3  -2  -5  -5  -1  -4  -5  -3  -1  -2  -5  -4  -4    1   0   0  13   0   1  84   0   0   0   0   0   0   0   0   1   0   0   0   0  1.26 0.26
  515 V    -2  -4  -4  -5  -2  -4  -4  -5  -5   3   0  -4   0  -2  -4  -3  -1  -4  -3   6    0   0   0   0   0   0   0   0   0  13   0   0   0   0   0   0   0   0   0  86  0.99 0.24
  516 N    -3  -2   5   5  -4   1   1  -2  -1  -4  -5  -1  -4  -5  -3  -1  -1  -5  -4  -4    0   0  41  42   0   8   7   1   1   0   0   0   0   0   0   0   1   0   0   0  0.93 0.20
  517 E    -2  -2  -1   1  -4   1   5  -3  -1  -1  -1  -1  -2  -3  -2  -1   2  -4  -3   0    0   0   0   7   0   5  56   0   0   5   5   0   0   0   0   0  15   0   0   6  0.55 0.16
  518 M    -3  -3  -4  -5  -3  -2  -4  -5  -4   0   4  -3   8  -1  -4  -3  -2  -3  -3  -1    0   0   0   0   0   0   0   0   0   0  37   0  63   0   0   0   0   0   0   0  1.16 0.27
  519 Y    -4  -4  -5  -6  -4  -3  -4  -5  -1  -4  -3  -4  -3   1  -5  -4  -4  10   7  -4    0   0   0   0   0   0   0   0   0   0   0   0   0   2   0   0   0  49  50   0  2.29 0.34
  520 V     2  -1  -1   0  -3   2   3  -2  -1  -1   0  -1   1  -2  -2   0  -1  -2  -2  -1   21   1   1   1   0   9  34   0   1   2  15   1   5   0   0   6   1   0   1   1  0.25 0.10
  521 E    -1  -1  -1   2  -4   2   5  -3  -1  -4  -4   0  -3  -4  -2   1   0  -4  -3  -3    3   0   0  11   0   6  65   0   0   0   0   0   0   0   0  10   5   0   0   0  0.82 0.19
  522 G    -1  -1   1   0  -4  -2  -2   6  -2  -5  -5   0  -4  -3  -3  -1  -2  -4  -4  -4    0   2   7   5   0   0   1  76   0   0   0   6   0   1   0   1   0   0   0   0  1.05 0.19
  523 V    -1  -4  -4  -4  -2  -3  -4  -4  -4   3   0  -3   0  -2  -3  -2   1  -4  -2   5    1   0   0   0   0   0   0   0   0  19   2   0   0   0   1   0   9   0   0  69  0.70 0.19
  524 K    -1  -2  -3  -4  -3  -2  -3  -4  -3   0   4   1   1  -1   2  -2  -2  -3  -2   0    2   0   0   0   0   1   0   0   0   0  64  11   0   0  13   1   1   0   1   6  0.47 0.15
  525 P     1  -4  -3  -3  -4  -3  -3  -3  -4  -4  -4  -2  -4  -5   8  -1  -2  -5  -4  -3   15   0   0   0   0   0   0   1   0   0   0   0   0   0  82   2   0   0   0   0  2.00 0.28
  526 W    -5  -5  -6  -7  -5  -4  -5  -5  -5  -5  -3  -5  -3  -1  -6  -5  -5  13   0  -5    0   0   0   0   0   0   0   0   0   0   1   0   0   0   0   0   0  98   0   0  3.80 0.45
  527 K    -2   2   0  -2  -5   0   0  -3  -1  -4  -4   7  -3  -5  -3  -1  -2  -5  -3  -4    1   4   2   0   0   2   1   0   1   0   0  89   0   0   0   0   1   0   0   0  1.14 0.26
  528 S     0  -2  -1  -2  -2  -2  -2  -2  -2  -4  -4  -2  -3  -3  -2   6   1  -4  -3  -3    0   0   0   0   0   0   0   0   0   0   0   0   0   1   0  96   3   0   0   0  1.14 0.29
  529 G     3  -1  -1  -1  -1  -1   0   1  -1  -3  -3  -1  -2  -3   1   2   1  -4  -3  -1   42   1   2   1   0   0   6   9   1   0   0   1   0   0   5  22   8   0   0   1  0.35 0.11
  530 S     0  -1   2   1  -2   0   0   2  -1  -4  -4   0  -3  -4  -2   4   0  -4  -3  -3    4   0  12   7   0   2   4  13   0   0   0   5   0   0   0  51   1   0   0   0  0.46 0.14
  531 W    -5  -4  -6  -7  -5  -4  -5  -5  -4  -5  -4  -5  -3   1  -6  -5  -5  12   1  -5    0   1   0   0   0   0   0   0   0   0   0   0   0   3   0   0   0  94   2   0  3.61 0.44
  532 I    -1  -4  -4  -4  -2  -3  -3  -4  -4   3   0  -3   0  -2  -4  -2   0  -4  -2   5    1   0   0   0   0   0   1   0   0  12   5   1   0   0   0   0   5   0   0  75  0.72 0.19
  533 S    -2  -3  -4  -3  -5  -3  -3  -4  -3  -4  -4  -3  -4  -5   8  -1  -3  -6  -5  -3    0   1   0   0   0   0   0   0   0   0   0   0   0   0  95   2   0   0   0   1  2.46 0.33
  534 K     1  -2  -2  -2  -3  -1  -1  -2  -3  -3  -3  -1  -3  -4   7   1   0  -4  -4  -2   13   2   0   1   0   2   2   1   0   0   2   3   0   0  59  12   4   0   0   1  1.18 0.19
  535 E     1  -1   0   1  -2  -1   0  -1  -1  -3  -3  -1  -2  -4  -2   5   1  -4  -2  -3   10   2   3   7   0   0   4   1   1   0   1   1   0   0   0  63   5   0   0   0  0.54 0.17
  536 K    -2   5  -1  -1  -4   2   1  -3  -1  -4  -3   3  -2  -4  -3  -1  -1  -4  -3  -3    1  48   1   2   0  12  10   0   0   0   0  24   0   0   0   0   2   0   0   0  0.74 0.16
  537 R    -3   7  -2  -2  -5   0   1  -3  -1  -4  -3   1  -3  -3  -3  -2  -2  -4  -1  -4    0  83   0   0   0   0  11   0   0   0   0   2   0   1   0   0   0   0   2   0  1.20 0.24
  538 V     0  -2   1   2  -3  -1  -1   4  -1  -3  -3  -1  -3  -4  -2   1   2  -4  -3  -2    2   0   9  12   0   0   2  44   1   0   1   2   0   0   0   6  19   0   0   1  0.47 0.10
  539 S     4  -2  -1   1  -2   0   0   0  -2  -2  -2  -1  -2  -3  -1   1   0  -3  -2  -1   65   0   1   9   0   5   3   4   0   0   0   0   0   0   1   3   3   0   1   4  0.40 0.12
  540 E    -3  -2   0   7  -5   0   3  -3  -2  -4  -4  -1  -4  -4  -2  -1  -2  -5  -2  -4    0   0   0  76   0   3  18   0   0   0   0   0   0   0   0   0   1   0   2   1  1.12 0.17
  541 E    -1   0   0   3  -4   2   5  -2   2  -4  -3   1  -2  -4  -2   0  -1  -3  -2  -3    0   0   0  16   0   5  66   0   6   0   0   6   0   0   0   0   0   0   0   0  0.64 0.04

                      K         Lambda
Standard Ungapped    0.1400     0.3255
Standard Gapped      0.0563     0.2670
PSI Ungapped         0.1839     0.3177
PSI Gapped           0.0563     0.2670
