
Last position-specific scoring matrix computed, weighted observed percentages rounded down, information per position, and relative weight of gapless real matches to pseudocounts
            A   R   N   D   C   Q   E   G   H   I   L   K   M   F   P   S   T   W   Y   V   A   R   N   D   C   Q   E   G   H   I   L   K   M   F   P   S   T   W   Y   V
    1 M    -4  -5  -5  -6  -5  -4  -5  -6  -5  -2  -1  -5  11  -3  -6  -5  -4  -5  -4  -2    0   0   0   0   0   0   0   0   0   0   0   0 100   0   0   0   0   0   0   0  2.94 0.79
    2 P    -3  -4  -5  -4  -6  -4  -4  -5  -5  -6  -5  -4  -5  -7   9  -4  -4  -7  -6  -5    1   1   0   0   0   0   0   0   0   0   1   0   0   0  98   0   0   0   0   0  2.95 0.69
    3 T     1  -3  -2  -2  -2  -2  -1  -1  -3  -1  -2  -2  -2  -3  -1   3   3  -4  -3   2   13   0   0   0   0   0   3   3   0   2   1   0   0   0   2  31  24   0   0  19  0.41 0.24
    4 G     3  -1  -2  -2  -1  -2   0   2  -2   1   0  -1   1  -2   0  -1  -1  -3  -2   0   30   2   1   1   1   0   6  19   0  12   6   1   4   1   5   1   1   0   1   6  0.19 0.13
    5 D    -2  -3   0   6  -4  -1   4  -3  -2  -4  -4  -2  -3  -3  -3  -2  -2  -5  -3  -4    3   0   2  57   0   1  28   1   0   1   1   0   1   1   1   1   2   0   1   1  1.14 0.37
    6 F     0  -1   0   0  -2  -1   0  -1   1  -1  -1  -1  -1   2   0   0   1  -1   4  -1    6   1   5   4   0   1   8   3   3   2   5   3   2  10   4   3  14   0  22   3  0.17 0.11
    7 D    -1  -1   0   5  -4  -1   4  -2  -2  -2  -4   0  -1  -4  -2   0  -1  -4  -4  -3    3   2   3  41   0   1  28   1   0   2   1   4   2   0   1   8   2   0   0   1  0.69 0.27
    8 S     0  -2   0  -2  -2  -2   0  -2  -3   2  -1   0   0  -2  -1   3   0  -4  -3   2    3   0   5   1   0   1   5   1   0  18   3   5   2   0   2  31   3   0   0  22  0.26 0.20
    9 K    -2   0  -2  -3  -5   1  -1  -3  -3  -3  -4   7  -2  -3   0  -1  -2  -5  -4  -4    2   0   1   0   0   6   0   2   0   1   0  79   1   1   3   2   2   0   0   0  1.24 0.45
   10 P    -1  -3  -2  -3  -1  -2  -3  -2  -3  -1  -3  -2  -3  -3   6   4   1  -5  -3  -3    2   0   0   0   1   1   0   1   0   4   1   1   0   1  43  34   9   0   1   0  1.06 0.38
   11 S    -1  -3  -2  -3  -4  -3  -3  -3  -4  -5  -5  -3  -4  -5  -3   7  -1  -5  -4  -4    1   0   1   0   0   0   0   0   0   0   0   0   0   0   0  97   1   0   0   0  1.74 0.63
   12 W    -6  -3  -7  -7  -6  -5  -6  -6  -3  -6  -5  -6  -5  -3  -5  -6  -6  13  -1  -6    0   2   0   0   0   0   0   0   1   0   0   0   0   0   1   0   0  96   0   0  4.36 0.94
   13 A     7  -4  -4  -4  -3  -3  -3  -2  -4  -3  -4  -3  -3  -5  -3  -1  -1  -5  -4  -2   96   0   0   0   0   1   0   1   0   1   0   0   0   0   0   0   2   0   0   1  1.59 0.58
   14 D    -4  -3  -1   8  -6  -3   1  -3  -3  -6  -6  -3  -5  -6  -4  -2  -3  -6  -2  -6    0   1   1  87   0   0   7   1   0   0   0   0   0   0   0   1   1   0   2   0  1.93 0.57
   15 Q    -3   0  -2   0  -5   6   5  -4  -2  -4  -3  -1  -2  -5  -3  -2  -3  -4  -3  -4    1   4   0   3   0  50  37   0   0   0   2   0   1   0   0   0   0   0   0   0  1.23 0.47
   16 V    -2  -5  -5  -5  -3  -4  -4  -5  -5   1  -1  -4   1  -2  -4  -4  -2  -5  -3   7    1   0   0   0   0   0   0   0   0   3   1   0   3   1   0   0   0   0   0  88  1.44 0.50
   17 E    -2  -2  -2   1  -5  -1   7  -4  -3  -5  -5  -1  -4  -5  -2  -2  -3  -5  -4  -5    2   0   0   6   0   0  87   0   0   0   0   1   0   0   1   1   0   0   0   0  1.67 0.54
   18 E    -1  -1  -1   2  -3   2   5  -2  -1  -2  -3  -1  -2  -2  -2  -1  -2   0  -2  -2    6   1   1   9   0   9  53   2   1   2   2   1   1   2   1   2   1   1   1   2  0.64 0.24
   19 E    -1  -1   0   2  -2   0   5  -1   0  -2  -2   0  -2  -2  -1  -1  -1  -2  -2  -2    5   2   4   9   1   2  48   4   1   2   4   3   1   2   2   3   2   0   1   2  0.46 0.16
   20 G    -1  -2  -1   0  -2  -1   0   5  -2  -2  -2  -1  -1  -2  -1   0  -1  -2   0  -1    3   2   2   6   1   2   5  48   1   2   4   2   1   1   2   5   2   0   5   6  0.44 0.14
   21 E    -1  -1   1   3  -2   0   3   1  -1  -1  -2   0  -1  -2  -1  -1  -1  -2  -2  -1    4   2   5  19   1   2  26  10   1   3   4   4   1   2   2   3   3   1   1   6  0.23 0.08
   22 D    -1  -1   0   4  -2   0   2  -1  -1  -1  -2   0  -1  -2   0   0  -1  -2  -2  -2    5   3   4  33   1   3  17   4   1   3   4   3   1   2   3   3   4   1   1   3  0.31 0.09
   23 D     0  -1   0   4  -1   0   0   1  -1  -1  -1   0  -1  -1   0   0  -1  -1  -1  -1    6   3   3  28   1   4   4  14   1   3   5   4   1   2   3   4   3   1   2   7  0.17 0.05
   24 K     0   0   0   0  -1   0   1   0   0  -1  -1   2  -1   0   0   0   0  -1   0   0    5   4   3   5   1   3  10   7   2   3   7  21   1   4   5   5   4   1   2   6  0.06 0.02
   25 C     0   0   0   0   4   0   0  -1   0   0   0   0   0  -1   1   0   0  -1   0   0    6   4   3   7  14   3   8   5   2   4   8   5   2   3   6   5   5   1   3   7  0.06 0.02
   26 V     0  -1   0   0   0   0   0   0  -1   1   0   0   0   0   1   0   0  -1  -1   1    6   4   3   5   2   3   6   6   2  15  10   4   2   3   6   5   6   1   2  10  0.01 0.00
   27 T     0   0   0   0  -1   0   0   0  -1   0   0   0   0   0   0   1   2  -1   0   0    6   4   3   5   1   4   5   7   2   5   9   4   2   4   4  10  19   1   2   5  0.05 0.02
   28 S     0   0   0   0  -1   0   0   0   0  -1  -1   0  -1  -1   1   2   0  -1  -1  -1    6   4   4   6   1   3   5   6   2   4   8   5   2   3   7  21   4   1   2   5  0.07 0.02
   29 E     0   0   0   1  -1   1   2   0   0  -1  -1   0  -1  -1   1   0   0  -1  -1  -1    7   4   3   7   1   4  18   6   2   5   7   7   2   3   6   6   5   1   2   5  0.07 0.01
   30 L     0   0   0   0  -1   0   0   0   0   0   1   0   0   0   0   0   0   0   0   0    7   4   3   7   1   4   5   6   2   5  22   4   2   3   4   7   5   1   2   6  0.01 0.01
   31 L     0   0   0   0   0   0   0  -1  -1   0   1   0   0   0   0   0   0   0   0   0    6   5   3   4   2   4   6   5   2   4  23   5   2   5   4   6   5   1   2   7  0.01 0.01
   32 K     0   1   0   0  -1   0   0   0   0  -1  -1   2   0  -1   0   0   0  -1   0  -1    7   5   4   6   1   4   5   6   2   4   7  20   2   3   5   7   5   1   2   5  0.05 0.01
   33 G     0   0   0   2  -1   0   0   1   0  -1  -1   0  -1  -1   0   0   0  -1  -1  -1    6   4   3  16   1   3   5  12   2   4   7   4   2   3   5   7   5   1   2   6  0.06 0.01
   34 I     0   0   0   0  -1   0   0   0  -1   1   0   0   0   0   0   0   0   0   0   1    6   4   3   4   1   4   5   6   2  16  11   5   3   3   5   5   6   1   2   8  0.01 0.00
   35 P     0   0   0   0   0   0   0   0   0  -1  -1   0   0  -1   4   0   0  -1  -1  -1    6   4   4   5   2   4   6   5   2   4   7   4   2   3  24   6   4   1   2   5  0.22 0.02
   36 L     0   0   0   0  -1   0   0  -1  -1   0   1   0   0   0   0   0   0   0   0   0    7   4   3   4   1   4   5   5   2   4  23   6   3   3   4   6   6   1   3   7  0.01 0.01
   37 A     1   0   0   0  -1   0   0   0  -1  -1  -1   0   0  -1   2   0   1   0  -1   0   13   4   3   4   1   3   5   7   2   4   7   4   2   3  12   6  11   1   2   5  0.08 0.01
   38 T     0   0   0   0  -1   0   0   2   0  -1  -1   0  -1  -1   0   0   1  -1  -1  -1    7   6   3   4   1   4   6  16   2   4   7   5   2   3   4   8  11   1   2   5  0.05 0.01
   39 G     0   0   0   0  -1   0   0   2   0  -1  -1   0  -1  -1   0   0   0  -1  -1   0    7   5   3   4   1   4   5  22   2   4   7   5   2   3   4   6   5   1   2   7  0.07 0.01
   40 D     0   0   0   1  -1   0   0   0   0  -1  -1   0  -1  -1   2   1   0   0  -1   0    6   4   4  10   1   3   5   7   2   4   7   5   2   3   9  12   5   1   2   6  0.07 0.01
   41 T     0   0   0   0   0   0   0   0   0   0   0   0   0  -1   0   1   1   1   0   0    7   4   4   4   2   3   6   7   2   4  11   4   2   3   4  12  11   2   2   7  0.03 0.01
   42 S     0   0   0   0  -1   0   0   0   0  -1  -1   0  -1  -1   1   1   0   1   0   0    9   5   3   4   1   3   5   7   2   4   7   6   2   3   7  16   7   3   2   5  0.06 0.01
   43 P     1   0   0   0  -1   0   0   0  -1   0   0   0   0  -1   2   0   0  -1  -1   0   15   4   3   5   1   3   7   8   2   5   8   4   2   3   9   5   5   1   2   6  0.05 0.01
   44 E     0   0   0   1  -1   1   2   0   0  -1  -1   0  -1  -1   0   0   0  -1  -1  -1    8   4   3   6   1   5  22   7   2   4   8   4   2   3   4   6   5   1   2   5  0.08 0.02
   45 P     1   0   0   0  -1   0   0   0   1  -1  -1   0   0  -1   2   0   0  -1  -1   0   15   4   4   4   1   4   6   7   4   4   7   5   2   3  12   5   4   1   2   6  0.08 0.01
   46 E     0   0   0   1  -1   0   2   0   0  -1   0   0   0   0   0   0   0  -1   0   0    7   4   4   6   1   3  21   6   2   4   9   4   2   4   4   5   4   1   2   6  0.06 0.02
   47 L     0   0   0   0   1   0   0   0   0   0   1   0   0   0   0   0   0  -1  -1   0    6   4   3   4   3   3   9   6   2   5  25   5   1   3   4   5   4   1   2   5  0.02 0.01
   48 L     0  -1  -1   0  -1  -1  -1   0  -1   1   2  -1   0   0   0   0   0  -1  -1   1    5   3   2   5   1   2   4   9   1   9  29   2   1   3   3   5   6   1   2   9  0.05 0.04
   49 P    -1   0   0   2  -2   0   2   0   0  -2  -2   1  -1  -2   2   1   0  -2  -1  -1    4   3   2  17   1   3  13   6   3   2   4  11   1   2   9  10   4   1   2   5  0.16 0.06
   50 G     0  -1   0   0  -2   1   0   3  -1  -2  -1   0  -1  -2   1   0   0  -2  -1  -1    5   2   5   6   1   8   5  28   1   2   6   3   1   2   7   7   5   0   3   4  0.17 0.07
   51 A     0  -1  -1  -1  -2  -1   0   5  -1  -2  -2  -1  -1  -2  -1   0   0  -3  -2  -1    7   3   1   2   0   2   5  51   1   2   3   2   2   1   3   4   5   0   1   4  0.54 0.18
   52 P     1  -2   0   0  -2  -1   0   0  -1  -1  -2  -1  -2  -2   4   1   1  -3  -2   0   17   1   3   6   0   2   5   7   1   3   2   1   0   1  22  11   9   0   1   7  0.30 0.13
   53 L    -3  -4  -5  -5  -3  -4  -4  -3  -3   0   6  -4   0   0  -3  -4  -3  -4  -3  -1    1   0   0   0   0   0   0   2   1   4  84   0   0   2   1   0   1   0   0   2  1.17 0.43
   54 P    -3  -4  -4  -3  -5  -3  -3  -5  -5  -3  -3  -4  -5  -6   8  -3  -3  -6  -5  -5    1   1   0   1   0   1   1   0   0   1   2   0   0   0  88   0   1   0   0   0  2.51 0.65
   55 P     0  -2  -3  -3  -4  -1  -1  -3  -3  -4  -4  -3  -3  -5   7   2  -2  -5  -4  -3    6   2   0   1   0   2   3   1   1   0   1   0   1   0  62  17   1   0   0   2  1.49 0.46
   56 P    -1  -2  -2  -3  -3  -2  -3  -3  -4  -3  -3  -2  -4  -5   7   2   0  -5  -4  -3    3   2   2   1   0   1   0   2   0   1   2   1   0   0  62  15   5   0   0   1  1.47 0.46
   57 K    -2  -1  -1  -2  -3  -1   0  -1  -2  -2  -3   3  -3  -3  -3   3   3  -4  -3  -2    0   1   2   0   0   1   5   3   0   2   2  27   0   1   0  29  24   0   0   2  0.51 0.30
   58 E    -3  -2  -3  -1  -3   0   7  -4  -3  -2  -5  -2  -4  -5  -4  -3  -2  -5  -4  -2    0   1   0   1   1   3  83   0   0   3   0   0   0   0   0   0   2   0   0   3  1.57 0.56
   59 V    -2  -2  -3  -1  -2  -1  -1  -4  -2   1   0   0  -1  -2  -4  -1   1  -4   0   5    0   1   0   4   0   3   5   0   1   6   8   7   0   0   0   3  10   0   4  49  0.42 0.27
   60 I    -2  -2  -2  -4  -1  -4  -4  -4  -1   5   0  -3  -1   2  -4  -3  -2  -1   3   3    1   3   2   0   1   0   0   1   2  37   2   1   1  10   0   1   2   1  10  26  0.57 0.28
   61 N    -3  -1   4   3  -5   0   4  -3  -1  -3  -3   2  -3  -3  -2  -1  -2  -5  -4  -2    0   1  23  19   0   1  33   0   1   2   2  12   0   1   1   1   2   0   0   3  0.68 0.32
   62 G    -2  -2   5  -2  -5  -3  -2   5  -2  -6  -6   0  -5  -5  -4  -2  -3  -5  -5  -5    1   1  33   1   0   0   2  55   0   0   0   6   0   0   0   0   0   0   0   0  1.26 0.45
   63 N    -3  -3   5   3  -4  -3  -1   4  -3  -5  -5  -2  -4  -3  -3  -1  -2  -5  -4  -5    0   0  34  20   0   0   2  37   0   0   0   1   0   1   1   2   1   0   0   0  1.02 0.39
   64 I    -2  -3  -3  -4  -2  -2  -3  -4  -2   4   2  -2   0   3  -3  -2   1  -3   1   1    1   0   0   0   1   2   1   0   1  37  17   3   2  12   1   2   9   0   6   6  0.41 0.23
   65 K    -4   0  -3  -4  -6  -1  -2  -5  -4  -6  -5   8  -4  -6  -4  -2  -4  -6  -5  -5    0   1   0   0   0   1   0   0   0   0   0  97   0   0   0   1   0   0   0   0  2.10 0.69
   66 T    -3  -3  -3  -4  -3  -3  -4  -4  -1   5  -2   0  -2  -2  -3  -2   5  -4   1   1    0   1   0   0   0   0   0   0   1  36   0   6   0   0   1   0  40   0   5   8  0.76 0.39
   67 V    -3  -5  -4  -5  -3  -3  -5  -5  -3   5   1  -4   0  -2  -5  -4  -1  -5  -3   5    0   0   1   0   0   1   0   0   1  35  11   0   1   0   0   0   2   0   0  48  1.00 0.39
   68 T    -3  -4  -3  -4  -4  -4  -4  -4  -5   1  -4  -4  -2  -4  -3  -1   7  -5  -4  -1    0   0   0   0   0   0   0   0   0   8   0   0   0   0   1   2  84   0   0   4  1.61 0.61
   69 E    -3  -3  -3   2  -6   0   7  -5  -3  -6  -6  -1  -5  -6  -4  -2  -3  -6  -5  -5    1   0   0   8   0   1  86   0   0   0   0   1   0   0   0   1   1   0   0   0  1.77 0.61
   70 Y    -5  -5  -5  -6  -1  -5  -5  -6  -1  -4  -4  -5  -4   3  -6  -5  -5   1   9  -3    0   0   0   0   1   0   0   0   0   0   0   0   0   7   0   0   0   1  88   1  2.59 0.74
   71 K    -3   4  -2  -3  -5  -1  -2  -4  -3  -5  -5   6  -3  -3  -4  -1  -2  -5  -4  -4    1  23   1   0   0   1   0   0   0   0   0  67   0   1   0   4   1   0   0   1  1.36 0.51
   72 I    -3   1  -3  -3  -4  -2   2  -4   0   2   1  -2  -1   2  -3  -3  -3   0   5   0    0   7   0   0   0   0  19   0   2  12  13   1   1   8   1   0   0   1  29   5  0.50 0.27
   73 D    -4  -2   7   4  -5  -2   3  -3  -2  -5  -5  -2  -4  -5  -4  -1  -2  -6  -4  -4    0   1  53  23   0   0  17   0   0   0   1   1   0   0   0   2   1   0   0   1  1.24 0.46
   74 E    -3  -3   1   4  -6   0   6  -4  -3  -5  -5   0  -4  -5  -4  -2  -3  -5  -5  -4    0   0   7  27   0   2  56   0   0   0   0   5   0   0   0   1   0   0   0   1  1.22 0.46
   75 D    -4  -4   0   7  -6  -2   3  -4  -3  -6  -6  -3  -5  -6  -4  -3  -4  -6  -5  -5    1   0   3  78   0   1  16   1   0   0   0   0   0   0   0   0   0   0   0   0  1.82 0.57
   76 G    -2  -4   3   3  -5  -3  -1   5  -3  -5  -5  -3  -5  -5  -4  -1  -3  -5  -5  -5    0   0  17  20   0   0   3  56   0   0   0   1   0   0   0   2   0   0   0   0  1.16 0.41
   77 K    -4   4  -2  -4  -6   1  -2  -4  -2  -5  -5   7  -4  -6  -4  -3  -3  -6  -4  -5    0  20   1   0   0   4   0   0   0   0   0  75   0   0   0   0   0   0   0   0  1.62 0.57
   78 K    -4   1  -3  -4  -6  -1  -2  -4  -3  -3  -1   7  -1  -5  -4  -3  -2  -6  -4  -3    0   3   0   0   0   0   0   0   0   1   7  84   2   0   0   0   1   0   0   1  1.56 0.59
   79 F    -3  -5  -5  -5   1  -3  -3  -5  -5   2   0  -4  -1   2  -5  -3  -1  -3  -1   6    0   0   0   0   4   1   2   0   0   9   4   0   1   8   0   1   2   0   1  68  1.01 0.43
   80 K    -4   0  -3  -4  -6  -1  -2  -5  -1  -6  -6   8  -3  -6  -4  -3  -4  -6  -5  -5    0   1   0   0   0   1   0   0   1   0   0  96   0   0   0   0   0   0   0   0  2.11 0.71
   81 I    -2  -5  -5  -5  -1  -5  -5  -6  -4   6  -1  -5   1  -1  -5  -4  -1  -2  -3   5    1   0   0   0   1   0   0   0   0  48   1   0   2   2   0   0   4   0   0  40  1.12 0.43
   82 V    -2  -5  -4  -5  -3  -4  -4  -2  -5   4  -1  -4  -1  -3  -3  -2  -1  -5  -3   5    1   0   0   0   0   0   0   3   0  28   1   1   0   0   1   3   3   0   0  57  0.99 0.41
   83 R    -4   7  -3  -4  -3  -1  -3  -5  -1  -5  -5   1  -4  -3  -4   0   0   2  -4  -5    0  74   0   0   1   0   0   0   1   0   0   7   0   1   0   6   6   3   0   0  1.53 0.55
   84 T    -3  -3  -3  -2  -4  -1  -3   0   1  -4  -4  -1  -3  -4  -3  -1   7  -5   0  -2    0   0   0   2   0   3   0   6   4   0   0   3   0   0   1   2  73   0   4   1  1.22 0.53
   85 F    -4  -3  -5  -5  -5  -4  -5  -5   0  -2  -2  -4  -3   6  -5  -4  -4  -1   8  -3    0   1   0   0   0   0   0   0   1   1   3   0   0  37   0   0   0   0  53   0  1.83 0.57
   86 R    -3   5  -2  -3  -5  -1  -2  -4  -3  -5  -5   6  -4  -4  -4  -2  -3  -5  -4  -5    0  32   1   0   0   0   0   0   0   0   0  63   0   1   0   1   0   0   0   0  1.51 0.54
   87 I    -2  -4  -5  -5  -3  -5  -5  -5  -5   7   0  -5   1  -1  -5  -4  -2   2  -3   2    2   1   0   0   0   0   0   0   0  73   3   0   2   1   0   0   2   3   0  10  1.31 0.48
   88 E    -3  -3  -3  -1  -6   0   7  -4  -3  -5  -5  -1  -4  -6  -4  -1  -1  -5  -5  -4    1   0   0   1   0   3  83   1   0   0   1   2   0   0   0   3   4   0   0   1  1.62 0.60
   89 T    -2   2  -1  -3  -3   0  -2  -2  -1  -3  -4   5   0  -4  -3  -1   4  -5  -4  -1    2  11   2   0   0   2   0   2   1   1   0  39   2   0   0   1  31   0   0   4  0.71 0.38
   90 R    -3   7  -3  -4  -3   2  -2  -4   0  -2  -2   2  -1  -5  -4  -3  -2  -5  -3  -1    0  62   0   0   0   8   1   1   2   2   2  11   1   0   0   0   2   0   0   5  1.15 0.47
   91 K    -2   1  -2  -3  -3   0  -2  -2  -3   2  -2   5   0  -3  -3   0  -1  -4  -3   1    1   7   0   0   0   4   1   2   0  16   2  41   3   0   0   6   3   0   0  13  0.45 0.29
   92 A     3  -3  -4  -5  -3  -4  -4  -2  -3  -1  -1  -4  -1  -2  -3  -1   0  -5  -3   5   26   1   0   0   0   0   0   3   1   0   2   0   1   1   1   4   4   0   0  56  0.78 0.40
   93 S     0  -4  -2  -3  -4  -3  -2  -1  -2  -5  -4  -3  -4  -1   3   6  -1  -5  -4  -3    5   0   0   0   0   0   1   3   1   0   2   0   0   3  13  71   2   0   0   1  1.14 0.53
   94 K    -4   1  -3  -4  -6  -1  -2  -2  -4  -5  -5   7  -4  -2  -2  -2  -2  -6  -4  -4    0   3   0   0   0   1   0   3   0   0   0  86   0   2   1   2   1   0   0   1  1.68 0.62
   95 A     3  -3  -2  -2   0  -2  -2  -1  -3  -3  -4  -2  -3  -4  -1   4   3  -5  -4  -1   31   0   1   2   1   1   1   2   0   1   0   0   0   0   3  36  17   0   0   3  0.63 0.35
   96 V    -3  -5  -5  -5  -2  -5  -5  -3  -5   6  -1  -5  -1  -1  -5  -3  -2  -5  -3   5    0   0   0   0   1   0   0   3   0  46   1   0   1   2   0   1   2   0   0  43  1.12 0.44
   97 A     7  -4  -4  -4  -3  -1  -2  -3  -4  -3  -4  -3  -4  -1  -4  -1  -3  -1  -4  -3   89   0   0   0   0   2   3   0   0   1   0   0   0   2   0   1   0   1   0   0  1.51 0.61
   98 R    -1   5  -2  -3  -4   1   0  -3   2  -2   0   3   0  -2  -3  -1  -2  -4  -2  -1    4  37   0   0   0   4   3   1   5   1  12  19   2   1   0   2   2   0   1   4  0.50 0.27
   99 R    -5   8  -4  -5  -7  -2  -3  -4  -4  -6  -5  -1  -5  -6  -2  -4  -4  -6  -4  -6    0  95   0   0   0   0   0   1   0   0   0   0   0   0   2   0   0   0   0   0  2.37 0.75
  100 K    -4   2  -3  -4  -6   0  -2  -5  -1  -6  -5   7  -4  -5  -4  -3  -4   1  -5  -5    0   7   0   0   0   2   0   0   1   0   0  86   0   0   0   0   0   2   0   0  1.85 0.66
  101 N     0  -3   5  -2  -3  -1  -2   0  -2  -2  -1  -2  -1  -4  -3   1   4  -4  -3  -2    7   0  32   1   0   3   0   5   0   1   6   1   1   0   0  10  29   0   0   2  0.56 0.31
  102 W    -5  -6  -6  -7  -5  -5  -6  -6  -6  -5   1  -6  -4  -2  -6  -6  -5  12  -2  -5    0   0   0   0   0   0   0   0   0   0  15   0   0   1   0   0   0  81   0   0  3.60 0.90
  103 K     1   1  -1  -3  -4  -1  -1  -3  -1  -3  -3   5  -3  -4   1   0  -1  -4  -3   0   13   7   2   0   0   1   1   1   1   0   1  48   0   0   7   8   2   0   0   7  0.60 0.31
  104 K    -4  -1  -3  -4  -6  -2  -2  -4  -2  -5  -5   8  -4  -6  -4  -2  -4  -6  -5  -5    0   0   0   0   0   0   0   0   1   0   0  93   0   0   0   2   0   0   0   0  2.03 0.69
  105 F    -5  -5  -5  -6   1  -4  -5  -6  -4  -3  -3  -5  -3   9  -6  -3  -5  -2   3  -4    0   0   0   0   3   1   0   0   0   0   0   0   0  83   0   2   0   0   8   0  2.18 0.65
  106 G    -3  -5  -3  -3  -5  -4  -3   7  -5  -6  -6  -4  -5  -6  -5  -1  -4  -5  -5  -6    0   0   0   1   0   0   1  92   0   0   0   0   0   0   0   3   0   0   0   0  2.05 0.62
  107 N     0  -2   4   4  -4   1   2  -1  -2  -3  -1  -1  -2  -4  -3   0   0  -4  -4  -3   10   0  21  29   0   6  11   3   0   0   8   3   1   0   0   3   4   0   0   1  0.48 0.25
  108 S     2  -3  -2  -3   1  -3  -3  -3  -4  -4  -3  -3  -4  -5  -3   6  -1  -5  -4  -3   19   0   1   0   2   0   0   0   0   0   3   0   0   0   0  72   0   0   0   1  1.22 0.54
  109 E     2   1  -2  -1  -3   0   4  -2  -2  -3  -2   3  -3  -4  -3   1  -1  -4  -3  -2   22   8   0   1   0   2  28   1   0   0   4  19   0   0   0   8   2   0   0   3  0.43 0.26
  110 F    -2  -1   5   2  -4  -2  -1   0   0  -3  -1  -1  -1   4  -3   0  -1   1   1  -3    1   3  30  12   0   0   3   5   1   0   6   3   1  19   0   6   2   2   4   0  0.43 0.25
  111 D    -5  -5  -2   8  -6  -3   0  -2  -4  -6  -6  -4  -6  -6  -4  -3  -4  -6  -1  -6    0   0   0  90   0   0   3   2   0   0   0   0   0   0   0   0   0   0   2   0  2.23 0.71
  112 P     2   1  -2  -3  -4  -1  -2   0  -3  -4  -3   4  -3  -5   4  -1  -2  -5  -4  -4   16   8   1   0   0   2   0   8   0   0   2  37   0   0  24   2   1   0   0   0  0.74 0.36
  113 P    -1  -5  -5  -4   0  -4  -3  -5  -5  -5  -5  -2  -5  -4   8   0  -4  -6  -5  -5    5   0   0   1   2   0   1   0   0   0   0   2   0   1  81   6   0   0   0   0  2.30 0.69
  114 G    -3  -4  -3  -4  -1  -2  -5   7  -5  -6  -6  -4  -5  -6  -5  -3  -4  -5  -6  -6    0   1   0   0   1   2   0  93   0   0   0   0   0   0   0   0   0   0   0   0  2.13 0.66
  115 P    -4  -5  -5  -5  -6  -5  -3  -6  -5  -6  -6  -4  -6  -7   9  -4  -4  -7  -6  -6    0   0   0   0   0   0   2   0   0   0   0   0   0   0  96   1   0   0   0   0  3.05 0.87
  116 N    -3  -4   8   1  -3  -2  -2  -4  -3  -6  -6  -3  -2  -6  -5  -1  -3  -6  -5  -6    2   0  84   5   0   1   2   0   0   0   0   0   1   0   0   3   1   0   0   0  2.01 0.70
  117 V    -2  -2  -4  -4  -4  -4  -4  -3  -3  -2  -3  -2  -3  -5   7   1  -2  -6  -5   3    2   2   0   0   0   0   0   1   1   1   2   2   0   0  52  11   2   0   0  24  1.27 0.49
  118 A     6  -3  -3  -4  -3   2  -3  -2  -1  -2  -4  -3  -3  -5  -1   1  -1  -5  -2  -3   70   0   0   0   0   9   0   1   2   2   0   0   0   0   3   9   2   0   1   0  1.04 0.50
  119 T    -3  -4   3  -3  -4  -3  -4  -3  -4  -4  -3  -4  -4  -5  -1  -1   7  -5  -5  -3    0   0  13   0   0   0   0   2   0   0   2   0   0   0   2   1  78   0   0   0  1.58 0.65
  120 T    -3  -4  -3  -4   0  -4  -4  -5  -5  -4  -3  -4  -4  -5  -4  -2   8  -5  -5  -3    0   0   0   0   2   0   0   0   0   0   2   0   0   0   0   0  94   0   0   0  2.08 0.76
  121 T    -1  -3   0  -4  -3  -3  -3  -3  -4   4   0  -2   4  -1  -4  -2   3  -4  -3   2    3   0   6   0   0   1   0   1   0  34   4   2  11   2   0   1  21   0   0  12  0.53 0.31
  122 V     0  -3  -4  -5   0  -4  -4  -2  -5   3  -1  -4   1  -3  -3  -3  -1  -5  -3   6    6   1   1   0   2   0   0   4   0  15   3   0   2   0   1   1   2   0   0  63  0.91 0.41
  123 S     3  -3  -2  -3   2  -1  -3   1  -1  -4  -3  -3  -3  -4  -2   4   0  -5  -4  -3   30   0   1   0   5   2   0   9   1   0   2   0   0   0   1  43   4   0   0   0  0.71 0.39
  124 D    -4  -3  -2   5  -6   0   6  -4  -3  -6  -6  -2  -5  -6  -1  -3  -4  -6  -5  -5    0   0   0  28   0   2  64   0   0   0   0   0   0   0   3   0   0   0   0   0  1.55 0.59
  125 D    -4  -4  -2   7  -6  -1   4  -4  -3  -5  -6  -3  -5  -6  -4  -3  -4  -6  -5  -5    0   0   0  66   0   1  28   0   0   0   0   0   0   0   0   0   0   0   0   0  1.72 0.59
  126 V    -3  -5  -5  -5  -3  -5  -5  -5  -5   4  -1  -5  -2  -3  -5  -3  -2  -5  -4   6    1   0   0   0   0   0   0   0   0  25   2   0   0   0   0   1   1   0   0  69  1.39 0.53
  127 S    -3  -4  -1  -5  -4   0  -4  -3  -1  -1  -1  -4   0   7  -3  -1  -2  -2   4  -3    1   0   4   0   0   5   0   2   1   2   4   0   2  55   1   6   2   0  14   1  1.12 0.45
  128 M    -4  -5  -6  -7  -5  -4  -6  -6  -5  -2   0  -5  11  -3  -6  -5  -4  -5  -5  -3    1   0   0   0   0   0   0   0   0   1   5   0  91   0   0   0   0   0   0   1  2.98 0.99
  129 T    -3  -2  -1  -3  -5   7  -2  -5   1  -3  -3  -2  -3  -5  -4  -2   3  -5  -4  -3    1   1   3   0   0  62   0   0   3   2   2   0   0   0   0   1  22   0   0   2  1.42 0.65
  130 F    -5  -6  -6  -6  -5  -6  -6  -6  -4  -2  -1  -6  -3   9  -6  -4  -5  -2   2  -4    0   0   0   0   0   0   0   0   0   1   3   0   0  87   0   1   0   0   6   0  2.43 0.77
  131 I    -3  -5  -5  -5  -3  -5  -5  -6  -5   6   1  -5   2  -3  -5  -3  -1  -5  -4   3    0   0   0   0   0   0   0   0   0  55  12   0   4   0   0   1   4   0   0  22  1.10 0.46
  132 T    -1  -3   0  -3  -3  -1  -3   0   1  -4  -3  -3  -3  -4  -2   4   5  -5  -4  -3    2   0   4   0   0   2   0   7   4   0   2   0   0   0   1  34  43   0   0   0  0.87 0.47
  133 S     0  -3   5  -2  -2  -3  -3  -2  -3  -3  -4  -3  -4  -5  -3   5   0  -6  -4  -3    5   0  30   1   0   0   0   1   0   1   1   0   0   0   1  52   5   0   0   2  1.05 0.53
  134 K    -4   1  -1  -3  -6  -1  -2  -5  -2  -6  -5   7  -4  -6  -3  -3  -4  -6  -5  -5    0   5   2   1   0   2   0   0   1   0   0  86   0   0   1   1   0   0   0   0  1.84 0.71
  135 E    -4  -3  -3   2  -6  -1   7  -4  -3  -6  -6  -2  -5  -6  -4  -3  -4  -6  -5  -6    0   0   0  11   0   1  84   1   0   0   0   1   0   0   0   1   0   0   0   0  1.93 0.76
  136 D    -3  -3   1   4  -5   0   6  -4   0  -4  -4  -2  -4   0  -3  -2  -3  -5  -4  -2    1   0   5  21   0   2  56   0   2   0   1   0   0   5   1   1   1   0   0   4  1.07 0.50
  137 L     0  -2  -2   2  -4   0   4  -1  -2  -2   1  -1  -2  -3   0   0  -2  -4  -3  -1    6   0   1  14   0   3  32   5   0   1  17   1   0   0   4   9   1   0   0   4  0.35 0.26
  138 N    -2  -2   5   1  -3   4   0  -1  -1  -3  -2   1   0  -4  -1   0   0  -4  -3  -3    1   1  31   6   0  22   4   4   1   1   5   8   3   0   2   4   6   0   0   1  0.52 0.30
  139 C     0   1   1   0   3   0   0   0  -1  -1  -1   1   0  -1  -1   0   1  -2  -2  -1    9   8  10   4   8   3   4   7   1   2   8  12   4   2   1   6   9   0   1   2  0.08 0.08
  140 Q    -2  -1   0   1  -4   5   2  -2  -1  -2  -4   2  -3  -4   2   0  -1  -4  -3  -1    1   1   3   6   0  33  10   3   1   2   1  15   0   0   9   5   4   0   1   6  0.51 0.32
  141 E    -2  -2  -1   3  -4   1   3  -2  -1  -2  -2   0  -1  -4   3  -1   0  -4  -3   0    2   0   2  15   0   6  28   1   1   1   4   6   2   0  14   4   6   0   0   8  0.40 0.24
  142 E    -3   0   0   4  -5   1   5  -4   0  -4  -4  -1  -3  -5  -3   0  -1  -5  -4  -1    1   4   3  21   0   6  44   0   2   0   0   1   0   0   0   7   3   0   0   6  0.78 0.40
  143 E    -1  -2  -2   4   1   0   5  -1  -3  -3  -3  -2   0  -5  -1  -2  -3  -5  -4  -4    3   1   1  25   4   2  48   4   0   1   3   1   3   0   2   1   1   0   0   1  0.89 0.45
  144 D    -4  -4   1   7  -5  -3  -1  -1  -4  -4  -4  -2  -5  -6  -1   0  -2  -7  -5   0    0   0   5  67   0   0   1   4   0   1   2   2   0   0   3   7   2   0   0   7  1.31 0.57
  145 P     1  -1  -3  -3  -4   0  -1   0  -4  -2  -2   0   0  -4   6   0  -2  -5  -4  -1   12   3   1   0   0   4   4   6   0   2   5   6   2   0  43   5   1   0   0   6  0.78 0.36
  146 M    -3  -3  -3  -1  -3  -1  -4  -5  -4   0   5  -3   5  -1  -4  -4  -2  -3   0   0    0   1   1   4   0   2   0   0   0   3  60   1  17   1   0   0   1   0   3   3  0.86 0.41
  147 N     0   1   3   4  -4   0   1  -2  -2  -3  -2   2  -1  -4  -3   0   0  -4  -3  -3    9   8  14  26   0   2   8   1   0   0   4  13   2   0   0   7   4   0   0   1  0.39 0.23
  148 K     1   0  -1   0  -4   0  -1   1  -3  -4  -4   6  -4  -5   0  -1  -3  -5  -4  -4   10   1   1   6   0   3   1   9   0   0   0  57   0   0   5   3   0   0   0   0  0.83 0.42
  149 L    -2  -1  -4  -4  -3  -1  -3  -4   1   0   5  -2   1   1  -1  -1  -2  -3  -2  -1    2   4   0   0   0   2   1   1   4   2  60   2   3   6   4   4   1   0   0   1  0.59 0.32
  150 K    -1   1  -2  -3  -4   0  -2   1  -3  -4  -2   6  -3  -4  -2  -1  -2  -4  -4  -3    5   4   1   0   0   4   1  11   0   0   5  61   0   0   2   3   2   0   0   1  0.88 0.43
  151 G     0  -2   1   1  -3   0  -1   4   2  -4  -4  -2  -3  -4  -1   2   0  -4  -3  -3    6   1   8   8   0   3   3  37   5   0   1   1   0   0   3  18   4   0   0   1  0.52 0.27
  152 Q    -1   0  -2  -1  -5   6  -1  -3   2  -4  -3   5  -3  -5  -1  -2  -2  -4  -3  -4    4   2   1   3   0  39   0   1   5   0   2  35   0   0   3   2   2   0   0   1  0.95 0.47
  153 K    -2   0   3  -2  -3   1  -1   2  -2  -3  -3   4  -3  -4  -1   0   1  -4  -3  -1    1   3  15   1   0   7   2  18   0   1   1  30   0   0   2   5   9   0   0   4  0.42 0.26
  154 I     0  -4  -3  -4  -3  -3  -4  -4  -4   4   1  -3   3  -1  -4  -2  -1   3  -2   3    6   0   1   0   0   1   0   1   0  35  10   1   8   2   0   2   3   4   0  25  0.58 0.29
  155 V     0  -1  -4  -5   1  -1  -4  -4  -4   1  -2  -4   1   1  -4  -3  -2  -4  -1   6    9   4   0   0   3   3   0   1   0   3   1   0   2   5   0   0   0   0   1  66  0.91 0.45
  156 S    -1   1  -2  -3  -1   2  -2  -3  -3  -4  -4   6  -1  -4   0   1  -2  -4  -1  -3    5   5   0   0   2  10   0   0   0   0   1  52   1   1   3  12   1   0   3   1  0.78 0.42
  157 C    -4  -6  -5  -6  11  -5  -6  -5  -5  -4  -2  -6  -4  -5  -5  -1  -4  -5  -1  -4    0   0   0   0  83   0   0   0   0   0   5   0   0   0   0   5   0   0   3   0  2.99 0.87
  158 R    -4   8  -3  -4  -1  -2  -3  -1  -3  -5  -1  -1   0  -5  -5  -4  -4   1  -4  -5    0  79   0   0   2   0   0   4   0   0   6   0   3   0   0   0   0   2   0   0  1.70 0.65
  159 I    -2  -1   1  -3  -3  -3  -3  -4  -1   4   0  -1  -1   0  -4  -2   3  -4   0   1    1   3   8   0   0   0   0   1   1  37   6   3   1   4   0   2  24   0   3   6  0.47 0.31
  160 C    -3  -5  -5  -5  11  -5  -5  -5  -5  -4  -2  -5  -4  -1  -5  -2  -4   2  -4  -4    1   0   0   0  81   0   1   1   0   0   3   1   0   3   0   3   1   3   0   1  2.85 0.80
  161 K    -1   1   4  -2  -2   2   0  -1  -1  -4  -4   5  -3  -4   0   0  -2  -4  -3  -4    5   4  21   1   1   8   4   3   1   0   1  39   0   1   5   6   1   0   0   0  0.61 0.33
  162 G    -2  -4   0  -1   1  -1   1   6  -4  -5  -3  -3  -2  -4  -4  -2  -3   0  -4  -4    1   0   3   2   3   2   9  68   0   0   4   0   1   0   0   0   0   1   0   1  1.17 0.46
  163 D    -2  -3  -1   7  -5  -2   3  -4  -3  -4  -5  -3  -4  -1  -3  -2  -1  -5  -4  -2    3   0   1  59   0   0  22   1   0   0   1   0   0   3   0   0   5   0   0   3  1.24 0.50
  164 H    -4  -3  -3  -4  -6  -3  -3  -5  11  -6  -6  -1  -5  -5  -1  -1  -4  -5  -2  -6    0   0   0   0   0   0   0   0  84   0   0   3   0   0   3   5   0   0   0   0  2.80 0.88
  165 W    -5  -6  -6  -7  -5  -5  -6  -1  -6  -5   0  -6  -3  -3  -6  -6  -5  12  -2  -5    0   0   0   0   0   0   0   6   0   0   8   0   1   0   0   0   0  82   0   0  3.64 1.00
  166 T    -1  -4  -3  -4  -3  -3  -3  -1  -4  -2  -4  -3  -3  -4  -4   1   7  -5  -4   0    3   0   0   0   0   0   0   4   0   2   0   0   0   0   0  11  72   0   0   6  1.32 0.60
  167 T    -1  -3  -2  -3   0  -3  -3  -1  -3  -2   0  -1  -2  -2  -3   3   5  -4  -3   1    3   0   0   0   2   0   0   4   0   1   9   4   0   1   0  23  41   0   0   9  0.57 0.37
  168 R    -3   3   1  -3  -4   2  -1  -3   0  -4  -2   5   1   0  -3   0  -2  -4  -2  -4    0  18   7   0   0  12   0   1   2   0   4  38   3   4   0   8   1   0   1   0  0.62 0.35
  169 C    -4  -5  -5  -2  11  -5  -6  -1  -1  -4  -3  -5  -4  -5  -1  -3  -4  -5  -4  -2    0   0   0   3  78   0   0   4   1   0   3   0   0   0   3   1   0   0   0   3  2.67 0.81
  170 P    -4  -1  -4   0  -5  -4  -4  -5  -5  -5  -5  -4  -2  -6   8  -4  -4  -6  -5  -5    1   3   0   5   0   0   0   1   0   0   1   0   1   0  86   0   0   0   0   0  2.51 0.77
  171 Y    -4  -4  -4  -5   1  -4  -4  -5   0  -3  -3  -4  -3   4  -4  -3  -1   4   8  -3    1   0   0   1   3   0   1   1   1   0   1   1   0  16   0   2   5   6  59   1  1.64 0.58
  172 K    -3   2  -2  -3  -4   0  -2  -2  -3  -4  -4   7  -3  -4  -3  -2  -3   3  -3  -4    1   7   1   1   0   3   1   2   0   1   1  74   0   0   1   1   1   4   0   1  1.37 0.53
  173 D    -3  -3   0   7  -5  -2   0   1   2  -5  -5  -3  -4  -5  -3  -2  -2  -5  -4  -5    1   1   3  65   0   0   5  12   6   1   1   1   0   0   1   1   2   0   0   1  1.32 0.50
  174 T    -2  -1  -2  -3  -3  -1  -3  -3  -3  -3  -3   1  -2  -4  -3   2   6  -4  -3  -3    1   3   1   1   0   3   1   1   0   1   1   9   1   0   1  13  64   0   0   1  1.08 0.49
  175 L     0  -2  -1  -1  -2   0  -1  -1  -2   1   3  -2   1   0   1  -1  -1  -2  -2   1    7   1   3   2   0   5   4   5   0   4  35   2   4   3   6   4   2   0   1  10  0.14 0.11
  176 G     0  -1  -2  -1  -2   0   1   3  -2   0   1  -2   1  -1   0  -1  -1  -2   0  -1    7   2   1   2   0   3   9  26   0   4  21   1   5   1   5   1   2   0   3   4  0.16 0.12
  177 P     1  -2   0   0  -2  -1  -1   0  -2  -2  -1  -2  -1  -2   5   0  -1   3  -2  -1   11   1   4   6   0   2   2   8   1   2   4   1   2   1  31   9   2   4   1   6  0.46 0.18
  178 M    -1  -1  -2  -2  -2  -1  -2   2  -2   1   2  -1   3  -1   0  -1   0  -2  -2   0    4   3   1   2   0   2   2  17   1   7  28   2  12   1   4   5   4   0   1   5  0.16 0.13
  179 Q     0   1   0   0  -3   4   0   1   0  -3  -3   0  -2  -3   2  -1  -1   3  -2  -2    5   6   3   4   0  28   5  13   2   1   2   5   1   1   9   3   2   4   1   3  0.33 0.19
  180 K    -1   0  -1   0  -3   0   2   0  -1  -2  -2   4  -2  -2  -2   1   0  -2   0  -1    4   2   2   4   0   3  12   7   1   2   4  35   1   1   1  11   4   0   3   4  0.28 0.18
  181 E     0  -1   0  -1  -2   2   2  -2   2   0   0   1   0  -2  -1   0   0  -2   0   0    7   2   4   1   0  10  17   2   5   5   8   8   2   1   3   9   3   0   3  10  0.10 0.09
  182 L     0  -2  -1  -3   1  -2  -2  -2  -2   0   3  -1   3  -1   2  -2  -1  -2  -2   0    8   1   4   1   3   1   2   2   0   2  42   3   8   1  12   2   2   0   1   4  0.32 0.19
  183 A     1   0   0   3  -2   0   1   0  -2  -1  -2   0   0  -1   0   0  -1  -2  -2  -1   18   4   3  20   0   2  10   8   1   3   4   7   3   4   5   3   3   0   1   2  0.16 0.11
  184 E    -1  -1  -1   3  -3   1   4  -1  -1  -2  -2   1  -2  -1   1  -1  -1  -3  -2  -2    5   1   2  16   0   5  33   5   1   2   2   7   1   4   6   3   3   0   1   3  0.37 0.18
  185 Q     0   0  -1   0  -3   3   1   0   0  -3  -2   3  -2  -3  -1   1  -1  -3  -2  -2    9   1   2   5   0  14   8   6   3   1   2  28   1   1   2  11   3   0   1   3  0.29 0.17
  186 L     0   0   0  -1  -2   0   0  -1   1  -1   1   3   0  -2   2   0   0  -2  -2  -1    7   2   4   4   1   2   5   3   4   2  18  23   2   1  11   4   4   0   1   3  0.15 0.11
  187 G     1  -1   0   0  -2  -1  -1   3  -2  -1  -2   0  -2  -1   2   0  -1   2  -2  -1   13   3   4   5   0   1   3  23   1   3   3   6   1   4  11   8   3   3   1   5  0.19 0.10
  188 L     1  -1  -1  -1  -2  -1   0   0   1   0   2   0   0  -1   1   0  -1  -2  -1   0   15   1   2   3   0   2   6   5   5   3  28   7   2   1   7   5   2   0   2   4  0.08 0.09
  189 S     1  -1   0   1   1  -1   1   0  -2  -1  -2   0  -1  -2   0   2   1  -3  -2  -1   16   1   2   6   3   1  11   8   0   2   3   5   1   1   3  20  10   0   1   3  0.16 0.12
  190 T     1  -2   0  -1  -2  -1   0   1  -2  -2  -2  -1  -1  -2   1   0   3   3  -1  -1   15   1   3   3   0   1   4  12   0   2   2   4   1   1   6   6  29   4   1   4  0.26 0.18
  191 G     2  -2  -1   0  -1  -2  -1   4  -3  -2  -2  -1  -2  -3   1  -1   0  -3  -3  -2   20   1   2   6   1   1   3  36   0   2   4   3   1   1   6   3   7   0   0   3  0.39 0.20
  192 E     1   1  -1   1  -3   0   3   1  -2  -3  -2   1   0  -3   1   0  -1  -3  -3  -1   10   7   2   6   0   3  26  12   0   0   3   9   3   0   6   3   4   0   0   5  0.23 0.16
  193 K     1   0  -1  -1  -3   1   1   0  -2  -2  -3   3  -1  -3   2   0   0  -3  -3  -1   14   3   2   3   0   5   9   5   0   1   1  25   2   0  11   6   7   0   0   4  0.27 0.18
  194 E     1   0  -1   1  -3  -1   3   0  -2  -3  -3   0  -2  -4   4   0  -1  -4  -3  -2   14   3   2   7   0   1  25   6   0   1   1   5   1   0  20   5   4   0   0   3  0.42 0.23
  195 K     2   0  -1  -1   1  -1   0   1  -2  -3  -3   4  -2  -4   1   1  -1  -4  -3  -2   18   3   1   3   3   1   4   9   0   1   1  33   1   0   6   9   3   0   0   2  0.33 0.23
  196 L     2  -2  -1  -1  -2  -1  -1   0  -2  -1   1   0  -1  -2   2   0   1  -3  -2   0   27   1   3   3   0   2   3   6   0   2  15   8   1   0  10   3   8   0   0   7  0.16 0.14
  197 P     1   0  -1  -2  -3  -1   0   0  -2  -2  -3  -1  -1  -3   5   0   1  -3  -3  -1   14   5   3   1   0   2   7   8   0   2   2   2   1   1  32   7   8   0   0   3  0.50 0.23
  198 G     2  -1   0  -1  -2  -1   1   2  -2  -2  -2  -1  -1  -3   2   1   1  -3  -3   0   20   2   4   2   0   2  11  17   0   2   2   3   2   1   9   8   8   0   0   6  0.20 0.14
  199 E     2  -2  -1  -1  -3   1   3   2  -2  -2  -3  -1  -1  -3   2   0   0  -3  -3  -1   18   1   1   2   0   6  26  15   0   2   2   2   1   1  10   6   4   0   0   3  0.32 0.20
  200 L     1   0  -1  -2  -2  -1   0   0  -2  -1  -1  -1   0  -2   4   1   0  -3  -2  -1   16   6   1   1   0   2   8   9   1   2   7   3   3   1  19  10   5   0   0   5  0.23 0.13
  201 E     2   0   0   0  -2   0   3   1  -2  -2  -2   0  -2  -3   0   1   0  -3  -2  -2   17   4   3   4   0   3  23  12   0   1   2   6   1   1   3  10   5   0   1   2  0.23 0.15
  202 P     1  -2   0  -1  -3   0  -1   0  -2  -2  -2   1  -1  -3   5   0  -1  -3  -3  -2   15   1   4   3   0   4   2   7   0   1   3   8   1   1  36   5   4   0   1   2  0.60 0.24
  203 V     2  -1  -1  -1  -2   0   0   0  -2  -1   0  -1   0  -2   1   0   0  -2  -2   2   24   1   2   3   0   5   6   8   0   1   8   4   2   1   6   6   4   0   1  18  0.12 0.11
  204 Q     2  -1  -1   1  -2   2   1   1  -2  -1  -2   0  -1  -3   1   0  -1  -3  -2  -1   18   2   2   7   0  14  11  13   0   3   3   6   1   1   5   6   2   0   1   6  0.17 0.12
  205 A     3  -1  -1   0  -1  -1   1   0  -1  -1  -2   0   0  -3   2   1   0  -3  -2  -1   31   3   1   4   1   2   8   6   1   2   3   7   3   1   9   8   5   0   1   5  0.19 0.14
  206 T     1  -1   0   1  -3   2   1   1   1  -3  -2   1  -2  -3   0   1   0  -3  -2  -2   14   1   4   7   0  12   9  11   4   1   3  11   0   1   3  11   6   0   0   1  0.19 0.14
  207 Q     1   1  -1   0  -2   1  -1   0  -1  -2  -1   2  -1  -2   0   1   0  -1  -2   0   11   6   1   5   0   8   1   9   1   1   6  19   0   2   5   9   4   1   0  10  0.11 0.11
  208 N     1   0   1  -1  -3   0  -1   1  -1  -2  -3   1  -2  -2   2   2   1  -3  -3  -1   12   5   8   1   0   2   2  10   1   1   1   9   1   2  10  23   8   0   0   5  0.23 0.17
  209 K     0   0  -1  -2  -3   1  -1   0  -1  -3  -3   4  -3  -3   1   1   1  -4  -3  -3    8   2   1   0   0   7   2   6   1   1   2  37   0   1   8   9  11   0   0   1  0.42 0.28
  210 T    -1  -3  -1  -3  -3  -1  -2   3  -3  -3  -3  -2  -3  -2   4   1   4  -4  -4  -1    4   1   1   0   0   2   2  21   0   1   2   2   0   2  19  11  30   0   0   3  0.57 0.33
  211 G    -1  -1   2  -1  -4  -3  -3   5  -3  -5  -4  -3  -4  -3  -2   1  -1   0  -4  -4    3   4   9   3   0   0   1  56   0   0   2   0   0   1   1  13   4   1   0   1  0.89 0.40
  212 K    -3   1  -3  -4  -6  -2  -2  -3  -4  -6  -4   7  -4  -4   0  -1  -4  -3  -5  -5    1   4   0   0   0   0   1   1   0   0   1  82   0   1   4   3   0   0   0   0  1.68 0.70
  213 Y    -5  -5  -6  -7  -6  -5  -5  -5   2  -5  -5  -5  -5   0  -5  -5  -2   1   9  -5    0   0   0   0   0   0   1   1   4   0   0   0   0   1   1   0   3   1  87   0  2.72 0.93
  214 V    -3  -5  -5  -5  -4  -5  -5  -6  -6   3   0  -5  -1   0  -3  -4  -3  -5  -4   6    1   0   0   1   0   0   0   0   0  17   7   0   1   4   1   0   0   0   0  69  1.28 0.54
  215 P     1  -5  -5  -5  -3  -4  -4  -5  -3  -4  -3  -4  -5  -4   8  -2  -4  -7  -6  -4   11   0   0   0   1   0   0   0   1   1   3   0   0   1  79   2   0   0   0   1  2.25 0.77
  216 P    -4  -5  -5  -5  -6  -3  -4  -3  -5  -6  -5  -4  -5  -6   8  -3  -4  -6  -6  -4    0   0   0   0   0   1   0   2   0   0   1   0   0   0  90   2   0   0   0   1  2.75 0.86
  217 S    -1  -3   1  -3  -1  -3  -2   1   0  -4  -4  -3  -3   2  -2   5  -1  -4   0  -3    3   0   8   0   1   0   1  10   2   1   1   0   0   9   2  56   2   0   3   1  0.72 0.43
  218 L    -2  -1  -4  -5  -2  -3  -3  -5  -4  -1   4  -3   7   0  -3  -3  -3  -4  -3  -1    4   3   0   0   1   0   1   0   0   1  46   1  32   3   1   1   1   0   0   3  0.96 0.46
  219 R    -4   7  -2  -4   1  -1  -3  -4  -3  -5  -4   2  -4  -5  -2  -3  -3   1  -4  -5    0  75   1   0   3   1   0   1   0   0   1   9   0   0   3   0   1   2   0   0  1.65 0.64
  220 D    -1  -2  -1   6  -5  -1   4  -1  -3  -5  -4  -2  -4  -2  -2  -1  -2  -1  -4  -4    4   1   1  47   0   1  27   4   0   0   1   1   0   2   2   4   2   1   0   0  0.96 0.43
  221 G    -2  -3  -3  -3  -2  -4  -3   7  -2  -5  -5  -4   0  -3  -3   0  -3  -5  -5  -5    2   1   0   1   1   0   2  77   1   0   1   0   2   1   1   8   1   0   0   0  1.49 0.55
  222 A     4  -2  -1  -3  -1   0  -1   4  -1  -4  -3  -3  -3  -3  -2  -1  -2  -4  -4  -2   42   2   2   1   1   5   3  32   1   0   2   0   0   1   1   3   2   0   0   1  0.67 0.37
  223 S     0  -1   4  -1  -2  -1  -2   1  -2  -3  -3   0  -2  -2  -1   3   1  -4  -3  -1    8   3  25   1   1   1   1  12   0   1   2   6   1   1   3  25   6   0   0   4  0.38 0.26
  224 R    -1   5  -2  -3  -3  -1  -2   0   0  -3  -3   4  -2  -4  -2  -1  -1  -1  -3  -3    5  33   0   1   1   1   1   8   3   1   1  34   1   0   2   2   3   1   0   2  0.72 0.37
  225 R    -2   7  -2  -3   0  -2  -2   1  -1  -3  -3   1  -2  -4  -1  -2  -2  -4  -4  -2    3  59   1   0   2   0   1   9   1   2   1   7   1   0   3   3   2   0   0   4  0.97 0.45
  226 G    -2  -3  -2  -2  -4  -3  -3   6  -4  -3  -3  -3  -3  -4  -1  -2   0   0  -4  -3    2   1   1   2   0   0   1  73   0   2   2   1   1   0   3   2   5   1   0   2  1.27 0.49
  227 E    -1  -2  -1   4  -4  -1   5   0  -2  -3  -4  -1  -1  -4  -1   0  -1  -4  -4  -3    4   2   1  21   0   0  43   8   0   1   1   3   2   0   3   6   4   0   0   2  0.67 0.36
  228 S    -1  -1   0  -1  -2   0  -2   2   1  -4  -4  -2  -2  -3  -2   5   1  -4  -3  -2    2   3   3   2   1   3   1  13   3   0   1   1   1   1   2  52   9   0   0   2  0.65 0.39
  229 M    -3   0  -4  -3  -4  -3  -1  -1  -4  -1   0  -1   9  -3   0  -1  -2  -1  -4  -2    2   5   0   1   0   0   3   5   0   2   6   3  59   0   4   4   2   1   0   1  1.28 0.58
  230 Q    -1  -1   1  -1  -3   4  -1   0   0  -2  -2  -1   1  -3   3   1   0  -3  -2  -2    5   2   8   2   0  27   1   8   2   1   4   2   5   1  13   9   5   0   1   2  0.33 0.24
  231 P    -1  -1   1  -1  -3   0  -2   0  -1  -2  -2  -1   3  -3   5   1   0   0  -3  -2    2   2   7   3   0   4   1   6   1   1   3   2  11   1  34  13   4   2   0   2  0.60 0.30
  232 N     0   0   4  -1  -3   2  -1   2   1  -3  -2   0  -1  -3   1   1   0   0  -3  -2    6   6  23   2   0  10   1  14   3   1   4   3   2   1   6  13   3   1   0   1  0.28 0.20
  233 R    -1   7  -1  -3  -4  -1  -3  -1  -1  -4  -4   1  -2  -5  -2  -2  -2  -5  -4  -3    6  68   2   1   0   2   0   5   1   1   0   5   1   0   2   2   1   0   0   2  1.28 0.56
  234 R    -1   6   1  -2  -4   1   0   1   0  -4  -4   0  -3  -4  -1  -1  -1   0  -3  -4    6  51   6   1   0   4   5   9   2   0   1   2   0   0   4   3   3   2   0   0  0.78 0.40
  235 A     3   5  -1  -1  -3  -1  -1   0  -2  -3  -3   1  -3  -3  -2  -1  -2  -3  -3  -2   30  38   2   4   0   1   2   5   1   1   2   7   0   1   1   2   1   0   1   2  0.61 0.31
  236 D    -5  -1  -2   8  -7  -4   0  -3  -4  -6  -6  -4  -3  -7  -5  -4  -4  -7  -4  -6    0   4   0  89   0   0   3   1   0   0   1   0   1   0   0   0   0   0   0   0  2.25 0.82
  237 D    -4  -4  -1   7  -6  -2   4  -4  -4  -5  -6  -3  -4  -6  -4  -2  -4  -7  -6  -6    0   0   2  70   0   1  23   0   0   1   0   0   0   0   1   2   0   0   0   0  1.80 0.70
  238 N     1  -2   4  -1  -3   1  -1  -1  -2  -2  -2  -2  -2  -2  -2   1   3  -4   0  -1   12   1  28   2   0   6   4   4   0   2   2   0   0   1   1   8  21   0   4   5  0.39 0.28
  239 A     5  -4  -1  -3   0  -3  -2  -3  -4  -2  -2  -3  -3  -3  -1   1   2  -2  -2  -3   59   0   3   0   2   0   2   0   0   2   3   0   0   1   2   8  14   1   1   0  0.76 0.43
  240 T     4  -4  -3  -4  -4  -4  -4  -4  -5  -4  -2  -4  -3  -5  -4  -2   6  -5  -4  -3   40   0   1   0   0   0   0   0   0   0   4   0   0   0   0   0  55   0   0   0  1.29 0.60
  241 I    -2  -6  -6  -6  -4  -6  -6  -6  -6   8  -1  -6  -2  -3  -3  -5  -3  -6  -4   2    2   0   0   0   0   0   0   0   0  84   1   0   0   0   1   0   1   0   0   9  1.81 0.65
  242 R    -5   8  -4  -5  -5  -1  -2  -6   1  -6  -6  -1  -5  -6  -5  -4  -5  -6  -5  -6    0  92   0   0   0   2   2   0   3   0   0   0   0   0   0   0   0   0   0   0  2.37 0.81
  243 V    -3  -5  -6  -6  -4  -2  -5  -6  -6   5  -1  -5  -1  -3  -3  -4  -3  -5  -4   6    1   0   0   0   0   2   0   0   0  34   2   0   1   0   2   0   0   0   0  58  1.33 0.54
  244 T    -1  -4  -3  -4  -4  -3  -3  -3  -4  -4  -3  -3  -4  -5  -4   5   6  -5  -5  -3    4   0   0   0   0   0   0   1   0   0   2   0   0   0   0  39  53   0   0   0  1.32 0.61
  245 N    -5  -4   9  -2  -6  -3  -4  -2  -2  -6  -6  -3  -5  -6  -5  -3  -3  -6  -2  -6    0   0  92   0   0   0   0   3   0   0   0   0   0   0   0   0   1   0   1   0  2.44 0.81
  246 L    -4  -5  -6  -6  -4  -5  -5  -6  -5  -1   6  -5  -1  -2  -5  -5  -4  -4  -4  -2    0   0   0   0   0   0   0   0   0   1  95   0   0   0   0   0   0   0   0   1  1.74 0.63
  247 S    -2  -4  -3  -3  -4  -3  -3  -3  -4  -5  -5  -3  -5  -5   0   7  -2  -6  -5  -5    0   0   0   0   0   0   0   0   0   0   0   0   0   0   5  92   0   0   0   0  1.87 0.75
  248 E    -3  -3   1   1  -6  -1   7  -4  -3  -6  -5  -2  -4  -6  -4  -2  -2  -5  -5  -4    1   0   7   5   0   1  79   1   0   0   0   0   0   0   0   1   3   0   0   1  1.63 0.64
  249 D    -1  -3   2   5  -4  -2   1  -2  -3  -5  -5  -3  -4   1  -2   3  -2  -5  -4  -4    3   0   7  42   0   0   6   3   0   0   0   0   0   7   2  30   0   0   0   0  0.89 0.43
  250 T     1  -4  -3  -4  -2  -3  -2  -4  -4  -1  -3  -4   3  -4  -4  -2   7  -5  -4   0    9   0   0   0   0   0   2   0   0   4   0   0   9   0   0   0  68   0   0   5  1.27 0.58
  251 R    -3   5  -2  -4   1   1  -2  -4  -3  -2  -3   1  -1  -4  -4  -2   3  -5  -4   0    0  43   1   0   3   7   1   0   0   2   2   6   1   1   0   1  24   0   0   8  0.79 0.41
  252 E    -4  -4  -3   3  -7  -2   7  -5  -3  -6  -6  -3  -5  -6  -2  -3  -4  -6  -5  -6    0   0   0  16   0   0  81   0   0   0   0   0   0   0   1   0   0   0   0   0  1.93 0.73
  253 T     3  -2  -1  -2  -3   1  -1  -2  -3  -3  -3  -1  -1  -2  -1   3   4  -4  -3  -2   23   1   1   1   0   6   2   1   0   1   0   2   1   1   2  20  32   0   1   2  0.52 0.34
  254 D    -5  -5  -2   8  -7  -4  -1  -5  -5  -6  -4  -4  -6  -7  -3  -4  -4  -7  -6  -6    0   0   0  94   0   0   1   0   0   0   2   0   0   0   1   0   0   0   0   0  2.47 0.81
  255 L    -4  -5  -6  -6  -4  -5  -6  -6  -6   1   6  -5  -1  -3  -1  -5  -4  -5  -4  -1    0   0   0   0   0   0   0   0   0   5  89   0   0   0   3   0   0   0   0   1  1.59 0.61
  256 Q    -3  -2  -3   1  -6   7   5  -2  -3  -6  -5  -1  -3  -6  -4  -2  -3  -5  -5  -5    1   1   0   7   0  50  33   2   0   0   0   2   1   0   0   1   1   0   0   0  1.37 0.60
  257 E    -2  -3  -3   4  -6  -1   7  -5  -3  -6  -6  -2  -5  -6  -2  -3  -3  -6  -5  -5    3   0   0  24   0   1  68   0   0   0   0   0   0   0   2   1   0   0   0   0  1.60 0.62
  258 L    -4  -2  -6  -6  -4  -5  -6  -6  -6  -1   6  -5  -1  -3  -6  -5  -4  -5  -4  -1    0   3   0   0   0   0   0   0   0   0  94   0   0   0   0   0   0   0   0   2  1.70 0.63
  259 F    -4  -5  -6  -6  -2  -5  -6  -6  -5   0  -2  -5  -2   7  -2  -4  -4  -3  -1   4    1   0   0   0   1   0   0   0   0   3   0   0   0  55   2   1   0   0   0  37  1.53 0.58
  260 R    -3   6  -3  -4  -6  -1  -2  -3  -2  -5  -4   5  -4  -1  -4  -2  -2   0  -3  -5    1  43   0   0   0   1   0   1   1   0   1  43   0   3   0   2   2   1   1   0  1.27 0.53
  261 P    -2  -2  -2  -4  -6  -2  -4  -1  -4  -6  -6   1  -5  -4   8  -2  -3  -7  -4  -6    2   2   2   0   0   2   0   6   0   0   0   8   0   1  73   2   1   0   0   0  1.98 0.67
  262 F    -3  -6  -7  -7  -6  -7  -7  -7  -5   1  -3  -7  -3   9  -7  -4  -5  -3  -1  -4    2   0   0   0   0   0   0   0   0   8   0   0   0  88   0   1   0   0   0   0  2.51 0.79
  263 G    -3  -6  -4  -5  -6  -5  -5   7  -5  -7  -7  -5  -6  -6  -5  -1  -2  -6  -6  -5    0   0   0   0   0   0   0  93   0   0   0   0   0   0   0   5   2   0   0   0  2.20 0.71
  264 S    -1   0  -1  -2   0   1  -2  -3  -2  -4  -5  -2  -4  -3   6   4  -1  -5  -3  -4    5   6   2   2   2   6   2   0   1   0   0   1   0   1  38  31   3   0   0   0  0.95 0.44
  265 I    -4  -5  -5  -6  -4  -4  -5  -6   3   7   0  -5  -2  -3   0  -4  -3  -5   0   3    0   0   0   0   0   0   0   0   8  64   4   0   0   0   5   0   1   0   3  15  1.22 0.50
  266 S     0  -3  -1  -3  -4   4  -2  -3   3  -4  -2  -2  -3  -4  -1   5   1  -5  -4  -2    6   0   2   0   0  21   0   0   7   0   5   0   0   0   2  45   8   0   0   3  0.73 0.42
  267 R    -4   6  -3  -4  -2  -2  -3  -5  -2  -5  -3   5  -4  -6  -1  -2  -4  -6  -4  -5    0  51   0   0   1   0   0   0   0   0   2  39   0   0   3   3   0   0   0   0  1.43 0.56
  268 I    -2  -5  -5  -5  -4  -2  -5  -6  -5   6   3  -5   3  -1  -1  -4  -2  -4  -3   1    2   0   0   0   0   2   0   0   0  55  22   0   9   1   3   0   1   0   0   4  1.02 0.42
  269 Y    -5  -5  -6  -7  -6  -5  -6  -7  -1  -4  -4  -6  -4   5  -2  -5  -5  -1   9  -5    0   0   0   0   0   0   0   0   1   0   0   0   0  26   3   0   0   0  71   0  2.42 0.77
  270 L    -4  -5  -6  -6  -4  -5  -5  -6  -5  -1   6  -5  -1  -2  -5  -5  -2  -4  -4  -2    0   0   0   0   0   0   0   0   0   0  94   0   0   0   0   0   3   0   0   0  1.70 0.61
  271 A     6  -4  -4  -4   1  -4  -4  -2  -4  -4  -4  -4  -4  -3  -1  -1  -2  -5  -4  -3   86   0   0   0   3   0   0   2   0   0   0   0   0   1   3   2   1   0   0   0  1.48 0.58
  272 K    -1   3  -3  -3  -5  -1  -2  -4  -3  -5  -5   7  -1  -5  -2  -3  -3  -5  -4  -5    4  12   0   0   0   1   0   0   0   0   0  77   2   0   1   0   0   0   0   0  1.54 0.56
  273 D    -4  -4  -2   7  -3  -3   3  -4  -4  -5  -6  -3  -5  -6  -4  -1  -4  -6  -5  -4    0   0   0  74   1   0  17   0   0   0   0   0   0   0   0   3   0   0   0   1  1.75 0.58
  274 K    -3   1  -3  -3  -5  -1  -2  -4  -3  -5  -4   7  -4  -5  -1  -3  -3  -5  -4  -5    1   4   1   0   0   1   0   0   0   0   2  85   0   0   3   1   0   0   0   0  1.73 0.60
  275 T    -1  -2   4  -2  -3   2  -2  -3   1   0  -1  -2  -1  -1  -2   1   3  -3  -1   0    5   0  22   0   0  10   1   0   3   6   5   0   1   2   2  11  21   0   2   7  0.30 0.22
  276 T    -3  -4  -2  -4  -4  -3  -4  -4  -4  -4  -3  -3  -3  -5  -4   0   7  -5  -4  -3    1   0   1   0   0   0   0   1   0   0   2   0   0   0   0   4  88   0   0   0  1.84 0.65
  277 G    -2  -4   2  -2   1   0  -3   6  -2  -5  -5  -3  -2  -5  -3  -2  -3  -4  -4  -5    1   0  12   2   3   5   0  68   1   0   1   1   1   0   1   2   0   0   0   0  1.28 0.44
  278 Q     0  -1  -1  -2  -3   6  -1  -4   2  -2   2  -1   0  -3  -2  -1  -2  -4  -2  -2    7   2   2   1   1  45   1   1   4   1  20   1   2   1   1   4   1   0   1   3  0.66 0.37
  279 S    -1  -5  -4  -4   9  -4  -4  -4  -5  -5  -5  -4  -5  -5   1   5  -3  -6  -5  -4    3   0   0   0  42   0   0   0   0   0   0   0   0   0   8  46   0   0   0   0  1.76 0.63
  280 K    -4   0  -3  -4  -7   2  -2  -5  -4  -6  -6   8  -5  -7  -4  -3  -4  -6  -5  -6    0   1   0   0   0   9   0   0   0   0   0  89   0   0   0   1   0   0   0   0  2.06 0.73
  281 G    -3  -6  -4  -5  -6  -5  -4   7  -5  -7  -7  -5  -6  -7  -6  -4  -5  -6  -6  -5    0   0   0   0   0   0   1  98   0   0   0   0   0   0   0   0   0   0   0   1  2.40 0.70
  282 F    -6  -6  -7  -7  -6  -7  -7  -5  -5  -4  -2  -7  -3   9  -7  -5  -6  -2   2  -4    0   0   0   0   0   0   0   1   0   0   1   0   0  94   0   1   0   0   4   0  2.72 0.78
  283 A     7  -5  -5  -5  -4  -4  -4  -1  -5  -5  -5  -4  -4  -6  -4  -2  -3  -6  -5  -3   96   0   0   0   0   0   0   4   0   0   0   0   0   0   0   0   0   0   0   0  1.90 0.69
  284 F    -5  -6  -6  -7  -6  -6  -6  -6  -3  -4  -3  -6  -4   8  -7  -2  -5  -2   7  -4    0   0   0   0   0   0   0   0   0   0   0   0   0  58   0   3   0   0  39   0  2.20 0.68
  285 I    -4  -6  -6  -6  -4  -5  -6  -6  -6   7  -1  -5  -2  -3  -3  -3  -3  -5  -4   4    0   0   0   0   0   0   0   0   0  61   2   0   0   0   1   2   0   0   0  34  1.45 0.50
  286 S    -3  -3   4  -3  -5  -1  -3  -4   8  -6  -6  -3  -4  -2  -4   4  -1  -6  -3  -5    0   0  18   0   0   2   0   0  39   0   0   0   0   1   0  37   2   0   0   0  1.44 0.54
  287 F    -6  -6  -6  -7  -6  -6  -6  -7  -4  -4  -3  -6  -3   9  -7  -4  -5  -2   4  -4    0   0   0   0   0   0   0   0   0   0   0   0   0  87   0   1   0   0  12   0  2.56 0.71
  288 H    -4   1  -2  -3  -6  -1  -1  -5   8  -4  -4   5  -3  -3  -2  -3  -4  -5   0  -2    0   5   1   1   0   1   2   0  43   1   1  36   0   1   1   0   0   0   3   3  1.36 0.50
  289 R    -3   6   1  -4  -1   0  -2  -4   2  -4  -3   0  -1   4  -4   0  -2  -3   1  -4    0  44   6   0   2   3   1   1   4   0   1   3   1  21   0   8   1   0   5   0  0.81 0.36
  290 R    -4   8  -3  -5  -6  -1  -3  -5   0  -4  -5   3  -4  -6  -5  -4  -4  -6  -5  -3    1  79   0   0   0   2   0   0   2   1   0  14   0   0   0   0   0   0   0   2  1.91 0.62
  291 E     1  -1   0   1  -4   1   6  -3  -3  -4  -5   0  -3  -5  -1   0  -2  -5  -4  -4   11   2   5   4   0   6  55   0   0   0   0   5   1   0   2   7   1   0   0   0  0.87 0.39
  292 D    -2  -5  -2   8  -7  -3   1  -4  -3  -6  -7  -4  -6  -7  -5  -1  -4  -7  -6  -6    3   0   0  87   0   0   7   0   1   0   0   0   0   0   0   3   0   0   0   0  2.15 0.66
  293 A     7  -5  -5  -5  -4  -4  -4  -2   0  -5  -5  -4  -4  -6  -4  -2  -3  -6  -5  -3   97   0   0   0   0   0   0   1   2   0   0   0   0   0   0   0   0   0   0   0  1.91 0.67
  294 A     7  -2  -4  -4  -3  -2  -1  -3  -4  -4  -4  -3  -4  -5  -4  -1  -2  -6  -5  -2   88   2   0   0   0   1   3   0   0   0   1   0   0   0   0   2   2   0   0   1  1.52 0.58
  295 R     0   6   0  -3  -1  -1   0  -4  -2  -5  -4   4  -4  -5  -4  -1  -1  -5  -4  -4    6  47   4   1   2   1   4   0   0   0   0  28   0   0   0   4   3   0   0   0  1.00 0.40
  296 A     7  -5  -5  -5  -4  -4  -4  -3  -5  -4  -3  -4  -4  -5  -4  -2  -3  -6  -5  -2   96   0   0   0   0   0   0   0   0   0   2   0   0   0   0   0   0   0   0   1  1.86 0.66
  297 I    -5  -6  -7  -7  -5  -6  -7  -7  -7   8  -2  -6  -2  -1  -6  -6  -4  -6  -4   0    0   0   0   0   0   0   0   0   0  97   0   0   0   2   0   0   0   0   0   1  2.27 0.69
  298 A     4  -1  -1  -2  -3   3   1  -1  -3  -4  -3   1  -1  -4  -3   0  -1  -5  -4  -2   45   2   3   1   0  16  11   2   0   0   1   8   1   0   0   6   2   0   0   3  0.55 0.31
  299 G     0   0  -1  -3  -1  -2  -3   4   2   0  -2  -2   0  -4  -3   1   1  -4  -3   0    5   6   1   0   2   1   0  41   5   6   2   2   2   0   0   9  11   0   0   6  0.44 0.23
  300 V    -3  -5  -4  -6  -4  -5  -5  -6  -5   0   4  -5  -1  -3  -5  -3  -3  -5  -4   5    0   0   1   0   0   0   0   0   0   1  48   0   0   0   0   2   0   0   0  48  1.15 0.45
  301 S    -3  -3   6   0   0  -1  -3  -3   3  -6  -6  -3  -5  -5  -4   5  -2  -6  -4  -5    0   0  42   4   2   2   0   0   6   0   0   0   0   0   0  43   0   0   0   0  1.26 0.51
  302 G    -3  -4  -4  -5  -6  -5  -5   7  -5  -7  -7  -5  -6  -6  -5  -2  -5  -6  -6  -6    0   1   0   0   0   0   0  97   0   0   0   0   0   0   0   2   0   0   0   0  2.33 0.66
  303 F    -5  -5  -4  -6  -6  -4  -5  -6   7  -4  -3  -5  -3   7  -2  -5  -5  -2   5  -4    0   0   0   0   0   0   0   0  26   0   1   0   0  50   2   0   0   0  21   0  1.82 0.57
  304 G    -2  -6  -4  -5  -6  -5  -5   7  -5  -7  -7  -5  -6  -6  -5  -3  -5  -6  -6  -6    2   0   0   0   0   0   0  98   0   0   0   0   0   0   0   0   0   0   0   0  2.38 0.66
  305 Y    -5  -5  -6  -7  -6  -5  -6  -7  -1  -5  -5  -6  -5  -1  -7  -2  -5  -1  10  -5    0   0   0   0   0   0   0   0   1   0   0   0   0   0   0   3   0   0  97   0  3.08 0.84
  306 D    -1  -5   0   8  -7  -3  -2  -4  -4  -6  -7  -4  -6  -7  -5  -3  -4  -7  -6  -6    5   0   3  92   0   0   0   0   0   0   0   0   0   0   0   0   0   0   0   0  2.28 0.65
  307 H    -5  -3   2  -4  -6  -3  -4  -5  11  -6  -6  -4  -5  -5  -6  -4  -5  -6  -1  -2    0   1   8   0   0   0   0   0  87   0   0   0   0   0   0   0   0   0   1   3  2.92 0.76
  308 L    -4  -5  -7  -7  -4  -5  -6  -7  -6  -1   7  -6  -1  -2  -6  -6  -4  -5  -4  -2    0   0   0   0   0   0   0   0   0   0 100   0   0   0   0   0   0   0   0   0  1.87 0.58
  309 I    -4  -6  -6  -6  -4  -6  -6  -7  -6   8  -2  -6  -2  -3  -6  -2  -4  -6  -5   0    0   0   0   0   0   0   0   0   0  97   0   0   0   0   0   3   0   0   0   0  2.16 0.64
  310 L    -4  -5  -6  -7  -4  -5  -6  -7  -6  -1   6  -5  -1  -2  -6  -5  -4  -5  -4   0    0   0   0   0   0   0   0   0   0   0  97   0   0   0   0   0   0   0   0   3  1.75 0.55
  311 N    -3  -3   7  -1   1  -2  -3  -3  -3  -5  -3   0  -4  -5  -4   3  -1  -6  -5  -5    1   0  62   2   3   0   0   1   0   0   3   4   0   0   0  21   2   0   0   0  1.30 0.48
  312 V    -1  -6  -6  -6  -4  -5  -5  -6  -6   0  -2  -5  -2   0  -5  -4  -3  -6  -4   7    4   0   0   0   0   0   0   0   0   0   1   0   0   4   0   0   0   0   0  92  1.76 0.57
  313 E    -4  -3  -3   4  -7   1   7  -4  -3  -6  -6  -2  -5  -6  -4  -3  -4  -6  -5  -6    0   0   0  20   0   6  74   0   0   0   0   0   0   0   0   0   0   0   0   0  1.71 0.55
  314 W    -6  -7  -8  -8  -6  -6  -7  -5  -6  -6  -2  -7  -1  -3  -8  -7  -6  13  -2  -7    0   0   0   0   0   0   0   1   0   0   4   0   2   0   0   0   0  93   0   0  4.38 0.95
  315 A     5  -4  -3  -4  -3  -3  -3  -3  -4  -4  -5  -3  -4  -5   0   5  -2  -5  -4  -3   55   0   0   0   0   0   0   0   0   0   0   0   0   0   4  41   0   0   0   0  1.19 0.48
  316 K    -4   1  -2  -4  -6  -2  -2  -5  -4  -6  -6   8  -4  -6  -4  -1  -4  -6  -5  -5    0   4   1   0   0   0   0   0   0   0   0  91   0   0   0   4   0   0   0   0  1.93 0.60
  317 P    -4  -5  -5  -5  -6  -4  -4  -5  -5  -6  -6  -2  -6  -7   9  -4  -4  -7  -6  -6    0   0   0   0   0   0   0   0   0   0   0   2   0   0  98   0   0   0   0   0  3.08 0.67
  318 S    -1  -3  -1  -3  -4   4  -2  -3   0  -4  -4  -2  -1  -5   3   5  -1  -5  -4  -3    1   0   1   0   0  20   0   0   2   0   0   0   1   0  17  55   1   0   0   1  0.97 0.39
  319 T    -1  -2   4  -2  -3   2  -2  -1  -1  -4  -4  -2  -3  -4  -1   0   5  -5  -4  -3    3   0  29   0   0  13   0   4   1   0   0   0   0   0   3   2  46   0   0   1  0.81 0.31
  320 N    -3  -2   7   0  -5  -2  -2  -3   5  -5  -5  -2  -4  -5  -4   0  -2  -6  -3  -5    0   0  75   3   0   0   0   0  15   0   0   0   0   0   0   7   0   0   0   0  1.51 0.36

                      K         Lambda
Standard Ungapped    0.1316     0.3119
Standard Gapped      0.0465     0.2670
PSI Ungapped         0.1520     0.3173
PSI Gapped           0.0465     0.2670
