
Last position-specific scoring matrix computed, weighted observed percentages rounded down, information per position, and relative weight of gapless real matches to pseudocounts
            A   R   N   D   C   Q   E   G   H   I   L   K   M   F   P   S   T   W   Y   V   A   R   N   D   C   Q   E   G   H   I   L   K   M   F   P   S   T   W   Y   V
    1 M    -2  -3  -3  -4  -2  -2  -3  -4  -3   1   2  -3   8  -1  -4  -3  -2  -3  -2   0    0   0   0   0   0   0   0   0   0   3  10   0  84   0   0   0   0   0   0   3  0.98 0.17
    2 A     4  -2  -2  -1  -2  -1   0   2  -2  -2  -2  -1   2  -3  -2   0  -1  -3  -3  -1   58   0   0   3   0   0   4  17   0   0   0   2   9   0   0   4   0   0   0   3  0.41 0.11
    3 F     1  -1  -1  -2  -2  -1  -2   0  -2  -2  -2  -1  -1   1   4   2   0  -3   0  -1   13   3   0   0   0   0   0   8   0   1   2   0   1   8  21  31   4   0   4   3  0.34 0.09
    4 P     0   4  -1  -2  -3   1  -1   2  -2  -2  -3   1  -1  -4   3   0  -1  -4  -3  -1    6  33   1   0   0   5   1  20   0   2   0   7   1   0  14   5   1   0   0   5  0.38 0.11
    5 G    -1  -1   3   2  -1  -2  -1   5  -2  -2  -4  -2  -3  -4  -3   0  -2  -4  -4  -3    2   2  22  12   1   0   1  49   0   4   0   0   0   0   0   6   1   0   0   1  0.67 0.16
    6 P     1   2  -3  -3  -4  -2  -2  -3  -3  -4  -4  -2  -4  -5   7  -1  -2  -5  -4  -3   16  13   0   0   0   0   0   0   0   0   1   0   0   0  66   2   2   0   0   0  1.53 0.28
    7 R    -2   6  -1  -3  -4   1   0  -3   2  -4  -4   4  -3  -4  -3  -2  -1  -4  -3  -1    2  51   1   0   0   4   3   0   5   0   0  24   0   0   0   1   4   0   0   5  0.83 0.24
    8 V    -2  -4  -5  -5  -3  -4  -5  -5  -5   5   0  -4  -1  -2  -4  -4  -1  -5  -3   5    0   0   0   0   0   0   0   0   0  42   3   0   0   0   0   0   2   0   0  53  1.03 0.28
    9 L    -2  -4  -5  -5  -3  -4  -4  -5  -5   1   4  -4   0  -1  -4  -4  -2  -4  -2   5    1   0   0   0   0   0   0   0   0   1  44   0   0   1   0   0   0   0   1  52  0.85 0.26
   10 V    -3  -5  -5  -5  -3  -4  -5  -5  -5   6   0  -4  -1  -2  -4  -4  -1  -5  -3   4    0   0   0   0   0   0   0   0   0  58   0   0   0   0   0   0   3   0   0  39  1.10 0.30
   11 V    -2  -5  -5  -5  -3  -4  -5  -5  -5   5  -1  -4  -1  -2  -4  -4  -2  -4   0   5    0   0   0   0   0   0   0   0   0  36   0   0   0   0   0   0   0   0   3  61  1.08 0.30
   12 G    -2  -5  -3  -4  -5  -4  -4   7  -4  -6  -6  -4  -5  -1  -4  -2  -4  -5  -5  -5    0   0   0   0   0   0   0  97   0   0   0   0   0   3   0   0   0   0   0   0  1.95 0.40
   13 S     1  -4  -3  -4   9  -4  -4   3   0  -4  -4  -4  -4  -4  -4   1  -2  -4  -4  -3   12   0   0   0  46   0   0  28   2   0   0   0   0   0   0  12   0   0   0   0  1.26 0.31
   14 G    -2  -5  -3  -4  -5  -4  -4   7  -4  -3  -6  -4  -5  -5  -4  -2  -4  -5  -5  -5    0   0   0   0   0   0   0  98   0   2   0   0   0   0   0   0   0   0   0   0  1.97 0.41
   15 I    -3  -5  -5  -5  -3  -5  -5  -6  -5   7   1  -5   2  -2  -5  -3  -3   0  -3   1    0   0   0   0   0   0   0   0   0  82   8   0   4   0   0   1   0   1   0   3  1.29 0.35
   16 A     5  -3  -2  -3  -2  -2  -2  -2  -3  -3  -3  -2  -3  -4  -3   4  -1  -5  -4  -2   54   0   0   0   0   0   0   0   0   0   2   0   0   0   0  43   0   0   0   1  0.91 0.32
   17 G    -1  -4  -3  -3  -5  -4  -4   7  -4  -6  -6  -2  -5  -5  -4  -2  -4  -5  -5  -4    4   0   0   0   0   0   0  93   0   0   0   2   0   0   0   0   0   0   0   1  1.81 0.39
   18 L    -3  -4  -5  -5  -3  -4  -5  -5  -5   5   4  -4   0  -1  -5  -4  -2  -4  -3   1    0   0   0   0   0   0   0   0   0  45  48   0   1   0   0   0   1   0   0   6  0.93 0.27
   19 G     4  -3  -2  -3  -2  -3  -3   5  -3  -4  -4  -3  -3  -4  -1   1  -1  -4  -4  -3   39   0   0   0   0   0   0  47   0   0   0   0   0   0   3   8   2   0   0   0  0.89 0.26
   20 A     6  -4  -4  -4  -3  -3  -3  -2  -4  -3  -4  -2  -3  -4  -3  -1  -1  -2  -4  -2   93   0   0   0   0   0   0   1   0   0   0   2   0   0   0   1   1   1   0   1  1.34 0.40
   21 A     6  -4  -4  -4   0  -3  -3  -1   0  -3  -3  -3  -3  -4  -3  -1  -2  -5  -4  -2   92   0   0   0   1   0   0   1   3   0   1   0   0   0   0   0   0   0   0   2  1.33 0.41
   22 Q    -2  -1  -2  -3  -3   7   1  -3   6  -4  -2  -1  -1  -5  -4  -2  -3  -4  -3  -3    2   2   0   0   1  59   7   1  20   0   4   0   2   0   0   0   0   0   0   2  1.19 0.39
   23 K    -3   7  -2  -3  -2  -1  -2  -2  -3  -5  -4   4  -3  -5  -4  -2  -3  -5  -4  -5    1  68   0   1   1   1   0   3   0   0   0  23   0   0   0   1   0   0   0   0  1.37 0.38
   24 L    -3  -4  -6  -6  -4  -4  -5  -6  -5  -1   6  -5   0  -1  -4  -5  -3  -4  -3  -1    1   0   0   0   0   1   0   0   0   0  96   0   0   2   1   0   0   0   0   0  1.43 0.40
   25 C    -2  -1  -3  -4   6  -2  -3  -2   3   2   1  -3  -1   0  -3  -1   0  -3   0   2    0   4   0   0  26   1   0   3   8  11  10   0   0   4   1   3   4   0   3  21  0.44 0.18
   26 S    -1   3   2  -2  -1   1  -1   1   0  -4  -4   4  -3  -4  -1   0  -1  -4  -3  -3    5  22  11   1   1   6   1  14   2   0   0  29   0   0   1   6   1   0   0   0  0.44 0.17
   27 H    -1   0   0  -1  -2   2   0  -1   8  -2  -2  -1  -2  -1   0   0  -1  -2   1  -2    3   4   3   2   1   9   3   4  44   2   3   2   1   2   4   7   3   0   3   2  0.66 0.16
   28 R     2   1  -1  -1   0   0  -1   1   0  -2  -2  -1  -2  -2   4   1  -1  -2  -2  -2   24   9   2   2   2   2   2  10   2   1   3   1   1   1  21  12   2   0   1   2  0.32 0.10
   29 A     3  -1  -2  -3  -2  -3  -3   6  -4  -4  -5  -3  -4  -3  -3   0  -2  -4  -4  -3   27   3   0   0   0   0   0  61   0   0   0   0   0   1   1   5   1   0   0   1  1.06 0.31
   30 A    -1  -2  -4  -4   0  -4  -4  -3  -3  -2  -1  -4  -2   8  -2  -3  -3  -1   2  -1    6   3   0   1   2   0   0   1   0   1   2   0   0  72   3   1   1   0   4   3  1.30 0.35
   31 P    -1   4   1  -2  -4   1  -1  -1   5  -3  -3   0  -3  -3   3   0   0  -2  -2  -3    3  25   5   0   0   8   1   4  17   1   1   3   0   1  16   9   4   1   0   1  0.47 0.18
   32 H    -3   1   5   1  -4   2  -1  -2   7  -5  -4  -1  -3  -4  -3  -1  -1  -4  -1  -4    1   6  32   6   0   8   1   2  35   0   0   2   0   0   0   3   2   0   1   0  0.95 0.29
   33 L    -2  -4  -5  -5  -3  -4  -4  -4  -5   2   3  -4   0  -2  -3  -4  -2  -2  -3   5    1   0   0   0   0   0   0   1   0   6  38   0   0   0   1   0   0   0   0  52  0.83 0.28
   34 R    -4   7  -3  -4  -6   0  -2  -3   2  -5  -4   1  -4  -5  -4  -3  -2  -1  -4  -5    0  80   0   0   0   3   0   2   5   0   1   6   0   0   0   0   2   1   0   0  1.54 0.42
   35 V    -3  -4  -5  -5  -3  -4  -4  -5  -5   5   2  -4   0  -2  -4  -4  -2  -4  -3   4    0   0   0   0   0   0   0   1   0  46  19   0   0   0   0   0   0   0   0  33  0.92 0.28
   36 L    -3  -4  -5  -6  -3  -4  -5  -6  -5   2   6  -4   0  -2  -4  -4  -3  -4  -3   0    1   0   0   0   0   0   0   0   0  11  84   0   0   0   0   0   0   0   0   3  1.18 0.35
   37 E    -3  -3  -3  -1  -6   0   7  -4  -3  -6  -6  -1  -5  -6  -2  -2  -3  -6  -5  -5    0   0   0   0   0   0  96   0   0   0   0   2   0   0   1   1   0   0   0   0  1.91 0.51
   38 A     6  -4  -4  -4  -3  -3  -3  -2  -4  -4  -3  -3  -3  -5  -3   0  -2  -5  -4  -1   94   0   0   0   0   0   0   1   0   0   1   0   0   0   0   2   0   0   0   2  1.44 0.44
   39 T    -1  -1  -2  -3  -3  -3  -3  -1  -4  -3  -4  -3  -3  -5  -3   1   7  -5  -4  -2    3   3   0   0   0   0   0   4   0   0   0   0   0   0   1   7  82   0   0   1  1.35 0.43
   40 A     4  -2  -2   0  -3  -1   0   3  -2  -4  -4  -2  -3  -4  -2   1  -1  -4  -4  -3   47   1   0   4   0   1   6  27   0   0   0   0   0   0   1   9   2   0   0   0  0.60 0.24
   41 S    -3   8  -2  -4  -4  -1  -3  -3  -1  -5  -3   0  -4  -5  -5  -2  -3  -5  -4  -5    1  92   1   0   0   0   0   1   1   0   2   0   0   0   0   1   0   0   0   0  1.90 0.49
   42 A     3  -1  -2  -2   2  -2  -2  -2  -3  -3  -3  -2  -3  -4   0   4   1  -4  -3  -1   31   2   0   0   5   0   0   1   0   0   0   0   0   0   4  45   7   0   0   4  0.63 0.27
   43 G    -2  -5  -3  -4  -3  -4  -5   7  -4  -6  -6  -4  -5  -6  -5  -2  -4  -3  -5  -6    0   0   0   0   1   0   0  96   0   0   0   0   0   0   0   2   0   0   0   0  2.04 0.46
   44 G    -2  -5  -3  -3  -5  -4  -4   7  -4  -6  -6  -4  -5  -5  -5  -2  -4  -5  -2  -6    0   0   0   1   0   0   0  96   0   0   0   0   0   0   0   0   0   0   1   0  2.01 0.46
   45 R    -4   8  -3  -4  -6  -2  -3  -5  -3  -6  -5   0  -4  -5  -5  -3  -4  -5  -2  -4    0  97   0   0   0   0   0   0   0   0   0   0   0   0   0   0   0   0   1   1  2.16 0.53
   46 I    -2  -5  -5  -5  -2  -4  -5  -6  -5   7   0  -5  -1  -2  -3  -3  -2  -5  -3   3    1   0   0   0   0   0   0   0   0  77   1   0   0   0   1   1   1   0   0  17  1.30 0.38
   47 R    -3   5  -2  -3   4   1  -2  -4   0  -5  -4   5  -3  -4  -2  -2  -3   3  -2  -4    0  37   0   0  10   4   0   0   2   0   0  40   0   0   1   0   0   4   1   0  1.00 0.33
   48 S    -1  -3  -2  -3  -3  -3  -3  -3  -4  -4  -4  -3  -3  -5  -3   5   6  -5  -3  -3    1   0   0   0   0   0   0   0   0   0   0   0   0   0   0  45  54   0   0   0  1.23 0.42
   49 E     0   1  -2  -1   0   1   3   4  -2  -4  -1  -1  -3  -4  -1  -1  -1  -4  -4  -3    7   8   0   1   2   6  25  37   1   0   7   0   0   0   2   2   4   0   0   0  0.46 0.20
   50 R    -2   6  -2  -2  -5  -1  -1  -3   0  -4  -3   2  -2  -5   4   0  -1  -5  -4  -4    2  51   0   1   0   1   2   1   2   0   1   9   1   0  19   7   4   0   0   0  0.90 0.30
   51 C     0  -1  -3  -4   1  -3  -3  -2  -2  -1   3  -2   1   4  -2   0   0  -1   0  -1   10   3   1   0   4   0   0   2   0   1  36   1   3  22   1   9   5   0   2   0  0.31 0.17
   52 F     2  -2  -3  -2  -3  -3  -4   5  -4  -4  -3  -3  -3   4  -3  -2  -3  -3  -2  -3   22   2   0   3   0   0   0  51   0   0   1   0   0  20   1   0   0   0   0   0  0.88 0.30
   53 G    -2  -2   3   3  -4  -1  -1   3   0  -4  -4   2  -3  -4  -3   2  -1  -5  -4  -4    0   0  16  18   0   1   1  26   2   0   2  13   0   0   0  21   1   0   0   0  0.54 0.22
   54 G    -2  -2   4  -2  -3  -2  -2   5  -3  -3  -5   1  -4  -5  -4  -1   0  -5  -3  -3    1   1  22   0   0   1   2  52   0   1   0  11   0   0   0   3   6   0   0   1  0.86 0.28
   55 V    -2  -4  -4  -5  -3  -4  -4  -5  -4   4   3  -3   1  -1  -4  -3  -2  -4  -3   4    0   0   1   0   0   0   0   0   0  33  29   1   3   2   0   1   1   0   0  30  0.73 0.24
   56 V     1  -4  -4  -4  -3  -4  -3  -4  -4   3  -1  -4  -1  -3  -3  -3   1  -4  -3   5   13   0   0   0   0   0   1   0   0  15   2   0   0   0   1   0   8   0   0  60  0.77 0.29
   57 E    -3  -3  -3   0  -6  -1   7  -5  -3  -6  -5  -2  -5  -6  -4  -3  -3  -5  -5  -4    0   0   0   2   0   0  95   0   0   0   0   0   0   0   0   0   0   0   0   1  1.94 0.52
   58 L    -3  -4  -5  -5  -3  -4  -5  -5  -5   6   2  -4   5  -2  -5  -4  -2  -4  -3   2    1   0   0   0   0   0   0   0   0  54  13   0  18   0   0   0   0   0   0  12  1.02 0.32
   59 G    -2  -5  -3  -4  -5  -4  -4   7  -5  -6  -6  -4  -5  -6  -5  -3  -4  -5  -6  -6    0   0   0   0   0   0   1  98   0   0   0   0   0   0   0   0   0   0   0   0  2.14 0.49
   60 A     7  -4  -4  -4  -3  -3  -3  -2  -4  -4  -4  -3  -3  -5  -3  -1  -2  -5  -4  -3   97   0   0   0   0   0   0   0   0   0   0   0   0   0   0   1   0   0   0   0  1.64 0.49
   61 H    -2  -2   5  -2  -3   3  -2  -2   8  -5  -5  -2  -4  -4  -4   0  -1  -5  -2  -5    3   0  31   0   1  13   0   1  41   0   0   1   0   0   0   4   3   0   0   0  1.22 0.37
   62 W    -6  -6  -7  -7  -6  -5  -6  -6  -5  -6  -5  -6  -5   0  -7  -5  -5  12   3  -6    0   0   0   0   0   0   0   0   0   0   0   0   0   2   0   1   0  86   9   0  3.86 0.72
   63 I    -4  -5  -6  -6  -4  -5  -6  -6  -6   8   0  -5  -1  -3  -5  -5  -3  -5  -4   0    0   0   0   0   0   0   0   0   0  96   2   0   0   0   0   0   0   0   0   0  1.87 0.49
   64 H    -5  -3  -2  -4  -6  -3  -3  -5  11  -6  -6  -4  -5  -4  -5  -4  -5  -5  -1  -6    0   0   0   0   0   0   0   0  98   0   0   0   0   0   0   0   0   0   0   0  3.21 0.68
   65 G    -2  -5  -3  -4  -5  -4  -5   7  -5  -6  -6  -4  -5  -6  -5  -3  -4  -5  -6  -6    0   0   0   0   0   0   0  99   0   0   0   0   0   0   0   0   0   0   0   0  2.21 0.51
   66 P    -3  -5  -5  -4  -6  -4  -4  -5  -5  -6  -6  -4  -5  -7   9  -3  -4  -7  -6  -5    1   0   0   0   0   0   0   0   0   0   0   0   0   0  98   0   0   0   0   0  3.01 0.62
   67 S    -1  -4  -2  -3   3  -3  -3  -3  -4  -5  -5  -3  -4  -2  -4   7  -1  -5  -4  -4    0   0   0   0   5   0   0   0   0   0   0   0   0   1   0  92   1   0   0   0  1.59 0.51
   68 Q    -2   0  -2  -2  -5   4   4  -4  -2  -5  -4   3  -3  -5   4  -2  -2  -5  -4  -4    1   3   0   0   0  23  32   0   0   0   0  19   0   0  21   0   1   0   0   0  0.90 0.31
   69 D    -1  -2  -1   0  -5   1   5   4  -3  -5  -5   0  -4  -5  -3  -2  -3  -5  -4  -5    2   1   2   2   0   6  43  39   0   0   0   4   0   0   0   1   0   0   0   0  0.92 0.31
   70 N    -4  -3   9  -2  -6  -3  -3  -3  -2  -6  -6  -3  -5  -6  -5  -2  -3  -6  -5  -6    0   0  98   0   0   0   0   0   0   0   0   0   0   0   0   0   0   0   0   0  2.43 0.60
   71 P    -1  -5  -5  -5  -6  -4  -4  -5  -5  -6  -6  -4  -5  -7   9  -4  -4  -7  -6  -5    5   0   0   0   0   0   0   0   0   0   0   0   0   0  95   0   0   0   0   0  2.87 0.61
   72 V    -2  -5  -6  -6  -3  -5  -5  -6  -6   1   0  -5  -2  -3  -5  -4  -2  -5  -4   7    0   0   0   0   0   0   0   0   0   4   5   0   0   0   0   0   0   0   0  90  1.57 0.46
   73 F    -5  -6  -6  -7  -4  -6  -6  -6  -4  -3  -2  -6  -3   9  -4  -5  -5  -2   0  -4    0   0   0   0   0   0   0   0   0   0   0   0   0  99   1   0   0   0   0   0  2.62 0.61
   74 Q    -3   4  -3  -4   8   5  -2  -3   0  -5  -4  -1  -3  -5  -4  -2  -3  -5  -4  -4    0  24   0   0  34  35   1   2   2   0   0   1   0   0   0   1   0   0   0   0  1.38 0.43
   75 L    -4  -5  -6  -6  -4  -4  -5  -6  -5  -1   6  -5   0  -2  -5  -5  -3  -4  -4  -1    0   0   0   0   0   0   0   0   0   0  97   0   0   0   0   0   1   0   0   0  1.58 0.45
   76 A     7  -4  -4  -4  -3  -3  -3  -2  -4  -4  -4  -3  -4  -5  -3   0  -2  -5  -4  -3   95   0   0   0   0   0   0   0   0   0   0   0   0   0   0   5   0   0   0   0  1.60 0.49
   77 A     2   4  -2  -3   5  -1  -2  -3  -3  -3  -2  -1  -2  -4  -3   3   1  -4  -3  -3   19  27   0   0  13   2   0   0   0   0   2   0   1   0   0  24  10   0   0   0  0.57 0.26
   78 E    -2   2   0   3  -1   4   3  -2   2  -5  -4   2  -3  -5  -3  -1  -2  -4  -3  -4    1  11   2  16   2  28  17   3   6   0   0  11   0   0   0   3   0   0   0   0  0.61 0.24
   79 F    -3  -4  -4  -6  -4  -4  -5  -6   3  -4  -4  -5  -4   3  -6  -4  -4   0   9  -4    2   0   0   0   0   0   0   0   7   0   0   0   0  10   0   0   0   0  79   0  2.19 0.54
   80 G    -2  -2   1   0  -5   1  -2   6  -1  -6  -5  -2  -4  -5  -4  -2  -3  -5  -5  -5    0   2   7   4   0   9   1  72   2   0   0   1   0   0   0   1   0   0   0   0  1.28 0.36
   81 L    -4  -5  -6  -6  -4  -5  -5  -6  -5  -1   6  -5   0  -2  -5  -5  -4  -4  -4  -2    0   0   0   0   0   0   0   0   0   0  99   0   0   0   0   0   0   0   0   0  1.63 0.46
   82 L    -4  -5  -6  -6  -4  -5  -5  -6  -5  -1   6  -5   0  -2  -5  -5  -4  -4  -4  -2    0   0   0   0   0   0   0   0   0   0  99   0   0   0   0   0   0   0   0   0  1.63 0.46
   83 G    -3  -3  -1   6  -5  -3   0   4  -2  -5  -6  -2  -5  -5  -2  -1  -3  -5  -3  -5    0   1   1  46   0   0   5  39   1   0   0   1   0   0   1   4   0   0   1   0  1.10 0.34
   84 E    -2  -3  -3   0  -5  -1   4  -4  -3  -5  -5   0  -4  -6   7  -2  -3  -6  -5  -5    3   0   0   4   0   1  32   0   0   0   0   5   0   0  52   1   0   0   0   0  1.44 0.40
   85 K    -2  -1  -2   1  -5   1   6  -1  -2  -5  -5   4  -4  -5  -3  -1  -3  -5  -4  -5    2   1   0   6   0   3  56   5   0   0   0  25   0   0   0   2   0   0   0   0  1.03 0.35
   86 E     5  -3  -3  -1   1  -2   2  -2  -3  -4  -4  -2  -3  -5  -3   1  -1  -5  -4  -2   64   0   0   2   3   0  17   1   0   0   0   0   0   0   0  10   2   0   0   1  0.85 0.34
   87 L     1  -4  -5  -5  -3  -3  -4  -4  -4  -1   5  -4   6  -2  -4  -3  -1  -4  -3  -1   16   0   0   0   0   0   0   0   0   0  58   0  22   0   0   1   3   0   0   0  0.91 0.34
   88 S    -1   1   0  -2  -3   0   0  -3  -3  -3  -1  -1  -3  -4  -3   4   4  -5  -4  -3    1   9   3   1   0   3   4   0   0   0   6   2   0   0   0  45  26   0   0   0  0.62 0.29
   89 E    -3  -3  -3  -1  -6   0   6  -5  -3  -5  -4  -1  -4  -6   5  -2  -3  -6  -5  -5    1   0   0   0   0   3  67   0   0   0   2   1   0   0  25   1   0   0   0   0  1.45 0.45
   90 E    -3  -2  -3  -1  -7   0   8  -5  -3  -6  -6  -1  -5  -6  -4  -3  -4  -6  -5  -5    0   0   0   1   0   1  96   0   0   0   0   1   0   0   0   0   0   0   0   0  2.03 0.56
   91 N    -4  -3   9  -2  -6  -3  -3  -3  -2  -6  -6  -2  -5  -6  -5  -2  -3  -7  -5  -6    0   0  97   0   0   0   0   0   0   0   0   1   0   0   0   1   0   0   0   0  2.40 0.61
   92 Q    -4  -2  -3  -3  -6   9  -1  -5  -3  -6  -5  -2  -4  -6  -4  -3  -4  -5  -5  -5    0   1   0   0   0  98   0   0   0   0   0   0   0   0   0   0   0   0   0   0  2.49 0.67
   93 L     3   1  -2  -3  -3   3  -2  -2  -2  -2   1   0  -2  -3  -3   0  -1  -3  -3  -2   37  10   1   0   0  20   0   1   0   0  17   4   0   0   0   7   3   0   0   0  0.40 0.23
   94 V     0  -4  -4  -5  -3  -3  -4  -4  -4   3   1  -3   5  -1  -4  -3  -1  -4  -2   4    8   0   1   0   0   0   0   1   0  20   6   2  18   1   0   0   1   0   0  41  0.68 0.27
   95 D    -3  -3   0   6  -6   0   5  -4  -2  -5  -5  -1  -4  -5  -4  -2  -3  -5  -2  -4    1   0   4  42   0   3  46   0   0   0   0   2   0   0   0   0   0   0   1   1  1.24 0.38
   96 T     1  -3  -3  -4  -1  -3  -3  -3  -4   3   0  -3   0  -1  -3  -1   2   0  -2   4   16   0   0   0   1   0   0   1   0  18   5   0   2   2   0   2  19   2   0  33  0.44 0.21
   97 G    -1  -2   0   2  -5  -2   0   6  -4  -6  -6  -1  -5  -5  -4  -2  -3  -5  -3  -5    2   2   4  11   0   1   6  70   0   0   0   3   0   0   0   1   0   0   1   0  1.19 0.35
   98 G    -2  -3  -2  -2  -5  -3   1   7  -4  -6  -5  -3  -5  -6  -4  -2  -4  -5  -5  -4    1   1   1   1   0   0  11  83   0   0   0   0   0   0   0   1   0   0   0   1  1.63 0.43
   99 H    -4   0  -2  -2  -1  -1  -2  -4  10  -4  -3  -3  -4  -3  -5  -3  -4  -4   2  -5    0   6   1   2   2   1   1   0  75   1   3   0   0   0   0   1   0   0   6   0  2.09 0.53
  100 V    -3  -5  -5  -4  -5  -4  -4  -5  -4  -3  -1  -4  -4  -5   8  -3  -2  -6  -5   2    0   0   0   0   0   0   0   0   0   0   8   0   0   0  73   0   1   0   0  16  1.93 0.48
  101 A     0  -4  -3  -2  -4  -3  -3   2  -1  -3   0  -3  -2  -4   7  -1  -2  -5  -4  -2    8   0   0   1   0   1   0  14   1   1  11   0   1   1  55   3   1   0   0   3  1.18 0.33
  102 L    -3  -4  -4  -2  -4  -3  -3  -1  -2  -1   4  -4   1   3  -4  -3  -3   8   0  -2    1   0   0   3   0   1   1   6   1   1  43   0   3  13   0   2   0  22   2   0  0.85 0.29
  103 P    -2  -3  -4  -4  -4  -3  -3  -4  -3   1  -1  -3  -1  -1   6  -2  -2  -5  -3   4    1   1   0   0   0   1   1   0   1   8   4   1   2   2  44   1   2   0   1  31  1.02 0.31
  104 S     0  -4  -3  -3   0  -3  -3  -2  -4  -4  -4  -3  -4  -2   6   5  -1  -2  -2  -2    4   0   0   0   2   0   0   1   0   0   0   0   0   2  37  47   2   1   1   2  1.08 0.36
  105 M    -1  -2   5  -2  -3  -3  -2  -3  -3   1  -1  -2   1  -2  -4   0   0  -5  -3   4    4   1  33   0   0   0   1   1   0   6   2   0   4   1   0   5   6   0   0  37  0.55 0.26
  106 I    -2  -4  -3  -4   2  -3  -3  -3  -3   0  -2  -3  -2   3  -3   2   3   8   1   0    1   0   0   0   5   0   0   1   0   7   1   0   0  12   1  20  18  24   3   8  0.76 0.28
  107 W    -4  -5  -5  -6   2  -5  -5  -5  -2  -3   0  -5  -3   6  -6  -4  -4   0   7  -3    0   0   0   0   5   0   0   0   0   0   6   0   0  40   0   0   0   1  47   0  1.65 0.43
  108 S     1  -2  -2  -3   1  -2  -3   2  -3  -4  -4  -2  -3  -4  -3   5   3  -5  -4  -3    9   1   0   0   2   0   0  16   0   0   0   0   0   0   0  46  23   0   0   0  0.75 0.31
  109 S    -2  -4  -2  -3  -2  -3  -3  -3  -4  -5  -5  -3  -4  -5  -4   7  -1  -6  -4  -4    0   0   1   0   1   0   0   1   0   0   0   0   0   0   0  96   0   0   0   0  1.74 0.54
  110 S    -1  -1  -2  -3  -4  -1  -3  -3  -3  -5  -4  -3  -4  -5  -3   7  -1  -5  -4  -4    3   2   0   0   0   2   0   0   0   0   1   0   0   0   0  89   1   0   0   0  1.50 0.50
  111 G    -2  -5  -3  -4  -5  -4  -5   7  -5  -6  -6  -4  -5  -6  -5  -3  -4  -2  -6  -6    0   0   0   0   0   0   0  98   0   0   0   0   0   0   0   0   0   0   0   0  2.21 0.52
  112 T    -1   5  -2  -3  -4   3   0   0  -1  -4  -4   4  -3  -5  -3  -2   0  -3  -3  -2    3  38   1   0   0  15   3   7   1   0   1  24   0   0   0   0   5   0   0   3  0.70 0.27
  113 S    -1   3  -1  -2   0   0   0  -3  -2  -1  -2   4  -2  -4  -3   1  -1  -2  -3   1    3  15   2   1   2   2   4   0   0   3   2  36   0   0   0  11   2   0   0  16  0.37 0.20
  114 V    -3  -4  -5  -5  -3  -4  -5  -5  -5   2   5  -4   0  -2  -3  -4  -3  -4  -3   3    0   0   0   0   0   0   0   0   0   8  62   0   1   0   1   0   0   0   0  27  0.96 0.31
  115 S    -1  -2   4   2  -3  -2  -1   0  -2  -4  -5  -1  -4  -5  -2   5   0  -5  -4  -4    1   1  19   9   0   0   3   7   0   1   0   3   0   0   1  52   3   0   0   0  0.73 0.30
  116 L     2  -2  -3  -3  -2  -3  -2  -3  -2  -2   1  -3  -2  -2   6  -1  -1  -4  -3  -1   23   2   0   1   1   0   1   0   1   1  19   0   0   2  39   4   4   0   0   3  0.77 0.26
  117 E    -3  -1  -2   2  -5   2   6  -2  -1  -5  -5   1  -4  -5  -3  -2  -2  -5  -4  -3    1   1   0   8   0   9  66   3   1   0   0   8   0   0   1   1   1   0   0   1  1.11 0.36
  118 L     0  -3  -2   2  -1  -1  -1  -3  -1   1   3  -2   0  -2  -3  -1   0  -4  -2   1   10   0   1  18   1   2   3   0   2   6  37   0   1   0   0   4   4   0   0  10  0.25 0.15
  119 M    -2  -4  -3  -5  -1  -3  -4  -3  -4   2   1  -4   5  -2  -4  -3   0  -4  -3   5    2   0   1   0   1   0   0   1   0  10   7   0  22   1   0   1   5   0   0  49  0.79 0.30
  120 T     2   0   1   0  -2  -1   1   0  -1  -2  -2   0  -1  -1  -2   1   0  -3   1  -1   20   6   8   5   0   1  11   7   1   2   3   3   1   1   0  13   6   0   8   5  0.13 0.09
  121 E    -2  -3   0   0  -3  -1   4  -2  -2  -4  -4  -1  -4  -5   6   1  -2  -5  -4  -4    0   0   4   5   0   0  29   3   0   1   1   2   0   0  44   9   1   0   0   0  1.09 0.33
  122 M     5  -4  -4  -4  -3  -3  -3  -3  -4   0  -1  -3   5  -3  -3  -1   0  -4  -3   2   52   0   0   0   0   0   0   0   0   4   3   0  23   0   0   1   4   0   0  13  0.78 0.32
  123 A     1   2  -2  -2  -2   1   0   0   1  -1   0   0   0  -2  -2   0   0  -2  -2   0   18  15   0   0   0   8   5   7   6   2  14   3   3   0   0   5   4   0   0   9  0.11 0.10
  124 R    -1  -1   1   3  -4   1   4  -2   1  -4  -3  -1  -1  -4  -3   1  -1  -4  -3  -3    4   2   8  15   0   5  37   2   4   0   2   2   2   0   0  14   3   0   0   1  0.50 0.21
  125 L    -3  -4  -5  -6  -3  -4  -5  -5  -4   0   5  -4   5   1  -5  -4  -3  -3  -3   0    1   0   0   0   0   0   0   0   0   1  65   1  20   6   0   0   1   0   0   5  1.05 0.34
  126 F    -5  -5  -6  -6  -2  -6  -6  -6  -2  -3  -2  -6  -3   8  -6  -5  -5  -1   5  -3    0   0   0   0   1   0   0   0   1   0   0   0   0  82   0   0   0   0  15   0  2.15 0.51
  127 Y     0  -2   1   1  -3  -1  -1  -2   2  -1  -1  -2   2   1  -3   1   0  -1   5  -1   10   0   6   9   0   1   2   2   5   2   5   1   7   4   0  12   4   0  26   2  0.28 0.17
  128 G     0  -1   0   0  -3  -1   3   1  -1  -3  -4   0  -2  -4  -3   2   3  -4  -3  -2    7   3   3   2   0   0  30  12   1   0   0   3   1   0   0  13  24   0   0   1  0.43 0.21
  129 L    -4  -4  -6  -6  -3  -4  -5  -6  -5   1   6  -5   0  -2  -5  -5  -3   4  -3   0    0   0   0   0   0   0   0   0   0   5  86   0   0   0   0   0   0   5   0   3  1.31 0.39
  130 I    -3  -3  -5  -5  -2  -4  -5  -5  -5   3   5  -3   3  -1  -5  -4  -3  -4  -2   1    0   1   0   0   0   0   0   0   0  18  66   1   6   1   0   0   0   0   0   5  0.94 0.30
  131 E     1  -2   1   5  -3   0   3  -1  -1  -3  -3   0  -3  -3  -3  -1  -1  -4  -1  -3   15   1   6  36   0   3  20   4   1   0   1   3   0   1   0   2   3   0   3   0  0.52 0.21
  132 R    -2   1   1   1  -4   4   3  -3  -2  -5  -4   2  -3  -5  -3   2  -2  -4  -3  -4    0   8   5   6   0  26  25   0   0   0   0  12   0   0   0  17   0   0   0   0  0.65 0.25
  133 T     2  -3  -2  -3   3  -3  -3  -2  -3  -1  -3  -3  -2  -4  -3   3   4  -4  -4  -2   17   0   0   0   7   0   0   2   0   3   1   0   0   0   0  31  37   0   0   1  0.69 0.29
  134 R    -2   6  -2  -3  -1   3  -1  -2   0  -4  -4   1  -2  -2  -1   2  -1  -1  -3  -3    1  47   0   0   1  14   1   3   2   0   0   4   1   2   3  18   1   1   0   1  0.74 0.29
  135 E     1  -1   0   1  -4   3   5  -2  -2  -4  -3   0  -3  -5  -2  -1  -1  -4  -4  -3   15   1   4   5   0  13  47   2   0   0   2   3   0   0   1   2   3   0   0   1  0.65 0.26
  136 F    -3  -4  -5  -6  -5  -6  -6  -4  -4  -2  -1  -5  -3   9  -6  -2  -4  -2   1  -2    1   1   0   0   0   0   0   1   0   1   3   0   0  87   0   3   0   0   1   2  2.03 0.50
  137 L    -2   0  -2  -3  -2   3   0  -3   2  -1   2   0   0   1  -2  -2   0   0   1  -1    2   5   1   0   0  18   6   1   7   1  30   5   1   7   1   1   6   1   4   4  0.20 0.14
  138 N    -1   0   3   0  -3   0  -1   2   6  -3  -4  -1  -3  -4  -3   1  -1  -4  -2  -4    2   4  20   4   0   5   2  18  23   1   1   3   0   0   0  14   3   0   0   0  0.52 0.21
  139 E     3  -1  -1  -1  -2   3   0   0   0  -2  -2   0   0  -3  -2   1   1  -4  -3   0   28   2   0   3   0  17   3   6   3   0   2   5   2   0   0  13   8   0   0   6  0.24 0.15
  140 S     1   0  -1   1  -3   0   1   3  -2  -3  -3   2  -2  -4   0   0   0  -4  -3  -3   16   4   1   6   0   1  10  25   0   0   1  20   1   0   4   4   5   0   0   0  0.34 0.15
  141 E    -2   0  -1   0   2   1   5   3  -1  -4  -4   0  -3  -4  -1  -2  -1  -4  -3  -3    1   3   2   3   5   6  43  23   1   0   0   5   0   0   2   1   3   0   0   1  0.58 0.24
  142 T     0  -1  -1   0  -3  -1   4  -2  -2  -2  -1  -1  -2  -4   3   0   3  -4  -2  -1    9   3   1   4   0   1  31   2   0   0   7   1   0   0  13   3  20   0   1   5  0.38 0.19
  143 P    -3  -5  -4  -4  -5  -3  -4  -5  -5  -5  -4  -4  -5  -6   8  -1  -2  -6  -4  -5    0   0   0   0   0   1   0   0   0   0   2   0   0   0  89   5   2   0   0   0  2.52 0.54
  144 M     2  -3  -4  -3   2  -2  -1  -3  -1  -1  -1  -3   1   0  -3  -2  -2   7   1   3   17   1   0   1   6   1   4   1   1   0   5   1   5   3   1   0   0  19   4  31  0.60 0.24
  145 A     3  -2  -3  -2  -4  -3  -2  -3  -2  -4  -4  -2  -4  -5   7   0  -1  -5  -5  -3   28   2   1   1   0   0   1   0   1   0   1   1   0   0  54   5   3   0   0   1  1.34 0.37
  146 S    -2  -3  -1  -3   1  -3  -3  -2  -4  -5  -5  -3  -4  -5  -4   7  -1  -6  -5  -4    0   1   1   0   3   0   0   1   0   0   0   0   0   0   0  93   1   0   0   0  1.63 0.52
  147 V    -3  -5  -5  -6  -3  -5  -5  -6  -6   1   0  -5   1  -1  -5  -4  -2  -5  -4   7    0   0   0   0   0   0   0   0   0   1   6   0   3   2   0   0   1   0   0  88  1.48 0.44
  148 G    -2  -5  -3  -4  -5  -5  -4   7  -5  -7  -7  -4  -6  -6  -5  -3  -4  -5  -6  -6    0   0   0   0   0   0   0 100   0   0   0   0   0   0   0   0   0   0   0   0  2.26 0.52
  149 E    -2  -2  -1   3  -5   4   5  -3   3  -5  -5  -1  -4  -5  -3  -1  -3  -5  -4  -5    1   0   1  16   0  19  49   1   8   0   0   1   0   0   0   3   0   0   0   0  1.03 0.34
  150 F    -5  -5  -5  -6  -5  -5  -5  -6  -2  -3  -3  -5  -3   8  -6  -5  -5  -1   7  -4    0   0   0   0   0   0   0   0   0   0   0   0   0  58   0   0   0   0  42   0  2.11 0.51
  151 L    -3  -4  -5  -5  -3  -4  -5  -6  -5   4   4  -4   2  -1  -5  -4  -3  -4  -3   2    0   0   0   0   0   0   0   0   0  29  54   0   4   1   0   0   0   0   0  12  0.93 0.29
  152 K    -3   6  -3  -4  -2  -1  -2  -4  -2  -5  -4   5  -4  -5  -4  -3  -3  -3  -4  -5    0  53   0   0   1   0   0   0   0   0   1  43   0   0   0   0   0   0   0   0  1.44 0.42
  153 K     2   1  -1  -1  -3   1   1  -1  -1  -3  -2   3  -1  -4  -2   3   1  -4  -3  -2   19   6   1   1   0   5   7   2   1   0   3  21   1   0   0  24   7   0   0   1  0.32 0.17
  154 E    -1  -1  -3  -1  -6   2   7  -4  -3  -5  -5   2  -4  -6  -4  -2  -3  -5  -4  -5    5   1   0   0   0   6  76   0   0   0   0  10   0   0   0   0   1   0   0   0  1.40 0.43
  155 I     2  -4  -5  -5  -2  -4  -4  -4  -5   5   1  -4  -1  -2  -4  -3  -2  -4  -3   3   18   0   0   0   0   0   0   0   0  50   8   0   0   1   0   0   0   0   0  22  0.80 0.29
  156 S     2   2  -1  -2  -1   1   0  -1   0  -2  -1   0  -1  -3   0   1  -1  -4  -2  -1   27  17   1   0   1   8   3   3   2   0   8   5   1   0   4  13   2   0   0   3  0.22 0.14
  157 Q    -3   5  -1  -3  -4   6   1  -4   1  -5  -3   1  -3  -5  -3  -3  -3  -2  -4  -5    0  41   2   0   0  38   5   0   4   0   1   7   0   0   1   0   0   1   0   0  1.09 0.36
  158 Q    -2   5  -2  -3  -1   3  -1  -3   5  -2   0   0  -2  -3  -4   0  -1  -4  -1  -3    3  37   0   0   2  14   1   0  16   1  10   3   0   0   0   7   3   0   1   1  0.60 0.25
  159 V     4  -3  -2  -4  -2  -3  -3  -3  -4  -1   0  -3   3  -3  -3   0  -1  -4  -2   3   46   0   2   0   0   0   0   0   0   1   5   0   8   0   0   6   3   0   1  27  0.55 0.26
  160 A     4  -1  -2  -2  -3   1   1  -2  -1  -3  -3   1  -2  -3   3   0  -1  -4  -3  -2   46   2   1   0   0   6  11   1   2   0   1   7   0   0  16   3   2   0   0   1  0.54 0.24
  161 S     0  -1   0   0  -2   0   5   1  -1  -4  -4   1  -3  -4  -3   0   1  -4  -3  -3    7   1   4   4   1   2  43  11   1   0   0   9   0   0   0   6   9   0   0   1  0.50 0.21
  162 W    -5  -5  -6  -4  -5  -4   0  -5  -5  -5   0  -4   0  -2  -5  -4  -5  12  -1  -5    0   0   0   1   0   0   7   0   0   0   9   1   2   1   0   1   0  77   0   0  3.07 0.62
  163 T     0   0   0  -1  -2   0  -1   1  -2  -3  -3   4  -2  -3  -1  -1   3   4  -3  -3    6   4   3   2   0   2   2  10   0   0   1  31   0   0   3   2  25   7   0   1  0.41 0.20
  164 E    -1  -1   0   4  -4   0   4   2  -1  -4  -4   1  -3  -4  -1  -1  -2  -4  -3  -3    3   3   4  29   0   2  29  15   1   1   1   7   0   0   2   1   1   0   1   1  0.56 0.19
  165 D    -1  -1   0   4  -3  -1   1   2  -2   0  -2   1  -2  -3  -2  -1  -1  -3  -3   0    4   1   2  29   0   1  11  18   0   9   2  10   1   0   1   2   2   0   0   8  0.31 0.14
  166 D    -2  -1   1   6  -5   1   3  -3  -2  -5  -5   0  -4  -5  -3  -1  -3  -5  -4  -3    2   2   4  54   0   6  22   1   0   0   1   4   0   0   0   2   0   0   0   2  1.04 0.32
  167 E     2  -1  -2   0  -4   1   5  -2  -2  -3  -4   2  -3  -5   0  -1  -1  -5  -4  -2   18   1   0   3   0   5  50   1   0   1   0  12   0   0   4   1   2   0   0   2  0.69 0.27
  168 D     1  -1   1   4  -2   0   2   0  -1  -2  -3  -1  -2  -3  -1   1   1  -3  -2  -2   17   2   6  25   0   2  13   5   1   1   2   2   0   1   2   8   9   0   1   2  0.28 0.11
  169 T     2  -3   0  -3  -1  -2  -3  -2  -3  -2  -3  -2  -2  -2  -3   1   6  -4  -3  -1   15   0   3   0   1   1   0   1   0   1   1   1   1   1   0   9  61   0   0   2  0.83 0.32
  170 R    -3   6  -2  -3   0   1  -1  -4  -2  -3  -3   4  -2  -3  -2  -2  -2  -1  -2  -3    1  49   0   0   3   6   1   0   0   2   2  30   1   1   1   0   1   1   1   1  0.94 0.31
  171 K    -1   3   1  -1  -1   2   1  -3  -1  -4  -4   4  -3  -3  -3   2  -1   0  -3  -3    5  18   5   2   1  10   9   0   1   0   0  27   0   0   0  17   1   1   0   1  0.45 0.19
  172 R    -3  -3  -5  -6  -4  -3  -5  -6  -4   0   6  -4   1  -2  -5  -5  -3  -4  -3  -1    0   1   0   0   0   1   0   0   0   3  90   0   1   0   0   0   1   0   0   2  1.32 0.39
  173 K    -3   4   0  -3  -4   3  -1  -3  -1  -3   0   4  -2  -4  -3  -2  -2   0  -2  -3    0  25   4   0   0  17   0   1   1   0  12  36   0   0   0   0   0   1   1   0  0.69 0.28
  174 L    -3  -2  -5  -6  -4  -1  -5  -6  -2  -1   6  -4   4  -1  -5  -4  -3  -2  -3  -1    0   2   0   0   0   3   0   0   1   0  79   0  12   1   0   0   0   0   0   1  1.18 0.37
  175 A     5  -4  -4  -4   7  -3  -4  -1  -3  -4  -4  -3  -3  -5  -4   1  -2  -5  -4  -3   66   0   0   0  22   0   0   4   0   0   0   0   0   0   0   8   0   0   0   0  1.23 0.40
  176 I     1  -4  -4  -5  -3  -3  -4  -3  -4   3   1  -3   3  -1  -4  -3  -2  -4  -2   4   13   0   0   0   0   0   0   1   0  23  14   0  10   2   0   0   0   0   1  35  0.54 0.22
  177 L    -2  -4  -5  -5  -3  -4  -5  -6  -5   4   5  -4   1   1  -5  -4  -3  -4  -3   1    1   0   0   0   0   0   0   0   0  26  60   0   2   5   0   0   0   0   0   5  0.93 0.30
  178 N     1   0   5  -1  -4  -2  -2  -2  -1  -5  -5   0  -4  -5  -3   4   0  -5  -3  -4   13   4  36   1   0   0   0   1   1   0   0   4   0   0   0  37   2   0   0   0  0.78 0.31
  179 T     2  -3   3  -2  -2  -2  -2  -1  -3  -3  -3  -2   1  -4  -3   2   4  -5  -4  -1   21   0  18   0   0   0   0   4   0   0   1   0   4   0   0  13  37   0   0   2  0.59 0.27
  180 F    -3  -3  -4  -5   6  -3  -2  -5  -1  -1   3  -3   6   4  -5  -4  -3  -3   1  -2    0   1   0   0  17   0   2   0   1   1  26   1  24  21   0   0   0   0   5   0  0.84 0.30
  181 F    -4  -5  -6  -6  -4  -5  -5  -6  -4  -1   5  -5   1   6  -5  -5  -4  -3  -1  -2    0   0   0   0   0   0   0   0   0   1  63   0   3  32   0   0   0   0   0   0  1.23 0.37
  182 N    -3  -1   4  -2  -6  -1  -2  -4  -1  -5  -5   7  -4  -6  -4  -2  -3  -6  -4  -5    0   0  24   1   0   0   0   0   1   0   0  74   0   0   0   1   0   0   0   0  1.49 0.46
  183 I    -1  -2  -4  -4  -3  -3  -2  -3  -2   2   4  -3   2   0  -4  -3  -1  -2  -2   3    3   2   0   1   0   1   4   2   1   9  45   0   4   2   0   0   1   0   0  26  0.48 0.20
  184 E    -4  -3  -3   0  -7   0   8  -5  -3  -6  -6  -2  -5  -6  -4  -3  -4  -6  -5  -5    0   0   0   1   0   1  98   0   0   0   0   0   0   0   0   0   0   0   0   0  2.10 0.56
  185 C    -4  -7  -6  -7  11  -6  -7  -4  -6  -4  -5  -6  -5  -6  -6  -4  -4  -6  -6  -3    0   0   0   0  97   0   0   1   0   0   0   0   0   0   0   1   0   0   0   1  3.54 0.69
  186 C    -3  -6  -5  -6  11  -6  -6  -2  -6  -4  -4  -6  -5  -6  -6  -1  -4  -6  -6  -4    0   0   0   0  89   0   0   4   0   1   1   0   0   0   0   6   0   0   0   0  3.07 0.64
  187 V    -1  -4  -4  -2  -3  -4  -4  -3  -5   4  -1  -4  -1  -2  -4  -2  -1  -5  -2   5    4   0   0   2   0   0   0   2   0  31   2   0   0   1   0   3   1   0   1  54  0.87 0.31
  188 S    -1  -3   4  -2   1  -2  -3  -2  -2  -5  -5  -3  -4  -3  -4   6  -1  -5  -3  -4    1   0  23   0   4   0   0   0   0   0   0   0   0   1   0  68   1   0   1   1  1.16 0.42
  189 G     1  -5  -3  -4  -5  -4  -4   7  -4  -6  -5  -4  -5  -5  -3  -2  -4  -5  -5  -5   14   0   0   0   0   0   0  84   0   0   1   0   0   0   1   1   0   0   0   0  1.71 0.43
  190 T     1  -4  -3  -3  -1  -3  -3  -4  -4  -3  -4  -3  -3  -5  -4   1   7  -5  -4  -2   14   0   0   1   1   0   0   0   0   0   0   0   0   0   0   8  76   0   0   1  1.33 0.44
  191 H    -4  -3  -1  -1  -6  -2  -3  -5  11  -6  -6  -4  -5  -4  -2  -3  -4  -6  -1  -6    1   0   1   4   0   1   0   0  90   0   0   0   0   0   2   0   0   0   0   0  2.82 0.63
  192 S    -2  -3  -2  -3  -3  -3  -3  -3  -4  -3  -5  -3  -4  -5  -3   6   3  -5  -4  -4    0   0   0   0   0   0   0   0   0   1   0   0   0   0   0  82  17   0   0   0  1.44 0.48
  193 M    -4  -5  -5  -6  -4  -4  -5  -6  -5  -1   2  -5  10  -3  -6  -5  -4  -5  -4  -2    0   0   0   0   0   0   0   0   0   1  15   0  84   0   0   0   0   0   0   0  2.37 0.61
  194 D    -5  -4  -1   8  -7  -3   0  -3  -4  -6  -7  -3  -6  -7  -4  -3  -4  -7  -6  -6    0   0   1  96   0   0   3   1   0   0   0   0   0   0   0   0   0   0   0   0  2.30 0.55
  195 L    -3  -2  -2   3  -2   0   3  -4   1  -2   4  -2   0  -2  -4  -3  -2  -4  -1  -2    0   1   1  17   1   2  25   0   4   0  45   0   1   0   0   0   2   0   1   0  0.54 0.26
  196 V    -3  -5  -5  -6  -3  -5  -5  -6  -6   2   1  -5  -1  -3  -5  -4  -3  -5  -4   7    0   0   0   0   0   0   0   0   0   6  10   0   0   0   0   0   0   0   0  84  1.42 0.42
  197 A     5  -4  -2   2  -2  -3  -2   4  -4  -4  -4  -3  -4  -5  -3  -1  -2  -5  -4  -3   51   0   1  14   1   0   0  31   0   0   0   0   0   0   0   2   0   0   0   0  0.89 0.32
  198 L    -4  -5  -6  -6  -4  -5  -5  -6  -5  -1   6  -5   0  -1  -5  -5  -4  -4  -3  -1    0   0   0   0   0   0   0   0   0   0  98   0   0   1   0   0   0   0   0   1  1.59 0.45
  199 A     2  -2  -2  -2   1  -1   2   4  -2  -3  -3  -2  -2  -4  -3  -1  -2  -4  -4  -1   23   2   0   1   4   3  14  42   0   0   1   1   1   0   0   2   1   0   0   5  0.57 0.23
  200 P     3  -4  -3  -4  -4  -3  -3   1  -4  -3  -5  -3  -4  -5   6   1  -1  -5  -5  -4   27   0   0   0   0   0   0  12   0   1   0   0   0   0  49   8   2   0   0   0  1.24 0.35
  201 F    -5  -5  -4  -6  -2  -6  -6  -6  -3  -3  -2  -6  -3   9  -6  -5  -5  -2   4  -3    0   0   1   0   1   0   0   0   0   0   1   0   0  85   0   0   0   0  11   1  2.17 0.52
  202 G    -2  -4  -1  -4   0  -4  -3   7  -4  -6  -6  -4  -5  -5  -4   0  -4  -1  -4  -5    1   0   2   0   2   0   1  85   0   0   0   0   0   0   0   6   0   1   1   0  1.66 0.42
  203 E    -2  -3  -3  -2  -5   1   6  -4  -3  -1   1  -1   5  -3  -4  -2  -2  -4  -4  -2    1   0   0   0   0   4  56   1   0   2  16   1  16   1   0   1   1   0   0   1  0.87 0.34
  204 Y    -5  -5  -5  -6  -6  -5  -5  -6   0  -5  -4  -5  -4   1  -6  -5  -5  -1  10  -4    0   0   0   0   0   0   0   0   1   0   0   0   0   2   0   0   0   0  97   0  2.89 0.66
  205 T    -1   0  -2  -2  -3   0   0  -3  -3  -1  -2   4  -1  -4  -3  -1   3  -4  -3   1    5   3   0   0   0   2   5   0   0   4   2  37   1   0   0   1  28   0   0  13  0.48 0.24
  206 V    -1  -2  -1  -2  -2  -2  -3  -2  -3  -1  -2  -3   4  -3  -3   3   4  -4  -3   2    1   1   3   1   0   0   0   2   0   1   0   0  14   0   0  26  33   0   0  17  0.54 0.27
  207 L    -4  -5  -6  -6  -4  -5  -5  -6  -5   1   6  -5   0   1  -5  -5  -3  -4  -3  -1    0   0   0   0   0   0   0   0   0   3  92   0   0   4   0   0   0   0   0   0  1.45 0.42
  208 P    -2  -3  -5  -4  -6  -4  -3  -5  -5  -5  -4  -1  -5  -6   8  -2  -3  -7  -6  -5    2   1   0   0   0   0   1   0   0   0   1   3   0   0  89   2   0   0   0   0  2.55 0.56
  209 G    -3  -5  -3  -4  -5  -5  -5   7  -5  -7  -7  -4  -6  -6  -5  -3  -4  -5  -6  -6    0   0   0   0   0   0   0 100   0   0   0   0   0   0   0   0   0   0   0   0  2.28 0.52
  210 L    -3  -4  -5  -6  -3  -3  -5  -6  -5   1   6  -5   0  -2  -5  -5  -3  -4  -3   1    1   0   0   0   0   1   0   0   0   4  86   0   0   0   0   0   0   0   0   7  1.25 0.38
  211 D    -5  -5  -1   8  -7  -3  -1  -4  -4  -6  -7  -4  -6  -7  -4  -3  -3  -7  -6  -6    0   0   0  99   0   0   0   0   0   0   0   0   0   0   0   0   1   0   0   0  2.44 0.58
  212 C    -4  -7  -6  -7  12  -6  -7  -6  -7  -5  -5  -7  -5  -6  -6  -4  -4  -6  -6  -4    0   0   0   0 100   0   0   0   0   0   0   0   0   0   0   0   0   0   0   0  3.78 0.73
  213 I    -2  -4  -2  -4  -4  -4  -4  -4  -5  -2  -4  -4  -1  -5  -4  -1   8  -5  -4  -1    1   0   1   0   0   0   0   0   0   2   0   0   1   0   0   0  92   0   0   3  1.80 0.54
  214 L    -5  -6  -6  -7  -5  -6  -6  -6  -4  -2   0  -6  -3   9  -7  -5  -5  -2   0  -2    0   0   0   0   0   0   0   0   0   0   7   0   0  91   0   0   0   0   0   1  2.31 0.54
  215 A    -1  -4  -4  -4  -5  -3  -4  -5  -3  -5  -5  -3  -5  -6   8   0  -2  -6  -6  -5    5   0   0   0   0   0   0   0   1   0   1   0   0   0  85   7   1   0   0   0  2.38 0.53
  216 G    -2   2   0  -1  -2  -2  -1   6  -2  -5  -5   0  -4  -5  -4   0  -3  -5  -5  -5    1  11   4   2   1   0   4  63   1   0   0   6   0   0   0   7   1   0   0   0  1.00 0.30
  217 G    -2  -5  -3  -4  -5  -5  -5   7  -5  -7  -7  -4  -6  -6  -5  -3  -4  -5  -6  -6    1   0   0   0   0   0   0  99   0   0   0   0   0   0   0   0   0   0   0   0  2.24 0.52
  218 Y    -4  -5  -5  -6  -5  -5  -5  -6  -1  -4  -4  -5  -2   5  -6  -4  -4  -1   9  -4    1   0   0   0   0   0   0   0   0   0   0   0   1  18   0   1   0   0  80   0  2.33 0.56
  219 Q    -2  -2  -2   0  -5   4   6  -2  -1  -5  -5  -1  -4  -5  -3   2  -2  -5  -4  -4    1   0   0   3   0  20  53   2   1   0   0   1   0   0   0  18   0   0   0   0  1.01 0.35
  220 G    -1  -3  -2  -2  -4  -3  -2   6  -4  -6  -6  -3  -5  -5  -4   3  -1  -5  -5  -5    1   1   0   2   0   0   1  67   0   0   0   0   0   0   0  27   2   0   0   0  1.31 0.38
  221 L    -4  -5  -6  -6  -4  -5  -5  -6  -5   0   6  -5   0  -2  -6  -5  -4  -4  -4  -1    0   0   0   0   0   0   0   0   0   1  98   0   0   0   0   0   0   0   0   1  1.60 0.45
  222 T    -1  -4  -4  -4  -3  -4  -4  -4  -4   5  -1  -4  -2  -3   3  -1   4  -5  -3   2    3   0   0   0   0   0   0   0   0  43   0   0   0   0  14   3  27   0   0  11  0.75 0.30
  223 D    -2   0   4   5  -5   0   2  -3   0  -5  -5   3  -4  -5  -3   0  -1  -5  -3  -4    1   3  21  33   0   3  12   0   2   0   0  18   0   0   0   5   2   0   0   0  0.72 0.25
  224 R    -1   3   4  -2   6   0  -2  -3   5  -4  -4   0  -3  -4  -4   0  -2  -5  -3  -4    5  21  21   0  20   2   0   1  18   0   0   4   0   0   0   6   0   0   0   0  0.80 0.29
  225 I    -3  -4  -5  -6  -4  -4  -5  -6  -5   4   4  -4   7  -2  -5  -4  -3  -4  -3   0    0   0   0   0   0   0   0   0   0  23  40   0  36   0   0   0   0   0   0   1  1.19 0.37
  226 L    -2  -3  -5  -5  -4  -3  -4  -5  -4   0   3   0   8  -2  -5  -4  -3  -4  -3   0    3   1   0   0   0   0   0   0   0   2  29   5  55   0   0   0   0   0   0   5  1.28 0.41
  227 A     3  -1   0  -2  -3  -1  -1  -2  -3  -3  -2   1  -2  -4  -3   4   1  -3  -3  -3   30   2   4   0   0   1   2   1   0   0   4  11   0   0   0  39   5   0   0   0  0.53 0.25
  228 S     1  -2  -1   0  -4  -1   4  -1  -3  -4  -4  -1  -4  -5   0   4   0  -5  -4  -3   10   0   1   4   0   0  39   3   0   0   0   1   0   0   4  35   3   0   0   0  0.70 0.29
  229 L    -4  -5  -6  -6  -4  -5  -5  -6  -5   0   6  -5   0   0  -5  -5  -4  -4  -3  -2    0   0   0   0   0   0   0   0   0   1  96   0   0   2   0   0   0   0   0   0  1.57 0.44
  230 P    -4  -4  -4  -5  -6  -4  -4  -5  -5  -6  -6  -4  -6  -7   9  -3  -4  -7  -6  -6    0   0   1   0   0   0   0   0   0   0   0   0   0   0  98   1   0   0   0   0  3.03 0.63
  231 K     0   0   0   0  -3   1   3  -1  -2  -4  -4   4  -3  -5  -1   2  -1  -4  -3  -4    7   2   3   4   0   4  25   3   0   0   0  32   0   0   3  15   2   0   0   0  0.51 0.22
  232 D    -3  -4   0   6  -5  -3  -1   5  -4  -6  -6  -3  -5  -6  -4  -2  -3  -6  -5  -6    0   0   3  48   0   0   2  46   0   0   0   0   0   0   0   0   0   0   0   0  1.38 0.39
  233 T    -1  -3  -3  -4  -2  -3  -3  -4  -4   3   2  -3   1  -2  -3   0   3  -4  -3   2    2   0   0   0   0   0   0   0   0  22  21   0   4   0   0   9  26   0   0  17  0.47 0.21
  234 V    -3  -5  -5  -6  -3  -4  -5  -6  -5   2   0  -5   4  -1  -5  -4  -2  -5  -3   6    0   0   0   0   0   0   0   0   0   7   3   0  12   2   0   0   0   0   0  76  1.28 0.40
  235 A    -1  -3  -3  -3  -3  -2  -3  -4  -4   0   3  -2   0  -2  -3   2   3  -4  -3   2    2   0   0   0   0   1   0   0   0   3  34   1   1   0   0  18  22   0   0  18  0.43 0.22
  236 F    -4  -5  -5  -6  -5  -4  -5  -6  -2  -2   2  -5  -2   6  -6  -4  -4  -1   7  -3    0   0   0   0   0   0   0   0   0   0  22   0   0  34   0   0   0   0  44   0  1.49 0.41
  237 D    -4  -2   8   2  -5  -2  -1  -2   1  -6  -6  -2  -5  -6  -4   0  -3  -6  -4  -5    0   2  78   8   0   0   3   1   2   0   0   1   0   0   0   5   0   0   0   0  1.67 0.46
  238 K    -3   3  -2  -3   1   1  -2  -4  -1  -5  -4   6  -1  -5  -4  -2  -2  -5  -4  -4    0  17   1   0   3   6   0   0   1   0   0  68   1   0   0   0   2   0   0   0  1.21 0.39
  239 P     2  -5  -5  -4  -5  -3  -4  -4  -5  -5  -5  -4  -5  -6   8  -3  -3  -6  -6  -4   18   0   0   0   0   1   0   0   0   0   0   0   0   0  80   0   1   0   0   1  2.27 0.52
  240 V    -3  -5  -6  -6  -4  -5  -5  -6  -6   0  -2  -5  -2  -4  -5  -4  -3  -6  -4   7    0   0   0   0   0   0   0   0   0   1   0   0   0   0   0   0   0   0   0  99  1.87 0.52
  241 K    -3   6  -2  -3  -3   0  -1  -4   1  -5  -5   5  -3  -5  -4  -1  -2  -5  -4  -5    0  41   0   0   1   1   1   0   4   0   0  48   0   0   0   2   2   0   0   0  1.21 0.38
  242 T    -2  -1  -4  -5   9  -4  -4  -4  -4  -3  -4  -3  -4  -4  -4  -1   5  -5  -4  -3    1   3   0   0  46   0   0   0   0   0   0   0   0   0   0   4  44   0   0   1  1.67 0.46
  243 I    -3  -5  -6  -6  -3  -5  -5  -6  -6   6  -1  -5  -1  -3  -5  -4  -3  -5  -4   5    0   0   0   0   0   0   0   0   0  63   1   0   0   0   0   0   0   0   0  36  1.39 0.40
  244 H    -4   2  -1  -3  -6   2  -2  -5  10  -6  -5  -3  -4  -4  -5  -3  -4   1  -1  -6    0  10   2   1   0   8   1   0  74   0   0   0   0   0   0   1   0   2   1   0  2.13 0.53
  245 W    -6  -7  -8  -8  -6  -6  -7  -6  -6  -6  -5  -7  -5  -3  -8  -7  -6  13  -1  -7    0   0   0   0   0   0   0   0   0   0   0   0   0   0   0   0   0 100   0   0  4.70 0.85
  246 N    -3   1   7   0  -3   3  -2   0   0  -5  -5   0  -3  -5  -4   0  -2  -5  -4  -5    1   6  57   3   1  13   0   6   1   0   0   4   0   0   0   7   1   0   0   0  1.02 0.34
  247 G    -2  -1   4   0  -2  -3  -3   5  -3  -5  -5  -3  -4  -4  -4   0  -3  -3  -1  -5    1   3  27   4   1   0   0  54   0   0   0   0   0   0   0   7   0   0   3   0  1.03 0.31
  248 S     0  -3  -1  -3  -1  -2  -2  -2  -3  -2  -4  -2  -3  -4  -3   5   4  -5  -4  -3    7   0   1   0   1   0   0   1   0   2   0   1   0   0   0  61  24   0   0   1  0.95 0.36
  249 F    -3  -3  -3  -1  -3  -2   3  -3   1  -3  -2  -1  -2   7  -4  -2  -3  -2   3  -3    0   1   1   3   1   1  22   2   3   0   1   4   0  49   0   2   0   0   9   1  0.87 0.30
  250 Q    -2   3   0  -1   0   4   0  -2   2  -3  -2   3  -2  -3  -1   1  -1  -4  -2  -3    0  22   4   2   3  21   3   2   5   0   4  17   0   1   2   9   3   0   0   1  0.39 0.17
  251 E    -1   2  -1   0  -4   1   5   2  -1  -4  -4   0  -3  -4  -1  -1  -1  -4  -3  -3    4  12   1   2   0   5  45  17   1   0   1   4   0   0   2   2   3   0   0   1  0.58 0.22
  252 A     2  -2   0   1  -3   0   4  -1  -2  -3  -3  -1  -3  -4   1   1  -1  -4  -3  -1   21   1   3   5   0   2  35   5   0   0   1   2   0   0   8  10   2   0   0   5  0.40 0.18
  253 A     1  -2   4   0  -3  -1   0   3   0  -3  -3  -1  -3  -4  -2   2   0  -3  -3  -3   13   0  23   2   0   1   4  26   2   1   2   3   0   0   1  16   5   0   0   1  0.41 0.17
  254 F     0  -2   0   2  -1   0  -1  -2   0  -2  -1  -1  -1   2   0   2   1  -2  -1  -1    7   1   3  17   1   4   1   1   2   1   4   1   1  10   5  22  12   0   1   4  0.18 0.10
  255 P    -1  -1   1   1  -2   0   1  -1   0  -2  -2   0  -1  -2   4   0   0  -2  -2  -1    4   2   6  10   1   4   9   4   2   2   4   7   2   1  25   8   6   0   1   3  0.33 0.08
  256 G     1  -2  -1   0  -2  -1   1   4  -2  -2  -2  -1  -2  -3  -2   1  -1  -2  -2  -2   14   2   1   4   1   2  10  41   1   1   3   3   1   1   1   8   4   0   1   2  0.41 0.12
  257 E    -1   4  -1  -1  -3   1   3  -1   2  -2  -2   0  -1  -2  -1  -1   0  -2  -1  -2    2  33   1   3   1   4  22   5   5   2   3   3   1   1   2   4   5   0   2   2  0.37 0.13
  258 T     0  -1  -1   2  -2  -1   0  -2  -2   0  -1   0  -1  -1  -1   1   3  -2  -2   1    4   3   2  14   1   1   4   2   1   5   6   4   1   2   2   8  30   0   1   9  0.18 0.09
  259 F    -2  -2  -2  -3   2  -2  -2  -3   1  -1  -1  -2  -1   7  -3  -2  -2  -1   3  -2    2   2   2   1   4   2   2   2   3   2   3   2   1  55   1   2   2   0  10   2  0.83 0.21
  260 P    -2  -3  -3  -3  -4  -3  -3  -1  -3  -4  -4  -3  -4  -4   8  -1  -3  -4  -4  -4    2   1   1   1   0   1   1   4   0   1   1   1   0   1  80   3   1   0   0   1  2.06 0.41
  261 V    -3  -5  -6  -6  -3  -5  -5  -6  -6   1  -1  -5  -2  -3  -5  -4  -3  -6  -4   7    0   0   0   0   0   0   0   0   0   2   1   0   0   0   0   0   0   0   0  97  1.77 0.50
  262 L    -2   2  -2  -3  -3   2  -2  -4  -2   0   2  -1   3  -2  -3  -1   3  -2  -3   0    1  15   1   0   0  14   1   0   0   2  26   2   9   0   0   3  21   0   0   6  0.34 0.20
  263 V    -2  -5  -6  -6  -3  -5  -5  -6  -6   3  -1  -5  -2  -3  -5  -4  -3  -5  -4   7    1   0   0   0   0   0   0   0   0  10   1   0   0   0   0   0   0   0   0  87  1.55 0.45
  264 E    -4  -3  -3  -1  -7   1   8  -5  -3  -6  -6  -2  -5  -6  -4  -3  -4  -6  -5  -5    0   0   0   0   0   4  96   0   0   0   0   0   0   0   0   0   0   0   0   0  2.05 0.55
  265 C    -4  -7  -6  -7  11  -6  -7  -6  -6  -5  -4  -7  -5  -4  -6  -4  -4  -6  -6  -4    0   0   0   0  98   0   0   0   0   0   1   0   0   1   0   0   1   0   0   0  3.62 0.71
  266 E    -2  -2  -1   3  -5   0   6  -4  -2  -2  -5  -1  -4  -4  -3  -2  -3  -5  -4  -1    2   0   1  17   0   1  67   0   1   3   0   1   0   0   0   1   0   0   0   4  1.16 0.37
  267 D    -3  -4   4   7  -6  -3  -1  -2  -3  -6  -6  -3  -5  -6  -4  -2  -2  -7  -5  -6    1   0  19  76   0   0   0   2   0   0   0   0   0   0   0   1   1   0   0   0  1.74 0.46
  268 G    -2  -4  -3  -4  -5  -4  -3   7  -4  -7  -6  -3  -5  -6  -5  -3  -4  -5  -6  -6    0   1   0   0   0   0   2  97   0   0   0   1   0   0   0   0   0   0   0   0  2.11 0.50
  269 A    -2  -3  -2   4  -5   0   5  -1  -2  -5  -5  -1  -4  -5  -3  -1   0  -5  -4  -4    3   0   0  29   0   1  52   4   0   0   0   2   0   0   0   3   5   0   0   0  1.03 0.34
  270 R     0   4  -2  -3   3  -1  -2  -3  -2  -2  -3   2   0  -4  -3   0   3  -4  -3  -1    6  31   0   0   8   1   0   0   0   2   0  15   3   0   0   7  22   0   0   3  0.51 0.23
  271 L    -4  -5  -5  -6  -4  -5  -5  -6  -4   4   1  -5   0   7  -5  -5  -3  -2   0   0    0   0   0   0   0   0   0   0   0  29   9   0   2  55   0   0   0   0   0   5  1.27 0.36
  272 P     2  -3  -2  -3  -3  -2  -1  -3  -4  -1   2  -3  -2  -2   5  -1   0  -4  -3   0   22   0   2   0   0   1   4   0   0   1  26   0   0   1  32   1   4   0   0   6  0.61 0.23
  273 A     7  -4  -4  -4  -3  -3  -4  -2  -4  -4  -4  -3  -4  -5  -3  -1  -1  -5  -4  -2   96   0   0   0   0   0   0   0   0   0   0   0   0   0   0   0   2   0   0   1  1.63 0.50
  274 H    -4  -4  -1   7  -6  -3  -1  -4   6  -6  -6  -3  -5  -6  -4  -3  -4  -7  -4  -6    0   0   1  77   0   0   0   0  21   0   0   0   0   0   0   0   0   0   0   0  1.97 0.50
  275 H    -5  -4  -3  -5  -7  -3  -3  -6  11  -7  -6  -4  -5  -5  -6  -4  -5  -6  -1  -7    0   0   0   0   0   0   0   0 100   0   0   0   0   0   0   0   0   0   0   0  3.41 0.72
  276 V    -3  -5  -6  -6  -4  -5  -5  -6  -6   1  -2  -5  -2  -4  -5  -4  -3  -6  -4   7    0   0   0   0   0   0   0   0   0   2   0   0   0   0   0   0   0   0   0  98  1.82 0.51
  277 I    -4  -6  -6  -6  -4  -5  -6  -7  -6   8  -1  -5  -1  -3  -5  -5  -3  -5  -4   2    0   0   0   0   0   0   0   0   0  92   2   0   0   0   0   0   0   0   0   7  1.83 0.48
  278 V    -2  -5  -5  -6  -2  -5  -5  -6  -6   3   1  -5  -1  -2  -5  -4  -2  -5  -3   6    0   0   0   0   0   0   0   0   0  13  10   0   0   0   0   0   0   0   0  76  1.26 0.39
  279 T    -3  -4  -3  -4  -4  -4  -4  -5  -5  -4  -4  -4  -4  -5  -4  -1   8  -6  -5  -3    0   0   0   0   0   0   0   0   0   0   0   0   0   0   0   0 100   0   0   0  2.11 0.59
  280 V    -3  -5  -6  -6  -3  -5  -5  -6  -6   2  -1  -5  -2  -3  -5  -4  -3  -5  -4   7    0   0   0   0   0   0   0   0   0   8   2   0   0   0   0   0   0   0   0  89  1.58 0.46
  281 P    -4  -5  -5  -4  -6  -4  -4  -5  -5  -6  -6  -4  -5  -7   9   0  -3  -7  -6  -5    0   0   0   0   0   0   0   0   0   0   0   0   0   0  91   9   0   0   0   0  2.72 0.59
  282 L    -4  -5  -6  -6  -4  -4  -5  -6  -5  -1   6  -5   0  -2  -5  -5  -4  -4  -3  -2    0   0   0   0   0   0   0   0   0   0  98   0   0   0   0   0   0   0   0   0  1.59 0.44
  283 G    -2  -5  -3  -4  -5  -4  -5   7  -5  -6  -6  -4  -5  -6  -5  -3  -4  -5  -6  -6    0   0   0   0   0   0   0  98   0   0   0   0   0   0   0   0   0   0   0   0  2.18 0.50
  284 F    -4  -5  -5  -6  -2  -5  -5  -5  -1  -3  -3  -5  -3   7  -6  -4  -4  -1   7  -2    0   0   0   0   1   0   0   0   1   0   0   0   0  51   0   0   0   0  43   3  1.82 0.45
  285 L    -4  -4  -6  -6  -4  -4  -5  -6  -5  -1   6  -5   2  -1  -5  -5  -3  -4  -3  -1    0   0   0   0   0   0   0   0   0   0  94   0   4   1   0   0   0   0   0   0  1.47 0.42
  286 K    -3   0  -3  -3  -6  -1  -2  -4  -3  -5  -5   8  -4  -6  -4  -3  -3  -6  -5  -5    0   0   0   0   0   1   0   0   0   0   0  97   0   0   0   0   0   0   0   0  1.99 0.54
  287 E    -3   0  -2  -1  -5   0   5  -3  -1  -5  -5   5  -2  -5  -3  -2  -3  -5  -4  -4    0   3   0   0   0   2  48   1   1   0   0  42   1   0   0   0   0   0   0   0  1.15 0.37
  288 H    -4   3  -1  -4  -1   1  -2  -5  10  -6  -5  -1  -4  -4  -5  -3  -4  -5  -1  -5    0  16   1   0   2   5   1   0  71   0   0   3   0   0   0   0   0   0   1   0  2.02 0.50
  289 Q    -2  -2  -2  -3   0   3  -2  -4   8  -3   1  -2   0  -2  -4  -2  -3  -3   2  -3    3   1   0   0   2  16   0   0  50   0  13   0   3   0   0   3   0   0   7   0  1.16 0.37
  290 D    -1  -1   1   3  -4   3   2  -2   0  -4  -4   0  -2  -4  -3   3   0  -4  -3  -2    2   2   4  22   0  19  10   1   2   0   1   3   1   0   0  29   3   0   0   2  0.50 0.22
  291 T    -1  -2  -2   3  -3  -2   0  -4  -3  -3  -4  -3  -3  -4  -3   1   6  -5  -3  -3    3   1   0  17   0   0   4   0   0   1   0   0   0   0   0   6  66   0   1   0  1.04 0.37
  292 F    -4  -5  -5  -6  -4  -5  -5  -5  -4  -1   4  -5   0   7  -5  -5  -4  -2   0  -2    0   0   0   0   0   0   0   0   0   0  42   0   1  55   0   0   0   0   0   0  1.39 0.39
  293 F    -4  -5  -5  -6  -5  -5  -5  -6  -4   0   1  -5  -2   8  -6  -5  -4  -2   0  -2    0   0   0   0   0   0   0   0   0   4  15   0   0  79   0   0   0   0   0   1  1.82 0.45
  294 E    -2   1   1   1   4   4   2  -3   4  -4  -4  -1  -3  -4  -3   2  -2  -3  -2  -3    0   8   5   6  10  23  11   0  14   0   0   0   0   0   0  20   0   0   1   0  0.56 0.24
  295 P    -4  -5  -5  -4  -6  -4  -4  -5  -5  -6  -6  -4  -5  -6   9  -4  -4  -6  -6  -5    0   0   0   0   0   0   0   0   0   0   0   0   0   0  98   0   0   0   0   0  3.02 0.62
  296 P    -3  -3  -4  -4  -5  -1  -3  -5  -3  -4  -5  -3  -5  -6   8  -2  -3  -6  -5  -5    1   1   0   0   0   3   1   0   0   1   1   0   0   0  87   2   1   0   0   0  2.46 0.53
  297 L    -4  -4  -6  -6  -4  -4  -5  -6  -5  -1   6  -5   0  -1  -3  -5  -3  -4  -3  -1    0   0   0   0   0   0   0   0   0   0  95   0   1   1   1   0   0   0   0   0  1.49 0.42
  298 P    -4  -5  -5  -4  -6  -4  -4  -5  -5  -6  -6  -4  -5  -6   9  -4  -4  -6  -6  -5    0   0   0   0   0   0   0   0   0   0   0   0   0   0  98   0   0   0   0   0  3.02 0.62
  299 A     1  -1  -2  -2  -3   0   1  -3  -2  -1   2  -1  -1  -2   2   1   1  -3  -2  -1   16   1   0   1   0   5  12   0   1   1  27   3   0   0  12  10   8   0   1   2  0.22 0.14
  300 K    -2   3   1  -2  -5   3   2  -2   7  -5  -4   0  -3  -4  -3   0  -2   1  -1  -4    2  18   5   0   0  13  14   2  34   0   0   2   0   0   0   6   1   2   1   0  0.80 0.28
  301 K    -3   0  -3  -3  -6  -1  -2  -4  -3  -5  -5   8  -4  -6  -4  -3  -3  -6  -5  -5    0   0   0   0   0   0   0   0   0   0   0  98   0   0   0   0   0   0   0   0  2.02 0.54
  302 A     3  -3  -4  -4  -2  -2  -3  -3  -4   1   3  -3   1  -2  -3  -1  -1  -4  -3   1   36   0   0   0   0   1   0   0   0   7  37   0   4   0   0   3   1   0   0  10  0.48 0.22
  303 E    -2  -1   0   1  -3   3   4  -4   7  -5  -4   0  -3  -4  -3  -2  -3  -5  -2  -4    2   1   3   6   1  11  36   0  33   0   1   4   0   0   0   1   0   0   0   0  1.00 0.33
  304 A     5  -3  -2  -3  -2  -3  -3  -2  -3  -3  -4  -3  -3  -4  -3   5  -1  -5  -4  -1   47   0   0   0   0   0   0   0   0   0   0   0   0   0   0  46   1   0   0   4  0.96 0.36
  305 I    -3  -5  -5  -5  -4  -5  -5  -6  -6   7  -1  -5  -1  -3  -5  -5  -3  -5  -4   2    0   0   0   0   0   0   0   0   0  84   1   0   0   0   0   0   1   0   0  12  1.59 0.43
  306 K    -3   5  -1  -3  -4   6   0  -3   2  -5  -4   1  -2  -5  -4  -2  -3  -4  -3  -4    0  37   1   0   0  43   5   1   6   0   0   5   0   0   0   1   0   0   0   0  1.16 0.37
  307 K    -3   6   1  -3  -1   0  -2  -4   1  -5  -4   5  -3  -5  -4  -2  -2  -5  -4  -4    0  48   8   0   1   2   0   0   3   0   0  34   0   0   0   1   2   0   0   0  1.10 0.34
  308 L    -3  -4  -5  -6  -3  -2  -5  -6  -5   3   5  -4   5  -1  -5  -4  -3  -4  -3   0    0   0   0   0   0   2   0   0   0  14  60   0  21   1   0   0   0   0   0   2  1.04 0.33
  309 G    -2  -5  -3  -4  -5  -5  -5   7  -5  -7  -7  -4  -6  -6  -5  -2  -4  -5  -6  -6    0   0   0   0   0   0   0  99   0   0   0   0   0   0   0   1   0   0   0   0  2.25 0.52
  310 F    -5  -6  -6  -7  -6  -6  -6  -6  -4  -3  -3  -6  -3   9  -7  -6  -5  -2   0  -4    0   0   0   0   0   0   0   0   0   0   0   0   0 100   0   0   0   0   0   0  2.70 0.61
  311 G    -3  -5  -3  -4  -5  -5  -5   7  -5  -7  -7  -4  -6  -6  -5  -3  -4  -5  -6  -6    0   0   0   0   0   0   0 100   0   0   0   0   0   0   0   0   0   0   0   0  2.28 0.52
  312 T    -3  -4  -3  -4  -4  -4  -4  -5  -5  -3  -3  -4  -3  -5  -4  -1   8  -5  -5  -3    0   0   0   0   0   0   0   0   0   1   1   0   0   0   0   0  98   0   0   0  2.01 0.58
  313 N    -4  -3   8  -2   4  -3  -3  -3  -2  -6  -6  -2  -3  -6  -5  -1  -1  -6  -3  -4    1   0  82   0  10   0   0   0   0   0   0   1   1   0   0   2   2   0   1   1  1.86 0.51
  314 N    -5  -3   9   1  -6  -3  -3  -3  -2  -6  -7  -3  -5  -6  -5  -2  -3  -7  -5  -6    0   0  95   5   0   0   0   0   0   0   0   0   0   0   0   0   0   0   0   0  2.34 0.58
  315 K    -4  -1  -3  -4  -6  -1  -2  -4  -4  -6  -5   8  -4  -6  -4  -3  -4  -6  -5  -5    0   0   0   0   0   0   0   0   0   0   0 100   0   0   0   0   0   0   0   0  2.10 0.57
  316 I    -4  -6  -6  -6  -4  -6  -6  -7  -6   8  -1  -5  -1  -3  -6  -5  -3  -5  -4   1    0   0   0   0   0   0   0   0   0  94   0   0   0   0   0   0   0   0   0   5  1.91 0.50
  317 F    -5  -5  -6  -6  -5  -5  -6  -6   0  -1  -1  -6  -2   8  -6  -5  -5  -2   3  -3    0   0   0   0   0   0   0   0   2   3   4   0   0  83   0   0   0   0   7   1  2.00 0.49
  318 L    -3  -4  -5  -6  -3  -4  -5  -6  -5   0   5  -5   1  -2  -5  -4  -3  -4  -3   4    1   0   0   0   0   0   0   0   0   1  66   0   2   0   0   0   0   0   0  30  1.08 0.35
  319 E    -4  -3  -3  -1  -7  -1   8  -5  -3  -6  -6  -2  -5  -6  -4  -3  -4  -6  -5  -6    0   0   0   1   0   0  99   0   0   0   0   0   0   0   0   0   0   0   0   0  2.17 0.58
  320 F    -5  -6  -6  -7  -5  -6  -6  -6  -4  -3  -2  -6  -3   9  -7  -5  -5  -2   1  -4    0   0   0   0   0   0   0   0   0   0   1   0   0  99   0   0   0   0   1   0  2.66 0.60
  321 E    -3  -3  -1   4  -6   0   7  -4  -3  -6  -6  -1  -5  -6  -4  -3  -3  -6  -5  -5    1   0   1  19   0   1  77   0   0   0   0   1   0   0   0   0   0   0   0   0  1.60 0.46
  322 E    -1  -1  -1  -1  -4   4   4  -3  -2  -5  -4   2  -3  -5  -3   3  -2  -5  -4  -4    3   1   1   0   0  24  31   0   0   0   0  15   0   0   0  23   1   0   0   0  0.75 0.30
  323 P    -2  -3  -5  -5  -6  -4  -4  -5  -5  -6  -6  -4  -6  -7   9  -4  -4  -7  -6  -5    2   1   0   0   0   0   0   0   0   0   0   0   0   0  97   0   0   0   0   0  2.94 0.62
  324 F    -5  -6  -6  -7  -5  -6  -6  -6  -4  -4  -3  -6  -3   8  -7  -6  -5   9   0  -4    0   0   0   0   0   0   0   0   0   0   0   0   0  69   0   0   0  31   0   0  2.55 0.57
  325 W    -6  -7  -8  -8  -6  -6  -7  -6  -6  -6  -5  -7  -5  -3  -8  -7  -6  13  -1  -7    0   0   0   0   0   0   0   0   0   0   0   0   0   0   0   0   0 100   0   0  4.70 0.85
  326 E    -3  -3  -2   6  -6  -1   5  -3  -3  -6  -6   0  -5  -6  -2  -2  -3  -6  -5  -5    0   0   0  47   0   1  46   1   0   0   0   3   0   0   2   0   0   0   0   0  1.36 0.40
  327 P     3  -4  -4  -1  -4  -3   1  -4  -4  -5  -4  -3  -4  -6   7  -1  -2  -6  -5  -3   26   0   0   2   0   0   8   0   0   0   0   0   0   0  60   2   1   0   0   1  1.54 0.41
  328 D    -3  -3   1   7  -6   2   2  -1  -1  -5  -6  -2  -5  -6  -4  -2  -3  -6  -4  -5    1   0   5  62   0  12  12   5   1   0   0   0   0   0   0   1   0   0   0   0  1.24 0.37
  329 C    -3  -5  -5  -5  10   3  -4  -5  -3  -4  -4  -4  -4  -5  -5  -1  -1  -5  -1  -3    1   0   0   0  74  15   0   0   1   0   0   0   0   0   0   4   3   0   3   0  2.37 0.55
  330 Q    -3  -1  -2   1  -6   6   5  -3  -1  -5  -5  -1  -3  -5  -4  -2  -1  -5  -1  -5    0   1   0   6   0  41  43   1   1   0   0   1   0   0   0   1   3   0   2   0  1.18 0.39
  331 F    -1  -2  -3  -4  -3  -1  -3  -4   2   2   2  -3   1   2  -4  -2  -2  -2   1   3    5   1   0   0   0   3   0   0   8  13  27   0   2   8   0   1   0   0   4  27  0.38 0.17
  332 I    -4  -5  -6  -6  -4  -5  -6  -6  -6   7   2  -5   1  -2  -5  -5  -3  -5  -4   1    0   0   0   0   0   0   0   0   0  79  16   0   3   0   0   0   0   0   0   3  1.46 0.41
  333 Q    -3   0  -1  -2  -3   5   3  -4   3  -4  -4  -1  -3   1  -4  -2  -3  -2   5  -4    0   3   2   0   1  29  22   0   6   0   0   2   0   6   0   1   0   0  27   0  0.85 0.32
  334 V    -2  -4  -5  -5  -3  -4  -5  -5  -5   1   4  -4   1   1  -3  -4  -3  -4  -2   4    1   0   0   0   0   0   0   0   0   3  49   0   2   6   1   0   0   0   0  39  0.84 0.29
  335 V    -2  -5  -5  -6  -3  -5  -5  -6  -6   2   1  -5  -1  -3  -5  -4  -2  -5  -4   6    1   0   0   0   0   0   0   0   0   6  11   0   1   0   0   0   0   0   0  81  1.32 0.40
  336 W    -6  -7  -8  -8  -6  -6  -7  -6  -6  -6  -5  -7  -5  -3  -8  -7  -6  13  -1  -7    0   0   0   0   0   0   0   0   0   0   0   0   0   0   0   0   0 100   0   0  4.70 0.85
  337 E    -3  -2  -2   1  -6  -1   7  -5  -3  -6  -5   0  -5  -6  -4  -3  -3  -6  -5  -5    1   0   1   6   0   0  87   0   0   0   1   3   0   0   0   0   1   0   0   0  1.72 0.49
  338 D    -4  -4   0   8  -6  -3  -1   1  -4  -6  -6  -3  -6  -6  -4  -2  -4  -7  -6  -6    0   0   3  87   0   0   1   9   0   0   0   0   0   0   0   1   0   0   0   0  1.95 0.49
  339 T    -2  -3  -3   0  -5  -1   7  -4  -3  -5  -5  -1  -1  -5  -4  -1   2  -5  -4  -4    3   0   0   2   0   0  74   0   0   0   0   1   1   0   0   4  15   0   0   0  1.30 0.42
  340 S    -1  -2  -1   3  -3  -2   1  -2  -2  -4  -4  -1  -3  -4  -2   5   1  -5  -1  -3    1   1   2  15   0   0  10   1   1   0   0   1   0   0   1  59   5   0   3   1  0.75 0.32
  341 P     0  -3  -2   2  -4  -3  -1  -2   1  -4  -3  -2  -4  -5   7  -1  -1  -5  -4  -2    9   0   1  13   0   0   2   3   3   0   2   1   0   0  56   3   3   0   0   3  1.23 0.33
  342 L    -3  -4  -5  -5  -3  -4  -5  -5  -5   2   5  -4   4   1  -2  -4  -3  -3  -3   0    0   0   0   0   0   0   0   0   0   8  71   0  10   5   2   1   0   0   0   4  0.99 0.31
  343 Q     1  -2  -2  -1  -2   2   3  -3  -2  -1   0  -1  -1  -3  -3   0   0  -4  -2   3   10   1   1   1   0  10  24   0   0   1   6   1   1   0   0   8   6   0   1  26  0.26 0.17
  344 D    -3  -3   0   7  -6  -1   4  -2  -3  -5  -5  -1  -5  -6  -3  -1  -3  -6  -5  -4    1   0   3  60   0   1  26   1   0   0   0   2   0   0   0   4   0   0   0   1  1.28 0.37
  345 T     1  -1  -2  -3  -3   4  -1  -3   2  -2  -2   0  -1  -3   4  -1   1   0  -3   1   11   2   0   0   0  22   2   1   5   1   1   3   1   0  23   2  10   1   0  14  0.45 0.21
  346 A     2   0  -2  -2  -2  -1  -1  -2  -3   0  -2   0  -1  -3   0   1   0  -4  -3   3   17   6   1   1   0   2   3   2   0   2   0   6   1   1   4  15   5   0   0  35  0.25 0.17
  347 L     1  -3  -2  -2  -3  -1  -1  -3  -3  -3   0  -1  -2  -4   5   2   2  -4  -3  -2   13   0   0   1   0   1   3   0   0   1   9   3   1   0  32  22  14   0   0   0  0.64 0.24
  348 S    -2  -3   2   7  -5  -1   1  -2  -3  -5  -5  -2  -5  -6  -1   0  -2  -6  -5  -4    3   0   8  68   0   1   7   2   0   0   0   1   0   0   2   5   1   0   0   1  1.27 0.37
  349 L    -3  -3  -4  -5  -3  -3  -4  -4  -4   2   4  -4   3  -1  -3  -4  -2  -2  -3   3    0   0   1   0   0   0   0   1   0  12  55   0   6   0   1   0   0   0   0  20  0.75 0.26
  350 Q    -2   1  -1  -2  -5   6   3  -3   1  -4  -4   3  -3  -5  -1   0  -2  -4  -3  -4    0   7   1   0   0  40  18   1   3   0   1  19   0   0   3   7   0   0   0   0  0.80 0.30
  351 D     2   2   0   3  -3   1  -1  -1   0  -3  -3   2   0  -3  -3   0   1  -4  -3  -3   19  15   4  20   0   5   1   2   2   0   0  16   3   1   0   4   8   0   0   0  0.32 0.16
  352 T     1  -2   3   0  -2  -2  -1  -2  -1  -2  -2  -2  -2  -1  -1   3   1  -4  -2  -1   15   0  19   3   0   0   3   1   1   2   2   1   0   3   2  34  10   0   0   3  0.37 0.20
  353 W    -6  -7  -8  -8  -6  -6  -7  -4  -6  -6  -5  -7  -5  -3  -8  -7  -6  13  -1  -7    0   0   0   0   0   0   0   1   0   0   0   0   0   0   0   0   0  99   0   0  4.60 0.84
  354 F    -3  -5  -5  -5  -3  -5  -5  -4  -4   5  -1  -5   3   6  -5  -4  -2  -2   0   1    0   0   0   0   0   0   0   1   0  34   1   0   8  44   0   0   1   0   1   9  1.07 0.34
  355 K    -3   5  -3  -3  -6   2  -1  -4  -3  -5  -5   6  -4  -6  -4  -3  -3  -5  -4  -5    0  31   0   0   0   7   0   0   0   0   0  62   0   0   0   0   0   0   0   0  1.42 0.42
  356 K    -4  -1  -3  -4  -6  -1  -2  -4  -4  -6  -5   8  -4  -6  -4  -3  -4  -6  -5  -5    0   0   0   0   0   1   0   0   0   0   0  98   0   0   0   0   0   0   0   0  2.05 0.56
  357 L    -4  -4  -6  -6  -3  -4  -5  -6  -5   3   6  -5   3  -2  -5  -5  -3  -4  -3  -1    0   0   0   0   0   0   0   0   0  14  77   0   8   0   0   0   0   0   0   1  1.22 0.36
  358 I     0  -4  -3  -4  -1  -4  -4  -3  -4   4  -1  -4   0   4  -1   1  -1  -3  -1   1    7   0   0   0   1   0   0   1   0  37   1   0   1  22   3  16   2   0   0   8  0.50 0.24
  359 G     0  -3  -3  -3   2  -4  -4   6  -4  -3  -5  -4  -4  -5  -4  -1  -1  -5  -5  -2    6   1   0   0   4   0   0  77   0   2   0   0   0   0   0   4   3   0   0   3  1.36 0.37
  360 F    -5  -6  -6  -7  -5  -6  -6  -6  -4  -2  -2  -6  -3   9  -4  -5  -5  -2   1  -4    0   0   0   0   0   0   0   0   0   1   1   0   0  95   1   0   0   0   2   0  2.47 0.57
  361 L    -2  -4  -2  -4  -3  -3  -4  -4  -4   1   2  -3  -1  -1  -2  -2   5   2  -3   4    0   0   1   0   0   0   0   0   0   5  17   0   1   2   1   1  40   3   0  31  0.64 0.28
  362 V    -3  -5  -6  -6  -3  -5  -5  -6  -6   1  -1  -5  -2  -3  -4  -4  -3  -6  -4   7    0   0   0   0   0   0   0   0   0   2   2   0   0   0   1   1   0   0   0  95  1.70 0.49
  363 Q    -3  -1  -3  -3  -4   4  -1  -4  -3  -2   3   4  -1  -3  -4  -3  -3  -4  -3  -2    0   1   0   0   0  27   1   0   0   0  36  34   1   0   0   0   0   0   0   1  0.77 0.33
  364 P    -4  -5  -5  -5  -6  -4  -4  -5  -3  -6  -6  -2  -6  -7   9  -3  -4  -7  -6  -5    0   0   0   0   0   0   0   0   1   0   0   3   0   0  95   1   0   0   0   0  2.86 0.61
  365 S     1  -3  -3  -3  -2  -3  -3  -3  -2  -3  -4  -3  -2  -4   6   2   3  -5  -4  -2   10   1   0   0   1   0   0   1   1   1   0   0   1   0  39  18  25   0   0   2  0.96 0.31
  366 F    -2  -3  -2  -1  -3   0   6  -3  -3  -4  -3  -1  -3   4  -4  -1  -3  -4  -2  -4    2   0   0   1   1   1  69   2   0   0   2   2   0  18   0   3   0   0   0   0  1.15 0.39
  367 E    -1   6  -2  -2  -5   4   1  -1  -1  -4  -4   1  -3  -5  -2  -2  -2  -5  -4  -4    3  50   0   1   0  22  10   4   1   1   0   6   0   0   1   1   1   0   0   0  0.94 0.32
  368 S    -2  -3  -1  -4  -1  -3  -3  -1   5  -3  -1  -3   0   1  -2   2  -2  -1   6  -3    2   0   1   0   1   0   0   4  18   1   5   0   2   4   1  21   0   0  38   0  0.82 0.31
  369 S     0  -3  -2  -3  -3  -3  -4   6  -4  -4  -5  -3  -3  -5  -4   2  -2  -5  -4  -1    7   1   0   0   0   0   0  67   0   0   0   0   0   0   0  16   2   0   0   6  1.15 0.34
  370 H    -5  -3  -3  -4  -5  -2  -3  -5  11  -6  -6  -4  -5  -4  -6  -4  -5  -5   2  -6    0   0   0   0   0   0   0   0  95   0   0   0   0   0   0   0   0   0   4   0  3.12 0.68
  371 V    -2  -5  -5  -6  -3  -5  -5  -6  -6   2   0  -4  -1  -3  -5  -4  -2  -5  -4   7    1   0   0   0   0   0   0   0   0   9   5   0   1   0   0   0   0   0   0  84  1.40 0.42
  372 L    -4  -5  -6  -6  -4  -5  -5  -6  -5   0   6  -5   0  -2  -5  -5  -4  -4  -3  -1    0   0   0   0   0   0   0   0   0   2  96   0   1   0   0   0   0   0   0   1  1.53 0.43
  373 C    -3  -7  -6  -7  11  -5  -7  -6  -5  -4  -2  -6  -4  -6  -6  -4  -4  -6  -6  -4    0   0   0   0  95   0   0   0   0   0   4   0   0   0   0   0   0   0   0   0  3.43 0.68
  374 G     0  -5  -3  -4  -5  -4  -5   7  -5  -4  -6  -4  -5  -6  -5  -2  -4  -5  -6  -5    5   0   0   0   0   0   0  94   0   1   0   0   0   0   0   1   0   0   0   0  2.00 0.47
  375 F    -5  -4  -6  -7  -5  -5  -6  -6  -5  -4  -3  -6  -3   7  -7  -5  -5  10   0  -1    0   1   0   0   0   0   0   0   0   0   0   0   0  50   0   0   0  45   0   4  2.52 0.55
  376 I    -4  -4  -6  -6  -4  -5  -6  -6  -6   8   0  -5   1  -3  -5  -5  -3  -5  -4   0    0   1   0   0   0   0   0   0   0  92   5   0   2   0   0   0   0   0   0   0  1.77 0.47
  377 A     6  -4  -4  -4   0  -3  -3  -2  -4  -4  -4  -3  -3  -5  -2   0  -1  -2  -4  -2   91   0   0   0   1   0   0   0   0   0   0   0   0   0   1   4   2   1   0   0  1.44 0.45
  378 G    -2  -5  -3  -4  -5  -5  -5   7  -5  -7  -7  -4  -6  -6  -5  -3  -4  -5  -6  -6    0   0   0   0   0   0   0 100   0   0   0   0   0   0   0   0   0   0   0   0  2.27 0.51
  379 L    -3   1  -1  -2  -2   0   1  -4   7  -3   1   3  -2  -3  -3  -3  -3  -2   0  -3    0   6   1   1   1   2   7   0  35   0  20  22   0   0   1   0   0   0   3   0  0.73 0.28
  380 E    -4  -2  -3  -1  -6   0   7  -5  -3  -6  -6  -2  -5  -6  -4  -3  -4  -6  -5  -4    0   1   0   0   0   2  96   0   0   0   0   0   0   0   0   0   0   0   0   1  1.98 0.53
  381 S     2  -3  -2  -3  -3  -3  -3  -2  -3  -5  -5  -3  -4  -5  -3   6  -1  -5  -4  -4   17   0   0   0   0   0   0   1   0   0   0   0   0   0   0  82   0   0   0   0  1.36 0.45
  382 E    -3  -3  -1  -1  -6  -1   7  -5  -2  -5  -5  -1  -5  -4  -4  -3  -3  -5  -5  -5    1   0   3   0   0   0  93   0   0   1   0   1   0   1   0   0   0   0   0   0  1.83 0.50
  383 F    -4  -4  -4  -5  -5  -4  -5  -5   4  -3  -3  -5  -3   6  -6  -4  -4  -1   8  -4    0   0   0   0   0   0   0   0   9   0   0   0   0  33   0   0   0   0  57   0  1.88 0.46
  384 M    -4  -5  -5  -6  -5  -4  -5  -6  -5  -2  -1  -4  11  -3  -6  -3  -4  -5  -4  -2    0   0   0   0   0   0   0   0   0   0   1   0  97   0   0   1   0   0   0   0  2.82 0.67
  385 E    -4  -3  -3   0  -6  -1   8  -5  -3  -6  -6  -2  -5  -6  -4  -3  -4  -6  -5  -5    0   0   0   1   0   0  97   0   0   0   0   0   0   0   0   0   0   0   0   0  2.03 0.53
  386 T    -2  -3  -2  -3  -3  -2  -3  -4  -4  -3  -4  -3  -3  -4  -4   1   7  -5  -4  -3    1   1   1   0   0   1   1   0   0   0   0   0   0   0   0   6  88   0   0   0  1.63 0.48
  387 L    -4  -4  -6  -6  -4  -3  -5  -6  -5  -1   6  -5   0  -2  -5  -5  -3  -4  -3  -1    0   0   0   0   0   1   0   0   0   0  97   0   0   0   0   0   0   0   0   0  1.51 0.42
  388 S    -1  -3  -2  -3  -2  -3  -3  -3  -3  -4  -4  -3  -4  -5   2   6   2  -5  -4  -4    0   0   0   0   1   0   0   0   0   0   0   0   0   0  11  75  11   0   0   0  1.22 0.41
  389 D    -4  -3  -1   6  -6  -1   5  -2  -3  -5  -5  -2  -5  -6  -4  -2  -3  -6  -4  -4    0   0   1  56   0   1  38   2   0   0   0   1   0   0   0   0   0   0   1   1  1.43 0.40
  390 E     2  -2  -2   0  -1   4   4  -3   0  -4  -2  -1  -1  -2  -2   0   0  -4  -3  -3   20   0   0   3   1  22  35   1   2   0   3   0   1   1   1   4   4   0   0   0  0.52 0.24
  391 E    -3  -3  -3   1  -6   0   7  -3  -3  -6  -6  -2  -5  -6  -4  -3  -3  -6  -5  -5    1   0   0   6   0   1  90   1   0   0   0   0   0   0   0   0   0   0   0   0  1.81 0.50
  392 V    -3  -5  -5  -6  -3  -5  -5  -6  -6   2  -1  -5  -1  -2  -3  -4  -2  -5  -4   7    0   0   0   0   0   0   0   0   0   7   2   0   0   1   1   0   0   0   0  88  1.49 0.43
  393 L    -2   1  -3  -4  -3  -2  -2  -3  -2  -1   4   0   2  -1  -4  -2   2  -4  -3  -1    1  10   0   0   0   1   1   1   1   0  56   8   4   1   0   1  14   0   0   2  0.50 0.23
  394 L    -2   1   1   0  -2   1  -1  -1   5  -3   1  -1  -1  -2  -3   2   1  -4  -1  -2    0  10   5   4   1   9   2   5  17   0  16   0   0   1   0  20   8   0   1   0  0.25 0.16
  395 S     3  -3  -1  -2   3  -2  -2  -2  -3  -3  -4  -2  -3  -4  -3   4   4  -4  -3  -2   22   1   1   1   6   0   1   1   0   0   0   0   0   0   0  36  29   0   0   2  0.69 0.29
  396 L    -2  -4  -5  -5  -3  -3  -4  -5  -4   3   3  -4   6  -1  -4  -3  -2  -4  -3   3    1   0   0   0   0   0   0   0   0  20  34   0  24   0   0   1   0   0   0  20  0.80 0.27
  397 T    -2  -4  -3  -4  -4  -2  -4  -4  -4  -2  -4  -3  -2  -5  -4  -1   8  -5  -4  -3    1   0   0   0   0   1   0   0   0   1   0   0   0   0   0   0  95   0   0   0  1.84 0.53
  398 Q    -3   2  -1   0  -3   6   2  -3   3  -4  -4   0  -1  -5  -2  -1  -3  -4  -3  -4    1  13   2   5   1  51  12   1   8   0   0   1   1   0   1   2   0   0   0   0  0.93 0.33
  399 V    -2  -4  -5  -5  -3  -4  -4  -5  -5   2   4  -4   2  -1  -3  -4  -2  -4  -2   4    1   0   0   0   0   0   0   0   0   5  46   0   4   1   1   0   0   0   1  42  0.83 0.28
  400 L    -3  -4  -5  -5  -3  -4  -5  -5  -5   4   4  -4   0   2  -5  -4  -2  -3  -2   2    0   0   0   0   0   0   0   0   0  30  52   0   0   8   0   0   1   0   0   9  0.85 0.27
  401 R    -4   8  -3  -4  -2   0  -3  -5   2  -5  -4   0  -4  -5  -5  -3  -2  -5  -4  -5    0  88   0   0   1   3   0   0   6   0   1   0   0   0   0   0   1   0   0   0  1.87 0.48
  402 R    -3   6  -2  -3  -4   0  -2  -3  -3  -2  -3   2   0  -4  -2  -2   3  -5  -4  -3    0  54   0   0   0   3   0   1   0   2   1  12   3   0   1   1  22   0   0   0  0.95 0.32
  403 V    -1  -4  -5  -5  -1  -4  -5  -5  -4   0   2  -4   2   7  -5  -3  -3  -2   0   2    5   0   0   0   1   0   0   0   0   3  16   0   4  52   0   1   0   0   0  16  0.92 0.29
  404 T    -2  -4  -3  -4  -4  -3  -4  -4  -4  -3  -4  -3  -3  -5  -4  -1   8  -5  -4  -3    2   0   0   0   0   0   0   0   0   0   0   0   0   0   0   0  96   0   0   0  1.90 0.53
  405 G    -2  -4  -3  -4  -5  -4  -4   7  -4  -6  -6  -4  -5  -5  -4  -3  -4  -5  -5  -4    1   1   0   0   0   0   0  96   0   0   0   0   0   0   0   0   0   0   0   1  2.02 0.45
  406 N    -4  -3   8   2  -5  -3  -3  -3  -2  -4  -6  -2  -5  -5  -4  -1  -2  -6  -5  -5    0   0  86   9   0   0   0   0   0   1   0   1   0   0   0   2   1   0   0   0  1.91 0.49
  407 P    -2  -3  -4  -3  -5  -3  -3  -3   1  -5  -3  -3  -4  -3   8   0  -3  -6  -5  -4    2   1   0   1   0   1   0   1   3   0   3   0   0   1  80   6   0   0   0   0  2.09 0.46
  408 Q    -1   0   0  -1   0   3   0  -3   3   0  -2  -1  -2  -3  -1   1   4  -4  -2  -2    3   5   2   1   2  18   4   0   9   6   3   1   0   0   2  10  30   0   0   1  0.33 0.18
  409 L    -3  -4  -5  -5   0  -4  -5  -5  -5   5   4  -4   0  -2  -5  -4  -3  -4  -3   1    0   0   0   0   2   0   0   0   0  41  52   0   0   0   0   0   0   0   0   3  0.98 0.30
  410 P     0  -1  -1  -1  -1  -1  -1  -1  -2  -2  -2  -1  -2  -2   6   0  -1  -2  -2  -1    9   3   2   2   1   2   4   4   1   3   4   3   1   2  47   5   3   1   1   4  0.78 0.13
  411 A     4  -3  -2  -3  -3  -2  -2  -2  -3  -3  -2  -2  -2  -4   3   0   4  -4  -4  -2   39   0   1   0   0   1   0   1   0   0   2   0   0   0  13   3  37   0   0   1  0.71 0.29
  412 A    -1  -5  -5  -4  -4  -4  -4  -5  -5  -4  -5  -4  -5  -6   9  -3  -4  -6  -6  -5    4   0   0   0   0   0   0   0   0   1   1   0   0   0  92   1   0   0   0   0  2.67 0.55
  413 K    -3   6  -2  -2  -2   0  -2  -4  -3  -1  -4   5  -2  -4  -4  -2  -2  -5  -4  -3    0  48   0   1   1   2   0   0   0   6   0  38   1   0   0   0   1   0   0   1  1.09 0.34
  414 S    -2   5   1  -2  -4  -1  -2  -1  -2  -5  -4   2  -3  -5  -3   4  -1  -5  -4  -4    1  36   7   1   0   0   0   3   0   0   0  11   0   0   0  39   1   0   0   0  0.79 0.30
  415 V    -2  -4  -5  -5  -3  -4  -4  -5  -5   5   1  -4   3  -2  -4  -4  -2  -4  -3   5    0   0   0   0   0   0   0   0   0  37  10   0   9   1   0   0   1   0   0  41  0.90 0.28
  416 R    -3  -3  -5  -5  -1  -3  -3  -5  -4   1   5  -4   1  -1  -5  -4  -3  -2  -3   1    0   1   0   0   1   1   2   0   0   3  78   0   3   2   0   1   0   0   0   9  0.99 0.31
  417 R    -4   8  -3  -4   3  -1  -3  -5  -2  -5  -5  -1  -4  -4  -5  -3  -4  -5  -4  -5    0  89   0   0   7   1   0   0   1   0   0   0   0   1   0   0   0   0   0   0  1.94 0.50
  418 S    -1  -3  -2  -3  -3  -3  -3  -2  -2  -4  -5  -3  -4  -5  -3   7   2  -5  -4  -4    0   0   0   0   0   0   0   1   0   0   0   0   0   0   0  85  12   0   0   0  1.41 0.45
  419 Q    -3   5  -2  -3   2   6  -1  -4   0  -5  -4   2  -3  -5  -4  -2  -3  -4  -4  -4    1  37   0   0   5  42   0   0   1   0   0  10   0   0   0   1   1   0   0   0  1.13 0.36
  420 W    -6  -6  -7  -7  -6  -5  -6  -6  -4  -6  -4  -6  -5  -2  -7  -6  -6  13  -1  -6    0   0   0   0   0   0   0   0   0   0   1   0   0   0   0   0   0  97   0   0  4.39 0.77
  421 H    -4  -3  -2  -4  -5  -3  -3  -4   9  -4  -3  -4  -3   6  -5  -3  -4  -3   2  -4    1   1   1   0   0   0   0   0  52   0   0   0   0  38   0   1   0   0   6   0  1.76 0.45
  422 S    -2  -2   1  -3  -4  -1  -2  -3   7  -5  -4  -3  -4  -4  -3   5  -1  -5  -2  -4    0   0   4   0   0   2   0   0  34   0   1   0   0   0   0  56   2   0   0   0  1.26 0.41
  423 A     3  -3  -1   5  -3   0   1  -2  -1  -4  -4  -2  -4  -5  -3  -1  -1  -5  -4  -3   36   0   2  44   0   4   9   0   1   0   0   1   0   0   0   1   2   0   0   0  0.82 0.29
  424 P    -3  -3  -4  -4  -5  -1  -3  -5  -5  -5  -4  -3  -4  -6   8  -2  -3  -6  -5  -4    1   1   0   0   0   2   0   0   0   0   1   0   0   0  90   1   1   0   0   1  2.51 0.52
  425 Y    -5  -5  -5  -6  -5  -4  -5  -5   0  -4  -4  -5  -4   1  -6  -5  -4   9   8  -4    0   0   0   0   0   0   0   0   1   0   1   0   0   2   0   0   0  29  65   0  2.41 0.53
  426 T    -2  -4  -2  -3  -2  -3  -3  -4  -4  -3  -4  -3  -3  -5  -4   0   7  -5  -4  -3    1   0   0   0   0   0   0   0   0   0   0   0   0   0   0   5  92   0   0   0  1.72 0.49
  427 R    -3   5  -2  -4   8  -1  -3  -2  -1  -4  -2   1  -3  -3  -4  -3  -3  -2   0  -4    0  40   1   0  34   2   0   4   1   0   3  10   0   1   0   0   0   0   4   0  1.08 0.33
  428 G    -2  -5  -3  -4  -5  -4  -5   7  -4  -6  -6  -4  -5  -6  -5  -3  -4  -5  -5  -6    0   0   0   0   0   0   0  98   0   0   0   0   0   0   0   0   0   0   0   0  2.13 0.47
  429 S    -1  -3  -2  -3  -1  -3  -3  -3  -3  -5  -5  -3  -4  -5  -3   7  -1  -5  -4  -4    1   0   0   0   1   0   0   0   0   0   0   0   0   0   0  96   0   0   0   0  1.67 0.51
  430 Y    -3  -4  -5  -6  -5  -4  -5  -6  -1  -4  -4  -5  -4   1  -6  -4  -4  -1  10  -4    2   0   0   0   0   0   0   0   0   0   0   0   0   1   0   0   0   0  95   0  2.62 0.59
  431 S    -1  -3  -2  -3   2  -2  -3  -2  -3  -3  -4  -3  -3  -4  -3   6   2  -5  -4  -2    0   0   0   0   5   0   0   1   0   1   0   0   0   0   0  80  11   0   0   2  1.21 0.41
  432 Y    -4  -4  -3  -5  -2  -4  -4  -5   5  -4  -4  -4  -4   1  -5  -4  -4   1   9  -3    0   0   1   0   1   0   0   0  16   0   0   0   0   3   0   0   0   1  77   1  2.11 0.50
  433 V    -2  -4  -3  -4  -3  -4  -4  -4  -4   0   0  -3  -1  -3   4  -3   1  -5  -3   5    1   0   1   0   0   0   0   0   0   2   8   0   0   0  22   0   7   0   0  57  0.83 0.29
  434 A     6  -3  -3  -4  -3  -3  -1   2  -4  -4  -4  -3  -3  -4  -3   0  -2  -5  -4  -3   79   1   0   0   0   0   3  14   0   0   0   0   0   0   0   3   0   0   0   0  1.10 0.37
  435 V    -2  -1  -2  -3  -3  -3  -3  -3  -4   2  -1   2  -1  -3  -4  -3   0  -4  -3   5    0   3   2   1   0   0   0   1   0  11   1  15   0   0   0   0   5   0   0  59  0.65 0.27
  436 G    -2  -4  -3  -1  -5  -3  -4   7  -4  -6  -5  -4  -5  -5  -3  -2  -4  -5  -5  -5    0   0   0   3   0   0   0  93   0   0   1   0   0   0   1   0   0   0   0   0  1.89 0.44
  437 S    -2  -4  -3  -4   9  -3  -4  -3  -4  -4  -4  -3  -3  -5  -4   5  -1  -1  -4  -3    1   0   0   0  43   0   0   1   0   0   0   0   0   0   0  51   1   1   0   1  1.55 0.43
  438 T    -1  -3  -1  -3   0  -2  -2  -3  -3  -4  -4  -2  -3  -5  -3   6   3  -5  -4  -3    0   0   1   0   2   0   1   0   0   0   0   0   0   0   0  75  19   0   0   1  1.20 0.41
  439 G     2  -3  -2  -3  -4  -2   0   6  -3  -3  -3  -3  -2  -4  -4  -2  -3  -4  -4  -1   15   0   0   0   0   1   7  66   0   1   2   1   1   0   0   1   0   0   0   6  0.99 0.29
  440 D    -2  -1  -1   5  -4   5   1  -1  -1  -2  -4   0  -3  -3  -3   0  -2  -4   0  -4    1   3   0  40   0  30   6   4   1   2   0   3   0   1   0   4   0   0   4   0  0.75 0.27
  441 D    -4  -4   0   8  -6  -3  -1  -4  -4  -6  -6  -3  -6  -6  -3  -3  -4  -7  -6  -6    0   0   2  96   0   0   0   0   0   0   0   0   0   0   1   0   0   0   0   0  2.18 0.50
  442 L    -3  -4  -5  -5  -3  -4  -3  -5  -5   6   3  -4   1   0  -5  -4  -2  -4  -3   1    0   0   0   0   0   0   1   0   0  58  29   0   2   3   0   0   1   0   0   5  0.94 0.29
  443 D    -3  -3  -1   7  -6  -1   3  -3   0  -5  -5   0  -5  -5  -3  -2  -3  -6  -5  -5    1   0   0  68   0   2  18   1   2   0   0   6   0   0   0   2   0   0   0   0  1.38 0.37
  444 L     0  -2   5  -2  -3  -2  -3  -3  -1   0   1  -2   1  -3  -4  -1   0  -4  -3   2    6   2  42   0   0   0   0   0   1   4  16   0   3   0   0   2   5   0   0  18  0.48 0.23
  445 M    -3  -4  -5  -5  -3  -4  -5  -5  -5   2   5  -4   6  -2  -5  -4  -3  -4  -3  -1    1   0   0   0   0   0   0   0   0   9  67   0  23   0   0   0   0   0   0   0  1.13 0.34
  446 A     5  -1  -4  -4  -3  -2  -3  -2  -4  -2  -2  -2   6  -4  -3  -1  -2  -4  -4  -1   65   2   0   0   0   1   0   2   0   0   1   1  24   0   0   1   1   0   0   1  0.98 0.36
  447 Q    -3  -1  -2  -1  -5   6   5  -4  -2  -5  -4  -1  -3  -5  -3  -2  -3  -5  -4  -5    0   2   0   0   0  45  48   1   0   0   0   1   0   0   0   1   0   0   0   0  1.35 0.41
  448 P    -2  -5  -5  -4  -6  -4  -4  -5  -5  -6  -6  -4  -5  -6   9  -3  -4  -6  -6  -5    2   0   0   0   0   0   0   0   0   0   0   0   0   0  97   0   0   0   0   0  2.91 0.58
  449 L    -4  -4  -5  -6  -3  -4  -5  -4  -5   0   6  -5   0  -2  -5  -4  -3  -4  -3  -1    0   0   0   0   0   0   0   1   0   0  96   0   1   0   0   0   0   0   0   1  1.41 0.39
  450 P    -3  -5  -5  -4  -5  -4  -4  -5  -4  -5  -5  -4  -5  -6   9  -3  -4  -6  -6  -5    1   0   0   0   0   0   0   0   0   0   1   0   0   0  97   0   0   0   0   0  2.89 0.57
  451 E     1  -2  -2  -1  -3   0   3  -2  -2  -2   1  -1   0  -1   0   0   2  -3  -2   0   15   0   0   2   0   2  26   0   0   0  14   3   2   2   5   7  15   0   0   6  0.21 0.14
  452 D    -2   0   0   5  -4   0   2  -1  -2  -4  -4   3  -3  -5   0  -1   0  -3  -4  -4    2   4   2  39   0   2  10   3   0   0   0  25   0   0   5   2   4   0   0   0  0.64 0.22
  453 G     1  -1  -1  -2  -4  -2  -1   5  -2  -4  -4  -1  -3  -4   3   0  -1  -1  -4  -3    9   4   1   1   0   1   3  46   1   0   1   3   0   0  17   7   3   1   0   1  0.65 0.21
  454 T     1   0  -1  -1  -2   0   2  -2  -2  -3  -2   1  -2  -4  -1   4   2  -4  -3  -2    9   3   0   2   1   2  14   0   0   0   3   9   0   0   2  38  14   0   0   1  0.40 0.20
  455 G    -1  -1   1   4  -4   4   1   0   0  -3  -3   1  -3  -4  -2   0  -2  -4  -3  -2    3   1   7  26   0  24   5   8   2   0   3  11   0   0   0   8   0   0   0   2  0.46 0.19
  456 T     2  -1  -2  -2  -3   1  -2  -2  -3  -3  -3   2  -2  -4   5   2   1  -4  -3  -2   20   1   0   0   0   6   0   1   0   0   1  13   0   0  26  23   7   0   0   1  0.57 0.21
  457 Q    -2   0  -3  -3  -5   6  -1  -4  -3  -5  -5   1  -4  -6   6  -2  -3  -5  -4  -5    1   4   0   0   0  41   0   0   0   0   0   6   0   0  46   0   0   0   0   0  1.51 0.41
  458 L    -2  -4  -5  -5  -3  -3  -5  -5  -4   0   6  -4   0   0  -1  -4  -3  -4  -3   0    2   0   0   0   0   0   0   0   0   1  86   0   0   3   4   0   0   0   0   3  1.12 0.35
  459 Q    -3  -1  -3  -3  -6   9   0  -5  -2  -5  -5  -1  -3  -6  -2  -3  -3  -5  -4  -5    1   1   0   0   0  93   1   0   0   0   0   0   0   0   2   0   0   0   0   0  2.13 0.58
  460 V    -2  -4  -5  -5  -2  -4  -4  -5  -5   3   2  -4   0  -2  -4  -4  -2  -4  -3   6    0   0   0   0   0   0   0   0   0  11  19   0   1   0   0   0   0   0   0  67  1.01 0.32
  461 L    -3  -4  -5  -6  -3  -4  -5  -5  -4   0   6  -5   2  -2  -5  -5  -3  -4  -3  -1    1   0   0   0   0   0   0   0   0   0  94   0   3   0   0   0   0   0   0   1  1.38 0.39
  462 F    -5  -6  -6  -6   0  -6  -5  -5  -4  -3  -1  -6  -3   9  -6  -5  -5  -2   1  -3    0   0   0   0   2   0   0   1   0   0   2   0   0  95   0   0   0   0   0   0  2.32 0.53
  463 A     7  -4  -3  -4  -2  -2  -3  -1  -2  -4  -4  -3  -3  -5  -2  -1  -2  -5  -4  -3   95   0   0   0   0   1   0   1   1   0   0   0   0   0   1   0   0   0   0   0  1.48 0.45
  464 G    -2  -5  -3  -4  -5  -2  -4   7  -4  -6  -6  -4  -5  -6  -5  -2  -4  -5  -6  -5    0   0   0   0   0   1   0  97   0   0   0   0   0   0   0   0   0   0   0   1  2.06 0.47
  465 E    -4  -2  -3  -1  -3  -1   7  -4  -3  -6  -6  -2  -5  -6  -4  -3  -4  -6  -5  -5    0   1   0   0   1   0  97   0   0   0   0   0   0   0   0   0   0   0   0   0  1.97 0.52
  466 A     7  -4  -4  -3  -1  -3  -3  -2  -4  -4  -4  -3  -3  -5  -2  -1  -2  -5  -4  -3   96   0   0   1   1   0   0   1   0   0   0   0   0   0   2   0   0   0   0   0  1.52 0.46
  467 T    -2  -4  -3  -3  -4  -3  -3  -4  -4  -3  -4  -3  -2  -5  -4  -1   8  -5  -4  -1    0   0   0   1   0   0   0   0   0   0   0   1   0   0   0   0  95   0   0   2  1.79 0.51
  468 H    -4  -3  -2  -4  -6  -2  -1  -5  11  -6  -6  -3  -5  -4  -5  -3  -5  -5  -1  -6    1   0   1   0   0   0   4   0  93   0   0   0   0   0   0   1   0   0   0   0  2.85 0.61
  469 R    -3   6  -2  -3  -5   0  -2  -3   0  -5  -3   1  -4  -5   5  -2  -2  -5  -4  -4    0  58   1   0   0   3   0   2   2   0   2   4   0   0  26   2   1   0   0   0  1.19 0.35
  470 T    -1  -3   1  -3   6  -3  -3  -3  -2  -3  -3  -3  -2  -2  -2   2   5  -4   1  -2    2   0   7   0  19   0   0   0   1   0   0   0   0   1   1  20  42   0   5   1  0.76 0.29
  471 F    -5  -5  -5  -6  -2  -5  -5  -6   0  -2  -2  -5  -3   8  -6  -5  -4  -1   5  -3    0   0   0   0   1   0   0   0   2   1   0   0   0  74   0   0   0   0  22   0  1.94 0.45
  472 Y    -4  -5  -5  -6  -5  -4  -5  -6   0  -4  -3  -5  -3   5  -6  -3  -4   0   9  -4    0   0   0   0   0   0   0   0   1   0   0   0   0  21   0   1   0   0  77   0  2.18 0.50
  473 S    -1  -3  -2  -3  -3  -3  -3  -2  -3  -5  -5  -3  -4  -5  -3   7  -1  -5  -4  -4    0   0   0   0   0   0   0   1   0   0   0   0   0   0   0  98   1   0   0   0  1.69 0.50
  474 T    -2  -4  -2  -4  -3  -3  -3  -4  -4  -3  -4  -3  -3  -5  -3   0   8  -5  -4  -3    1   0   1   0   0   0   0   0   0   0   0   0   0   0   0   2  95   0   0   0  1.80 0.50
  475 T    -2  -4  -3  -4  -3  -3  -4  -4  -4  -1  -2  -3  -2  -4  -4  -2   6  -5  -4   4    0   0   0   0   0   0   0   0   0   0   2   0   0   0   0   0  58   0   0  40  1.11 0.37
  476 H    -5  -3  -2  -4  -6  -2  -3  -5  11  -6  -6  -4  -5  -4  -5  -4  -3  -5  -1  -6    0   0   0   0   0   0   0   0  99   0   0   0   0   0   0   0   1   0   0   0  3.12 0.63
  477 G    -2  -5  -3  -4  -5  -4  -5   7  -5  -6  -6  -4  -5  -6  -5  -3  -4  -5  -6  -6    0   0   0   0   0   0   0 100   0   0   0   0   0   0   0   0   0   0   0   0  2.17 0.46
  478 A     7  -4  -4  -4  -3  -3  -3  -2  -4  -4  -4  -3  -3  -5  -3  -1  -2  -5  -4  -3  100   0   0   0   0   0   0   0   0   0   0   0   0   0   0   0   0   0   0   0  1.64 0.46
  479 L    -3  -4  -6  -6  -3  -4  -5  -6  -5   0   6  -5   0  -1  -5  -5  -3  -4  -3   0    0   0   0   0   0   0   0   0   0   2  91   0   0   2   0   0   0   0   0   5  1.31 0.36
  480 L    -3  -4  -5  -5  -3  -3  -1  -6  -4   0   6  -4   2  -1  -5  -4  -3  -4  -3  -1    0   0   0   0   0   1   4   0   0   2  88   0   4   0   0   0   0   0   0   0  1.18 0.34
  481 S     0  -3  -2  -3  -3  -2  -2  -3  -3  -4  -4  -2  -3  -5  -3   6   4  -5  -4  -3    3   0   0   0   0   0   0   0   0   0   0   0   0   0   0  72  25   0   0   0  1.18 0.38
  482 G    -2  -5  -3  -4  -5  -4  -5   7  -5  -6  -6  -4  -5  -6  -5  -3  -4  -5  -6  -6    0   0   0   0   0   0   0 100   0   0   0   0   0   0   0   0   0   0   0   0  2.15 0.45
  483 W    -6   0  -7  -7  -2  -3  -6  -6  -5  -6  -5  -5  -5  -2  -7  -6  -6  13  -1  -6    0   6   0   0   1   1   0   0   0   0   0   0   0   0   0   0   0  92   0   0  3.95 0.67
  484 R    -4   8  -3  -4  -6  -1  -3  -4  -3  -6  -5   0  -4  -6  -5  -3  -4  -5  -4  -5    0  99   0   0   0   0   0   1   0   0   0   0   0   0   0   0   0   0   0   0  2.20 0.50
  485 E    -3  -3  -3  -1  -6  -1   8  -4  -3  -6  -6  -2  -5  -6  -4  -3  -3  -6  -5  -5    0   0   0   0   0   0  99   1   0   0   0   0   0   0   0   0   0   0   0   0  2.01 0.50
  486 A     7  -4  -4  -4  -3  -3  -3  -2  -4  -4  -4  -3  -3  -5  -3  -1  -2  -5  -4  -3   99   0   0   0   0   0   0   1   0   0   0   0   0   0   0   0   0   0   0   0  1.58 0.44
  487 D    -4  -3   0   7  -6   1   4  -3  -3  -5  -6  -2  -5  -6  -3  -2  -3  -6  -5  -5    0   0   3  65   0   4  26   1   0   0   0   1   0   0   0   0   0   0   0   0  1.43 0.36
  488 R    -4   8  -3  -4  -6  -1  -3  -5  -2  -6  -5   0  -4  -6  -5  -3  -4  -5  -4  -5    0  99   0   0   0   0   0   0   1   0   0   0   0   0   0   0   0   0   0   0  2.23 0.50
  489 L    -4  -4  -6  -6  -3  -4  -5  -6  -5   1   6  -5   0  -2  -5  -5  -3  -4  -3  -1    0   0   0   0   0   0   0   0   0   4  96   0   0   0   0   0   0   0   0   0  1.43 0.38
  490 V    -3  -3   3  -4  -3  -4  -4  -5  -3   6   0  -3   0  -2  -5  -3  -1  -5  -3   1    1   1  17   0   0   0   0   0   0  68   6   0   1   0   0   0   2   0   0   2  0.94 0.31
  491 S     1  -1   0   1  -1   2  -1   0   1  -4  -4  -1  -3  -4  -2   4   1  -4  -2  -3   12   3   4   8   1  13   1   7   4   0   0   2   0   0   0  39   5   0   0   0  0.40 0.18
  492 L    -3  -1  -2  -4  -3  -2  -3  -5   8  -1   4  -3  -1   0  -5  -3  -3  -4   0  -3    0   4   0   0   0   1   0   0  45   2  42   1   0   3   0   1   0   0   2   0  1.09 0.33
  493 W    -4  -2  -4  -5  -3  -2  -4  -5   1  -3  -2  -4  -3   4  -4  -3  -3   6   8  -3    0   2   0   0   1   2   0   0   3   0   3   0   0  13   0   1   0  13  61   0  1.60 0.38
  494 D     0  -1   0   4  -2   1   1  -1  -1  -3  -3  -1  -3  -4  -1   3   1  -1  -2  -3    4   1   3  26   1   7   6   4   0   1   2   1   0   0   2  29   9   1   1   1  0.38 0.16
  495 S     2  -3  -2  -2  -3  -1  -2  -2  -3  -2  -1  -2  -2  -3   4   3   0  -4  -2  -1   22   0   0   0   0   1   0   0   0   2   6   1   1   0  24  35   5   0   1   2  0.58 0.21
  496 Q     0  -1  -1  -1  -2   3   1  -1  -1   0  -1   0  -1  -2   4   1   0  -3  -2  -1    7   1   2   1   1  18   8   5   1   8   4   2   1   1  19  11   6   0   0   4  0.26 0.11
  497 V     2  -2   0  -2   0  -1  -1   0  -1  -1  -1  -1   0  -2   0   3   0  -4  -3   1   19   0   4   0   2   1   3   6   1   1   3   2   2   1   3  35   3   0   0  14  0.24 0.14
  498 E    -1   0  -1  -1  -2   3   1   0   1  -4  -2  -1  -2  -3   5   0  -1  -4  -1  -3    2   5   2   2   1  23   6   6   4   0   3   1   0   1  33   7   2   0   2   1  0.61 0.18
  499 Q     0   1  -1  -2   0   3   0  -2   0  -2   0   0  -1  -3   3   2  -1  -1  -2  -1    6   8   2   0   3  22   1   1   2   0  10   3   0   0  16  19   2   1   0   4  0.28 0.13
  500 S    -1  -1  -2  -2  -2  -1   1  -3   3  -2  -2  -1  -1  -1   5   1   0  -4  -2  -1    2   3   0   0   1   2  12   0  11   2   3   0   1   4  38  13   4   0   0   5  0.64 0.16
  501 R    -1   3  -1  -1  -1   2   1   0   0  -2  -2   2  -2  -3   1   0   0   2  -2  -2    3  17   1   1   1  10   6   9   1   2   4  22   0   1   5   7   6   4   0   1  0.22 0.08
  502 P     2  -3  -2  -3  -3  -1  -2  -2  -3  -4  -4  -2  -3  -3   6   3  -1  -5  -4  -3   15   0   0   0   0   3   0   1   0   0   0   0   0   1  51  28   1   0   0   0  1.16 0.23
  503 R    -2   5   0  -2  -5   1  -1  -3  -1  -4  -4   5  -3  -4  -3  -1  -2  -1  -3  -4    0  38   4   1   0   2   0   0   1   0   0  52   0   0   0   1   0   1   0   0  0.95 0.22
  504 L    -3  -4  -5  -5  -3  -4  -4  -5  -4   1   6  -4   1  -1  -4  -4  -2  -3  -2   0    0   0   0   0   0   0   0   0   0   3  96   0   1   0   0   0   0   0   0   0  1.04 0.22

                      K         Lambda
Standard Ungapped    0.1352     0.3187
Standard Gapped      0.0577     0.2670
PSI Ungapped         0.1884     0.3178
PSI Gapped           0.0577     0.2670
