
Last position-specific scoring matrix computed, weighted observed percentages rounded down, information per position, and relative weight of gapless real matches to pseudocounts
            A   R   N   D   C   Q   E   G   H   I   L   K   M   F   P   S   T   W   Y   V   A   R   N   D   C   Q   E   G   H   I   L   K   M   F   P   S   T   W   Y   V
    1 M    -2  -2  -3  -4  -2  -1  -3  -3  -2   1   2  -2   8  -1  -3  -2  -1  -2  -2   0    0   0   0   0   0   0   0   0   0   0   1   0  99   0   0   0   0   0   0   0  0.79 0.11
    2 P    -1  -3  -3  -2  -3  -2  -2  -3  -3  -3  -4  -2  -3  -4   8  -1  -2  -4  -4  -3    0   0   0   0   0   0   0   0   0   0   0   0   0   0  98   2   0   0   0   0  2.17 0.10
    3 K    -1   2  -1  -1  -4   1   0  -2  -1  -3  -3   6  -2  -4  -1  -1  -1  -4  -2  -3    0   0   0   0   0   0   0   0   0   0   1  99   0   0   0   0   0   0   0   0  0.71 0.08
    4 N    -2  -1   7   1  -3   0  -1  -1   0  -4  -4  -1  -3  -4  -3   0  -1  -4  -3  -4    0   0 100   0   0   0   0   0   0   0   0   0   0   0   0   0   0   0   0   0  1.02 0.10
    5 K    -1   2  -1  -1  -4   1   1  -2  -1  -3  -3   6  -2  -4  -1   0  -1  -4  -2  -3    0   0   0   0   0   0   2   0   0   0   0  97   0   0   0   1   0   0   0   0  0.71 0.09
    6 G     0  -3  -1  -2  -3  -2  -3   6  -3  -4  -4  -2  -3  -4  -3  -1  -2  -3  -4  -4    2   0   0   0   0   0   0  98   0   0   0   0   0   0   0   0   0   0   0   0  1.23 0.09
    7 K    -1   2   0  -1  -4   1   0  -2  -1  -2  -3   6  -2  -4  -2  -1  -1  -4  -2  -3    0   0   2   0   0   0   0   0   0   2   0  96   0   0   0   0   0   0   0   0  0.72 0.10
    8 G     0  -3  -1  -2  -3  -2  -1   6  -2  -4  -4  -2  -3  -4  -3  -1  -2  -3  -4  -4    0   0   0   0   0   0   4  96   0   0   0   0   0   0   0   0   0   0   0   0  1.17 0.09
    9 G     0  -3  -1  -2  -3  -2  -3   6  -3  -4  -4  -2  -3  -4  -3   0  -2  -3  -4  -4    0   0   0   0   0   0   0  97   0   0   0   0   0   0   0   3   0   0   0   0  1.21 0.09
   10 K    -1   2  -1  -1  -4   1   1  -2  -1  -3  -3   6  -2  -4  -2  -1  -1  -4  -2  -3    0   2   0   0   0   0   1   0   0   0   0  97   0   0   0   0   0   0   0   0  0.76 0.10
   11 N    -2  -1   7   1  -3  -1  -1  -1   0  -4  -4  -1  -3  -4  -3   0   0  -4  -3  -4    0   0  99   0   0   0   0   0   0   0   0   0   0   0   0   0   1   0   0   0  1.05 0.11
   12 R    -2   7  -1  -2  -4   1  -1  -3  -1  -4  -3   2  -2  -3  -3  -1  -2  -3  -2  -3    0  97   0   0   0   3   0   0   0   0   0   0   0   0   0   0   0   0   0   0  1.02 0.10
   13 R    -2   6  -1  -2   0   0  -1  -3   0  -3  -2   2  -2  -3  -3  -1  -2  -3  -1  -3    0  90   0   0   4   0   0   0   2   0   2   0   0   0   0   1   0   0   2   0  0.87 0.10
   14 R    -2   6  -1  -2  -4   1   0  -3  -1  -4  -3   2  -2  -3  -3  -1  -2  -3  -2  -3    0  95   0   0   0   0   4   0   0   0   0   2   0   0   0   0   0   0   0   0  0.99 0.10
   15 G     0  -3  -1  -2  -3  -2  -3   6  -3  -4  -4  -2  -3  -4  -3  -1  -2  -3  -4  -4    0   0   0   0   0   0   0 100   0   0   0   0   0   0   0   0   0   0   0   0  1.28 0.10
   16 K    -1   2  -1  -1  -4   1   0  -2  -1  -3  -3   6  -2  -4  -2  -1  -1  -4  -2  -3    0   1   0   0   0   0   0   0   0   0   0  97   0   0   0   0   2   0   0   0  0.76 0.10
   17 N    -2  -1   7   1  -3   0  -1  -1   1  -4  -4   0  -3  -4  -3   0  -1  -4  -3  -4    0   0  95   0   0   0   0   0   1   0   0   4   0   0   0   0   0   0   0   0  0.99 0.11
   18 E    -1  -1  -1   1  -4   1   6  -2  -1  -4  -4   0  -3  -4  -2  -1  -1  -4  -3  -3    0   0   0   1   0   0  98   2   0   0   0   0   0   0   0   0   0   0   0   0  0.96 0.11
   19 N    -2  -1   7   1  -3   0  -1  -1   0  -4  -4   0  -3  -4  -3   0   0  -4  -3  -3    1   0  92   0   0   0   0   0   0   0   0   4   0   0   0   2   1   0   0   0  0.94 0.11
   20 E    -2  -1   0   4  -4   1   5  -2  -1  -4  -4   0  -3  -4  -2  -1  -1  -4  -3  -3    0   0   0  27   0   0  72   0   0   0   0   1   0   0   0   0   0   0   0   0  0.82 0.08
   21 S     1  -1   3   1   0   0   0   0   0  -3  -3   0  -2  -1  -1   3   1  -3  -1  -2    6   1  18   6   1   1   0   2   1   0   0   1   0   2   2  49   8   0   2   0  0.31 0.05
   22 E    -1  -1   0   2  -4   2   6  -2  -1  -4  -3   0  -2  -4  -2  -1  -1  -4  -3  -3    0   0   0   8   0   3  85   1   0   0   1   1   0   0   0   0   0   0   0   0  0.83 0.09
   23 K    -1   2  -1  -1  -4   1   0  -2  -1  -3  -3   6  -2  -4  -2  -1  -1  -4  -2  -3    0   1   0   0   0   0   0   0   0   0   0  99   0   0   0   0   0   0   0   0  0.80 0.11
   24 R    -2   7  -1  -2  -4   0  -1  -1  -1  -4  -3   2  -2  -4  -3  -1  -2  -3  -2  -3    0  97   0   0   0   0   0   3   0   0   0   0   0   0   0   0   0   0   0   0  1.01 0.11
   25 E    -1  -1  -1   1  -4   1   6  -3  -1  -4  -4   0  -3  -4  -2  -1  -1  -4  -3  -3    2   0   0   2   0   0  96   0   0   0   0   0   0   0   0   0   0   0   0   0  0.96 0.11
   26 L    -2  -3  -4  -4  -2  -3  -3  -4  -3   1   5  -3   2   0  -3  -3  -2  -2  -2   0    0   0   0   0   0   0   0   0   0   0 100   0   0   0   0   0   0   0   0   0  0.66 0.09
   27 V    -1  -3  -3  -3  -1  -3  -3  -4  -3   2   0  -3   0  -1  -3  -2   1  -3  -2   4    0   0   0   0   0   0   0   0   0   7   1   0   0   0   0   0  12   0   0  79  0.44 0.08
   28 F    -3  -3  -4  -4  -3  -4  -4  -4  -2  -1   0  -4   0   7  -4  -2  -3   0   2  -1    0   0   0   0   0   0   0   0   0   0   5   0   0  94   0   1   0   0   0   0  1.03 0.11
   29 K    -1   2  -1  -1  -4   1   0  -2  -1  -3  -3   6  -2  -4  -2  -1  -1  -4  -2  -3    0   6   0   0   0   0   0   0   0   0   0  94   0   0   0   0   0   0   0   0  0.77 0.10
   30 E    -1  -1  -1   2  -4   1   6  -3  -1  -4  -3   0  -3  -4  -2  -1  -1  -3  -3  -3    2   0   0   4   0   0  93   0   0   0   0   0   0   0   0   0   0   0   0   0  0.91 0.10
   31 D    -2  -2   1   6  -4   0   3  -2  -1  -4  -4  -1  -3  -4  -2  -1  -2  -5  -3  -4    0   0   0  82   0   0  16   0   1   0   0   0   0   0   0   0   0   0   1   0  1.01 0.09
   32 G     0  -3  -1  -2  -3  -2  -1   6  -2  -4  -4  -2  -3  -3  -3  -1  -1   2  -3  -4    0   0   0   0   0   0   4  90   0   0   0   0   0   0   0   0   2   3   0   0  1.06 0.09
   33 Q    -1   1  -1  -1  -4   7   1  -3   0  -4  -3   1  -1  -4  -1  -1  -1  -3  -2  -3    0   1   0   0   0  97   0   0   0   0   0   0   0   0   2   0   0   0   0   0  0.99 0.13
   34 E    -1  -1  -1   1  -4   2   6  -3  -1  -3  -3   0  -2  -4  -2  -1  -1  -3  -3  -2    0   0   0   0   0   2  93   0   0   2   0   0   0   0   0   0   0   0   0   1  0.88 0.10
   35 Y    -2  -2  -3  -4  -1  -2  -3  -4   1  -2  -2  -2  -2   2  -3  -2  -2   2   8  -2    0   2   0   0   1   0   0   0   0   0   0   0   0   0   0   0   0   0  95   0  1.20 0.13
   36 A     5  -2  -2  -2  -1  -1  -1   0  -2  -1  -2  -1  -1  -3  -1   1   0  -3  -2   0   91   0   0   0   0   0   0   1   0   2   2   0   0   0   0   2   0   0   0   2  0.52 0.08
   37 Q    -1   1  -1  -1  -3   7   1  -2   0  -3  -3   1  -1  -4  -2   0  -1  -3  -2  -3    0   1   0   0   0  95   0   0   0   0   0   0   0   0   0   2   0   0   0   0  0.96 0.13
   38 V    -1  -3  -4  -4  -1  -3  -3  -4  -4   2   0  -3   0  -1  -3  -2  -1  -4  -2   5    0   0   0   0   0   0   0   0   0   0   0   0   0   0   0   0   0   0   0 100  0.61 0.10
   39 I    -1  -3  -2  -3  -1  -2  -3  -3  -3   4   1  -2   1  -1  -3  -1   2  -3  -2   2    1   0   1   0   0   0   0   0   0  56   6   0   2   0   0   0  19   0   0  15  0.33 0.06
   40 K    -1   2   0  -1  -4   1   0  -2  -1  -3  -3   6  -2  -4  -2  -1  -1  -4  -2  -3    0   0   3   0   0   0   1   0   0   0   0  96   0   0   0   0   0   0   0   0  0.75 0.11
   41 M    -2  -2  -3  -4  -2  -1  -3  -4  -2   1   1  -2   8  -1  -3  -2  -1  -2  -2   0    0   0   0   0   0   0   0   0   0   0   0   0  99   0   0   0   1   0   0   0  0.92 0.15
   42 L    -2  -3  -4  -4  -2  -3  -3  -4  -3   1   5  -3   2   0  -3  -2  -2  -2  -2   0    0   0   0   0   0   0   0   0   0   0  98   0   0   0   0   2   0   0   0   0  0.63 0.08
   43 G     0  -3  -1  -2  -3  -2  -3   6  -3  -4  -4  -2  -3  -4  -3  -1  -2  -3  -4  -4    0   0   0   0   0   0   0 100   0   0   0   0   0   0   0   0   0   0   0   0  1.29 0.10
   44 N    -2  -1   7   1  -1  -1  -1  -1   0  -4  -4  -1  -3  -4  -3   0  -1  -4  -3  -4    0   0  96   1   1   0   0   0   0   0   0   1   0   0   0   1   0   0   0   0  1.02 0.12
   45 G     0  -2  -1  -2  -3  -2  -3   6  -3  -4  -4  -2  -3  -4  -3  -1  -2  -3  -4  -3    2   2   0   0   0   0   0  94   0   0   0   0   0   0   0   0   0   0   0   2  1.14 0.09
   46 R    -2   6  -1  -2  -4   2   0  -3   0  -4  -2   2  -2  -3  -3  -1  -2  -3  -2  -3    0  91   0   0   0   8   0   0   0   0   1   0   0   0   0   0   0   0   0   0  0.95 0.10
   47 L    -2  -3  -4  -4  -2  -3  -3  -4  -3   1   5  -3   2   1  -3  -3  -2  -2  -1   1    0   0   0   0   0   0   0   0   0   2  93   0   0   3   0   0   0   0   0   1  0.58 0.08
   48 E    -1   0  -1   1  -4   1   6  -3  -1  -4  -4   1  -3  -4  -2  -1  -1  -4  -3  -3    0   0   0   1   0   0  94   0   0   0   0   5   0   0   0   0   0   0   0   0  0.94 0.11
   49 A     5  -2  -2  -2  -1  -1  -1   0  -2  -1  -2  -1  -1  -3  -1   1   0  -3  -2   0   92   0   0   0   0   0   0   0   0   0   0   0   0   0   0   0   3   0   0   5  0.55 0.09
   50 M    -1  -2  -2  -3  -2   1  -2  -3  -2   1   2  -2   6   0  -3  -2  -1  -2  -1   1    0   0   1   0   0  12   0   0   0   2  19   0  56   1   0   0   0   0   1   7  0.39 0.08
   51 C    -1  -3  -3  -4  10  -3  -4  -3  -1  -2  -2  -4  -2  -3  -4  -2  -2  -3  -3  -2    0   2   0   0  96   0   0   0   2   0   0   0   0   0   0   0   0   0   0   0  1.72 0.15
   52 F    -3  -4  -4  -4  -3  -4  -4  -4  -2  -1   0  -4   0   7  -4  -3  -3   0   3  -1    0   0   0   0   0   0   0   0   0   1   1   0   0  98   0   0   0   0   0   0  1.11 0.12
   53 D    -2  -2   1   7  -4  -1   1  -1  -2  -4  -4  -1  -4  -4  -2  -1  -2  -5  -4  -4    0   0   2  95   0   0   0   3   0   0   0   0   0   0   0   0   0   0   0   0  1.15 0.11
   54 G     0  -3  -1  -2  -3  -2  -3   6  -3  -4  -4  -2  -3  -4  -3  -1  -2  -3  -4  -4    0   0   0   0   0   0   0  99   0   0   0   0   0   0   0   1   0   0   0   0  1.27 0.10
   55 V     0  -2  -2  -2  -1  -1   1  -2  -2   2   0  -1   0  -2  -2   0   1  -3  -2   3    4   0   0   0   0   2  14   1   0   3   0   1   2   0   0   5   7   0   0  61  0.20 0.05
   56 K    -1   2  -1  -1  -4   1   0  -2  -1  -3  -3   6  -2  -4  -2   0  -1  -4  -2  -3    0   6   0   0   0   0   1   0   0   0   0  90   0   0   0   1   2   0   0   0  0.71 0.10
   57 R    -2   6  -1  -2  -4   0  -1  -3  -1  -4  -3   2  -1  -3  -3  -1  -2  -3  -2  -3    0  95   0   0   0   0   0   0   0   0   0   0   1   0   0   4   0   0   0   0  0.98 0.11
   58 L    -2  -3  -4  -4  -2  -3  -3  -4  -3   1   5  -3   2   0  -3  -3  -2   0  -1   1    0   0   0   0   0   0   0   0   0   2  94   0   0   0   0   1   0   2   0   1  0.60 0.08
   59 C     2  -3  -3  -3   9  -3  -3   0  -3  -2  -2  -3  -2  -3  -3  -1  -1  -3  -1  -1   23   0   0   0  66   0   0   8   0   0   0   0   0   0   0   0   0   0   3   0  0.98 0.10
   60 H    -2  -1   1  -2  -4   0  -1  -3   9  -4  -3  -1  -2  -2  -3  -2  -2  -3   2  -4    0   0   3   0   0   1   0   0  92   0   1   0   0   0   0   0   0   0   2   0  1.28 0.14
   61 I    -2  -4  -4  -4  -2  -3  -4  -4  -4   6   1  -3   1  -1  -3  -3  -1  -3  -2   2    0   0   0   0   0   0   0   0   0  99   0   0   0   0   0   0   0   0   0   1  0.68 0.10
   62 R    -2   7  -1  -2  -4   1  -1  -3  -1  -4  -3   2  -2  -4  -3  -1  -2  -3  -2  -3    0  98   0   0   0   0   0   0   0   0   0   0   0   0   0   2   0   0   0   0  1.06 0.11
   63 G     0  -3  -1  -2  -3  -2  -3   6  -3  -4  -4  -2  -3  -4  -3  -1  -2  -3  -4  -4    0   0   0   0   0   0   0 100   0   0   0   0   0   0   0   0   0   0   0   0  1.29 0.10
   64 K    -1   2  -1  -1  -4   1   0  -2  -1  -3  -3   6  -2  -4  -2   0  -1  -4  -2  -3    0   0   0   0   0   0   0   0   0   0   0  98   0   0   0   2   0   0   0   0  0.79 0.11
   65 L    -2  -3  -4  -4  -2  -2  -3  -4  -3   1   5  -3   3   0  -3  -3  -2  -2  -2   0    0   0   0   0   0   0   0   0   0   0  90   0  10   0   0   0   0   0   0   0  0.60 0.08
   66 R    -2   7  -1  -2  -4   1  -1  -3  -1  -4  -3   2  -2  -4  -3  -1  -2  -3  -2  -3    0  99   0   0   0   0   0   0   0   0   0   1   0   0   0   0   0   0   0   0  1.07 0.12
   67 K    -1   2  -1  -1  -4   1   1  -2  -1  -3  -3   6  -2  -4  -2  -1  -1  -4  -2  -3    0   0   0   0   0   0   1   0   0   0   0  99   0   0   0   0   0   0   0   0  0.80 0.11
   68 K    -1   2  -1  -1  -4   1   0  -2  -1  -3  -3   6  -2  -4  -2  -1  -1  -3  -2  -3    0   1   0   0   0   0   0   0   0   0   0  97   0   0   0   0   0   0   0   0  0.76 0.10
   69 V    -1  -3  -3  -3  -1  -3  -3  -3  -3   2   1  -3   0   0  -3  -2   0  -3  -1   5    1   0   0   0   0   0   0   0   0   2   2   0   0   2   0   0   0   0   0  90  0.48 0.08
   70 W    -3  -2  -4  -5  -3  -2  -3  -3  -3  -3  -2  -3  -2   0  -4  -3  -3  12   1  -3    0   2   0   0   0   0   0   0   0   0   0   0   0   0   0   0   0  93   0   0  2.65 0.16
   71 I    -2  -3  -4  -3  -2  -3  -3  -4  -4   5   1  -3   1  -1  -3  -3  -1  -3  -2   2    0   0   0   0   0   0   0   0   0  94   0   0   0   0   0   0   0   0   0   1  0.59 0.09
   72 N    -2  -1   7   1  -3   0  -1  -1   0  -4  -4   0  -3  -3  -2   0  -1  -4  -3  -3    1   0  90   0   0   0   0   1   0   0   0   4   0   0   0   0   0   0   0   0  0.90 0.10
   73 T    -1   0   0  -1  -2   4   0  -1  -1  -1  -2   0  -1  -3  -2   0   3  -3  -2  -1    2   0   2   0   0  44   0   2   0   3   1   0   0   0   0   1  43   0   0   0  0.41 0.07
   74 S     1  -2   0  -1  -2  -1  -1   4  -2  -3  -3  -1  -2  -3  -2   3   0  -3  -3  -3    3   0   0   0   0   0   0  49   0   0   0   0   0   0   0  44   0   0   0   0  0.58 0.06
   75 D    -2  -2   1   7  -4  -1   1  -2  -2  -4  -4  -1  -3  -4  -2  -1  -2  -4  -3  -4    0   0   0  95   0   0   0   0   0   0   0   0   0   0   0   0   0   0   0   0  1.13 0.10
   76 I    -2  -3  -3  -3  -2  -3  -3  -4  -4   5   1  -3   1  -1  -3  -3  -1  -3  -2   2    0   0   0   0   0   0   0   0   0  91   0   0   0   0   0   0   2   0   0   3  0.56 0.09
   77 I    -2  -3  -3  -3  -2  -3  -3  -4  -3   5   1  -3   1  -1  -3  -3  -1  -3  -2   2    0   0   0   0   0   0   0   0   0  85   5   0   1   0   0   0   0   0   0   6  0.52 0.08
   78 L    -2  -2  -4  -4  -2  -2  -3  -4  -3   1   5  -3   2   0  -3  -3  -2  -2  -1   0    0   0   0   0   0   0   0   0   0   0  95   0   0   0   0   0   0   0   0   0  0.58 0.08
   79 V    -1  -3  -3  -3  -1  -2  -3  -3  -3   3   3  -3   1   0  -3  -2  -1  -3  -1   3    0   0   0   0   0   0   0   0   0  17  32   0   0   0   0   0   0   0   0  47  0.35 0.05
   80 G     0  -2   0   0  -2  -1  -1   5  -2  -3  -3  -1  -3  -3  -2   2  -1  -3  -3  -3    0   0   0   4   0   0   0  65   0   0   0   0   0   0   0  28   0   0   0   0  0.70 0.06
   81 L    -2  -2  -3  -4  -2  -2  -3  -4   0   1   4  -3   2   0  -3  -3  -2  -2  -1   1    0   0   0   0   0   0   0   0   3   0  90   0   0   0   1   0   0   0   0   2  0.50 0.07
   82 R    -2   6  -1  -2  -4   1   0  -3   1  -3  -3   2  -2  -3  -2  -1  -2  -3  -2  -3    0  87   0   0   0   4   0   0   4   0   0   0   0   0   0   0   0   0   0   0  0.86 0.09
   83 D    -2  -2   1   6  -4   0   2  -2  -1  -3  -4  -1  -3  -4  -2  -1  -1  -4  -3  -3    0   0   0  84   0   0  11   0   0   0   0   0   0   0   0   0   0   0   0   0  0.99 0.09
   84 Y    -2  -2  -3  -3  -3  -2  -3  -3   1  -2  -1  -2  -1   4  -3  -2  -2   2   7  -2    0   0   0   0   0   0   0   0   0   0   0   0   0  14   0   0   0   0  81   0  1.05 0.11
   85 Q    -1   0  -1  -1  -3   7   2  -2   0  -3  -3   1  -1  -4  -2  -1  -1  -2  -2  -3    0   0   0   0   0  94   2   0   0   0   0   0   0   0   0   0   0   0   0   0  0.93 0.12
   86 D    -2  -2   1   7  -4  -1   1  -2  -2  -3  -4  -1  -3  -4  -2  -1  -2  -5  -4  -3    0   0   1  95   0   0   1   0   0   0   0   0   0   0   0   0   0   0   0   2  1.13 0.10
   87 N     0  -1   4   2  -2   0   2  -1   0  -3  -3   0  -2  -3  -2   1   0  -3  -2  -2   10   0  40  11   0   1  16   1   0   0   0   4   0   0   0  11   5   0   0   0  0.39 0.04
   88 K    -1   2  -1  -1  -3   1   0  -2  -1  -3  -3   6  -2  -4  -2  -1   0  -3  -2  -3    0   1   0   0   0   0   0   0   0   0   0  94   0   0   0   0   3   0   0   0  0.72 0.10
   89 A     4  -2  -2  -2  -1  -1  -1   2  -2  -2  -2  -1  -2  -3  -1   1  -1  -3  -2  -1   79   0   0   0   0   0   0  19   0   0   0   0   0   0   0   0   0   0   0   0  0.51 0.08
   90 D    -2  -2   1   7  -4  -1   1  -2  -2  -4  -4  -1  -4  -4  -2  -1  -2  -5  -4  -4    0   0   2  96   0   0   0   0   0   0   0   0   0   0   0   0   0   0   0   0  1.17 0.11
   91 V     0  -3  -3  -4  -1  -3  -3  -3  -4   2   1  -3   0  -1  -3  -2   0  -3  -2   5    4   0   0   0   0   0   0   0   0   3   2   0   0   0   0   0   0   0   0  90  0.50 0.08
   92 I    -2  -3  -4  -4  -2  -3  -4  -4  -4   5   1  -3   1  -1  -3  -3  -1  -3  -2   2    0   0   0   0   0   0   0   0   0  96   1   0   0   0   0   0   0   0   0   2  0.63 0.10
   93 L    -2  -2  -3  -4  -2  -1  -3  -4  -3   1   4  -3   2   0  -3  -3  -1  -2  -1   1    0   0   0   0   0   3   0   0   0   0  86   0   3   1   0   0   0   0   0   5  0.50 0.07
   94 K    -1   2  -1  -1  -3   1   0  -2  -1  -3  -3   5  -2  -3  -2  -1  -1  -3  -2  -2    0   5   0   0   0   0   0   0   0   0   0  89   0   0   0   0   0   0   0   3  0.66 0.09
   95 Y    -3  -2  -3  -4  -3  -2  -3  -4   1  -2  -2  -3  -2   3  -4  -2  -2   2   8  -2    0   0   0   0   0   0   0   0   0   0   0   0   0   1   0   0   0   0  99   0  1.34 0.14
   96 N    -1  -1   6   0  -2  -1  -1  -1   0  -3  -3  -1  -2  -3  -2   1   3  -4  -2  -2    0   0  65   0   0   0   0   0   0   0   0   0   0   0   0   9  25   0   0   0  0.64 0.08
   97 A     4  -2  -2  -2  -1  -1  -1  -1  -2  -2  -2  -1  -2  -3   4   1   0  -3  -2  -1   73   0   0   1   0   0   0   0   0   0   0   0   0   0  19   3   2   0   0   1  0.54 0.07
   98 D    -2  -2   1   7  -4  -1   2  -1  -2  -4  -4  -1  -4  -4  -2  -1  -2  -5  -4  -4    0   0   1  92   0   0   5   1   0   0   0   0   0   0   0   0   0   0   0   0  1.12 0.10
   99 E    -1  -1  -1   1  -4   1   6  -3  -1  -4  -4   1  -3  -4  -2  -1  -1  -4  -3  -3    0   0   0   0   0   0  98   0   0   0   0   2   0   0   0   0   0   0   0   0  0.99 0.11
  100 A     5  -2  -2  -2  -1  -1  -1   0  -2  -2  -2  -1  -1  -3  -1   1   0  -3  -2  -1   99   0   0   0   0   0   0   0   0   0   0   0   0   0   0   1   1   0   0   0  0.63 0.10
  101 R    -2   7  -1  -2  -4   0  -1  -1  -1  -4  -3   2  -2  -4  -3  -1  -2  -3  -2  -3    0  96   0   0   0   0   0   4   0   0   0   0   0   0   0   0   0   0   0   0  0.99 0.11
  102 S     0  -1   4   0  -2   0  -1  -1  -1  -3  -3  -1  -2  -3  -2   4   1  -4  -2  -2    1   0  30   1   0   0   0   0   0   0   0   0   0   0   0  65   3   0   0   0  0.53 0.08
  103 L    -2  -3  -4  -4  -2  -3  -3  -4  -3   1   5  -3   2   0  -3  -3  -2  -2  -2   0    0   0   0   0   0   0   0   0   0   0 100   0   0   0   0   0   0   0   0   0  0.66 0.09
  104 K    -1   2  -1  -1  -4   1   1  -2  -1  -3  -3   6  -2  -4  -2  -1  -1  -4  -2  -3    0   1   0   0   0   0   3   0   0   0   0  96   0   0   0   0   0   0   0   0  0.77 0.11
  105 A     4  -2  -1  -2  -1  -1  -1   0  -2  -1  -1  -1  -1  -3  -1   1   1  -3  -2   0   69   0   1   0   0   2   2   0   0   0   1   0   0   0   0   7  12   0   0   6  0.35 0.06
  106 Y    -2  -2  -3  -4  -3  -2  -3  -4   2  -2  -2  -3  -2   3  -4  -2  -2   2   8  -2    0   0   0   0   0   0   0   0   3   0   0   0   0   2   0   0   0   0  95   0  1.27 0.13
  107 G     0  -2  -1  -2  -3  -2  -3   6  -3  -4  -4  -2  -3  -4  -3  -1  -2  -3  -4  -4    0   1   0   0   0   0   0  98   0   0   0   0   0   0   0   0   0   0   0   0  1.23 0.10
  108 E    -1  -1  -1   1  -4   1   6  -2  -1  -4  -3   1  -3  -4  -2  -1  -1  -3  -3  -3    0   0   0   0   0   0  96   1   0   0   0   2   0   0   0   0   0   0   0   0  0.94 0.11
  109 L    -2  -3  -4  -4  -2  -3  -3  -4  -3   1   4  -3   2   1  -3  -3  -2  -2  -1   0    0   0   0   0   0   0   0   0   0   2  91   0   0   6   0   0   0   0   0   0  0.57 0.07
  110 P    -1  -2  -3  -2  -3  -2  -2  -2  -3  -3  -4  -2  -3  -4   8  -1  -2  -4  -4  -3    0   2   0   0   0   0   0   2   0   0   0   0   0   0  95   0   0   0   0   0  2.10 0.12
  111 E    -1  -1   0   2  -4   1   6  -3  -1  -4  -3   0  -3  -4  -1  -1  -1  -4  -3  -3    0   0   0  10   0   0  88   0   0   0   0   0   0   0   0   1   0   0   0   0  0.87 0.10
  112 H    -1  -1   2  -1  -2   0  -1  -2   6  -3  -3  -1  -2  -1  -2   1   1  -2   2  -2    0   0  14   1   0   0   0   0  45   0   0   0   0   0   0  18  14   0   7   0  0.49 0.07
  113 A     4  -2  -2  -2  -1  -1  -1   0  -2  -1  -1  -1  -1  -2  -1   1   0  -3  -1   1   80   0   0   0   0   0   0   1   0   0   0   0   0   1   0   0   4   0   1  13  0.41 0.07
  114 K    -1   2   0  -1  -4   1   1  -2  -1  -3  -3   5  -2  -4  -2  -1  -1  -4  -2  -3    0   7   1   1   0   1   2   0   0   0   0  88   0   0   0   0   0   0   0   0  0.70 0.09
  115 I    -2  -3  -4  -4  -2  -3  -3  -4  -4   5   1  -3   1  -1  -3  -3  -1  -3  -2   2    0   0   0   0   0   0   1   0   0  92   3   0   0   0   0   0   2   0   0   2  0.58 0.09
  116 N    -2  -1   7   1  -3  -1  -1  -1   0  -4  -4  -1  -3  -4  -3   0   0  -4  -3  -3    0   0  93   1   0   0   0   0   0   0   0   1   0   0   0   3   2   0   0   0  0.97 0.11
  117 E    -1  -1   0   3  -4   1   5  -3   0  -4  -4   1  -3  -4  -2  -1  -1  -4  -3  -3    0   0   0  13   0   0  81   0   1   0   0   4   0   0   0   0   0   0   0   0  0.82 0.09
  118 T     0  -2   0  -2  -1  -1  -1  -2  -2  -1  -2  -1  -1  -3  -1   1   5  -3  -2   0    3   0   3   0   0   0   0   1   0   1   1   0   1   0   1   1  86   0   0   1  0.60 0.10
  119 D    -1  -2   1   5  -3  -1   1  -1  -1  -2  -3  -1  -2  -3  -2  -1  -1  -4  -2   0    1   0   2  65   0   0   7   4   1   0   0   0   0   0   1   1   2   0   1  14  0.58 0.08
  120 T     0  -2   0  -1  -2  -1  -1  -1  -2  -1  -1  -1  -1  -2  -2   1   5  -3  -2  -1    6   0   4   1   0   0   0   2   0   3   1   0   0   1   0   4  77   0   0   0  0.51 0.10
  121 F    -3  -3  -3  -2  -3  -3  -3  -3  -1  -1   0  -3   0   7  -4  -3  -2   1   4  -1    0   1   0   3   0   0   1   1   0   0   3   0   1  73   0   0   1   0  16   0  0.85 0.11
  122 G     0  -2  -1   1  -3  -2  -1   6  -2  -4  -4  -2  -3  -4  -2  -1  -2  -3  -3  -2    1   2   1   7   0   0   4  79   0   0   0   0   0   0   1   0   1   0   0   3  0.88 0.09
  123 P     0  -2  -1   1  -3   0   2  -1   0  -3  -3  -1  -3  -4   6   0  -1  -4  -3  -3    6   0   1   9   0   4  21   4   2   0   0   0   0   0  48   5   0   0   0   0  0.88 0.08
  124 G     0  -1   0   1  -3   0   2   5  -1  -4  -3  -1  -2  -3  -2  -1  -2  -3  -3  -3    1   1   3   6   0   2  20  61   0   0   1   0   1   0   0   1   0   0   0   1  0.64 0.07
  125 D    -2  -2   0   5  -4   0   3   0  -1  -2  -2  -1  -1  -1  -2  -1  -1  -3  -2  -2    0   0   1  55   0   0  23   7   0   1   3   0   3   4   0   0   0   0   0   1  0.57 0.08
  126 D    -2  -2   1   6  -4   0   2  -1  -2  -4  -4  -1  -4  -4  -2  -1  -2  -5  -4  -4    0   0   1  79   0   1  15   4   0   1   0   0   0   0   0   0   0   0   0   0  1.03 0.13
  127 D    -1  -2   1   6  -3  -1   2   1  -1  -4  -4  -1  -3  -4  -2  -1  -2  -4  -4  -4    2   0   3  67   0   0  12  14   0   0   0   0   0   0   0   1   0   0   0   0  0.81 0.11
  128 E    -1  -1   1   3  -4   1   5   0  -1  -2  -3   0  -2  -4  -1  -1  -1  -4  -3  -3    3   0   7  22   0   0  58   6   0   3   0   0   1   0   1   0   0   0   0   0  0.62 0.10
  129 I    -2  -3  -4  -4   4  -3  -4  -4  -4   5   1  -3   0  -1  -3  -3  -1  -3  -2   2    1   0   0   0  14   0   0   0   0  74   0   0   1   1   0   0   0   0   0   8  0.61 0.12
  130 Q    -1   0   1   0  -3   5   3   0  -1  -2  -2   0  -1  -3  -2   0   0  -3  -2  -2    3   0   7   1   0  47  21   8   0   1   2   0   1   0   0   0   8   0   1   1  0.44 0.09
  131 F    -3  -4  -4  -4  -3  -4  -4  -4  -2  -1   0  -4  -1   8  -5  -3  -3   0   3  -2    0   0   0   1   0   0   0   0   0   0   0   0   0  96   0   1   0   0   2   0  1.33 0.18
  132 D    -2  -1   1   5  -4   0   3   1  -1  -4  -4   0  -3  -4  -2  -1  -1  -4  -3  -3    0   0   2  57   0   1  26  11   0   0   0   2   0   0   0   0   0   0   0   0  0.73 0.08
  133 D    -2  -2   1   5  -4  -1   2  -2  -1  -3  -2  -1  -2   3  -2  -1  -2  -2   0  -3    0   0   3  56   0   0  13   1   0   0   0   0   0  25   0   0   0   0   1   0  0.60 0.08
  134 I    -1  -2  -1   2  -2  -1   0   0  -2   2   0  -2   0   0  -1  -1   0  -2   0   1    4   0   0  20   0   2   5   8   0  28   1   0   1   3   2   1   5   0   3  16  0.09 0.03
  135 G     0   0   0   1  -3   0   2   4  -1  -2  -3  -1  -2  -3  -2   1  -1  -3  -2  -2    5   6   2   8   0   0  17  43   0   3   1   1   0   0   0  10   0   0   2   3  0.35 0.04
  136 D     0  -1   1   5  -3   0   1   2  -1  -3  -3   0  -3  -2  -2   1  -1  -3  -2  -3    5   1   2  47   0   0  10  17   0   1   0   2   0   3   0  12   0   0   0   0  0.46 0.06
  137 D    -1   1   2   4  -3   0   2   0   0  -3  -3   1  -3  -3  -2   1  -1  -3  -2  -3    0   7   8  41   0   1  14   6   2   0   0   7   0   0   0  10   0   0   1   1  0.43 0.05
  138 D    -1  -1   0   5  -3   0   3   0  -1  -3  -3  -1  -3  -4  -2   0  -1  -4  -3  -2    1   1   1  51   0   0  29   5   0   0   0   0   0   0   0   5   1   0   0   5  0.61 0.07
  139 E     0  -1   0   3  -3   1   4  -2  -1   0  -2   0  -2  -3  -2   1  -1  -3  -2   0    4   0   1  16   0   1  49   1   0   8   1   1   0   0   0  10   0   0   0   7  0.38 0.06
  140 D     0  -2   0   5  -3   0   3  -1  -1  -3  -4  -1  -3  -4  -1   0  -1  -4  -3  -3   10   0   1  57   0   0  24   2   0   2   0   0   0   0   1   4   0   0   0   0  0.68 0.09
  141 I     0  -3  -2  -2  -2  -2  -2  -2  -3   4   1  -2   1  -1  -3   0   0  -3  -2   2    6   0   1   2   0   0   2   3   0  57   1   2   3   0   0   8   2   0   0  13  0.25 0.07
  142 D    -2  -2   1   6  -4  -1   2  -1  -2  -4  -4  -1  -4  -4  -2  -1  -2  -5  -4  -4    0   0   1  83   0   0  11   3   0   0   0   1   0   0   1   1   0   0   0   0  1.10 0.12
  143 D    -1  -2   2   6  -4   0   2  -2  -1  -4  -4  -1  -3  -4   0   0  -1  -5  -3  -3    4   0   8  68   0   0  15   1   0   0   0   0   0   0   4   1   0   0   0   0  0.84 0.09
  144 I    -2  -3  -4  -4  -2  -3  -4  -4  -4   5   2  -3   1  -1  -3  -3  -1  -3  -2   3    0   0   0   0   0   0   0   0   0  75   7   0   1   0   0   0   0   0   0  17  0.58 0.09

                      K         Lambda
Standard Ungapped    0.1388     0.3146
Standard Gapped      0.0492     0.2670
PSI Ungapped         0.1609     0.3177
PSI Gapped           0.0492     0.2670
