
Last position-specific scoring matrix computed, weighted observed percentages rounded down, information per position, and relative weight of gapless real matches to pseudocounts
            A   R   N   D   C   Q   E   G   H   I   L   K   M   F   P   S   T   W   Y   V   A   R   N   D   C   Q   E   G   H   I   L   K   M   F   P   S   T   W   Y   V
    1 M    -3  -4  -5  -6  -4  -3  -5  -5  -4  -1   0  -4  10  -2  -5  -4  -3  -4  -4  -2    0   0   0   0   0   0   0   0   0   0   0   0 100   0   0   0   0   0   0   0  2.48 0.52
    2 A     6  -3  -2  -3  -2  -1  -2  -1  -2  -3  -3  -2   0  -4  -1   0  -1  -4  -4  -2   84   1   1   0   0   3   0   1   1   0   0   0   2   0   3   2   2   0   0   1  0.99 0.31
    3 L     1   0  -1  -2  -2   1  -1  -1  -2  -2   0   0   0  -3  -2   2   3   1  -2  -1    9   5   1   1   0   7   0   5   0   0   9   6   2   0   0  19  30   2   0   3  0.24 0.13
    4 Q     2   1   0   0  -2   5   0  -2  -2  -3  -3   2  -2  -4  -2   1   0  -4  -3  -3   23   7   2   5   1  34   3   1   0   1   1  11   0   0   0   7   5   0   0   0  0.44 0.18
    5 L    -1  -2  -1  -2  -3   4  -1  -2  -1  -1   2  -1  -1  -2  -3  -1   4  -3  -3   0    5   0   1   0   0  25   1   1   1   2  22   3   0   0   0   1  33   0   0   5  0.39 0.20
    6 S     2  -1  -1  -1  -1   0   0  -1  -2  -1  -1   1  -2  -2  -2   2   1  -3  -2   0   25   1   2   3   0   4   4   2   0   2   5   9   0   1   1  26   8   0   0   8  0.20 0.12
    7 R     0   2   1  -2  -1   1  -1  -1  -2  -2  -2   0  -2  -3  -1   2   4   0  -3  -1    4  14   5   0   1   9   1   3   0   2   1   4   0   0   1  13  37   2   0   3  0.36 0.17
    8 E    -1   2  -1   0  -4   2   3  -2  -1  -3  -1   3  -2  -4  -2   0  -1  -4  -3  -3    3   8   2   3   0   9  29   1   1   0   9  29   0   0   0   5   2   0   0   0  0.44 0.17
    9 Q    -2  -1   4   2  -4   3   0   0   0  -3  -4   1  -3  -4  -2   1   1  -4  -3  -2    0   0  30  11   0  19   1   5   2   1   0  11   0   0   1   7   7   0   0   2  0.47 0.18
   10 G     2  -2   0  -2   0  -2  -1   3  -3   0  -2  -1  -2  -3  -1   1   1  -3  -3   0   18   0   4   0   2   0   3  31   0   9   2   2   0   0   2   7   9   0   0   8  0.27 0.12
   11 I    -3  -5  -5  -5  -1  -5  -5  -6  -5   7  -1  -5  -1  -2  -5  -4  -3  -5  -3   1    0   0   0   0   1   0   0   0   0  94   0   0   0   0   0   0   0   0   0   3  1.63 0.41
   12 T    -1  -3  -2  -3   0  -3  -3  -3  -4  -3  -3  -2  -3  -4  -1   1   7   0  -4  -2    3   0   0   0   2   0   0   0   0   0   0   1   0   0   3   5  84   1   0   0  1.33 0.39
   13 L    -3  -3  -5  -5  -3  -4  -5  -5  -5   0   6  -4   0  -1  -5  -4  -3  -4  -3  -1    0   1   0   0   0   0   0   0   0   1  96   0   0   0   0   0   0   0   0   1  1.33 0.35
   14 R    -3   5  -2  -3  -5   0  -1  -4  -2  -4  -3   6  -3  -5  -3  -1  -3  -5  -4  -4    0  33   0   0   0   1   1   0   0   0   1  60   0   0   0   3   0   0   0   0  1.19 0.33
   15 G    -2   0  -2  -3  -5  -4  -4   7  -4  -6  -6  -3  -5  -5  -4  -2  -4  -5  -5  -5    0   6   0   0   0   0   0  93   0   0   0   0   0   0   0   0   0   0   0   0  1.83 0.40
   16 S    -1  -3  -1  -2  -3  -2  -2  -2  -3  -5  -5  -2  -4  -5  -3   7  -1  -5  -4  -4    0   0   2   0   0   0   0   1   0   0   0   0   0   0   0  95   0   0   0   0  1.50 0.45
   17 A     5  -3  -2  -3  -2  -2  -2  -1  -3  -2  -3  -2  -2  -4  -3   1   3  -4  -3   0   56   0   0   0   0   0   0   2   0   0   1   0   0   0   0   9  26   0   0   6  0.71 0.27
   18 E     1  -2  -1   3  -4   2   5  -3  -2  -4  -3   1  -3  -5  -3  -1  -2  -4  -4  -3   14   0   1  14   0   9  52   0   0   0   1   7   0   0   0   1   1   0   0   0  0.77 0.25
   19 I    -3  -4  -4  -5  -3  -4  -5  -5  -5   6   2  -3   0  -2  -4  -3   0  -4  -3   1    0   0   0   0   0   0   0   0   0  68  20   1   1   0   0   1   5   0   0   2  0.99 0.30
   20 V    -2  -5  -5  -5  -3  -4  -5  -5  -5   0  -1  -4   2  -3  -5  -4  -2  -5  -3   7    1   0   0   0   0   0   0   0   0   0   1   0   5   0   0   0   0   0   0  93  1.48 0.41
   21 A     4  -3  -2  -3  -2  -1  -2  -1  -3  -3  -3  -2  -1  -4  -3   3   3  -4  -3  -1   43   0   0   0   0   2   0   1   0   0   0   0   1   0   0  25  24   0   0   2  0.65 0.26
   22 E    -3  -2  -3   1  -6   0   7  -4  -2  -6  -5  -2  -4  -6  -3  -2  -3  -5  -4  -5    0   1   0   4   0   1  93   0   0   0   0   0   0   0   0   0   0   0   0   0  1.78 0.46
   23 F    -4  -5  -5  -6  -5  -5  -5  -5  -4  -3  -2  -3  -2   9  -6  -5  -4  -1   1  -3    0   0   0   0   0   0   0   0   0   0   0   2   0  94   0   0   0   0   2   1  2.23 0.48
   24 F    -4  -5  -5  -6  -5  -5  -6  -6  -4  -2  -2  -3  -2   9  -6  -4  -4  -2   1  -3    0   0   0   0   0   0   0   0   0   1   1   1   0  94   0   1   1   0   0   0  2.23 0.49
   25 S     1  -2   1   0  -1  -2  -2   2   2  -3  -3  -2  -2   1  -3   3  -1   1   1  -2   10   0   8   4   1   0   1  18   6   0   1   1   1   7   0  32   1   2   6   1  0.31 0.17
   26 F    -4  -4  -4  -5  -2  -4  -5  -5  -1  -2  -2  -4  -3   6  -5  -3  -2   0   8  -3    0   0   0   0   1   0   0   0   0   1   1   0   0  35   0   1   3   0  57   0  1.71 0.42
   27 G     2  -4  -2  -2  -2  -3  -3   6  -4  -5  -5  -3  -4  -4  -3   2  -2  -2  -4  -3   17   0   0   1   1   0   0  64   0   0   0   0   0   0   0  14   0   1   0   1  1.09 0.30
   28 I     0  -5  -5  -5  -3  -4  -5  -5  -3   7   0  -4  -1  -2  -4  -3  -2  -4  -3   2    8   0   0   0   0   0   0   0   1  77   4   0   0   0   0   1   0   0   0   9  1.17 0.35
   29 N    -4  -3   8  -1  -5  -1  -3  -3   0  -6  -6  -3  -5  -5  -4  -1  -2  -6  -4  -5    0   0  92   1   0   1   0   0   1   0   0   0   0   0   0   3   0   0   0   0  2.05 0.50
   30 S    -1  -3   2  -2  -3  -2  -2  -1  -3  -5  -5  -2  -4  -5  -3   6   0  -5  -4  -4    0   0  10   0   0   0   0   2   0   0   0   0   0   0   0  82   4   0   0   0  1.26 0.41
   31 I    -4  -5  -6  -5  -4  -5  -5  -6  -4   8   0  -5  -1  -2  -5  -5  -3  -5  -4   0    0   0   0   0   0   0   0   0   0  95   3   0   0   0   0   0   0   0   0   0  1.75 0.45
   32 L    -4  -4  -5  -6  -3  -2  -5  -6  -5   0   6  -4   0  -1  -5  -4  -3  -4  -3  -1    0   0   0   0   0   1   0   0   0   2  95   0   0   1   0   0   0   0   0   0  1.39 0.39
   33 Y    -4  -4  -5  -6  -5  -4  -5  -6   0  -4  -4  -3  -4   2  -6  -4  -4   0   9  -4    0   0   0   0   0   0   0   0   1   0   0   2   0   6   0   0   0   0  90   0  2.41 0.54
   34 Q    -3  -2   2  -3  -5   8   0  -4  -2  -5  -4  -1  -3  -6  -4  -3  -3  -5  -4  -5    0   0   8   0   0  87   2   0   0   0   1   2   0   0   0   0   0   0   0   0  1.90 0.52
   35 R    -4   8  -3  -4  -1  -1  -3  -5   0  -5  -3   0  -4  -5  -5  -3  -4  -5  -4  -5    0  93   0   0   2   0   0   0   2   0   2   0   0   0   0   0   0   0   0   0  1.98 0.49
   36 G    -2  -5  -3  -4  -5  -4  -5   7  -5  -6  -6  -4  -5  -6  -5  -3  -4  -5  -6  -6    1   0   0   0   0   0   0  99   0   0   0   0   0   0   0   0   0   0   0   0  2.16 0.48
   37 I    -3  -5  -5  -5  -3  -5  -5  -4  -5   7   1  -5  -1  -2  -5  -4  -3  -5  -3   3    0   0   0   0   0   0   0   1   0  77   8   0   0   0   0   0   0   0   0  14  1.34 0.38
   38 Y    -5  -5  -5  -6  -6  -4  -5  -6   0  -4  -4  -5  -4   0  -6  -5  -5  -1  10  -4    0   0   0   0   0   0   0   0   1   0   0   0   0   0   0   0   0   0  99   0  2.87 0.64
   39 P    -2  -5  -5  -4  -6  -1  -3  -5  -5  -6  -6  -4  -3  -6   8  -3  -4  -7  -6  -5    2   0   0   0   0   2   0   0   0   0   0   0   1   0  94   0   0   0   0   0  2.77 0.57
   40 S     2  -3  -3  -3  -4  -2   1  -3  -4  -4  -4  -3  -4  -1   7   2  -2  -5  -4  -3   17   0   0   0   0   1   9   1   0   0   0   0   0   3  53  15   0   0   0   1  1.21 0.33
   41 E    -3  -3  -3   2  -6  -1   7  -5  -3  -6  -6  -1  -5  -6  -4  -3  -3  -6  -5  -5    0   0   0   7   0   0  93   0   0   0   0   1   0   0   0   0   0   0   0   0  1.88 0.50
   42 T    -1  -3   0  -2  -3  -1  -2  -3  -3  -3  -4  -2   0  -4  -3   4   6  -5  -4  -3    1   0   3   1   0   2   0   0   0   0   0   0   2   0   0  38  52   0   0   0  1.01 0.37
   43 F    -5  -6  -6  -6  -5  -6  -6  -6  -4  -3  -2  -6  -3   9  -7  -4  -5  -2   0  -4    0   0   0   0   0   0   0   0   0   0   0   0   0  99   0   1   0   0   0   0  2.55 0.57
   44 T     0  -1  -1  -2  -3  -2  -1  -2  -3  -3  -3   2  -3  -4  -3   1   6  -5  -4  -1    5   2   1   1   0   0   3   1   0   0   0  17   0   0   0  10  56   0   0   3  0.74 0.30
   45 R    -3   7  -2  -3  -2   2  -1  -3   2  -4  -4   2  -2  -2  -2  -3  -3  -5  -3  -4    1  65   0   0   1   8   1   2   5   0   0  11   1   2   2   0   1   0   0   0  1.13 0.35
   46 V     0  -2  -3  -3   0  -1   2  -4  -4   0  -1   0  -1  -3  -4  -2  -1  -5  -3   5    6   1   1   1   1   3  14   0   0   2   1   7   0   0   0   2   3   0   0  60  0.59 0.27
   47 Q    -1   0   0  -1  -4   6   1  -3  -1  -4  -4   3  -3  -5  -2   1   1  -4  -3  -3    3   1   2   2   0  50   4   0   1   0   0  16   0   0   1   9   9   0   0   1  0.80 0.31
   48 K    -3   0  -1  -3  -5   3  -1  -4   2  -5  -5   7  -1  -3  -3  -2  -3  -5  -3  -5    0   0   2   0   0  14   1   0   6   0   0  74   1   1   0   0   0   0   0   0  1.29 0.40
   49 Y    -5  -5  -5  -6  -5  -4  -5  -6  -1  -4  -4  -5  -4   1  -6  -5  -5   2  10  -4    0   0   0   0   0   0   0   0   0   0   0   0   0   2   0   0   0   2  96   0  2.76 0.62
   50 G    -2  -4  -1   2  -5  -4  -4   7  -4  -6  -6  -3  -5  -6  -4  -2  -4  -5  -5  -6    0   0   2  12   0   0   0  85   0   0   0   1   0   0   0   0   0   0   0   0  1.70 0.41
   51 L    -4  -4  -6  -6  -4  -4  -5  -6  -5   0   6  -3   4  -2  -5  -5  -3  -4  -3  -1    0   0   0   0   0   0   0   0   0   0  89   1   9   0   0   0   0   0   0   0  1.38 0.40
   52 T     0  -2   1  -3  -3  -2  -3  -2  -3  -3  -4  -2  -3  -4   2   2   6  -5  -4  -2    6   1   5   0   0   1   0   1   0   1   0   1   0   0  11  14  60   0   0   0  0.90 0.33
   53 L    -3  -4  -5  -5  -3  -3  -5  -5  -4   2   4  -4   6   0  -5  -4  -3  -4  -3   1    0   0   0   0   0   0   0   0   0   9  52   0  30   2   0   0   0   0   0   8  1.01 0.32
   54 L    -3  -4  -5  -5  -3   0  -4  -5  -1   0   5  -4   2   2  -5  -4  -3   1   0   0    0   0   0   0   0   7   0   0   1   0  72   0   5   7   0   0   0   2   2   4  0.87 0.30
   55 V    -2  -4  -4  -5  -3  -3  -3  -5  -5   1   2  -3   2  -2  -4  -3   1  -4  -3   6    0   0   0   0   0   0   1   0   0   3  16   1   5   0   0   1   8   0   0  65  0.85 0.30
   56 T    -2  -4  -1  -3   0  -3  -3  -4  -4  -3  -4  -3  -3  -3  -3   2   7  -5  -4  -3    0   0   1   0   2   0   0   0   0   0   0   0   0   1   0  15  81   0   0   0  1.44 0.45
   57 T     0  -2   1   1   0   2  -1  -3  -2  -3  -3  -1  -3  -4  -3   1   5  -4  -3  -2    7   0   5   9   2   9   2   1   1   0   0   3   0   0   0   7  54   0   0   1  0.67 0.28
   58 D    -4  -4   1   8  -6  -3   1  -4  -1  -4  -6  -3  -5  -6  -4  -3  -3  -7  -5  -6    0   0   5  87   0   0   4   0   1   1   0   0   0   0   0   0   0   0   0   0  1.92 0.48
   59 L    -1  -2   0   2  -4   0   4  -3  -2  -4  -4   1  -2  -5   5   0  -1  -5  -4  -3    4   0   4  11   0   2  30   0   0   0   1   8   1   0  30   4   3   0   0   0  0.76 0.24
   60 E     0   0  -1   1  -4   1   3   2  -1  -4  -3   3  -3  -4  -2  -1  -1  -4  -3  -3    6   2   2   6   0   5  28  21   1   0   2  22   0   0   1   2   3   0   0   1  0.42 0.18
   61 L    -3  -4  -5  -5  -3  -4  -5  -6  -5   0   6  -4   0  -2  -5  -4  -3  -4  -3   2    0   0   0   0   0   0   0   0   0   2  82   0   0   0   0   0   0   0   0  15  1.17 0.35
   62 I    -2   0   1  -1  -4   2  -1  -3  -2   0  -1   5   1  -4  -3  -1   0  -4  -3  -2    0   3   7   2   0  11   0   0   0   8   6  48   4   0   0   4   5   0   0   1  0.50 0.23
   63 K     1  -1   3   2  -3   0   0  -1  -1  -3  -3   3  -3  -3  -2   1   1  -4  -3  -2   11   1  20  12   0   2   5   3   1   0   0  26   0   0   0   9   8   0   0   1  0.37 0.17
   64 Y    -4  -4  -5  -6  -5  -4  -5  -6  -1  -4  -3  -5  -3   5  -6  -4  -4  -1   9  -4    0   0   0   0   0   0   0   0   0   0   0   0   0  22   0   0   0   0  75   0  2.16 0.51
   65 L    -3  -4  -5  -5  -3  -4  -5  -6  -5   2   6  -4   1   1  -5  -4  -3  -3  -3  -1    0   0   0   0   0   0   0   0   0  10  83   0   1   5   0   0   0   0   0   0  1.18 0.34
   66 N     0  -1   4   2  -3   0   0  -1   0  -3  -4   0  -3  -4  -3   2   2  -4  -3  -2    6   0  30   9   0   3   4   2   2   1   0   7   0   0   0  20  14   0   0   1  0.46 0.19
   67 N    -2  -1   6   1  -4   1  -1  -2  -1  -4  -4   1  -3  -4  -1   1   1  -5  -2  -3    2   1  52   5   0   8   2   1   0   1   0   9   0   0   3   8   7   0   1   1  0.79 0.28
   68 V    -2  -4  -5  -5  -3  -4  -4  -5  -5   3   1  -4  -1   1  -4  -4  -2  -4  -3   6    0   0   0   0   0   0   0   0   0  13  10   0   0   5   0   0   1   0   0  70  1.01 0.32
   69 V    -2  -3  -2  -4  -3  -3  -4  -4  -4   2   4  -3   3  -2  -4  -3   1  -4  -3   3    1   0   2   0   0   1   0   0   0   6  42   0   9   0   0   0   9   0   0  29  0.59 0.22
   70 E     1   0   0   1  -2   1   3   0   0  -3  -3   2  -2  -4  -1   2   0  -4  -3  -3   14   2   2   5   1   5  26   7   2   0   0  13   0   0   1  15   7   0   0   0  0.32 0.15
   71 Q    -4  -2  -3  -3  -6   9  -1  -5   0  -6  -5  -1  -3  -6  -3  -3  -3  -5  -3  -5    0   0   0   0   0  96   0   0   1   0   0   0   0   0   1   0   0   0   1   0  2.27 0.59
   72 L    -3  -4  -5  -5  -3  -4  -4  -5  -4   3   5  -4   4  -1  -4  -4  -3  -3  -3   2    0   0   0   0   0   0   0   0   0  14  62   0  10   1   1   0   0   0   0  13  0.87 0.27
   73 K    -1   1   0  -2  -4   0   0  -3   0  -4  -4   6  -3  -5  -3   2  -1  -5  -4  -4    4   4   3   0   0   2   3   0   2   0   0  58   0   0   0  21   2   0   0   0  0.84 0.31
   74 D    -2  -2   0   4  -4   0   4   0  -1  -3  -4  -1  -2  -3  -3  -1  -1  -4  -2  -2    2   0   4  30   0   3  38   8   1   1   0   1   1   0   0   3   3   0   2   3  0.63 0.23
   75 W    -6  -4  -7  -7  -5  -5  -6  -4  -5  -6  -5  -6  -5  -2  -4  -6  -6  13  -1  -6    0   1   0   0   0   0   0   1   0   0   0   0   0   0   1   0   0  94   0   0  4.17 0.75
   76 L    -3  -3  -5  -5  -3  -4  -5  -5  -5   0   6  -4   1  -2  -5  -3  -2  -4  -3  -1    1   1   0   0   0   0   0   0   0   1  92   0   2   0   0   1   1   0   0   0  1.31 0.38
   77 Y    -1  -2  -1  -2  -1   0   2  -3  -1  -1   1  -2   2   2  -3  -1  -1  -1   4   0    2   0   3   0   1   2  20   0   0   1  15   1   9   9   0   4   3   0  21   7  0.28 0.16
   78 K     1   0   1   2  -3   2   2  -1  -2  -4  -3   3  -2  -4  -2   0   0  -4  -3  -3   13   3   8  11   0   8  15   4   0   0   0  26   0   0   0   6   5   0   0   0  0.36 0.15
   79 C    -2   0  -2  -2   7  -2  -2   4  -1  -3  -2   2   2  -4  -4  -1  -2  -4  -4  -3    1   4   1   2  30   1   1  31   1   0   2  14   7   0   0   3   0   0   0   0  0.75 0.26
   80 S    -1  -1  -1   0  -1   1   1  -2   0   0  -2   2  -1  -3  -2   2   3  -4  -2  -1    3   0   1   5   1   7   9   1   2   7   2  17   1   1   0  18  22   0   0   2  0.23 0.14
   81 V    -2  -4  -5  -5  -1  -4  -4  -5  -5   2   2  -4  -1  -2  -4  -4  -2  -1  -3   6    1   0   0   0   1   0   0   0   0   9  18   0   0   0   0   0   0   1   0  69  1.02 0.33
   82 Q    -2   0  -2  -2  -5   8   1  -4   1  -5  -5   1  -3  -5  -4  -2  -3  -4  -2  -5    2   2   1   1   0  78   4   0   3   0   0   6   0   0   0   1   0   0   1   0  1.56 0.46
   83 K    -3   5  -2  -3  -2   0  -2  -3  -3  -5  -4   6  -3  -5  -3  -2  -3  -5  -4  -4    0  34   0   0   1   1   0   1   0   0   1  61   0   0   0   0   0   0   0   0  1.33 0.39
   84 L    -3  -4  -5  -5  -3  -4  -5  -5  -5   1   5  -4   1  -2  -4  -4  -2  -4  -3   2    0   0   0   0   0   0   0   0   0   7  78   0   2   0   0   0   1   0   0  11  1.05 0.32
   85 V    -3  -5  -5  -6  -3  -5  -5  -5  -6   0  -1  -5  -2  -3  -5  -3  -2  -5  -4   7    0   0   0   0   0   0   0   0   0   0   1   0   0   0   0   1   1   0   0  97  1.65 0.47
   86 V    -2  -4  -5  -5  -3  -4  -4  -5  -5   2   4  -4   2  -2  -4  -4  -2  -4  -3   5    1   0   0   0   0   0   0   0   0   5  44   0   5   0   0   0   0   0   0  45  0.87 0.29
   87 V    -2  -5  -5  -6  -3  -5  -5  -5  -6   0  -2  -5  -2  -3  -5  -3  -2  -5  -4   7    1   0   0   0   0   0   0   0   0   1   0   0   0   0   0   1   1   0   0  96  1.62 0.46
   88 I    -3  -5  -6  -6  -3  -5  -5  -6  -6   7   0  -5  -1  -2  -5  -5  -3  -5  -4   3    0   0   0   0   0   0   0   0   0  82   4   0   0   0   0   0   0   0   0  14  1.51 0.41
   89 S     0  -1   0  -2  -1  -1  -2  -3  -3  -2  -2   1   2  -4  -3   4   4  -4  -3  -2    6   3   2   0   1   1   1   0   0   1   1   8   8   0   0  37  31   0   0   0  0.56 0.26
   90 N    -1  -1   4   1   4  -1   0   1  -1  -3  -4  -2  -3  -4  -3   3  -1  -5  -4  -4    2   2  27   6  10   1   7  11   1   1   0   0   0   0   0  32   1   0   0   0  0.57 0.24
   91 I     0  -3  -2  -4  -1  -2  -2  -4  -4   4   1   0   0  -1  -3  -2  -1  -4  -2   3    6   0   1   0   1   1   1   0   0  33  14  10   0   1   0   2   3   0   0  28  0.41 0.18
   92 E     0  -2   0   4  -4   1   5  -1   0  -4  -4  -1  -3  -4  -3  -1  -2  -5  -2  -2    9   1   4  22   0   3  46   3   2   0   1   1   0   0   0   3   0   0   1   3  0.67 0.25
   93 S    -2  -2   1  -1  -3  -2  -2  -3  -3  -3  -4  -2  -3  -4  -3   3   6  -5  -4  -3    1   1   7   3   0   0   0   1   0   0   0   1   0   0   0  27  60   0   0   0  1.02 0.36
   94 G    -2  -1   5   1  -4   1  -1   3  -1  -5  -4   2  -2  -4  -3   0  -2  -5  -3  -4    1   1  34   5   0   5   2  25   1   0   1  17   1   0   0   6   1   0   0   0  0.62 0.23
   95 E    -3  -2  -2   1  -6   0   7  -5  -3  -6  -5  -1  -4  -6  -4  -2  -3  -5  -5  -4    1   1   1   3   0   1  90   0   0   0   0   1   0   0   0   0   0   0   0   1  1.74 0.48
   96 V    -2  -5  -5  -5  -3  -4  -4  -5  -5   1  -2  -4  -2  -3  -3  -3   2  -5  -4   6    1   0   0   0   0   0   0   0   0   3   0   0   0   0   1   0  12   0   0  82  1.26 0.40
   97 L    -3  -4  -5  -6  -3  -3  -4  -6  -5   0   6  -4   1   0  -5  -4  -3  -4  -3   0    0   0   0   0   0   1   1   0   0   1  88   1   2   2   0   0   0   0   0   4  1.23 0.36
   98 E    -4  -3  -3  -1  -7  -1   8  -5  -3  -6  -6  -2  -5  -6  -4  -3  -4  -6  -5  -5    0   0   0   0   0   0 100   0   0   0   0   0   0   0   0   0   0   0   0   0  2.11 0.55
   99 R    -4   8  -3  -4  -6  -2  -3  -5  -3  -6  -5   0  -4  -6  -5  -4  -4  -6  -5  -5    0 100   0   0   0   0   0   0   0   0   0   0   0   0   0   0   0   0   0   0  2.33 0.56
  100 W    -6  -6  -7  -8  -6  -5  -6  -6  -6  -6  -5  -7  -5  -2  -7  -6  -6  13  -1  -6    0   0   0   0   0   0   0   0   0   0   0   0   0   0   0   0   0 100   0   0  4.60 0.80
  101 Q    -1  -2   2   0  -5   7   1  -4  -2  -4  -4  -1  -1  -5  -2  -2  -1  -4  -4   0    5   0   9   4   0  61   7   0   0   0   0   0   2   0   2   0   3   0   0   9  0.99 0.36
  102 F    -5  -6  -6  -6  -5  -6  -6  -6  -4  -3  -2  -6  -3   9  -7  -5  -5  -2   0  -4    0   0   0   0   0   0   0   0   0   0   0   0   0 100   0   0   0   0   0   0  2.62 0.57
  103 D    -3  -1   2   7  -3  -1   1  -2  -2  -3  -4  -1  -2  -5  -3   0  -3  -6  -4  -2    0   2   9  64   1   1   6   1   1   1   1   4   1   0   0   6   0   0   0   3  1.09 0.32
  104 I    -3  -5  -3  -5  -3  -5  -5  -6  -5   7   0  -5  -1  -2  -5  -4  -2  -5  -3   4    0   0   1   0   0   0   0   0   0  71   1   0   0   0   0   0   1   0   0  25  1.33 0.38
  105 E    -2  -1  -2   0  -5   4   6  -4   1  -4  -4   0  -3  -3  -3  -2  -2  -4  -1  -3    2   1   0   3   0  20  60   0   4   1   0   4   0   1   0   1   1   0   2   2  1.02 0.34
  106 C     0  -4  -2  -3   9  -2  -4  -3  -1  -2  -3  -4  -3  -2  -3  -1   3  -3  -1  -1    8   0   1   1  53   1   0   1   2   2   1   0   0   1   0   3  20   0   2   3  1.31 0.36
  107 D    -4  -4  -1   7  -6  -2   3  -3  -3  -6  -6  -3  -5  -6  -4  -2  -2  -6  -5  -5    0   0   0  79   0   1  17   1   0   0   0   0   0   0   0   0   1   0   0   0  1.75 0.44
  108 K    -1   1   0   0  -4   0   0   0  -2  -4  -3   5  -2  -4   1   0  -1  -4  -4  -4    3   4   5   4   0   1   2   7   0   0   1  57   1   0   6   6   2   0   0   0  0.67 0.26
  109 T     0  -2   0   0  -3  -1   2  -1  -2  -2  -3  -2  -2  -4   1   2   4  -4  -3  -2    5   0   4   4   0   1  15   5   1   1   0   1   1   0   7  13  42   0   0   0  0.50 0.23
  110 A     3  -2  -1  -3  -2  -1  -1  -1  -1   0  -1  -1   2  -2  -1   0   0  -4  -3   2   40   0   2   0   0   1   3   3   1   3   2   3   7   1   2   6   5   0   0  20  0.28 0.17
  111 K    -1   0   0   0  -3   0   0  -1  -2  -1  -1   4  -1  -3  -1   0   2  -4  -3   0    4   1   2   6   0   3   5   3   0   2   4  39   1   0   2   4  13   0   0   9  0.29 0.16
  112 D     0  -2   1   4  -4   0   4   0   1  -4  -4   0  -3  -4  -2   0   0  -5  -3  -4    5   0   4  29   0   2  31   7   4   0   0   5   0   0   1   8   4   0   0   0  0.58 0.21
  113 D    -1  -2   2   4  -2   0   3   1  -1  -3  -4   0  -3  -4  -2   1   0  -4  -2  -3    1   0  10  27   1   2  21  13   1   1   0   7   0   0   0  10   4   0   1   1  0.46 0.17
  114 S     0  -2   1  -1  -2  -1   0   3  -1  -4  -4  -1  -2  -4  -2   4   1  -4  -3  -3    4   0   7   2   0   2   7  23   1   0   0   2   1   0   0  45   7   0   1   0  0.56 0.23
  115 A     3  -1  -1  -2  -1   0  -1  -1  -2  -1  -2   2  -2  -3   0   1   1  -4  -3   1   30   1   2   1   1   4   2   3   0   2   0  19   0   0   3   8   9   0   0  13  0.23 0.15
  116 P    -1  -1  -1  -2  -2  -2  -1  -2   0  -2  -3   0  -3  -4   6   1   0  -4  -3   0    5   3   2   1   1   1   3   2   2   2   0   5   0   0  51   9   7   0   1   7  0.97 0.26
  117 R     0   6  -1  -3  -4   0   0  -1  -2  -4  -4   2  -3  -4  -1   0  -2  -4  -3  -2    6  58   1   0   0   1   3   5   0   0   0  12   0   0   3   6   0   0   0   3  0.84 0.29
  118 E    -2  -1   1   0  -5   2   6  -2  -2  -4  -4   0  -3  -5   0   0  -1  -5  -4  -4    1   1   6   3   0   8  61   1   0   0   1   3   0   0   3   6   4   0   0   0  0.87 0.30
  119 K    -2   0  -2  -3  -5  -1  -2  -4  -3  -5  -5   7  -3  -6  -3  -2  -3  -5  -4  -3    2   2   1   0   0   0   0   0   0   0   0  92   0   0   0   1   0   0   0   2  1.69 0.48
  120 S    -1  -3  -1   3  -3  -2  -1  -3  -3  -4  -5  -2  -3  -5   3   5   0  -5  -4  -3    1   0   0  16   0   0   2   0   0   0   0   1   1   0  13  62   4   0   0   1  0.93 0.34
  121 Q    -2  -1  -1   2  -4   4   3  -3  -2   2   0   0   0  -3  -1  -2  -2  -4  -3   0    1   2   1  13   0  25  19   0   0  16  11   4   2   0   2   0   0   0   0   4  0.35 0.19
  122 K    -2   0  -2  -2  -5   0  -1  -4  -3  -5  -5   7  -4  -6  -3  -1  -3  -5  -4  -5    1   1   0   1   0   3   2   0   0   0   0  87   0   0   0   4   0   0   0   0  1.56 0.45
  123 A     3  -2  -2   1  -3   1   4  -3  -2  -3  -2  -1  -2  -4  -3  -1   0  -4  -3  -1   28   0   1   9   0   4  41   0   0   0   3   2   0   0   0   1   6   0   0   5  0.54 0.24
  124 I    -4  -5  -6  -6  -4  -5  -6  -6  -6   7   0  -5  -1  -3  -5  -5  -2  -5  -4   2    0   0   0   0   0   0   0   0   0  89   2   0   0   0   0   0   2   0   0   8  1.63 0.44
  125 Q    -3   0   1  -3  -3   6  -1  -4   3  -3  -3   1   5  -4  -4  -2  -1  -4  -3  -2    0   3   5   0   1  48   1   0   7   1   0   9  21   0   0   0   3   0   0   2  0.91 0.35
  126 D    -1   2   2   4  -4   1   1  -1  -2  -4  -4   2  -3  -4  -3   1  -1  -5  -3  -4    5  13   9  31   0   5   8   4   0   0   0  14   0   0   0  11   0   0   0   0  0.50 0.18
  127 E    -3  -3  -3   0  -6   0   7  -1  -3  -6  -6  -1  -5  -6  -4  -3  -3  -5  -5  -5    0   0   0   1   0   2  91   5   0   0   0   1   0   0   0   0   0   0   0   0  1.75 0.48
  128 I    -4  -5  -6  -6  -4  -5  -6  -6  -6   8  -1  -5   3  -3  -5  -5  -3  -5  -4   1    0   0   0   0   0   0   0   0   0  92   0   0   7   0   0   0   0   0   0   2  1.76 0.47
  129 R    -2   6  -2  -3  -1   5  -1  -4   1  -5  -4   1  -2  -5  -4  -1  -3  -4  -3  -4    3  46   0   0   2  35   0   0   3   0   0   7   0   0   0   3   0   0   0   0  1.11 0.35
  130 S     4  -3   0   2  -3  -2  -1  -1  -3  -3  -4  -2  -3  -4  -3   4  -1  -5  -4  -3   41   0   3  14   0   0   1   2   0   1   0   0   0   0   0  38   0   0   0   0  0.71 0.29
  131 V    -3  -5  -5  -5  -3  -4  -5  -5  -5   5  -1  -4   0  -3  -4  -4  -2  -5  -3   6    0   0   0   0   0   0   0   1   0  34   1   0   1   0   0   0   0   0   0  62  1.17 0.35
  132 I    -3  -5  -5  -5  -4  -4  -5  -6  -5   7   0  -5   5  -2  -5  -4  -2  -5  -3   0    0   0   0   0   0   0   0   0   0  80   1   0  16   0   0   0   1   0   0   1  1.50 0.42
  133 R    -4   8  -3  -4  -6  -2  -3  -4  -3  -6  -5   1  -4  -6  -5  -3  -2  -5  -4  -5    0  96   0   0   0   0   0   1   0   0   0   3   0   0   0   0   1   0   0   0  2.14 0.53
  134 Q    -4  -2  -3  -3  -6   9  -1  -5   0  -6  -5  -1  -3  -6  -4  -3  -4  -5  -4  -5    0   0   0   0   0  97   0   0   2   0   0   1   0   0   0   0   0   0   0   0  2.34 0.61
  135 I    -4  -6  -6  -6  -4  -5  -6  -6  -6   8  -1  -5  -1  -3  -5  -5  -3  -5  -4   1    0   0   0   0   0   0   0   0   0  97   0   0   0   0   0   0   0   0   0   3  1.89 0.49
  136 T     1  -4  -3  -4  -2  -3  -3  -4  -4  -3  -4  -3  -3  -5  -4  -1   7  -5  -4  -1   10   0   0   0   1   0   0   0   0   1   0   0   0   0   0   0  86   0   0   2  1.54 0.47
  137 A     6  -4  -4  -4  -3  -3  -3  -2  -4  -4  -4  -3  -1  -5  -3   1  -1  -5  -4  -3   88   0   0   0   0   0   0   0   0   0   0   0   1   0   0   9   1   0   0   0  1.35 0.43
  138 T    -1  -3  -2  -3   2  -3  -3  -3  -3  -4  -4  -3  -3  -5  -2   5   5  -5  -4  -3    0   0   0   0   4   0   0   0   0   0   0   0   0   0   1  55  40   0   0   0  1.14 0.40
  139 V    -3  -5  -5  -6  -3  -5  -5  -4  -6   3  -1  -5  -1  -3  -5  -4  -2  -5  -4   7    0   0   0   0   0   0   0   2   0  11   1   0   0   0   0   0   0   0   0  86  1.43 0.42
  140 T    -2  -3  -2  -3  -3  -3  -3  -4  -4  -3  -4  -3  -1  -5  -3   2   7  -5  -4  -3    1   0   0   0   0   0   0   0   0   0   0   0   1   0   0  11  86   0   0   0  1.56 0.47
  141 F    -5  -5  -5  -6  -5  -5  -6  -6  -3  -3  -2  -5  -3   9  -6  -5  -5  -1   3  -3    0   0   0   0   0   0   0   0   0   0   0   0   0  89   0   0   0   0   9   0  2.26 0.51
  142 L    -4  -4  -6  -6  -1  -4  -5  -6  -5  -1   6  -5   0  -2  -5  -5  -3  -4  -3  -1    0   0   0   0   1   0   0   0   0   0  97   0   0   0   0   0   0   0   0   0  1.49 0.41
  143 P    -4  -5  -5  -4  -6  -4  -4  -5  -5  -6  -6  -4  -5  -6   9  -4  -4  -6  -6  -5    0   0   0   0   0   0   0   0   0   0   0   0   0   0  99   0   0   0   0   0  3.00 0.59
  144 L    -3  -4  -5  -5   4  -4  -5  -5  -3   0   6  -4   0  -1  -5  -4  -2  -4  -3  -1    1   0   0   0   8   0   0   0   1   3  82   0   0   2   0   0   2   0   0   2  1.11 0.34
  145 L    -4  -4  -6  -6  -4  -4  -5  -6  -3   0   6  -5   0  -1  -5  -3  -3  -4  -3  -1    0   0   0   0   0   0   0   0   1   2  95   0   0   1   0   1   0   0   0   0  1.43 0.41
  146 E    -2  -2   2   4  -5   0   6  -4  -2  -5  -5   0  -4  -5  -1  -1  -2  -5  -4  -5    1   0   9  26   0   2  55   0   0   0   0   3   0   0   2   2   0   0   0   0  1.08 0.33
  147 V    -1  -2   0   1   2  -1   3  -1  -2  -1  -3  -1  -2  -3  -3   0   3  -4  -3   1    4   1   5   6   6   1  25   5   0   2   0   1   0   1   0   4  27   0   0  13  0.32 0.18
  148 S     3  -2  -3  -2  -3   1  -2  -2  -3  -3  -3  -2  -3  -4   5   1   0  -5  -4  -1   29   1   0   1   0   9   0   0   0   1   1   1   0   0  37  13   5   0   0   3  0.82 0.27
  149 C    -3  -3  -6  -6  11  -6  -7  -3  -6  -4  -4  -6  -4  -4  -6  -3  -3  -2  -5  -4    0   1   0   0  93   0   0   2   0   0   0   0   0   0   0   1   1   1   0   0  3.22 0.64
  150 S     3  -3  -1  -2   0  -2  -2  -2  -3  -2  -2  -2  -2  -4  -3   4   2  -4  -3   1   31   0   1   0   1   0   0   0   0   1   2   1   0   0   0  34  16   0   0  11  0.50 0.25
  151 F    -5  -6  -6  -6  -1  -6  -6  -6  -4  -3  -2  -6  -3   9  -6  -5  -5  -2   0  -4    0   0   0   0   1   0   0   0   0   0   0   0   0  97   0   0   0   0   0   0  2.49 0.56
  152 D    -4  -4   1   8  -6  -3   0  -4  -3  -6  -6  -3  -5  -6  -4  -3  -3  -7  -5  -6    0   0   6  90   0   0   1   0   0   0   0   0   0   0   0   0   0   0   0   0  2.03 0.49
  153 L    -3  -4  -5  -5  -3  -4  -4  -5  -4   2   5  -4   1  -1  -3  -4  -3  -4  -3   2    0   0   0   0   0   0   0   0   0   9  72   0   1   0   1   0   0   0   0  14  0.93 0.29
  154 L    -4  -4  -5  -6  -3  -2  -5  -6  -3   0   6  -5   0  -2  -5  -5  -3  -4  -3  -1    0   0   0   0   0   2   0   0   1   1  96   0   0   0   0   0   0   0   0   0  1.43 0.40
  155 I     1  -4  -5  -5  -3  -4  -4  -4  -5   5   0  -4   0  -1  -4  -3  -2  -4  -3   4   10   0   0   0   0   0   0   0   0  43   4   0   1   1   0   0   0   0   0  40  0.85 0.28
  156 Y    -5  -4  -5  -6  -5  -4  -5  -6   2  -4  -4  -5  -4   1  -6  -4  -4  -1   9  -4    0   0   0   0   0   0   0   0   4   0   0   0   0   1   0   0   0   0  94   0  2.63 0.59
  157 T    -1  -3  -3  -4  -1  -3  -3  -3  -4  -3  -4  -3  -2  -5  -3  -1   7  -5  -4  -2    3   1   0   0   1   0   0   1   0   1   0   0   1   0   0   0  92   0   0   0  1.67 0.49
  158 D    -3  -2   2   7  -5  -2  -1  -1   2  -5  -5  -1  -5  -5  -4  -1  -3  -6  -4  -5    0   1   9  73   0   0   0   3   5   0   1   3   0   0   0   3   0   0   0   0  1.37 0.38
  159 K    -2   1  -1  -2  -3   0  -1  -4  -1  -4  -4   7  -1  -5  -3  -2   0  -5  -4  -3    2   4   2   2   0   2   1   0   1   0   1  75   2   0   0   0   6   0   0   1  1.11 0.36
  160 D    -3  -3   2   7  -5  -2   1  -2  -3  -5  -6  -1  -5  -6  -4  -1  -3  -6  -5  -5    1   0   8  78   0   0   5   2   0   0   0   2   0   0   0   3   1   0   0   0  1.58 0.40
  161 L     0  -3  -3  -4   0   0  -3  -3  -3   1   3  -2   1  -2  -3   0   0  -3  -2   2    9   0   0   0   1   4   0   0   0   3  44   1   4   0   0  10   7   0   0  15  0.33 0.17
  162 V     2  -2   0   1  -2   1   4  -3   0  -2  -3  -1  -1  -4  -3  -1  -1  -4  -3   2   20   1   4   9   1   4  32   0   2   1   0   3   1   0   0   2   3   0   0  18  0.35 0.19
  163 V     0  -4  -5  -5  -1  -4  -4  -4  -5   2  -1  -4   0  -3  -4  -3   0  -5  -3   6    5   0   0   0   1   0   0   1   0   8   2   0   2   0   0   0   6   0   0  75  1.04 0.34
  164 P    -4  -5  -5  -4  -6  -4  -4  -5  -5  -6  -4  -4  -5  -7   9  -2  -4  -7  -6  -5    0   0   0   0   0   0   0   0   0   0   1   0   0   0  97   2   0   0   0   0  2.93 0.59
  165 E     0  -1  -1   2  -4   2   5  -2  -2  -3  -3   0  -3   1  -3   0  -1  -4  -3  -3    6   1   1  10   0   8  49   2   0   1   2   2   0   9   0   6   4   0   0   0  0.59 0.24
  166 K     0   0   0  -1  -4   1   1  -3  -1  -3  -2   5   0  -4  -3   0   2  -4  -3  -3    6   0   3   2   0   6   9   0   1   0   4  44   3   0   0   5  17   0   0   0  0.50 0.23
  167 W    -6  -6  -7  -8  -6  -5  -6  -4  -6  -6  -5  -6  -5  -2  -7  -6  -6  13  -1  -6    0   0   0   0   0   0   0   2   0   0   0   0   0   0   0   0   0  98   0   0  4.48 0.79
  168 E     0  -3  -2   0  -5  -1   6   0  -3   0  -4  -2  -2  -4  -3  -2  -2  -5  -3  -2    6   0   0   3   0   0  67   9   0   7   0   0   1   0   0   1   2   0   1   3  0.92 0.33
  169 E    -3  -3  -2   3  -6  -1   7  -5  -3  -5  -5  -2  -4  -6  -4  -3  -3  -6  -5  -3    0   0   0  12   0   0  86   0   0   0   0   0   0   0   0   0   0   0   0   2  1.67 0.46
  170 S    -1  -3  -2  -2  -2  -3  -3  -3  -3  -5  -4  -3  -4  -5  -3   7   1  -5  -4  -4    0   0   0   1   0   0   0   0   0   0   1   0   0   0   0  90   7   0   0   0  1.46 0.47
  171 G    -1  -4  -1   5  -4  -1  -1   5  -3  -5  -5  -3  -4  -5  -1  -1  -1  -5  -5  -4    3   0   0  34   0   3   1  50   0   0   0   0   0   0   3   3   2   0   0   1  0.98 0.29
  172 P     1  -5  -5  -4  -5  -4  -4  -4  -5  -5  -5  -4  -5  -6   8  -2  -4  -6  -6  -5   11   0   0   0   0   0   0   0   0   0   0   0   0   0  88   1   0   0   0   0  2.52 0.53
  173 Q    -2   3  -2  -3   4   5  -1  -2   3  -4  -3   2  -3  -4  -3  -1  -2  -4  -2  -3    2  20   0   0  10  39   0   3   7   0   1  14   0   0   0   3   0   0   1   1  0.75 0.29
  174 F    -3  -4  -5  -5  -3  -4  -4  -5  -1   2   2  -4   1   6  -5  -4  -3  -1   4  -1    0   0   0   0   0   0   1   0   1  12  25   0   4  40   0   0   0   0  16   0  0.87 0.27
  175 I    -4  -5  -6  -6  -4  -5  -6  -6  -6   7   0  -5  -1  -2  -5  -5  -3  -5  -4   2    0   0   0   0   0   0   0   0   0  90   1   0   0   0   0   0   0   0   0   9  1.68 0.44
  176 T     3  -2   1   1  -2  -1   0  -2  -2  -1  -2   0   0  -3   0   1   2  -4  -1  -1   30   0   6   7   0   2   6   0   0   2   1   7   2   0   3   9  19   0   2   2  0.24 0.15
  177 N    -4  -2   7   2  -5   2  -1  -2  -1  -5  -6  -1  -4  -5  -4  -1  -2  -6  -4  -5    0   0  71  11   0   9   1   1   1   0   0   3   0   0   0   2   1   0   0   0  1.43 0.40
  178 S     1  -3  -1  -3   0  -1  -2  -2  -3  -5  -5  -2  -4  -5   2   6  -1  -5  -2  -4    7   0   1   0   2   1   0   2   0   0   0   0   0   0  10  76   0   0   1   0  1.11 0.39
  179 E     0  -1  -2   0  -5   4   6  -4  -2  -4  -4  -1  -2  -5  -3  -1  -1  -5  -4  -2    6   1   0   1   0  24  56   0   0   0   0   1   1   0   0   2   4   0   0   3  0.99 0.34
  180 E    -3  -1  -2   0  -5   4   6  -4  -1  -4  -4  -1   3  -5  -3  -2  -2  -5  -4  -3    0   1   0   3   0  17  66   0   1   0   0   0   8   0   0   1   1   0   0   2  1.16 0.37
  181 V    -2  -5  -5  -3  -3  -5  -5  -6  -6   0  -2  -5  -1  -3  -5  -4  -2  -5  -4   7    1   0   0   2   0   0   0   0   0   0   0   0   1   0   0   0   0   0   0  97  1.63 0.46
  182 R    -3   6  -2  -3   1   1  -2  -3   0  -5  -4   4  -3  -5  -4  -2  -3  -5  -4  -4    0  59   0   0   4   5   0   1   2   0   1  29   0   0   0   1   0   0   0   0  1.25 0.36
  183 L    -4  -4  -6  -6  -4  -4  -5  -6  -5  -1   6  -5   1  -1  -4  -5  -3  -4  -3  -1    0   0   0   0   0   0   0   0   0   0  97   0   1   1   1   0   0   0   0   0  1.49 0.41
  184 R    -4   7  -3  -4  -2  -1  -2  -5   4  -5  -5   2  -4  -5  -4  -2  -3  -5  -3  -5    0  77   0   0   1   0   0   0  12   0   0   9   0   0   0   1   0   0   0   0  1.61 0.43
  185 S    -1  -3   0  -3  -2  -2  -3  -3  -3  -5  -5  -3  -4  -5  -2   7   0  -5  -4  -4    0   0   2   0   0   0   0   0   0   0   0   0   0   0   1  95   1   0   0   0  1.56 0.47
  186 F    -5  -6  -6  -6  -5  -6  -6  -6  -4  -3  -2  -6  -3   9  -6  -4  -5  -2   1  -3    0   0   0   0   0   0   0   0   0   0   1   0   0  98   0   1   0   0   0   0  2.45 0.53
  187 T    -1  -3   0   1  -2  -2  -2  -3  -3  -3  -4  -2  -3  -4  -3   3   6  -5  -4  -3    2   0   3   9   1   0   0   0   0   0   0   0   0   0   0  28  58   0   0   0  0.98 0.34
  188 T    -2  -4  -3  -4  -3  -3  -3  -4  -4  -2  -4  -2  -3  -5  -4  -1   8  -5  -4  -3    1   0   0   0   0   0   0   0   0   1   0   1   0   0   0   0  97   0   0   0  1.84 0.51
  189 T     0  -1   0  -2  -3  -1  -2  -3  -3  -3  -3   3  -3  -4  -3   3   4  -4  -3  -3    4   1   2   1   0   0   0   0   0   1   2  24   0   0   0  33  32   0   0   0  0.62 0.26
  190 I    -3  -5  -5  -5  -3  -5  -5  -6  -5   6   0  -5  -1  -2  -5  -4  -2  -5  -3   4    0   0   0   0   0   0   0   0   0  68   2   0   0   1   0   0   1   0   0  28  1.24 0.35
  191 H    -5  -2  -2  -4  -6  -1  -3  -5  11  -6  -6  -4  -4  -4  -5  -4  -5  -5  -1  -6    0   1   0   0   0   1   0   0  98   0   0   0   0   0   0   0   0   0   0   0  3.06 0.62
  192 K    -3   2  -2  -3  -5   0  -1  -4  -3  -5  -5   7  -3  -5  -3  -1  -1  -5  -4  -4    1   6   1   0   0   1   0   0   0   0   0  86   0   0   0   2   4   0   0   0  1.47 0.41
  193 V    -2  -5  -5  -5  -3  -4  -5  -5  -5   2  -1  -3  -1  -3  -5  -3  -2  -5  -3   7    1   0   0   0   0   0   0   0   0   6   0   1   1   0   0   1   0   0   0  90  1.40 0.40
  194 N    -3  -3   5   6  -2  -1   1  -3   0  -5  -5  -2  -4  -5  -3   0  -1  -6  -4  -5    0   0  31  49   1   1   7   0   1   0   0   1   0   0   0   5   3   0   0   0  1.10 0.31
  195 S     3  -3  -1  -3  -3  -2  -2  -1  -3  -3  -4  -2  -3  -4  -3   4   4  -4  -3  -2   23   0   1   0   0   0   0   3   0   0   0   0   0   0   0  40  32   0   0   0  0.77 0.29
  196 M     1  -2  -3  -5   2  -2  -4  -4  -4   0   2  -3   8  -1  -4  -2  -1  -4  -3   0   13   1   1   0   5   1   0   0   0   2  13   1  54   2   0   1   3   0   0   3  0.92 0.32
  197 V    -2  -5  -5  -6  -3  -5  -5  -6  -6   0  -1  -5  -1  -3  -5  -4  -2  -5  -4   7    0   0   0   0   0   0   0   0   0   0   2   0   0   0   0   0   0   0   0  98  1.64 0.44
  198 A     5  -3  -2  -3   0   0  -2  -2  -3  -3  -4  -2  -3  -3  -3   4   1  -4  -3  -2   54   0   0   0   2   3   0   0   0   0   0   0   0   1   0  34   6   0   0   0  0.81 0.30
  199 Y    -4  -5  -5  -6  -1  -4  -5  -6  -1  -4  -4  -5  -4   2  -6  -4  -4   0   9  -4    0   0   0   0   2   0   0   0   0   0   0   0   0   6   0   0   0   0  92   0  2.51 0.55
  200 K    -2   3  -2  -3  -5  -1  -1  -4  -3  -5  -5   7  -4  -5  -3  -2  -3  -5  -4  -5    2  12   0   0   0   0   0   0   0   0   0  87   0   0   0   0   0   0   0   0  1.58 0.42
  201 I    -1  -2   4   1  -3  -2  -2  -3  -2   3   1  -2   1  -1  -3  -1   0  -4  -2   1    2   1  30   8   0   0   0   0   0  24  13   0   4   1   0   1   7   0   0   8  0.27 0.12
  202 P    -2  -3   1   5   0  -2  -1  -2  -3  -4  -4  -2  -4  -5   6  -1  -2  -5  -4  -3    0   0   5  43   3   0   0   1   0   0   0   0   0   0  43   3   1   0   0   1  1.17 0.20
  203 V    -1  -2  -1   3  -3   0   3  -3  -2   0  -1  -1  -1  -3   0  -1   0  -4  -3   2    2   0   0  18   0   0  35   0   0   6   4   0   0   0   3   1   5   0   0  26  0.30 0.09
  204 N     1  -2   4   3  -2  -1  -1  -1   1  -3  -3  -1  -2  -2  -2   0  -1   7  -1  -3   17   0  27  19   1   0   1   2   3   0   1   3   0   0   1   5   0  20   0   0  0.52 0.10
  205 D    -3  -2   0   7  -4  -1   2  -2  -2  -4  -5  -1  -4  -4  -2  -1  -2  -5  -4  -4    0   0   0  88   0   0  12   0   0   0   0   0   0   0   0   0   0   0   0   0  1.24 0.14

                      K         Lambda
Standard Ungapped    0.1343     0.3186
Standard Gapped      0.0631     0.2670
PSI Ungapped         0.2062     0.3174
PSI Gapped           0.0631     0.2670
