
Last position-specific scoring matrix computed, weighted observed percentages rounded down, information per position, and relative weight of gapless real matches to pseudocounts
            A   R   N   D   C   Q   E   G   H   I   L   K   M   F   P   S   T   W   Y   V   A   R   N   D   C   Q   E   G   H   I   L   K   M   F   P   S   T   W   Y   V
    1 M    -1  -2  -3  -4  -2  -1  -2  -3  -2   1   2  -2   7   0  -3  -2  -1  -2  -1   0    0   0   0   0   0   0   0   0   0   0   0   0 100   0   0   0   0   0   0   0  0.56 0.04
    2 S     1  -1   0   0  -1   0   0  -1  -1  -3  -3   0  -2  -3  -1   5   1  -3  -2  -2    0   0   0   0   0   0   0   0   0   0   0   0   0   0   0 100   0   0   0   0  0.54 0.03
    3 I    -1  -3  -4  -4  -1  -3  -4  -4  -4   5   1  -3   1   0  -3  -3  -1  -3  -2   3    0   0   0   0   0   0   0   0   0  94   0   0   0   0   0   0   0   0   0   6  0.47 0.03
    4 L    -1  -1  -3  -3  -2   0  -2  -3  -1   1   4  -1   2   0  -3  -2  -1  -2  -1   1    1   1   0   0   0   6   1   0   1   0  74   3   0   0   0   0   4   0   0   9  0.28 0.01
    5 K    -1   2   0  -1  -3   1   1  -2  -1  -3  -3   5  -2  -3  -1   0  -1  -3  -2  -3    0   1   3   0   0   3   0   0   0   0   0  92   0   0   0   1   0   0   0   0  0.56 0.03
    6 I    -1  -3  -4  -3  -1  -3  -3  -4  -4   5   2  -3   1   0  -3  -3  -1  -3  -2   3    0   0   0   0   0   0   0   0   0  87   2   0   3   0   0   0   0   0   0   9  0.44 0.02
    7 H    -2  -1   0  -1  -3   1   0  -2   8  -3  -3  -1  -2  -1  -3  -1  -2  -2   2  -3    0   0   0   0   0   3   0   0  92   0   1   0   0   0   0   0   1   0   3   0  0.96 0.04
    8 A     5  -2  -2  -2  -1  -1  -1   0  -2  -2  -2  -1  -1  -3  -1   1   0  -3  -2   0  100   0   0   0   0   0   0   0   0   0   0   0   0   0   0   0   0   0   0   0  0.48 0.03
    9 R    -2   6  -1  -2  -4   1   0  -3   0  -3  -3   2  -2  -3  -2  -1  -1  -3  -2  -3    0 100   0   0   0   0   0   0   0   0   0   0   0   0   0   0   0   0   0   0  0.87 0.03
   10 E    -1   0   0   1  -4   2   5  -2   0  -4  -3   1  -2  -4  -1   0  -1  -3  -2  -3    0   0   0   0   0   7  91   0   0   0   0   0   0   0   0   1   0   0   0   0  0.77 0.03
   11 I    -1  -3  -3  -3  -1  -3  -3  -4  -4   5   1  -3   1   0  -3  -2  -1  -3  -2   2    0   0   0   0   0   0   0   0   0  97   0   0   0   0   0   3   0   0   0   0  0.45 0.03
   12 F    -2  -3  -3  -4  -3  -3  -4  -4  -2   0   1  -3   0   6  -4  -3  -2   1   3  -1    0   0   0   0   0   0   0   0   0   0  14   0   0  86   0   0   0   0   0   0  0.73 0.03
   13 D    -2  -2   1   6  -4  -1   1  -2  -1  -4  -4  -1  -3  -4  -2   0  -1  -5  -3  -4    0   0   0 100   0   0   0   0   0   0   0   0   0   0   0   0   0   0   0   0  1.04 0.03
   14 S     1  -1   0   0  -1   0   0  -1  -1  -3  -3   0  -2  -3  -1   5   1  -3  -2  -2    0   0   0   0   0   0   0   0   0   0   0   0   0   0   0 100   0   0   0   0  0.54 0.03
   15 R    -2   6  -1  -2  -1   1   0  -3  -1  -3  -2   2  -2  -3  -2  -1  -1  -3  -2  -3    0  98   0   0   2   0   0   0   0   0   0   0   0   0   0   0   0   0   0   0  0.83 0.03
   16 G     0  -3  -1  -2  -3  -2  -2   6  -2  -4  -4  -2  -3  -3  -2   0  -2  -3  -3  -4    0   0   0   0   0   0   0 100   0   0   0   0   0   0   0   0   0   0   0   0  1.13 0.03
   17 N    -2  -1   6   1  -3   0  -1  -1   0  -4  -4   0  -3  -3  -2   0   0  -4  -2  -3    0   0 100   0   0   0   0   0   0   0   0   0   0   0   0   0   0   0   0   0  0.86 0.04
   18 P    -1  -2  -2  -2  -3  -2  -1  -3  -3  -3  -3  -1  -3  -4   8  -1  -1  -4  -3  -3    0   0   0   0   0   0   0   0   0   0   0   0   0   0 100   0   0   0   0   0  2.13 0.04
   19 T     0  -1   0  -1  -1  -1  -1  -2  -2  -1  -1  -1  -1  -2  -1   1   5  -3  -2   0    0   0   0   0   0   0   0   0   0   0   0   0   0   0   0   0 100   0   0   0  0.58 0.03
   20 V     0  -3  -3  -4  -1  -3  -3  -4  -4   3   1  -3   1  -1  -3  -2   0  -3  -1   5    0   0   0   0   0   0   0   0   0   0   0   0   0   0   0   0   0   0   0 100  0.43 0.03
   21 E    -1   0   0   1  -4   2   6  -2   0  -4  -3   1  -2  -4  -1   0  -1  -3  -2  -3    0   0   0   0   0   1  99   0   0   0   0   0   0   0   0   0   0   0   0   0  0.82 0.03
   22 V     0  -3  -3  -4  -1  -3  -3  -4  -4   3   1  -3   1  -1  -3  -2   0  -3  -1   5    0   0   0   0   0   0   0   0   0   0   0   0   0   0   0   0   0   0   0 100  0.43 0.03
   23 D    -2  -2   1   6  -4  -1   1  -2  -1  -4  -4  -1  -3  -4  -2   0  -1  -5  -3  -4    0   0   0 100   0   0   0   0   0   0   0   0   0   0   0   0   0   0   0   0  1.04 0.03
   24 L    -2  -2  -4  -4  -2  -2  -3  -4  -3   2   4  -3   2   0  -3  -3  -1  -2  -1   1    0   0   0   0   0   0   0   0   0   0  99   0   0   0   0   0   0   0   0   1  0.52 0.02
   25 F    -2  -2  -2  -3   2  -2  -2  -3   2  -1  -1  -2  -1   4  -3  -1  -1   2   6  -1    0   0   0   0   7   0   0   0   3   0   0   0   0  16   0   2   3   0  70   0  0.69 0.03
   26 T     0  -1   0  -1  -1  -1  -1  -2  -2  -1  -1  -1  -1  -2  -1   1   5  -3  -2   0    0   0   0   0   0   0   0   0   0   0   0   0   0   0   0   0 100   0   0   0  0.58 0.03
   27 S     1   0   1   2   0   0   1   0  -1  -3  -3   1  -2  -3  -1   1   0  -3  -2  -2   21   0   7  18   2   1  12   4   0   0   0  14   0   0   0  18   1   0   0   0  0.24 0.01
   28 K    -1   2   0  -1  -3   1   1  -2  -1  -3  -3   5  -2  -3  -1   0  -1  -3  -2  -3    0   6   3   0   0   0   0   0   0   0   0  92   0   0   0   0   0   0   0   0  0.58 0.03
   29 G     0  -3  -1  -2  -3  -2  -2   6  -2  -4  -4  -2  -3  -3  -2   0  -2  -3  -3  -4    0   0   0   0   0   0   0 100   0   0   0   0   0   0   0   0   0   0   0   0  1.13 0.03
   30 L    -2  -2  -4  -4   0  -2  -3  -4  -3   1   4  -3   2   1  -3  -3  -1  -2  -1   1    0   2   0   0   1   0   0   0   0   0  94   0   1   1   0   0   0   0   0   0  0.47 0.02
   31 F    -3  -3  -3  -4  -3  -4  -4  -4  -1   0   0  -3   0   7  -4  -3  -2   1   3  -1    0   0   0   0   0   0   0   0   0   0   0   0   0  99   0   0   0   0   1   0  0.88 0.03
   32 R    -2   6  -1  -2  -4   1   0  -3   0  -3  -3   2  -2  -3  -2  -1  -1  -3  -2  -3    0 100   0   0   0   0   0   0   0   0   0   0   0   0   0   0   0   0   0   0  0.87 0.03
   33 A     5  -2  -2  -2  -1  -1  -1   0  -2  -2  -2  -1  -1  -3  -1   1   0  -3  -2   0  100   0   0   0   0   0   0   0   0   0   0   0   0   0   0   0   0   0   0   0  0.48 0.03
   34 A     5  -2  -2  -2  -1  -1  -1   0  -2  -2  -2  -1  -1  -3  -1   1   0  -3  -2   0  100   0   0   0   0   0   0   0   0   0   0   0   0   0   0   0   0   0   0   0  0.48 0.03
   35 V     0  -3  -3  -4  -1  -3  -3  -4  -4   3   1  -3   1  -1  -3  -2   0  -3  -1   5    0   0   0   0   0   0   0   0   0   0   0   0   0   0   0   0   0   0   0 100  0.43 0.03
   36 P    -1  -2  -2  -2  -3  -2  -1  -3  -3  -3  -3  -1  -3  -4   8  -1  -1  -4  -3  -3    0   0   0   0   0   0   0   0   0   0   0   0   0   0 100   0   0   0   0   0  2.13 0.04
   37 S     1  -1   0   0  -1   0   0  -1  -1  -3  -3   0  -2  -3  -1   5   1  -3  -2  -2    0   0   0   0   0   0   0   0   0   0   0   0   0   0   0 100   0   0   0   0  0.54 0.03
   38 G     0  -3  -1  -2  -3  -2  -2   6  -2  -4  -4  -2  -3  -3  -2   0  -2  -3  -3  -4    0   0   0   0   0   0   0 100   0   0   0   0   0   0   0   0   0   0   0   0  1.13 0.03
   39 A     5  -2  -2  -2  -1  -1  -1   0  -2  -2  -2  -1  -1  -3  -1   1   0  -3  -2   0  100   0   0   0   0   0   0   0   0   0   0   0   0   0   0   0   0   0   0   0  0.48 0.03
   40 S     1  -1   0   0  -1   0   0  -1  -1  -3  -3   0  -2  -3  -1   5   1  -3  -2  -2    0   0   0   0   0   0   0   0   0   0   0   0   0   0   0 100   0   0   0   0  0.54 0.03
   41 T     0  -1   0  -1  -1  -1  -1  -2  -2  -1  -1  -1  -1  -2  -1   1   5  -3  -2   0    0   0   0   0   0   0   0   0   0   0   0   0   0   0   0   0 100   0   0   0  0.58 0.03
   42 G     0  -3  -1  -2  -3  -2  -2   6  -2  -4  -4  -2  -3  -3  -2   0  -2  -3  -3  -4    0   0   0   0   0   0   0 100   0   0   0   0   0   0   0   0   0   0   0   0  1.13 0.03
   43 I    -2  -3  -4  -4  -1  -3  -4  -4  -4   5   1  -3   1   0  -3  -3  -1  -3  -2   3    0   0   0   0   0   0   0   0   0  98   0   0   0   0   0   0   0   0   0   2  0.48 0.03
   44 Y    -2  -2  -2  -3  -3  -2  -2  -3   2  -2  -1  -2  -1   3  -3  -2  -2   2   7  -2    0   0   0   0   0   0   0   0   4   0   0   0   0   0   0   0   0   0  96   0  0.99 0.04
   45 E    -1   0  -1   1  -4   2   5  -2   0  -3  -3   1  -2  -3  -1   0  -1  -3  -2  -2    0   0   0   0   0   0  97   0   0   0   0   0   0   0   0   0   0   0   0   3  0.77 0.03
   46 A     5  -2  -2  -2  -1  -1  -1   0  -2  -2  -2  -1  -1  -3  -1   1   0  -3  -2   0  100   0   0   0   0   0   0   0   0   0   0   0   0   0   0   0   0   0   0   0  0.48 0.03
   47 L    -2  -2  -4  -4  -2  -2  -3  -4  -3   1   4  -3   2   0  -3  -3  -1  -2  -1   1    0   0   0   0   0   0   0   0   0   0 100   0   0   0   0   0   0   0   0   0  0.53 0.02
   48 E    -1   0   0   1  -4   2   6  -2   0  -4  -3   1  -2  -4  -1   0  -1  -3  -2  -3    0   0   0   0   0   0 100   0   0   0   0   0   0   0   0   0   0   0   0   0  0.83 0.03
   49 L    -2  -2  -4  -4  -2  -2  -3  -4  -3   1   4  -3   2   0  -3  -3  -1  -2  -1   1    0   0   0   0   0   0   0   0   0   0 100   0   0   0   0   0   0   0   0   0  0.53 0.02
   50 R    -2   6  -1  -2  -4   1   0  -3  -1  -3  -2   2  -2  -3  -1  -1  -1   2  -2  -3    0  95   0   0   0   0   0   0   0   0   0   0   0   0   2   0   0   3   0   0  0.79 0.03
   51 D    -2  -2   1   6  -4  -1   1  -2  -1  -4  -4  -1  -3  -4  -2   0  -1  -5  -3  -4    0   0   0 100   0   0   0   0   0   0   0   0   0   0   0   0   0   0   0   0  1.04 0.03
   52 N    -1  -1   6   1  -3   0   0   1   0  -4  -4   0  -2  -3  -2   0   0  -4  -2  -3    1   0  88   0   0   0   1   6   0   0   0   3   0   0   0   0   0   0   0   0  0.72 0.03
   53 D    -2  -2   1   6  -4  -1   1  -1  -1  -4  -4  -1  -3  -4  -2   0  -1  -5  -3  -4    0   0   0  97   0   0   0   3   0   0   0   0   0   0   0   0   0   0   0   0  1.00 0.03
   54 K    -1   2   0  -1  -3   1   1  -2  -1  -3  -3   5  -2  -3  -1   0  -1  -3  -2  -3    0   0   0   0   0   0   0   0   0   0   0 100   0   0   0   0   0   0   0   0  0.62 0.03
   55 T     1  -1   0  -1  -1  -1  -1  -1  -2  -1  -2  -1  -1  -2  -1   3   4  -3  -2  -1    6   0   0   0   0   0   0   0   0   0   0   0   0   0   0  30  64   0   0   0  0.42 0.02
   56 R    -2   6  -1  -2  -1   1   0  -3   0  -3  -2   2  -2  -3  -2  -1  -1  -3  -2  -3    0  96   0   0   3   0   0   0   1   0   0   0   0   0   0   0   0   0   0   0  0.80 0.03
   57 Y    -2  -2  -3  -4  -3  -2  -3  -3   1  -1  -1  -2  -1   4  -3  -2  -2   2   7  -1    0   0   0   0   0   0   0   0   0   0   0   0   0  13   0   0   0   0  87   0  0.94 0.03
   58 M    -1  -2  -3  -4  -2  -2  -3  -4  -3   1   4  -2   4   0  -3  -2  -1  -2  -1   1    0   0   0   0   0   0   0   0   0   0  63   0  37   0   0   0   0   0   0   0  0.43 0.02
   59 G     0  -3  -1  -2  -3  -2  -2   6  -2  -4  -4  -2  -3  -3  -2   0  -2  -3  -3  -4    0   0   0   0   0   0   0 100   0   0   0   0   0   0   0   0   0   0   0   0  1.13 0.03
   60 K    -1   2   0  -1  -3   1   1  -2  -1  -3  -3   5  -2  -3  -1   0  -1  -3  -2  -3    0   0   0   0   0   0   0   0   0   0   0 100   0   0   0   0   0   0   0   0  0.62 0.03
   61 G     0  -3  -1  -2  -3  -2  -2   6  -2  -4  -4  -2  -3  -3  -2   0  -2  -3  -3  -4    0   0   0   0   0   0   0 100   0   0   0   0   0   0   0   0   0   0   0   0  1.13 0.03
   62 V     0  -3  -3  -4  -1  -3  -3  -4  -4   3   1  -3   1  -1  -3  -2   0  -3  -1   5    0   0   0   0   0   0   0   0   0   0   0   0   0   0   0   0   0   0   0 100  0.43 0.03
   63 S     1  -1   0  -1   1   0  -1  -1  -1  -1   0   0  -1  -2  -1   4   1  -3  -2  -1    1   0   0   0   3   2   0   1   0   1  13   3   0   0   0  72   4   0   0   0  0.28 0.02
   64 K    -1   2   0  -1  -3   3   1  -2  -1  -3  -2   4  -1  -3  -1   0  -1  -3  -2  -2    0   7   1   0   0  18   0   0   0   0   1  71   0   0   0   0   2   0   0   0  0.49 0.02
   65 A     4  -2  -2  -2  -1  -1  -1   0  -2  -2  -2  -1  -1  -2   0   1   0  -3  -2   0   96   0   0   0   0   0   0   0   0   0   0   0   0   0   1   0   0   0   0   0  0.44 0.03
   66 V     0  -3  -3  -3  -1  -2  -3  -3  -3   3   1  -2   1  -1  -3  -2   0  -3  -1   4    0   0   0   0   0   0   0   0   0   2   0   0   0   0   0   0   0   0   0  96  0.40 0.03
   67 E    -1   0   0   2  -4   2   5  -1   0  -3  -3   1  -2  -3  -1   0  -1  -3  -2  -3    0   0   0  10   0   1  74   4   0   0   0   7   0   0   0   0   2   0   0   0  0.60 0.02
   68 H    -2  -1   2  -1  -3   0  -1  -2   8  -3  -3  -1  -2  -1  -3  -1  -2  -2   3  -3    0   0   9   0   0   0   0   0  80   0   0   0   0   0   0   0   0   0  11   0  0.84 0.03
   69 I    -1  -3  -3  -3  -1  -3  -3  -4  -4   4   1  -3   1   0  -3  -2  -1  -3  -2   3    0   0   0   0   0   0   0   0   0  78   2   0   0   0   0   0   0   0   0  20  0.43 0.02
   70 N    -2  -1   6   1  -3   0  -1  -1   0  -4  -4   0  -3  -3  -2   0   0  -4  -2  -3    0   0 100   0   0   0   0   0   0   0   0   0   0   0   0   0   0   0   0   0  0.86 0.04
   71 K     0   1   1   0  -3   2   1  -1  -1  -3  -3   4  -2  -3  -1   1   0  -3  -2  -2    0   0   9   0   0   9   7   0   0   0   0  53   0   0   0  21   2   0   0   0  0.36 0.02
   72 T     0  -1   0  -1  -1  -1  -1  -2  -1  -1  -1  -1  -1   0  -1   2   5  -2  -1   0    0   0   1   0   0   0   0   0   2   3   0   0   0   7   0   9  77   0   0   1  0.38 0.02
   73 I    -2  -3  -4  -4  -1  -3  -3  -4  -3   4   2  -3   1   0  -3  -3  -1  -3  -2   2    0   0   0   0   0   0   0   0   0  81  16   0   2   0   0   0   0   0   0   1  0.42 0.02
   74 A     4  -2  -2  -2  -1  -1  -1   1  -2  -1  -2  -1  -1  -3  -1   1   0  -3  -2   0   87   0   0   0   0   0   0  10   0   0   0   0   0   0   0   0   0   0   0   3  0.41 0.02
   75 P    -1  -2  -2  -2  -3  -2  -1  -3  -3  -3  -3  -1  -3  -4   8  -1  -1  -4  -3  -3    0   0   0   0   0   0   0   0   0   0   0   0   0   0 100   0   0   0   0   0  2.13 0.04
   76 A     4  -2  -2  -2   0  -1  -1   0  -2  -2  -2  -1  -1  -2  -1   1   0  -3  -1   0   94   0   0   0   2   0   1   0   0   0   0   0   0   0   0   0   1   0   1   0  0.43 0.03
   77 L    -2  -2  -4  -4  -1  -2  -3  -4  -3   2   4  -3   2   0  -3  -3  -1  -2  -1   1    0   0   0   0   0   0   0   0   0   0  97   0   2   0   0   0   0   0   0   2  0.51 0.02
   78 V    -1  -3  -3  -3   2  -3  -3  -4  -3   3   1  -3   1  -1  -3  -2   0  -3  -2   4    0   0   0   0   7   0   0   0   0  31   3   0   0   0   0   2   0   0   0  58  0.34 0.02
   79 S     1  -1   1   0  -2   0   0   3  -1  -3  -3   0  -2  -3  -1   3   1  -3  -2  -2    1   1   7   3   0   0   7  27   0   0   0   3   0   0   0  48   2   0   0   0  0.36 0.01
   80 K    -1   2   0  -1  -3   4   1  -2   0  -3  -3   4  -1  -3  -1   0  -1  -3  -2  -2    0   0   0   0   0  35   0   0   0   0   0  60   0   0   0   4   0   0   0   0  0.49 0.02
   81 K    -1   1   3   2  -3   0   0   2  -1  -3  -3   3  -2  -3  -2   0  -1  -3  -2  -3    0   0  22  16   0   0   0  18   0   0   0  39   0   0   0   4   0   0   0   0  0.34 0.01
   82 L     0  -2  -3  -3  -1  -2  -3  -3  -3   2   2  -2   1   0  -3  -1   0  -2  -1   3    3   0   0   0   0   0   0   0   0  10  26   0   2   1   0   2   0   0   0  54  0.27 0.01
   83 N     0  -1   4   1  -2   0   0  -1   0  -3  -3   0  -2  -3   0   3   1  -3  -2  -2    0   0  41   1   0   0   0   0   0   0   0   3   0   0   4  44   6   0   0   0  0.41 0.02
   84 V     0  -3  -3  -3  -1  -2  -3  -3  -3   3   1  -3   1  -1  -3  -2   0  -3  -1   4    0   0   0   0   0   0   0   0   0   0   0   0   0   0   0   0   0   0   0  99  0.42 0.03
   85 T     0  -3  -3  -3  -1  -2  -2  -3  -3   2   1  -2   1  -1  -2  -1   1  -3  -1   4    2   0   0   0   0   0   0   0   0   3   8   0   1   0   0   0   9   0   0  76  0.30 0.02
   86 E    -1   0   0   2  -4   2   5  -2   0  -4  -3   1  -2  -3  -1   0  -1  -3  -2  -3    0   0   0   5   0   0  92   0   1   0   0   0   0   0   0   0   0   0   0   0  0.76 0.03
   87 Q    -1   1   0  -1  -3   6   2  -2   0  -3  -3   1  -1  -4  -2   0  -1  -2  -2  -3    0   0   0   0   0 100   0   0   0   0   0   0   0   0   0   0   0   0   0   0  0.79 0.04
   88 E    -1   0   0   2  -4   2   5  -2   0  -4  -3   1  -2  -4  -1   0  -1  -3  -2  -3    0   0   0   2   0   1  96   0   0   0   0   0   0   0   0   0   0   0   0   0  0.81 0.03
   89 K    -1   2   0  -1  -3   1   1  -2  -1  -3  -3   5  -1  -3  -1   0  -1  -3  -2  -2    1   3   1   0   0   0   0   0   0   0   0  89   1   0   0   4   0   0   0   0  0.53 0.03
   90 I    -2  -3  -4  -4  -1  -3  -4  -4  -4   5   1  -3   1   0  -3  -3  -1  -3  -2   3    0   0   0   0   0   0   0   0   0  97   0   0   0   0   0   0   0   0   0   3  0.48 0.03
   91 D    -2  -2   1   6  -4  -1   1  -2  -1  -4  -4  -1  -3  -4  -2   0  -1  -5  -3  -4    0   0   0 100   0   0   0   0   0   0   0   0   0   0   0   0   0   0   0   0  1.04 0.03
   92 K    -1   2   1  -1  -3   4   1  -2   0  -3  -3   4  -1  -3  -1   0  -1  -3  -2  -3    0   2   6   0   0  36   0   0   0   0   0  56   0   0   0   0   0   0   0   0  0.50 0.02
   93 L    -2  -2  -3  -4  -2  -2  -3  -4  -3   2   4  -3   3   1  -3  -3  -1  -2  -1   1    0   0   0   0   0   0   0   0   0   5  72   0  14   5   0   0   0   0   0   3  0.40 0.02
   94 M    -1  -2  -3  -4  -2  -1  -2  -3  -2   1   2  -2   7   0  -3  -2  -1  -2  -1   0    0   0   0   0   0   0   0   0   0   0   1   0  99   0   0   0   0   0   0   0  0.55 0.04
   95 I    -2  -3  -4  -4  -1  -3  -3  -4  -3   4   3  -3   2   0  -3  -3  -1  -2  -1   2    0   0   0   0   0   0   0   0   0  56  44   0   0   0   0   0   0   0   0   0  0.40 0.02
   96 E    -1  -1   1   4  -4   1   4  -2  -1  -3  -3   0  -3  -4  -1   0  -1  -4  -3  -3    1   0   1  41   0   0  56   0   0   0   0   0   0   0   0   0   0   0   0   0  0.70 0.02
   97 M    -1  -2  -3  -4  -2  -1  -3  -3  -2   1   3  -2   6   0  -3  -2  -1  -2  -1   1    0   0   0   0   0   0   0   0   0   0  25   0  75   0   0   0   0   0   0   0  0.45 0.03
   98 D    -2  -2   1   6  -4  -1   1  -2  -1  -3  -4  -1  -3  -3  -2  -1  -1  -4  -1  -3    0   0   0  97   0   0   0   0   0   0   0   0   0   0   0   0   0   0   3   0  0.97 0.03
   99 G     0  -1  -1  -2  -3  -2  -2   6  -2  -4  -4  -2  -3  -3  -2   0  -2  -3  -3  -3    0   3   0   0   0   0   0  97   0   0   0   0   0   0   0   0   0   0   0   0  1.06 0.03
  100 T     0  -1   0  -1  -1  -1  -1  -2  -2  -1  -2  -1  -1  -2  -1   2   5  -3  -2   0    0   0   0   0   0   0   0   0   0   0   0   0   0   0   0   7  93   0   0   0  0.54 0.03
  101 E    -1   0   0   2  -4   2   5  -2   0  -4  -3   1  -2  -4  -1   0  -1  -3  -2  -3    1   0   0   8   0   0  91   0   0   0   0   0   0   0   0   0   0   0   0   0  0.76 0.03
  102 N    -2  -1   6   1  -3   0   0  -1   0  -4  -4   0  -2  -3  -2   0   0  -4  -2  -3    0   0  98   0   0   0   0   0   0   0   0   2   0   0   0   0   0   0   0   0  0.83 0.03
  103 K    -1   2   0  -1  -3   1   1  -2  -1  -3  -3   5  -2  -3  -1   0  -1  -3  -2  -3    0   0   0   0   0   0   0   0   0   0   0 100   0   0   0   0   0   0   0   0  0.62 0.03
  104 S     1  -1   0   0  -1   0   0  -1  -1  -3  -3   0  -2  -2  -1   5   1  -3  -1  -2    0   0   0   0   0   0   0   0   0   0   0   0   0   0   0  98   0   0   2   0  0.52 0.03
  105 K    -1   2   0  -1  -3   1   1  -2  -1  -3  -3   5  -2  -3  -1   0  -1  -3  -2  -3    0   4   0   0   0   1   0   0   0   0   0  94   0   0   0   0   0   0   0   0  0.60 0.03
  106 F    -2  -3  -3  -4   0  -3  -4  -4  -2   0   0  -3   0   7  -4  -3  -2   1   3  -1    0   0   0   0   3   0   0   0   0   0   3   0   0  93   0   0   0   0   1   0  0.80 0.03
  107 G     0  -3  -1  -2  -3  -2  -2   6  -2  -4  -4  -2  -3  -3  -2   0  -2  -3  -3  -4    0   0   0   0   0   0   0 100   0   0   0   0   0   0   0   0   0   0   0   0  1.13 0.03
  108 A     5  -2  -2  -2  -1  -1  -1   0  -2  -2  -2  -1  -1  -3  -1   1   0  -3  -2   0  100   0   0   0   0   0   0   0   0   0   0   0   0   0   0   0   0   0   0   0  0.48 0.03
  109 N    -2  -1   6   1  -3   0  -1  -1   0  -4  -4   0  -3  -3  -2   0   0  -4  -2  -3    0   0 100   0   0   0   0   0   0   0   0   0   0   0   0   0   0   0   0   0  0.86 0.04
  110 A     4  -2  -2  -2  -1  -1  -1   0  -2  -2  -2  -1  -1  -3  -1   1   0  -3  -2   0   98   0   0   0   0   0   0   0   0   0   0   0   0   0   0   0   2   0   0   0  0.47 0.03
  111 I    -2  -3  -4  -4  -1  -3  -4  -4  -4   5   2  -3   1   0  -3  -3  -1  -3  -2   3    0   0   0   0   0   0   0   0   0  94   4   0   0   0   0   0   0   0   0   3  0.46 0.03
  112 L    -2  -2  -4  -4  -2  -2  -3  -4  -3   1   4  -3   2   0  -3  -3  -1  -2  -1   1    0   0   0   0   0   0   0   0   0   0 100   0   0   0   0   0   0   0   0   0  0.53 0.02
  113 G     0  -3  -1  -2  -3  -2  -2   6  -2  -4  -4  -2  -3  -3  -2   0  -2  -3  -3  -4    0   0   0   0   0   0   0 100   0   0   0   0   0   0   0   0   0   0   0   0  1.13 0.03
  114 V     0  -3  -3  -4  -1  -3  -3  -4  -3   3   1  -3   1  -1  -3  -2   0  -3  -1   4    0   0   0   0   0   0   0   0   0   1   2   0   0   0   0   0   0   0   0  97  0.42 0.03
  115 S     1  -1   0   0  -1   0   0  -1  -1  -3  -3   0  -2  -3   0   4   1  -3  -2  -2    0   0   0   0   0   0   0   0   0   0   0   0   0   0   3  95   0   0   0   0  0.50 0.03
  116 L    -2  -2  -4  -4  -1  -2  -3  -4  -3   1   4  -3   2   0  -3  -3  -1  -2  -1   1    0   0   0   0   0   0   0   0   0   0  98   0   0   0   0   0   0   0   0   0  0.49 0.02
  117 A     4  -2  -2  -2  -1  -1  -1   0  -2  -2  -2  -1  -1  -2  -1   1   0  -3  -2   0   98   0   0   0   0   0   0   0   0   0   0   0   0   0   0   0   0   0   0   0  0.46 0.03
  118 V     0  -3  -3  -3  -1  -2  -3  -3  -3   3   1  -2   1  -1  -3  -2   0  -3  -1   4    2   0   0   0   0   0   0   0   0   3   0   0   0   0   0   0   0   0   0  93  0.39 0.02
  119 C    -1  -4  -3  -4   9  -3  -4  -3  -3  -2  -2  -3  -2  -3  -3  -1  -1  -3  -3  -1    0   0   0   0  97   0   0   0   0   0   0   0   0   0   0   0   0   0   0   0  1.40 0.04
  120 K    -1   2   0  -1  -3   1   1  -2  -1  -3  -3   5  -2  -3  -1   0  -1  -3  -2  -3    0   0   0   0   0   0   0   0   0   0   0  98   0   0   0   0   0   0   0   0  0.59 0.03
  121 A     4  -2  -2  -2  -1  -1  -1   0  -2  -1  -2  -1  -1  -2  -1   1   0  -3  -2   0   94   0   0   0   0   0   0   0   0   0   0   0   0   0   0   0   0   0   0   3  0.43 0.02
  122 G     0  -2  -1  -1  -3  -2  -1   6  -2  -4  -4  -1  -3  -3  -2   0  -2  -3  -3  -3    0   2   0   0   0   0   3  93   0   0   0   0   0   0   0   0   0   0   0   0  0.98 0.02
  123 A     4  -2  -2  -2  -1  -1  -1   0  -2  -2  -2  -1  -1  -2  -1   1   0  -3  -2   0   98   0   0   0   0   0   0   0   0   0   0   0   0   0   0   0   0   0   0   0  0.46 0.03
  124 V     4  -2  -2  -2  -1  -1  -1  -1  -2   0  -1  -1   0  -2  -1   1   0  -3  -2   1   73   0   0   0   0   0   0   0   0   0   0   0   3   0   0   0   0   0   0  22  0.29 0.02
  125 E    -1   0   0   1  -4   2   6  -2   0  -3  -3   1  -2  -3  -1   0  -1  -3  -2  -3    0   0   0   0   0   0  98   0   0   0   0   0   0   0   0   0   0   0   0   0  0.79 0.03
  126 K    -1   2   0  -1  -3   1   1  -2  -1  -3  -3   5  -2  -3  -1   0  -1  -3  -2  -3    0   3   1   0   0   1   0   0   0   0   0  95   0   0   0   0   0   0   0   0  0.59 0.03
  127 G     0  -2   0   0  -1  -2   0   6  -2  -4  -4  -2  -3  -3  -2   0  -2  -3  -3  -3    0   0   0   7   2   0   6  86   0   0   0   0   0   0   0   0   0   0   0   0  0.88 0.02
  128 V     0  -3  -3  -4   1  -3  -3  -4  -3   3   1  -3   1  -1  -3  -2   0  -3  -1   4    0   0   0   0   3   0   0   0   0   1   0   0   0   0   0   0   0   0   0  96  0.41 0.03
  129 P    -1  -2  -2  -2  -3  -2  -1  -2  -2  -3  -3  -1  -3  -4   8   0  -1  -4  -3  -3    2   0   0   0   0   0   0   0   0   0   0   0   0   0  94   4   0   0   0   0  1.95 0.03
  130 L    -2  -2  -4  -4  -2  -2  -3  -4  -3   1   4  -3   2   0  -3  -3  -1  -2  -1   1    0   0   0   0   0   0   0   0   0   0 100   0   0   0   0   0   0   0   0   0  0.53 0.02
  131 Y    -2  -2  -1  -3  -3  -2  -2  -3   2  -2  -1  -2  -1   3  -3  -2  -2   2   7  -2    0   0   3   0   0   0   0   0   0   0   0   0   0   1   0   0   0   0  96   0  0.98 0.04
  132 R    -2   6  -1  -2   0   1   0  -3   0  -3  -2   2  -2  -3  -2  -1  -1  -3  -2  -3    0  93   0   0   3   1   0   0   2   0   0   0   0   0   0   0   0   0   0   0  0.77 0.03
  133 H    -2  -1   0  -2  -3   0   0  -2   8  -3  -2  -1  -2  -1  -3  -1  -2  -3   2  -3    0   0   0   0   0   0   0   0  97   0   3   0   0   0   0   0   0   0   0   0  1.01 0.04
  134 I    -2  -3  -4  -4  -1  -3  -4  -4  -4   5   1  -3   1   0  -3  -3  -1  -3  -2   3    0   0   0   0   0   0   0   0   0  98   0   0   0   0   0   0   0   0   0   2  0.48 0.03
  135 A     5  -2  -2  -2  -1  -1  -1   0  -2  -2  -2  -1  -1  -3  -1   1   0  -3  -2   0  100   0   0   0   0   0   0   0   0   0   0   0   0   0   0   0   0   0   0   0  0.48 0.03
  136 D    -2  -2   1   6  -4   0   2  -2  -1  -4  -4  -1  -3  -4  -2   0  -1  -5  -3  -4    0   0   2  95   0   0   2   0   0   0   0   0   0   0   0   0   0   0   0   0  0.99 0.03
  137 L    -2  -2  -4  -4  -2  -2  -3  -4  -3   1   4  -3   2   0  -3  -3  -1  -2  -1   1    0   0   0   0   0   0   0   0   0   0  97   0   3   0   0   0   0   0   0   0  0.51 0.02
  138 A     5  -2  -2  -2  -1  -1  -1   0  -2  -2  -2  -1  -1  -3  -1   1   0  -3  -2   0  100   0   0   0   0   0   0   0   0   0   0   0   0   0   0   0   0   0   0   0  0.48 0.03
  139 G     0  -3  -1  -2  -3  -2  -2   6  -2  -4  -4  -2  -3  -3  -2   0  -2  -3  -3  -3    1   0   0   0   0   0   0  99   0   0   0   0   0   0   0   0   0   0   0   0  1.11 0.03
  140 N    -2   0   6   1  -3   0   0  -1   0  -4  -4   0  -2  -3  -2   0   0  -4  -2  -3    0   2  98   0   0   0   0   0   0   0   0   0   0   0   0   0   0   0   0   0  0.84 0.03
  141 S     1  -1  -1  -1  -2  -1  -1  -1  -2  -3  -3   0  -2  -3   6   2   0  -4  -3  -2   14   0   0   0   0   0   2   0   0   0   0   4   0   0  54  25   2   0   0   0  0.95 0.02
  142 E    -1   0   0   2  -4   2   5  -2   0  -4  -3   1  -2  -4  -1   0  -1  -3  -2  -3    0   0   1   7   0   2  88   0   0   0   0   2   0   0   0   0   0   0   0   0  0.74 0.03
  143 V     0  -3  -3  -4  -1  -3  -3  -4  -3   3   1  -3   1  -1  -3  -2   0  -3  -1   4    0   0   0   0   0   0   0   0   0   2   8   0   0   0   0   0   0   0   0  91  0.40 0.02
  144 I    -1  -3  -4  -4  -1  -3  -4  -4  -4   5   1  -3   1   0  -3  -3  -1  -3  -2   3    0   0   0   0   0   0   0   0   0  94   0   0   0   0   0   0   0   0   0   6  0.47 0.03
  145 L    -2  -2  -4  -4  -2  -2  -3  -4  -3   1   4  -3   2   0  -3  -3  -1  -2  -1   1    0   0   0   0   0   0   0   0   0   0 100   0   0   0   0   0   0   0   0   0  0.53 0.02
  146 P    -1  -2  -2  -2  -3  -2  -1  -3  -3  -3  -3  -1  -3  -4   8  -1  -1  -4  -3  -3    0   0   0   0   0   0   0   0   0   0   0   0   0   0 100   0   0   0   0   0  2.13 0.04
  147 V     0  -3  -3  -4  -1  -3  -3  -4  -4   3   1  -3   1  -1  -3  -2   0  -3  -1   5    0   0   0   0   0   0   0   0   0   0   0   0   0   0   0   0   0   0   0 100  0.43 0.03
  148 P    -1  -2  -2  -2  -3  -2  -1  -3  -1  -3  -3  -1  -3  -4   8  -1  -1  -4  -3  -3    0   0   0   0   0   0   0   0   2   0   0   0   0   0  98   0   0   0   0   0  2.07 0.04
  149 A     5  -2  -2  -2  -1  -1  -1   0  -2  -2  -2  -1  -1  -3  -1   1   0  -3  -2   0  100   0   0   0   0   0   0   0   0   0   0   0   0   0   0   0   0   0   0   0  0.48 0.03
  150 F    -3  -3  -3  -4  -3  -4  -4  -4  -2   0   0  -3   0   7  -4  -3  -2   1   3  -1    0   0   0   0   0   0   0   0   0   0   2   0   0  98   0   0   0   0   0   0  0.87 0.03
  151 N    -2  -1   6   1  -3   0   0  -1   0  -3  -4   0  -2  -3  -2   1   0  -4  -2  -3    0   0  94   0   0   0   0   0   0   0   0   0   0   0   0   3   3   0   0   0  0.79 0.03
  152 V     0  -3  -3  -4  -1  -3  -3  -4  -4   3   1  -3   1  -1  -3  -2   0  -3  -1   5    0   0   0   0   0   0   0   0   0   0   0   0   0   0   0   0   0   0   0 100  0.43 0.03
  153 I    -2  -3  -4  -4  -1  -3  -4  -4  -4   5   1  -3   1   0  -3  -3  -1  -3  -2   3    0   0   0   0   0   0   0   0   0 100   0   0   0   0   0   0   0   0   0   0  0.49 0.03
  154 N    -2  -1   6   1  -3   0   0  -1   0  -4  -4   0  -2  -3  -2   1   0  -4  -2  -3    0   0  97   0   0   0   0   0   0   0   0   0   0   0   0   3   0   0   0   0  0.82 0.03
  155 G     0  -3  -1  -2  -3  -2  -2   6  -2  -4  -4  -2  -3  -3  -2   0  -2  -3  -3  -4    0   0   0   0   0   0   0 100   0   0   0   0   0   0   0   0   0   0   0   0  1.13 0.03
  156 G     0  -3  -1  -2  -3  -2  -2   6  -2  -4  -4  -2  -3  -3  -2   0  -2  -3  -3  -4    0   0   0   0   0   0   0 100   0   0   0   0   0   0   0   0   0   0   0   0  1.13 0.03
  157 S     1  -1   0   0  -1   0   0  -1  -1  -3  -3   0  -2  -3  -1   5   1  -3  -2  -2    0   0   0   0   0   0   0   0   0   0   0   0   0   0   0 100   0   0   0   0  0.54 0.03
  158 H    -2  -1   0  -1  -3   0   0  -2   9  -4  -3  -1  -2  -2  -3  -1  -2  -3   2  -4    0   0   0   0   0   0   0   0 100   0   0   0   0   0   0   0   0   0   0   0  1.09 0.04
  159 A     4  -2  -2  -2  -1  -1  -1   0  -2  -2  -2  -1  -1  -3  -1   1   0  -3  -2   0   98   0   0   0   0   0   2   0   0   0   0   0   0   0   0   0   0   0   0   0  0.46 0.03
  160 G     0  -3  -1  -2  -3  -2  -2   6  -2  -4  -4  -2  -3  -3  -2   0  -2  -3  -3  -3    0   0   0   0   0   0   0  98   0   0   0   0   0   0   0   0   0   0   0   0  1.07 0.03
  161 N    -2  -1   6   1  -3   0   0  -1   0  -4  -4   0  -2  -3  -2   0   0  -4  -2  -3    0   0  98   0   0   2   0   0   0   0   0   0   0   0   0   0   0   0   0   0  0.83 0.03
  162 K    -1   2   0  -1  -3   1   1  -2  -1  -3  -3   5  -2  -3  -1   0  -1  -3  -2  -3    0   0   0   0   0   2   0   0   0   0   0  98   0   0   0   0   0   0   0   0  0.60 0.03
  163 L    -2  -2  -4  -4  -2  -2  -3  -4  -3   1   4  -3   2   0  -3  -3  -1  -2  -1   1    0   0   0   0   0   0   0   0   0   0 100   0   0   0   0   0   0   0   0   0  0.53 0.02
  164 A     4  -2  -2  -2  -1  -1  -1   0  -2  -2  -2  -1  -1  -3   0   1   0  -3  -2   0   97   0   0   0   0   0   0   0   0   0   0   0   0   0   3   0   0   0   0   0  0.47 0.03
  165 M    -1  -2  -3  -4  -2  -1  -2  -3  -2   1   2  -2   7   0  -3  -2  -1  -2  -1   0    0   0   0   0   0   0   0   0   0   0   0   0 100   0   0   0   0   0   0   0  0.56 0.04
  166 Q    -1   1   0  -1  -3   6   2  -2   0  -3  -3   1  -1  -4  -2   0  -1  -2  -2  -3    0   0   0   0   0 100   0   0   0   0   0   0   0   0   0   0   0   0   0   0  0.79 0.04
  167 E    -1   0   0   1  -4   2   6  -1   0  -4  -3   1  -2  -4  -1   0  -1  -3  -2  -3    0   0   0   0   0   0  97   3   0   0   0   0   0   0   0   0   0   0   0   0  0.79 0.03
  168 F    -3  -3  -3  -4  -3  -4  -4  -4  -2   0   0  -4   0   7  -4  -3  -2   1   3  -1    0   0   0   0   0   0   0   0   0   0   0   0   0 100   0   0   0   0   0   0  0.89 0.03
  169 M    -1  -2  -3  -4  -2  -1  -2  -3  -2   1   2  -2   7   0  -3  -2  -1  -2  -1   1    0   0   0   0   0   0   0   0   0   0   0   0  97   0   0   0   0   0   0   3  0.53 0.04
  170 I    -2  -3  -4  -4  -1  -3  -4  -4  -4   5   1  -3   1   0  -3  -3  -1  -3  -2   3    0   0   0   0   0   0   0   0   0 100   0   0   0   0   0   0   0   0   0   0  0.49 0.03
  171 L    -2  -2  -4  -4  -2  -2  -3  -4  -3   1   4  -3   2   0  -3  -3  -1  -2  -1   1    0   0   0   0   0   0   0   0   0   0 100   0   0   0   0   0   0   0   0   0  0.53 0.02
  172 P    -1  -2  -2  -2  -3  -2  -1  -3  -3  -3  -3  -1  -3  -4   8  -1  -1  -4  -3  -3    0   0   0   0   0   0   0   0   0   0   0   0   0   0 100   0   0   0   0   0  2.13 0.04
  173 V     0  -3  -3  -3  -1  -2  -3  -3  -3   3   1  -2   1  -1  -3  -1   0  -3  -1   4    4   0   0   0   0   0   0   0   0   9   0   0   0   0   0   1   2   0   0  84  0.36 0.02
  174 G     0  -3  -1  -2  -1  -2  -2   6  -2  -4  -4  -2  -3  -3  -2   0  -2  -3  -3  -3    0   0   0   0   2   0   0  98   0   0   0   0   0   0   0   0   0   0   0   0  1.09 0.03
  175 A     4  -2  -2  -2  -1  -1  -1   0  -2  -2  -2  -1  -1  -3  -1   1   0  -3  -2   0   97   0   0   0   0   0   0   0   0   0   0   0   0   0   0   0   3   0   0   0  0.46 0.03
  176 A     2  -1   0   0   0   0   1   0  -1  -2  -2   0  -2  -3  -1   3   1  -3  -2  -1   24   0   1   4   1   0  11   1   0   0   0   0   0   0   0  55   1   0   0   0  0.33 0.02
  177 N     0  -1   4   0   1   0  -1  -1  -1  -2  -3   0  -2  -3  -1   3   2  -3  -2  -2    0   0  34   0   3   0   0   0   0   0   0   0   0   0   0  41  22   0   0   0  0.38 0.02
  178 F    -3  -3  -3  -4  -3  -4  -4  -4  -2   0   0  -3   0   7  -4  -3  -2   1   3  -1    0   0   0   0   0   0   0   0   0   0   2   0   0  98   0   0   0   0   0   0  0.87 0.03
  179 R    -1   4   0  -1  -3   1   1  -2  -1  -3  -3   5  -2  -3  -1   0  -1  -3  -2  -3    0  22   0   0   0   0   0   0   0   0   0  78   0   0   0   0   0   0   0   0  0.58 0.02
  180 E    -1   0   0   3  -4   2   5  -2   0  -4  -3   1  -2  -4  -1   0  -1  -3  -2  -3    0   0   0  11   0   0  89   0   0   0   0   0   0   0   0   0   0   0   0   0  0.77 0.03
  181 A     4  -2  -2  -1  -1  -1  -1   0  -2  -2  -2  -1  -1  -3  -1   1   0  -3  -2   0   97   0   0   3   0   0   0   0   0   0   0   0   0   0   0   0   0   0   0   0  0.46 0.03
  182 M    -1  -2  -3  -4  -2  -1  -2  -3  -2   1   2  -2   7   0  -3  -2  -1  -2  -1   0    0   0   0   0   0   0   0   0   0   0   3   0  97   0   0   0   0   0   0   0  0.54 0.04
  183 R    -2   6  -1  -2   0   1   0  -3   2  -3  -2   2  -2  -3  -2  -1  -1  -3  -2  -3    0  90   0   0   4   0   0   0   6   0   0   0   0   0   0   0   0   0   0   0  0.73 0.03
  184 I    -2  -3  -4  -4  -1  -3  -4  -4  -4   5   1  -3   1   0  -3  -3  -1  -3  -2   3    0   0   0   0   0   0   0   0   0  97   0   0   1   0   0   0   0   0   0   1  0.48 0.03
  185 G     0  -3  -1  -2  -3  -2  -2   6  -2  -4  -4  -2  -3  -3  -2   0  -2  -3  -3  -4    0   0   0   0   0   0   0 100   0   0   0   0   0   0   0   0   0   0   0   0  1.13 0.03
  186 A     5  -2  -2  -2  -1  -1  -1   0  -2  -2  -2  -1  -1  -3  -1   1   0  -3  -2   0   99   0   0   0   0   0   0   0   0   0   0   0   0   0   0   1   0   0   0   0  0.48 0.03
  187 E    -1   0   0   1  -4   2   6  -2   0  -4  -3   1  -2  -4  -1   0  -1  -3  -2  -3    0   0   0   0   0   0 100   0   0   0   0   0   0   0   0   0   0   0   0   0  0.83 0.03
  188 V     0  -3  -3  -4  -1  -3  -3  -4  -4   3   1  -3   1  -1  -3  -2   0  -3  -1   4    0   0   0   0   0   0   0   0   0   1   0   0   0   0   0   0   0   0   0  99  0.43 0.03
  189 Y    -2  -2  -2  -4  -3  -2  -2  -3   2  -2  -1  -2  -1   3  -3  -2  -2   2   8  -2    0   0   0   0   0   0   0   0   0   0   0   0   0   0   0   0   0   0 100   0  1.04 0.04
  190 H    -2  -1   0  -1  -3   0   0  -2   9  -4  -3  -1  -2  -2  -3  -1  -2  -3   2  -4    0   0   0   0   0   0   0   0 100   0   0   0   0   0   0   0   0   0   0   0  1.09 0.04
  191 N    -2  -1   6   1  -3   0   0  -1   1  -3  -4   0  -2  -3  -2   1   0  -4  -2  -3    0   0  94   0   0   0   0   0   1   0   0   0   0   0   0   1   3   0   0   0  0.79 0.03
  192 L    -2  -2  -4  -4  -2  -2  -3  -4  -3   1   4  -3   2   0  -3  -3  -1  -2  -1   1    0   0   0   0   0   0   0   0   0   0  97   0   3   0   0   0   0   0   0   0  0.51 0.02
  193 K    -1   2   0  -1  -3   2   1  -2  -1  -3  -3   5  -2  -3  -1   0  -1  -3  -2  -3    0   3   0   0   0   3   0   0   0   0   0  94   0   0   0   0   0   0   0   0  0.59 0.03
  194 N    -1  -1   6   1  -3   0   0   0   0  -3  -4   0  -2  -3  -2   1   0  -4  -2  -3    2   0  84   1   0   0   0   2   0   0   0   0   0   0   0  12   0   0   0   0  0.68 0.03
  195 V     0  -3  -3  -4  -1  -3  -3  -4  -4   3   1  -3   1  -1  -3  -2   0  -3  -1   5    0   0   0   0   0   0   0   0   0   0   0   0   0   0   0   0   0   0   0 100  0.43 0.03
  196 I    -2  -3  -4  -4  -1  -3  -4  -4  -4   5   1  -3   1   0  -3  -3  -1  -3  -2   3    0   0   0   0   0   0   0   0   0  97   0   0   0   0   0   0   0   0   0   3  0.48 0.03
  197 K    -1   2   0  -1  -3   1   1  -2  -1  -3  -3   5  -2  -3  -1   0  -1  -3  -2  -3    0   0   1   0   0   0   0   0   0   0   0  99   0   0   0   0   0   0   0   0  0.61 0.03
  198 E     0   1   0   1  -3   2   4  -2  -1  -3  -3   2  -2  -3  -1   0  -1  -3  -2  -2    6   1   0   4   0   4  59   0   0   0   0  18   0   0   0   5   1   0   0   1  0.47 0.02
  199 K    -1   2   0  -1  -3   1   1  -2  -1  -3  -3   5  -2  -3  -1   0  -1  -3  -2  -3    0   0   0   0   0   0   0   0   0   0   0 100   0   0   0   0   0   0   0   0  0.62 0.03
  200 Y    -2  -2  -2  -4  -3  -2  -2  -3   2  -2  -1  -2  -1   3  -3  -2  -2   2   8  -2    0   0   0   0   0   0   0   0   0   0   0   0   0   0   0   0   0   0 100   0  1.04 0.04
  201 G     0  -1  -1  -2  -3  -2  -2   6  -2  -4  -4  -1  -3  -3  -2   0  -2  -3  -3  -3    0   5   0   0   0   0   0  95   0   0   0   0   0   0   0   0   0   0   0   0  1.02 0.03
  202 K    -1   2   0  -1  -3   4   1  -2   0  -3  -3   4  -1  -3  -1   0  -1  -3  -2  -3    0   0   0   0   0  35   0   0   0   0   0  65   0   0   0   0   0   0   0   0  0.54 0.02
  203 D    -2  -2   1   6  -4  -1   1  -2  -1  -4  -4  -1  -3  -4  -2   0  -1  -5  -3  -4    0   0   0 100   0   0   0   0   0   0   0   0   0   0   0   0   0   0   0   0  1.04 0.03
  204 A     5  -2  -2  -2  -1  -1  -1   0  -2  -2  -2  -1  -1  -3  -1   1   0  -3  -2   0  100   0   0   0   0   0   0   0   0   0   0   0   0   0   0   0   0   0   0   0  0.48 0.03
  205 T     0  -1   0  -1  -1  -1  -1  -2  -2  -1  -1  -1  -1  -2  -1   1   5  -3  -2   0    0   0   0   0   0   0   0   0   0   0   0   0   0   0   0   0 100   0   0   0  0.58 0.03
  206 N    -2  -1   6   1  -3   0   0  -1   1  -4  -4   0  -2  -3  -2   1   0  -4  -2  -3    0   0  95   0   0   0   0   0   3   0   0   1   0   0   0   2   0   0   0   0  0.79 0.03
  207 V     0  -3  -3  -4  -1  -3  -3  -4  -4   3   1  -3   1  -1  -3  -2   0  -3  -1   5    0   0   0   0   0   0   0   0   0   0   0   0   0   0   0   0   0   0   0 100  0.43 0.03
  208 G     0  -2  -1  -2  -3  -2  -2   6  -2  -4  -4  -2  -3  -3  -2   0  -2  -3  -3  -4    0   2   0   0   0   0   0  98   0   0   0   0   0   0   0   0   0   0   0   0  1.08 0.03
  209 D    -2  -2   1   6  -4  -1   1  -2  -1  -4  -4  -1  -3  -4  -2   0  -1  -5  -3  -4    0   0   0 100   0   0   0   0   0   0   0   0   0   0   0   0   0   0   0   0  1.04 0.03
  210 E    -1   0   0   1  -4   2   6  -2   0  -4  -3   1  -2  -4  -1   0  -1  -3  -2  -3    0   0   0   0   0   0 100   0   0   0   0   0   0   0   0   0   0   0   0   0  0.83 0.03
  211 G     0  -3  -1  -2  -3  -2  -2   6  -2  -4  -4  -2  -3  -3  -2   0  -2  -3  -3  -4    0   0   0   0   0   0   0 100   0   0   0   0   0   0   0   0   0   0   0   0  1.13 0.03
  212 G     0  -1  -1  -2  -3  -2  -2   6  -2  -4  -4  -2  -3  -3  -2   0  -2  -3  -3  -3    0   3   0   0   0   0   0  97   0   0   0   0   0   0   0   0   0   0   0   0  1.06 0.03
  213 F    -3  -3  -3  -4  -3  -4  -4  -4  -2   0   0  -4   0   7  -4  -3  -2   1   3  -1    0   0   0   0   0   0   0   0   0   0   0   0   0 100   0   0   0   0   0   0  0.89 0.03
  214 A     4  -2  -2  -2  -1  -1  -1   0  -2  -2  -2  -1  -1  -3  -1   1   0  -3  -2   0   97   0   0   0   0   0   0   0   0   0   0   0   0   0   0   0   3   0   0   0  0.46 0.03
  215 P    -1  -2  -2  -2  -3  -2  -1  -2  -2  -3  -3  -1  -3  -4   8  -1  -1  -4  -3  -3    0   0   0   0   0   0   0   0   0   0   0   0   0   0  97   3   0   0   0   0  2.03 0.04
  216 N    -2  -1   6   1  -3   0  -1  -1   0  -4  -4   0  -3  -3  -2   0   0  -4  -2  -3    0   0 100   0   0   0   0   0   0   0   0   0   0   0   0   0   0   0   0   0  0.86 0.04
  217 I    -2  -3  -4  -4  -1  -3  -4  -4  -4   5   1  -3   1   0  -3  -3  -1  -3  -2   3    0   0   0   0   0   0   0   0   0 100   0   0   0   0   0   0   0   0   0   0  0.49 0.03
  218 L    -2  -2  -4  -4  -1  -2  -3  -4  -3   2   4  -3   2   0  -3  -3  -1  -2  -1   1    0   0   0   0   0   0   0   0   0   0  98   0   0   0   0   0   0   0   0   2  0.52 0.02
  219 E    -1   0   0   1  -4   2   6  -2   0  -4  -3   1  -2  -4  -1   0  -1  -3  -2  -3    0   0   0   0   0   0 100   0   0   0   0   0   0   0   0   0   0   0   0   0  0.83 0.03
  220 N    -2  -1   6   1  -3   0  -1  -1   0  -4  -4   0  -3  -3  -2   0   0  -4  -2  -3    0   0 100   0   0   0   0   0   0   0   0   0   0   0   0   0   0   0   0   0  0.86 0.04
  221 K    -1   2   1  -1  -3   2   1  -1  -1  -3  -3   5  -1  -3  -1   0  -1  -3  -2  -3    0   0   4   0   0  13   0   1   0   0   0  79   0   0   0   3   0   0   0   0  0.49 0.02
  222 E    -1   0   0   1  -4   2   6  -2   0  -4  -3   1  -2  -4  -1   0  -1  -3  -2  -3    0   0   0   0   0   0 100   0   0   0   0   0   0   0   0   0   0   0   0   0  0.83 0.03
  223 G     4  -2  -2  -2  -1  -1  -1   1  -2  -2  -2  -1  -1  -3  -1   1   0  -3  -2   0   97   0   0   0   0   0   0   3   0   0   0   0   0   0   0   0   0   0   0   0  0.47 0.03
  224 L    -2  -2  -4  -4  -2  -2  -3  -4  -3   1   4  -3   2   0  -3  -3  -1  -2  -1   1    0   0   0   0   0   0   0   0   0   0 100   0   0   0   0   0   0   0   0   0  0.53 0.02
  225 E    -1   0   0   2  -4   2   5  -1   0  -4  -3   1  -2  -4  -1   0  -1  -3  -2  -3    0   0   0   4   0   0  92   2   0   0   0   2   0   0   0   0   0   0   0   0  0.75 0.03
  226 L    -2  -2  -4  -4  -2  -2  -3  -4  -3   1   4  -3   2   0  -3  -3  -1  -2  -1   1    0   0   0   0   0   0   0   0   0   0 100   0   0   0   0   0   0   0   0   0  0.53 0.02
  227 L    -2  -3  -4  -4  -1  -2  -3  -4  -3   2   4  -3   2   0  -3  -3  -1  -2  -1   1    0   0   0   0   0   0   0   0   0  11  87   0   0   0   0   0   0   0   0   2  0.47 0.02
  228 K    -1   2   0  -1  -3   1   1  -2  -1  -3  -3   5  -2  -3  -1   0  -1  -3  -2  -3    0   1   0   0   0   0   0   0   0   0   0  97   0   0   0   0   2   0   0   0  0.60 0.03
  229 T    -1  -1   4   1  -2   0   2  -1   0  -3  -3   0  -2  -3  -2   1   2  -3  -2  -2    2   0  44   0   0   0  22   0   0   0   0   1   0   0   0   9  23   0   0   0  0.40 0.02
  230 A     4  -2  -2  -2  -1  -1  -1   0  -2  -2  -2  -1  -1  -3  -1   1   0  -3  -2   0   95   0   0   0   0   0   0   0   0   0   0   0   0   0   0   1   3   0   0   0  0.45 0.03
  231 I    -2  -3  -4  -4  -1  -3  -4  -4  -4   5   1  -3   1   0  -3  -3  -1  -3  -2   3    0   0   0   0   0   0   0   0   0 100   0   0   0   0   0   0   0   0   0   0  0.49 0.03
  232 G     2  -1   1   0  -2   0   1   3  -1  -3  -3  -1  -2  -3  -1   2   0  -3  -2  -2   22   0   8   1   0   2   9  27   0   0   0   0   0   0   0  28   2   0   0   0  0.32 0.01
  233 K    -1   2   0  -1  -3   1   1  -2  -1  -3  -3   5  -2  -3  -1   0  -1  -3  -2  -3    0   0   1   0   0   0   0   0   0   0   0  99   0   0   0   0   0   0   0   0  0.61 0.03
  234 A     5  -2  -2  -2  -1  -1  -1   0  -2  -1  -2  -1  -1  -3  -1   1   0  -3  -2   0   99   0   0   0   0   0   0   0   0   0   0   0   0   0   0   0   0   0   0   1  0.47 0.03
  235 G     0  -3  -1  -2  -3  -2  -2   6  -2  -4  -4  -2  -3  -3  -2   0  -2  -3  -3  -4    0   0   0   0   0   0   0 100   0   0   0   0   0   0   0   0   0   0   0   0  1.13 0.03
  236 Y    -2  -2  -2  -4  -3  -2  -2  -3   2  -2  -1  -2  -1   3  -3  -2  -2   2   8  -2    0   0   0   0   0   0   0   0   0   0   0   0   0   0   0   0   0   0 100   0  1.04 0.04
  237 T     0  -1   0  -1  -1  -1  -1  -2  -2  -1  -1  -1  -1  -2   1   2   5  -3  -2   0    1   0   0   0   0   0   0   0   0   0   3   0   0   0   5  15  76   0   0   0  0.43 0.02
  238 D    -2  -2   2   6  -4   0   2  -1  -1  -4  -4  -1  -3  -4  -2   0  -1  -5  -3  -3    0   0   4  89   0   0   4   1   0   0   0   0   0   0   0   2   0   0   0   0  0.91 0.03
  239 K    -1   2   0   0  -4   2   3  -2  -1  -3  -3   4  -2  -3  -1   0  -1  -3  -2  -3    0   0   0   0   0   9  24   0   0   0   0  67   0   0   0   0   0   0   0   0  0.51 0.02
  240 V    -1  -3  -3  -3  -1  -3  -3  -4  -4   4   1  -3   1  -1  -3  -2   0  -3  -1   4    0   0   0   0   0   0   0   0   0  44   0   0   0   0   0   0   0   0   0  56  0.39 0.02
  241 V     0  -3  -3  -4  -1  -3  -3  -4  -4   3   1  -3   1  -1  -3  -2   0  -3  -1   5    0   0   0   0   0   0   0   0   0   0   0   0   0   0   0   0   0   0   0 100  0.43 0.03
  242 I    -2  -3  -3  -3  -1  -3  -3  -4  -4   5   1  -3   1   0  -3  -2   0  -3  -2   3    0   0   0   0   0   0   0   0   0  97   0   0   0   0   0   0   3   0   0   0  0.46 0.03
  243 G     0  -3  -1  -2  -3  -2  -2   6  -2  -4  -4  -2  -3  -3  -2   0  -2  -3  -3  -3    0   0   0   0   0   0   0  96   0   0   0   0   0   0   0   4   0   0   0   0  1.06 0.03
  244 M    -1  -2  -3  -4  -2  -1  -2  -3  -2   1   2  -2   7   0  -3  -2  -1  -2  -1   0    0   0   0   0   0   0   0   0   0   0   0   0 100   0   0   0   0   0   0   0  0.56 0.04
  245 D    -2  -2   1   6  -4  -1   1  -2  -1  -4  -4  -1  -3  -4  -2   0  -1  -5  -3  -4    0   0   0 100   0   0   0   0   0   0   0   0   0   0   0   0   0   0   0   0  1.04 0.03
  246 V     0  -3  -3  -4  -1  -2  -3  -4  -3   3   1  -3   1  -1  -3  -2   0  -3  -1   4    0   0   0   0   0   0   0   0   0   0   0   0   2   0   0   0   0   0   0  98  0.43 0.03
  247 A     5  -2  -2  -2  -1  -1  -1   0  -2  -2  -2  -1  -1  -3  -1   1   0  -3  -2   0  100   0   0   0   0   0   0   0   0   0   0   0   0   0   0   0   0   0   0   0  0.48 0.03
  248 A     4  -2  -2  -1  -1  -1  -1   0  -2  -2  -2  -1  -1  -3  -1   1   0  -3  -2   0   97   0   0   3   0   0   0   0   0   0   0   0   0   0   0   0   0   0   0   0  0.45 0.03
  249 S     1  -1   0   0  -1   0   0  -1  -1  -3  -3   0  -2  -3  -1   5   1  -3  -2  -2    0   0   0   0   0   0   0   0   0   0   0   0   0   0   0 100   0   0   0   0  0.54 0.03
  250 E    -1   0   0   1  -4   2   6  -2   0  -4  -3   1  -2  -4  -1   0  -1  -3  -2  -3    0   0   0   0   0   0  98   0   0   0   0   2   0   0   0   0   0   0   0   0  0.82 0.03
  251 F    -3  -3  -3  -4  -3  -4  -4  -4  -2   0   0  -4   0   7  -4  -3  -2   1   3  -1    0   0   0   0   0   0   0   0   0   0   0   0   0 100   0   0   0   0   0   0  0.89 0.03
  252 F    -2  -2  -3  -4  -3  -2  -3  -3   1  -1  -1  -2  -1   5  -3  -2  -2   2   7  -1    0   0   0   0   0   0   0   0   1   0   0   0   0  27   0   0   0   0  72   0  0.84 0.03
  253 R    -2   6  -1  -2  -4   1   0  -3   0  -3  -3   3  -2  -3  -2  -1  -1  -3  -2  -3    0  87   0   0   0   0   0   0   0   0   0  13   0   0   0   0   0   0   0   0  0.78 0.03
  254 S     0  -1   1   4  -2   0   2   0  -1  -3  -3   0  -2  -3  -1   2   0  -4  -3  -3    3   0   1  44   0   3   9   4   0   0   0   3   0   0   0  32   0   0   0   0  0.45 0.01
  255 G     0  -3  -1  -2  -3  -2  -2   6  -2  -4  -4  -2  -3  -3  -2   0  -2  -3  -3  -3    0   0   0   0   0   0   0  97   0   0   0   0   0   0   0   3   0   0   0   0  1.07 0.03
  256 K    -1   2   0  -1  -3   1   1  -2  -1  -3  -3   5  -2  -3  -1   0  -1  -3  -2  -3    0   0   0   0   0   2   0   0   0   0   0  98   0   0   0   0   0   0   0   0  0.61 0.03
  257 Y    -2  -2  -2  -4  -3  -2  -2  -3   2  -2  -1  -2  -1   3  -3  -2  -2   2   8  -2    0   0   0   0   0   0   0   0   0   0   0   0   0   0   0   0   0   0 100   0  1.04 0.04
  258 D    -2  -2   2   6  -4  -1   1  -2  -1  -4  -4  -1  -3  -4  -2   0  -1  -5  -3  -4    0   0   3  97   0   0   0   0   0   0   0   0   0   0   0   0   0   0   0   0  1.01 0.03
  259 L    -2  -2  -4  -4  -2  -2  -3  -4  -3   1   4  -3   2   0  -3  -3  -1  -2  -1   1    0   0   0   0   0   0   0   0   0   0 100   0   0   0   0   0   0   0   0   0  0.53 0.02
  260 D    -2  -2   1   6  -4  -1   1  -2  -1  -4  -4  -1  -3  -4  -2   0  -1  -5  -3  -4    0   0   0 100   0   0   0   0   0   0   0   0   0   0   0   0   0   0   0   0  1.04 0.03
  261 F    -3  -3  -3  -4  -3  -4  -4  -4  -2   0   0  -4   0   7  -4  -3  -2   1   3  -1    0   0   0   0   0   0   0   0   0   0   0   0   0 100   0   0   0   0   0   0  0.89 0.03
  262 K    -1   2   0  -1  -3   1   1  -2  -1  -3  -3   5  -2  -3  -1   0  -1  -3  -2  -3    0   0   0   0   0   0   0   0   0   0   0 100   0   0   0   0   0   0   0   0  0.62 0.03
  263 S     1  -1   0  -1   1   0   0  -1  -1  -3  -3   0  -2  -3  -1   5   1  -3  -2  -2    0   0   0   0   3   0   0   0   0   0   0   0   0   0   0  97   0   0   0   0  0.51 0.03
  264 P    -1  -2  -2  -2  -3  -2  -1  -2  -3  -3  -3  -1  -3  -4   8  -1  -1  -4  -3  -3    4   0   0   0   0   0   0   0   0   0   0   0   0   0  96   0   0   0   0   0  2.02 0.04
  265 D    -2  -2   2   6  -4  -1   1  -2  -1  -4  -4  -1  -3  -4  -2   0  -1  -5  -3  -4    0   0   5  95   0   0   0   0   0   0   0   0   0   0   0   0   0   0   0   0  0.99 0.03
  266 D    -2  -2   2   6  -4   0   1  -2  -1  -3  -4  -1  -3  -3  -2   0  -1  -4  -1  -3    0   0   4  91   0   0   1   0   0   0   0   0   0   0   0   0   0   0   3   0  0.91 0.03
  267 P     0  -2  -2  -2  -3  -2  -1  -2  -2  -3  -3  -1  -3  -4   8  -1  -1  -4  -3  -3    4   0   0   0   0   0   0   0   0   0   0   0   0   0  94   1   0   0   0   0  1.96 0.03
  268 S     1   0   2   1  -1   0   0   0  -1  -3  -3   0  -2  -3  -1   4   1  -3  -2  -2    0   3   8   4   0   0   0   4   0   0   0   6   0   0   0  75   0   0   0   0  0.39 0.02
  269 R    -2   6  -1  -2  -4   1   0  -3   0  -3  -3   2  -2  -3  -1  -1  -1  -3  -2  -3    0  99   0   0   0   0   0   0   0   0   0   0   0   0   1   0   0   0   0   0  0.84 0.03
  270 Y    -2  -2  -2  -3   1  -2  -2  -3   2  -2  -1  -2  -1   3  -3  -2  -2   2   7  -2    0   0   0   0   4   0   0   0   4   0   0   0   0   0   0   0   0   0  92   0  0.92 0.04
  271 I    -2  -3  -3  -3  -1  -3  -4  -4  -4   5   1  -3   1   0  -3  -2  -1  -3  -2   3    0   0   0   0   0   0   0   0   0  99   0   0   0   0   0   1   0   0   0   0  0.47 0.03
  272 S     0  -1   0  -1  -1  -1  -1  -1  -1  -1  -2  -1   0  -2   0   3   4  -3  -2  -1    0   0   1   0   0   0   0   0   0   0   0   0   3   0   2  46  47   0   0   1  0.38 0.02
  273 P     0  -2  -2  -2  -3  -1  -1  -1   0  -3  -3  -1  -3  -4   7   0  -1  -4  -3  -2    3   0   0   0   0   0   0   4   3   0   0   0   0   0  78  11   0   0   0   1  1.48 0.03
  274 D    -2  -2   1   6  -4   0   2  -2  -1  -3  -4  -1  -3  -4  -2   0  -1  -4  -3  -3    0   0   0  90   0   0   6   0   0   0   0   0   0   0   0   3   0   0   0   0  0.93 0.03
  275 Q    -1   1   0   0  -3   4   4  -2   0  -3  -3   2  -1  -3  -1   0  -1  -3  -2  -3    2   0   0   0   0  40  42   0   0   0   0  16   0   0   0   0   0   0   0   0  0.56 0.02
  276 L    -2  -2  -4  -4  -2  -2  -3  -4  -3   1   4  -3   2   0  -3  -3  -1  -2  -1   1    0   0   0   0   0   0   0   0   0   0 100   0   0   0   0   0   0   0   0   0  0.53 0.02
  277 A     4  -2  -2  -2  -1  -1  -1   2  -2  -2  -2  -1  -1  -3  -1   1   0  -3  -2  -1   82   0   0   0   0   0   0  16   0   0   0   0   0   0   0   1   0   0   0   0  0.43 0.02
  278 D    -2  -2   2   6  -4   0   2  -1  -1  -4  -4  -1  -3  -4  -2   0  -1  -4  -3  -3    0   0  11  83   0   0   6   0   0   0   0   0   0   0   0   0   0   0   0   0  0.88 0.03
  279 L    -2  -2  -4  -4  -1  -2  -3  -4  -3   2   4  -3   2   0  -3  -3  -1  -2  -1   1    0   0   0   0   0   0   0   0   0   5  93   0   0   0   0   0   0   0   0   1  0.49 0.02
  280 Y    -2  -2  -2  -4  -3  -2  -2  -3   2  -2  -1  -2  -1   3  -3  -2  -2   2   8  -2    0   0   0   0   0   0   0   0   0   0   0   0   0   0   0   0   0   0 100   0  1.04 0.04
  281 K    -1   2   0  -1  -3   2   1  -2  -1  -3  -2   5   0  -3  -1   0  -1  -3  -2  -2    0   6   0   0   0   5   0   0   0   0   0  84   5   0   0   0   0   0   0   0  0.51 0.02
  282 S     1  -1   1   0  -1   0   0   1  -1  -3  -3  -1  -2  -3  -1   4   1  -3  -2  -2    0   0   1   1   0   0   1  12   0   0   0   0   0   0   0  83   1   0   0   0  0.44 0.02
  283 F    -3  -3  -3  -4  -3  -4  -4  -4  -2   0   0  -4   0   7  -4  -3  -2   1   3  -1    0   0   0   0   0   0   0   0   0   0   0   0   0 100   0   0   0   0   0   0  0.89 0.03
  284 I    -1  -3  -3  -3  -1  -3  -3  -4  -3   4   1  -3   1  -1  -3  -2   0  -3  -1   4    1   0   0   0   0   0   0   0   0  42   0   0   2   0   0   0   0   0   0  55  0.38 0.02
  285 K    -1   3   0  -1  -1   2   1  -2  -1  -3  -2   4  -1  -3  -1   0   0  -3  -2  -2    0  12   1   0   2   9   2   0   0   0   0  68   0   0   0   1   2   0   0   3  0.44 0.02
  286 D    -2  -2   3   6  -4   0   1  -1  -1  -4  -4  -1  -3  -4  -2   0  -1  -4  -3  -3    0   0  20  77   0   1   0   3   0   0   0   0   0   0   0   0   0   0   0   0  0.81 0.02
  287 Y    -2  -2  -2  -4  -3  -2  -2  -3   2  -2  -1  -2  -1   3  -3  -2  -2   2   8  -2    0   0   0   0   0   0   0   0   0   0   0   0   0   0   0   0   0   0 100   0  1.04 0.04
  288 P    -1  -2  -2  -2  -3  -2  -1  -3  -2  -3  -3  -1  -3  -4   8  -1  -1  -4  -3  -3    0   1   0   0   0   0   0   0   0   0   0   0   0   0  99   0   0   0   0   0  2.09 0.04
  289 V     0  -3  -3  -4  -1  -3  -3  -4  -3   3   1  -3   1  -1  -3  -2   0  -3  -1   4    0   0   0   0   0   0   0   0   0   0   1   0   0   0   0   0   0   0   0  99  0.43 0.03
  290 V     0  -3  -3  -4  -1  -2  -3  -4  -3   3   1  -3   1  -1  -3  -2   0  -3  -1   4    0   0   0   0   0   0   0   0   0   0   0   0   1   0   0   0   0   0   0  99  0.43 0.03
  291 S     1  -1   0   0  -1   0   0  -1  -1  -3  -3   0  -2  -3  -1   5   1  -3  -2  -2    0   0   0   0   0   0   0   0   0   0   0   0   0   0   0 100   0   0   0   0  0.54 0.03
  292 I    -1  -3  -3  -3  -1  -3  -3  -4  -4   5   1  -3   1   0  -3  -2  -1  -3  -2   2    0   0   0   0   0   0   0   0   0  97   0   0   0   0   0   3   0   0   0   0  0.45 0.03
  293 E    -1   0   0   1  -4   2   5  -2   0  -4  -3   1  -2  -4  -1   0  -1  -3  -2  -3    0   0   0   0   0   0  95   0   0   0   0   5   0   0   0   0   0   0   0   0  0.79 0.03
  294 D    -2  -2   1   6  -4  -1   1  -2  -1  -4  -4  -1  -3  -4  -2   0  -1  -5  -3  -4    0   0   0 100   0   0   0   0   0   0   0   0   0   0   0   0   0   0   0   0  1.04 0.03
  295 P    -1  -2  -2  -2  -3  -2  -1  -3  -3  -3  -3  -1  -3  -4   8  -1  -1  -4  -3  -3    0   0   0   0   0   0   0   0   0   0   0   0   0   0 100   0   0   0   0   0  2.13 0.04
  296 F    -3  -3  -3  -4  -3  -4  -4  -4  -2   0   0  -4   0   7  -4  -3  -2   1   3  -1    0   0   0   0   0   0   0   0   0   0   0   0   0 100   0   0   0   0   0   0  0.89 0.03
  297 D    -2  -2   1   6  -4  -1   1  -2  -1  -4  -4  -1  -3  -4  -2   0  -1  -5  -3  -4    0   0   2  98   0   0   0   0   0   0   0   0   0   0   0   0   0   0   0   0  1.02 0.03
  298 Q    -1   1   0  -1  -3   6   2  -2   0  -3  -3   1  -1  -4  -2   0  -1  -2  -2  -3    0   0   0   0   0 100   0   0   0   0   0   0   0   0   0   0   0   0   0   0  0.79 0.04
  299 D    -2  -2   2   6  -4  -1   1  -2  -1  -4  -4  -1  -3  -4  -2   0  -1  -5  -3  -4    0   0   3  97   0   0   0   0   0   0   0   0   0   0   0   0   0   0   0   0  1.01 0.03
  300 D    -2  -2   1   6  -4  -1   1  -2  -1  -4  -4  -1  -3  -4  -2   0  -1  -5  -3  -4    0   0   0  99   0   0   0   0   1   0   0   0   0   0   0   0   0   0   0   0  1.02 0.03
  301 W    -3  -3  -4  -5  -3  -2  -3  -3  -3  -3  -2  -3  -2   1  -4  -3  -3  12   2  -3    0   0   0   0   0   0   0   0   0   0   0   0   0   0   0   0   0 100   0   0  2.59 0.06
  302 G     1  -1   0   2  -2   1   3   0  -1  -3  -3   0  -1  -3  -1   0   0  -3  -2  -2   23   0   0  16   0   3  43   5   0   0   0   1   2   0   1   3   3   0   0   0  0.34 0.01
  303 A     4  -2  -1  -2  -1  -1  -1   0  -2  -2  -2  -1  -1  -3  -1   1   0  -3  -2   0   94   0   3   0   0   0   0   1   0   0   0   0   0   0   0   0   2   0   0   0  0.44 0.03
  304 W    -3  -3  -4  -5  -3  -2  -3  -3  -3  -3  -2  -3  -2   1  -4  -3  -3  12   2  -3    0   0   0   0   0   0   0   0   0   0   0   0   0   0   0   0   0 100   0   0  2.59 0.06
  305 Q     1   1   0  -1  -2   2   0  -1  -1  -2  -2   2  -1  -3  -1   2   2  -3  -2  -1   14   3   0   0   0  18   0   0   0   0   0  16   0   0   0  22  26   0   0   0  0.26 0.01
  306 K    -1   1   3   1  -3   1   0  -1   0  -3  -3   4  -2  -3  -2   0  -1  -4  -2  -3    0   0  30   4   0   0   0   0   0   0   0  62   0   0   0   4   0   0   0   0  0.44 0.02
  307 F    -3  -3  -3  -4  -3  -4  -4  -4  -2   0   0  -3   0   7  -4  -3  -2   1   3  -1    0   0   0   0   0   0   0   0   0   0   3   0   0  97   0   0   0   0   0   0  0.85 0.03
  308 T     0  -1   0  -1  -1  -1  -1  -2  -2  -1  -1  -1   0  -2  -1   1   5  -3  -2   0    0   0   0   0   0   0   0   0   0   0   3   0   2   0   0   0  95   0   0   0  0.52 0.03
  309 A     3  -1   0  -1   0  -1   0   3  -2  -2  -2  -1  -2  -3  -1   1   0  -3  -2  -1   57   2   3   0   2   0   4  28   0   0   0   0   0   0   0   2   3   0   0   0  0.35 0.01
  310 S     1  -1   1   0  -1   0   0  -1  -1  -2  -3   0  -2  -3  -1   4   2  -3  -2  -2    1   0   3   1   0   2   3   0   0   0   0   1   0   0   0  72  17   0   0   0  0.40 0.02
  311 A     2  -2  -1  -2   0  -1  -1  -1  -2   0  -1  -1  -1  -2  -1   1   3  -3  -2   1   36   0   0   0   1   0   0   0   0   0   0   0   0   0   0   8  39   0   0  16  0.25 0.01
  312 G     0  -2   1   3  -3  -1   0   4  -2  -4  -4  -1  -3  -3  -2   1  -1  -3  -3  -3    1   0   2  26   0   2   6  52   0   0   0   0   0   0   0  11   0   0   0   0  0.55 0.01
  313 I    -2  -3  -4  -4  -1  -3  -4  -4  -4   5   2  -3   1   0  -3  -3  -1  -3  -2   3    0   0   0   0   0   0   0   0   0  97   2   0   0   0   0   0   0   0   0   1  0.47 0.03
  314 Q    -1   1   0  -1  -3   6   2  -2   0  -3  -3   1  -1  -4  -2   0  -1  -2  -2  -3    0   0   0   0   0 100   0   0   0   0   0   0   0   0   0   0   0   0   0   0  0.79 0.04
  315 V     0  -3  -3  -4  -1  -3  -3  -4  -3   3   1  -3   1  -1  -3  -2   0  -3  -1   4    0   0   0   0   0   0   0   0   0  12   0   0   0   0   0   0   0   0   0  88  0.41 0.02
  316 V     0  -3  -3  -3  -1  -2  -2  -3  -3   2   1  -2   1  -1  -3  -2   0  -3  -1   4    0   0   0   0   0   0   3   0   0   0   0   0   0   0   0   0   0   0   0  97  0.39 0.03
  317 G     0  -3  -1  -2  -3  -2  -2   6  -2  -4  -4  -2  -3  -3  -2   0  -2  -3  -3  -4    0   0   0   0   0   0   0 100   0   0   0   0   0   0   0   0   0   0   0   0  1.13 0.03
  318 D    -2  -2   1   6  -4  -1   1  -2  -1  -4  -4  -1  -3  -4  -2   0  -1  -5  -3  -4    0   0   0 100   0   0   0   0   0   0   0   0   0   0   0   0   0   0   0   0  1.04 0.03
  319 D    -2  -2   2   6  -4  -1   1  -2  -1  -4  -4  -1  -3  -4  -2   0  -1  -5  -3  -4    0   0   3  97   0   0   0   0   0   0   0   0   0   0   0   0   0   0   0   0  1.01 0.03
  320 L    -2  -2  -4  -4  -2  -2  -3  -4  -3   1   4  -3   2   0  -3  -3  -1  -2  -1   1    0   0   0   0   0   0   0   0   0   0 100   0   0   0   0   0   0   0   0   0  0.53 0.02
  321 T     0  -1   0  -1  -1  -1  -1  -2  -2  -1  -1  -1  -1  -2  -1   1   5  -3  -2   0    0   0   0   0   0   0   0   0   0   0   0   0   0   0   0   0 100   0   0   0  0.58 0.03
  322 V     0  -3  -3  -4  -1  -3  -3  -4  -4   3   1  -3   1  -1  -3  -2   0  -3  -1   5    0   0   0   0   0   0   0   0   0   0   0   0   0   0   0   0   0   0   0 100  0.43 0.03
  323 T     0  -1   0  -1  -1  -1  -1  -2  -2  -1  -2  -1  -1  -2   0   1   5  -3  -2   0    0   0   0   0   0   0   0   0   0   0   0   0   0   0   3   0  97   0   0   0  0.55 0.03
  324 N    -2  -1   6   1  -3   0  -1  -1   0  -4  -4   0  -2  -3  -2   0   0  -4  -2  -3    0   0  98   0   0   0   0   0   0   0   0   0   0   0   0   0   2   0   0   0  0.83 0.03
  325 P    -1  -2  -2  -2  -3  -2  -1  -3  -3  -3  -3  -1  -3  -4   8  -1  -1  -4  -3  -3    0   0   0   0   0   0   0   0   0   0   0   0   0   0 100   0   0   0   0   0  2.13 0.04
  326 K    -1   2   1  -1  -3   1   0  -2  -1  -3  -3   5  -2  -3  -1   0   0  -3  -2  -2    0   0   9   0   0   0   0   0   0   0   0  82   0   0   0   4   5   0   0   0  0.47 0.02
  327 R    -2   6  -1  -2  -4   1   0  -3  -1  -3  -2   2  -2  -3  -2  -1  -1   3  -2  -3    0  92   0   0   0   0   0   0   0   0   0   0   0   0   0   0   2   6   0   0  0.77 0.03
  328 I    -2  -3  -3  -3  -1  -3  -4  -4  -4   5   1  -3   1   0  -3  -3  -1  -3  -2   3    0   0   0   0   0   0   0   0   0  98   0   0   0   0   0   0   2   0   0   0  0.47 0.03
  329 A     3  -1  -1  -1   1   0   1   0  -1  -2  -2   0  -1  -3  -1   2   1  -3  -2  -1   47   1   0   0   3   4  10   1   0   0   0   0   0   0   0  27   4   0   0   3  0.26 0.01
  330 K    -1   2   0  -1  -3   2   1  -2  -1  -3  -3   5  -2  -3  -1   0  -1  -3  -2  -3    0   4   0   1   0   4   0   0   0   0   0  89   0   0   0   0   2   0   0   0  0.55 0.03
  331 A     4  -2  -2  -2  -1  -1  -1   1  -2  -2  -2  -1  -1  -3  -1   1   0  -3  -2  -1   90   0   0   0   0   0   0   7   0   0   0   0   0   0   0   3   0   0   0   0  0.43 0.02
  332 V     0  -3  -3  -3  -1  -2  -2  -3  -3   2   1  -2   1  -1  -3  -2   0  -3  -1   4    3   0   0   0   0   0   1   0   0   2   0   0   2   0   0   0   0   0   0  91  0.37 0.02
  333 N     0  -1   1   2  -3   1   3   2  -1  -3  -3   0  -2  -3  -1   1   0  -3  -2  -2    9   0   8  10   0   4  38  18   0   0   0   0   0   0   0  10   1   0   0   1  0.34 0.01
  334 E    -1   0   0   2  -4   2   5  -2   0  -3  -3   2  -2  -3  -1   0  -1  -3  -2  -2    0   0   2   8   0   7  69   0   0   0   0  11   0   0   0   1   0   0   0   3  0.57 0.02
  335 K    -1   2   0  -1  -3   1   1  -2  -1  -3  -3   5  -2  -3  -1   0  -1  -3  -2  -3    0   1   3   0   0   0   2   0   0   0   0  92   0   0   0   2   0   0   0   0  0.56 0.03
  336 S     3  -1  -1  -1  -1  -1  -1   0  -2  -2  -2  -1  -1  -3  -1   3   1  -3  -2  -1   59   0   0   0   0   0   0   0   0   0   0   0   0   0   0  39   1   0   0   0  0.38 0.02
  337 C    -1  -4  -3  -4   9  -3  -4  -2  -3  -2  -2  -3  -2  -3  -3  -1  -1  -3  -3  -1    0   0   0   0  98   0   0   2   0   0   0   0   0   0   0   0   0   0   0   0  1.40 0.04
  338 N    -2  -1   6   1  -3   0  -1  -1   0  -4  -4   0  -3  -3  -2   0   0  -4  -2  -3    0   0 100   0   0   0   0   0   0   0   0   0   0   0   0   0   0   0   0   0  0.86 0.04
  339 C    -1  -4  -3  -4  10  -3  -4  -3  -3  -2  -2  -4  -2  -3  -3  -1  -1  -3  -3  -1    0   0   0   0 100   0   0   0   0   0   0   0   0   0   0   0   0   0   0   0  1.46 0.04
  340 L    -2  -2  -4  -4  -2  -2  -3  -4  -3   1   4  -3   2   0  -3  -3  -1  -2  -1   1    0   0   0   0   0   0   0   0   0   0 100   0   0   0   0   0   0   0   0   0  0.53 0.02
  341 L    -2  -2  -4  -4  -2  -2  -3  -4  -3   1   4  -3   2   0  -3  -3  -1  -2  -1   1    0   0   0   0   0   0   0   0   0   0 100   0   0   0   0   0   0   0   0   0  0.53 0.02
  342 L    -2  -2  -4  -4  -2  -2  -3  -4  -3   1   4  -3   2   0  -3  -3  -1  -2  -1   1    0   0   0   0   0   0   0   0   0   0 100   0   0   0   0   0   0   0   0   0  0.53 0.02
  343 K    -1   2   0  -1  -3   1   1  -2  -1  -3  -3   5  -2  -3  -1   0  -1  -3  -2  -3    0   0   0   0   0   0   0   0   0   0   0 100   0   0   0   0   0   0   0   0  0.62 0.03
  344 V     0  -3  -3  -4  -1  -3  -3  -4  -4   3   1  -3   1  -1  -3  -2   0  -3  -1   5    0   0   0   0   0   0   0   0   0   0   0   0   0   0   0   0   0   0   0 100  0.43 0.03
  345 N    -2  -1   6   1  -3   0   0  -1   1  -4  -4   0  -2  -3  -2   0   0  -4  -2  -3    0   0  98   0   0   0   0   0   2   0   0   0   0   0   0   0   0   0   0   0  0.84 0.03
  346 Q    -1   1   0  -1  -3   6   2  -2   0  -3  -3   1  -1  -4  -2   0  -1  -2  -2  -3    0   0   0   0   0 100   0   0   0   0   0   0   0   0   0   0   0   0   0   0  0.79 0.04
  347 I    -2  -3  -2  -3  -2  -3  -3  -4  -3   5   1  -3   1   0  -3  -3  -1  -3  -2   3    0   0   2   0   0   0   0   0   0  98   0   0   0   0   0   0   0   0   0   0  0.45 0.03
  348 G     0  -3  -1  -2  -3  -2  -2   6  -2  -4  -4  -2  -3  -3  -2   0  -2  -3  -3  -4    0   0   0   0   0   0   0 100   0   0   0   0   0   0   0   0   0   0   0   0  1.13 0.03
  349 S     1  -1   0  -1  -1   0  -1  -1  -1  -2  -2  -1  -1  -3  -1   4   3  -3  -2  -1    0   0   0   0   0   0   0   0   0   0   0   0   0   0   0  67  33   0   0   0  0.44 0.02
  350 V     0  -3  -3  -3  -1  -2  -3  -3  -3   2   1  -2   1  -1  -3  -2   0  -3  -1   4    3   0   0   0   0   0   0   0   0   0   0   0   2   0   0   0   0   0   0  95  0.40 0.03
  351 T     0  -1   0  -1  -1  -1  -1  -2  -2  -1  -1  -1  -1  -2  -1   1   5  -3  -2   0    0   0   0   0   0   0   0   0   0   0   0   0   0   0   0   1  99   0   0   0  0.57 0.03
  352 E    -1   0   0   1  -4   2   6  -2   0  -4  -3   1  -2  -4  -1   0  -1  -3  -2  -3    0   0   0   0   0   0 100   0   0   0   0   0   0   0   0   0   0   0   0   0  0.83 0.03
  353 S     1  -1   0  -1  -1   0   0   0  -1  -3  -3   0  -2  -3  -1   5   1  -3  -2  -2    3   0   0   0   0   0   0   0   0   0   0   0   0   0   0  97   0   0   0   0  0.52 0.03
  354 L    -2  -2  -3  -4  -1  -2  -3  -4  -3   2   4  -3   3   0  -3  -3  -1  -2  -1   1    0   0   0   0   0   0   0   0   0  13  71   0  14   0   0   0   0   0   0   1  0.41 0.02
  355 Q    -1   2   0  -1  -3   6   2  -2   0  -3  -2   2  -1  -4  -2   0  -1  -2  -2  -3    1   8   0   0   0  81   3   0   0   0   0   6   0   0   0   0   0   0   0   0  0.65 0.03
  356 A     4  -2  -2  -2  -1  -1  -1   0  -2  -1  -2  -1  -1  -2  -1   1   0  -3  -2   0   95   0   0   0   0   0   0   2   0   0   0   0   0   0   0   0   0   0   0   3  0.44 0.03
  357 C    -1  -4  -3  -4  10  -3  -4  -3  -3  -2  -2  -4  -2  -3  -3  -1  -1  -3  -3  -1    0   0   0   0 100   0   0   0   0   0   0   0   0   0   0   0   0   0   0   0  1.46 0.04
  358 K    -1   2   0  -1  -3   1   1  -2  -1  -3  -3   5  -2  -3  -1   0  -1  -3  -2  -3    0   0   2   0   0   0   0   0   0   0   0  98   0   0   0   0   0   0   0   0  0.60 0.03
  359 L    -1  -2  -3  -4  -2  -1  -3  -4  -2   1   4  -1   4   0  -3  -2  -1  -2  -1   1    0   0   0   0   0   0   0   0   0   0  61   3  36   0   0   0   0   0   0   0  0.39 0.02
  360 A     5  -2  -2  -2  -1  -1  -1   0  -2  -2  -2  -1  -1  -3  -1   1   0  -3  -2   0  100   0   0   0   0   0   0   0   0   0   0   0   0   0   0   0   0   0   0   0  0.48 0.03
  361 Q    -1   1   0  -1  -3   6   2  -2   1  -3  -3   1  -1  -4  -2   0  -1  -2  -2  -3    0   0   0   0   0  98   0   0   2   0   0   0   0   0   0   0   0   0   0   0  0.77 0.04
  362 A     1  -1   0   0   0   0   2  -1  -1  -2  -2   0  -2  -2  -1   3   1  -3  -2  -2    7   0   0   1   3   0  20   0   0   0   0   0   0   2   0  61   6   0   0   0  0.33 0.02
  363 N    -1  -1   5   1  -2   0   0  -1   0  -3  -3   0  -2  -3  -2   2   0  -4  -2  -3    0   0  69   0   0   0   0   0   0   2   0   0   0   0   0  29   0   0   0   0  0.57 0.02
  364 G     0  -3  -1  -2  -3  -2  -2   6  -2  -4  -4  -2  -3  -3  -2   0  -2  -3  -3  -3    0   0   0   0   0   0   0  99   0   0   0   0   0   0   0   1   0   0   0   0  1.10 0.03
  365 W    -3  -3  -4  -5  -3  -2  -3  -3  -3  -3  -2  -3  -2   1  -4  -3  -3  12   2  -3    0   0   0   0   0   0   0   0   0   0   0   0   0   0   0   0   0 100   0   0  2.59 0.06
  366 G     0  -3  -1  -2  -3  -2  -2   6  -2  -4  -4  -2  -3  -3  -2   0  -2  -3  -3  -4    0   0   0   0   0   0   0 100   0   0   0   0   0   0   0   0   0   0   0   0  1.13 0.03
  367 V     0  -3  -3  -4  -1  -3  -3  -4  -3   3   1  -3   1   0  -3  -2   0  -3  -1   4    0   0   0   0   0   0   0   0   0   0   0   0   0   3   0   0   0   0   0  97  0.41 0.03
  368 M    -1  -2  -3  -4  -2  -1  -2  -3  -2   1   2  -2   7   0  -3  -2  -1  -2  -1   0    0   0   0   0   0   0   0   0   0   0   0   0 100   0   0   0   0   0   0   0  0.56 0.04
  369 V     0  -3  -3  -4  -1  -3  -3  -4  -4   3   1  -3   1  -1  -3  -2   0  -3  -1   5    0   0   0   0   0   0   0   0   0   0   0   0   0   0   0   0   0   0   0 100  0.43 0.03
  370 S     1  -1   0   0  -1   0   0  -1  -1  -3  -3   0  -2  -3  -1   5   1  -3  -2  -2    0   0   0   0   0   0   0   0   0   0   0   0   0   0   0 100   0   0   0   0  0.54 0.03
  371 H    -2  -1   0  -1  -3   0   0  -2   9  -4  -3  -1  -2  -2  -3  -1  -2  -3   2  -4    0   0   0   0   0   0   0   0 100   0   0   0   0   0   0   0   0   0   0   0  1.09 0.04
  372 R    -2   6  -1  -2  -4   1   0  -3   0  -3  -3   2  -2  -3  -2  -1  -1  -3  -2  -3    0 100   0   0   0   0   0   0   0   0   0   0   0   0   0   0   0   0   0   0  0.87 0.03
  373 S     1  -1   0   0  -1   0   0  -1  -1  -3  -3   0  -2  -3  -1   5   1  -3  -2  -2    0   0   0   0   0   0   0   0   0   0   0   0   0   0   0 100   0   0   0   0  0.54 0.03
  374 G     0  -1  -1  -2  -3  -2  -2   6  -2  -4  -4  -2  -3  -3  -2   0  -2  -3  -3  -3    0   3   0   0   0   0   0  97   0   0   0   0   0   0   0   0   0   0   0   0  1.06 0.03
  375 E    -1   0   0   1  -4   2   6  -2   0  -4  -3   1  -2  -4  -1   0  -1  -3  -2  -3    0   0   0   0   0   0 100   0   0   0   0   0   0   0   0   0   0   0   0   0  0.83 0.03
  376 T     0  -1   0  -1  -1  -1  -1  -2  -2  -1  -1  -1  -1  -2  -1   1   5  -3  -2   0    0   0   0   0   0   0   0   0   0   0   0   0   0   0   0   0 100   0   0   0  0.58 0.03
  377 E    -1   0   0   2  -4   2   5  -2   0  -3  -3   1  -2  -4  -1   0   0  -3  -2  -3    0   0   0   2   0   0  95   0   0   0   0   0   0   0   0   0   3   0   0   0  0.77 0.03
  378 D    -2  -2   1   6  -4  -1   1  -1  -1  -4  -4  -1  -3  -4  -2   0  -1  -5  -3  -4    0   0   0  97   0   0   0   3   0   0   0   0   0   0   0   0   0   0   0   0  0.99 0.03
  379 T     0  -1   0  -1  -1  -1  -1  -2  -2  -1  -1  -1  -1  -2  -1   1   5  -3  -2   0    3   0   0   0   0   0   0   0   0   0   0   0   0   0   0   0  97   0   0   0  0.55 0.03
  380 F    -3  -3  -3  -4  -3  -4  -4  -4  -2   0   0  -3   0   7  -4  -3  -2   1   3  -1    0   0   0   0   0   0   0   0   0   0   2   0   0  98   0   0   0   0   0   0  0.87 0.03
  381 I    -2  -3  -4  -4  -1  -3  -4  -4  -4   5   1  -3   1   0  -3  -3  -1  -3  -2   3    0   0   0   0   0   0   0   0   0 100   0   0   0   0   0   0   0   0   0   0  0.49 0.03
  382 A     4  -2  -2  -2  -1  -1  -1   0  -2  -2  -2  -1  -1  -3  -1   1   0  -3  -2   0   95   0   0   0   0   0   0   0   0   0   0   0   0   0   0   2   3   0   0   0  0.45 0.03
  383 D    -2  -2   1   6  -4   0   2  -2  -1  -4  -4  -1  -3  -4  -2   0  -1  -5  -3  -4    0   0   0  98   0   0   2   0   0   0   0   0   0   0   0   0   0   0   0   0  1.02 0.03
  384 L    -2  -2  -4  -4  -2  -2  -3  -4  -3   1   4  -3   2   0  -3  -3  -1  -2  -1   1    0   0   0   0   0   0   0   0   0   0 100   0   0   0   0   0   0   0   0   0  0.53 0.02
  385 V     0  -3  -3  -4  -1  -3  -3  -4  -4   3   1  -3   1  -1  -3  -2   0  -3  -1   5    0   0   0   0   0   0   0   0   0   0   0   0   0   0   0   0   0   0   0 100  0.43 0.03
  386 V     0  -3  -3  -3  -1  -2  -3  -3  -3   3   1  -3   1  -1  -3  -2   0  -3  -1   4    2   0   0   0   0   0   0   0   0   0   0   0   0   0   0   0   0   0   0  98  0.42 0.03
  387 G     0  -3  -1  -2  -3  -2  -2   6  -2  -4  -4  -2  -3  -3  -2   0  -2  -3  -3  -4    0   0   0   0   0   0   0 100   0   0   0   0   0   0   0   0   0   0   0   0  1.13 0.03
  388 L    -2  -2  -4  -4  -2  -2  -3  -4  -3   1   4  -3   2   0  -3  -3  -1  -2  -1   1    0   0   0   0   0   0   0   0   0   0 100   0   0   0   0   0   0   0   0   0  0.53 0.02
  389 C    -1  -2  -3  -4   9  -3  -4  -3  -3  -2  -2  -3  -2  -3  -3  -1  -1  -3  -3  -1    0   3   0   0  97   0   0   0   0   0   0   0   0   0   0   0   0   0   0   0  1.39 0.04
  390 T     0  -1   0  -1  -1  -1  -1  -2  -2  -1  -1  -1  -1  -2  -1   1   5  -3  -2   0    1   0   0   0   0   0   0   0   0   0   0   0   0   0   0   2  97   0   0   0  0.56 0.03
  391 G     0  -3  -1  -2  -3  -2  -2   6  -2  -4  -4  -2  -3  -3  -2   0  -2  -3  -3  -4    0   0   0   0   0   0   0 100   0   0   0   0   0   0   0   0   0   0   0   0  1.13 0.03
  392 Q    -1   1   0  -1  -3   6   2  -2   0  -3  -3   1  -1  -4  -2   0  -1  -2  -2  -3    0   0   0   0   0 100   0   0   0   0   0   0   0   0   0   0   0   0   0   0  0.79 0.04
  393 I    -2  -3  -4  -4  -1  -3  -4  -4  -4   5   1  -3   1   0  -3  -3  -1  -3  -2   3    0   0   0   0   0   0   0   0   0 100   0   0   0   0   0   0   0   0   0   0  0.49 0.03
  394 K    -1   2   0  -1  -3   1   1  -2  -1  -3  -3   5  -2  -3  -1   0  -1  -3  -2  -3    0   0   0   0   0   0   0   0   0   0   0 100   0   0   0   0   0   0   0   0  0.62 0.03
  395 T     0  -1   0  -1  -1  -1  -1  -2  -2  -1  -1  -1   0  -2  -1   1   5  -3  -2   0    0   0   2   0   0   0   0   0   0   0   0   0   3   0   0   0  95   0   0   0  0.53 0.03
  396 G     0  -3  -1  -2  -3  -2  -2   6  -2  -4  -4  -2  -3  -3  -2   0  -2  -3  -3  -4    0   0   0   0   0   0   0 100   0   0   0   0   0   0   0   0   0   0   0   0  1.13 0.03
  397 A     4  -2  -2  -2  -1  -1  -1   0  -2  -1  -2  -1  -1  -3   0   1   0  -3  -2   0   95   0   0   0   0   0   0   0   0   0   0   0   0   0   2   0   0   0   0   2  0.45 0.03
  398 P    -1  -2  -2  -2  -3  -2  -1  -3  -3  -3  -3  -1  -3  -4   8  -1  -1  -4  -3  -3    0   0   0   0   0   0   0   0   0   0   2   0   0   0  98   0   0   0   0   0  2.04 0.04
  399 C    -1  -4  -3  -4  10  -3  -4  -3  -3  -2  -2  -4  -2  -3  -3  -1  -1  -3  -3  -1    0   0   0   0 100   0   0   0   0   0   0   0   0   0   0   0   0   0   0   0  1.46 0.04
  400 R    -2   6  -1  -2  -4   1   0  -3   0  -3  -2   2  -2  -3  -2  -1  -1  -3  -2  -3    0  97   0   0   0   3   0   0   0   0   0   0   0   0   0   0   0   0   0   0  0.84 0.03
  401 S     1  -1   0   0  -1   0   0  -1  -1  -3  -3   0  -2  -3  -1   5   1  -3  -2  -2    0   0   0   0   0   0   0   0   0   0   0   0   0   0   0  98   2   0   0   0  0.53 0.03
  402 E    -1   0   0   1  -4   2   6  -2   0  -4  -3   1  -2  -4  -1   0  -1  -3  -2  -3    0   0   0   0   0   0 100   0   0   0   0   0   0   0   0   0   0   0   0   0  0.83 0.03
  403 R    -2   6  -1  -2  -4   1   0  -3   0  -3  -3   2  -2  -3  -2  -1  -1  -3  -2  -3    0  98   0   0   0   0   0   0   2   0   0   0   0   0   0   0   0   0   0   0  0.84 0.03
  404 L    -2  -2  -4  -4  -2  -2  -3  -4  -3   1   4  -3   2   0  -3  -3  -1  -2  -1   1    0   0   0   0   0   0   0   0   0   0 100   0   0   0   0   0   0   0   0   0  0.53 0.02
  405 A     4  -2  -2  -2  -1  -1  -1   0  -2  -1  -2  -1  -1  -2  -1   1   0  -3  -2   0   97   0   0   0   0   0   0   0   0   0   0   0   0   0   0   0   0   0   0   3  0.45 0.03
  406 K    -1   2   0  -1  -3   1   1  -2  -1  -3  -3   5  -2  -3  -1   0  -1  -3  -2  -3    0   0   0   0   0   0   0   0   0   0   0 100   0   0   0   0   0   0   0   0  0.62 0.03
  407 Y    -2  -2  -2  -4  -3  -2  -2  -3   2  -2  -1  -2  -1   3  -3  -2  -2   2   8  -2    0   0   0   0   0   0   0   0   0   0   0   0   0   0   0   0   0   0 100   0  1.04 0.04
  408 N    -2  -1   6   1  -3   0   0  -1   0  -4  -4   0  -2  -3  -2   1   0  -4  -2  -3    0   0  95   0   0   0   0   0   0   0   0   0   0   0   0   5   0   0   0   0  0.80 0.03
  409 Q    -1   1   0  -1  -3   6   2  -2   0  -3  -3   1  -1  -4  -2   0  -1  -2  -2  -3    0   0   0   0   0 100   0   0   0   0   0   0   0   0   0   0   0   0   0   0  0.79 0.04
  410 L    -2  -3  -4  -4  -1  -3  -3  -4  -3   4   3  -3   1   0  -3  -3  -1  -2  -1   2    0   0   0   0   0   0   0   0   0  62  38   0   0   0   0   0   0   0   0   0  0.40 0.02
  411 L    -2  -2  -4  -4  -2  -2  -3  -4  -3   1   4  -3   3   0  -3  -3  -1  -2  -1   1    0   0   0   0   0   0   0   0   0   0  91   0   9   0   0   0   0   0   0   0  0.49 0.02
  412 R    -2   6  -1  -2  -4   1   0  -3   0  -3  -3   2  -2  -3  -2  -1  -1  -3  -2  -3    0  99   0   0   0   0   0   0   0   0   0   0   0   0   0   1   0   0   0   0  0.85 0.03
  413 I    -2  -3  -4  -4  -1  -3  -4  -4  -4   5   1  -3   1   0  -3  -3  -1  -3  -2   3    0   0   0   0   0   0   0   0   0 100   0   0   0   0   0   0   0   0   0   0  0.49 0.03
  414 E    -1   0   0   1  -4   2   6  -2   0  -4  -3   1  -2  -4  -1   0  -1  -3  -2  -3    0   0   0   0   0   0 100   0   0   0   0   0   0   0   0   0   0   0   0   0  0.83 0.03
  415 E    -1   0   0   1  -4   2   6  -2   0  -4  -3   1  -2  -4  -1   0  -1  -3  -2  -3    0   0   0   0   0   0 100   0   0   0   0   0   0   0   0   0   0   0   0   0  0.83 0.03
  416 E    -1   0   0   2  -4   2   6  -2   0  -4  -3   1  -2  -4  -1   0  -1  -3  -2  -3    0   0   0   1   0   0  97   0   0   0   0   1   0   0   0   0   0   0   0   0  0.81 0.03
  417 L    -2  -2  -4  -4  -2  -2  -3  -4  -3   1   4  -3   2   0  -3  -3  -1  -2  -1   1    0   0   0   0   0   0   0   0   0   0 100   0   0   0   0   0   0   0   0   0  0.52 0.02
  418 G     0  -3  -1  -2  -3  -2  -2   6  -2  -4  -4  -2  -3  -3  -2   0  -2  -3  -3  -4    0   0   0   0   0   0   0 100   0   0   0   0   0   0   0   0   0   0   0   0  1.13 0.03
  419 S     0  -1   1   4  -1   0   1   0  -1  -3  -3  -1  -2  -3  -1   3   0  -4  -3  -2    4   1   0  41   1   2   2   5   0   0   0   0   0   0   1  43   0   0   0   0  0.41 0.02
  420 K    -1   2   0  -1  -3   2   1  -1  -1  -3  -3   5  -1  -3  -1   0  -1  -3  -2  -2    1   0   0   0   0   5   5   2   0   0   0  84   2   0   0   0   0   0   0   0  0.50 0.03
  421 A     4  -2  -2  -1  -1  -1  -1   0  -2  -2  -2  -1  -1  -3  -1   1   0  -3  -2   0   97   0   0   3   0   0   0   0   0   0   0   0   0   0   0   0   0   0   0   0  0.45 0.03
  422 K    -1   4  -1  -1   0   1   0  -2   1  -2  -2   3  -1  -2  -2  -1  -1  -3  -1  -2    0  44   0   0   3   3   0   0   6   0   1  38   0   1   0   0   0   0   0   4  0.43 0.02
  423 F    -3  -3  -3  -4  -3  -4  -4  -4  -1   0   0  -3   0   7  -4  -3  -2   1   3  -1    0   0   0   0   0   0   0   0   0   0   0   0   0  99   0   0   0   0   1   0  0.89 0.03
  424 A     4  -2  -2  -2  -1  -1  -1   0  -2  -2  -2  -1  -1  -3  -1   1   0  -3  -2   0   97   0   0   0   0   0   0   0   0   0   0   0   0   0   0   0   3   0   0   0  0.47 0.03
  425 G     0  -3  -1  -2  -3  -2  -2   6  -2  -4  -4  -2  -3  -3  -2   0  -2  -3  -3  -3    0   0   0   0   0   0   0  97   0   0   0   0   0   0   0   3   0   0   0   0  1.09 0.03
  426 R    -1   5   0  -1  -4   2   0  -2   1  -3  -3   4  -2  -3  -2  -1  -1  -3  -2  -3    0  47   0   0   0   6   0   0   5   0   0  42   0   0   0   0   0   0   0   0  0.55 0.02
  427 N    -1   0   5   1  -1   0   0  -1   1  -3  -3   1  -2  -3  -2   1   0  -4  -2  -3    0   0  72   2   1   0   0   0   2   0   0  12   0   0   0  12   0   0   0   0  0.56 0.02
  428 F    -3  -3  -3  -4  -3  -4  -4  -4  -2   0   0  -4   0   7  -4  -3  -2   1   3  -1    0   0   0   0   0   0   0   0   0   0   0   0   0 100   0   0   0   0   0   0  0.90 0.04
  429 R    -2   6  -1  -2  -4   1   0  -3   0  -3  -3   2  -2  -3  -2  -1  -1  -3  -2  -3    0 100   0   0   0   0   0   0   0   0   0   0   0   0   0   0   0   0   0   0  0.87 0.03
  430 N    -2   0   5   1  -3   0   0  -1   2  -3  -3   2  -2  -3  -2   0   0  -4  -2  -3    0   2  72   0   0   1   0   0   5   0   0  20   0   0   0   0   0   0   0   0  0.58 0.03
  431 P    -1  -2  -2  -2  -3  -2  -1  -2  -3  -3  -3  -1  -3  -4   8  -1  -1  -4  -3  -3    0   0   0   0   0   0   0   0   0   0   0   0   0   0  98   2   0   0   0   0  2.08 0.04
  432 L    -1  -1  -3  -3  -2  -1  -2  -4  -1   2   4  -1   2   0  -3  -2  -1  -2  -1   1    0   3   0   0   0   1   0   0   2   9  70   3   0   2   0   2   0   0   0   7  0.29 0.01
  433 A     3  -2   0  -2   1  -1  -1  -1  -2   0  -1  -1   0  -2  -1   1   1  -3  -2   1   67   0   5   0   3   0   0   0   0   0   0   0   3   0   0   0   7   0   0  15  0.24 0.01
  434 K    -1   2   0  -1  -3   3   1  -2  -1  -3  -3   5  -1  -3  -1   0  -1  -3  -2  -2    0   0   0   0   0  16   4   0   0   0   0  80   0   0   0   0   0   0   0   0  0.51 0.01

                      K         Lambda
Standard Ungapped    0.1341     0.3159
Standard Gapped      0.0459     0.2670
PSI Ungapped         0.1498     0.3164
PSI Gapped           0.0459     0.2670
