
Last position-specific scoring matrix computed, weighted observed percentages rounded down, information per position, and relative weight of gapless real matches to pseudocounts
            A   R   N   D   C   Q   E   G   H   I   L   K   M   F   P   S   T   W   Y   V   A   R   N   D   C   Q   E   G   H   I   L   K   M   F   P   S   T   W   Y   V
    1 M    -2  -3  -3  -4  -3  -2  -3  -4  -3   0   1  -3   9  -1  -4  -3  -2  -3  -2   0    0   0   0   0   0   0   0   0   0   0   0   0 100   0   0   0   0   0   0   0  1.45 0.23
    2 G     0  -3  -1  -2  -3  -3  -3   6  -3  -5  -4  -2  -3  -4  -1   0  -2  -3  -4  -4    3   0   0   0   0   0   0  90   0   0   0   0   0   0   3   4   0   0   0   0  1.26 0.14
    3 V     3  -3  -3  -3   0  -2  -2  -2  -3   2   1  -2   0  -2  -1  -1  -1  -3  -2   3   34   0   0   0   2   0   0   0   0   9   9   0   0   0   1   0   0   0   0  44  0.32 0.09
    4 E    -1  -1  -1  -2  -2   3   0  -3  -2   0   2   0   1  -1  -1   0   2  -3  -2  -1    1   0   0   0   0  21   3   0   0   2  34   7   1   1   3   4  21   0   0   0  0.19 0.07
    5 Q    -1  -2   0   6  -4   0   2  -2  -2  -4  -4  -1  -3  -4  -2   1  -1  -4  -3  -3    5   0   1  62   0   3  15   0   0   0   0   1   0   0   0  12   0   0   0   0  0.81 0.12
    6 I    -1  -2  -2  -1  -2  -1  -1  -4  -2   3   0  -1   0   0  -3  -2  -1  -3  -2   4    0   1   1   4   0   2   2   0   1  16   0   6   0   3   0   0   0   0   0  64  0.38 0.10
    7 L    -2  -3  -4  -4  -2  -3  -4  -4  -4   1   5  -3   1   0  -4  -3  -2  -3  -2   2    0   0   0   0   0   0   0   0   0   2  83   0   0   0   0   0   0   0   0  15  0.70 0.12
    8 K     0  -1   1  -1  -2   0   0  -1  -2  -3  -3   2  -2  -3   3   4   1  -4  -3  -2    0   0   5   0   0   0   2   2   0   0   0  20   0   0  14  50   6   0   0   0  0.48 0.10
    9 R    -2   6  -1  -2  -3   0  -1  -2  -1  -2  -1   1  -1  -2  -2  -1  -1  -2  -2  -2    1  69   1   1   0   2   1   2   0   1   8   2   0   1   1   1   3   0   1   3  0.64 0.10
   10 K    -1   1  -1  -1  -3   1   0  -2  -1  -3  -3   6  -2  -3   0  -1  -1  -3  -2  -3    1   1   1   1   0   2   1   1   0   1   1  83   1   1   3   1   1   0   0   1  0.75 0.13
   11 T     2  -1  -1  -1  -2  -1   0  -1  -2  -2  -2   0  -2  -3   1   3   3  -3  -2  -1   16   0   0   0   0   1   4   0   0   0   0   2   0   0   7  40  28   0   0   2  0.41 0.09
   12 G    -1  -3  -1  -2  -4  -3  -3   7  -3  -5  -5  -3  -4  -4  -3  -1  -3  -4  -4  -4    0   0   0   0   0   0   0 100   0   0   0   0   0   0   0   0   0   0   0   0  1.55 0.17
   13 V    -1  -4  -4  -4  -2  -3  -4  -4  -4   2   0  -3   0  -2  -3  -3  -1  -4  -2   6    0   0   0   0   0   0   0   0   0   0   0   0   0   0   0   0   0   0   0 100  0.93 0.18
   14 I    -2  -4  -4  -4  -2  -4  -4  -5  -4   6   2  -4   0  -1  -4  -3  -2  -3  -2   2    0   0   0   0   0   0   0   0   0  84  13   0   0   0   0   0   0   0   0   3  0.81 0.15
   15 V    -1  -3  -3  -3  -2  -2  -3  -4  -2   1  -1  -3  -1   0  -3  -1   2  -2   3   4    0   0   0   0   0   0   0   0   0   0   0   0   0   0   0   1  21   0  19  59  0.47 0.12
   16 G    -1  -3  -1  -2  -4  -3  -3   7  -3  -5  -5  -3  -4  -4  -3  -1  -3  -4  -4  -4    0   0   0   0   0   0   0 100   0   0   0   0   0   0   0   0   0   0   0   0  1.55 0.17
   17 E    -3  -2   0   7  -5  -1   2  -2  -2  -4  -5  -1  -4  -5  -3  -1  -2  -5  -4  -4    0   0   0  91   0   1   7   0   0   0   0   1   0   0   0   0   0   0   0   0  1.38 0.18
   18 D    -3  -2   3   7  -4  -1   1  -2  -2  -4  -5  -2  -4  -5  -3  -1  -2  -5  -4  -4    0   0  13  86   0   0   0   0   0   0   0   0   0   0   0   0   0   0   0   0  1.32 0.17
   19 V    -1  -4  -4  -4  -2  -3  -3  -4  -4   2   0  -3   0  -2  -3  -3  -1  -4  -2   6    0   0   0   0   0   0   0   0   0   1   0   0   0   0   0   0   1   0   0  98  0.88 0.17
   20 H    -2   3  -2  -3  -3  -1  -2  -3   0   0   3   1   1  -1  -3  -2  -1  -3  -1  -1    0  30   0   0   0   1   0   0   2   1  49  11   1   0   0   0   1   0   2   1  0.34 0.09
   21 N     1   3   2   0  -3   1   0  -2   0  -3  -3   4  -2  -3  -2   0  -1  -4  -2  -2   21  16  11   3   0   2   1   0   2   0   0  44   0   0   0   1   1   0   0   0  0.40 0.09
   22 L    -2  -3  -4  -4  -2  -3  -4  -4  -4   1   5  -3   1   0  -4  -3  -2  -2  -2   1    0   0   0   0   0   0   0   0   0   1  93   0   1   0   0   0   1   0   0   3  0.79 0.14
   23 F    -3  -4  -4  -5  -4  -4  -4  -4  -2  -1  -1  -4  -1   8  -5  -3  -3   0   2  -2    0   0   0   0   0   0   0   0   0   0   0   0   0  98   0   0   0   0   0   0  1.53 0.20
   24 T    -1   0   2   3  -3   2   3  -2  -1  -3  -2   2  -2  -3  -2   0   0  -3  -2  -3    0   1  15  17   0  10  22   0   0   0   4  24   0   0   0   1   5   0   0   0  0.39 0.07
   25 Y    -3  -3  -2  -3  -4  -2  -3  -4   4  -3  -2  -3  -2   2  -4  -3  -3   1   8  -2    0   0   0   1   0   0   0   0  10   0   0   0   0   0   0   0   0   0  87   0  1.49 0.20
   26 A     5  -2  -3  -3   2  -2  -2  -1  -3  -2  -2  -2  -2  -3  -2   0  -1  -3  -3  -1   95   0   0   0   4   0   0   0   0   0   0   0   0   0   0   0   0   0   0   0  0.83 0.16
   27 K    -2   3  -1  -1  -4   5   1  -3   1  -4  -3   3  -2  -4  -2  -1  -1  -3  -2  -3    0  21   0   0   0  49   0   0   3   0   0  25   0   0   0   0   1   0   0   0  0.72 0.13
   28 E    -1  -1  -1   1  -4   2   6  -3  -1  -4  -4   1  -3  -4  -2  -1  -1  -4  -3  -3    5   0   0   4   0   3  78   0   0   0   0   7   0   0   0   1   1   0   0   0  0.87 0.14
   29 H    -2   0   3  -1  -4   1   0  -2   6  -4  -3   4  -2  -3  -2  -1  -1  -4  -1  -3    0   0  19   0   0   2   2   0  34   0   0  41   0   0   0   0   1   0   0   1  0.66 0.12
   30 K    -1   0   3  -1  -3   2   0   2  -1  -3  -3   3  -2  -4  -2  -1  -1  -3  -3  -2    0   0  19   0   0  13   3  22   0   0   0  37   0   0   0   0   1   0   0   2  0.41 0.09
   31 F    -3  -4  -4  -4  -3  -4  -4  -4  -2  -1  -1  -4  -1   8  -5  -3  -3   0   4  -2    0   0   0   0   0   0   0   0   0   0   0   0   0  89   0   0   0   0   9   0  1.38 0.18
   32 A     6  -2  -3  -3  -1  -2  -2  -1  -3  -2  -2  -2  -2  -3  -2   0  -1  -4  -3  -1   99   0   0   0   0   0   0   0   0   0   0   0   0   0   0   0   0   0   0   0  0.89 0.17
   33 I    -2  -4  -4  -4  -2  -4  -4  -5  -4   6   1  -4   0  -1  -4  -3  -2  -4  -2   2    0   0   0   0   0   0   0   0   0  94   2   0   0   0   0   0   0   0   0   2  0.93 0.16
   34 P    -2  -3  -3  -3  -4  -2  -2  -3  -3  -4  -4  -2  -4  -5   8  -2  -2  -5  -4  -4    0   0   0   0   0   0   0   0   0   0   0   0   0   0  99   0   0   0   0   0  2.47 0.22
   35 A     5  -2  -2  -3  -1  -2  -2  -1  -3  -2  -2  -2  -2  -3  -2   0  -1  -3  -3  -1   96   0   0   0   0   0   0   1   0   0   0   0   0   0   0   2   0   0   0   1  0.84 0.16
   36 I    -2  -4  -4  -4   0  -4  -4  -4  -4   6   1  -3   1  -1  -4  -3  -2  -3  -2   2    1   0   0   0   1   0   0   0   0  87   0   0   1   0   0   0   0   0   0   8  0.82 0.15
   37 N    -3  -2   8   0  -4  -1  -1  -2  -1  -5  -5  -1  -3  -4  -3   0  -1  -5  -3  -4    0   0 100   0   0   0   0   0   0   0   0   0   0   0   0   0   0   0   0   0  1.50 0.21
   38 V    -1  -4  -4  -4   1  -3  -4  -4  -4   2   0  -3   0  -2  -3  -3  -1  -4  -2   6    0   0   0   0   3   0   0   0   0   1   0   0   0   0   0   0   0   0   0  95  0.85 0.17
   39 T    -1  -2  -1  -2  -2  -2  -2  -3  -3  -2  -2  -2  -2  -3  -2   0   7  -4  -3  -1    0   0   0   0   0   0   0   0   0   0   0   0   0   0   0   0 100   0   0   0  1.14 0.20
   40 S     0  -2   0  -1  -2  -1  -1  -1  -2  -3  -4  -1  -3  -4  -2   6   1  -4  -3  -3    0   0   0   0   0   0   0   0   0   0   0   0   0   0   0  98   2   0   0   0  0.98 0.19
   41 S     0  -2   0  -1  -2  -1  -1  -1   0  -4  -4  -1  -3  -4  -2   6   1  -4  -3  -3    0   0   0   0   0   0   0   0   2   0   0   0   0   0   0  98   1   0   0   0  0.96 0.19
   42 S     0  -2   0  -1  -2   0  -1  -1  -2  -4  -4  -1  -3  -4  -2   6   0  -4  -3  -3    0   0   0   0   0   2   0   0   0   0   0   0   0   0   0  98   0   0   0   0  0.97 0.19
   43 T    -1  -2  -1  -2  -2  -2  -2  -3  -3  -1  -2  -2  -2  -3  -2   0   6  -4  -3   0    0   0   0   0   0   0   0   0   0   0   0   0   0   0   0   0  94   0   0   4  0.99 0.18
   44 A     2  -3  -3  -4  -1  -3  -3  -3  -4   1   0  -3   0  -2  -3  -2  -1  -4  -2   5   22   0   0   0   1   0   0   0   0   1   0   0   0   0   0   0   0   0   0  75  0.55 0.13
   45 V    -1  -3   2  -3  -2  -3  -3  -3  -3   2   0  -3   0  -2  -3  -2  -1  -4  -2   5    0   0  16   0   0   0   0   0   0   5   0   0   0   0   0   0   0   0   0  78  0.57 0.13
   46 A     5  -2  -2  -3  -1  -2  -2  -1  -2  -2  -2  -2  -2  -3  -2   1  -1  -3  -3  -1   93   0   0   0   0   0   0   0   0   0   0   0   0   0   0   6   0   0   0   0  0.80 0.16
   47 A     4  -2  -1  -2   1  -1  -1  -1  -2  -1  -2  -1  -1  -3  -2   3   1  -3  -2   1   52   0   0   0   3   0   0   0   0   0   0   0   0   0   0  27   4   0   0  13  0.39 0.10
   48 L    -2  -3  -4  -4  -2  -3  -4  -5  -4   1   5  -3   1   0  -4  -3  -2  -3  -2   0    0   0   0   0   0   0   0   0   0   0  98   0   0   0   0   0   0   0   0   0  0.87 0.15
   49 E    -2  -1  -1   1  -5   1   6  -3  -1  -4  -4   0  -3  -4  -2  -1  -2  -4  -3  -4    0   0   0   0   0   0  99   0   0   0   0   0   0   0   0   0   0   0   0   0  1.28 0.19
   50 A     6  -2  -2  -3  -1  -2  -2  -1  -3  -2  -2  -2  -2  -3  -2   0  -1  -4  -3  -1   97   0   0   0   0   0   0   1   0   0   0   0   0   0   0   1   0   0   0   0  0.87 0.16
   51 A     6  -2  -2  -3  -1  -2  -2  -1  -3  -2  -2  -2  -2  -3  -2   0  -1  -4  -3  -1   99   0   0   0   0   0   0   0   0   0   0   0   0   0   0   0   0   0   0   0  0.89 0.17
   52 R    -2   7  -1  -3  -4   0  -1  -3  -1  -4  -3   2  -2  -4  -3  -2  -2  -4  -3  -4    0  95   0   0   0   0   0   0   0   0   0   3   0   0   0   0   0   0   0   0  1.33 0.18
   53 D    -3  -3   0   7  -4  -1   1  -2  -2  -4  -5  -1  -4  -4  -2  -1  -2  -5  -4  -4    0   0   1  94   0   0   3   0   0   0   0   1   0   0   0   0   0   0   0   1  1.41 0.18
   54 S     2  -1   2  -1  -2   1  -1  -1  -1   1  -1   2  -1  -3  -2   1   0  -3  -2  -1   33   0  19   0   0   6   0   0   1  14   1  17   0   0   0   7   1   0   0   1  0.19 0.07
   55 K    -2   1   2  -1  -4   1   0  -2  -1  -4  -3   6  -2  -4  -2  -1  -1  -4  -3  -3    0   1  13   0   0   2   0   2   0   0   0  80   0   0   0   1   0   0   0   0  0.81 0.15
   56 S     3  -2  -1  -2   3  -1  -1  -1  -2  -3  -3  -1  -2  -3  -2   4   0  -3  -3  -2   29   0   0   0   8   0   0   0   0   0   0   0   0   0   0  61   0   0   0   0  0.58 0.13
   57 P    -2  -3  -3  -3  -4  -2  -2  -3  -3  -4  -4  -2  -4  -5   8  -2  -2  -5  -4  -4    0   0   0   0   0   0   0   0   0   0   0   0   0   0  98   0   0   0   0   0  2.46 0.21
   58 I    -2  -4  -4  -4  -2  -4  -4  -5  -4   6   1  -3   1  -1  -4  -3  -2  -3  -2   2    0   0   0   0   0   0   0   0   0  87   3   0   1   0   0   0   0   0   0   8  0.83 0.15
   59 I    -2  -4  -4  -4  -2  -4  -4  -5  -4   6   1  -4   0  -1  -4  -3  -2  -4  -2   2    0   0   0   0   0   0   0   0   0  93   0   0   0   0   0   0   0   0   0   6  0.91 0.16
   60 L    -2  -3  -4  -4  -1  -3  -4  -4  -4   2   5  -3   1   0  -4  -3  -2  -2  -2   0    0   0   0   0   1   0   0   0   0   7  91   0   0   0   0   0   0   0   0   0  0.78 0.13
   61 Q    -2   0  -1  -1  -4   7   1  -3  -1  -4  -3   0  -2  -4  -2  -1  -2  -3  -3  -3    0   0   0   0   0  98   0   0   0   0   0   0   0   0   0   0   0   0   0   0  1.41 0.22
   62 T     0  -2  -2  -3   0  -2  -2  -3  -3   1   0  -2   4   0  -2  -1   3  -3  -2   2    5   0   0   0   1   0   0   0   0   2   4   0  23   4   0   0  36   0   0  24  0.31 0.09
   63 S     0  -2   0  -1  -2  -1  -1  -1  -2  -3  -4  -1  -3  -3  -2   6   0  -4  -3  -3    0   0   0   0   0   0   0   0   0   0   0   0   0   0   0  98   0   0   0   0  0.97 0.19
   64 N    -2   0   3  -1  -4   7   1  -3  -1  -4  -3   0  -2  -4  -2  -1  -2  -3  -3  -3    0   0  15   0   0  83   0   0   0   0   0   0   0   0   0   0   0   0   0   0  1.12 0.19
   65 G    -1  -3  -1  -2  -3  -3  -3   7  -3  -5  -5  -2  -4  -4  -3  -1  -3  -3  -4  -4    0   0   0   0   0   0   0  98   0   0   0   0   0   0   0   1   0   0   0   0  1.49 0.17
   66 G    -1  -3  -1  -2  -3  -3  -3   7  -3  -5  -5  -2  -4  -4  -3  -1  -3  -3  -4  -4    0   0   0   0   0   0   0  98   0   0   0   0   0   0   0   0   0   0   0   0  1.50 0.17
   67 A     5  -2  -2  -2  -1  -2  -2   0  -2  -2  -2  -1  -2  -3  -2   2  -1  -3  -3  -1   85   0   0   0   0   0   0   1   0   0   0   0   0   0   0  13   0   0   0   0  0.71 0.14
   68 A     6  -2  -2  -3  -1  -2  -2  -1  -3  -2  -2  -2  -2  -3  -2   0  -1  -4  -3  -1   98   0   0   0   0   0   0   0   0   0   0   0   0   0   0   0   0   0   0   0  0.88 0.17
   69 Y    -3  -3  -3  -4  -4  -3  -3  -4   0  -2  -2  -3  -2   4  -4  -3  -3   1   8  -2    0   0   0   0   0   0   0   0   0   0   0   0   0  14   0   0   0   0  84   0  1.49 0.20
   70 F    -3  -4  -4  -5  -3  -4  -4  -4  -2  -1  -1  -4  -1   8  -5  -3  -3   0   2  -2    0   0   0   0   0   0   0   0   0   0   0   0   0  98   0   0   0   0   0   0  1.52 0.20
   71 A     5  -2  -2  -3   2  -2  -2   0  -3  -2  -2  -2  -2  -3  -2   0  -1  -3  -3  -1   92   0   0   0   4   0   0   2   0   0   0   0   0   0   0   1   0   0   0   0  0.77 0.15
   72 G    -1  -3  -1  -2  -3  -3  -3   7  -3  -5  -5  -2  -4  -4  -3  -1  -3  -3  -4  -4    0   0   0   0   0   0   0  98   0   0   0   0   0   0   0   0   0   0   0   0  1.50 0.17
   73 K    -2   1  -1  -2  -4   0   0  -3  -2  -4  -4   6  -2  -4  -2  -1  -2  -4  -3  -3    0   0   0   0   0   0   0   0   0   0   0  98   0   0   0   0   0   0   0   0  1.10 0.18
   74 G    -1  -3  -1  -2  -4  -3  -3   7  -3  -5  -5  -3  -4  -4  -3  -1  -3  -4  -4  -4    0   0   0   0   0   0   0  99   0   0   0   0   0   0   0   0   0   0   0   0  1.53 0.17
   75 I    -1  -3  -4  -4  -2  -3  -3  -4  -4   3   2  -3   0  -1  -3  -3  -1  -3  -2   5    1   0   0   0   0   0   0   0   0   9  17   0   0   0   0   0   0   0   0  73  0.61 0.12
   76 S     2  -1   0   2  -2  -1   0   0  -2  -3  -3   0  -2  -3   2   3   0  -4  -3  -2   29   0   1  17   0   0   0   3   0   0   0   8   0   0   8  33   1   0   0   0  0.36 0.08
   77 N    -2  -2   7   0  -4  -1  -1  -2  -1  -4  -5  -1  -3  -4  -3   0  -1  -5  -3  -4    1   0  98   0   0   0   0   0   0   0   0   0   0   0   0   1   0   0   0   0  1.44 0.21
   78 E    -1  -1   0   3  -3   0   2   2  -2  -3  -3   2  -2  -4  -2   0   1  -4  -3  -3    1   0   1  26   0   0  12  20   0   0   0  23   0   0   0   7  10   0   0   0  0.37 0.07
   79 G    -1   0   4   3  -4   0   0   2  -1  -4  -4   2  -3  -4  -2   0  -1  -4  -3  -3    0   0  30  25   0   2   1  17   0   0   0  24   0   0   0   1   1   0   0   0  0.52 0.09
   80 Q    -2   0  -1  -2  -4   7   1  -3  -1  -4  -3   0  -2  -5  -3  -1  -2  -3  -3  -4    0   2   0   0   0  98   0   0   0   0   0   0   0   0   0   0   0   0   0   0  1.41 0.22
   81 N     0   0   2   0  -3   3   4  -2   0  -3  -3   1  -2  -1  -2   0  -1  -3  -1  -2   10   0  11   0   0  17  39   0   0   0   0   8   0   4   0   6   2   0   2   0  0.39 0.08
   82 A     6  -2  -3  -3  -1  -2  -2   0  -3  -2  -3  -2  -2  -3  -2   0  -1  -4  -3  -1   98   0   0   0   0   0   0   2   0   0   0   0   0   0   0   0   0   0   0   0  0.88 0.17
   83 S     0  -2   0  -1  -2  -1  -1  -1  -2  -3  -4  -1  -3  -4  -2   6   0  -4  -3  -3    2   0   0   0   0   0   0   0   0   0   0   0   0   0   0  98   0   0   0   0  0.97 0.19
   84 I    -2  -4  -4  -4  -2  -4  -4  -5  -4   6   1  -4   0  -1  -4  -3  -1  -4  -2   3    0   0   0   0   0   0   0   0   0  88   0   0   0   0   0   0   0   0   0  11  0.88 0.16
   85 K     4   0  -1  -2  -2   1  -1  -1  -2  -1  -2   0  -1  -3  -2   0   1  -3  -2  -1   66   4   1   0   0  11   0   2   0   2   2   4   0   0   0   1   7   0   0   0  0.39 0.10
   86 G    -1  -3  -1  -2  -4  -3  -3   7  -3  -5  -5  -3  -4  -4  -3  -1  -3  -4  -4  -4    0   0   0   0   0   0   0 100   0   0   0   0   0   0   0   0   0   0   0   0  1.55 0.17
   87 A     4  -2  -2  -2  -1  -1  -2   2  -2  -3  -3  -1  -2  -3  -2   2  -1  -3  -3  -1   65   0   0   0   1   0   0  15   0   0   0   0   0   0   0  20   0   0   0   0  0.56 0.11
   88 I    -2  -4  -4  -4  -2  -3  -3  -4  -4   5   1  -3   0  -1  -3  -3  -1  -4  -2   4    0   0   0   0   0   0   0   0   0  62   1   0   0   0   0   0   1   0   0  35  0.68 0.12
   89 A     6  -2  -3  -3  -1  -2  -2  -1  -3  -2  -3  -2  -2  -3  -2   0  -1  -4  -3  -1   99   0   0   0   0   0   0   0   0   0   0   0   0   0   0   1   0   0   0   0  0.91 0.17
   90 A     5  -2  -2  -2  -1  -2  -2   3  -3  -3  -3  -2  -2  -3  -2   0  -1  -3  -3  -2   73   0   0   0   0   0   0  26   0   0   0   0   0   1   0   0   0   0   0   0  0.68 0.13
   91 A     6  -2  -3  -3  -1  -2  -2  -1  -3  -2  -3  -2  -2  -3  -2   0  -1  -4  -3  -1   99   0   0   0   0   0   0   1   0   0   0   0   0   0   0   0   0   0   0   0  0.91 0.17
   92 H    -2  -1   0  -2  -4   1  -1  -3   9  -4  -3  -2  -3  -2  -3  -2  -2  -4   0  -4    1   0   2   0   0   4   1   0  88   0   3   0   0   0   0   0   1   0   0   0  1.61 0.22
   93 Y    -3  -3  -3  -4  -4  -2  -3  -4   4  -2  -2  -3  -2   3  -4  -3  -3   1   8  -2    0   0   0   0   0   0   0   0  13   0   0   0   0   9   0   0   0   0  77   0  1.37 0.19
   94 I    -2  -4  -4  -4  -2  -4  -4  -5  -4   6   1  -4   0  -1  -4  -3  -2  -4  -2   3    0   0   0   0   0   0   0   0   0  87   0   0   0   0   0   0   0   0   0  13  0.87 0.15
   95 R    -3   7  -2  -3  -5   0  -1  -4  -1  -4  -3   1  -3  -4  -3  -2  -2  -4  -3  -4    0  99   0   0   0   0   0   0   0   0   0   0   0   0   0   0   0   0   0   0  1.42 0.20
   96 S     3  -2  -1  -1  -1  -1  -1  -1  -2  -2  -2  -1  -2  -3  -2   4   2  -3  -2  -1   33   0   0   0   0   1   1   0   0   1   1   0   0   0   0  51  11   0   0   0  0.48 0.11
   97 I    -2  -4  -4  -4  -2  -3  -4  -4  -4   5   1  -3   1  -1  -3  -3  -1  -3  -2   4    0   0   0   0   0   0   0   0   0  56   8   0   0   0   0   0   0   0   0  36  0.63 0.11
   98 A     5  -2  -2  -3  -1  -2  -2  -1  -3  -2  -3  -2  -2  -3  -2   1  -1  -4  -3  -1   96   0   0   0   0   0   0   0   0   0   0   0   0   0   0   4   0   0   0   0  0.87 0.17
   99 P    -1  -2  -3  -2  -4  -2  -2  -3  -2  -4  -4   1  -3  -5   8  -1  -1  -5  -4  -3    1   0   0   0   0   0   0   0   0   0   0  13   0   0  82   2   1   0   0   0  1.86 0.18
  100 A     3  -2  -2  -2  -1  -1  -1  -1  -2   0  -1  -1  -1  -2  -2   1   2  -3  -2   0   50   0   0   0   0   1   1   0   1   9   3   0   0   0   0  13  18   0   1   4  0.31 0.08
  101 Y    -3  -3  -3  -4  -4  -3  -3  -4   1  -3  -2  -3  -2   2  -4  -3  -3   1   9  -3    0   0   0   0   0   0   0   0   0   0   0   0   0   0   0   0   0   0 100   0  1.83 0.24
  102 G    -1  -3   0  -1  -4  -2  -2   6  -3  -5  -5  -2  -4  -4  -3  -1  -2  -4  -4  -4    0   0   2   3   0   0   3  92   0   0   0   0   0   0   0   0   0   0   0   0  1.33 0.16
  103 I    -2  -4  -4  -4  -2  -4  -4  -5  -4   5   1  -3   0  -1  -4  -3  -1  -4  -2   3    0   0   0   0   0   0   0   0   0  72   0   0   0   0   0   0   0   0   0  28  0.77 0.14
  104 P    -2  -3  -3  -3  -4  -3  -2  -3  -3  -4  -4  -2  -4  -5   8  -2  -2  -5  -4  -4    0   0   0   0   0   0   0   0   0   0   0   0   0   0 100   0   0   0   0   0  2.53 0.22
  105 V    -1  -4  -4  -4  -2  -3  -4  -4  -4   2   0  -3   0  -1  -3  -3  -1  -4  -2   6    0   0   0   0   0   0   0   0   0   1   0   0   0   1   0   0   0   0   0  98  0.90 0.17
  106 V    -1  -4  -4  -4  -2  -3  -4  -4  -4   4   0  -3   0  -1  -3  -3  -1  -4  -2   5    0   0   0   0   0   0   0   0   0  25   0   0   0   0   0   0   0   0   0  75  0.73 0.14
  107 L    -2  -3  -4  -5  -2  -3  -4  -5  -4   1   5  -3   2   0  -4  -3  -2  -3  -2   0    0   0   0   0   0   0   0   0   0   1  94   0   4   0   0   0   0   0   0   2  0.83 0.14
  108 H    -3  -2  -1  -2  -4  -1  -1  -3  10  -5  -4  -2  -3  -3  -4  -2  -3  -4   0  -5    0   0   0   0   0   0   0   0 100   0   0   0   0   0   0   0   0   0   0   0  2.06 0.25
  109 S    -1  -2  -1  -2  -2  -1  -2  -2  -2  -2  -2  -1  -2  -3  -2   3   6  -4  -3  -1    0   0   0   0   0   0   0   0   0   0   0   0   0   0   0  26  74   0   0   0  0.81 0.16
  110 D    -3  -3   0   7  -5  -1   1  -2  -2  -4  -5  -2  -4  -5  -3  -1  -2  -6  -4  -4    0   0   0 100   0   0   0   0   0   0   0   0   0   0   0   0   0   0   0   0  1.59 0.20
  111 H    -3  -2  -1  -2  -4  -1  -1  -3  10  -5  -4  -2  -3  -3  -4  -2  -3  -4   0  -5    0   0   0   0   0   0   0   0 100   0   0   0   0   0   0   0   0   0   0   0  2.06 0.25
  112 C    -2  -5  -4  -5  10  -4  -5  -4  -4  -3  -3  -5  -3  -4  -4  -2  -2  -4  -4  -2    0   0   0   0 100   0   0   0   0   0   0   0   0   0   0   0   0   0   0   0  2.46 0.26
  113 A     6  -2  -3  -3  -1  -2  -2  -1  -3  -2  -3  -2  -2  -3  -2   0  -1  -4  -3  -1   99   0   0   0   0   0   0   0   0   0   0   0   0   0   0   1   0   0   0   0  0.91 0.17
  114 K    -1   1  -1  -2  -4   1   1  -3   2  -4  -4   6  -2  -4  -2  -1  -2  -4  -2  -3    2   1   0   0   0   0   5   0   6   0   0  87   0   0   0   0   0   0   0   0  0.90 0.16
  115 K    -2   1  -1  -2  -4   0   0  -3  -2  -4  -4   6  -2  -4  -2  -1  -2  -4  -3  -3    0   0   0   0   0   0   0   0   0   0   0 100   0   0   0   0   0   0   0   0  1.14 0.19
  116 L    -2  -3  -4  -5  -2  -3  -4  -5  -4   1   5  -3   1   0  -4  -3  -2  -3  -2   0    0   0   0   0   0   0   0   0   0   0 100   0   0   0   0   0   0   0   0   0  0.91 0.15
  117 L    -2  -3  -4  -5  -2  -3  -4  -5  -4   1   5  -3   1   0  -4  -3  -2  -3  -2   0    0   0   0   0   0   0   0   0   0   0 100   0   0   0   0   0   0   0   0   0  0.91 0.15
  118 P    -2  -3  -3  -3  -4  -1  -2  -3  -3  -4  -4  -2  -4  -5   8  -2  -2  -5  -4  -4    0   0   0   0   0   2   0   0   0   0   0   0   0   0  97   1   0   0   0   0  2.41 0.21
  119 W    -4  -4  -5  -6  -4  -4  -5  -4  -4  -4  -3  -5  -3  -1  -5  -4  -4  12   1  -5    0   0   0   0   0   0   0   0   0   0   0   0   0   0   0   0   0 100   0   0  3.56 0.30
  120 F    -2  -3  -4  -4  -2  -3  -4  -4  -3   0   4  -3   1   5  -4  -3  -2  -1   1   0    0   0   0   0   0   0   0   0   0   0  63   0   1  33   0   0   0   0   3   0  0.68 0.12
  121 D    -3  -3   0   7  -5  -1   1  -2  -2  -4  -5  -2  -4  -5  -3  -1  -2  -6  -4  -4    0   0   0 100   0   0   0   0   0   0   0   0   0   0   0   0   0   0   0   0  1.58 0.20
  122 G    -1  -3  -1  -2  -4  -3  -3   7  -3  -5  -5  -3  -4  -4  -3  -1  -3  -4  -4  -4    0   0   0   0   0   0   0 100   0   0   0   0   0   0   0   0   0   0   0   0  1.55 0.17
  123 M    -2  -3  -4  -4  -3  -2  -3  -4  -3   0   2  -3   8  -1  -4  -3  -2  -3  -2   0    0   0   0   0   0   0   0   0   0   0  16   0  83   1   0   0   0   0   0   0  1.18 0.21
  124 L    -2  -3  -4  -5  -2  -3  -4  -4  -4   1   5  -3   3   0  -4  -3  -2  -2  -2   0    0   0   0   0   0   0   0   0   0   3  88   0   9   0   0   0   0   0   0   0  0.78 0.13
  125 E     0  -2   0   6  -4   0   3  -2  -2  -4  -4   0  -3  -4  -2  -1  -2  -5  -4  -3    7   0   0  66   0   0  20   0   0   0   0   5   0   0   0   0   0   0   0   0  0.92 0.13
  126 A     5  -2  -2  -2  -2  -1   2  -1  -1  -2  -3  -1  -2  -3  -2   0  -1  -3  -2  -1   82   0   0   0   0   0  16   0   1   0   0   0   0   0   0   0   0   0   0   0  0.65 0.14
  127 D    -3  -3   1   7  -5  -1   1  -2  -2  -4  -5  -2  -4  -5  -3  -1  -2  -6  -4  -4    0   0   1  99   0   0   0   0   0   0   0   0   0   0   0   0   0   0   0   0  1.56 0.20
  128 E    -2  -1  -1   1  -5   1   7  -3  -1  -4  -4   0  -3  -4  -2  -1  -2  -4  -3  -4    0   0   0   0   0   0 100   0   0   0   0   0   0   0   0   0   0   0   0   0  1.31 0.20
  129 A     4   2  -1  -1  -2   0   1  -1  -2  -3  -3   2  -2  -3  -2   0  -1  -3  -2  -2   54  10   0   1   0   0  12   0   0   0   0  22   0   0   0   0   0   0   0   0  0.40 0.10
  130 Y    -3  -3  -3  -4  -4  -2  -2  -4   2  -2  -2  -3  -2   3  -4  -3  -3   3   8  -2    0   0   0   0   0   1   1   0   4   0   0   0   0  11   0   0   0   4  79   0  1.35 0.18
  131 F    -3  -4  -4  -5  -4  -4  -4  -4  -1  -1  -1  -4  -1   8  -5  -3  -3   0   4  -2    0   0   0   0   0   0   0   0   0   0   0   0   0  89   0   0   0   0  10   0  1.41 0.19
  132 K     0   1  -1  -2  -4   0   0  -2  -2  -4  -3   6  -2  -4  -2  -1  -2  -4  -3  -3    7   0   0   0   0   1   1   0   0   0   0  90   0   0   0   0   0   0   0   0  0.92 0.17
  133 E     0   0  -1   0  -3   3   4  -2  -1  -1  -1   1  -1  -3  -2   0   0  -3  -2  -1   10   0   0   0   0  18  44   0   0   4   7   8   0   0   0   1   4   0   0   3  0.38 0.08
  134 H    -2  -1   1  -2  -4  -1  -1  -3   9  -4  -4  -1  -3  -2  -3  -1   0  -4   0  -4    2   0   7   0   0   0   0   0  79   0   0   2   0   1   0   1   7   0   0   0  1.35 0.19
  135 G    -1  -3   0  -2  -3   1  -2   6  -2  -5  -4  -2  -3  -4  -3  -1  -2  -3  -4  -4    0   0   4   0   0   8   0  85   0   0   0   1   0   0   0   2   0   0   0   0  1.16 0.14
  136 E    -2  -1  -1   1  -4   1   6  -3  -1  -3  -3   0  -3  -4  -2  -1   1  -4  -2  -2    0   0   0   2   0   0  85   0   0   1   0   0   0   0   0   0   9   0   0   3  0.95 0.16
  137 P    -2  -3  -3  -3  -4  -3  -2  -3  -3  -4  -4  -2  -4  -5   8  -2  -2  -5  -4  -4    1   0   0   0   0   0   0   0   0   0   0   0   0   0  99   0   0   0   0   0  2.50 0.22
  138 L    -2  -3  -3  -4  -2  -3  -4  -5  -4   1   5  -3   1   0  -4  -3  -2  -3  -2   0    0   0   2   0   0   0   0   0   0   0  98   0   0   0   0   0   0   0   0   0  0.87 0.15
  139 F    -3  -3  -4  -5  -4  -4  -4  -4  -2  -1  -1  -4  -1   8  -5  -3  -3   3   3  -2    0   2   0   0   0   0   0   0   0   0   0   0   0  92   0   0   0   3   3   0  1.42 0.19
  140 S     0  -2   0  -1  -2  -1  -1  -1  -2  -3  -4  -1  -3  -3  -2   6   0  -4  -1  -3    0   0   0   0   0   0   0   0   0   0   0   0   0   0   0  98   0   0   2   0  0.96 0.19
  141 S     0  -2   0  -1  -2  -1  -1  -1  -2  -4  -4  -1  -3  -4  -2   6   0  -4  -3  -3    0   0   0   0   0   0   0   2   0   0   0   0   0   0   0  98   0   0   0   0  0.97 0.19
  142 H    -3  -2  -1  -2  -4  -1  -1  -3  10  -5  -4  -2  -3  -3  -4  -2  -2  -4   0  -4    0   0   0   0   0   0   0   0  98   0   0   0   0   0   0   0   2   0   0   0  1.99 0.25
  143 M    -2  -3  -3  -4  -3  -2  -3  -4  -3   0   1  -3   9  -1  -4  -2  -2  -3  -2  -1    0   0   0   0   0   0   0   0   0   0   0   0  98   0   0   2   0   0   0   0  1.49 0.25
  144 L    -2  -3  -4  -4  -2  -3  -4  -5  -4   5   3  -3   1  -1  -4  -3  -2  -3  -2   2    0   0   0   0   0   0   0   0   0  64  33   2   0   0   0   0   0   0   0   1  0.64 0.12
  145 D    -3  -3   1   7  -5  -1   1  -2  -2  -4  -5  -2  -4  -5  -3  -1  -2  -6  -4  -4    0   0   2  98   0   0   0   0   0   0   0   0   0   0   0   0   0   0   0   0  1.55 0.19
  146 L    -2  -3  -4  -5  -2  -3  -4  -5  -4   1   5  -3   1   0  -4  -3  -2  -3  -2   0    2   0   0   0   0   0   0   0   0   0  98   0   0   0   0   0   0   0   0   0  0.87 0.15
  147 S     0  -2   0  -1  -2  -1  -1  -1  -2  -3  -4  -1  -3  -4  -2   6   0  -4  -3  -3    0   0   0   0   0   0   2   0   0   0   0   0   0   0   0  98   0   0   0   0  0.96 0.19
  148 E    -2  -1  -1   1  -5   1   7  -3  -1  -4  -4   0  -3  -4  -2  -1  -2  -4  -3  -4    1   0   0   0   0   0  99   0   0   0   0   0   0   0   0   0   0   0   0   0  1.30 0.19
  149 E    -2  -1  -1   1  -5   1   6  -3  -1  -4  -4   0  -3  -4  -2  -1  -2  -4  -3  -4    0   0   0   2   0   1  98   0   0   0   0   0   0   0   0   0   0   0   0   0  1.28 0.19
  150 T     0  -2   0   0  -3   0   2  -2  -2  -3  -3  -1  -3  -4   5   2   1  -4  -3  -2    2   0   3   5   0   0  20   0   0   0   0   0   0   0  38  19  12   0   0   1  0.73 0.10
  151 D    -1  -1  -1   2  -2  -1  -1  -3  -1   1  -1   2  -1  -2  -2  -2  -1  -4  -2   4    0   1   0  19   0   0   0   0   2   0   0  23   0   0   0   0   0   0   0  53  0.30 0.10
  152 E    -1  -1   0   5  -4   1   4  -2  -1  -4  -4   0  -3  -4  -2  -1  -2  -4  -3  -3    2   0   0  49   0   2  42   0   0   0   0   3   0   0   0   0   0   0   0   0  0.86 0.12
  153 E    -2  -2  -2   0  -4   0   3  -3   0  -3  -3  -1  -2   1  -3  -2  -2   8   4  -3    1   0   0   4   0   2  37   0   1   0   0   2   0   5   0   0   0  27  19   1  0.83 0.12
  154 N    -3  -2   7   0  -4  -1  -1  -2   0  -4  -5  -1  -3  -4  -3   0  -1  -5  -3  -4    0   0  99   0   0   0   0   0   0   0   0   0   0   0   0   0   0   0   0   0  1.46 0.21
  155 I    -2  -4  -4  -4  -2  -4  -4  -5  -4   6   1  -4   0  -1  -4  -3  -2  -4  -2   2    0   0   0   0   0   0   0   0   0  91   3   0   0   0   0   0   0   0   0   5  0.88 0.16
  156 S     2  -1   0   0  -2   2   3   0  -1  -3  -3   1  -2  -3  -2   1  -1  -3  -2  -2   34   0   3   3   0  11  27   4   0   0   0  10   0   0   0   7   0   0   0   0  0.33 0.07
  157 T    -1  -2  -1  -2  -2  -2  -2  -3  -2   0  -2  -2  -2  -3  -2   0   6  -3  -3  -1    0   0   0   1   0   0   1   0   1   5   1   0   0   0   0   1  90   0   0   1  0.90 0.17
  158 C    -1  -3  -2  -3   7  -2  -3  -3  -3  -2  -2  -2  -2  -3  -3   0   5  -3  -3  -1    0   0   0   0  35   0   0   0   0   0   0   0   0   0   0   0  64   0   0   0  0.99 0.17
  159 V     4  -1  -2  -3  -1  -1  -1  -1  -2   0  -1   1  -1  -3  -2   0  -1  -3  -2   2   58   1   0   0   0   0   1   0   0   0   0  10   0   0   0   0   0   0   0  29  0.37 0.11
  160 K     0   1  -1  -1  -3   1   1  -2  -1  -3  -3   5  -2  -4  -2   0  -1  -4  -3  -3    9   2   0   0   0   1   9   0   1   0   0  75   0   0   0   3   0   0   0   0  0.68 0.13
  161 Y    -3  -3  -3  -4  -4  -3  -3  -4   1  -3  -2  -3  -2   2  -4  -3  -3   1   9  -2    0   0   0   0   0   0   0   0   0   0   0   0   0   0   0   0   0   0  99   0  1.79 0.23
  162 F    -2  -3  -4  -4  -2  -3  -4  -4  -3   0   4  -3   1   5  -4  -3  -2  -1   0   0    1   0   0   0   0   0   0   0   0   0  61   0   0  37   0   0   0   0   0   0  0.68 0.12
  163 K    -1   1  -1  -1  -4   2   2  -2  -1  -3  -3   5  -2  -4  -2  -1   1  -4  -3  -3    1   0   0   0   0   6  13   0   0   0   0  70   0   0   0   1   8   0   0   0  0.67 0.13
  164 R    -2   7  -1  -3  -5   0  -1  -3  -1  -4  -3   1  -2  -4  -3  -2  -2  -4  -3  -4    0  97   0   0   0   0   0   0   0   0   0   1   0   0   0   0   0   0   0   0  1.37 0.19
  165 M     4  -2  -3  -3  -1  -1  -2  -2  -2  -1   0  -2   6  -1  -2   0  -1  -3  -2   0   53   0   0   0   1   0   0   0   0   0   0   0  38   1   0   1   0   0   0   5  0.51 0.13
  166 A     5  -2  -2  -2  -1  -1  -2  -1  -1  -2  -2  -2  -2  -3  -2   1   0  -3  -3  -1   90   0   0   0   0   1   0   0   1   0   0   0   0   0   0   3   3   0   0   0  0.73 0.15
  167 A     0  -1  -2  -2  -4  -1  -1  -3  -3  -3  -4   2  -3  -4   7  -1  -2  -4  -3  -3    6   0   0   0   0   0   0   0   0   0   0  20   0   0  71   0   0   0   0   1  1.56 0.16
  168 M    -2  -3  -3  -4  -2  -2  -3  -4  -3   1   2  -3   8  -1  -4  -3  -2   1  -2   0    0   0   0   0   0   0   0   0   0   7  10   0  78   0   0   0   0   2   0   1  1.02 0.19
  169 D    -1   1   2   0  -4   0   0   2  -1  -4  -3   5  -2  -4  -2  -1  -1  -4  -3  -3    0   0  11   4   0   1   0  20   1   0   0  62   0   0   0   0   0   0   0   0  0.56 0.11
  170 Q    -2   0  -1  -2  -4   7   1  -3  -1  -1   0   0  -1  -3  -2  -1  -2  -3  -2  -2    0   0   0   0   0  84   0   1   0   5   9   0   0   0   0   0   0   0   0   0  0.98 0.18
  171 W    -4  -4  -5  -6  -4  -3  -4  -4  -4  -4  -3  -4  -2   1  -5  -4  -4  12   1  -4    0   0   0   0   0   0   0   0   0   0   0   0   0   5   0   0   0  93   0   0  3.19 0.27
  172 L    -2  -3  -4  -4  -2  -3  -4  -5  -4   1   5  -3   1   0  -4  -3  -2  -3  -2   0    0   0   0   0   0   0   0   0   0   3  95   0   0   0   0   0   0   0   0   1  0.83 0.14
  173 E    -2  -1  -1   1  -5   1   7  -3  -1  -4  -4   0  -3  -4  -2  -1  -2  -4  -3  -4    0   0   0   0   0   0  99   0   0   0   0   0   0   0   0   0   0   0   0   0  1.29 0.19
  174 M    -2  -3  -3  -4  -3  -2  -3  -4  -3   0   1  -3   9  -1  -4  -3  -2  -3  -2  -1    0   0   0   0   0   0   0   0   0   0   0   0  99   0   0   0   0   0   0   0  1.50 0.25
  175 E    -2  -1  -1   1  -5   1   7  -3  -1  -4  -4   0  -3  -4  -2  -1  -2  -4  -3  -4    0   0   0   0   0   0  99   0   0   0   0   0   0   0   0   0   0   0   0   0  1.30 0.19
  176 I    -2  -4  -4  -4  -2  -4  -4  -5  -4   6   1  -4   0  -1  -4  -3  -2  -4  -2   2    0   0   0   0   0   0   0   0   0  99   0   0   0   0   0   0   0   0   0   0  1.01 0.18
  177 G    -1  -3  -1  -2  -4  -3  -3   7  -3  -5  -5  -3  -4  -4  -3  -1  -3  -4  -4  -4    0   0   0   0   0   0   0  99   0   0   0   0   0   0   0   0   0   0   0   0  1.51 0.17
  178 I    -2  -4  -4  -4  -2  -3  -4  -5  -4   6   1  -4   0  -1  -4  -3  -2  -4  -2   2    0   0   0   0   0   1   0   0   0  97   1   0   0   0   0   0   0   0   0   1  0.98 0.17
  179 T    -1  -2  -1  -2  -2  -2  -2  -3  -3  -2  -2  -2  -2  -3  -2   0   7  -4  -3  -1    0   0   0   0   0   0   0   0   0   0   0   0   0   0   0   0 100   0   0   0  1.14 0.20
  180 G    -1  -3  -1  -2  -4  -3  -3   7  -3  -5  -5  -3  -4  -4  -3  -1  -3  -4  -4  -4    0   0   0   0   0   0   0 100   0   0   0   0   0   0   0   0   0   0   0   0  1.55 0.17
  181 G    -1  -3  -1  -2  -4  -3  -3   7  -3  -5  -5  -3  -4  -4  -3  -1  -3  -4  -4  -4    0   0   0   0   0   0   0 100   0   0   0   0   0   0   0   0   0   0   0   0  1.55 0.17
  182 E    -2  -1  -1   1  -5   1   7  -3  -1  -4  -4   0  -3  -4  -2  -1  -2  -4  -3  -4    0   0   0   0   0   0 100   0   0   0   0   0   0   0   0   0   0   0   0   0  1.31 0.20
  183 E    -2  -1  -1   1  -5   1   7  -3  -1  -4  -4   0  -3  -4  -2  -1  -2  -4  -3  -4    0   0   0   0   0   0 100   0   0   0   0   0   0   0   0   0   0   0   0   0  1.32 0.20
  184 D    -3  -3   0   7  -5  -1   1  -2  -2  -4  -5  -2  -4  -5  -3  -1  -2  -6  -4  -4    0   0   0 100   0   0   0   0   0   0   0   0   0   0   0   0   0   0   0   0  1.59 0.20
  185 G    -1  -3  -1  -2  -4  -3  -3   7  -3  -5  -5  -3  -4  -4  -3  -1  -3  -4  -4  -4    0   0   0   0   0   0   0 100   0   0   0   0   0   0   0   0   0   0   0   0  1.54 0.17
  186 V    -1  -4  -4  -4  -2  -3  -4  -4  -4   2   0  -3   0  -2  -3  -3  -1  -4  -2   6    0   0   0   0   0   0   0   0   0   0   0   0   0   0   0   0   0   0   0 100  0.93 0.18
  187 N    -3  -2   6   4  -4  -1  -1  -2  -1  -4  -5  -1  -3  -4  -3   0  -1  -5  -3  -4    0   0  72  27   0   0   0   0   0   0   0   0   0   0   0   0   0   0   0   0  1.12 0.17
  188 N    -3  -2   8   0  -4  -1  -1  -2  -1  -5  -5  -1  -3  -4  -3   0  -1  -5  -3  -4    0   0 100   0   0   0   0   0   0   0   0   0   0   0   0   0   0   0   0   0  1.50 0.21
  189 E    -1  -1  -1   0  -4   1   6  -3  -1  -4  -3   0  -3  -4  -2   0   2  -4  -3  -3    0   0   0   0   0   0  78   1   0   0   0   0   0   0   0   4  18   0   0   0  0.88 0.15
  190 N    -1  -2   1   5  -4  -1   0   2   3  -4  -4  -1  -3  -4  -2   1  -1  -4  -2  -4    0   0   5  50   0   0   2  20  12   0   0   0   0   0   0  11   0   0   0   0  0.65 0.10
  191 A     0  -3  -4  -4  -2  -3  -3  -4  -4   2   0  -3   0  -2  -3  -2  -1  -4  -2   6    3   0   0   0   0   0   0   0   0   0   0   0   0   0   0   0   1   0   0  95  0.83 0.16
  192 D    -2  -2   0   7  -4   0   1  -2   0  -4  -4  -1  -4  -4  -2   0  -2  -5  -4  -4    0   0   0  87   0   2   4   0   2   0   0   0   0   0   0   5   0   0   0   0  1.23 0.16
  193 K    -2   0   7   0  -4  -1  -1  -2  -1  -4  -4   2  -3  -4  -2   0  -1  -5  -3  -4    1   1  81   0   0   0   1   0   0   0   0  14   0   0   0   1   0   0   0   0  1.04 0.17
  194 E     1  -1   5   2  -3  -1   1  -1   0  -4  -4  -1  -3  -4  -2   1  -1  -4  -3  -3   17   0  55   9   0   0   9   0   0   0   0   0   0   0   0   9   0   0   0   0  0.61 0.11
  195 D     2  -1   0   0  -2  -1  -1  -1  -2  -3  -2   0  -2  -3  -2   5   0  -4  -3  -2   15   2   0   3   0   0   0   0   0   0   2   3   1   0   0  74   0   0   0   0  0.59 0.13
  196 L    -2  -3  -4  -5  -2  -3  -4  -5  -4   1   5  -3   1   0  -4  -3  -2  -3  -2   0    0   0   0   0   0   0   0   0   0   0  99   0   1   1   0   0   0   0   0   0  0.89 0.15
  197 Y    -3  -3  -3  -4  -4  -3  -3  -4   1  -3  -2  -3  -2   2  -4  -3  -3   1   9  -2    0   0   0   0   0   0   0   0   0   0   0   0   0   1   0   0   0   0  99   0  1.79 0.23
  198 T    -1  -2  -1  -2  -2  -2  -2  -3  -3  -2  -2  -2  -2  -3  -2   0   7  -4  -3  -1    0   0   0   0   0   0   0   0   0   0   0   0   0   0   0   0 100   0   0   0  1.14 0.20
  199 K    -2   0  -1  -1  -4   7   1  -3  -1  -4  -2   1  -1  -4  -2   0  -1  -3  -3  -3    0   0   0   0   0  83   0   0   0   0   2   6   0   0   0   6   2   0   0   0  1.04 0.19
  200 P    -2  -3  -3  -3  -4  -2  -2  -3  -3  -4  -4  -2  -4  -5   8  -1  -2  -5  -4  -4    1   0   0   0   0   0   0   0   0   0   0   0   0   0  97   2   0   0   0   0  2.39 0.21
  201 E    -1  -1  -1   1  -5   1   6  -3  -1  -4  -4   0  -3  -4  -2  -1  -2  -4  -3  -4    2   0   0   1   0   1  94   0   0   0   0   0   0   0   1   1   0   0   0   0  1.18 0.18
  202 Q    -2  -2   0   6  -4   0   1  -2  -2  -4  -4  -1  -3  -4  -2  -1   1  -5  -4  -3    0   1   0  80   0   3   1   0   0   0   0   0   0   0   0   0  15   0   0   0  1.08 0.16
  203 V    -2  -4  -4  -4  -2  -4  -4  -5  -4   5   1  -3   0  -1  -4  -3  -1  -4  -2   3    0   0   0   0   0   0   0   0   0  73   0   0   0   0   0   0   0   0   0  27  0.77 0.14
  204 Y    -3  -3  -3  -4  -3  -2  -3  -4   2  -1   2  -3   0   4  -4  -3  -2   6   6  -1    0   0   0   0   0   0   1   0   5   0  24   0   0  16   0   0   0  12  42   0  0.79 0.12
  205 N     2   0   2   3  -2   0   2  -1  -1  -3  -3   0  -2  -3  -2   0   0  -4  -2  -2   29   2  17  20   0   2  16   0   1   0   1   6   0   0   0   3   1   0   0   0  0.33 0.07
  206 V    -2  -4  -4  -4  -2  -3  -4  -4  -4   5   1  -3   0  -1  -3  -3  -1  -4  -2   4    0   0   0   0   0   0   0   0   0  59   0   0   0   0   0   0   0   0   0  41  0.72 0.13
  207 Y    -3  -2  -2  -3  -4  -1  -2  -4   5  -3  -2  -3  -2   2  -4  -3  -3   1   7  -2    0   0   0   0   0   2   2   0  20   0   0   0   0   3   0   0   0   1  72   1  1.25 0.18
  208 K     0   1   2   0  -3   2   2  -2   0  -3  -3   3  -2  -4  -2   1   0  -3  -2  -3    5   1  14   3   0  12  15   0   1   0   0  37   0   0   0   9   3   0   0   0  0.39 0.07
  209 A     4  -1  -2  -2  -1  -1  -1  -1  -2  -2  -2  -1  -2  -3  -2   1   3  -3  -3  -1   61   1   0   0   0   0   2   1   0   0   0   1   0   0   0   0  34   0   0   0  0.54 0.13
  210 L    -2  -3  -4  -5  -2  -3  -4  -5  -4   1   5  -3   1   0  -4  -3  -2  -2  -2   0    0   0   0   0   0   0   0   0   0   0  98   0   0   2   0   0   0   0   0   0  0.88 0.15
  211 H     2  -1   0  -1  -2   0   0  -1   0  -2  -3   0  -2  -3  -2   4   0  -3  -2  -2   18   1   2   0   0   2   2   0   2   1   0   4   0   0   0  65   0   0   0   1  0.49 0.12
  212 P     2  -2  -2  -2  -3  -1   0  -2  -2  -3  -3   1  -3  -4   7   0  -1  -4  -3  -3   21   0   0   0   0   1   3   0   0   0   0  13   0   0  58   3   0   0   0   0  1.15 0.13
  213 I    -2  -4  -4  -4  -2  -4  -4  -5  -4   6   1  -4   0  -1  -4  -3  -2  -4  -2   3    0   0   0   0   0   0   0   0   0  86   0   0   0   0   0   0   0   0   0  14  0.86 0.15
  214 S     0  -2   0  -1  -2  -1  -1   0  -2  -3  -4  -1  -3  -3  -2   6   0  -4  -2  -3    1   0   0   1   0   0   0   6   0   0   0   0   0   0   0  92   0   0   0   0  0.84 0.17
  215 P    -2  -3  -3  -3  -4  -2  -2  -3  -3  -4  -4  -2  -4  -5   8  -2  -2  -5  -4  -4    0   0   0   0   0   0   0   0   0   0   0   1   0   0  98   1   0   0   0   0  2.43 0.22
  216 N    -3  -2   4  -2  -3  -2  -2  -2   0  -3  -2  -2  -2   1  -4  -2  -2   0   7  -3    0   0  33   0   0   0   0   1   0   0   1   1   0   2   0   0   0   0  61   0  0.97 0.17
  217 F    -3  -4  -4  -5  -4  -4  -4  -4  -2  -1  -1  -4  -1   8  -5  -4  -3   1   2  -2    0   0   0   0   0   0   0   0   0   0   0   0   0  99   0   0   0   1   0   0  1.58 0.21
  218 S     0  -2   0  -1  -2  -1  -1  -1  -2  -4  -4  -1  -3  -4  -2   6   0  -4  -3  -3    0   0   0   0   0   0   0   0   0   0   0   0   0   0   0 100   0   0   0   0  1.00 0.19
  219 I    -2  -4  -4  -4  -1  -4  -4  -5  -4   6   1  -4   0  -1  -4  -3  -2  -4  -2   2    0   0   0   0   1   0   0   0   0  99   0   0   0   0   0   0   0   0   0   0  1.03 0.18
  220 A     6  -2  -3  -3  -1  -2  -2  -1  -3  -2  -3  -2  -2  -3  -2   0  -1  -4  -3  -1  100   0   0   0   0   0   0   0   0   0   0   0   0   0   0   0   0   0   0   0  0.92 0.17
  221 A     6  -2  -3  -3  -1  -2  -2  -1  -3  -2  -3  -2  -2  -3  -2   0  -1  -4  -3  -1   99   0   0   0   0   0   0   0   0   0   0   0   0   0   0   1   0   0   0   0  0.90 0.17
  222 A     3  -3  -2  -2  -2  -2  -2   5  -3  -3  -3  -2  -3  -4  -2   0  -2  -3  -3  -2   36   0   0   0   0   0   0  62   0   0   0   0   0   0   0   1   0   0   0   0  0.87 0.12
  223 F    -3  -4  -4  -5  -4  -4  -4  -4  -2  -1  -1  -4  -1   8  -5  -4  -3   0   2  -2    0   0   0   0   0   0   0   0   0   0   0   0   0 100   0   0   0   0   0   0  1.60 0.21
  224 G    -1  -3  -1  -2  -4  -3  -3   7  -3  -5  -5  -3  -4  -4  -3  -1  -3  -4  -4  -4    0   0   0   0   0   0   0 100   0   0   0   0   0   0   0   0   0   0   0   0  1.55 0.17
  225 N    -3  -2   8   0  -4  -1  -1  -2  -1  -5  -5  -1  -3  -4  -3   0  -1  -5  -3  -4    0   0 100   0   0   0   0   0   0   0   0   0   0   0   0   0   0   0   0   0  1.50 0.21
  226 C    -1  -4  -4  -4  -1  -3  -4  -4  -4   2   0  -3   0  -2  -3  -3  -1  -4  -2   6    0   0   0   0   1   0   0   0   0   0   0   0   0   0   0   0   1   0   0  98  0.89 0.17
  227 H    -3  -2  -1  -2  -4  -1  -1  -3  10  -5  -4  -2  -3  -3  -4  -2  -3  -4   0  -5    0   0   0   0   0   0   0   0 100   0   0   0   0   0   0   0   0   0   0   0  2.06 0.25
  228 G    -1  -3  -1  -2  -4  -3  -3   7  -3  -5  -5  -3  -4  -4  -3  -1  -3  -4  -4  -4    0   0   0   0   0   0   0 100   0   0   0   0   0   0   0   0   0   0   0   0  1.55 0.17
  229 L    -1  -4  -4  -4  -2  -3  -4  -4  -4   2   0  -3   0  -2  -3  -2  -1  -4  -2   6    0   0   0   0   0   0   0   0   0   0   2   0   0   0   0   1   0   0   0  97  0.88 0.17
  230 Y    -3  -3  -3  -4  -4  -3  -3  -4   1  -3  -2  -3  -2   2  -4  -3  -3   1   9  -3    0   0   0   0   0   0   0   0   0   0   0   0   0   0   0   0   0   0 100   0  1.83 0.24
  231 A    -1   1  -1  -2  -4   0   0  -3  -2  -4  -4   6  -2  -4   0  -1  -2  -4  -3  -3    2   0   0   0   0   1   0   0   0   0   0  93   0   0   5   0   0   0   0   0  1.00 0.18
  232 G    -1  -3  -1  -2  -4  -3  -3   7  -3  -4  -5  -3  -4  -4  -3  -1  -3  -4  -4  -4    1   0   0   0   0   0   0  98   0   1   0   0   0   0   0   0   0   0   0   1  1.50 0.17
  233 D    -2  -2   7   0  -4  -1  -1  -2  -1  -4  -5  -1  -3  -4  -3   0  -1  -5  -3  -4    2   0  97   1   0   0   0   0   0   0   0   0   0   0   0   0   1   0   0   0  1.40 0.20
  234 I    -1  -3  -4  -4  -2  -3  -3  -4  -4   2   0  -3   0  -2  -3  -3  -1  -4  -2   6    1   0   0   0   0   0   0   0   0   1   0   0   1   0   1   0   0   0   0  96  0.84 0.16
  235 A    -1   3  -1  -2  -3   2   0  -2  -1  -2  -3   5  -2  -3  -2  -1  -1  -4  -2   0    3  19   0   0   0   7   1   0   0   1   0  59   0   0   0   0   1   0   0   9  0.56 0.11
  236 L    -2  -3  -4  -5  -2  -3  -4  -5  -4   1   5  -3   1   0  -4  -3  -2  -3  -2   0    0   0   0   0   0   0   0   0   0   0  99   0   0   0   0   0   0   0   0   0  0.89 0.15
  237 R    -2   3  -1  -2  -4   2   0  -3   7  -4  -3   1  -2  -3  -3  -1  -2  -3   0  -4    0  21   0   0   0  14   0   0  53   0   1   6   0   0   0   3   1   0   0   0  0.86 0.14
  238 P    -2  -3  -3  -3  -4  -2  -2  -3  -3  -4  -4  -2  -4  -5   8  -2  -2  -5  -4  -4    0   0   0   0   0   0   0   0   0   0   0   0   0   0  99   0   0   0   0   0  2.47 0.22
  239 E    -1  -1  -1   1  -4   1   6  -2  -1  -3  -3   0  -3  -4  -2   0  -1  -2  -3  -2    3   0   0   2   0   3  79   2   0   0   0   1   0   0   0   6   0   0   0   2  0.85 0.14
  240 I    -2  -3  -4  -4  -2  -3  -4  -4  -4   3   5  -3   1   0  -4  -3  -2  -3  -2   1    0   0   0   0   0   0   0   0   0  17  82   0   0   0   0   0   0   0   0   0  0.71 0.12
  241 L    -2  -3  -4  -5  -2  -3  -4  -5  -4   1   5  -3   1   0  -4  -3  -2  -3  -2   0    0   0   0   0   0   0   0   0   0   0  99   0   0   0   0   0   0   0   0   0  0.89 0.15
  242 A     1  -1   0   0  -3   1  -1   4  -2  -4  -3   1  -2  -3  -2   1  -1  -3  -3  -3   11   0   1   3   0   8   2  51   0   0   0  10   0   0   0  13   0   0   0   0  0.54 0.08
  243 E    -2   1  -1   2  -4   1   1  -2  -2  -4  -3   6  -2  -4  -2  -1  -1  -4  -3  -3    0   1   0  11   0   1   6   0   0   0   0  77   0   0   0   0   1   0   0   0  0.75 0.14
  244 H    -3  -2  -1  -2  -4  -1  -1  -3  10  -4  -4  -2  -3  -1  -3  -2  -3  -3   1  -4    0   0   0   0   0   0   0   0  96   0   0   0   0   3   0   0   0   0   0   0  1.91 0.24
  245 Q    -2   0  -1  -1  -4   7   1  -3  -1  -4  -3   0  -2  -4  -2  -1  -2  -3  -3  -3    0   0   1   0   0  98   0   0   0   0   0   0   0   0   0   0   0   0   0   0  1.40 0.22
  246 K     3   0   0  -1  -2   1   1  -1  -1  -2  -1   2  -1  -3  -2   0   0  -3  -2  -1   45   0   2   2   0   6   8   0   0   1   4  25   0   0   0   1   2   0   0   2  0.27 0.08
  247 Y    -3  -3  -3  -4  -3  -2  -3  -4   4  -2  -2  -3  -2   3  -4  -3  -3   1   8  -2    0   0   0   0   0   0   0   0  14   0   0   0   0  11   0   0   0   0  73   0  1.27 0.18
  248 T     2  -3  -3  -3  -1  -2  -2  -2  -3   1   0  -2   0  -2  -2  -1   1  -3  -2   4   26   0   0   0   1   0   0   1   0   0   0   0   0   0   0   1  11   0   0  59  0.39 0.11
  249 R     1   1  -1  -1  -2   1   0  -2  -1  -3  -3   5  -2  -3  -2   1  -1  -3  -2  -2   14   3   1   0   1   6   2   0   1   0   0  59   0   0   0  10   2   0   0   1  0.47 0.10
  250 E     0   0  -1   1  -4   3   5  -2  -1  -4  -3   2  -2  -4  -2   0  -1  -4  -3  -3    7   0   0   4   0  12  62   2   0   0   0  10   0   0   0   1   0   0   0   0  0.68 0.12
  251 Q     1   1  -1  -1  -3   4   1  -2  -1  -3  -3   5  -2  -4  -2  -1  -1  -3  -2  -2   14   0   1   0   0  27   3   0   0   0   0  54   0   0   0   0   1   0   0   0  0.58 0.12
  252 V    -1  -2  -2  -2  -2  -2   0  -3  -2   3   2  -2   1  -1  -3  -1   2  -3  -2   1    3   0   0   1   0   0   8   0   1  36  28   0   1   0   0   2  17   0   0   4  0.25 0.07
  253 G    -1  -1   1  -1  -3  -1  -2   5  -2  -4  -4   1  -3  -4  -3   0  -1  -3  -3  -4    0   0   9   1   0   1   0  64   0   0   0  16   0   0   0   7   0   0   0   0  0.76 0.11
  254 C     1  -1   0  -1  -1  -1  -1   2  -2  -2  -2   0  -2  -3  -2   3   2  -3  -2  -1   15   0   2   0   1   0   0  18   0   1   3   5   0   0   0  38  14   0   0   2  0.30 0.07
  255 K     0   1   0   1  -3   1   1  -1  -1  -3  -3   4  -2  -4   1   1   0  -4  -3  -3    4   0   3   8   0   2   5   1   0   0   1  55   0   0   5  15   2   0   0   0  0.44 0.09
  256 E     0  -1   1   3  -3   0   3  -1  -1  -2  -2   1  -2  -3  -1   1   0  -3  -2  -2    6   0   7  20   0   1  29   3   0   1   2   8   0   0   2  11   5   0   1   3  0.29 0.05
  257 E    -1  -1   1   5  -3   0   3  -2  -1  -3  -4   1  -3  -4   0   0  -1  -4  -3  -3    4   0   4  47   0   1  21   1   0   0   0   8   0   0   5   8   2   0   0   0  0.58 0.09
  258 K    -2   1  -1  -2  -4   1   0  -3   2  -4  -3   6  -2  -3  -2  -1  -1  -4  -2  -3    0   1   0   0   0   5   0   0   7   0   0  84   0   1   0   0   2   0   0   0  0.86 0.16
  259 P    -2  -3  -3  -3  -4  -3  -2  -3  -3  -4  -4  -2  -4  -5   8  -2  -2  -5  -4  -4    0   0   0   0   0   0   0   0   0   0   0   0   0   0 100   0   0   0   0   0  2.53 0.22
  260 L    -1  -3  -4  -4  -1  -3  -3  -4  -4   2   3  -3   1  -1  -3  -3  -1  -3  -2   4    0   0   0   0   1   0   0   0   0   2  38   0   0   0   0   0   1   0   0  58  0.55 0.11
  261 F    -3  -4  -4  -4  -3  -4  -4  -4  -1  -1  -1  -4  -1   7  -5  -3  -3   0   5  -2    0   0   0   0   0   0   0   0   1   0   0   0   0  77   0   0   1   0  21   0  1.27 0.17
  262 L    -2  -3  -4  -5  -2  -3  -4  -4  -3   1   4  -3   1   4  -4  -3  -2  -2   0   0    0   0   0   0   0   0   0   0   0   0  76   0   0  24   0   0   0   0   0   0  0.72 0.13
  263 V    -1  -4  -4  -4  -2  -3  -4  -4  -4   2   0  -3   0  -2  -3  -3  -1  -4  -2   6    0   0   0   0   0   0   0   0   0   0   0   0   0   0   0   0   0   0   0 100  0.93 0.18
  264 F    -3  -4  -4  -5  -4  -4  -4  -4  -2  -1  -1  -4  -1   8  -5  -4  -3   0   2  -2    0   0   0   0   0   0   0   0   0   0   0   0   0 100   0   0   0   0   0   0  1.60 0.21
  265 H    -3  -2  -1  -2  -4  -1  -1  -3  10  -5  -4  -2  -3  -3  -4  -2  -3  -4   0  -5    0   0   0   0   0   0   0   0 100   0   0   0   0   0   0   0   0   0   0   0  2.06 0.25
  266 G    -1  -3  -1  -2  -4  -3  -3   7  -3  -5  -5  -3  -4  -4  -3  -1  -3  -4  -4  -4    0   0   0   0   0   0   0 100   0   0   0   0   0   0   0   0   0   0   0   0  1.55 0.17
  267 G    -1  -3  -1  -2  -4  -3  -3   7  -3  -5  -5  -3  -4  -4  -3  -1  -3  -4  -4  -4    0   0   0   0   0   0   0 100   0   0   0   0   0   0   0   0   0   0   0   0  1.55 0.17
  268 S     0  -2   0  -1  -2  -1  -1  -1  -2  -4  -4  -1  -3  -4  -2   6   0  -4  -3  -3    0   0   0   0   0   0   0   0   0   0   0   0   0   0   0 100   0   0   0   0  1.00 0.19
  269 G    -1  -3  -1  -2  -4  -3  -3   7  -3  -5  -5  -3  -4  -4  -3  -1  -3  -4  -4  -4    0   0   0   0   0   0   0 100   0   0   0   0   0   0   0   0   0   0   0   0  1.55 0.17
  270 S     0  -2   0  -1  -2  -1  -1  -1  -2  -4  -4  -1  -3  -4  -2   6   0  -4  -3  -3    0   0   0   0   0   0   0   0   0   0   0   0   0   0   0 100   0   0   0   0  1.00 0.19
  271 T     0  -2   0  -1  -2  -1  -1  -1  -2  -3  -3  -1  -2  -3  -2   4   4  -4  -3  -2    2   0   0   1   0   0   1   2   0   0   0   0   0   0   0  59  36   0   0   0  0.63 0.14
  272 V    -1   1  -1  -1  -3   2   0  -3  -1  -2  -2   5  -2  -3  -2  -1  -1  -4  -3   1    0   0   0   2   0  13   0   0   0   0   0  67   0   0   0   0   1   0   0  15  0.57 0.13
  273 Q    -1   0   0   2  -4   4   4  -2   0  -4  -3   2  -2  -4  -2   0  -1  -3  -3  -3    4   0   1  11   0  24  43   0   1   0   0  13   0   0   0   4   0   0   0   0  0.59 0.10
  274 E    -2  -1  -1   3  -5   1   6  -3  -1  -4  -4   0  -3  -4  -2  -1  -2  -4  -3  -4    0   0   0  14   0   1  84   0   0   0   0   0   0   0   0   0   0   0   0   0  1.11 0.17
  275 F    -3  -3  -4  -4  -3  -3  -4  -4  -1   2  -1  -4  -1   6  -4  -3  -3   0   5  -1    0   0   0   0   0   0   0   0   0  15   0   0   0  53   0   0   0   0  32   0  0.96 0.14
  276 H    -1   2   0   1  -3   2   0  -2   0  -1   1   2  -1  -2  -2   0   0  -3  -2  -2    2  13   4   9   0  12   1   0   2   1  20  24   0   0   0   6   6   0   0   0  0.18 0.05
  277 T    -1  -1   0   3  -3   1   3  -2  -2  -2  -3  -1  -2  -3  -2   0   3  -4  -3  -2    1   0   0  26   0   5  27   0   0   2   0   1   0   0   0   0  37   0   0   1  0.50 0.10
  278 G     5  -2  -2  -3  -1  -2  -2   1  -3  -2  -3  -2  -2  -3  -2   0  -1  -4  -3  -1   91   0   0   0   0   0   0   9   0   0   0   0   0   0   0   0   0   0   0   0  0.79 0.16
  279 I    -2  -4  -4  -4  -2  -4  -4  -5  -4   6   1  -4   0  -1  -4  -3  -1  -4  -2   3    0   0   0   0   0   0   0   0   0  85   0   0   0   0   0   0   0   0   0  15  0.86 0.15
  280 D     0  -1   1   1  -2   0   0   1  -1  -3  -3   1  -2  -3  -2   4   0  -4  -3  -2    1   1   5   7   0   2   4  12   0   0   0   9   0   0   0  56   2   0   0   1  0.41 0.10
  281 N    -2  -2   4  -2  -3  -1  -2  -3   5  -3  -2  -2  -2   2  -3  -1  -2   0   6  -3    1   0  28   0   0   0   0   0  17   0   1   0   0   6   0   3   0   0  43   0  0.73 0.13
  282 G    -1  -3  -1  -2  -4  -3  -3   7  -3  -5  -5  -3  -4  -4  -3  -1  -3  -4  -4  -4    1   0   0   0   0   0   0  99   0   0   0   0   0   0   0   0   0   0   0   0  1.54 0.17
  283 V    -1  -4  -4  -4  -2  -3  -3  -4  -4   2   0  -3   0  -2  -3  -3  -1  -4  -2   6    1   0   0   0   0   0   0   0   0   1   0   0   0   0   0   0   0   0   0  97  0.88 0.17
  284 V    -1  -4  -4  -4   0  -3  -4  -4  -4   2   0  -3   0  -2  -3  -3  -1  -4  -2   6    0   0   0   0   2   0   0   0   0   4   0   0   0   0   0   0   0   0   0  94  0.84 0.16
  285 K    -2   1  -1  -2  -4   0   0  -3  -2  -4  -4   7  -2  -4  -2  -1  -2  -4  -3  -3    0   0   0   0   0   0   0   0   0   0   0 100   0   0   0   0   0   0   0   0  1.15 0.19
  286 V    -1  -3  -4  -4  -1  -3  -3  -4  -4   2   0  -3   4  -2  -3  -2  -1  -3  -2   5    0   0   0   0   0   0   0   0   0   1   0   0  15   0   0   0   0   0   0  82  0.71 0.15
  287 N    -3  -2   7   0  -4  -1  -1  -2   0  -4  -4  -1  -3  -4  -3   0  -1  -5  -3  -4    0   0  98   0   0   0   0   0   0   0   0   0   0   0   0   0   0   0   0   0  1.43 0.20
  288 L    -2  -3  -4  -4  -2  -3  -3  -4  -3   2   4  -3   2   0  -3  -3  -1  -3  -2   3    0   0   0   0   0   0   0   0   0   3  63   0   7   0   0   0   0   0   0  26  0.53 0.10
  289 D    -3  -3   0   7  -5  -1   1  -2  -2  -4  -5  -2  -4  -5  -3  -1  -2  -5  -4  -4    0   0   0  98   0   0   0   0   0   0   0   0   0   0   0   0   0   0   0   0  1.52 0.19
  290 T    -1  -2  -1  -2  -2  -2  -2  -3  -3  -2  -2  -2  -2  -3  -2   0   6  -4  -3  -1    0   0   0   0   0   0   0   0   0   0   0   0   0   0   0   0  98   0   0   0  1.09 0.19
  291 D    -3  -3   1   7  -4  -1   1  -2  -2  -4  -5  -2  -4  -5  -2  -1  -2  -5  -4  -4    0   0   1  97   0   0   1   0   0   0   0   0   0   0   0   0   0   0   0   0  1.49 0.19
  292 C    -1  -3  -3  -3   5  -2  -3  -3  -3   0   3  -2   4  -1  -3  -1   2  -2  -2   0    0   0   0   0  18   0   0   0   0   0  38   0  24   0   0   0  18   0   0   0  0.46 0.10
  293 Q    -2   0  -1  -1  -4   7   1  -3  -1  -4  -3   0  -2  -4  -2  -1  -2  -3  -3  -3    0   0   0   0   0  98   0   0   0   0   0   0   0   0   0   0   0   0   0   0  1.40 0.22
  294 Y    -3  -3  -4  -4  -3  -3  -3  -4  -1  -2  -1  -3  -2   5  -4  -3  -3   8   6  -2    0   0   0   0   0   0   0   0   0   0   0   0   0  32   0   0   0  23  43   0  1.30 0.16
  295 A     5  -2  -2  -3  -1  -2  -2   0  -3  -2  -2  -2  -2  -3  -2   0  -1  -3  -3  -1   96   0   0   0   0   0   0   1   0   0   0   0   0   0   0   0   1   0   0   0  0.84 0.16
  296 Y    -3  -3  -3  -4  -4  -3  -3  -4   1  -3  -2  -3  -2   2  -4  -3  -3   1   9  -2    0   0   0   0   0   0   0   0   0   0   0   0   0   0   0   0   0   0  98   0  1.76 0.23
  297 L    -2  -3  -4  -4   1  -3  -3  -4  -3   1   5  -3   3   0  -3  -2   0  -2  -2   0    0   0   0   0   3   0   0   0   0   0  82   0   7   0   0   1   6   0   0   0  0.62 0.12
  298 T     1  -1   0  -1   1   0   1  -1  -2  -1  -2   0  -1  -3  -2   2   3  -3  -2   0   12   0   1   0   3   1  10   1   0   4   1   5   0   0   0  22  35   0   0   4  0.26 0.07
  299 G    -1  -3  -1  -2  -3  -3  -3   7  -3  -5  -5  -2  -4  -4  -3  -1  -3  -3  -4  -4    0   0   0   0   0   0   0  98   0   0   0   0   0   0   0   0   0   0   0   0  1.49 0.17
  300 I    -2  -4  -4  -4  -2  -3  -4  -4  -2   6   1  -3   1  -1  -3  -3  -1  -3  -2   3    1   0   0   0   0   0   0   0   1  79   0   0   1   1   0   0   0   0   0  16  0.72 0.13
  301 R    -2   7  -1  -3  -4   0  -1  -3  -1  -4  -3   1  -2  -4  -3  -2  -2  -4  -3  -4    0  98   0   0   0   0   0   0   0   0   0   0   0   0   0   0   0   0   0   0  1.39 0.19
  302 D    -3  -3   1   7  -4  -1   1  -2  -2  -4  -5  -2  -4  -5  -2  -1  -2  -5  -4  -4    0   0   1  96   0   0   1   0   0   0   0   0   0   0   0   0   0   0   0   0  1.48 0.18
  303 Y    -3  -3  -3  -4  -3  -3  -3  -4   0  -2  -2  -3  -2   4  -4  -3  -3   1   8  -2    0   0   0   0   0   0   0   0   0   0   0   0   0  19   0   0   0   0  79   0  1.42 0.19
  304 V    -1  -3  -4  -4  -2  -3  -3  -4  -4   3   0  -3   4   0  -3  -2  -1  -3  -2   5    0   0   0   0   0   0   0   0   0  13   0   0  16   2   0   0   0   0   0  67  0.58 0.12
  305 L    -2  -2  -3  -3  -2   0  -2  -3  -3   1   4  -2   1   0  -3  -2   0  -2  -2   1    0   0   1   0   0   7   2   1   0   7  69   2   0   1   0   0   6   0   0   3  0.39 0.09
  306 N    -1   0   5   0  -3   0   0   0  -1  -4  -4   3  -2  -4  -2   0   0  -4  -3  -3    1   0  48   1   0   0   1   6   0   0   0  34   0   0   0   5   2   0   0   0  0.59 0.11
  307 K    -2   1   3  -1  -4   0   0  -2  -1  -4  -4   6  -2  -4  -2  -1  -2  -4  -2  -3    0   0  15   0   0   0   0   0   0   0   0  83   0   0   0   0   0   0   1   0  0.88 0.16
  308 K    -1   1  -1  -2  -4   1   0  -2   0   0  -3   6  -2  -4  -2  -1  -1  -4  -2  -2    1   2   0   0   0   2   1   0   2   8   0  81   0   0   0   2   0   0   0   0  0.71 0.14
  309 D    -2  -2   0   7  -4  -1   2   0  -2  -4  -5  -2  -4  -5  -2  -1  -2  -5  -4  -4    0   0   0  86   0   0   8   5   0   0   0   0   0   0   0   1   0   0   0   0  1.24 0.16
  310 Y    -3  -3  -3  -4  -4  -3  -3  -4   1  -3  -2  -3  -2   2  -4  -3  -3   1   9  -3    0   0   0   0   0   0   0   0   0   0   0   0   0   1   0   0   0   0  99   0  1.82 0.23
  311 I    -2  -3  -4  -4  -2  -3  -4  -4  -4   3   4  -3   1   0  -4  -3  -2  -3  -2   2    0   0   0   0   0   0   0   0   0  24  67   0   0   0   0   0   0   0   0   9  0.61 0.10
  312 M    -1  -1  -1  -3  -2   1  -2  -3  -2   0   2   1   6  -1  -3   0  -1  -3  -2  -1    1   1   3   0   0   9   0   0   0   0  23  11  41   0   0   8   1   0   0   0  0.33 0.11
  313 S     0  -1   0  -1  -1   0  -1  -2  -2  -2  -3   0  -2  -3  -2   3   5  -3  -2  -1    3   0   0   0   0   2   0   0   0   0   0   6   0   0   0  35  52   0   0   0  0.56 0.12
  314 P     0  -1  -1  -2  -3   6   0  -2  -1  -2  -2   0   2  -4   3  -1   0  -3  -2  -2    9   0   0   0   0  61   1   0   0   1   0   0   8   0  14   1   5   0   0   1  0.66 0.14
  315 V    -1  -4  -4  -4  -2  -3  -4  -4  -4   2   0  -3   0  -2  -3  -3  -1  -4  -2   6    0   0   0   0   0   0   0   0   0   3   0   0   0   0   0   0   0   0   0  97  0.89 0.17
  316 G    -1  -3  -1  -2  -4  -3  -3   7  -3  -5  -5  -3  -4  -4  -3  -1  -3  -4  -4  -4    0   0   0   0   0   0   0 100   0   0   0   0   0   0   0   0   0   0   0   0  1.55 0.17
  317 N    -3  -2   8   0  -4  -1  -1  -2  -1  -5  -5  -1  -3  -4  -3   0  -1  -5  -3  -4    0   0  99   0   0   0   0   0   0   0   0   0   0   0   0   1   0   0   0   0  1.48 0.21
  318 P    -2  -3  -3  -3  -4  -3  -2  -3  -3  -4  -4  -2  -4  -5   8  -2  -2  -5  -4  -4    0   0   0   0   0   0   0   0   0   0   0   1   0   0  99   0   0   0   0   0  2.51 0.22
  319 E    -2  -2   0   6  -4   0   4  -3  -2  -4  -4  -1  -3  -4  -2  -1  -1  -5  -3  -4    0   0   0  57   0   0  40   0   0   0   0   0   0   0   0   0   3   0   0   0  0.99 0.14
  320 G    -1  -3  -1  -2  -4  -3  -3   7  -3  -5  -5  -3  -4  -4  -3  -1  -3  -4  -4  -4    0   0   0   1   0   0   0  98   0   0   0   0   0   0   0   1   0   0   0   0  1.51 0.17
  321 P     2  -1  -1   2  -3   0   4  -2  -2  -3  -3   0  -2  -4   3   0  -1  -4  -3  -2   30   0   0  15   0   1  37   0   0   0   0   1   0   0  15   1   0   0   0   0  0.51 0.09
  322 E    -3  -3   1   7  -5  -1   1  -2  -2  -4  -5  -2  -4  -5  -3  -1  -2  -5  -4  -4    0   0   2  95   0   0   1   0   0   0   0   0   0   0   0   0   1   0   0   0  1.45 0.18
  323 K    -1   1  -1  -2  -4   0   0  -2  -2  -4  -3   6  -2  -4  -2  -1  -2  -4  -3  -3    2   0   0   0   0   0   0   1   0   0   1  94   0   0   0   1   0   0   0   0  1.00 0.18
  324 P    -2  -3  -3  -3  -4  -3  -2  -3  -3  -4  -4  -2  -4  -5   8  -2  -2  -5  -4  -4    0   0   0   0   0   0   0   0   0   0   0   0   0   0 100   0   0   0   0   0  2.53 0.22
  325 N    -3  -2   8   0  -4  -1  -1  -2  -1  -5  -5  -1  -3  -4  -3   0  -1  -5  -3  -4    0   0 100   0   0   0   0   0   0   0   0   0   0   0   0   0   0   0   0   0  1.50 0.21
  326 K    -2   1  -1  -2  -4   0   0  -3  -2  -4  -4   6  -2  -4  -2  -1  -2  -4  -3  -3    0   1   0   0   0   0   0   0   0   0   0  99   0   0   0   0   0   0   0   0  1.13 0.19
  327 K    -2   1  -1  -2  -4   0   0  -3  -2  -4  -4   6  -2  -4  -2  -1  -2  -4  -3  -3    0   1   0   0   0   0   0   0   0   0   0  99   0   0   0   0   0   0   0   0  1.12 0.19
  328 F    -2  -2  -3  -4  -3  -1  -2  -4   1  -2  -1   0  -2   5  -4  -2  -2   1   7  -2    0   0   0   0   0   1   0   0   1   0   1  10   0  26   0   1   0   1  57   1  0.93 0.15
  329 F    -3  -3  -4  -4  -3  -3  -4  -4  -1  -1  -1  -3  -1   6  -4  -3  -3   1   6  -2    0   0   0   0   0   0   0   0   0   0   0   0   0  56   0   1   0   0  43   0  1.22 0.17
  330 D    -3  -3   0   7  -5  -1   1  -2  -2  -4  -5  -2  -4  -5  -3  -1  -2  -6  -4  -4    0   0   0  99   0   0   0   0   0   1   0   0   0   0   0   0   0   0   0   0  1.55 0.20
  331 P    -2  -3  -3  -3  -4  -3  -2  -3  -3  -4  -4  -2  -4  -5   8  -2  -2  -5  -4  -4    0   0   0   0   0   0   0   0   0   0   0   0   0   0  99   1   0   0   0   0  2.51 0.22
  332 R    -3   7  -2  -3  -5   0  -1  -3  -1  -4  -3   1  -3  -4  -3  -2  -2  -4  -3  -4    0  99   0   0   0   0   0   0   0   0   0   0   0   0   0   1   0   0   0   0  1.42 0.20
  333 V    -1  -3  -3  -4  -2  -3  -3  -3  -4   2   0  -3   0  -2  -3  -3  -1  -4  -2   6    0   0   1   0   0   0   0   1   0   1   0   0   0   0   0   0   0   0   0  97  0.83 0.17
  334 W    -4  -4  -5  -6  -4  -4  -4  -4  -4  -4  -3  -5  -3   0  -5  -4  -4  12   1  -4    0   0   0   0   0   0   0   0   0   0   0   0   0   1   0   0   0  99   0   0  3.50 0.30
  335 V    -1  -4  -4  -4  -2  -3  -4  -4  -4   2   0  -3   0  -2  -3  -3  -1  -4  -2   6    0   0   0   0   0   0   0   0   0   5   0   0   0   0   0   0   0   0   0  95  0.90 0.17
  336 R    -3   7  -2  -3  -5   0  -1  -4  -1  -4  -3   1  -3  -4  -3  -2  -2  -4  -3  -4    0 100   0   0   0   0   0   0   0   0   0   0   0   0   0   0   0   0   0   0  1.48 0.21
  337 E    -2  -1  -1   1  -5   1   6  -3  -1  -4  -4   0  -3  -4  -2  -1  -2  -4  -3  -4    0   0   0   1   0   0  97   0   0   0   0   0   0   0   0   0   0   0   0   0  1.29 0.20
  338 G    -1  -3  -1  -2  -3  -3  -3   7  -3  -5  -5  -3  -4  -4  -3  -1  -3  -4  -4  -4    1   0   0   0   0   0   0  97   0   0   0   0   0   0   0   1   0   0   0   0  1.48 0.17
  339 E    -2  -1  -1   0  -5   1   7  -3  -1  -4  -4   0  -3  -4  -2  -1  -2  -4  -3  -4    0   0   0   0   0   0  99   0   0   0   0   1   0   0   0   0   0   0   0   0  1.32 0.20
  340 K    -2   1  -1  -2  -4   0   0  -3  -2  -4  -3   6  -2  -4  -2  -1  -2  -4  -3  -3    0   0   0   0   0   1   0   0   0   0   0  98   0   0   0   0   0   0   0   0  1.12 0.19
  341 T    -1  -2  -1  -2  -2  -2  -2  -3  -3  -2  -2  -2  -2  -3  -2   1   6  -4  -3  -1    1   0   0   0   0   0   0   0   0   0   0   0   0   0   0   4  93   0   0   1  1.03 0.19
  342 M    -2  -3  -4  -5  -3  -2  -3  -4  -3   0   2  -3   9  -1  -4  -3  -2  -3  -2   0    0   0   0   0   0   0   0   0   0   0  13   0  87   0   0   0   0   0   0   0  1.30 0.23
  343 G     1  -1   0  -1  -2  -1  -1  -1  -2  -2  -3   0  -2  -3  -2   4   3  -4  -2  -1    4   0   0   0   0   0   0   0   0   0   0   5   0   0   0  65  21   0   1   3  0.56 0.13
  344 A     3   0  -1  -1  -2   1   1  -1  -1  -2  -2   3  -1  -3  -2   0   0  -3  -2   0   38   0   0   1   0   7   9   0   0   1   1  32   0   0   0   1   5   0   0   6  0.29 0.08
  345 K    -3   7  -2  -3  -5   0  -1  -4  -1  -4  -3   1  -3  -4  -3  -2  -2  -4  -3  -4    0  99   0   0   0   0   0   0   0   0   0   1   0   0   0   0   0   0   0   0  1.45 0.21
  346 I    -1  -3  -4  -4  -2  -3  -3  -4  -4   3   1  -3   0  -1  -3  -3  -1  -4  -2   5    1   0   0   0   0   0   0   0   0  22   7   0   0   0   0   0   1   0   0  69  0.64 0.12
  347 T     2   0  -1  -1  -2   2   1  -1  -1  -2  -2   3  -1  -3  -2   1   2  -3  -2  -1   27   0   0   1   0  14   4   0   1   1   0  27   0   0   0   7  15   0   0   1  0.29 0.08
  348 K    -1  -1  -1   0  -4   1   5  -3  -1   0  -2   0  -2  -3  -2  -1   0  -4  -3   1    0   0   0   0   0   4  68   0   1   5   0   2   0   0   0   1   4   0   0  15  0.63 0.13
  349 S     5  -2  -2  -3  -1  -2  -2   2  -3  -3  -3  -2  -2  -3  -2   0  -1  -3  -3  -1   78   0   1   0   1   0   0  19   0   0   0   0   0   0   0   2   0   0   0   0  0.69 0.14
  350 L    -2  -3  -4  -5   5  -3  -4  -4  -4   0   5  -3   1   1  -4  -3  -2  -2  -2   0    0   0   0   0  15   0   0   0   0   0  80   0   0   5   0   0   0   0   0   0  0.73 0.13
  351 E     0   0   0   2  -3   1   2  -2   0  -2  -3   3  -2  -3  -2   0   0  -3  -2  -1    9   2   3  15   0   6  21   0   2   0   0  28   0   0   0   3   5   0   0   6  0.30 0.06
  352 T    -2  -3   0   6  -3  -2   0  -3  -2   0  -3  -2  -3  -2  -3  -1  -1  -5  -3   0    1   0   0  78   0   0   0   0   1  11   0   0   0   1   0   0   2   0   0   7  0.95 0.15
  353 F    -3  -4  -4  -5  -3  -4  -4  -4  -2  -1   1  -4  -1   7  -5  -3  -3   0   2  -2    0   0   0   0   0   0   0   0   0   0  15   0   0  84   0   0   0   0   1   0  1.24 0.18
  354 R    -2   0   6   0  -4  -1  -1   2   4  -4  -4  -1  -3  -2  -3   0  -1  -3   1  -4    0   6  56   0   0   0   0  15  13   0   1   2   0   0   0   1   0   0   6   0  0.65 0.12
  355 T     1  -2   2  -1   2  -1  -2  -2  -2  -2  -2  -1  -2  -3  -2   1   5  -4  -3  -1   14   0  15   0   5   0   0   0   0   0   0   0   0   0   0   2  64   0   0   0  0.60 0.14
  356 T     4  -1  -1  -2  -1  -1   0  -1  -2  -1  -2   1  -1  -3  -2   1   0  -3  -2   1   55   0   1   1   0   1   4   0   0   2   0  11   0   0   0   4   6   0   0  14  0.29 0.09
  357 N    -1  -2   5   2  -4  -2  -2   5  -1  -4  -4  -2  -3  -4  -3   0  -2  -4  -3  -4    0   0  38  10   0   0   0  50   0   0   0   0   0   0   0   1   0   0   0   0  0.85 0.13
  358 T    -1   2  -1  -1  -3   6   1  -3  -1  -3  -3   2  -1  -4  -2   0   1  -3  -2  -2    2  12   0   0   0  61   0   0   0   0   0   8   0   0   0   3  11   0   0   3  0.69 0.14
  359 L    -2  -3  -4  -5  -2  -3  -4  -5  -4   1   5  -3   1   0  -4  -3  -2  -3  -2   1    0   0   0   0   0   0   0   0   0   4  88   0   0   0   0   0   0   0   0   8  0.76 0.13

                      K         Lambda
Standard Ungapped    0.1336     0.3155
Standard Gapped      0.0555     0.2670
PSI Ungapped         0.1812     0.3177
PSI Gapped           0.0555     0.2670
