
Last position-specific scoring matrix computed, weighted observed percentages rounded down, information per position, and relative weight of gapless real matches to pseudocounts
            A   R   N   D   C   Q   E   G   H   I   L   K   M   F   P   S   T   W   Y   V   A   R   N   D   C   Q   E   G   H   I   L   K   M   F   P   S   T   W   Y   V
    1 M    -2  -2  -3  -4  -2  -1  -3  -4  -3   0   1  -2   8  -1  -4  -2  -2  -2  -2   0    0   0   0   0   0   0   0   0   0   0   0   0  97   0   0   0   0   0   0   3  1.07 0.15
    2 A     5  -2  -1  -2  -1  -1  -1   0  -2  -2  -2  -1  -2  -3  -1   1   1  -3  -2  -1   81   0   2   0   0   0   0   3   0   0   0   0   0   0   1   6   8   0   0   0  0.52 0.08
    3 E    -1  -1   0   4  -3   1   4  -3  -1  -1  -2   0  -2  -3  -2  -1  -1  -4  -3   1    0   0   0  30   0   3  43   0   0   0   0   1   0   0   1   0   2   0   0  20  0.47 0.06
    4 Y    -3  -3  -3  -4  -3  -2  -3  -4   1  -2  -2  -3  -2   2  -4  -3  -3   1   8  -2    0   0   0   0   0   0   0   0   0   0   0   0   0   0   0   0   0   0 100   0  1.53 0.15
    5 T     0  -2  -1  -2  -2  -1  -1  -2  -2  -1  -2  -1  -1  -3  -2   1   6  -3  -2   0    2   0   0   0   0   1   2   0   1   0   0   0   0   0   0   4  86   0   0   3  0.68 0.10
    6 L    -2  -3  -4  -4  -2  -3  -4  -4  -4   1   5  -3   2   0  -4  -3  -2  -2  -2   0    0   0   0   0   0   0   0   0   0   0  97   0   1   0   0   0   0   0   0   1  0.72 0.09
    7 P    -2  -3  -3  -2  -4  -2  -2  -3  -3  -4  -4  -2  -3  -5   8  -2  -2  -5  -4  -3    0   0   0   0   0   0   0   0   0   0   0   0   0   0 100   0   0   0   0   0  2.38 0.14
    8 D    -2  -2   1   6  -4   0   3  -2  -1  -4  -4  -1  -4  -4  -2  -1  -2  -5  -4  -4    0   0   4  76   0   0  21   0   0   0   0   0   0   0   0   0   0   0   0   0  1.02 0.09
    9 L    -2  -3  -4  -4  -2  -3  -4  -4  -4   1   5  -3   2   0  -4  -3  -2  -2  -2   0    0   0   0   0   0   0   0   0   0   0 100   0   0   0   0   0   0   0   0   0  0.75 0.09
   10 D    -1  -2  -1   5  -4  -1   0  -2  -2  -4  -4  -1  -3  -4   6  -1  -1  -5  -4  -3    1   0   0  46   0   0   0   0   0   0   0   0   0   0  49   3   1   0   0   0  1.18 0.09
   11 W    -3  -3  -3  -4  -3  -2  -3  -4   1  -2  -2  -3  -2   2  -4  -3  -3   7   8  -2    0   0   0   0   0   0   0   0   0   0   0   0   0   1   0   0   0  18  81   0  1.44 0.13
   12 D    -3  -2   1   7  -4  -1   1  -2  -2  -4  -5  -1  -4  -4  -2  -1  -2  -5  -4  -4    0   0   0 100   0   0   0   0   0   0   0   0   0   0   0   0   0   0   0   0  1.37 0.12
   13 Y    -3  -3  -3  -4  -3  -2  -3  -4   1  -2  -2  -3  -2   3  -4  -3  -3   1   8  -2    0   0   0   0   0   0   0   0   0   0   0   0   0   1   0   0   0   0  99   0  1.50 0.14
   14 A     3  -2  -1  -1  -2  -1  -2   4  -2  -3  -3  -1  -2  -3  -2   2   0  -3  -3  -2   37   0   0   1   0   0   0  42   0   0   0   0   0   0   0  20   0   0   0   0  0.53 0.06
   15 A     5  -2  -2  -2  -1  -1  -2   0  -2  -2  -2  -1  -2  -3  -2   1  -1  -3  -3  -1   99   0   0   1   0   0   0   0   0   0   0   0   0   0   0   0   0   0   0   0  0.72 0.11
   16 L    -2  -3  -4  -4  -2  -3  -4  -4  -4   1   5  -3   2   0  -4  -3  -2  -2  -2   0    0   0   0   0   0   0   0   0   0   0  99   0   1   0   0   0   0   0   0   0  0.75 0.10
   17 E     0  -1  -1   2  -4   1   6  -3  -1  -4  -4   0  -3  -4  -2  -1  -2  -4  -3  -3    6   0   0   7   0   0  87   0   0   0   0   0   0   0   0   0   0   0   0   0  0.93 0.11
   18 P    -2  -3  -3  -2  -4  -2  -2  -3  -3  -4  -4  -2  -4  -5   8  -2  -2  -5  -4  -3    0   0   0   0   0   0   0   0   0   0   0   0   0   0 100   0   0   0   0   0  2.39 0.14
   19 H    -2  -1   0  -2  -4  -1  -1  -3   9  -4  -3  -2  -2   0  -3  -1  -2  -1   2  -4    2   0   1   0   0   0   0   0  86   0   0   0   0   4   0   3   0   1   3   0  1.29 0.14
   20 I    -2  -4  -4  -4  -2  -4  -4  -5  -4   6   1  -4   1  -1  -4  -3  -1  -3  -2   2    0   0   0   0   0   0   0   0   0  99   0   0   0   0   0   0   0   0   0   1  0.81 0.11
   21 S     1  -2   0  -1  -2  -1  -1  -1  -2  -3  -3  -1  -2  -3  -2   5   1  -4  -3  -2    4   0   0   0   0   0   0   0   0   0   0   0   0   0   0  95   0   0   0   1  0.76 0.12
   22 G     1  -3  -1  -2  -3  -2  -3   6  -3  -4  -4  -2  -3  -4  -2  -1  -2  -3  -4  -3   13   0   0   0   0   0   0  87   0   0   0   0   0   0   1   0   0   0   0   0  1.12 0.09
   23 Q    -1   3  -1  -1  -4   4   2  -2   0  -3  -3   3  -2  -4  -2  -1  -1  -3  -2  -3    3  25   0   0   0  37  16   0   0   0   0  18   0   0   0   0   1   0   0   0  0.57 0.07
   24 I    -2  -4  -4  -4  -2  -4  -4  -5  -4   6   1  -4   1  -1  -4  -3  -1  -3  -2   2    0   0   0   0   0   0   0   0   0 100   0   0   0   0   0   0   0   0   0   0  0.83 0.12
   25 N    -2  -2   5  -1  -3  -1  -2  -2  -1  -1   0  -2   7  -2  -3  -1  -1  -3  -2  -1    0   0  45   0   0   0   0   0   0   0   0   0  55   0   0   0   0   0   0   0  0.66 0.12
   26 E    -2  -1  -1   1  -5   2   6  -3  -1  -4  -4   0  -3  -4  -2  -1  -2  -4  -3  -3    0   0   0   0   0   6  93   0   0   0   0   1   0   0   0   0   0   0   0   0  1.04 0.12
   27 I    -2  -3  -4  -4  -2  -3  -4  -4  -4   3   4  -3   1   0  -4  -3  -2  -2  -2   1    0   0   0   0   0   0   0   0   0  19  79   0   0   0   0   0   0   0   0   2  0.60 0.08
   28 H    -3  -1   0  -2  -4   0  -1  -3  10  -4  -4  -2  -3  -2  -3  -2  -3  -3   1  -4    0   0   0   0   0   0   0   0 100   0   0   0   0   0   0   0   0   0   0   0  1.72 0.16
   29 H    -3  -1   0  -2  -4   0  -1  -3  10  -4  -4  -2  -3  -2  -3  -2  -3  -3   1  -4    0   0   0   0   0   0   0   0  98   0   0   0   0   0   0   0   0   0   2   0  1.67 0.16
   30 T     0  -2   0   4  -2  -1   0  -1  -1  -3  -3  -1  -3  -3  -2   3   1  -4  -3  -3    2   0   0  41   0   0   0   2   0   0   0   0   0   0   0  47   6   0   0   0  0.56 0.08
   31 K    -2   2  -1  -1  -4   1   0  -2  -1  -4  -3   6  -2  -4  -2  -1  -1  -4  -3  -3    0   2   0   0   0   0   0   0   0   0   0  98   0   0   0   0   0   0   0   0  0.93 0.12
   32 H    -3  -1   0  -2  -4   0  -1  -3  10  -4  -4  -2  -3  -2  -3  -2  -3  -3   1  -4    0   0   0   0   0   0   0   0 100   0   0   0   0   0   0   0   0   0   0   0  1.72 0.16
   33 H    -3  -1   0  -2  -4   0  -1  -3  10  -4  -4  -2  -3  -2  -3  -2  -3  -3   1  -4    0   0   0   0   0   0   0   0 100   0   0   0   0   0   0   0   0   0   0   0  1.72 0.16
   34 A     5  -2  -1  -2  -1   1  -1  -1  -2  -2  -2  -1  -2  -3  -2   0  -1  -3  -2  -1   89   0   1   0   0   8   0   0   0   0   0   2   0   0   0   0   0   0   0   0  0.60 0.10
   35 T     3  -2   0  -2  -1  -1  -1  -1  -2  -2  -2  -1  -1  -3  -2   1   4  -3  -2  -1   44   0   3   0   0   0   0   2   0   0   0   0   0   0   0   0  50   0   0   1  0.46 0.08
   36 Y    -3  -3  -3  -4  -3  -2  -3  -4   1  -2  -2  -3  -2   2  -4  -3  -3   1   8  -2    0   0   0   0   0   0   0   0   0   0   0   0   0   0   0   0   0   0 100   0  1.55 0.15
   37 V    -1  -3  -4  -4  -2  -3  -3  -4  -4   2   0  -3   0  -2  -3  -2  -1  -4  -2   6    0   0   0   0   0   0   0   0   0   1   0   0   0   0   0   0   0   0   0  99  0.73 0.11
   38 K     3   0   0  -1  -2   0   0  -1  -2  -2  -2   3  -2  -3  -1   0   1  -3  -2  -2   38   0   5   2   0   0   0   2   0   0   0  42   0   0   0   1  11   0   0   0  0.32 0.06
   39 G     0  -3  -1  -2  -3  -3  -3   7  -3  -5  -5  -2  -4  -4  -3  -1  -2  -3  -4  -4    0   0   0   0   0   0   0 100   0   0   0   0   0   0   0   0   0   0   0   0  1.39 0.11
   40 V     4  -2  -3  -3  -1  -2  -2  -1  -3   0   0  -2  -1  -2  -2   0  -1  -3  -2   1   72   0   0   0   0   0   0   0   0   1  11   0   0   0   0   0   0   0   0  16  0.39 0.08
   41 N    -2  -1   7   1  -4  -1  -1  -1   0  -4  -4  -1  -3  -4  -3   0  -1  -5  -3  -4    0   0 100   0   0   0   0   0   0   0   0   0   0   0   0   0   0   0   0   0  1.26 0.14
   42 D     0  -2   0   4  -2   0   0  -2  -2  -2  -2  -1  -2  -3  -2   1   4  -4  -3  -1    9   0   1  33   0   2   1   0   0   0   0   1   0   0   0   3  51   0   0   0  0.48 0.07
   43 A     5  -2  -2  -2  -1  -1  -2   0  -2  -2  -2  -1  -2  -3  -2   1   0  -3  -3  -1   94   0   0   0   0   0   0   1   0   0   0   0   0   0   0   0   5   0   0   0  0.67 0.10
   44 L    -2  -3  -4  -4  -2  -3  -3  -4  -4   2   4  -3   2   0  -3  -3  -2  -2  -2   2    0   0   0   0   0   0   0   0   0   9  78   0   1   0   0   0   0   0   0  12  0.56 0.07
   45 A     2  -1  -1   1  -3   1   5  -1  -1  -3  -3   0  -2  -4  -2   0  -1  -3  -3  -2   31   0   0   4   0   2  58   1   0   0   0   1   0   0   0   1   1   0   0   0  0.53 0.08
   46 K    -1   2  -1  -1  -4   3   0  -2  -1  -3  -3   5  -1  -4  -2  -1  -1  -3  -2  -3    2   1   0   0   0  22   0   0   0   0   0  73   1   0   0   0   1   0   0   0  0.70 0.10
   47 L    -2  -3  -4  -4  -2  -3  -4  -4  -3   1   5  -3   3   0  -4  -3  -2  -2  -2   0    0   0   0   0   0   0   0   0   0   0  90   0   9   0   0   0   0   0   0   0  0.68 0.09
   48 E     3  -1  -1   1  -2   0   4  -1  -1  -3  -3   0  -2  -3  -2   0  -1  -3  -3  -2   51   0   0   4   0   1  42   1   0   0   0   0   0   0   0   1   0   0   0   0  0.47 0.08
   49 E     1  -1  -1   1  -3   1   5  -2  -1  -3  -3   0  -2  -4  -2   0  -1  -4  -3  -2   21   0   0   2   0   3  73   0   0   0   0   0   0   0   0   0   1   0   0   0  0.70 0.09
   50 A     5  -2  -2  -3  -1  -2  -2   0  -2  -2  -2  -1  -2  -3  -2   1  -1  -3  -3  -1   95   0   0   0   0   0   0   0   0   0   3   0   0   0   0   2   0   0   0   0  0.67 0.10
   51 R    -2   7  -1  -2  -4   0  -1  -3  -1  -4  -3   2  -2  -4  -3  -2  -2  -4  -3  -3    0 100   0   0   0   0   0   0   0   0   0   0   0   0   0   0   0   0   0   0  1.23 0.13
   52 A     2  -1  -1   2  -2   1   4  -1  -1  -3  -3   0  -2  -3  -2   1  -1  -3  -3  -2   33   0   0  12   0   1  46   1   0   0   0   0   0   0   0   6   1   0   0   0  0.44 0.06
   53 N     1   0   2  -1  -2   0   0   0  -1  -3  -3   3  -2  -3  -2   2   1  -3  -2  -2   15   0  14   0   0   1   1   3   0   0   0  36   0   0   0  23   6   0   0   1  0.30 0.05
   54 E    -1  -2   1   3  -3   0   1   5  -2  -4  -4  -1  -3  -4  -2   0  -2  -4  -3  -4    1   0   4  28   0   2  11  53   0   0   0   0   0   0   0   1   0   0   0   0  0.67 0.06
   55 D    -1  -2   1   6  -4  -1   1  -2  -2  -4  -4  -1  -3  -4  -2   1  -1  -5  -4  -4    2   0   3  80   0   0   3   0   0   0   0   0   0   0   0  10   3   0   0   0  0.97 0.10
   56 H    -2  -2   0  -3  -3   0  -2  -3   6  -1   1  -2   0   5  -3  -2  -2  -1   2  -2    0   0   4   0   0   3   0   0  37   0  13   0   1  39   0   0   0   0   2   1  0.55 0.08
   57 A     3  -2  -1  -1  -1  -1  -1   3  -2  -3  -3  -1  -2  -3  -2   2   0  -3  -3  -2   49   0   0   3   0   0   1  27   0   0   0   0   0   0   0  17   2   0   0   0  0.43 0.06
   58 A     4  -2   1  -1  -1  -1  -1  -1  -2  -2  -2  -1  -1  -2  -1   2   2  -3  -2  -1   57   0  11   0   0   0   0   0   0   0   1   0   0   1   0  10  18   0   0   1  0.35 0.06
   59 I    -1  -3  -4  -4  -2  -3  -4  -4  -4   5   1  -3   1  -1  -3  -3  -1  -3  -2   4    0   0   0   0   0   0   0   0   0  64   0   0   1   0   0   0   1   0   0  35  0.58 0.08
   60 F    -1  -2   4  -1  -3  -2  -2  -1  -1  -1   0  -2  -1   4   1  -1  -1  -2   0  -1    3   0  39   0   0   0   0   2   0   0  12   0   0  28   7   2   1   0   0   6  0.27 0.06
   61 L    -2  -1  -3  -3  -2   0  -2  -1  -3   1   4   0   2   0  -3  -2  -2  -2  -2   0    0   1   0   0   0   5   0   6   0   0  70  12   4   1   0   0   0   0   0   1  0.32 0.06
   62 N    -2  -2   3  -1  -3  -1  -2  -3   4   0   2  -2   0   0  -3  -1  -1  -1   1  -1    0   0  30   0   0   2   0   0  17   1  42   0   0   4   0   0   0   1   4   0  0.29 0.06
   63 E    -1  -1  -1   1  -4   1   6  -3  -1  -4  -4   0  -3  -4  -2   1  -1  -4  -3  -3    0   0   0   0   0   1  91   0   0   0   0   0   0   0   0   8   0   0   0   0  0.98 0.11
   64 K    -2   2  -1  -1  -4   1   0  -2  -2  -4  -3   6  -2  -4  -2  -1  -1  -4  -3  -3    0   0   0   0   0   0   0   0   0   0   0 100   0   0   0   0   0   0   0   0  0.95 0.12
   65 N    -2  -1   6   3  -3  -1  -1  -1   0  -4  -4  -1  -3  -4  -3   0   0  -5  -3  -4    1   0  78  17   0   0   0   0   0   0   0   0   0   0   0   3   1   0   0   0  0.93 0.11
   66 L    -2  -3  -4  -4  -2  -3  -4  -5  -4   1   5  -3   2   0  -4  -3  -2  -2  -2   0    0   0   0   0   0   0   0   0   0   0 100   0   0   0   0   0   0   0   0   0  0.76 0.10
   67 A     5  -2  -2  -2  -1  -1  -2   0  -2  -2  -2  -1  -2  -3  -2   1  -1  -3  -3  -1   96   0   0   0   0   1   0   0   0   0   0   0   0   0   0   3   0   0   0   0  0.69 0.10
   68 F    -3  -4  -4  -5  -3  -4  -4  -4  -2  -1   0  -4  -1   8  -5  -3  -3   0   2  -2    0   0   0   0   0   0   0   0   0   0   0   0   0 100   0   0   0   0   0   0  1.34 0.13
   69 H    -2  -1   5   0  -4   0  -1  -2   7  -4  -4  -1  -3  -3  -3  -1  -1  -4   0  -4    0   0  53   0   0   0   0   0  47   0   0   0   0   0   0   0   0   0   0   0  1.00 0.12
   70 L    -2  -3  -4  -4  -2  -3  -4  -4  -4   1   5  -3   2   0  -4  -3  -1  -2  -2   0    0   0   0   0   0   0   0   0   0   0  98   0   0   0   0   0   2   0   0   1  0.72 0.09
   71 G     1  -3  -1  -2  -3  -2  -3   6  -3  -4  -4  -2  -3  -4  -3  -1  -2  -3  -4  -4    8   0   0   0   0   0   0  92   0   0   0   0   0   0   0   0   0   0   0   0  1.22 0.10
   72 G     0  -3  -1  -2  -3  -3  -3   7  -3  -5  -5  -2  -4  -4  -3  -1  -2  -3  -4  -4    1   0   0   0   0   0   0  99   0   0   0   0   0   0   0   0   0   0   0   0  1.37 0.11
   73 H    -3  -1   0  -2  -4   0  -1  -3  10  -4  -4  -2  -3  -2  -3  -2  -3  -3   1  -4    0   0   0   0   0   0   0   0 100   0   0   0   0   0   0   0   0   0   0   0  1.72 0.16
   74 V     0  -3  -3  -3  -1  -3  -3  -3  -3   3   0  -3   0  -1  -3  -2   1  -3  -1   4    3   0   0   0   0   0   0   0   0  19   1   0   0   0   0   0  12   0   1  64  0.42 0.07
   75 N    -2  -1   7   1  -4  -1  -1  -1   0  -4  -4  -1  -3  -4  -3   0  -1  -5  -3  -4    0   0 100   0   0   0   0   0   0   0   0   0   0   0   0   0   0   0   0   0  1.26 0.14
   76 H    -3  -1   0  -2  -4   0  -1  -3  10  -4  -4  -2  -3  -2  -3  -2  -3  -3   1  -4    0   0   0   0   0   0   0   0 100   0   0   0   0   0   0   0   0   0   0   0  1.72 0.16
   77 S     0  -2   0  -1  -1  -1  -1  -1  -2  -3  -3  -1  -2  -3  -2   5   3  -3  -2  -2    1   0   0   0   1   0   0   0   0   0   0   0   0   0   0  77  21   0   0   1  0.62 0.10
   78 I    -1  -3  -4  -4  -2  -3  -3  -4  -4   5   1  -3   1  -1  -3  -2  -1  -3  -2   3    5   0   0   0   0   0   0   0   0  64   5   0   1   0   0   0   0   0   0  26  0.51 0.07
   79 W    -3  -4  -4  -5  -3  -4  -4  -4  -3  -2  -1  -4  -1   6  -5  -3  -3  10   2  -2    0   0   0   0   0   0   0   0   0   0   0   0   0  55   0   0   0  45   0   0  1.62 0.13
   80 W    -4  -4  -5  -6  -4  -3  -4  -4  -4  -4  -3  -4  -3   0  -5  -4  -4  12   1  -4    0   0   0   0   0   0   0   0   0   0   0   0   0   0   0   0   0 100   0   0  3.24 0.20
   81 K    -1   1   2  -1  -3   2   1  -2   0  -3  -3   5  -2  -4   1   0   0  -4  -2  -3    1   0  10   0   0   8   4   0   1   0   0  63   0   0   7   0   5   0   0   0  0.50 0.07
   82 N    -2  -1   7   1  -4  -1  -1  -1   0  -3  -4  -1  -2  -4  -3   0  -1  -5  -3  -3    0   0  95   0   0   0   0   0   0   1   0   0   0   0   0   2   1   0   0   0  1.13 0.13
   83 L    -2  -3  -4  -4  -2  -3  -4  -4  -3   1   5  -3   3   0  -4  -3  -2  -2  -2   0    0   0   0   0   0   0   0   0   0   0  93   0   7   0   0   0   0   0   0   0  0.71 0.09
   84 S     1  -2   0  -1  -2  -1  -1  -1  -2  -3  -3  -1  -2  -3  -2   5   1  -4  -3  -2    1   0   0   0   0   0   0   0   0   0   1   0   0   0   0  97   1   0   0   0  0.78 0.12
   85 P    -2  -3  -3  -2  -4  -2  -2  -3  -3  -4  -4  -1  -3  -5   8  -2  -2  -5  -4  -3    0   0   0   0   0   0   0   0   0   0   0   2   0   0  97   0   0   0   0   0  2.27 0.14
   86 D    -2  -1   4   5  -4   0   2  -2   0  -4  -4  -1  -3  -4  -2   0  -1  -4  -3  -4    1   0  33  47   0   0  18   0   1   0   0   0   0   0   0   0   0   0   0   0  0.76 0.08
   87 G     0  -3  -1  -2  -3  -3  -3   7  -3  -5  -5  -2  -4  -4  -3  -1  -2  -3  -4  -4    1   0   0   0   0   0   0  99   0   0   0   0   0   0   0   0   0   0   0   0  1.37 0.11
   88 G     0  -3  -1  -2  -3  -2  -3   6  -3  -5  -5  -2  -4  -4  -3  -1  -2  -3  -4  -4    1   0   0   0   0   1   0  99   0   0   0   0   0   0   0   0   0   0   0   0  1.36 0.11
   89 D    -2  -2   1   7  -4  -1   1   1  -2  -4  -5  -2  -4  -4  -2  -1  -2  -5  -4  -4    0   0   0  89   0   0   0  11   0   0   0   0   0   0   0   0   0   0   0   0  1.15 0.11
   90 K    -1   2  -1  -1  -4   1   1  -2  -1  -4  -3   6  -2  -4  -2  -1  -1  -4  -3  -3    0   6   0   0   0   3   5   0   0   0   0  86   0   0   0   1   0   0   0   0  0.77 0.10
   91 P    -2  -3  -3  -2  -4  -2  -2  -3  -3  -4  -4  -2  -4  -5   8  -2  -2  -5  -4  -3    0   0   0   0   0   0   0   0   0   0   0   0   0   0 100   0   0   0   0   0  2.39 0.14
   92 T    -1  -1  -1   1  -2   0   2  -2  -2  -1  -2  -1  -1  -3  -2   0   4  -3  -2   1    1   0   0   7   0   3  21   0   0   1   0   0   0   0   0   0  55   0   0  12  0.38 0.07
   93 G     0  -3  -1  -2  -3  -3  -3   7  -3  -5  -5  -2  -4  -4  -3  -1  -2  -3  -4  -4    0   0   0   1   0   0   0  99   0   0   0   0   0   0   0   1   0   0   0   0  1.36 0.11
   94 E    -2  -1   0   4  -4   1   6  -2  -1  -4  -4   0  -3  -4  -2  -1  -2  -4  -3  -3    0   0   0  23   0   0  76   1   0   0   0   0   0   0   0   0   0   0   0   0  0.92 0.10
   95 L    -2  -3  -4  -4  -2  -3  -4  -4  -4   1   5  -3   2   0  -4  -3  -2  -2  -2   1    0   0   0   0   0   0   0   0   0   0  97   0   0   1   0   0   0   0   0   2  0.73 0.09
   96 A     5  -2  -2  -2  -1  -1  -1   2  -2  -2  -2  -1  -2  -3  -2   1  -1  -3  -3  -1   87   0   0   0   0   0   1  11   0   0   0   0   0   0   0   1   0   0   0   0  0.61 0.09
   97 A     5  -2  -2  -2  -1  -1  -1   0  -2  -2  -2  -1  -2  -3  -1   1   0  -3  -2  -1   84   0   0   1   0   2   2   1   0   0   0   0   0   0   0   9   1   0   0   0  0.56 0.09
   98 A     5  -2  -2  -3  -1  -2  -1  -1  -2  -2  -2  -1  -2  -3  -2   1  -1  -3  -3  -1   98   0   0   0   0   0   1   0   0   0   1   0   0   0   0   0   0   0   0   0  0.72 0.11
   99 I    -2  -4  -4  -4  -2  -4  -4  -5  -4   6   1  -3   1  -1  -4  -3  -1  -3  -2   2    0   0   0   0   0   0   0   0   0  91   5   0   1   0   0   0   0   0   0   4  0.72 0.10
  100 D    -2  -2   1   7  -4  -1   1  -2  -2  -4  -4  -1  -4  -4  -2  -1  -1  -5  -4  -3    3   0   1  88   0   0   2   0   0   0   0   3   0   0   0   0   2   0   0   1  1.09 0.11
  101 D    -2  -1   1   5  -4   1   4  -2  -1  -4  -4   0  -3  -4  -2  -1  -2  -4  -3  -3    1   0   2  53   0   3  42   0   0   0   0   0   0   0   0   0   0   0   0   0  0.86 0.09
  102 A     1  -1   0  -1  -2   3   0  -2   2  -2  -2  -1  -1   3  -2   0   0  -1   1  -2   19   0   6   1   0  32   0   1   8   0   0   0   0  23   0   2   3   0   5   0  0.25 0.06
  103 F    -3  -4  -4  -5  -3  -4  -4  -4  -2  -1   0  -4  -1   8  -5  -3  -3   0   2  -2    0   0   0   0   0   0   0   0   0   0   1   0   0  99   0   0   0   0   0   0  1.31 0.13
  104 G     0  -3  -1  -2  -3  -3  -3   7  -3  -5  -5  -2  -4  -4  -3  -1  -2  -3  -4  -4    0   0   0   0   0   0   0 100   0   0   0   0   0   0   0   0   0   0   0   0  1.39 0.11
  105 S     1  -2   0  -1  -2  -1  -1   0  -2  -3  -3  -1  -2  -3  -2   5   1  -4  -3  -2    0   0   1   0   0   0   0   3   0   0   0   0   0   0   0  95   1   0   0   0  0.74 0.12
  106 F    -3  -4  -4  -5  -3  -4  -4  -4  -1  -1   0  -4  -1   8  -5  -3  -3   0   3  -2    0   0   0   0   0   0   0   0   1   0   0   0   0  99   0   0   0   0   1   0  1.31 0.13
  107 D    -2  -2   1   7  -4  -1   2  -2  -2  -4  -4  -1  -4  -4  -2  -1  -2  -5  -4  -4    2   0   0  89   0   1   8   0   0   0   0   0   0   0   0   0   0   0   0   0  1.17 0.11
  108 K     2   1   0  -1  -2   0   0   2  -2  -3  -3   4  -2  -3  -2   0  -1  -3  -3  -2   29   2   3   0   0   0   0  16   0   0   0  47   0   0   0   1   1   0   0   0  0.36 0.06
  109 F    -3  -4  -4  -5  -3  -4  -4  -4  -2  -1   0  -4  -1   8  -5  -3  -3   0   3  -2    0   0   0   0   0   0   0   0   0   0   1   0   0  97   0   0   0   0   2   0  1.29 0.13
  110 R    -2   6  -1  -2  -4   3   0  -3  -1  -3  -3   2  -1  -3  -3  -1  -1  -3  -2  -1    0  64   0   0   0  24   0   0   0   0   0   5   0   0   0   1   0   0   0   5  0.72 0.09
  111 A     4  -1  -1  -1  -1  -1  -1   2  -2  -2  -2   0  -2  -3  -1   1   0  -3  -3  -1   68   1   0   4   0   0   1  13   0   0   0   9   0   0   1   3   1   0   0   0  0.40 0.07
  112 Q    -2   0   0  -1  -4   6   1  -3   6  -4  -3   0  -2  -3  -2  -1  -2  -3  -1  -3    0   0   1   0   0  68   0   0  32   0   0   0   0   0   0   0   0   0   0   0  0.94 0.12
  113 F    -3  -4  -4  -5  -3  -4  -4  -4  -2  -1   0  -4  -1   8  -5  -3  -3   0   2  -2    0   0   0   0   0   0   0   0   0   0   0   0   0 100   0   0   0   0   0   0  1.34 0.13
  114 S     1  -1   0  -1  -2   0   1  -1   0  -2  -2  -1  -1  -3  -2   2   4  -3  -2  -1   15   0   1   1   0   1   8   2   3   0   0   0   0   0   0  19  50   0   0   0  0.37 0.06
  115 A     5  -2  -2  -2  -1  -1  -2   0  -2  -2  -2  -1  -2  -3  -2   1  -1  -3  -3  -1   98   0   1   0   0   1   0   0   0   0   0   0   0   0   0   0   0   0   0   0  0.71 0.11
  116 A     4  -2   2  -1  -1  -1  -1  -1  -2  -1  -2  -1  -1  -3  -2   1   1  -3  -2   0   63   0  15   0   0   0   0   0   0   0   0   0   0   0   0   4  11   0   0   7  0.36 0.07
  117 A     5  -2  -2  -3  -1  -2  -2   0  -2  -2  -2  -1  -2  -3  -2   1  -1  -3  -3  -1  100   0   0   0   0   0   0   0   0   0   0   0   0   0   0   0   0   0   0   0  0.75 0.11
  118 N    -1  -1   5   0  -2  -1  -1  -1  -1  -1   1  -1   0  -2  -2   0   2  -3  -2  -1    4   0  46   0   0   0   0   2   0   0  21   0   1   0   0   1  23   0   0   2  0.34 0.07
  119 G     0  -3  -1  -2  -3  -2  -2   6  -2  -4  -4  -2  -3  -4  -2   1   1  -3  -3  -3    5   0   0   0   0   0   0  74   0   0   0   0   0   0   0   9  13   0   0   0  0.85 0.08
  120 L    -2  -3  -4  -4  -2  -3  -4  -4  -4   4   3  -3   1   0  -3  -3  -1  -3  -2   2    0   0   0   0   0   0   0   0   0  41  45   0   0   0   0   0   0   0   0  14  0.48 0.06
  121 Q    -2   0  -1  -1  -4   7   1  -3   0  -4  -3   0   0  -4  -2  -1  -2  -3  -2  -3    0   0   0   0   0  98   0   0   0   0   0   0   2   0   0   0   0   0   0   0  1.17 0.15
  122 G     0  -3  -1  -2  -3  -3  -3   7  -3  -5  -5  -2  -4  -4  -3  -1  -2  -3  -4  -4    0   0   0   0   0   0   0 100   0   0   0   0   0   0   0   0   0   0   0   0  1.39 0.11
  123 S     0  -2   0  -1  -2  -1  -1  -1  -2  -3  -3  -1  -2  -3  -2   6   1  -4  -3  -3    0   0   0   0   0   0   0   0   0   0   0   0   0   0   0 100   0   0   0   0  0.82 0.12
  124 G     0  -3  -1  -2  -3  -3  -3   7  -3  -5  -5  -2  -4  -4  -3  -1  -2  -3  -4  -4    0   0   0   0   0   0   0 100   0   0   0   0   0   0   0   0   0   0   0   0  1.39 0.11
  125 W    -4  -4  -5  -6  -4  -3  -4  -4  -4  -4  -3  -4  -3   0  -5  -4  -4  12   1  -4    0   0   0   0   0   0   0   0   0   0   0   0   0   0   0   0   0 100   0   0  3.24 0.20
  126 A     5  -2  -1  -2  -1  -1  -1   0  -2  -2  -2  -1  -2  -3  -1   2   0  -3  -2  -1   75   0   0   0   0   0   0   2   0   0   0   0   0   0   0  23   0   0   0   0  0.55 0.09
  127 V     0  -3  -4  -4  -1  -3  -3  -3  -3   4   1  -3   1   0  -3  -2  -1   4  -1   4    8   0   0   0   0   0   0   0   0  33   1   0   2   1   0   0   0   7   0  48  0.41 0.06
  128 L    -2  -3  -4  -4  -2  -3  -4  -4  -4   1   5  -3   2   0  -4  -3  -1  -2  -2   0    0   0   0   0   0   0   0   0   0   0  97   0   0   1   0   0   2   0   0   0  0.71 0.09
  129 G     3  -2  -1  -2  -2  -2  -2   4  -2  -3  -3  -2  -2  -3  -2   0  -1  -3  -3  -1   50   0   0   0   0   0   0  47   0   0   0   0   0   0   0   1   1   0   0   2  0.63 0.07
  130 Y    -3  -3  -4  -5  -3  -3  -3  -4   0  -3  -2  -3  -2   2  -4  -3  -3  10   6  -3    0   0   0   0   0   0   0   0   0   0   0   0   0   2   0   0   0  54  44   0  1.89 0.14
  131 D    -2  -2   1   7  -4  -1   2  -2  -2  -4  -4  -1  -4  -4  -2  -1  -2  -5  -4  -4    0   0   0  91   0   0   9   0   0   0   0   0   0   0   0   0   0   0   0   0  1.23 0.11
  132 T     0  -2   0  -1  -2  -1  -1  -1  -2  -2  -2  -1  -2  -3   3   3   4  -3  -2  -1    4   0   1   0   0   1   1   0   0   0   0   0   0   0  14  38  41   0   0   1  0.50 0.07
  133 V    -1  -3  -4  -4  -2  -3  -3  -4  -3   3   4  -3   2   0  -3  -3  -1  -2  -2   2    2   0   0   0   0   0   0   0   0  19  63   0   1   0   0   0   0   0   0  14  0.47 0.06
  134 G     0  -2  -1  -2  -3  -2  -2   6  -3  -4  -4  -2  -3  -4  -3   0  -2  -3  -4  -4    4   1   0   0   0   1   0  90   0   0   0   0   0   0   0   4   0   0   0   0  1.15 0.10
  135 S     0   0   1   1  -3   4   1   2   0  -3  -3   1  -2  -4  -2   0  -1  -3  -2  -3    4   2   5   8   0  38   7  17   1   0   0  10   0   0   0   7   0   0   0   0  0.38 0.05
  136 R    -1   5   1  -1  -4   1   0  -2  -1  -3  -3   4  -2  -4  -2  -1  -1  -4  -2  -3    1  45   5   0   0   4   0   0   0   0   0  43   0   0   0   0   2   0   0   0  0.66 0.08
  137 L    -2  -3  -4  -4  -2  -3  -4  -4  -4   1   5  -3   2   0  -1  -3  -2  -2  -2   0    0   0   0   0   0   0   0   0   0   0  98   0   0   0   2   0   0   0   0   0  0.71 0.09
  138 L     0  -2  -1  -3  -2  -2  -3  -3  -2   2   3  -2   1  -1  -3  -2  -1  -3  -2   2    7   1   4   0   0   0   0   0   0   8  53   0   0   0   0   1   1   0   0  24  0.29 0.05
  139 T    -1  -3  -1  -3  -2  -2  -2  -3  -3   4   0  -2   0  -1  -2  -1   3  -3  -2   2    0   0   2   0   0   0   0   0   0  42   3   0   0   0   0   0  41   0   0  11  0.35 0.07
  140 F    -2  -3  -3  -3  -1  -2   0  -4   1   0   0  -3   0   6  -4  -2  -2   0   2   1    0   0   0   0   1   1   9   0   5   0   0   0   1  61   0   0   1   0   0  20  0.52 0.08
  141 Q    -2   0  -1  -1  -4   7   1  -3   0  -4  -3   1  -1  -4  -2  -1  -2  -3  -2  -3    0   0   0   0   0 100   0   0   0   0   0   0   0   0   0   0   0   0   0   0  1.21 0.15
  142 L    -2  -3  -4  -4  -2  -3  -3  -4  -3   1   4  -3   2   1  -3  -3  -2  -2  -1   1    0   0   0   0   0   0   0   0   0   0  82   0   5   3   0   0   0   0   0  10  0.58 0.08
  143 Y    -3  -3  -3  -4  -3  -2  -3  -4   1  -2  -2  -3  -2   4  -4  -2  -1   1   8  -2    0   0   0   0   0   0   0   0   1   0   0   0   0  15   0   0   4   0  79   0  1.17 0.12
  144 D    -3  -2   1   7  -4  -1   1  -2  -2  -4  -5  -2  -4  -5  -2  -1  -2  -5  -4  -4    0   0   0 100   0   0   0   0   0   0   0   0   0   0   0   0   0   0   0   0  1.39 0.13
  145 Q    -2   0  -1  -1  -4   7   1  -3   4  -4  -3   0  -1  -4  -2  -1  -2  -3  -2  -3    0   0   0   0   0  88   0   0  12   0   0   0   0   0   0   0   0   0   0   0  1.04 0.13
  146 Q    -2   0  -1  -1  -4   7   1  -3   0  -4  -3   1  -1  -4  -2  -1  -2  -3  -2  -3    0   0   0   0   0 100   0   0   0   0   0   0   0   0   0   0   0   0   0   0  1.21 0.15
  147 A     3  -2   1  -1  -2  -1  -1   4  -2  -3  -3  -1  -2  -3  -2   1   0  -3  -3  -2   36   0  10   0   0   0   0  35   0   0   0   0   0   0   0  13   5   0   0   0  0.44 0.05
  148 N    -2  -1   7   1  -4  -1  -1   0   0  -4  -4  -1  -3  -4  -3   0  -1  -5  -3  -4    0   0  97   0   0   0   0   3   0   0   0   0   0   0   0   0   0   0   0   0  1.20 0.13
  149 V    -1  -3  -3  -4  -2  -3  -3  -4  -3   3   1  -3   1   2  -3  -2   0  -2   0   4    0   0   0   0   0   0   0   0   0  19   8   0   1  12   0   0   3   0   1  56  0.38 0.06
  150 P     0  -3  -3  -2  -3  -2  -2  -3  -3  -3  -4  -2  -3  -4   8  -1  -2  -5  -4  -3   10   0   0   0   0   1   0   0   0   0   0   0   0   0  88   1   0   0   0   1  1.97 0.12
  151 L     0  -3  -4  -4  -2  -2  -3  -3  -3   2   4  -3   1   0  -1  -2  -1  -2  -1   2   10   0   0   0   0   0   0   0   0   4  61   0   0   3   2   0   1   0   0  19  0.35 0.05
  152 G     1  -3  -1  -2  -3  -2  -3   6  -2  -4  -4  -2  -3  -4  -3   0   0  -3  -3  -3    9   0   0   0   0   0   0  84   1   0   0   0   0   0   0   1   6   0   0   0  1.04 0.09
  153 I    -1  -2  -3  -3  -2   0  -2  -3  -3   3   2  -2   1  -1  -3  -1   1  -3  -1   2    2   0   0   0   0   6   0   0   0  43  22   0   0   0   0   1  17   0   1   9  0.27 0.05
  154 I    -1  -3  -3  -3  -2  -3  -3  -4  -4   4   1  -3   0  -1  -3  -2   1  -3  -2   3    1   0   0   0   0   0   0   0   0  52   1   0   0   0   0   0  14   0   0  33  0.44 0.07
  155 P    -2  -3  -3  -2  -4  -2  -2  -3  -3  -4  -4  -2  -3  -5   8  -1  -2  -5  -4  -3    0   0   0   0   0   0   0   0   0   0   0   0   0   0  99   1   0   0   0   0  2.36 0.14
  156 L    -2  -3  -4  -4  -2  -3  -4  -4  -4   3   4  -3   1   0  -3  -3  -1  -3  -2   2    0   0   0   0   0   0   0   0   0  26  66   0   0   0   0   0   0   0   0   8  0.53 0.07
  157 L    -2  -3  -4  -4  -2  -3  -3  -4  -3   1   4  -3   1   1  -3  -2  -1  -2  -1   2    0   0   0   0   0   0   0   0   0   1  74   0   0   4   0   2   2   0   0  17  0.48 0.07
  158 Q    -1  -1  -2  -2  -3   5   0   0  -1   0   1   0   4  -2  -2  -1  -1  -2  -2   0    0   0   0   0   0  45   0   7   0   0  16   0  23   0   0   0   1   0   0   8  0.33 0.08
  159 V    -2  -3  -4  -4  -2  -3  -3  -4  -4   2   4  -3   1   0  -3  -3  -1  -3  -2   3    0   0   0   0   0   0   0   0   0   1  68   0   0   0   0   0   0   0   0  31  0.52 0.07
  160 D    -3  -2   1   7  -4  -1   1  -2  -2  -4  -5  -2  -4  -5  -2  -1  -2  -5  -4  -4    0   0   0 100   0   0   0   0   0   0   0   0   0   0   0   0   0   0   0   0  1.39 0.13
  161 M    -2  -2  -3  -4  -1  -1  -3  -4  -3   0   1  -2   8  -1  -4  -2  -2  -2  -2   1    0   0   0   0   1   0   0   0   0   0   0   0  94   0   0   0   0   0   0   5  1.06 0.15
  162 W    -4  -4  -5  -6  -4  -3  -4  -4  -4  -4  -3  -4  -3   1  -5  -4  -4  12   1  -4    0   0   0   0   0   0   0   0   0   0   0   0   0   4   0   0   0  96   0   0  3.08 0.19
  163 E    -2  -1  -1   1  -5   1   6  -3  -1  -4  -4   0  -3  -4  -2  -1  -2  -4  -3  -3    0   0   0   0   0   0 100   0   0   0   0   0   0   0   0   0   0   0   0   0  1.14 0.13
  164 H    -3  -1   0  -2  -4   0  -1  -3  10  -4  -4  -2  -3  -2  -3  -2  -3  -3   1  -4    0   0   0   0   0   0   0   0 100   0   0   0   0   0   0   0   0   0   0   0  1.72 0.16
  165 A     5  -2  -2  -3  -1  -2  -2   0  -2  -2  -2  -1  -2  -3  -2   1  -1  -3  -3  -1  100   0   0   0   0   0   0   0   0   0   0   0   0   0   0   0   0   0   0   0  0.75 0.11
  166 F    -3  -3  -4  -4  -3  -4  -4  -4  -1  -1   0  -4  -1   7  -4  -3  -3   1   5  -2    0   0   0   0   0   0   0   0   0   0   0   0   0  81   0   0   0   0  19   0  1.14 0.11
  167 Y    -3  -3  -3  -4  -3  -2  -3  -4   1  -2  -2  -3  -2   2  -4  -3  -3   1   8  -2    0   0   0   0   0   0   0   0   0   0   0   0   0   0   0   0   0   0 100   0  1.55 0.15
  168 L    -2  -3  -4  -4  -2  -3  -4  -5  -4   1   5  -3   2   0  -4  -3  -2  -2  -2   0    0   0   0   0   0   0   0   0   0   0 100   0   0   0   0   0   0   0   0   0  0.76 0.10
  169 Q    -2  -1   0   5  -4   5   1  -2  -1  -4  -4   0  -2  -4  -2  -1  -2  -4  -3  -3    0   0   0  44   0  56   0   0   0   0   0   0   0   0   0   0   0   0   0   0  0.85 0.11
  170 Y    -3  -3  -3  -4  -3  -2  -3  -4   1  -2  -2  -3  -2   2  -4  -3  -3   1   8  -2    0   0   0   0   0   0   0   0   0   0   0   0   0   0   0   0   0   0 100   0  1.55 0.15
  171 K    -1   1  -1  -2  -3   2   0  -3  -1  -1   0   4   0  -2  -2  -1  -1  -3  -2   1    0   3   0   0   0  14   0   0   1   0  10  53   1   0   0   0   0   0   0  18  0.31 0.06
  172 N    -2  -1   7   1  -4  -1  -1  -1   0  -4  -4  -1  -3  -4  -3   0  -1  -5  -3  -4    0   0  99   0   0   0   0   0   0   0   0   0   0   0   0   0   1   0   0   0  1.24 0.14
  173 V    -1  -3  -4  -4  -2  -3  -3  -4  -4   2   0  -3   0  -2  -3  -2  -1  -4  -2   6    1   0   0   0   0   0   0   0   0   0   0   0   0   0   0   0   0   0   0  99  0.72 0.11
  174 K    -2   2  -1  -1  -4   1   0  -2  -1  -4  -3   6  -2  -4  -2  -1  -1  -4  -3  -3    0   2   0   0   0   0   0   0   0   0   0  98   0   0   0   0   0   0   0   0  0.92 0.12
  175 A     5  -2  -2  -2  -1  -2  -2   1  -2  -2  -2  -1  -2  -3   2   0  -1  -3  -3  -1   79   0   0   0   0   0   0  10   0   0   0   0   0   0   8   0   1   0   0   3  0.53 0.08
  176 D    -3  -2   1   7  -4  -1   1  -2  -2  -4  -5  -1  -4  -4  -2  -1  -2  -5  -4  -4    0   0   1  98   0   0   2   0   0   0   0   0   0   0   0   0   0   0   0   0  1.34 0.12
  177 Y    -3  -3  -3  -4  -3  -2  -3  -4   1  -2  -2  -3  -2   3  -4  -3  -3   1   8  -2    0   0   0   0   0   0   0   0   0   0   0   0   0   9   0   0   0   0  91   0  1.40 0.14
  178 V     0  -3  -3  -4  -1  -3  -3  -3  -4   2   0  -3   0  -2  -3  -2   0  -4  -2   5    9   0   0   0   0   0   0   0   0   7   0   0   0   0   0   1   1   0   0  83  0.53 0.09
  179 K    -1   1   0  -1  -3   1   0  -2  -1  -3  -3   6  -2  -4  -2   0   1  -4  -3  -3    1   0   2   0   0   0   1   0   0   0   0  84   0   0   0   1  11   0   0   0  0.69 0.10
  180 A     5  -2  -2  -3  -1  -2  -2   0  -2  -2  -2  -1  -2  -3  -2   1  -1  -3  -3  -1  100   0   0   0   0   0   0   0   0   0   0   0   0   0   0   0   0   0   0   0  0.74 0.11
  181 F    -3  -4  -4  -5  -3  -4  -4  -4  -2   0  -1  -4  -1   6  -5  -3  -3   8   2  -1    0   0   0   0   0   0   0   0   0   4   0   0   0  66   0   0   0  29   0   1  1.26 0.11
  182 W    -4  -4  -5  -6  -4  -3  -4  -4  -4  -4  -3  -4  -3   0  -5  -4  -4  12   1  -4    0   0   0   0   0   0   0   0   0   0   0   0   0   0   0   0   0 100   0   0  3.22 0.20
  183 N    -2  -1   7   1  -4  -1  -1  -1   0  -4  -4  -1  -3  -4  -3   0  -1  -5  -3  -4    0   0  98   0   0   0   0   1   0   0   0   0   0   0   0   0   0   0   0   0  1.21 0.13
  184 V    -1  -3  -4  -4  -2  -3  -3  -4  -4   4   1  -3   0  -1  -3  -3  -1  -3  -2   4    0   0   0   0   0   0   0   0   0  43   1   0   0   0   0   0   0   0   0  56  0.56 0.08
  185 V     1  -3  -3  -4  -1  -3  -3  -3  -4   2   0  -3   0  -2  -3  -2  -1  -4  -2   5   14   0   0   0   0   0   0   0   0   2   0   0   0   0   0   0   0   0   0  85  0.53 0.09
  186 N    -2  -1   7   1  -3  -1  -1  -1   0  -4  -4  -1  -3  -4  -3   1  -1  -5  -3  -4    0   0  94   1   0   0   0   0   0   0   0   0   0   0   0   4   0   0   0   0  1.13 0.12
  187 W    -4  -4  -5  -6  -4  -3  -4  -4  -4  -4  -3  -4  -3   0  -5  -4  -4  12   1  -4    0   0   0   0   0   0   0   0   0   0   0   0   0   0   0   0   0 100   0   0  3.21 0.19
  188 A     4  -2  -1  -1  -1   1   1   0  -2  -2  -2  -1  -2  -3   0   1   0  -3  -2  -1   77   0   0   2   0   6   7   1   0   0   0   0   0   0   2   2   2   0   0   0  0.46 0.08
  189 D    -3  -2   1   7  -4  -1   1  -2  -2  -4  -5  -1  -4  -4  -2  -1  -2  -5  -4  -4    0   0   3  93   0   0   3   0   0   0   0   0   0   0   0   0   0   0   0   0  1.25 0.11
  190 V     2  -3  -3  -3  -1  -2  -3  -2  -3   2   0  -2   0  -2  -2  -1   0  -3  -2   4   30   0   0   0   0   0   0   0   0   1   0   0   0   0   0   0   1   0   0  69  0.43 0.08
  191 Q     2   0  -1  -1  -3   6   1   0   0  -3  -3   0  -1  -4  -2   0  -1  -3  -2  -2   23   0   0   0   0  64   1   5   0   0   0   0   0   0   0   4   2   0   0   0  0.59 0.10
  192 K     2   0   1   2  -2   1   2  -1  -1  -2  -2   1  -2  -3  -1   1   0  -3  -2  -2   31   2   6  13   0   6  21   1   0   1   1   7   0   0   0   9   3   0   0   0  0.26 0.04
  193 R    -2   7  -1  -3  -4   0  -1  -3  -1  -4  -3   2  -2  -4  -3  -2  -2  -4  -3  -3    0 100   0   0   0   0   0   0   0   0   0   0   0   0   0   0   0   0   0   0  1.24 0.13
  194 Y    -3  -3  -4  -4  -3  -4  -4  -4  -1  -1   0  -4  -1   7  -4  -3  -3   0   4  -1    0   0   0   0   0   0   0   0   1   0   7   0   0  78   0   0   0   0  15   0  1.03 0.11
  195 A     3  -1  -1   1  -2   0   2  -1  -2  -2  -2  -1  -2  -3  -1   1   2  -3  -2  -1   39   1   1  11   0   1  23   2   0   0   1   0   0   0   0   3  18   0   0   1  0.29 0.05
  196 A     3   3   0  -2  -2   0  -1   0  -1  -3  -2   1  -2  -3  -2   1   0  -3  -2  -2   52  31   3   0   0   0   1   2   0   0   0   6   0   0   0   3   2   0   0   0  0.38 0.07
  197 A     5  -2  -2  -3  -1  -2  -2  -1  -2  -2  -2  -1  -2  -3  -2   0  -1  -3  -3  -1   99   0   0   0   0   0   0   0   0   0   0   0   0   0   0   0   0   0   0   1  0.75 0.12
  198 T    -1   4  -1  -2  -2   0  -1  -2  -2  -1  -1   1  -1  -3  -2   0   3  -3  -2   0    1  44   0   0   0   0   0   0   0   2   2   3   0   0   0   2  39   0   0   7  0.42 0.08
  199 S     1  -1   0  -1  -1   0   0   0  -2  -2  -2  -1  -1  -3  -2   3   4  -3  -2  -1    8   1   2   0   0   2   2   3   0   0   1   1   1   0   0  41  38   0   0   0  0.40 0.07
  200 K     0   1   1  -1  -3   4   0   1  -1  -3  -3   3  -2  -4  -2   0  -1  -3  -2  -3    3   4   4   0   0  36   0  11   0   0   0  33   0   0   0   5   2   0   0   0  0.42 0.07
  201 A     2  -2  -1  -2  -2  -1  -2   2  -2  -2  -2  -1  -1  -2  -1   1   4  -3  -1  -1   24   0   0   0   0   0   0  18   0   0   0   0   1   1   1   0  53   0   2   0  0.41 0.08
  202 Q     2   0   0   0  -2   2   0   0  -1  -2  -2   2  -1  -3   2   2   1  -3  -2  -1   22   0   3   3   0  14   1   4   0   0   1  18   0   0   9  17   6   0   0   2  0.24 0.04
  203 G     0  -3  -1  -2  -2  -2  -3   6  -2  -4  -4  -2  -3  -4  -3  -1  -2  -3  -4  -3    1   0   0   1   1   0   0  93   1   1   0   0   0   0   0   0   0   0   0   1  1.22 0.11
  204 L    -2  -3  -4  -4  -2  -3  -3  -4  -4   1   5  -3   2   0  -3  -3  -2  -2  -2   0    0   0   0   0   0   0   1   0   0   4  93   0   1   0   0   0   0   0   0   1  0.70 0.09
  205 I    -2  -4  -4  -4  -2  -3  -4  -5  -4   5   2  -3   1  -1  -4  -3  -1  -3  -2   3    0   0   0   0   0   0   0   0   0  82   7   0   1   0   0   0   0   0   1  10  0.65 0.09
  206 F     0  -3  -3  -4  -2  -3  -3  -3  -2   0   1  -3   0   6  -3  -1  -1   0   2   0   11   0   0   0   0   0   0   0   0   0  19   0   0  62   0   3   2   0   0   3  0.49 0.05
  207 G     0  -3  -1  -2  -3  -2  -2   6  -2  -4  -4  -2  -3  -4  -3  -1  -2  -3  -3  -4    0   0   0   0   0   0   0 100   0   0   0   0   0   0   0   0   0   0   0   0  1.15 0.03

                      K         Lambda
Standard Ungapped    0.1343     0.3189
Standard Gapped      0.0511     0.2670
PSI Ungapped         0.1670     0.3176
PSI Gapped           0.0511     0.2670
