
Last position-specific scoring matrix computed, weighted observed percentages rounded down, information per position, and relative weight of gapless real matches to pseudocounts
            A   R   N   D   C   Q   E   G   H   I   L   K   M   F   P   S   T   W   Y   V   A   R   N   D   C   Q   E   G   H   I   L   K   M   F   P   S   T   W   Y   V
    1 M    -2  -2  -3  -4  -2  -1  -3  -4  -3   0   1  -2   9  -1  -4  -3  -2  -2  -2   0    0   0   0   0   0   0   0   0   0   0   0   0 100   0   0   0   0   0   0   0  1.20 0.16
    2 A     4  -2  -1  -2  -1  -1  -1  -1  -2  -2  -3  -1  -2  -3  -1   4   0  -3  -2  -1   53   0   0   0   0   0   0   0   0   0   0   0   0   0   0  46   1   0   0   0  0.52 0.08
    3 F    -3  -4  -4  -5  -3  -4  -4  -4  -2  -1   0  -4  -1   8  -5  -3  -3   0   2  -2    0   0   0   0   0   0   0   0   0   0   0   0   0 100   0   0   0   0   0   0  1.35 0.13
    4 E    -2   0  -1   0  -4   5   5  -3   0  -4  -3   1  -2  -4  -2  -1  -1  -3  -2  -3    0   0   0   0   0  45  51   0   0   0   0   3   0   0   0   0   0   0   0   0  0.83 0.10
    5 F    -3  -4  -4  -5  -3  -4  -4  -4  -2  -1   0  -4  -1   8  -5  -3  -3   0   2  -2    0   0   0   0   0   0   0   0   0   0   0   0   0 100   0   0   0   0   0   0  1.35 0.13
    6 K    -2   4  -1  -2  -4   1   0  -2  -1  -4  -3   6  -2  -4  -2  -1  -1  -4  -3  -3    0  21   0   0   0   0   0   0   0   0   0  79   0   0   0   0   0   0   0   0  0.81 0.10
    7 L    -2  -3  -4  -4  -2  -2  -3  -4  -3   1   4  -3   5   0  -4  -3  -2  -2  -2   0    0   0   0   0   0   0   0   0   0   0  76   0  24   0   0   0   0   0   0   0  0.65 0.09
    8 P    -2  -3  -3  -2  -4  -2  -2  -3  -3  -4  -4  -2  -4  -5   8  -2  -2  -5  -4  -3    0   0   0   0   0   0   0   0   0   0   0   0   0   0 100   0   0   0   0   0  2.41 0.14
    9 D    -3  -3   1   7  -4  -1   1  -2  -2  -4  -5  -2  -4  -5  -2  -1  -2  -5  -4  -4    0   0   0 100   0   0   0   0   0   0   0   0   0   0   0   0   0   0   0   0  1.41 0.13
   10 I    -2  -4  -4  -4  -2  -4  -4  -5  -4   6   1  -4   0  -1  -4  -3  -1  -3  -2   2    0   0   0   0   0   0   0   0   0 100   0   0   0   0   0   0   0   0   0   0  0.85 0.12
   11 G    -1  -3  -1  -2  -3  -3  -3   7  -3  -5  -5  -2  -4  -4  -3  -1  -2  -3  -4  -4    0   0   0   0   0   0   0 100   0   0   0   0   0   0   0   0   0   0   0   0  1.41 0.11
   12 E    -2  -1  -1   1  -5   1   6  -3  -1  -4  -4   0  -3  -4  -2  -1  -2  -4  -3  -3    0   0   0   0   0   0 100   0   0   0   0   0   0   0   0   0   0   0   0   0  1.16 0.13
   13 G    -1  -3  -1  -2  -3  -3  -3   7  -3  -5  -5  -2  -4  -4  -3  -1  -2  -3  -4  -4    0   0   0   0   0   0   0 100   0   0   0   0   0   0   0   0   0   0   0   0  1.41 0.11
   14 I    -2  -4  -4  -4  -2  -4  -4  -5  -4   6   1  -4   1  -1  -4  -3  -1  -3  -2   2    0   0   0   0   0   0   0   0   0  98   2   0   0   0   0   0   0   0   0   0  0.82 0.11
   15 H    -3  -1   0  -2  -4   0  -1  -3  10  -4  -4  -2  -3  -2  -3  -2  -3  -3   1  -4    0   1   0   0   0   0   0   0  99   0   0   0   0   0   0   0   0   0   0   0  1.73 0.16
   16 E    -2  -1  -1   1  -5   1   6  -3  -1  -4  -4   0  -3  -4  -2  -1  -2  -4  -3  -3    0   0   0   0   0   0 100   0   0   0   0   0   0   0   0   0   0   0   0   0  1.16 0.13
   17 G    -1  -3  -1  -2  -3  -3  -3   7  -3  -5  -5  -2  -4  -4  -3  -1  -2  -3  -4  -4    0   0   0   0   0   0   0 100   0   0   0   0   0   0   0   0   0   0   0   0  1.41 0.11
   18 E    -2  -1  -1   1  -5   1   6  -3  -1  -4  -4   0  -3  -4  -2  -1  -2  -4  -3  -3    0   0   0   2   0   0  98   0   0   0   0   0   0   0   0   0   0   0   0   0  1.12 0.12
   19 I    -2  -4  -4  -4  -2  -4  -4  -5  -4   6   1  -4   0  -1  -4  -3  -1  -3  -2   2    0   0   0   0   0   0   0   0   0  99   0   0   0   0   0   0   0   0   0   1  0.83 0.11
   20 V    -1  -3  -4  -4  -2  -3  -3  -4  -4   2   0  -3   0  -2  -3  -2  -1  -4  -2   6    0   0   0   0   0   0   0   0   0   0   0   0   0   0   0   0   0   0   0 100  0.76 0.11
   21 K    -2   2  -1  -2  -4   1   0  -2  -2  -4  -3   6  -2  -4  -2  -1  -1  -4  -3  -3    0   0   0   0   0   0   0   0   0   0   0 100   0   0   0   0   0   0   0   0  0.97 0.12
   22 W    -4  -4  -5  -6  -4  -3  -4  -4  -4  -4  -3  -4  -3   0  -5  -4  -4  12   1  -4    0   0   0   0   0   0   0   0   0   0   0   0   0   0   0   0   0 100   0   0  3.27 0.20
   23 F    -3  -4  -4  -5  -3  -4  -4  -4  -2  -1   0  -4  -1   8  -5  -3  -3   0   3  -2    0   0   0   0   0   0   0   0   0   0   0   0   0  99   0   0   0   0   1   0  1.35 0.13
   24 I    -1  -3  -4  -4  -2  -3  -3  -4  -4   3   0  -3   0  -1  -3  -2  -1  -4  -2   5    0   0   0   0   0   0   0   0   0  22   0   0   0   0   0   0   0   0   0  78  0.62 0.09
   25 K    -2   1  -1  -1  -4   1   0  -2  -2  -4  -3   6  -2  -4  -2  -1  -1  -4  -3  -3    0   0   1   0   0   0   0   0   0   0   0  99   0   0   0   0   0   0   0   0  0.95 0.12
   26 P     0  -3  -3  -2  -3  -1  -2  -3  -3  -3  -4  -1  -3  -4   8  -1  -1  -4  -4  -3    7   0   0   0   0   2   0   0   0   0   0   1   0   0  86   2   1   0   0   0  1.90 0.12
   27 G    -1  -3   0  -2  -3  -2  -3   6  -3  -5  -5  -2  -4  -4  -3  -1  -2  -3  -4  -4    0   0   4   0   0   0   0  96   0   0   0   0   0   0   0   0   0   0   0   0  1.33 0.11
   28 D    -3  -2   1   7  -4  -1   1  -2  -2  -4  -5  -2  -4  -5  -2  -1  -2  -5  -4  -4    0   0   0  99   0   0   1   0   0   0   0   0   0   0   0   0   0   0   0   0  1.39 0.13
   29 E    -1   1  -1   0  -4   1   4  -2  -1  -4  -3   5  -2  -4  -2  -1  -1  -4  -3  -3    0   0   1   0   0   3  34   0   0   0   0  61   0   0   0   0   1   0   0   0  0.67 0.09
   30 V    -1  -3  -4  -4  -2  -3  -3  -4  -4   3   0  -3   0  -1  -3  -2  -1  -4  -2   5    0   0   0   0   0   0   0   0   0  16   0   0   0   0   0   0   0   0   0  84  0.64 0.09
   31 N    -1   0   3   1  -3   5   2  -1   0  -4  -3   1  -2  -4  -2   0  -1  -3  -2  -3    4   0  24   4   0  45  15   2   0   0   0   4   0   0   0   1   0   0   0   0  0.55 0.07
   32 E    -2  -1  -1   1  -5   1   6  -3  -1  -4  -4   0  -3  -4  -2  -1  -2  -4  -3  -3    0   0   0   0   0   0 100   0   0   0   0   0   0   0   0   0   0   0   0   0  1.16 0.13
   33 D    -3  -3   1   7  -4  -1   1  -2  -2  -4  -5  -2  -4  -5  -2  -1  -2  -5  -4  -4    0   0   0 100   0   0   0   0   0   0   0   0   0   0   0   0   0   0   0   0  1.41 0.13
   34 D    -2  -2   1   7  -4  -1   1  -2  -2  -4  -5  -2  -4  -5  -2  -1  -2  -5  -4  -4    1   0   0  99   0   0   0   0   0   0   0   0   0   0   0   0   0   0   0   0  1.38 0.13
   35 V    -1  -3  -4  -4  -2  -3  -3  -4  -4   2   0  -3   0  -2  -3  -2  -1  -4  -2   5    0   0   0   0   0   0   0   0   0   4   0   0   0   0   0   0   1   0   0  95  0.71 0.10
   36 L    -2  -3  -4  -4  -2  -3  -4  -5  -4   1   5  -3   2   0  -4  -3  -2  -2  -2   0    0   0   0   0   0   0   0   0   0   0 100   0   0   0   0   0   0   0   0   0  0.77 0.10
   37 L     1  -4  -3  -4   9  -3  -4  -3  -4  -2  -1  -3  -1  -3  -3  -1  -2  -3  -3  -1   15   0   0   0  79   0   0   0   0   0   5   0   1   0   0   0   0   0   0   1  1.45 0.13
   38 E    -2  -1  -1   1  -5   1   6  -3  -1  -4  -4   0  -3  -4  -2  -1  -2  -4  -3  -3    0   0   0   0   0   0 100   0   0   0   0   0   0   0   0   0   0   0   0   0  1.16 0.13
   39 V    -1  -3  -4  -4  -2  -3  -3  -4  -4   3   0  -3   0  -1  -3  -2  -1  -4  -2   5    0   0   0   0   0   0   0   0   0  15   0   0   0   0   0   0   0   0   0  85  0.65 0.09
   40 Q    -2   0  -1  -1  -4   7   1  -3   0  -4  -3   0  -1  -4  -2  -1  -2  -3  -2  -3    0   0   0   0   0 100   0   0   0   0   0   0   0   0   0   0   0   0   0   0  1.24 0.15
   41 N    -2  -1   7   1  -4  -1  -1  -1   0  -4  -4  -1  -3  -4  -3   0  -1  -5  -3  -4    0   0 100   0   0   0   0   0   0   0   0   0   0   0   0   0   0   0   0   0  1.28 0.14
   42 D    -3  -3   1   7  -4  -1   1  -2  -2  -4  -5  -2  -4  -5  -2  -1  -2  -5  -4  -4    0   0   0 100   0   0   0   0   0   0   0   0   0   0   0   0   0   0   0   0  1.41 0.13
   43 K    -2   2  -1  -2  -4   1   0  -2  -2  -4  -3   6  -2  -4  -2  -1  -1  -4  -3  -3    0   0   0   0   0   0   0   0   0   0   0 100   0   0   0   0   0   0   0   0  0.97 0.12
   44 A     5  -2  -2  -2  -1  -1  -2  -1  -2  -2  -2  -1  -2  -3  -2   1  -1  -3  -3  -1   96   0   0   0   0   0   0   0   0   0   0   0   0   0   0   4   0   0   0   0  0.72 0.11
   45 V    -1  -3  -4  -4  -2  -3  -3  -4  -4   2   0  -3   0  -2  -3  -2  -1  -4  -2   6    0   0   0   0   0   0   0   0   0   0   0   0   0   0   0   0   0   0   0 100  0.76 0.11
   46 V    -1  -3  -4  -4  -2  -3  -3  -4  -4   2   0  -3   0  -2  -3  -2  -1  -4  -2   6    0   0   0   0   0   0   0   0   0   0   0   0   0   0   0   0   0   0   0 100  0.76 0.11
   47 E    -2  -1  -1   1  -5   1   6  -3  -1  -4  -4   0  -3  -4  -2  -1  -2  -4  -3  -3    0   0   0   0   0   0 100   0   0   0   0   0   0   0   0   0   0   0   0   0  1.16 0.13
   48 I    -2  -4  -4  -4  -2  -4  -4  -5  -4   6   1  -4   0  -1  -4  -3  -1  -3  -2   2    0   0   0   0   0   0   0   0   0 100   0   0   0   0   0   0   0   0   0   0  0.85 0.12
   49 P    -2  -3  -3  -2  -4  -2  -2  -3  -3  -4  -4  -2  -4  -5   8  -2  -2  -5  -4  -3    0   0   0   0   0   0   0   0   0   0   0   0   0   0  99   1   0   0   0   0  2.38 0.14
   50 S     0  -2   0  -1  -2  -1  -1  -1  -2  -3  -3  -1  -2  -3  -2   6   1  -4  -3  -3    0   0   0   0   0   0   0   0   0   0   0   0   0   0   0 100   0   0   0   0  0.84 0.12
   51 P    -2  -3  -3  -2  -4  -2  -2  -3  -3  -4  -4  -2  -4  -5   8  -2  -2  -5  -4  -3    0   0   0   0   0   0   0   0   0   0   0   0   0   0 100   0   0   0   0   0  2.41 0.14
   52 V    -1  -3  -4  -4  -2  -3  -3  -4  -4   2   0  -3   0  -2  -3  -2  -1  -4  -2   6    0   0   0   0   0   0   0   0   0   0   0   0   0   0   0   0   0   0   0 100  0.76 0.11
   53 K     2   0  -1   0  -3   1   3  -2  -1  -3  -3   3  -2  -3  -1   0   0  -3  -2  -2   27   0   0   2   0   0  29   0   0   0   0  38   0   0   0   0   4   0   0   0  0.39 0.06
   54 G    -1  -3  -1  -2  -3  -3  -3   7  -3  -5  -5  -2  -4  -4  -3  -1  -2  -3  -4  -4    0   0   0   0   0   0   0 100   0   0   0   0   0   0   0   0   0   0   0   0  1.41 0.11
   55 K    -1   0  -1  -2  -2   0  -1  -2  -2  -2  -2   3  -2  -3  -2   1   5  -3  -2  -1    1   0   0   0   0   0   0   0   0   0   0  34   0   0   0   1  64   0   0   0  0.56 0.09
   56 V    -1  -3  -4  -4  -2  -3  -3  -4  -4   2   0  -3   0  -2  -3  -2  -1  -4  -2   6    0   0   0   0   0   0   0   0   0   1   0   0   0   0   0   0   0   0   0  99  0.75 0.11
   57 L    -1  -1  -2   0  -3   1   4  -3  -2   0   2   0   0  -2  -2  -1   0  -3  -2   0    0   0   0   0   0   3  46   0   0   7  35   1   0   0   0   0   5   0   0   2  0.31 0.06
   58 E    -2  -1  -1   3  -4   1   6  -3  -1  -4  -4   1  -3  -4  -2  -1  -1  -4  -3  -3    0   0   0  12   0   0  84   0   0   0   0   3   0   0   0   0   0   0   0   0  0.95 0.10
   59 V    -1  -3  -4  -4  -2  -3  -3  -4  -4   4   2  -3   1  -1  -3  -3  -1  -3  -2   4    0   0   0   0   0   0   0   0   0  36  18   0   0   0   0   0   0   0   0  46  0.48 0.06
   60 L    -2  -1   0  -3  -2  -1  -2  -3   0   0   4   1   1   0  -3  -2  -2  -2  -1   0    0   0   5   0   0   0   0   0   4   0  72  17   0   1   0   0   0   0   1   0  0.35 0.07
   61 V    -1  -3  -4  -4  -2  -3  -3  -4  -4   3   0  -3   0  -2  -3  -2  -1  -4  -2   5    0   0   0   0   0   0   0   0   0   6   0   0   0   0   0   0   0   0   0  93  0.69 0.10
   62 E     0  -1   0   3  -3   1   4   2  -1  -4  -4   0  -3  -4   0   0  -1  -4  -3  -3    4   0   3  18   0   2  43  22   0   0   0   0   0   0   3   5   0   0   0   0  0.48 0.05
   63 E    -2  -1  -1   1  -5   1   6  -3  -1  -4  -4   0  -3  -4  -2  -1  -2  -4  -3  -3    0   0   0   0   0   0 100   0   0   0   0   0   0   0   0   0   0   0   0   0  1.16 0.13
   64 G    -1  -3  -1  -2  -3  -3  -3   7  -3  -5  -5  -2  -4  -4  -3  -1  -2  -3  -4  -4    0   0   0   0   0   0   0 100   0   0   0   0   0   0   0   0   0   0   0   0  1.41 0.11
   65 T     0  -2  -1  -1  -2  -1  -1  -2  -2  -2  -2  -1  -1  -3  -2   1   6  -3  -2  -1    3   0   0   1   0   2   3   0   0   0   0   1   0   0   0   2  87   0   0   1  0.72 0.11
   66 V    -1  -3  -3  -4  -2  -3  -3  -4  -4   2   0  -3   0  -2  -3  -2   0  -4  -2   5    0   0   0   0   0   0   0   0   0   1   0   0   0   0   0   0   6   0   0  93  0.66 0.10
   67 A     5  -2  -2  -3  -1  -2  -2  -1  -2  -2  -2  -1  -2  -3  -2   1  -1  -3  -3  -1   99   0   0   0   1   0   0   0   0   0   0   0   0   0   0   0   0   0   0   0  0.75 0.11
   68 V    -1  -2  -1  -2  -2  -2  -2  -3  -3   2  -1  -2  -1  -2  -2   0   5  -3  -2   2    0   0   0   0   0   0   0   0   0  13   0   0   0   0   0   0  67   0   0  21  0.50 0.09
   69 V    -1  -3  -4  -4  -2  -3  -3  -4  -4   2   0  -3   0  -2  -3  -2  -1  -4  -2   6    0   0   0   0   0   0   0   0   0   0   0   0   0   0   0   0   0   0   0 100  0.76 0.11
   70 G    -1  -3  -1  -2  -3  -3  -3   7  -3  -5  -5  -2  -4  -4  -3  -1  -2  -3  -4  -4    0   0   0   0   0   0   0 100   0   0   0   0   0   0   0   0   0   0   0   0  1.41 0.11
   71 D    -2   0   0   4  -4   6   1  -2  -1  -4  -3   0  -2  -4  -2  -1  -2  -3  -3  -3    0   0   0  36   0  63   0   0   0   0   0   0   0   0   0   0   0   0   0   0  0.87 0.11
   72 T    -1  -3  -2  -3  -1  -2  -2  -3  -3   2   0  -2   0  -2  -2  -1   3  -3  -2   4    0   0   0   0   0   0   0   0   0   4   0   0   0   0   0   0  38   0   0  58  0.44 0.08
   73 L    -2  -3  -4  -4  -2  -3  -4  -4  -4   2   5  -3   1   0  -4  -3  -2  -2  -2   1    0   0   0   0   0   0   0   0   0  16  84   0   0   0   0   0   0   0   0   0  0.64 0.08
   74 I    -1  -4  -4  -4  -2  -3  -4  -4  -4   5   1  -3   1  -1  -3  -3  -1  -3  -2   4    0   0   0   0   0   0   0   0   0  61   0   0   0   0   0   0   0   0   0  39  0.61 0.08
   75 K    -1   0  -1  -2  -2  -1  -1  -2  -2  -2  -2   3  -1  -3  -2   1   5  -3  -2  -1    0   2   0   0   0   0   0   0   0   1   0  26   0   0   0   4  66   0   0   0  0.53 0.09
   76 F    -3  -4  -4  -4  -3  -4  -4  -4  -2   0   1  -4   0   7  -5  -3  -3   0   2  -1    0   0   0   0   0   0   0   0   0   1   7   0   0  91   0   0   0   0   0   0  1.16 0.12
   77 D    -3  -3   1   7  -4  -1   1  -2  -2  -4  -5  -2  -4  -5  -2  -1  -2  -5  -4  -4    0   0   0 100   0   0   0   0   0   0   0   0   0   0   0   0   0   0   0   0  1.41 0.13
   78 A     5  -2  -2  -3  -1  -2  -2  -1  -2  -2  -2  -1  -2  -3  -2   1  -1  -3  -3  -1  100   0   0   0   0   0   0   0   0   0   0   0   0   0   0   0   0   0   0   0  0.77 0.11
   79 P    -2  -3  -3  -2  -4  -2  -2  -3  -3  -4  -4  -2  -4  -5   8  -2  -2  -5  -4  -3    0   0   0   0   0   0   0   0   0   0   0   0   0   0 100   0   0   0   0   0  2.41 0.14
   80 G    -1  -3  -1  -2  -3  -3  -3   7  -3  -5  -5  -2  -4  -4  -3  -1  -2  -3  -4  -4    0   0   0   0   0   0   0 100   0   0   0   0   0   0   0   0   0   0   0   0  1.41 0.11
   81 Y    -3  -3  -3  -4  -4  -2  -3  -4   1  -2  -2  -3  -2   2  -4  -3  -3   1   8  -2    0   0   0   0   0   0   0   0   0   0   0   0   0   0   0   0   0   0 100   0  1.58 0.15
   82 E    -2  -1  -1   1  -5   1   6  -3  -1  -4  -4   0  -3  -4  -2  -1  -2  -4  -3  -3    0   0   0   0   0   0  99   1   0   0   0   0   0   0   0   0   0   0   0   0  1.14 0.13
   83 N    -2  -2   5   5  -4  -1   0  -1   1  -4  -4  -1  -3  -4  -2   0  -1  -5  -3  -4    0   0  50  45   0   0   0   1   3   0   0   0   0   0   0   0   0   0   0   0  0.88 0.09
   84 L    -2  -3  -4  -4  -2  -3  -4  -4  -3   1   5  -3   3   0  -4  -3  -2  -2  -2   1    0   0   0   0   0   0   0   0   0   4  89   0   6   0   0   0   0   0   0   1  0.67 0.08
   85 K    -1   1  -1  -1  -3   5   1  -2  -1  -3  -3   4  -1  -4  -2   0   0  -3  -2  -2    0   0   0   0   0  46   1   0   0   0   0  44   0   0   0   2   5   0   0   2  0.63 0.09
   86 F    -3  -4  -4  -5  -3  -4  -4  -4  -2  -1   0  -4  -1   8  -5  -3  -3   0   2  -2    0   0   0   0   0   0   0   0   0   0   0   0   0  99   0   0   0   0   0   1  1.35 0.13
   87 K    -2   2  -1  -2  -4   1   0  -2  -2  -4  -3   6  -2  -4  -2  -1  -1  -4  -3  -3    0   0   0   0   0   0   0   0   0   0   0 100   0   0   0   0   0   0   0   0  0.97 0.12
   88 G    -1  -3  -1  -2  -3  -3  -3   7  -3  -5  -5  -2  -4  -4  -3  -1  -2  -3  -4  -4    0   0   0   0   0   0   0  99   0   0   0   1   0   0   0   0   0   0   0   0  1.39 0.11
   89 D    -2  -2   1   6  -4   1   2  -1   0  -4  -4  -1  -3  -4  -2   0  -1  -4  -3  -4    1   0   1  73   0   8   6   1   2   0   0   1   0   0   0   5   0   0   0   0  0.86 0.09
   90 D    -2  -1   0   4  -4   0   3  -2   6  -4  -4  -1  -3  -3  -2  -1  -2  -4  -1  -4    0   0   0  30   0   1  29   0  36   0   0   0   0   0   0   2   0   0   0   0  0.72 0.08
   91 H     0  -1   0   0  -3   0   2   3   5  -4  -3  -1  -2  -3  -2   0  -1  -3  -1  -3    3   0   0   4   0   2  20  29  31   0   0   1   0   0   0   8   1   0   0   0  0.45 0.06
   92 D     0  -1   0   5  -3   0   3   0   0  -3  -4   0  -3  -4  -2   0  -1  -4  -3  -3    8   0   1  42   0   2  31   7   2   0   0   2   0   0   0   3   1   0   0   0  0.55 0.06
   93 E     0  -1   0   4  -4   1   5  -1  -1  -3  -3   0  -3  -4  -1   0  -1  -4  -3  -3    6   0   0  25   0   1  56   3   0   0   0   4   0   0   1   3   1   0   0   1  0.61 0.07
   94 A     2  -1  -1   1  -2   1   3  -1  -1  -2  -3   1  -2  -3   1   0   0  -3  -2  -1   33   0   1   5   0   4  34   1   0   0   0   8   0   0   6   2   2   0   0   2  0.32 0.05
   95 P     1  -1  -2  -1  -3   0   1  -1  -1  -2  -3   1  -2  -3   6   0   0  -4  -3  -2   15   0   0   1   0   2   9   3   1   1   0  11   0   0  45   3   7   0   0   2  0.74 0.06
   96 K     1   1  -1  -1  -3   1   1  -1  -1  -3  -3   4  -2  -3   2   0   0  -3  -2  -2   14   0   1   1   0   5   7   1   0   0   0  55   0   0   9   1   4   0   0   1  0.40 0.06
   97 A     1   0  -1   0  -2   3   2  -1  -1  -2  -2   2  -1  -3   0   0   0  -3  -2  -1   20   0   1   1   0  20  20   1   0   0   0  21   0   0   4   3   7   0   0   3  0.29 0.04
   98 E     0   0   0   1  -4   2   5  -2  -1  -3  -3   1  -2  -4   1   0  -1  -3  -3  -2    5   0   2   3   0   8  65   1   0   0   0   7   0   0   5   1   3   0   0   2  0.60 0.07
   99 E     1   0  -1   0  -3   2   4  -2  -1  -2  -3   1  -2  -3   0   0   0  -3  -2  -1   19   0   1   1   0   5  51   0   0   0   0   9   0   0   4   1   4   0   0   5  0.40 0.06
  100 A     2   0  -1   0  -2   1   2  -1  -1  -2  -2   3  -1  -3   0   0   0  -3  -2  -1   26   1   0   2   0   6  15   0   0   0   0  31   0   0   4   4   5   0   0   6  0.25 0.04
  101 K     1   0   0  -1  -2   2   1  -1  -1  -2  -2   3  -1  -3   3   0   1  -3  -2  -1   15   0   1   1   0   9   9   2   0   0   0  30   0   0  13   4  11   0   0   3  0.29 0.04
  102 E     1   0  -1   1  -3   2   4  -1  -1  -2  -3   1  -2  -3   1   0   0  -3  -2  -1   17   0   0   2   0  11  42   1   0   0   0  10   0   0   6   2   3   0   0   5  0.37 0.05
  103 E     1  -1   0   1  -3   2   4  -1  -1  -3  -3   1  -2  -3   2   0   0  -3  -2  -1   15   0   1   6   0   7  40   2   0   0   0   6   0   0  11   3   6   0   0   3  0.37 0.04
  104 A     3  -1  -1  -1  -2   1   1  -1  -1  -2  -2   0  -1  -3   1   1   1  -3  -2   0   43   0   1   1   0   8  13   1   0   1   0   6   0   0   6   4   9   0   0   6  0.23 0.04
  105 P     1  -1  -1  -1  -2   0   1  -2  -2  -1  -2   0  -2  -3   5   0   1  -3  -2   0   17   0   0   1   0   5   9   0   0   0   0   5   0   0  35   7   8   0   0  11  0.53 0.05
  106 K     2   0   0   0  -2   2   2  -1  -1  -2  -2   2  -1  -3   1   0   1  -3  -2  -1   24   0   1   1   0  12  18   2   0   0   0  18   1   0   6   4   9   0   0   4  0.23 0.03
  107 A     2  -1  -1  -1  -2   2   2   0  -1  -2  -2   0  -1  -3   2   1   0  -3  -2   0   31   0   1   1   0  13  15   6   0   0   0   3   0   0  10   5   5   0   0   9  0.23 0.03
  108 E     1  -1  -1   0  -2   2   3   0  -1  -2  -2   0  -2  -3   2   1   1  -3  -2  -1   21   0   1   2   0  13  31   4   0   0   0   3   0   0   8   5   8   0   0   4  0.29 0.04
  109 A     2  -1  -1  -1  -2   0   1   0  -2  -1  -2   0  -1  -3   1   1   1  -3  -2   0   36   0   1   1   0   4  12   6   0   0   1   5   0   0   5   7  15   0   0   6  0.20 0.03
  110 T     2  -1  -1  -1  -2   1   1   1  -1  -2  -2   0  -1  -3   2   1   1  -3  -2  -1   30   0   1   2   0  11   8  10   0   0   0   6   0   0   9   3  16   0   0   4  0.21 0.03
  111 P     2  -1  -1  -1  -2   2   1   0  -1  -2  -2   0  -1  -3   3   1   0  -3  -2  -1   31   0   1   0   0  12  10   7   0   1   2   7   0   0  17   5   6   0   0   1  0.29 0.03
  112 A     2  -1  -1   0  -2   1   1   1  -1  -2  -2   0  -2  -3   3   1   0  -3  -2  -1   29   0   2   3   0  10  13  11   0   0   0   3   0   0  14   6   7   0   0   3  0.27 0.03
  113 A     2  -1   0   0  -2   3   2   0  -1  -2  -2   0  -1  -3   0   0   0  -3  -2  -1   32   0   2   3   0  28  11   4   0   1   0   3   0   0   4   3   7   0   0   2  0.27 0.05
  114 T     2  -1   0  -1  -2   2   1   1  -1  -1  -2   0  -1  -3   1   0   1  -3  -2   0   29   0   2   1   0  14  11   8   0   0   0   2   0   0   5   2  12   0   0  13  0.17 0.03
  115 A     1  -1  -1   2  -3   2   4  -1  -1  -2  -2   0  -2  -3   1   0   0  -3  -2  -1   21   0   1  10   0   9  41   1   0   0   1   2   0   0   8   2   3   0   0   4  0.37 0.05
  116 E     1  -2  -1   0  -2   1   2  -2  -2   1  -1  -1  -1  -2  -1  -1   0  -3  -2   3   19   0   0   6   0   9  17   0   0   1   0   1   0   0   2   1   1   0   0  42  0.17 0.05
  117 V    -1  -2   0   6  -3  -1   1  -2  -2  -2  -3  -1  -3  -4  -1  -1  -1  -5  -3   0    2   0   1  76   0   1   4   1   0   0   0   0   0   0   1   1   2   0   0  12  0.81 0.09
  118 V    -1  -2  -2  -2  -3  -1   0  -3  -2  -3  -3  -1  -3  -4   7   0  -1  -4  -3  -2    2   0   0   0   0   1   8   0   0   0   0   0   0   0  78   6   1   0   0   3  1.64 0.11
  119 N    -2  -1   6   2  -3  -1  -1  -1   0  -4  -4  -1  -3  -4  -3   1   0  -4  -3  -3    1   0  77   7   0   0   0   1   0   0   0   1   0   0   0  10   2   0   0   0  0.87 0.10
  120 E    -1   6  -1  -2  -4   1   0  -3  -1  -3  -3   3  -2  -4  -2  -1  -2  -4  -2  -3    2  71   0   1   0   0   3   0   0   0   0  21   0   0   0   0   0   0   0   1  0.83 0.09
  121 R    -2   7  -1  -2  -4   0  -1  -3   0  -4  -3   2  -2  -4  -3  -2  -2  -4  -3  -3    0  94   1   0   0   0   0   0   1   0   0   4   0   0   0   0   0   0   0   0  1.14 0.12
  122 V    -1  -3  -4  -4  -2  -3  -3  -4  -4   4   1  -3   0  -1  -3  -3  -1  -3  -2   4    0   0   0   0   0   0   0   0   0  41   0   0   0   0   0   0   0   0   0  59  0.59 0.08
  123 I    -2  -4  -4  -4  -2  -4  -4  -5  -4   6   1  -3   1  -1  -4  -3  -1  -3  -2   3    0   0   0   0   0   0   0   0   0  91   0   0   0   0   0   0   0   0   0   9  0.75 0.10
  124 A     5  -2  -2  -3  -1  -2  -2  -1  -2  -2  -2  -1  -2  -3  -2   1  -1  -3  -3  -1   99   0   0   0   0   0   0   0   0   0   0   0   0   0   0   1   0   0   0   0  0.75 0.11
  125 M    -2  -2  -3  -4  -3  -1  -3  -4  -3   0   1  -2   9  -1  -4  -3  -2  -3  -2   0    0   0   0   0   0   0   0   0   0   0   0   0 100   0   0   0   0   0   0   0  1.22 0.16
  126 P    -2  -3  -3  -2  -4  -2  -2  -3  -3  -4  -4  -2  -4  -5   8  -2  -2  -5  -4  -3    0   0   0   0   0   0   0   0   0   0   0   0   0   0 100   0   0   0   0   0  2.41 0.14
  127 S     0  -2   0  -1  -2  -1  -1  -1  -2  -3  -3  -1  -2  -3  -2   6   1  -4  -3  -3    0   0   0   0   0   0   0   0   0   0   0   0   0   0   0  99   1   0   0   0  0.83 0.12
  128 V    -1  -3  -4  -4  -2  -3  -3  -4  -4   2   0  -3   0  -2  -3  -2  -1  -4  -2   6    0   0   0   0   0   0   0   0   0   0   0   0   0   0   0   0   0   0   0 100  0.76 0.11
  129 R    -2   7  -1  -3  -4   0  -1  -3  -1  -4  -3   1  -2  -4  -3  -2  -2  -4  -3  -3    0 100   0   0   0   0   0   0   0   0   0   0   0   0   0   0   0   0   0   0  1.25 0.13
  130 K    -2   2  -1  -1  -4   1   0  -2  -2  -4  -3   6  -2  -4  -2  -1  -1  -4  -3  -3    0   0   1   0   0   0   0   0   0   0   0  99   0   0   0   0   0   0   0   0  0.95 0.12
  131 Y    -3  -3  -3  -4  -3  -2  -3  -4   1  -2  -2  -3  -2   3  -4  -3  -3   1   8  -2    0   0   0   0   0   0   0   0   1   0   1   0   0   5   0   0   0   0  94   0  1.45 0.14
  132 A     5  -2  -2  -3  -1  -2  -2  -1  -2  -2  -2  -1  -2  -3  -2   1  -1  -3  -3  -1   98   0   0   0   0   0   0   0   0   0   0   0   0   0   0   2   0   0   0   0  0.75 0.11
  133 R    -2   7  -1  -3  -4   0  -1  -3  -1  -4  -3   1  -2  -4  -3  -2  -2  -4  -3  -3    0 100   0   0   0   0   0   0   0   0   0   0   0   0   0   0   0   0   0   0  1.25 0.13
  134 E    -2  -1  -1   3  -4   1   6  -3   0  -4  -4   0  -3  -4  -2  -1  -2  -4  -3  -3    0   1   0  19   0   0  80   0   1   0   0   0   0   0   0   0   0   0   0   0  0.94 0.10
  135 N    -2   1   2  -1  -4   1   0  -2  -1  -4  -3   6  -2  -4  -2  -1  -1  -4  -3  -3    0   1  11   0   0   3   0   0   1   0   0  84   0   0   0   1   0   0   0   0  0.75 0.10
  136 G    -1  -3  -1   0  -3  -2  -2   6  -3  -5  -4  -2  -3  -4  -3  -1  -2  -3  -4  -4    0   0   1   7   0   0   2  90   0   0   0   0   0   0   0   1   0   0   0   0  1.17 0.10
  137 V    -1  -3  -4  -4  -2  -3  -3  -4  -4   3   0  -3   0  -1  -3  -2  -1  -4  -2   5    0   0   0   0   0   0   0   0   0  14   0   0   0   0   0   0   0   0   0  86  0.65 0.09
  138 D    -2  -2   2   6  -4   0   3  -2  -1  -4  -4  -1  -3  -4  -2   0  -1  -5  -3  -4    0   0  10  68   0   0  20   0   0   0   0   0   0   0   0   1   0   0   0   0  0.92 0.09
  139 I    -2  -4  -4  -4  -2  -4  -4  -5  -4   6   1  -4   1  -1  -4  -3  -1  -3  -2   2    0   0   0   0   0   0   0   0   0  99   0   0   0   0   0   0   0   0   0   0  0.84 0.11
  140 H    -1   6  -1  -2  -4   1  -1  -2   2  -3  -2   2  -2  -3  -2  -1  -1  -3  -2  -2    4  67   1   0   0   6   0   1   6   0   1   6   0   0   0   2   4   0   1   1  0.64 0.08
  141 K    -1   0  -1  -2  -3   4   0  -3  -1  -1   2   1   1  -2  -2  -1  -1  -3  -2  -1    5   0   1   0   0  44   2   0   0   0  34  11   1   0   0   0   0   0   0   0  0.33 0.07
  142 V    -1  -3  -4  -4  -2  -3  -3  -4  -4   2   0  -3   0  -2  -3  -2  -1  -4  -2   5    0   0   0   0   0   0   0   0   0   3   0   0   0   0   0   0   0   0   0  97  0.72 0.11
  143 A     3  -1   0  -1  -1   2   0  -1  -1  -2  -2   0  -1  -3   1   2   1  -3  -2  -1   41   0   2   0   0  14   1   0   0   0   1   1   0   0   7  24   8   0   0   1  0.33 0.05
  144 G    -1  -3  -1  -2  -3  -3  -3   7  -3  -5  -5  -2  -4  -4  -3  -1  -2  -3  -4  -4    0   0   0   0   0   0   0 100   0   0   0   0   0   0   0   0   0   0   0   0  1.41 0.11
  145 S     0  -2   0  -1  -2  -1  -1  -1  -2  -3  -3  -1  -2  -3  -2   5   3  -3  -2  -2    0   0   0   0   0   0   0   1   0   0   0   0   0   0   0  70  30   0   0   0  0.62 0.10
  146 G     0  -3  -1  -2  -3  -3  -3   6  -3  -5  -4  -2  -3  -4  -3  -1  -2  -3  -4  -4    2   0   0   0   0   0   0  98   0   0   0   0   0   0   0   0   0   0   0   0  1.35 0.11
  147 K    -2   1   2   2  -4   0   1  -2  -1  -4  -3   5  -2  -4  -2  -1  -1  -4  -3  -3    0   0  15  17   0   0   1   0   0   0   0  67   0   0   0   0   0   0   0   0  0.60 0.08
  148 N    -2  -1   7   1  -4  -1  -1  -1   1  -4  -4  -1  -3  -4  -3   0  -1  -5  -3  -4    0   0  97   0   0   0   0   1   2   0   1   0   0   0   0   0   0   0   0   0  1.21 0.13
  149 G     0  -3  -1  -2  -3  -2  -3   6  -3  -5  -5  -2  -3  -4  -3  -1  -2  -3  -4  -4    0   0   1   1   0   0   0  96   0   0   0   0   0   0   0   2   0   0   0   0  1.31 0.10
  150 R    -2   7  -1  -3  -4   0  -1  -3  -1  -4  -3   1  -2  -4  -2  -2  -2  -4  -3  -3    0  99   0   0   0   0   0   0   0   0   0   0   0   0   1   0   0   0   0   0  1.24 0.13
  151 I    -1  -3  -4  -4  -2  -3  -3  -4  -4   4   1  -3   0  -1  -3  -3  -1  -3  -2   4    0   0   0   0   0   0   0   0   0  41   0   0   0   0   0   0   0   0   0  59  0.59 0.08
  152 V    -1  -2  -3  -3  -2  -1  -3  -3  -3   1   3  -2   3   0  -3  -1   0  -2  -2   2    1   0   0   0   0   4   0   1   0   0  55   0  14   0   0   3   4   0   0  18  0.34 0.05
  153 K    -2   2  -1  -2  -4   1   0  -2  -2  -4  -3   6  -2  -4  -2  -1  -1  -4  -3  -3    0   0   0   0   0   0   0   0   0   0   0  99   0   0   0   0   0   0   0   0  0.95 0.12
  154 A     0  -1   0   2  -3   1   4   0  -1  -3  -3   0  -2  -3  -2   1   1  -3  -2  -2    9   0   4   9   0   4  44   6   0   0   0   0   1   0   0  15   7   0   0   1  0.39 0.05
  155 D    -3  -2   1   7  -4  -1   1  -2  -2  -4  -5  -2  -4  -5  -2  -1  -2  -5  -4  -4    0   0   1  99   0   0   0   0   0   0   0   0   0   0   0   0   0   0   0   0  1.39 0.13
  156 I    -2  -4  -4  -4  -2  -4  -4  -5  -4   6   1  -3   1  -1  -4  -3  -1  -3  -2   3    0   0   0   0   0   0   0   0   0  91   0   0   0   0   0   0   0   0   0   9  0.76 0.10
  157 D    -2  -2   1   7  -4   0   2  -2  -2  -4  -4  -1  -4  -4  -2  -1  -2  -5  -4  -4    0   0   1  89   0   1   9   0   0   0   0   0   0   0   0   0   0   0   0   0  1.21 0.11
  158 A     4  -2   0  -2  -1  -1  -1   0  -2  -2  -2  -1  -2  -3  -1   2   1  -3  -2  -1   61   0   2   0   0   1   0   1   0   0   1   0   0   0   0  24   9   0   0   1  0.42 0.07
  159 F    -3  -4  -4  -4  -3  -4  -4  -4  -1  -1   0  -4  -1   7  -5  -3  -3   0   3  -2    0   0   0   0   0   0   0   0   1   0   0   0   0  93   0   0   0   0   6   0  1.24 0.12
  160 A     0  -2  -3  -4  -2  -1  -3  -3  -3   1   4  -2   2   0  -3  -2  -1  -2  -2   1    9   0   0   0   0   2   0   1   0   4  68   2   3   0   0   1   1   0   0   8  0.37 0.06
  161 N     1  -1   4   0  -2   1   0  -1  -1  -3  -3   0  -2  -3  -2   2   1  -3  -2  -2   17   0  38   2   0   7   1   0   0   0   0   3   0   0   0  26   6   0   0   0  0.39 0.06
  162 G     0  -2  -1  -2  -3  -2  -3   6  -3  -4  -4  -2  -3  -4  -3  -1  -2  -3  -4  -4    0   1   0   0   0   0   0  94   0   0   0   2   0   0   0   0   0   0   0   0  1.24 0.10
  163 G     0  -3  -1   0  -3  -2  -2   6  -3  -4  -4  -2  -3  -4  -2  -1  -2  -3  -4  -4    0   0   0   4   0   0   1  89   0   0   0   1   0   0   1   1   0   0   0   0  1.11 0.09
  164 Q     3  -1   0  -1  -1   2   0   1  -1  -2  -2   0  -1  -3  -1   1   1  -3  -2  -1   46   0   4   0   0  13   1   9   0   0   0   1   0   0   1  10  10   0   0   3  0.27 0.05
  165 A     2   0  -1  -1  -2   2   0   0  -1  -2  -2   1  -1  -3   1   1   1  -3  -2   0   36   0   1   1   0  13   4   3   0   0   0  15   0   0   7   3  10   0   0   5  0.22 0.04
  166 V     2  -1  -1  -2  -1   0   0  -1  -2   0  -1   0  -1  -2   3   0   1  -3  -2   1   37   1   1   0   0   5   3   2   0   3   0   4   0   0  16   4   8   0   0  17  0.25 0.04
  167 A     3  -1  -1  -1  -2   1   1  -1  -2  -2  -2  -1  -1  -3   3   1   0  -3  -2  -1   49   0   1   1   0  11   8   1   0   0   1   1   0   0  13   4   5   0   0   4  0.32 0.05
  168 A     3  -1  -1  -1  -1   1   1  -1  -1  -1  -2   0  -1  -3   1   1   1  -3  -2   0   47   1   1   2   0   8  11   0   0   0   0   3   0   0   7   3   9   0   0   7  0.24 0.04
  169 T     2  -1  -1   0  -2   2   2  -1  -1  -2  -2   0  -1  -3   3   1   1  -3  -2  -1   24   0   1   3   0  11  15   0   1   1   0   3   0   0  15   6  14   0   0   4  0.27 0.03
  170 E     2  -1  -1   0  -2   2   2  -1  -1  -2  -2   0  -1  -3   3   0   1  -3  -2  -1   27   0   1   1   0  11  23   1   0   0   1   2   0   0  14   4  11   0   0   5  0.29 0.04
  171 A     3  -1  -1   0  -2   2   2  -1  -1  -2  -2   0  -1  -3   1   1   1  -3  -2  -1   39   0   0   1   0  15  18   1   0   1   0   2   0   0   6   2  12   0   0   1  0.27 0.04
  172 P     2  -1  -1  -1  -2   1   1  -1  -1  -1  -2   0  -1  -3   3   1   1  -3  -2   0   32   0   1   1   0   7  15   1   1   1   0   2   1   0  16   5  12   0   0   5  0.29 0.03
  173 A     2  -1   0   0  -2   2   2  -1  -1  -2  -2   0  -1  -3   2   1   0  -3  -2  -1   33   0   2   2   0  12  19   1   0   1   1   4   0   0   8   5   7   0   0   5  0.24 0.04
  174 A     2  -1  -1  -1  -2   2   1  -1  -1  -1  -2   0  -1  -3   2   0   1  -3  -2   0   35   0   2   1   0  15  13   1   0   1   0   6   0   0   8   2   9   0   0   7  0.23 0.04
  175 V     2  -1  -1   0  -2   2   2  -1  -1  -1  -2   0  -1  -3   2   0   1  -3  -2   1   28   1   0   2   0  12  17   1   0   1   0   3   0   0   8   2   9   0   0  14  0.19 0.03
  176 E     2  -1  -1   0  -2   3   2  -1  -1  -2  -2   0  -1  -3   2   0   1  -3  -2  -1   24   0   1   1   0  19  23   1   0   0   0   4   0   0   8   3  10   0   0   4  0.28 0.04
  177 A     2  -1  -1   0  -2   1   2  -1  -1  -2  -2   0  -1  -3   2   1   1  -3  -2   0   35   0   0   1   0   6  23   0   0   0   0   3   1   0  11   4   8   0   0   6  0.28 0.04
  178 T     2  -1  -1  -1  -2   1   1  -1  -1  -2  -2   1  -1  -3   2   1   1  -3  -2  -1   37   0   1   1   0   6  14   1   0   0   0   9   0   0  10   3  12   0   0   4  0.25 0.04
  179 P     2  -1  -1  -1  -2   2   2  -1  -1  -2  -2   1  -1  -3   2   0   1  -3  -2  -1   33   0   1   1   0  10  19   1   0   0   0   8   1   0  12   2   8   0   0   4  0.26 0.04
  180 A     2  -1  -1   0  -2   1   2  -1  -1  -2  -2   1  -1  -3   2   1   1  -3  -2  -1   37   0   1   2   0   7  20   0   0   0   0   7   0   0  10   3   9   0   0   4  0.26 0.04
  181 A     2  -1  -1   0  -2   1   3  -1  -1  -2  -2   1  -1  -3   2   0   0  -3  -2   0   27   0   1   1   0   8  27   1   0   0   0   7   0   0   9   2   7   0   0   9  0.25 0.04
  182 A     2   0  -1  -1  -2   1   2  -1  -1  -2  -2   1  -1  -3   1   0   1  -3  -2  -1   28   0   1   0   0   8  21   0   0   0   0  15   0   0   6   2  12   0   0   5  0.23 0.04
  183 K     2   0   0   0  -2   1   3  -1  -1  -2  -2   2  -1  -3   0   0   1  -3  -2  -1   24   1   3   1   0   7  26   1   0   0   0  18   0   0   4   3   9   0   0   3  0.25 0.03
  184 E     2  -1  -1   0  -2   1   3  -1  -1  -2  -2   1  -2  -3   1   0   1  -3  -2  -1   27   0   1   2   0   3  30   1   0   0   1   9   0   0   5   3  13   0   0   3  0.26 0.04
  185 E     2   0  -1  -1  -2   1   2  -1  -1  -2  -2   2  -2  -3   2   1   1  -3  -2  -1   30   0   1   1   0   5  16   2   0   0   0  18   0   0  10   4  10   0   0   2  0.26 0.03
  186 A     3   0  -1  -1  -2   0   0  -1  -2  -2  -2   2  -1  -3   2   0   0  -3  -2  -1   42   0   1   0   0   3   5   0   0   1   0  25   0   0  12   2   5   0   0   3  0.29 0.05
  187 P     2  -1  -1  -1  -2   0   0  -1  -2  -2  -2   1  -2  -3   5   0   0  -3  -2  -1   36   1   1   0   0   5   3   1   0   1   1  11   0   0  30   2   4   0   0   2  0.50 0.05
  188 K     4  -1  -1  -2  -1   1   0  -1  -2  -2  -2   1  -1  -3   0   1   1  -3  -2  -1   60   0   0   1   0   8   1   1   0   1   1  13   0   0   3   2   7   0   0   2  0.31 0.06
  189 A     4  -1  -2  -2  -1   1  -1  -1  -2  -2  -2   1  -1  -3   2   1   0  -3  -2  -1   57   0   0   1   0   6   1   0   0   1   0  14   0   0  12   3   1   0   0   3  0.35 0.06
  190 Q     2  -1  -1  -1  -2   3   0  -1  -1  -1  -2   0  -1  -3   3   0   0  -3  -2   0   27   0   1   0   0  27   1   0   0   2   1   6   0   0  15   2   6   0   0   9  0.29 0.04
  191 P     2  -2  -2  -2  -2  -1  -1  -1  -2   0  -1  -1  -1  -3   5   0   0  -3  -2   1   35   0   0   0   0   3   1   1   0   2   1   3   0   0  31   3   2   0   0  17  0.48 0.05
  192 I     0  -3  -3  -3  -2  -3  -3  -3  -3   5   1  -3   0  -1  -1  -2  -1  -3  -2   3    6   0   0   0   0   1   0   0   0  62   2   0   0   0   2   0   0   0   0  24  0.43 0.06
  193 P    -1  -3  -3  -2  -3  -1  -2  -3  -3  -2  -1  -2  -2  -3   8  -1  -2  -4  -3  -2    1   0   0   0   0   2   0   0   0   1   7   0   0   0  83   1   1   0   0   2  1.73 0.11
  194 A     1  -1  -1   0  -3   4   4  -2  -1  -3  -3   0  -2  -4  -1   0  -1  -3  -2  -2   18   0   0   0   0  26  53   0   0   0   0   0   0   0   1   0   1   0   0   1  0.58 0.08
  195 G    -1  -3  -1  -2  -3  -3  -3   6  -3  -5  -5  -2  -4  -4  -3  -1  -2  -3  -4  -4    0   0   0   0   0   0   0  99   0   0   0   0   0   0   0   0   0   0   0   0  1.38 0.11
  196 E    -1   0  -1   2  -4   4   5  -3  -1  -4  -3   0  -2  -4  -2  -1  -1  -3  -3  -3    1   0   0   8   0  32  58   0   0   0   0   0   0   0   0   0   0   0   0   0  0.78 0.09
  197 Y    -3  -3  -3  -4  -3  -3  -3  -4   0  -1   0  -3  -1   5  -4  -3  -3   1   7  -2    0   0   0   0   0   0   0   0   0   0   4   0   0  36   0   0   0   0  60   0  1.07 0.11
  198 P    -2  -3  -3  -2  -4  -2  -2  -3  -3  -4  -4  -2  -3  -5   8  -2  -2  -5  -4  -3    0   0   0   0   0   0   0   0   0   0   0   0   0   0  99   0   1   0   0   0  2.37 0.14
  199 E    -2  -1  -1   1  -5   1   6  -3  -1  -4  -4   0  -3  -4  -2  -1  -2  -4  -3  -3    0   0   0   0   0   0 100   0   0   0   0   0   0   0   0   0   0   0   0   0  1.16 0.13
  200 T    -1  -2  -1  -2  -2  -2  -2  -2  -3  -2  -2  -2  -2  -3  -2   1   6  -3  -3  -1    0   0   0   0   0   0   0   0   0   0   0   0   0   0   0   0 100   0   0   0  0.95 0.13
  201 R    -2   7  -1  -3  -4   0  -1  -3  -1  -4  -3   1  -2  -4  -3  -2  -2  -4  -3  -3    0 100   0   0   0   0   0   0   0   0   0   0   0   0   0   0   0   0   0   0  1.25 0.13
  202 E    -2  -1  -1   1  -5   1   6  -3  -1  -4  -4   0  -3  -4  -2  -1  -2  -4  -3  -3    0   0   0   0   0   0 100   0   0   0   0   0   0   0   0   0   0   0   0   0  1.16 0.13
  203 K    -1   1  -1  -2  -4   1   0  -2  -2  -4  -3   6  -2  -4  -1  -1  -1  -4  -3  -3    0   0   0   0   0   0   0   0   0   0   0  98   0   0   2   0   0   0   0   0  0.93 0.12
  204 M    -2  -2  -3  -4  -2  -1  -3  -4  -3   1   1  -2   9  -1  -4  -3  -2  -2  -2   0    0   0   0   0   0   0   0   0   0   1   3   0  95   0   0   0   0   0   0   1  1.12 0.15
  205 S     0  -2   0  -1  -2  -1  -1  -1  -2  -3  -3  -1  -2  -3  -2   6   1  -4  -3  -3    0   0   0   0   0   0   0   0   0   0   0   0   0   0   0 100   0   0   0   0  0.84 0.12
  206 G     0  -3  -1  -2  -3  -3  -3   6  -3  -5  -4  -2  -3  -4   0  -1  -2  -3  -4  -4    2   0   0   0   0   0   0  95   0   0   0   0   0   0   4   0   0   0   0   0  1.29 0.10
  207 I    -2  -4  -4  -4  -2  -3  -4  -5  -4   6   1  -3   3  -1  -4  -3  -1  -3  -2   2    0   0   0   0   0   0   0   0   0  90   0   0  10   0   0   0   0   0   0   0  0.73 0.10
  208 R    -2   7  -1  -3  -4   0  -1  -3  -1  -4  -3   1  -2  -4  -3  -2  -2  -4  -3  -3    0 100   0   0   0   0   0   0   0   0   0   0   0   0   0   0   0   0   0   0  1.25 0.13
  209 K    -2   3  -1  -2  -4   1   0  -2  -1  -4  -3   6  -2  -4  -2  -1  -1  -4  -3  -3    0  18   0   0   0   0   0   0   0   0   0  82   0   0   0   0   0   0   0   0  0.83 0.10
  210 A     5  -2  -2  -3  -1  -2  -2  -1  -2  -2  -2  -1   0  -3  -2   0  -1  -3  -3  -1   97   0   0   0   0   0   0   0   0   0   0   0   2   0   0   0   0   0   0   1  0.72 0.11
  211 I    -2  -4  -4  -4  -2  -4  -4  -5  -4   6   1  -4   0  -1  -4  -3  -1  -3  -2   2    0   0   0   0   0   0   0   0   0 100   0   0   0   0   0   0   0   0   0   0  0.85 0.12
  212 A     5  -2  -2  -3  -1  -2  -2  -1  -2  -2  -2  -1  -2  -3  -2   1  -1  -3  -3  -1   98   0   0   0   0   0   0   0   0   0   0   0   0   0   0   2   0   0   0   0  0.74 0.11
  213 K    -2   2  -1  -2  -4   1   0  -2  -2  -4  -3   6  -2  -4  -2  -1  -1  -4  -3  -3    0   0   0   0   0   0   0   0   0   0   0 100   0   0   0   0   0   0   0   0  0.97 0.12
  214 A     5  -2  -2  -3  -1  -2  -2  -1  -2  -2  -2  -1  -2  -3  -2   1  -1  -3  -3  -1  100   0   0   0   0   0   0   0   0   0   0   0   0   0   0   0   0   0   0   0  0.77 0.11
  215 M    -2  -2  -3  -4  -3  -1  -3  -4  -3   0   1  -2   9  -1  -4  -3  -2  -3  -2   0    0   0   0   0   0   0   0   0   0   0   0   0 100   0   0   0   0   0   0   0  1.22 0.16
  216 V    -1  -3  -4  -4  -2  -3  -3  -4  -4   2   0  -3   0  -2  -3  -2  -1  -4  -2   6    0   0   0   0   0   0   0   0   0   0   0   0   0   0   0   0   0   0   0 100  0.76 0.11
  217 N    -2  -1   7   0  -4  -1  -1  -1   2  -4  -4   0  -3  -4  -3   0  -1  -5  -3  -4    0   0  93   0   0   0   0   0   5   0   0   2   0   0   0   0   0   0   0   0  1.15 0.13
  218 S     0  -2   0  -1  -2  -1  -1  -1  -2  -3  -3  -1  -2  -3  -2   6   1  -4  -3  -3    0   0   0   0   0   0   0   0   0   0   0   0   0   0   0  99   1   0   0   0  0.83 0.12
  219 K    -2   2  -1  -2  -4   1   0  -2  -2  -4  -3   6  -2  -4  -2  -1  -1  -4  -3  -3    0   0   0   0   0   0   0   0   0   0   0 100   0   0   0   0   0   0   0   0  0.97 0.12
  220 H    -3  -1   0  -2  -4   2  -1  -3   9  -4  -4  -1  -2  -2  -3  -2  -3  -3   1  -4    0   0   0   0   0   8   0   0  91   0   0   0   0   0   0   1   0   0   0   0  1.52 0.15
  221 T    -1  -2  -1  -2  -2  -2  -2  -2  -3  -2  -2  -2  -2  -3  -2   1   6  -3  -3  -1    0   0   0   0   0   0   0   0   0   0   0   0   0   0   0   0 100   0   0   0  0.95 0.13
  222 A     5  -2  -2  -3  -1  -2  -2  -1  -2  -2  -2  -1  -2  -3  -2   1  -1  -3  -3  -1  100   0   0   0   0   0   0   0   0   0   0   0   0   0   0   0   0   0   0   0  0.77 0.11
  223 P    -2  -3  -3  -2  -4  -2  -2  -3  -3  -4  -4  -2  -4  -5   8  -2  -2  -5  -4  -3    0   0   0   0   0   0   0   0   0   0   0   0   0   0 100   0   0   0   0   0  2.41 0.14
  224 H    -3  -1   0  -2  -4   0  -1  -3  10  -4  -4  -2  -3  -2  -3  -2  -3  -3   1  -4    0   0   0   0   0   0   0   0 100   0   0   0   0   0   0   0   0   0   0   0  1.75 0.16
  225 V    -1  -3  -4  -4  -2  -3  -3  -4  -4   2   0  -3   0  -2  -3  -2  -1  -4  -2   6    0   0   0   0   0   0   0   0   0   0   0   0   0   0   0   0   0   0   0 100  0.76 0.11
  226 T    -1  -2  -1  -2  -2  -2  -2  -2  -3  -2  -2  -2  -2  -3  -2   1   6  -3  -3  -1    0   0   0   0   0   0   0   0   0   0   0   0   0   0   0   0 100   0   0   0  0.95 0.13
  227 L    -2  -3  -4  -4  -2  -3  -4  -5  -4   1   5  -3   2   0  -4  -3  -2  -2  -2   0    0   0   0   0   0   0   0   0   0   0 100   0   0   0   0   0   0   0   0   0  0.78 0.10
  228 M    -2  -2  -3  -4  -2  -1  -3  -4  -3   0   1  -2   9  -1  -4  -3  -2  -3  -2   0    0   0   0   0   0   0   0   0   0   0   0   0 100   0   0   0   0   0   0   0  1.21 0.16
  229 D    -3  -3   1   7  -4  -1   1  -2  -2  -4  -5  -2  -4  -5  -2  -1  -2  -5  -4  -4    0   0   0 100   0   0   0   0   0   0   0   0   0   0   0   0   0   0   0   0  1.41 0.13
  230 E    -2  -1  -1   1  -5   1   6  -3  -1  -4  -4   0  -3  -4  -2  -1  -2  -4  -3  -3    0   0   0   0   0   0 100   0   0   0   0   0   0   0   0   0   0   0   0   0  1.15 0.13
  231 V    -1  -3  -4  -4  -2  -3  -3  -4  -4   4   1  -3   0  -1  -3  -2  -1  -3  -2   4    2   0   0   0   0   0   0   0   0  37   0   0   0   0   0   0   0   0   0  61  0.56 0.08
  232 D    -2  -2   1   7  -4  -1   2  -2  -2  -4  -4  -1  -4  -4  -2  -1  -2  -5  -4  -4    0   0   0  88   0   0  12   0   0   0   0   0   0   0   0   0   0   0   0   0  1.21 0.11
  233 V    -1  -3  -4  -4  -2  -3  -3  -4  -4   2   0  -3   0  -2  -3  -2  -1  -4  -2   6    0   0   0   0   0   0   0   0   0   0   0   0   0   0   0   0   0   0   0 100  0.76 0.11
  234 T     0  -2  -1  -2  -2  -1  -1  -2  -2  -2  -2  -1  -1  -3  -2   1   6  -3  -2  -1    5   0   0   0   0   0   1   0   0   0   0   0   0   0   0   4  89   0   0   0  0.77 0.11
  235 E    -1   1   1   0  -4   1   2  -2  -1  -3  -3   5  -2  -4  -2   0  -1  -4  -3  -3    3   1  10   3   0   0  11   0   0   0   2  69   0   0   0   1   0   0   0   0  0.55 0.08
  236 L    -2  -3  -4  -4  -2  -3  -4  -5  -4   1   5  -3   2   0  -4  -3  -2  -2  -2   0    0   0   0   0   0   0   0   0   0   0 100   0   0   0   0   0   0   0   0   0  0.78 0.10
  237 V    -1  -3  -4  -4  -2  -3  -3  -4  -4   2   0  -3   0  -1  -3  -3  -1   5  -1   5    0   0   0   0   0   0   0   0   0   0   0   0   0   0   0   0   0  11   0  89  0.71 0.10
  238 A     5  -2  -2  -2  -1  -1  -2  -1  -2  -2  -2  -1  -2  -3  -2   1   0  -3  -3  -1   92   0   0   1   0   0   0   0   0   1   0   0   0   0   0   2   4   0   0   0  0.65 0.10
  239 H    -3  -1   1  -2  -4   0  -1  -3   9  -4  -4  -2  -3  -2  -3  -2  -3  -3   1  -4    0   0   3   0   0   0   0   0  96   0   0   0   0   0   0   1   0   0   0   0  1.63 0.15
  240 R    -2   7  -1  -3  -4   0  -1  -3  -1  -4  -3   1  -2  -4  -3  -2  -2  -4  -3  -3    0 100   0   0   0   0   0   0   0   0   0   0   0   0   0   0   0   0   0   0  1.25 0.13
  241 K    -2   2  -1  -2  -4   1   0  -2  -2  -4  -3   6  -2  -4  -2  -1  -1  -4  -3  -3    0   0   0   0   0   0   0   0   0   0   0 100   0   0   0   0   0   0   0   0  0.97 0.12
  242 K    -1   2   0  -1  -4   2   0  -2  -1  -4  -3   6  -2  -4  -2  -1  -1  -4  -3  -3    0   0   1   0   0  10   0   0   0   0   0  88   0   0   0   0   0   0   0   0  0.83 0.11
  243 F    -3  -4  -4  -5  -3  -4  -4  -4  -2  -1   0  -4  -1   8  -5  -3  -3   0   3  -2    0   0   0   0   0   0   0   0   0   0   0   0   0  96   0   0   0   0   4   0  1.30 0.13
  244 K    -2   2  -1  -2  -4   1   0  -2  -2  -4  -3   6  -2  -4  -2  -1  -1  -4  -3  -3    0   0   0   0   0   0   0   0   0   0   0 100   0   0   0   0   0   0   0   0  0.97 0.12
  245 A     0  -1   0   2  -3   2   5  -1  -1  -3  -3   0  -2  -4  -2   0  -1  -4  -3  -3   12   0   4  13   0   6  59   3   0   0   0   0   0   0   0   2   2   0   0   0  0.57 0.07
  246 V    -1  -3  -4  -4  -2  -3  -3  -4  -2   3   0  -3   0  -1  -3  -2  -1  -3  -1   5    0   0   0   0   0   0   0   0   1  15   0   0   0   0   0   0   0   0   1  82  0.60 0.09
  247 A     5  -2  -2  -3  -1  -2  -2  -1  -2  -2  -2  -1  -2  -3  -2   1  -1  -3  -3  -1  100   0   0   0   0   0   0   0   0   0   0   0   0   0   0   0   0   0   0   0  0.77 0.11
  248 A     5  -2  -2  -2  -1  -1  -1  -1  -2  -2  -2  -1  -2  -3  -2   1  -1  -3  -3  -1   96   0   0   0   0   0   1   0   0   0   0   0   0   0   0   2   0   0   0   1  0.70 0.10
  249 D     1  -1   1   3  -3   3   4  -1  -1  -3  -3   0  -2  -4  -2   0  -1  -3  -3  -3   15   0   6  17   0  17  38   2   0   0   0   0   0   0   0   5   0   0   0   0  0.46 0.05
  250 K    -1   2  -1  -1  -4   3   0  -2  -1  -4  -3   6  -2  -4  -2  -1  -1  -4  -3  -3    0   1   0   0   0  15   0   0   0   0   0  84   0   0   0   0   0   0   0   0  0.81 0.11
  251 G    -1  -3  -1  -1  -3  -2  -2   6  -3  -5  -5  -2  -4  -4  -3  -1  -2  -3  -4  -4    0   0   1   1   0   0   1  97   0   0   0   0   0   0   0   0   0   0   0   0  1.33 0.11
  252 I    -2  -4  -4  -4  -2  -4  -4  -5  -4   6   1  -3   1  -1  -4  -3  -1  -3  -2   3    0   0   0   0   0   0   0   0   0  90   0   0   0   0   0   0   1   0   0  10  0.74 0.10
  253 K    -2   2  -1  -2  -4   1   0  -2  -2  -4  -3   6  -2  -4  -2  -1  -1  -4  -3  -3    0   0   0   0   0   0   0   0   0   0   0 100   0   0   0   0   0   0   0   0  0.97 0.12
  254 L    -2  -3  -4  -4  -2  -3  -4  -5  -4   1   5  -3   2   0  -4  -3  -2  -2  -2   0    0   0   0   0   0   0   0   0   0   0 100   0   0   0   0   0   0   0   0   0  0.78 0.10
  255 T    -1  -2  -1  -2  -2  -2  -2  -2  -3  -2  -2  -2  -2  -3  -2   1   6  -3  -3  -1    0   0   0   0   0   0   0   0   0   0   0   0   0   0   0   0 100   0   0   0  0.95 0.13
  256 Y    -3  -3  -4  -4  -3  -4  -4  -4  -1  -1  -1  -4  -1   7  -4  -3  -3   1   5  -2    0   0   0   0   0   0   0   0   0   0   0   0   0  79   0   0   0   0  21   0  1.15 0.11
  257 L    -2  -3  -4  -4  -2  -3  -4  -5  -4   1   5  -3   2   0  -4  -3  -2  -2  -2   0    0   0   0   0   0   0   0   0   0   0 100   0   0   0   0   0   0   0   0   0  0.78 0.10
  258 P    -2  -3  -3  -2  -4  -2  -2  -3  -3  -4  -4  -2  -4  -5   8  -2  -2  -5  -4  -3    0   0   0   0   0   0   0   0   0   0   0   0   0   0 100   0   0   0   0   0  2.41 0.14
  259 Y    -3  -3  -3  -4  -4  -2  -3  -4   1  -2  -2  -3  -2   2  -4  -3  -3   1   8  -2    0   0   0   0   0   0   0   0   0   0   0   0   0   0   0   0   0   0 100   0  1.58 0.15
  260 V    -1  -3  -4  -4  -2  -3  -3  -4  -4   3   0  -3   0  -1  -3  -2  -1  -4  -2   5    0   0   0   0   0   0   0   0   0  17   0   0   0   0   0   0   0   0   0  83  0.64 0.09
  261 V    -1  -3  -4  -4  -2  -3  -3  -4  -4   2   0  -3   0  -2  -3  -2  -1  -4  -2   6    0   0   0   0   0   0   0   0   0   0   0   0   0   0   0   0   0   0   0 100  0.76 0.11
  262 K    -2   2  -1  -2  -4   1   0  -2  -2  -4  -3   6  -2  -4  -2  -1  -1  -4  -3  -3    0   0   0   0   0   0   0   0   0   0   0 100   0   0   0   0   0   0   0   0  0.97 0.12
  263 A     5  -2  -2  -3  -1  -2  -2  -1  -2  -2  -2  -1  -2  -3  -2   1  -1  -3  -3  -1   99   0   0   0   0   0   0   0   0   0   0   0   0   0   0   1   0   0   0   0  0.76 0.11
  264 L    -2  -3  -4  -4  -2  -3  -4  -5  -4   1   5  -3   2   0  -4  -3  -2  -2  -2   0    0   0   0   0   0   0   0   0   0   0 100   0   0   0   0   0   0   0   0   0  0.78 0.10
  265 T    -1  -2  -1  -2  -2  -2  -2  -3  -3  -1  -2  -2  -1  -3  -2   1   6  -3  -2   1    0   0   0   0   0   0   0   0   0   0   0   0   0   0   0   0  91   0   0   9  0.79 0.12
  266 S     1  -2   0  -1  -2  -1  -1  -1  -2  -3  -3  -1  -2  -3  -2   6   1  -4  -3  -2    1   0   0   0   0   0   0   0   0   0   0   0   0   0   0  99   0   0   0   0  0.82 0.12
  267 A     5  -2  -2  -3  -1  -2  -2  -1  -2  -2  -2  -1  -2  -3  -2   1  -1  -3  -3  -1   99   0   0   0   0   0   0   0   0   0   0   0   0   0   0   0   1   0   0   0  0.75 0.11
  268 L    -2  -3  -4  -4  -2  -3  -4  -5  -4   1   5  -3   2   0  -4  -3  -2  -2  -2   0    0   0   0   0   0   0   0   0   0   0 100   0   0   0   0   0   0   0   0   0  0.78 0.10
  269 R    -2   6  -1  -2  -4   0  -1  -3  -1  -4  -3   3  -2  -4  -3  -1  -2  -4  -3  -3    0  82   0   0   0   0   0   0   0   0   0  18   0   0   0   0   0   0   0   0  1.02 0.11
  270 E    -2   0  -1   1  -4   1   6  -3  -1  -4  -4   2  -3  -4  -2  -1  -2  -4  -3  -3    0   0   0   1   0   1  82   0   0   0   0  15   0   0   0   0   0   0   0   0  0.90 0.10
  271 Y    -3  -3  -3  -4  -3  -3  -3  -4   0  -1  -1  -3  -1   6  -4  -3  -3   1   6  -2    0   0   0   0   0   0   0   0   0   0   0   0   0  51   0   0   0   0  49   0  1.11 0.11
  272 P    -2  -3  -3  -2  -4  -2  -2  -3  -3  -4  -4  -2  -4  -5   8  -1  -2  -5  -4  -3    0   0   0   0   0   0   0   0   0   0   0   0   0   0  99   1   0   0   0   0  2.37 0.14
  273 M     4  -2  -2  -3  -1  -2  -2  -1  -3   0  -1  -2   1  -2  -2   0   1  -3  -2   2   57   0   0   0   0   0   0   0   0   2   0   0   5   0   0   0   6   0   0  29  0.34 0.07
  274 L    -2  -3  -4  -4  -2  -3  -4  -4  -4   1   5  -3   2   1  -4  -3  -2  -2  -2   0    0   0   0   0   0   0   0   0   0   0  98   0   0   2   0   0   0   0   0   0  0.75 0.09
  275 N    -2  -1   7   1  -4  -1  -1  -1   0  -4  -4  -1  -3  -4  -3   0  -1  -5  -3  -4    0   0 100   0   0   0   0   0   0   0   0   0   0   0   0   0   0   0   0   0  1.28 0.14
  276 T    -1  -2  -1  -2  -2  -2  -2  -2  -3  -2  -2  -2  -2  -3  -2   1   6  -3  -3  -1    1   0   0   0   0   0   0   0   0   0   0   0   0   0   0   0  99   0   0   0  0.93 0.13
  277 S     0  -2   0  -1  -2  -1  -1  -1  -2  -3  -3  -1  -2  -3  -2   6   1  -4  -3  -3    0   0   0   0   0   0   0   0   0   0   0   0   0   0   0 100   0   0   0   0  0.83 0.12
  278 L    -2  -3  -4  -4  -2  -3  -4  -4  -4   4   3  -3   2   0  -3  -3  -1  -3  -2   2    0   0   0   0   0   0   0   0   0  44  49   0   1   2   0   0   0   0   0   4  0.51 0.06
  279 D    -3  -3   1   7  -4  -1   1  -2  -2  -4  -5  -2  -4  -5  -2  -1  -2  -5  -4  -4    0   0   0 100   0   0   0   0   0   0   0   0   0   0   0   0   0   0   0   0  1.41 0.13
  280 D    -3  -2   1   7  -4  -1   1  -2  -2  -4  -5  -2  -4  -5  -2  -1  -2  -5  -4  -4    0   0   0  99   0   0   1   0   0   0   0   0   0   0   0   0   0   0   0   0  1.39 0.13
  281 A     4  -1  -1  -1  -1   0   2  -1  -2  -2  -2   0  -2  -3  -1   1   0  -3  -2  -1   68   0   2   0   0   1  15   0   0   0   0   7   0   0   0   7   0   0   0   0  0.42 0.07
  282 S     2  -2   0  -2  -1  -1  -1  -2  -2  -2  -2  -1  -1  -3  -2   1   5  -3  -2  -1   23   0   2   0   0   0   0   0   0   0   0   1   0   0   0   5  69   0   0   1  0.55 0.09
  283 Q     0  -1   2   3  -3   1   2   2  -1  -3  -3  -1  -2  -3  -2   3   0  -3  -3  -3    0   0   8  20   0   5  15  17   0   0   0   0   0   0   0  36   0   0   0   0  0.39 0.05
  284 E    -2  -1  -1   1  -5   1   6  -3  -1  -4  -4   0  -3  -4  -2  -1  -2  -4  -3  -3    0   0   0   0   0   0 100   0   0   0   0   0   0   0   0   0   0   0   0   0  1.16 0.13
  285 V    -2  -4  -4  -4  -2  -3  -4  -5  -4   6   1  -3   1  -1  -3  -3  -1  -3  -2   3    0   0   0   0   0   0   0   0   0  84   0   0   0   0   0   0   0   0   0  15  0.70 0.10
  286 V    -1  -3  -4  -4  -2  -3  -4  -4  -4   5   1  -3   0  -1  -3  -3  -1  -3  -2   4    0   0   0   0   0   0   0   0   0  57   0   0   0   0   0   0   0   0   0  43  0.60 0.08
  287 H    -2  -1   0  -2  -4   4   0  -3   8  -4  -3  -1  -2  -2  -3  -1  -2  -3   1  -4    0   0   0   0   0  34   0   0  63   0   0   0   0   0   0   0   0   0   3   0  1.07 0.12
  288 K    -2   2  -1  -2  -4   1   0  -2  -2  -4  -3   6  -2  -4  -2  -1  -1  -4  -3  -3    0   0   0   0   0   0   0   0   0   0   0 100   0   0   0   0   0   0   0   0  0.97 0.12
  289 H    -3  -1   0  -2  -4   0  -1  -3  10  -4  -4  -2  -3  -2  -3  -2  -3  -3   1  -4    0   0   0   0   0   0   0   0 100   0   0   0   0   0   0   0   0   0   0   0  1.75 0.16
  290 Y    -3  -3  -3  -4  -4  -2  -3  -4   1  -2  -2  -3  -2   2  -4  -3  -3   1   8  -2    0   0   0   0   0   0   0   0   0   0   0   0   0   0   0   0   0   0 100   0  1.58 0.15
  291 F    -3  -3  -3  -4  -3  -3  -3  -4   1  -2  -2  -3  -2   4  -4  -3  -3   1   8  -2    0   0   0   0   0   0   0   0   0   0   0   0   0  15   0   0   0   0  85   0  1.35 0.13
  292 N    -2  -1   7   1  -4  -1  -1  -1   0  -4  -4  -1  -3  -4  -3   0  -1  -5  -3  -4    0   0 100   0   0   0   0   0   0   0   0   0   0   0   0   0   0   0   0   0  1.28 0.14
  293 I    -2  -4  -4  -4  -2  -4  -4  -5  -4   6   1  -4   0  -1  -4  -3  -1  -3  -2   2    0   0   0   0   0   0   0   0   0 100   0   0   0   0   0   0   0   0   0   0  0.84 0.11
  294 G    -1  -3  -1  -2  -3  -3  -3   7  -3  -5  -5  -2  -4  -4  -3  -1  -2  -3  -4  -4    0   0   0   0   0   0   0 100   0   0   0   0   0   0   0   0   0   0   0   0  1.41 0.11
  295 I    -2  -4  -4  -4  -2  -4  -4  -5  -4   6   1  -4   0  -1  -4  -3  -1  -3  -2   2    0   0   0   0   0   0   0   0   0 100   0   0   0   0   0   0   0   0   0   0  0.85 0.12
  296 A     5  -2  -2  -3  -1  -2  -2  -1  -2  -2  -2  -1  -2  -3  -2   1  -1  -3  -3  -1  100   0   0   0   0   0   0   0   0   0   0   0   0   0   0   0   0   0   0   0  0.77 0.11
  297 A     5  -2  -2  -3  -1  -2  -2  -1  -2  -2  -2  -1  -2  -3  -2   1  -1  -3  -3  -1  100   0   0   0   0   0   0   0   0   0   0   0   0   0   0   0   0   0   0   0  0.76 0.11
  298 D    -3  -3   1   7  -4  -1   1  -2  -2  -4  -5  -2  -4  -5  -2  -1  -2  -5  -4  -4    0   0   0 100   0   0   0   0   0   0   0   0   0   0   0   0   0   0   0   0  1.41 0.13
  299 T    -1  -2  -1  -2  -2  -2  -2  -2  -3  -2  -2  -2  -2  -3  -2   1   6  -3  -3  -1    0   0   0   0   0   0   0   0   0   0   0   0   0   0   0   0 100   0   0   0  0.95 0.13
  300 D    -2  -1   0   5  -4   1   5  -2  -1  -4  -4   0  -3  -4  -2  -1  -2  -4  -3  -3    0   0   0  39   0   0  61   0   0   0   0   0   0   0   0   0   0   0   0   0  0.91 0.09
  301 K    -2   3  -1  -2  -4   1   0  -2  -1  -4  -3   6  -2  -4  -2  -1  -1  -4  -3  -3    0  10   0   0   0   0   0   0   0   0   0  90   0   0   0   0   0   0   0   0  0.87 0.11
  302 G    -1  -3  -1  -2  -3  -3  -3   7  -3  -5  -5  -2  -4  -4  -3  -1  -2  -3  -4  -4    0   0   0   0   0   0   0 100   0   0   0   0   0   0   0   0   0   0   0   0  1.41 0.11
  303 L    -2  -3  -4  -4  -2  -3  -4  -5  -4   1   5  -3   2   0  -4  -3  -2  -2  -2   0    0   0   0   0   0   0   0   0   0   0 100   0   0   0   0   0   0   0   0   0  0.78 0.10
  304 L    -2  -3  -4  -4  -2  -3  -4  -4  -4   1   5  -3   2   0  -4  -3  -2  -2  -2   0    0   0   0   0   0   0   0   0   0   0  96   0   3   0   0   0   0   0   0   1  0.73 0.09
  305 V    -1  -3  -4  -4  -2  -3  -3  -4  -4   2   0  -3   0  -2  -3  -2  -1  -4  -2   6    0   0   0   0   0   0   0   0   0   0   0   0   0   0   0   0   0   0   0 100  0.76 0.11
  306 P    -2  -3  -3  -2  -4  -2  -2  -3  -3  -4  -4  -2  -4  -5   8  -2  -2  -5  -4  -3    0   0   0   0   0   0   0   0   0   0   0   0   0   0 100   0   0   0   0   0  2.41 0.14
  307 V    -1  -3  -4  -4  -2  -3  -3  -4  -4   2   0  -3   0  -2  -3  -2  -1  -4  -2   6    0   0   0   0   0   0   0   0   0   0   0   0   0   0   0   0   0   0   0 100  0.76 0.11
  308 V    -1  -3  -4  -4  -2  -3  -3  -4  -4   3   0  -3   0  -1  -3  -2  -1  -4  -2   5    0   0   0   0   0   0   0   0   0   7   1   0   0   0   0   0   0   0   0  91  0.68 0.10
  309 K    -2   2  -1  -2  -4   1   0  -2  -2  -4  -3   6  -2  -4  -2  -1  -1  -4  -3  -3    0   0   0   0   0   0   0   0   0   0   0 100   0   0   0   0   0   0   0   0  0.97 0.12
  310 D    -2  -1   4   5  -4  -1   0  -2   3  -4  -4  -1  -3  -4  -2  -1  -1  -5  -2  -4    0   1  32  54   0   0   0   0  12   0   0   0   0   0   0   0   0   0   0   0  0.82 0.09
  311 T     5  -2  -2  -3  -1  -2  -2  -1  -2  -2  -2  -1  -2  -3  -2   1   0  -3  -3  -1   96   0   0   0   0   0   0   0   0   0   0   0   0   0   0   0   4   0   0   0  0.71 0.10
  312 D    -3  -2   1   7  -4  -1   2  -2  -2  -4  -5  -1  -4  -4  -2  -1  -2  -5  -4  -4    0   0   0  95   0   0   5   0   0   0   0   0   0   0   0   0   0   0   0   0  1.31 0.12
  313 R    -2   7  -1  -2  -4   0  -1  -3  -1  -4  -3   1  -2  -4  -3  -1  -1  -4  -3  -3    1  96   0   0   0   0   0   0   0   0   0   0   0   0   0   1   1   0   0   0  1.16 0.12
  314 K    -2   2  -1  -2  -4   1   0  -2  -2  -4  -3   6  -2  -4  -2  -1  -1  -4  -3  -3    0   0   0   0   0   0   0   0   0   0   0 100   0   0   0   0   0   0   0   0  0.97 0.12
  315 S     1  -2   0  -1  -2  -1  -1  -1  -2  -3  -3  -1  -2  -3   1   5   1  -4  -3  -2    3   0   0   0   0   0   0   2   0   0   0   0   0   0   5  91   0   0   0   0  0.71 0.11
  316 I    -1  -3  -3  -3  -2  -2  -3  -4  -3   3   1  -3   3  -1  -2  -2   1  -3  -2   4    0   0   0   0   0   0   0   0   0  31   0   0  14   0   1   0   8   0   0  45  0.40 0.06
  317 F    -3  -4  -4  -5  -3  -4  -4  -4  -2  -1   0  -4  -1   8  -5  -3  -3   0   3  -2    0   0   0   0   0   0   0   0   0   0   1   0   0  98   0   0   0   0   1   0  1.32 0.13
  318 T     2  -1   1  -1  -2   0   1  -1  -1  -2  -2   0  -2  -3  -1   2   2  -3  -2  -1   29   0  10   0   0   1  12   0   0   0   0   1   0   0   0  25  22   0   0   0  0.30 0.05
  319 I    -2  -4  -4  -4  -2  -4  -4  -5  -4   6   1  -3   1  -1  -4  -3  -1  -3  -2   2    0   0   0   0   0   0   0   0   0  90   6   0   0   0   0   0   0   0   0   4  0.73 0.10
  320 S     1  -2   0  -1  -2  -1  -1  -1  -2  -3  -3  -1  -2  -3  -2   5   1  -4  -3  -2    9   0   0   0   0   0   0   0   0   0   0   0   0   0   0  91   0   0   0   0  0.74 0.11
  321 N    -2  -1   6   2  -3   1   0  -1   0  -4  -4   1  -3  -4  -2   0  -1  -4  -3  -3    2   0  64  13   0   9   0   1   0   0   0   9   0   0   0   2   0   0   0   0  0.71 0.08
  322 E    -2  -1  -1   1  -5   2   6  -3  -1  -4  -4   0  -3  -4  -2  -1  -2  -4  -3  -3    0   0   0   1   0   3  96   0   0   0   0   0   0   0   0   0   0   0   0   0  1.10 0.12
  323 I    -2  -4  -4  -4  -2  -4  -4  -5  -4   6   1  -4   0  -1  -4  -3  -1  -3  -2   2    0   0   0   0   0   0   0   0   0 100   0   0   0   0   0   0   0   0   0   0  0.85 0.12
  324 N    -2  -1   7   1  -4  -1  -1  -1   0  -4  -4  -1  -3  -4  -3   0  -1  -5  -3  -4    0   0  99   0   0   0   0   0   0   0   0   0   0   0   0   1   0   0   0   0  1.26 0.13
  325 D    -1  -1  -1   2  -4   1   6  -1  -1  -4  -4   0  -3  -4  -2   0  -1  -4  -3  -3    0   0   0   7   0   2  84   5   0   0   0   0   0   0   0   2   1   0   0   0  0.88 0.10
  326 L    -2  -3  -4  -4  -2  -3  -4  -5  -4   1   5  -3   2   0  -4  -3  -2  -2  -2   0    0   0   0   0   0   0   0   0   0   0 100   0   0   0   0   0   0   0   0   0  0.78 0.10
  327 A     5  -2  -2  -3  -1  -2  -2   0  -2  -2  -2  -1  -2  -3  -2   0  -1  -3  -3  -1   98   0   0   0   0   0   0   2   0   0   0   0   0   0   0   0   0   0   0   0  0.74 0.11
  328 G     0  -2  -1   0  -2  -1  -1   4  -2  -1  -2  -2  -2  -3  -2   0   3  -3  -3   0    5   0   1   4   0   0   3  42   0   0   0   0   0   0   0   3  30   0   0  12  0.38 0.05
  329 K    -2   2  -1  -2  -4   1   0  -2  -2  -4  -3   6  -2  -4  -2  -1  -1  -4  -3  -3    0   0   0   0   0   0   0   0   0   0   0 100   0   0   0   0   0   0   0   0  0.97 0.12
  330 A     5  -2  -2  -3  -1  -2  -2  -1  -2  -2  -2  -1  -2  -3  -2   1  -1  -3  -3  -1  100   0   0   0   0   0   0   0   0   0   0   0   0   0   0   0   0   0   0   0  0.77 0.11
  331 R    -2   7  -1  -3  -4   0  -1  -3  -1  -4  -3   1  -2  -4  -3  -2  -2  -4  -3  -3    0 100   0   0   0   0   0   0   0   0   0   0   0   0   0   0   0   0   0   0  1.25 0.13
  332 E    -2  -2   1   6  -4   0   3  -2  -1  -4  -4  -1  -3  -4  -2   0  -1  -4  -3  -4    0   0   1  64   0   0  29   0   0   0   0   0   0   0   0   5   0   0   0   0  0.91 0.09
  333 G    -1  -3  -1  -2  -3  -3  -3   7  -3  -5  -5  -2  -4  -4  -3  -1  -2  -3  -4  -4    0   0   0   0   0   0   0 100   0   0   0   0   0   0   0   0   0   0   0   0  1.41 0.11
  334 R    -2   2  -1  -2  -4   1   0  -2  -1  -4  -3   6  -2  -4  -2  -1  -1  -4  -3  -3    0   7   0   0   0   0   0   0   0   0   0  93   0   0   0   0   0   0   0   0  0.90 0.11
  335 L    -2  -3  -4  -4  -2  -3  -4  -5  -4   1   5  -3   2   0  -4  -3  -2  -2  -2   0    0   0   0   0   0   0   0   0   0   0 100   0   0   0   0   0   0   0   0   0  0.78 0.10
  336 A     5  -2  -2  -2  -1  -1  -1   0  -2  -2  -2  -1   0  -3  -2   2   0  -3  -2  -1   78   0   0   0   0   0   0   1   0   0   2   0   4   0   0  12   3   0   0   0  0.51 0.08
  337 P    -1  -3  -2  -2  -3  -2  -2   0  -3  -4  -4  -2  -3  -4   8   0  -2  -4  -4  -3    3   0   0   0   0   0   0   7   0   0   0   0   0   0  84   5   0   0   0   0  1.84 0.12
  338 A     1  -2   4   4  -3   0   0  -1  -1  -3  -3  -1  -3  -4  -2   0   0  -4  -3  -3   23   0  34  37   0   1   2   0   1   0   0   0   0   0   0   1   2   0   0   0  0.54 0.07
  339 E    -2  -1  -1   1  -5   1   6  -3  -1  -4  -4   0  -3  -4  -2  -1  -2  -4  -3  -3    0   0   0   1   0   0  99   0   0   0   0   0   0   0   0   0   0   0   0   0  1.14 0.12
  340 M    -2  -2  -3  -4  -3  -1  -3  -4  -3   0   1  -2   9  -1  -4  -3  -2  -3  -2   0    0   0   0   0   0   0   0   0   0   0   0   0 100   0   0   0   0   0   0   0  1.22 0.16
  341 K    -2   2  -1  -2  -4   1   0  -2  -2  -4  -3   6  -2  -4  -2  -1  -1  -4  -3  -3    0   0   0   0   0   0   0   0   0   0   0 100   0   0   0   0   0   0   0   0  0.97 0.12
  342 G    -1  -3  -1  -2  -3  -3  -3   7  -3  -5  -5  -2  -4  -4  -3  -1  -2  -3  -4  -4    0   0   0   1   0   0   0  99   0   0   0   0   0   0   0   0   0   0   0   0  1.39 0.11
  343 A     5  -2  -2  -2  -1  -2  -2   1  -2  -2  -2  -1  -2  -3  -2   1  -1  -3  -3  -1   94   0   0   0   0   0   0   6   0   0   0   0   0   0   0   0   0   0   0   0  0.69 0.10
  344 S     0  -2   0  -1  -1  -1  -1  -1  -2  -3  -3  -1  -2  -3  -2   5   1  -4  -3  -2    0   0   0   0   1   0   0   0   0   0   0   0   0   0   0  97   3   0   0   0  0.79 0.12
  345 C    -1  -5  -4  -5  10  -4  -5  -4  -4  -2  -2  -4  -3  -4  -4  -2  -2  -3  -4  -2    0   0   0   0 100   0   0   0   0   0   0   0   0   0   0   0   0   0   0   0  2.15 0.17
  346 T    -1  -2  -1  -2  -2  -2  -2  -2  -3  -2  -2  -1  -2  -3  -2   1   6  -3  -3  -1    0   0   0   0   0   0   0   0   0   0   0   0   0   0   0   1  99   0   0   0  0.93 0.13
  347 I    -2  -4  -4  -4  -2  -4  -4  -5  -4   6   1  -4   0  -1  -4  -3  -1  -3  -2   2    0   0   0   0   0   0   0   0   0 100   0   0   0   0   0   0   0   0   0   0  0.85 0.12
  348 T     0  -2   0  -1  -2  -1  -1  -2  -2  -2  -2  -1  -2  -3  -2   3   5  -3  -2  -1    0   0   0   0   0   0   0   0   0   0   0   0   0   0   0  32  68   0   0   0  0.66 0.10
  349 N    -2  -1   7   1  -4  -1  -1  -1   0  -4  -4  -1  -3  -4  -3   0  -1  -5  -3  -4    0   0 100   0   0   0   0   0   0   0   0   0   0   0   0   0   0   0   0   0  1.28 0.14
  350 I    -2  -4  -4  -4  -2  -4  -4  -5  -4   6   1  -4   0  -1  -4  -3  -1  -3  -2   2    0   0   0   0   0   0   0   0   0 100   0   0   0   0   0   0   0   0   0   0  0.85 0.12
  351 G    -1  -3  -1  -2  -3  -3  -3   7  -3  -5  -5  -2  -4  -4  -3  -1  -2  -3  -4  -4    0   0   0   0   0   0   0 100   0   0   0   0   0   0   0   0   0   0   0   0  1.41 0.11
  352 S     0  -2   0  -1  -2  -1  -1  -1  -2  -3  -3  -1  -2  -3  -2   6   1  -4  -3  -3    0   0   0   0   0   0   0   0   0   0   0   0   0   0   0 100   0   0   0   0  0.84 0.12
  353 A     5  -2  -2  -3  -1  -2  -2  -1  -2  -2  -2  -1  -2  -3  -2   0  -1  -3  -3  -1   99   0   0   0   0   0   0   0   0   0   0   0   0   0   0   0   0   0   0   1  0.75 0.11
  354 G    -1  -3  -1  -2  -3  -3  -3   7  -3  -5  -5  -2  -4  -4  -3  -1  -2  -3  -4  -4    0   0   0   0   0   0   0 100   0   0   0   0   0   0   0   0   0   0   0   0  1.41 0.11
  355 G    -1  -3  -1  -2  -3  -3  -3   7  -3  -5  -5  -2  -4  -4  -3  -1  -2  -3  -4  -4    0   0   0   0   0   0   0 100   0   0   0   0   0   0   0   0   0   0   0   0  1.41 0.11
  356 Q    -2   0  -1  -1  -4   7   1  -3   0  -4  -3   0  -1  -4  -2  -1  -2  -3  -2  -3    0   0   0   0   0 100   0   0   0   0   0   0   0   0   0   0   0   0   0   0  1.24 0.15
  357 W    -4  -4  -5  -6  -4  -3  -4  -4  -4  -4  -3  -4  -3   0  -5  -4  -4  12   1  -4    0   0   0   0   0   0   0   0   0   0   0   0   0   0   0   0   0 100   0   0  3.27 0.20
  358 F    -3  -4  -4  -5  -3  -4  -4  -4  -2  -1   0  -4  -1   8  -5  -3  -3   0   2  -2    0   0   0   0   0   0   0   0   0   0   0   0   0 100   0   0   0   0   0   0  1.36 0.13
  359 T    -1  -2  -1  -2  -2  -2  -2  -2  -3  -2  -2  -2  -2  -3  -2   1   6  -3  -3  -1    0   0   0   0   0   0   0   0   0   0   0   0   0   0   0   0 100   0   0   0  0.95 0.13
  360 P    -2  -3  -3  -2  -4  -2  -2  -3  -3  -4  -4  -2  -4  -5   8  -2  -2  -5  -4  -3    0   0   0   0   0   0   0   0   0   0   0   0   0   0 100   0   0   0   0   0  2.41 0.14
  361 V    -1  -3  -4  -4  -2  -3  -3  -4  -4   2   0  -3   0  -2  -3  -2  -1  -4  -2   6    0   0   0   0   0   0   0   0   0   0   1   0   0   0   0   0   0   0   0  99  0.74 0.11
  362 I    -2  -4  -4  -4  -2  -4  -4  -5  -4   6   1  -4   0  -1  -4  -3  -1  -3  -2   2    0   0   0   0   0   0   0   0   0 100   0   0   0   0   0   0   0   0   0   0  0.85 0.12
  363 N    -2  -1   7   1  -4  -1  -1  -1   0  -4  -4  -1  -3  -4  -3   0  -1  -5  -3  -4    0   0 100   0   0   0   0   0   0   0   0   0   0   0   0   0   0   0   0   0  1.28 0.14
  364 H    -3  -1   0  -2  -4   0  -1  -3  10  -4  -4  -2  -3  -2  -3  -2  -3  -3   1  -4    0   0   0   0   0   1   0   0  99   0   0   0   0   0   0   0   0   0   0   0  1.72 0.16
  365 P    -2  -3  -3  -2  -4  -2  -2  -3  -3  -4  -4  -2  -4  -5   8  -2  -2  -5  -4  -3    0   0   0   0   0   0   0   0   0   0   0   0   0   0 100   0   0   0   0   0  2.41 0.14
  366 E    -2  -1  -1   1  -5   1   6  -3  -1  -4  -4   0  -3  -4  -2  -1  -2  -4  -3  -3    0   0   0   0   0   0 100   0   0   0   0   0   0   0   0   0   0   0   0   0  1.16 0.13
  367 V    -1  -3  -4  -4  -2  -3  -3  -4  -4   2   0  -3   0  -2  -3  -2  -1  -4  -2   6    0   0   0   0   0   0   0   0   0   0   0   0   0   0   0   0   0   0   0 100  0.76 0.11
  368 A     5  -2  -2  -3  -1  -2  -2  -1  -2  -2  -2  -1  -2  -3  -2   0  -1  -3  -3  -1  100   0   0   0   0   0   0   0   0   0   0   0   0   0   0   0   0   0   0   0  0.76 0.11
  369 I    -2  -4  -4  -4  -2  -4  -4  -5  -4   6   1  -4   0  -1  -4  -3  -1  -3  -2   2    0   0   0   0   0   0   0   0   0 100   0   0   0   0   0   0   0   0   0   0  0.85 0.12
  370 L    -2  -3  -4  -4  -2  -3  -4  -5  -4   1   5  -3   2   0  -4  -3  -2  -2  -2   0    0   0   0   0   0   0   0   0   0   0 100   0   0   0   0   0   0   0   0   0  0.78 0.10
  371 G    -1  -3  -1  -2  -3  -3  -3   7  -3  -5  -5  -2  -4  -4  -3  -1  -2  -3  -4  -4    0   0   0   0   0   0   0 100   0   0   0   0   0   0   0   0   0   0   0   0  1.41 0.11
  372 I    -2  -4  -4  -4  -2  -3  -4  -4  -4   5   1  -3   1  -1  -3  -3  -1  -3  -2   3    0   0   0   0   0   0   0   0   0  82   0   0   0   0   0   0   0   0   0  18  0.69 0.09
  373 G    -1  -3  -1  -2  -3  -3  -3   7  -3  -5  -5  -2  -4  -4  -3  -1  -2  -3  -4  -4    0   0   0   0   0   0   0 100   0   0   0   0   0   0   0   0   0   0   0   0  1.41 0.11
  374 R    -2   7  -1  -3  -4   0  -1  -3  -1  -4  -3   1  -2  -4  -3  -2  -2  -4  -3  -3    0 100   0   0   0   0   0   0   0   0   0   0   0   0   0   0   0   0   0   0  1.25 0.13
  375 I    -2  -4  -4  -4  -2  -4  -4  -5  -4   6   1  -4   0  -1  -4  -3  -1  -3  -2   2    0   0   0   0   0   0   0   0   0 100   0   0   0   0   0   0   0   0   0   0  0.85 0.12
  376 A     5  -2  -2  -2  -1  -1  -1   0  -2  -2  -2  -1  -2  -3  -1   1  -1  -3  -2  -1   89   0   0   0   0   2   0   0   0   0   0   0   0   0   0   9   0   0   0   0  0.64 0.10
  377 E    -2  -1  -1   1  -5   2   6  -3  -1  -4  -4   0  -3  -4  -2  -1  -2  -4  -3  -3    0   0   0   1   0   2  97   0   0   0   0   0   0   0   0   0   0   0   0   0  1.11 0.12
  378 K    -2   2  -1  -2  -4   1   0  -2  -2  -4  -3   6  -2  -4  -2  -1  -1  -4  -3  -3    0   0   0   0   0   0   0   0   0   0   0 100   0   0   0   0   0   0   0   0  0.97 0.12
  379 P     1  -3  -3  -2  -3  -2  -2  -2  -3  -3  -3  -2  -3  -4   8  -1  -2  -4  -4  -3   20   0   0   0   0   0   0   0   0   0   0   0   0   0  80   0   0   0   0   0  1.76 0.12
  380 V    -1  -3  -4  -4  -2  -3  -4  -4  -4   4   1  -3   0  -1  -3  -3  -1  -3  -2   4    0   0   0   0   0   0   0   0   0  50   0   0   0   0   0   0   0   0   0  50  0.59 0.08
  381 V    -1  -3  -4  -4  -2  -3  -3  -4  -4   2   0  -3   0  -2  -3  -2  -1  -4  -2   6    0   0   0   0   0   0   0   0   0   1   0   0   0   0   0   0   0   0   0  99  0.74 0.11
  382 K    -2   5  -1  -2  -4   1   0  -3  -1  -3  -2   4  -2  -3  -2  -1  -1  -3  -2  -2    0  47   0   0   0   2   0   0   0   0   3  45   0   0   0   2   0   0   0   2  0.67 0.08
  383 N    -2  -2   5   6  -4  -1   0  -1  -1  -4  -4  -1  -3  -4  -2  -1  -1  -5  -3  -4    0   0  38  61   0   0   0   1   0   0   0   0   0   0   0   0   0   0   0   0  0.97 0.10
  384 G    -1  -3  -1  -2  -3  -3  -3   7  -3  -5  -5  -2  -4  -4  -3  -1  -2  -3  -4  -4    0   0   0   0   0   0   0 100   0   0   0   0   0   0   0   0   0   0   0   0  1.41 0.11
  385 E    -2  -1  -1   1  -5   1   6  -3  -1  -4  -4   0  -3  -4  -2  -1  -2  -4  -3  -3    0   0   0   0   0   0 100   0   0   0   0   0   0   0   0   0   0   0   0   0  1.16 0.13
  386 I    -2  -4  -4  -4  -2  -4  -4  -5  -4   6   1  -4   0  -1  -4  -3  -1  -3  -2   2    0   0   0   0   0   0   0   0   0 100   0   0   0   0   0   0   0   0   0   0  0.85 0.12
  387 V    -1  -3  -4  -4  -2  -3  -3  -4  -4   3   0  -3   0  -2  -3  -2  -1  -4  -2   5    0   0   0   0   0   0   0   0   0   7   0   0   0   0   0   0   0   0   0  93  0.70 0.10
  388 A     4  -2  -2  -3  -1  -2  -2  -1  -3   1  -1  -2  -1  -2  -1   0  -1  -3  -2   2   75   0   0   0   0   0   0   0   0   7   0   0   0   0   1   0   0   0   0  17  0.45 0.08
  389 A     5  -2  -2  -3  -1  -2  -2  -1  -2  -2  -2  -1  -2  -3  -2   1  -1  -3  -3  -1  100   0   0   0   0   0   0   0   0   0   0   0   0   0   0   0   0   0   0   0  0.77 0.11
  390 P    -2  -3  -3  -2  -4  -2  -2  -3  -3  -4  -4  -2  -4  -5   8  -2  -2  -5  -4  -3    0   0   0   0   0   0   0   0   0   0   0   0   0   0  99   0   0   0   0   0  2.37 0.14
  391 V    -1  -3  -4  -4  -2  -3  -3  -4  -4   2   0  -3   0  -2  -3  -2  -1  -4  -2   6    0   0   0   0   0   0   0   0   0   0   0   0   1   0   0   0   0   0   0  99  0.74 0.11
  392 L    -2  -3  -4  -4  -2  -3  -4  -5  -4   1   5  -3   2   0  -4  -3  -2  -2  -2   0    0   0   0   0   0   0   0   0   0   0 100   0   0   0   0   0   0   0   0   0  0.78 0.10
  393 A     5  -2  -2  -2  -1  -2  -2  -1  -2  -2  -2  -1  -2  -3  -2   1   0  -3  -3  -1   96   0   0   0   0   0   0   0   0   0   0   0   0   0   0   3   1   0   0   0  0.72 0.11
  394 L    -2  -3  -4  -4  -2  -3  -4  -4  -4   1   5  -3   2   0  -4  -3  -2  -2  -2   0    0   0   0   0   0   0   0   0   0   2  97   0   0   0   0   0   0   0   0   1  0.74 0.09
  395 S     0  -2   0  -1  -2  -1  -1  -1  -2  -3  -3  -1  -2  -3  -2   6   1  -4  -3  -3    0   0   0   0   0   0   0   0   0   0   0   0   0   0   0 100   0   0   0   0  0.84 0.12
  396 L    -2  -3  -4  -4  -2  -3  -4  -5  -4   1   5  -3   2   0  -4  -3  -2  -2  -2   0    0   0   0   0   0   0   0   0   0   1  99   0   0   0   0   0   0   0   0   0  0.77 0.10
  397 S     0  -2   0  -1  -2  -1  -1  -1  -2  -3  -3  -1  -2  -3  -2   6   1  -4  -3  -3    0   0   0   0   0   0   0   0   0   0   0   0   0   0   0 100   0   0   0   0  0.84 0.12
  398 F    -3  -4  -4  -5  -3  -4  -4  -4  -2  -1   0  -4  -1   8  -5  -3  -3   0   2  -2    0   0   0   0   0   0   0   0   0   0   0   0   0 100   0   0   0   0   0   0  1.36 0.13
  399 D    -3  -3   1   7  -4  -1   1  -2  -2  -4  -5  -2  -4  -5  -2  -1  -2  -5  -4  -4    0   0   0 100   0   0   0   0   0   0   0   0   0   0   0   0   0   0   0   0  1.41 0.13
  400 H    -3  -1   0  -2  -4   0  -1  -3  10  -4  -4  -2  -3  -2  -3  -2  -3  -3   1  -4    0   0   0   0   0   0   0   0 100   0   0   0   0   0   0   0   0   0   0   0  1.75 0.16
  401 R    -2   7  -1  -3  -4   0  -1  -3  -1  -4  -3   1  -2  -4  -3  -2  -2  -4  -3  -3    0 100   0   0   0   0   0   0   0   0   0   0   0   0   0   0   0   0   0   0  1.25 0.13
  402 L    -2  -3  -3  -4  -2  -2  -3  -4  -3   3   2  -3   7  -1  -3  -3  -1  -3  -2   1    0   0   0   0   0   0   0   0   0  21   5   0  72   0   0   0   0   0   0   2  0.77 0.12
  403 I    -2  -4  -4  -4  -2  -4  -4  -5  -4   6   1  -4   0  -1  -4  -3  -1  -3  -2   2    0   0   0   0   0   0   0   0   0  99   0   0   0   0   0   0   0   0   0   1  0.83 0.11
  404 D    -3  -3   1   7  -4  -1   1  -2  -2  -4  -5  -2  -4  -5  -2  -1  -2  -5  -4  -4    0   0   0 100   0   0   0   0   0   0   0   0   0   0   0   0   0   0   0   0  1.41 0.13
  405 G    -1  -3  -1  -2  -3  -3  -3   7  -3  -5  -5  -2  -4  -4  -3  -1  -2  -3  -4  -4    0   0   0   0   0   0   0 100   0   0   0   0   0   0   0   0   0   0   0   0  1.41 0.11
  406 A     5  -2  -2  -3  -1  -2  -2  -1  -2  -2  -2  -1  -2  -3  -2   1  -1  -3  -3  -1  100   0   0   0   0   0   0   0   0   0   0   0   0   0   0   0   0   0   0   0  0.77 0.11
  407 T    -1  -2  -1  -2  -2  -2  -2  -2  -3  -2  -2  -2  -2  -3  -2   1   6  -3  -3  -1    0   0   0   0   0   0   0   0   0   0   0   0   0   0   0   0 100   0   0   0  0.95 0.13
  408 A     5  -2  -2  -3  -1  -2  -2   0  -2  -2  -2  -1  -2  -3  -2   0  -1  -3  -3  -1   98   0   0   0   0   0   0   2   0   0   0   0   0   0   0   0   0   0   0   0  0.73 0.11
  409 Q    -2   0  -1  -1  -4   7   1  -3   0  -4  -3   0  -1  -4  -2  -1  -2  -3  -2  -3    0   0   0   0   0 100   0   0   0   0   0   0   0   0   0   0   0   0   0   0  1.24 0.15
  410 K    -2  -1   6   0  -4   0  -1  -1   4  -4  -4   1  -3  -3  -3   0  -1  -4   0  -4    0   0  76   0   0   0   0   0  14   0   0   8   0   0   0   0   0   0   3   0  0.87 0.10
  411 A     5  -2  -2  -3  -1  -2  -2  -1  -2  -2  -2  -1  -2  -2  -2   0  -1  -3  -2  -1   99   0   0   0   0   0   0   0   0   0   0   0   0   1   0   0   0   0   0   0  0.74 0.11
  412 L    -2  -3  -4  -4  -2  -3  -4  -4  -3   1   5  -3   3   0  -4  -3  -2  -2  -2   0    0   0   0   0   0   0   0   0   0   0  90   0  10   0   0   0   0   0   0   0  0.70 0.09
  413 N    -2  -1   7   1  -4  -1  -1  -1   0  -4  -4  -1  -3  -4  -3   0  -1  -5  -3  -4    0   0 100   0   0   0   0   0   0   0   0   0   0   0   0   0   0   0   0   0  1.28 0.14
  414 Q    -3  -1   0  -2  -4   2  -1  -3   9  -4  -4  -1  -2  -2  -3  -2  -3  -3   1  -4    0   0   1   0   0   9   0   0  90   0   0   0   0   0   0   0   0   0   0   0  1.49 0.15
  415 I    -2  -4  -4  -4  -2  -4  -4  -5  -4   6   1  -4   1  -1  -4  -3  -1  -3  -2   2    0   0   0   0   0   0   0   0   0  97   0   0   1   0   0   0   0   0   0   1  0.81 0.11
  416 K    -2   2  -1  -2  -4   1   0  -2  -2  -4  -3   6  -2  -4  -2  -1  -1  -4  -3  -3    0   0   0   0   0   0   0   0   0   0   0 100   0   0   0   0   0   0   0   0  0.97 0.12
  417 R    -2   7  -1  -2  -4   1  -1  -3  -1  -4  -3   2  -2  -4  -3  -1  -2  -4  -3  -3    0  93   0   0   0   2   0   0   0   0   0   4   0   0   0   0   1   0   0   0  1.13 0.12
  418 L    -2  -3  -4  -4  -2  -3  -4  -5  -4   1   5  -3   2   0  -4  -3  -2  -2  -2   0    0   0   0   0   0   0   0   0   0   0 100   0   0   0   0   0   0   0   0   0  0.78 0.10
  419 L    -2  -3  -4  -4  -2  -3  -4  -5  -4   1   5  -3   2   0  -4  -3  -2  -2  -2   0    0   0   0   0   0   0   0   0   0   0 100   0   0   0   0   0   0   0   0   0  0.78 0.10
  420 N    -2  -1   7   1  -4  -1  -1  -1   0  -4  -4  -1  -3  -4  -3   0  -1  -5  -3  -4    0   0  96   0   0   0   0   0   0   0   0   0   0   0   0   4   0   0   0   0  1.20 0.13
  421 D    -3  -2   1   7  -4  -1   1  -2  -2  -4  -5  -2  -4  -5  -2  -1  -2  -5  -4  -4    0   0   1  99   0   0   0   0   0   0   0   0   0   0   0   0   0   0   0   0  1.39 0.13
  422 P    -2  -3  -3  -2  -4  -2  -2  -3  -3  -4  -4  -2  -4  -5   8  -2  -2  -5  -4  -3    0   0   0   0   0   0   0   0   0   0   0   0   0   0 100   0   0   0   0   0  2.41 0.14
  423 Q    -2   0  -1   1  -4   4   6  -3  -1  -4  -4   0  -2  -4  -2  -1  -2  -3  -3  -3    0   0   0   1   0  23  76   0   0   0   0   0   0   0   0   0   0   0   0   0  0.93 0.10
  424 L    -2  -3  -4  -4  -2  -3  -4  -5  -4   1   5  -3   2   0  -4  -3  -2  -2  -2   0    0   0   0   0   0   0   0   0   0   0 100   0   0   0   0   0   0   0   0   0  0.78 0.10
  425 L    -2  -3  -4  -4  -2  -3  -4  -4  -4   2   5  -3   2   0  -4  -3  -2  -2  -2   1    0   0   0   0   0   0   0   0   0  11  88   0   2   0   0   0   0   0   0   0  0.66 0.08
  426 V    -2  -3  -4  -4  -2  -3  -4  -4  -4   1   5  -3   2   0  -4  -3  -2  -2  -2   1    0   0   0   0   0   0   0   0   0   1  94   0   0   0   0   0   0   0   0   5  0.71 0.09
  427 M    -2  -2  -3  -4  -3  -1  -3  -4  -3   0   1  -2   9  -1  -4  -3  -2  -3  -2   0    0   0   0   0   0   0   0   0   0   0   0   0 100   0   0   0   0   0   0   0  1.22 0.16
  428 E    -2  -1  -1   1  -5   1   6  -3  -1  -4  -4   0  -3  -4  -2  -1  -2  -4  -3  -3    0   0   0   0   0   0 100   0   0   0   0   0   0   0   0   0   0   0   0   0  1.16 0.13
  429 A     5  -2  -2  -2  -1  -2  -2   2  -2  -2  -2  -1  -2  -3  -2   0  -1  -3  -3  -1   88   0   0   0   0   0   0  12   0   0   0   0   0   0   0   0   0   0   0   0  0.65 0.10

                      K         Lambda
Standard Ungapped    0.1315     0.3131
Standard Gapped      0.0525     0.2670
PSI Ungapped         0.1715     0.3159
PSI Gapped           0.0525     0.2670
