
Last position-specific scoring matrix computed, weighted observed percentages rounded down, information per position, and relative weight of gapless real matches to pseudocounts
            A   R   N   D   C   Q   E   G   H   I   L   K   M   F   P   S   T   W   Y   V   A   R   N   D   C   Q   E   G   H   I   L   K   M   F   P   S   T   W   Y   V
    1 M    -2  -3  -4  -5  -2  -3  -4  -4  -3   2   4  -3   5   3  -4  -3  -2  -2  -1   0    0   0   0   0   0   0   0   0   0   8  54   0  23  15   0   0   0   0   0   0  0.67 0.17
    2 S     2  -1  -1   0  -2  -2  -2  -2  -2  -2  -3  -2  -3  -4  -1   5   0  -4  -3  -1   13   2   0   6   0   0   0   0   0   1   0   0   0   0   2  70   2   0   0   5  0.71 0.24
    3 A     0   0   0  -2  -4   6   0  -3  -2  -4  -3   0   0  -4  -3   1   1  -4  -3  -2    8   1   4   0   0  61   0   0   0   0   0   3   2   0   0  11   8   0   0   2  0.84 0.27
    4 M    -3   5  -3  -4  -4  -1  -3  -5  -1  -2   0   2   7  -3  -4  -3  -3  -4  -3  -3    0  40   0   0   0   2   0   0   1   0   7  10  40   0   0   0   0   0   0   0  1.11 0.36
    5 M    -1  -4  -4  -4  -3  -3  -4  -4   0   4   3  -3   4   0  -2  -3  -1  -3  -2   3    3   0   0   0   0   0   0   0   3  26  28   0  12   4   2   0   2   0   0  20  0.51 0.19
    6 V     2  -2  -2  -3  -1  -2  -3  -3  -2  -1   1  -2   0   3  -1   1   1   0   0   1   22   2   0   0   1   0   0   0   1   1  11   2   2  21   2  13   8   1   2  11  0.21 0.14
    7 K    -1   3   0  -3  -5   7   0  -2  -2  -4  -3   1  -1  -4  -3   0  -1  -4  -4  -2    3  17   3   0   0  56   1   2   0   0   2   4   1   1   0   7   2   0   0   2  0.94 0.34
    8 L    -2   2  -3  -4  -3   4  -2  -5   0   0   4  -2   0  -2  -3  -3  -2  -4  -3   1    1  11   0   0   0  23   0   0   2   2  46   0   0   0   1   1   1   0   0  13  0.53 0.25
    9 G     1  -3  -2  -3  -3  -3  -3   5  -3  -4  -4  -2  -2  -2   0   3  -1  -4  -4  -3   12   0   0   0   0   0   0  50   0   0   0   2   1   2   5  26   2   0   0   1  0.83 0.28
   10 L    -2  -4  -4  -5  -3  -2  -4  -5  -5   1   5  -3   2   0  -5  -3  -1  -4  -3   0    2   0   0   0   0   2   0   0   0   4  77   1   5   2   0   1   3   0   0   4  0.97 0.32
   11 N    -2   5   3  -2  -4   3  -1  -2  -1  -5  -2   0  -3  -5  -3   1  -1  -5  -4  -4    1  42  18   0   0  15   1   2   0   0   3   2   0   0   1  14   2   0   0   0  0.76 0.30
   12 K    -2   6  -1  -3  -4   1  -2  -2  -2  -4  -3   2  -3  -5  -1   0   1  -5  -4  -4    2  52   2   0   0   6   0   2   0   1   2  13   0   0   2   5  11   0   0   0  0.83 0.30
   13 S     2   1  -2  -1  -1   0  -2  -2  -2  -1   1   0  -1  -1   0   2   0  -3  -2  -1   21  11   0   2   1   4   0   1   0   4  19   4   1   2   4  23   2   0   0   3  0.18 0.14
   14 A     5  -3  -2  -3  -2  -2  -2  -1  -1  -1  -2  -2  -1  -3   1   1   0  -4  -2   0   59   0   1   0   0   1   0   3   1   2   3   0   2   1   6  10   6   0   1   4  0.60 0.26
   15 L     1   0  -2  -2   0   0  -2  -1  -1   1   1  -1   1   0  -1  -1   0  -2  -1   2   17   7   1   1   2   5   1   3   1   3  15   1   6   4   3   2   6   0   1  23  0.10 0.08
   16 L     0   0  -1  -1  -2   0  -1   2  -1  -1   1  -1   1   0   2   0   0   3   0  -1    7   4   3   2   0   4   1  16   2   2  16   1   5   5   9   6   5   6   2   3  0.10 0.06
   17 L     0  -1  -1  -2   1   1  -2  -2  -1   0   3  -2   1   0  -1   0  -1  -1  -2   0    9   4   2   1   3  10   1   2   1   1  38   1   4   3   3   9   3   1   1   3  0.17 0.11
   18 K     1   3   0  -1  -2   2  -1   0  -1  -2  -2   1  -2  -1  -1   1   0  -3  -2  -1   15  18   4   1   0  10   1   8   1   1   3  10   0   4   2  13   4   0   1   3  0.18 0.10
   19 P    -1   2  -2  -3  -3  -1  -2  -3  -3  -1  -3  -1  -1  -3   6  -1   1  -4  -2  -1    4  15   2   1   0   1   1   1   0   5   1   2   1   1  44   4  11   0   1   5  0.86 0.25
   20 S     1   0   1  -2  -1   0  -1   1  -2  -1  -1  -1  -1   0  -1   3   1  -3  -1  -1   11   7   6   1   1   3   1   9   0   3   7   2   2   5   2  29   8   0   2   3  0.15 0.10
   21 A     2   0  -1  -2  -2  -2  -2  -1  -1   0   1  -1   1   0  -1   1   0  -3  -1   1   24   5   3   1   0   0   1   4   1   3  14   2   6   5   2  12   3   0   1  13  0.11 0.10
   22 F    -1   0  -3  -4  -1  -2  -3  -3  -1   2   3  -2   1   4  -3  -2  -2  -2   1   0    3   6   1   1   1   1   1   1   2  11  30   2   2  25   1   2   1   0   3   6  0.37 0.16
   23 S     2   1  -1  -2  -1   0  -2  -2  -2  -2  -2  -1  -2  -3  -1   3   3  -4  -3  -1   23  10   1   0   1   3   0   1   0   2   3   1   0   1   2  26  20   0   1   4  0.38 0.22
   24 R    -2   6  -2  -3  -5   5  -2  -4  -2  -3  -3   0  -2  -5  -1  -1  -1  -3  -4  -3    2  49   1   0   0  28   0   0   0   1   2   2   1   0   3   3   3   0   0   1  1.06 0.39
   25 A     2   3  -1  -3  -2  -1  -2  -2  -2  -1  -1   1  -1  -2   2   0   1  -4  -2   0   23  20   2   0   0   2   0   2   0   3   4   6   2   1  12   6   8   0   0   7  0.27 0.16
   26 A     3  -2  -2  -3  -1  -1  -2  -1  -3   1   1  -2   0   0   0   0  -1  -2  -1   2   30   1   1   0   1   3   0   5   0   5  15   1   1   3   4   6   3   0   2  18  0.20 0.15
   27 A     3  -1  -1  -2  -2  -1  -2   3  -2  -2   0  -2  -1   0   0   0   0  -2  -2  -1   27   3   1   1   1   2   1  28   1   1  12   1   1   4   3   5   5   0   0   4  0.28 0.16
   28 L    -1   2  -2  -3  -2   4  -2  -2  -1   1   3  -1   0  -1  -2  -1  -1  -2  -2  -1    3  11   1   0   0  23   0   2   1   6  33   1   2   2   2   4   3   0   0   3  0.32 0.21
   29 S     1   1   0  -2  -3   3  -1   2  -1  -2  -1  -1   0  -3   0   1   0  -3  -2  -1   15   8   3   0   0  15   0  16   1   2   5   2   3   0   5  14   5   0   1   3  0.20 0.14
   30 S     1  -1  -1  -2   0  -1  -2  -1  -2  -1  -1  -1   1  -2   3   3   1   0  -2   1   13   3   1   0   1   2   0   3   1   3   4   1   4   1  14  26   9   2   0  10  0.27 0.17
   31 S     2  -1  -1  -3  -2   1  -2   0  -2  -1   1  -2   1  -2  -1   2   1  -3  -2  -1   25   3   2   0   0   6   1   5   0   2  20   1   3   1   3  16   9   0   0   3  0.19 0.15
   32 R    -1   6  -2  -3  -4   0  -2  -2  -2  -2   1   0  -1  -1  -2   0  -1  -4  -2  -2    4  48   1   0   0   2   0   2   1   1  16   3   1   2   2   8   4   0   1   3  0.59 0.26
   33 R    -1   6  -1  -3  -4   1  -2  -2  -2  -3  -2   0   0  -3   0   0   0  -2  -3  -2    5  54   2   0   0   6   0   2   0   1   3   2   2   1   4   7   5   1   1   3  0.73 0.29
   34 L     1   0  -1  -3  -2   1  -2  -2  -2   0   2  -1   1   0  -1   0   0  -2  -1   0   16   5   3   0   0   9   0   1   1   3  28   4   3   5   3   7   5   0   1   6  0.11 0.11
   35 L     4  -2  -2  -3  -2  -1  -2  -2  -3   0   1  -2   0   0  -1   0   1  -3  -2   0   43   1   2   0   0   2   1   1   0   5  17   1   3   3   3   5   7   0   0   7  0.32 0.20
   36 F     3   0  -2  -3  -2  -1  -2  -1  -2   0   0  -1   0   2   0   0   0  -3  -1   1   32   7   1   0   0   2   0   3   0   4   6   3   3  13   4   6   3   0   0  11  0.18 0.14
   37 N     0   2   1  -2  -2   1  -1  -1   0  -2  -1   1  -1   0   2   1   0  -2  -2  -2   10  11  10   0   0   9   1   3   2   1   6   8   1   6  11  13   6   0   0   2  0.16 0.11
   38 T     1   0   0  -2  -2   2  -1  -1  -1   0  -1   0   0  -1   2   1   1  -3  -2   0   14   4   3   0   1  10   1   2   1   5   5   4   2   4  12  13  12   0   0   7  0.15 0.10
   39 A     3  -1  -1  -3  -1  -1  -2  -1  -2  -1  -1  -2  -2  -1   3   1   0  -3  -2   1   36   3   2   0   1   2   0   3   0   2   5   1   0   3  14  12   3   0   1  11  0.33 0.18
   40 R     1   4  -1  -2  -2   0  -1  -2  -1  -1  -1   1  -1  -2   0   1   0  -3  -2  -1   14  33   2   0   1   4   1   2   1   3   5   9   2   1   5   9   4   0   1   3  0.31 0.16
   41 T     1   0   2  -1  -2  -1  -2  -1   0  -1  -1  -1  -1  -2   2   1   2  -1  -1   0   12   6  16   1   0   1   1   3   3   3   5   3   2   2  11   9  16   1   1   6  0.17 0.11
   42 N     2   1   1  -2  -2   2  -1  -1   0  -2  -1   0  -1  -2   1   2   1  -2  -1   0   22   9   6   1   0  11   1   3   2   1   4   2   1   2   5  15   8   0   1   6  0.16 0.11
   43 F     1  -1  -2  -2   0  -1  -2  -1  -2   1   1  -2   1   2   1   0   0  -2   0   1   16   2   1   1   2   2   1   3   0   8  13   1   3  12   9   6   7   0   2  11  0.11 0.08
   44 L     2   0  -1  -2  -1  -1  -2  -1  -2   1   1  -1   1   0  -1   0   0  -2  -1   1   24   4   2   1   1   3   1   3   1   8  16   2   5   3   2   4   5   0   1  15  0.10 0.08
   45 S     1   1   0  -2  -2   0  -1   0  -1   0   1   0   1  -1  -1   1   0  -2  -1   0   15   8   4   1   0   4   1   7   1   3  15   6   4   2   3  13   6   0   1   5  0.06 0.05
   46 T     0   3   0  -2  -2  -1  -1   0  -2  -1  -1   0  -1   0   1   1   2  -3  -1  -1    7  25   4   1   1   1   1   6   0   3   5   2   1   4   6  10  18   0   2   4  0.19 0.12
   47 S     1   2   1  -1  -2   1  -1   0   0  -1  -1  -1   0  -2  -1   2   2  -2  -2   0   10  13   7   1   0   5   1   5   2   4   4   1   3   1   3  19  13   0   1   7  0.13 0.09
   48 P     1   0  -1  -2  -1   1  -1  -1   0   0   0  -1   0   0   2   0   0  -2  -1   1   14   5   2   1   1   9   1   2   3   5  10   1   1   4  12   9   5   0   1  14  0.10 0.07
   49 L     0   0  -1  -2  -2   0  -2  -1   0   1   1  -1   2   1  -1  -1   0  -2   0   1    8   6   2   1   0   6   1   3   2  11  15   2  10   5   3   3   4   0   4  13  0.07 0.06
   50 K     1   3  -1  -2  -2   2  -1  -1  -1  -2  -1   1   0  -1   0   0   0  -3  -2  -1   14  24   1   1   0  13   1   4   1   1   6   6   3   4   4   6   6   0   0   2  0.19 0.11
   51 N     0   3   1  -1  -2   1  -1  -1   0  -2  -2   2  -1  -2   2   0   1  -3  -1  -2    6  20   8   1   0   7   1   3   2   3   3  14   1   1  11   6   9   0   2   2  0.23 0.11
   52 V     0   4  -1  -2  -2   0  -1  -2   0   0  -1   0   0  -1  -2   0   0  -3  -1   1    9  34   1   1   0   2   1   2   2   7   5   2   3   2   1   5   6   0   1  15  0.24 0.13
   53 A     2   0  -1  -2  -1   0  -1   1  -1  -2  -1  -1  -1  -1   1   2   1  -1  -1  -1   22   6   2   1   1   6   1  12   1   1   5   1   1   3   7  16  10   1   1   3  0.16 0.09
   54 S     1   0  -1  -2  -2  -1  -2  -2  -1   2  -1  -1   0  -2   0   1   2  -3  -2   2   16   6   2   1   0   3   1   1   1  12   2   1   1   1   3  10  20   0   0  19  0.17 0.11
   55 E     1   1  -1  -1  -3   4   1  -2  -1  -2  -3   0  -1  -2  -1   1   1  -3  -1  -1   14   8   1   1   0  27   7   1   1   1   1   5   1   2   3  11  12   0   1   3  0.30 0.15
   56 M     0  -2  -1  -2  -2   1  -2  -3  -1   2  -2  -1   0  -3  -1   1   5  -3  -2   0    8   1   1   0   0   6   1   1   2  13   2   2   3   0   2   7  46   0   1   5  0.42 0.20
   57 N     0  -1   1  -1  -3   4   2  -2   0  -1  -1   1  -1  -2  -1   0   1  -3  -2   0    6   1   7   1   0  28  13   1   1   4   6   6   1   1   1   8   8   0   1   7  0.24 0.13
   58 T     0  -1   1  -1  -2  -1   0  -2   0  -2  -2   1  -1  -3   1   3   2  -4  -3  -1    4   1   6   1   0   1   3   1   2   2   1  11   1   1   8  35  17   0   0   4  0.33 0.17
   59 K     0  -1  -1  -2  -2   0  -1  -2  -1   1   2  -1   1  -1   0   1   2  -3  -2   1    6   1   1   1   0   6   1   1   1   9  23   3   3   1   3  11  17   0   0  10  0.12 0.09
   60 A     0  -1   0   0   0  -1   0  -2  -2  -3  -3   1  -3  -4   4   3   2  -4  -3  -2    5   1   4   4   2   2   3   1   0   0   1   8   0   0  24  28  14   0   0   1  0.50 0.18
   61 A     1  -1   0  -1  -3   2   1  -2   1  -3  -3  -1  -2  -2   5   0   0  -4  -2  -2   15   2   3   2   0  12   7   2   4   1   2   1   0   2  32   8   7   0   0   2  0.53 0.17
   62 I     1  -2   0   2  -2   0   2  -2  -1  -2  -3   0  -2  -3   0   3   1  -4  -3  -2   16   0   3  13   0   3  12   1   1   2   1   4   0   0   3  31   6   0   0   2  0.31 0.14
   63 A     3  -1   0   3  -3   1   2  -1  -1  -3  -3  -1  -2  -4  -2   1   0  -4  -3  -2   34   1   4  18   0   8  16   2   1   0   1   2   0   0   1   7   5   0   0   1  0.38 0.16
   64 E     2  -1   0  -1  -2   1   3   1  -1  -3  -3  -1  -2  -4   1   2   0  -4  -3  -2   24   2   2   1   0   8  22   8   0   1   1   0   1   0   6  20   2   0   0   1  0.33 0.15
   65 E    -1  -1   1   1  -3   3   2  -2   1  -1  -2   0  -1  -2  -2   1   1  -2   2  -1    4   1   8   7   0  18  15   1   3   3   3   3   1   0   0   8  11   0  11   2  0.22 0.11
   66 Q     0  -1   0   2  -4   3   4  -2   0  -4  -3   1  -3  -4  -2   1  -1  -4  -3  -3    6   0   3   9   0  17  37   2   1   0   1  10   0   0   0   9   2   0   0   1  0.52 0.18
   67 I    -3  -5  -5  -5  -3  -4  -5  -5  -5   7   2  -4   0  -2  -4  -4  -2  -4  -3   2    1   0   0   0   0   0   0   0   0  76  12   0   1   0   0   0   1   0   0   9  1.14 0.31
   68 L    -3  -4  -5  -6  -3  -4  -5  -6  -5   0   6  -4   0  -1  -5  -4  -3  -4  -3  -1    0   0   0   0   0   0   0   0   0   3  96   0   0   0   0   1   0   0   0   0  1.32 0.35
   69 N     2   0   4  -1  -3  -2  -1  -2  -2   1  -2  -1  -2  -3  -2  -1  -1  -4  -3   2   26   6  29   1   0   0   2   0   0   8   0   3   0   0   1   0   0   0   0  23  0.35 0.18
   70 K     2   0   0  -1  -3   3   2  -2  -2  -3  -3   4  -2  -4  -2   0  -1  -4  -3  -3   27   2   2   1   0  15  14   1   0   0   0  30   0   0   0   5   3   0   0   0  0.47 0.19
   71 Q    -3  -1  -3  -3  -6   9  -1  -4  -2  -6  -5  -1  -3  -6  -4  -3  -3  -5  -4  -5    0   1   0   0   0  99   0   0   0   0   0   0   0   0   0   0   0   0   0   0  2.24 0.54
   72 R    -4   8  -3  -4  -6  -1  -2  -4  -3  -6  -5   0  -4  -5  -5  -3  -4  -5  -4  -5    0  99   0   0   0   1   0   1   0   0   0   0   0   0   0   0   0   0   0   0  2.10 0.47
   73 A    -1   1  -3  -4  -3  -1  -2  -3  -3   0   4   3   0  -2  -3  -2  -2  -4  -3  -1    6   7   0   0   0   1   0   1   0   3  52  28   1   0   0   1   1   0   0   2  0.47 0.21
   74 K    -1   1   5  -1  -4   1  -1  -3   2  -3  -1   2  -2  -3  -3  -1  -2  -4  -2  -1    4   9  44   0   0   6   0   0   5   0   8  17   0   0   0   1   0   0   1   4  0.55 0.22
   75 R    -4   8  -3  -4  -6  -1  -2  -5  -3  -6  -5   0  -4  -5  -5  -3  -4  -5  -4  -5    0 100   0   0   0   0   0   0   0   0   0   0   0   0   0   0   0   0   0   0  2.15 0.48
   76 P    -3  -5  -5  -4  -6  -4  -4  -5  -5  -5  -6  -4  -5  -6   9  -3  -4  -6  -6  -5    0   0   0   0   0   0   0   0   0   0   0   0   0   0 100   0   0   0   0   0  2.98 0.53
   77 I    -1  -3   0  -3  -2  -3  -3  -3  -3   2   0  -3  -1  -2  -3   2   1  -4  -3   4    0   0   4   0   0   0   0   1   0  11   5   0   0   0   0  24   8   0   0  47  0.47 0.21
   78 S     1  -3  -2  -2  -3  -2  -2  -2  -3  -4  -5  -2  -4  -5  -3   6   0  -5  -4  -4   11   0   0   0   0   0   0   0   0   0   0   0   0   0   0  89   1   0   0   0  1.34 0.40
   79 P    -3  -5  -5  -4  -6  -4  -4  -5  -5  -5  -6  -4  -5  -6   9  -3  -4  -6  -6  -5    0   0   0   0   0   0   0   0   0   0   0   0   0   0 100   0   0   0   0   0  2.98 0.53
   80 H    -4  -3  -1  -3  -6  -2  -3  -5  11  -6  -6  -3  -4  -4  -5  -4  -4  -5  -1  -6    0   0   1   1   0   0   0   0  98   0   0   0   0   0   0   0   0   0   0   0  2.97 0.57
   81 L    -3  -4  -5  -5  -3  -4  -5  -5  -4   0   5  -4   1   4  -5  -4  -3  -3  -1  -1    0   0   0   0   0   0   0   0   0   2  74   0   2  22   0   0   0   0   0   0  1.05 0.29
   82 T     1  -3  -1  -2  -3   0  -2   0  -3  -3  -3  -2  -2  -4  -3   3   6  -4  -3  -2    8   0   1   1   0   3   1   6   0   0   1   0   0   0   0  20  58   0   0   0  0.76 0.28
   83 I    -4  -5  -6  -6  -3  -5  -6  -6  -6   8  -1  -5  -1  -2  -5  -5  -3  -5  -4   1    0   0   0   0   0   0   0   0   0  99   0   0   0   0   0   0   0   0   0   1  1.76 0.43
   84 Y    -4  -4  -5  -6  -5  -4  -5  -6  -1  -4  -4  -5  -4   1  -6  -4  -4   0  10  -4    0   0   0   0   0   0   0   0   0   0   0   0   0   1   0   0   0   0  99   0  2.67 0.55
   85 Q    -2   3  -2  -2  -5   7   0  -4  -2  -5  -4   3  -3  -5  -3  -2  -3  -4  -4  -4    1  18   0   0   0  62   3   0   0   0   0  15   0   0   0   0   0   0   0   0  1.26 0.36
   86 P    -3  -5  -5  -4  -5  -4  -4  -5  -5  -5  -5  -4  -5  -5   9  -3  -3  -2  -5  -5    1   0   0   0   0   0   0   0   0   0   0   0   0   0  97   0   1   1   0   0  2.84 0.51
   87 Q    -3  -1  -3  -3  -6   9   0  -4  -2  -6  -5  -1  -3  -6  -4  -3  -3  -5  -4  -5    0   0   0   0   0  99   1   0   0   0   0   0   0   0   0   0   0   0   0   0  2.21 0.54
   88 L    -3  -4  -5  -5  -3  -4  -5  -5  -5   5   4  -4   1  -1  -4  -4  -2  -4  -3   1    0   0   0   0   0   0   0   0   0  44  49   0   2   0   0   0   1   0   0   4  0.91 0.26
   89 T    -2  -3  -2  -3  -3  -3  -3  -3  -4  -3  -4  -3  -3  -5   0  -1   7  -5  -4  -2    0   0   0   0   0   0   0   2   0   0   0   0   0   0   4   1  93   0   0   0  1.60 0.44
   90 W    -5  -6  -7  -7  -5  -5  -6  -6  -5  -6  -5  -6  -1  -2  -7  -4  -5  13  -1  -6    1   0   0   0   0   0   0   0   0   0   0   0   2   0   0   1   0  97   0   0  4.16 0.67
   91 Y    -3  -4  -4  -5  -2  -4  -4  -5  -1   3   1  -4  -1   1  -5  -4  -2  -1   7   1    0   0   0   0   1   0   0   0   0  22  12   0   0   1   0   0   2   0  55   7  1.09 0.31
   92 L     1  -3  -3  -4  -3  -3  -3   3  -3  -1   3  -3   4  -2  -1  -1  -2  -3  -3  -1   14   0   0   0   0   0   0  25   0   0  40   0  13   0   3   3   1   0   0   0  0.44 0.19
   93 S    -1  -3  -2  -3  -3  -2  -2  -3  -3  -5  -5  -3  -4  -5  -3   7  -1  -5  -4  -4    0   0   0   0   0   0   0   0   0   0   0   0   0   0   0 100   0   0   0   0  1.64 0.46
   94 S     2  -3  -2  -3  -2  -2  -3   2  -3   3  -1  -2   2  -3  -3   3  -1  -4  -3  -1   17   0   0   0   0   0   0  17   0  28   1   0   6   0   0  30   0   0   0   1  0.40 0.20
   95 L     2  -3  -4  -4  -2  -3  -3  -3  -3   0   3  -3   1   4  -4  -2  -1  -2  -1   0   26   0   0   0   0   0   0   0   0   4  41   0   2  20   0   1   3   0   0   4  0.47 0.19
   96 H    -4  -3   7  -2  -5  -2  -2  -3   8  -5  -5  -3  -4  -4  -4  -2  -1  -5  -2  -5    0   0  54   0   0   0   0   1  43   0   0   0   0   0   0   0   2   0   0   0  1.71 0.41
   97 R    -4   8  -3  -4  -6  -1  -2  -5  -3  -6  -5   0  -4  -5  -5  -3  -4  -5  -4  -5    0 100   0   0   0   0   0   0   0   0   0   0   0   0   0   0   0   0   0   0  2.15 0.48
   98 I    -1  -4  -4  -5  -3  -4  -4  -4  -5   6   0  -4   1   0  -4  -3  -2  -4  -3   3    6   0   0   0   0   0   0   1   0  60   3   0   2   3   0   0   0   0   0  24  0.85 0.26
   99 S    -1  -3  -2  -3  -2  -3  -3  -4  -4  -3  -4  -3  -3  -4  -3   1   7  -5  -4  -2    2   0   0   0   0   0   0   0   0   0   0   0   0   0   0   9  88   0   0   0  1.48 0.42
  100 L    -1  -5  -3  -4  -5  -4  -4   7  -4  -6  -4  -4  -5  -5  -4  -2  -4  -5  -5  -5    1   0   0   0   0   0   0  96   0   0   2   0   0   0   0   0   0   0   0   0  1.91 0.40
  101 V     1  -3  -3  -3   3  -3  -3   1  -4   1   0  -3  -1  -2  -3   1   0  -4  -3   4   14   0   0   0   7   0   0  12   0   6   4   0   0   1   0  12   2   0   0  41  0.34 0.17
  102 L     3  -3  -3  -3  -2  -2  -3   1  -3   1   0  -2   1   0  -2  -1   0  -3  -2   1   41   0   0   0   0   0   0  13   0  10   6   0   4   4   0   1   7   0   1  13  0.30 0.15
  103 M    -2  -4  -5  -5  -2  -4  -4  -5  -4   1   5  -4   3  -1  -4  -4  -3  -3  -3   1    2   0   0   0   0   0   0   0   0   2  76   0   9   1   0   0   0   0   0  10  0.96 0.28
  104 G     2  -3  -2  -2  -3  -2  -2   2  -3  -4  -4  -2  -3  -4  -3   5  -1  -5  -4  -3   18   0   0   0   0   0   0  15   0   0   0   0   0   0   0  67   0   0   0   0  0.94 0.32
  105 L     1  -4  -2  -3  -3  -3  -3   5  -4  -2  -1  -3  -1  -1  -4  -1  -1  -4  -3   2    8   0   0   0   0   0   0  56   0   0   4   0   1   4   0   2   3   0   0  21  0.72 0.22
  106 G     2  -3  -2  -3  -3  -3  -3   4  -3  -1   1  -2  -1  -3  -1   1   0  -4  -3  -1   17   0   0   0   0   0   0  40   0   1  22   0   0   0   3  10   4   0   0   3  0.44 0.17
  107 F    -2  -4  -5  -5  -3  -4  -5  -5  -4   0   4  -4   1   6  -5  -4  -3  -2   0  -1    2   0   0   0   0   0   0   0   0   2  45   0   2  47   0   0   1   0   0   2  1.03 0.28
  108 Y    -4  -4  -5  -6  -5  -4  -5  -6  -1  -4  -4  -5  -4   2  -6  -4  -4   0   9  -4    0   0   0   0   0   0   0   0   0   0   0   0   0   3   0   0   0   0  97   0  2.57 0.53
  109 L     2  -3  -3  -3  -1  -3  -3   3  -3   1   2  -3   0  -2  -3  -1  -1  -3  -3   1   20   0   0   0   1   0   0  27   0   9  28   0   0   0   0   1   2   0   0  13  0.34 0.15
  110 F    -2  -4  -4  -5  -4  -4  -4   1  -3  -1   0  -4  -2   7  -5  -3  -3   1   4  -1    3   0   0   0   0   0   0  11   0   1   9   0   0  59   0   1   0   2  12   4  1.01 0.28
  111 T     3  -3  -2  -3  -2  -2  -2   4  -3  -3  -3  -2  -3  -1  -3   2   2  -4  -3  -2   30   0   0   0   0   0   0  30   0   0   1   0   0   3   0  17  17   0   0   0  0.53 0.20
  112 I     1  -3  -3  -4   2  -3  -3  -3  -3   3   2  -3   2   1  -3  -1   0  -3  -2   1   14   0   0   0   6   0   0   0   0  29  26   0   5   5   0   4   7   0   0   4  0.32 0.14
  113 L     5  -3  -3  -3  -2  -2  -3   2  -3  -3  -1  -2  -2  -3  -3   1   0  -4  -3  -2   67   0   0   0   0   0   0  13   0   0   6   0   0   0   0   8   5   0   0   0  0.73 0.26
  114 F    -4  -4  -5  -6  -5  -4  -5  -6  -1  -4  -3  -4  -3   3  -6  -4  -4   0   9  -4    0   0   0   0   0   0   0   0   0   0   0   0   0   9   0   0   0   0  90   0  2.37 0.50
  115 G     1  -4  -4  -5  -2  -3  -4   0  -4   0   5  -4   0  -2  -4  -3  -2  -3  -3   0   17   0   0   0   1   0   0  10   0   0  69   0   0   0   0   0   0   0   0   3  0.68 0.25
  116 V     3  -4  -4  -4  -1  -3  -3  -2  -4   2   0  -3  -1   0  -3  -2  -1  -4  -2   4   32   0   0   0   1   0   0   1   0  10   5   0   0   5   0   0   1   0   0  46  0.54 0.22
  117 S     4  -3  -2  -3  -2  -1  -2   0  -1  -3  -2  -2  -2  -3  -2   3   0  -4  -3  -2   54   0   0   0   0   1   0   6   2   0   3   0   0   1   0  27   4   0   0   1  0.63 0.24
  118 G    -2  -4  -3  -4  -5  -3  -3  -1  -4  -5  -5  -3  -5  -6   8   0   0  -6  -5  -4    1   0   0   0   0   0   0   4   0   0   0   0   0   0  81   8   4   0   0   0  2.12 0.41
  119 L     1  -2  -2  -2  -2  -2  -2   0  -2   1   2  -2   2  -1  -1  -1   0  -2   1   1   15   0   1   1   0   0   2   8   0   5  34   0   5   0   2   1   7   0   7   8  0.16 0.10
  120 L    -2  -3  -3  -4  -2  -3  -3  -4  -3   1   3  -3   1   4  -3  -2   2  -2   0   1    2   0   0   0   0   0   0   0   0   4  37   0   2  25   0   0  19   0   1   7  0.48 0.18
  121 G    -1  -3   0  -1  -3  -2  -2   6  -3  -4  -3  -2  -3  -3  -2  -1  -2  -3  -3  -3    2   1   3   3   0   1   1  76   0   1   2   1   0   1   1   3   1   0   1   1  1.12 0.22
  122 L    -2  -3  -3  -3  -3  -3  -3  -3  -3   1   2  -3   1   0  -2  -2  -2  10   1   0    2   1   1   1   0   1   1   1   0   7  20   1   3   2   2   4   1  41   4   5  1.11 0.22
  123 G    -1  -2   0   0  -3  -1  -2   2   8  -4  -3  -2  -3  -3   2  -1  -1  -3  -1  -3    3   1   3   5   0   2   1  20  44   1   1   1   0   1  10   3   4   0   0   1  0.80 0.22
  124 L    -3  -4  -5  -5  -3  -4  -4  -5  -4   1   4  -4   2   5  -4  -3  -1  -2   0   1    0   0   0   0   0   0   0   0   0   5  49   0   4  32   0   0   3   0   0   6  0.78 0.23
  125 T    -2  -2   1   5  -4  -1   4  -1  -2  -4  -4  -2  -4  -1  -3   0   0  -5  -3  -4    1   0   5  41   0   0  33   3   0   0   0   0   0   4   0   6   6   0   0   0  0.80 0.24
  126 T     1  -3  -1  -1  -3  -2  -2  -2  -3  -3  -4  -2  -3  -4  -3   5   3  -4  -3  -2    8   0   0   3   0   0   1   1   0   1   0   0   0   0   0  64  22   0   0   1  0.86 0.30
  127 E     4  -2   0   0  -2   1   0  -1  -2  -3  -3  -2  -2  -4  -1   1   1  -4  -3  -1   58   0   3   4   0   6   5   1   0   0   0   0   1   0   2   9   7   0   0   3  0.51 0.21
  128 K     1  -2   2  -1  -3  -1  -1  -2   4  -2  -3   0  -2  -3  -2   3   2  -4  -2   0   10   0  10   2   0   1   0   0  13   0   0   5   1   0   1  34  16   0   1   6  0.38 0.18
  129 V    -2  -3  -3  -4  -2  -3  -3  -4  -1   3   3  -3   3  -1  -3  -2  -2  -3  -2   3    1   0   1   0   0   0   0   0   2  20  37   0  12   1   0   2   1   0   0  22  0.49 0.17
  130 S     3  -3  -3  -4  -2  -2  -3  -3  -4   2  -1  -2   0  -3  -3   0   1  -4  -3   4   35   0   0   0   0   1   0   0   0  14   2   1   2   0   0   4   7   0   0  34  0.45 0.20
  131 N     4  -1   0   0  -2   0   2  -1  -1  -2  -3  -1  -2  -4  -2   2   0  -4  -3  -1   43   1   3   4   0   3  19   2   1   3   0   2   0   0   0  16   2   0   0   2  0.39 0.18
  132 W     3  -2  -2  -2  -1  -1  -1   0  -1  -1   0  -1  -1  -1  -2   1   0   4   0  -1   43   1   1   1   0   1   4   4   1   2   8   2   1   3   1  11   6   7   2   2  0.28 0.13
  133 Y    -1  -4  -4  -4  -3  -4  -4  -4  -3   1  -1  -3  -1   6  -4  -2  -2   1   3   2    5   0   0   0   0   0   0   1   0   7   2   1   0  49   0   2   1   2  10  21  0.78 0.23
  134 H     1  -1   0  -1  -1  -1  -1  -1   3   0  -1   0   0   1  -1   0   0   0   0   1   17   3   4   2   1   2   3   5  12   6   4   4   3   6   2   5   3   1   2  15  0.04 0.03
  135 Q     4  -2  -1  -1  -2   0   0   3  -2  -3  -3  -1  -3  -4  -2   0   0  -4  -3  -2   52   0   2   2   0   5   6  22   0   0   0   1   0   0   0   5   4   0   0   0  0.53 0.20
  136 K     3  -2  -1  -2  -2  -1  -1   2  -1  -3  -2   1  -2  -3  -2   2   1   3  -2  -2   31   0   1   1   0   1   3  20   1   0   2  10   0   0   0  15   9   6   0   1  0.35 0.14
  137 F    -2  -4  -5  -5  -3  -3  -4  -5  -4   0   4  -4   1   1   2  -4  -3   7  -1   1    1   0   0   0   0   0   0   0   0   1  54   0   3   4  10   0   0  17   0   9  0.81 0.24
  138 S    -2  -4  -2  -3  -4  -3  -3  -3  -4  -4  -4  -3  -4  -5   8   0  -3  -5  -4  -3    2   0   2   0   0   0   0   1   0   0   1   0   0   0  83   6   0   0   0   1  2.11 0.38
  139 K     0  -2  -2   1  -2  -1   1  -2  -2   1   1  -1   0   0  -2  -1   1  -1  -2   2    9   1   0  11   0   0  13   2   0   8  12   3   1   3   1   1   9   1   0  25  0.11 0.09
  140 I     4  -3  -3  -4  -2  -2  -3  -1  -3   0   0  -3  -1   0  -2   0  -1   6   1   1   46   0   0   0   0   0   0   3   0   6   6   0   0   4   1   4   1  15   5   9  0.51 0.20
  141 T     4  -3  -3  -4  -2  -2  -3  -2  -3   0   1  -2   0   0  -3  -1   0  -4  -2   3   44   0   0   0   0   0   0   1   0   3  11   1   2   3   0   0   5   0   0  30  0.43 0.20
  142 E    -2   0  -2   1  -5   2   0  -4  -3  -4  -4   7  -3  -5  -3  -2  -2  -5  -4  -3    1   0   0   6   0   8   2   0   0   0   0  80   0   0   0   0   0   0   0   1  1.23 0.35
  143 W    -1  -3  -4  -4  -3  -3  -4  -2  -2   2   1  -3   0   2  -4  -3  -1   4   4   3    4   0   0   0   0   0   0   2   0  11   9   0   1   9   0   0   3   5  21  34  0.48 0.18
  144 S     3  -3  -2  -3  -1  -2  -2   2  -3  -1   0  -2  -1  -2  -1   1   1  -4  -3  -1   38   0   0   0   0   0   0  19   0   2  14   0   0   1   1   9  12   0   0   2  0.34 0.16
  145 I     2  -3  -2  -3  -2  -2  -2   2  -3   2   1  -2   0  -1  -3  -1   0  -3  -2   1   23   0   0   0   0   0   1  22   0  13  17   1   1   1   0   1   8   0   0  11  0.23 0.12
  146 K    -3   0  -2  -3  -5  -1  -1  -4  -3  -5  -5   8  -4  -5  -3  -2  -3  -5  -4  -5    0   0   0   0   0   0   0   0   0   0   0  99   0   0   0   0   0   0   0   0  1.80 0.45
  147 G     2  -3  -3  -3  -2  -3  -3   1  -3  -1   0  -3   0   4  -3   0   2  -2   0   0   27   0   0   0   0   0   0  12   0   1   6   0   3  26   0   6  14   0   1   6  0.32 0.16
  148 S     1  -3  -2  -3  -2  -2  -3   0  -3   3   1  -2   0   1  -1   0   1  -3  -1   1   14   0   0   0   0   0   0   9   0  24  14   0   1   7   2   6  13   0   0  10  0.18 0.10
  149 F     0  -3  -4  -4   0  -3  -4  -2  -3   2   3  -3   2   2  -4  -3  -2  -3  -1   3   11   0   0   0   2   0   0   3   0   8  35   0   6  12   0   0   0   0   1  23  0.39 0.15
  150 A     6  -3  -3  -4  -2  -3  -3  -1  -4  -3  -4  -3  -3  -4  -3   1  -1  -5  -4  -2   90   0   0   0   0   0   0   3   0   0   0   0   0   0   0   6   1   0   0   1  1.23 0.36
  151 Y     2  -3  -4  -4  -3  -3  -3  -3  -2  -1   2  -3   2   4  -4  -2  -2   2   4  -1   22   0   0   0   0   0   0   0   0   0  24   0   7  23   0   1   1   3  17   2  0.51 0.19
  152 L    -3  -4  -4  -4  -1  -4  -4  -5  -5  -4  -1  -3  -3  -2   8  -2  -2  -6  -5  -4    1   0   0   0   1   0   0   0   0   0   7   0   1   2  86   1   1   0   0   0  2.27 0.44
  153 F    -5  -5  -6  -6  -5  -6  -6  -6  -4  -2  -1  -6  -1   9  -6  -5  -5  -1   1  -3    0   0   0   0   0   0   0   0   0   0   2   0   1  96   0   0   0   0   0   1  2.25 0.47
  154 A     3  -3  -2  -3  -2  -2  -3  -3  -3  -2  -2  -2  -1   1  -3   1   5  -4  -2   1   28   0   0   0   0   0   0   0   0   0   0   0   1   8   0   8  45   0   0   9  0.58 0.24
  155 I    -4  -5  -5  -6  -5  -5  -5  -5  -2  -1  -2  -5  -2   8  -6  -4  -4  -1   5  -3    0   0   0   0   0   0   0   0   0   2   0   0   0  74   0   0   0   0  23   0  1.83 0.40
  156 H    -4  -3  -2  -4  -6  -2  -3  -5  11  -6  -6  -3  -4  -4  -5  -4  -4  -5  -1  -6    0   0   0   0   0   0   0   0  99   0   0   1   0   0   0   0   0   0   0   0  3.00 0.58
  157 Y     1  -3  -2  -3   5  -2  -2  -1  -3  -2  -2  -2  -2   2  -3   5   0  -3  -1  -2    9   0   0   0  15   0   0   3   0   2   1   0   0  10   0  53   3   0   2   1  0.63 0.25
  158 G    -2  -4  -4  -5  -3  -4  -4   0  -3   0   2  -4   1   5  -5  -2  -3   7   1  -1    2   0   0   0   0   0   0   9   0   5  23   0   5  36   0   2   0  16   1   1  0.76 0.22
  159 G    -4  -3   8  -1  -5  -2  -3  -2  -2  -6  -6  -3  -5  -5  -4  -2  -2  -6  -5  -5    0   0  96   1   0   1   0   2   0   0   0   0   0   0   0   0   0   0   0   0  2.09 0.48
  160 A    -1  -4  -3  -3  -5  -4  -4   7  -4  -6  -6  -3  -5  -5  -4  -2  -3  -5  -5  -5    2   0   0   0   0   0   0  97   0   0   0   0   0   0   0   0   1   0   0   0  1.95 0.40
  161 I    -2  -4  -5  -5  -1  -4  -4  -5  -4   4   3  -4   1   0  -4  -4  -2  -4  -2   3    0   0   0   0   1   0   0   0   0  33  35   0   1   2   0   0   0   0   0  27  0.72 0.21
  162 R    -4   8  -3  -4  -6  -1  -2  -5  -3  -6  -5   0  -4  -5  -5  -3  -4  -5  -4  -5    0 100   0   0   0   0   0   0   0   0   0   0   0   0   0   0   0   0   0   0  2.15 0.48
  163 H    -4  -3  -2  -4  -6  -2  -3  -5  11  -6  -6  -3  -4  -4  -5  -4  -5  -5  -1  -6    0   0   0   0   0   0   0   0 100   0   0   0   0   0   0   0   0   0   0   0  3.06 0.59
  164 L    -3  -4  -6  -6  -3  -4  -5  -6  -5   0   6  -5   1  -1  -5  -5  -3  -4  -3  -1    0   0   0   0   0   0   0   0   0   1  97   0   1   1   0   0   0   0   0   0  1.38 0.36
  165 I     1  -3  -2  -3  -2  -3  -3  -1  -3   3   1  -3   2  -1  -3   0   0  -3  -2   3   14   0   1   0   0   0   0   6   0  22   9   0   5   1   0   9   5   0   1  28  0.26 0.13
  166 W    -6  -6  -7  -7  -5  -4  -6  -6  -5  -6  -5  -6  -5  -2  -7  -6  -6  13  -1  -6    0   0   0   0   0   1   0   0   0   0   0   0   0   0   0   0   0  99   0   0  4.37 0.69
  167 D    -4  -4  -1   8  -6  -3  -1  -4  -4  -6  -6  -3  -6  -6  -4  -3  -3  -7  -6  -6    0   0   0 100   0   0   0   0   0   0   0   0   0   0   0   0   0   0   0   0  2.24 0.47
  168 T     0  -3  -2  -3  -2  -2  -3  -3  -3   0   1  -2   4   1  -3   1   4  -2  -2   0    9   0   0   0   0   0   0   0   0   2  13   0  18   8   0   7  37   0   0   5  0.43 0.20
  169 A     1  -4  -2  -3  -2  -3  -4   6  -4  -4  -4  -3  -4  -5  -4  -2   0  -4  -5  -3   12   0   1   0   1   0   0  77   0   1   0   0   0   0   0   0   7   0   0   1  1.29 0.31
  170 K    -1   4  -1  -3  -4  -1  -1  -3   0  -2  -2   5  -1  -3  -3   0  -1  -3  -1  -1    3  26   1   0   0   0   0   0   2   3   2  50   1   0   0   6   1   0   2   4  0.68 0.24
  171 E     1  -2  -2  -2  -1   0   2   2  -2  -2  -1  -2   1   4  -3  -1  -1  -1  -1  -2   12   0   0   0   2   5  21  22   0   0   3   1   6  25   0   1   2   0   0   0  0.32 0.17
  172 L    -3  -4  -5  -5  -3  -4  -4  -5  -4   2   4  -4   3   4  -4  -4  -2  -2  -1   0    0   0   0   0   0   0   0   0   0  13  55   0   9  19   0   0   1   0   0   3  0.75 0.22
  173 T    -1  -2   0   0  -3  -2  -2  -2  -3  -3  -3   1  -3  -4  -3   3   6  -4  -3  -2    2   0   4   6   0   0   0   1   0   0   0   8   0   0   0  21  57   0   0   0  0.77 0.28
  174 L    -3  -3   5  -2  -3  -2  -3  -3  -2   2   2  -2   0  -2  -4  -2  -2  -4  -3   1    0   0  42   0   0   0   0   0   0  16  28   1   2   0   0   0   0   0   0  11  0.59 0.23
  175 K    -1   1  -2  -2  -5   2  -1  -3  -2  -4  -4   6  -3  -5   0  -1  -2  -5  -4  -4    3   5   0   1   0  11   1   0   0   0   0  70   0   0   5   1   2   0   0   0  0.99 0.31
  176 G     0  -2  -1  -1  -4   3  -1   5  -3  -4  -4  -1  -2  -4  -3   0   0  -4  -4  -3    7   0   1   2   0  22   1  52   0   0   0   3   1   0   0   4   7   0   0   1  0.75 0.23
  177 V     2  -4  -5  -5  -1  -4  -4  -4  -5   1  -1  -4  -1  -3  -4  -2  -2  -5  -3   6   16   0   0   0   1   0   0   0   0   3   0   0   0   0   0   1   0   0   0  79  1.05 0.33
  178 Y    -2  -3  -1  -4  -4   0  -4  -5  -1   3  -2  -3   0   0  -5  -3  -2   0   7   0    2   1   4   0   0   6   0   0   0  26   0   1   2   0   0   0   1   0  55   3  1.04 0.32
  179 R     0   5  -1  -2  -3   3  -1  -2  -2  -3  -3   2  -1  -4  -3   0   1  -1  -2  -1    8  38   2   0   0  14   0   2   0   1   0  13   1   0   0   6   8   1   1   6  0.47 0.18
  180 T    -1  -3  -2  -3  -3  -3  -3  -2  -4  -3  -4  -3  -3  -4  -3   3   7  -5  -4  -2    3   0   0   0   0   0   0   1   0   0   0   0   0   0   0  19  77   0   0   0  1.25 0.38
  181 G    -2  -5  -3  -4  -5  -4  -4   7  -4  -5  -6  -4  -5  -5  -4  -2  -4  -5  -5  -5    1   0   0   0   0   0   0  98   0   0   0   0   0   0   0   0   0   0   0   0  2.00 0.41
  182 Y    -5  -5  -5  -6  -5  -3  -5  -5  -2  -3  -3  -5  -3   0  -6  -5  -4  10   8  -4    0   0   0   0   0   1   0   0   0   1   0   0   0   0   0   0   0  40  57   0  2.45 0.48
  183 A     4  -3  -2  -3  -2  -2  -3  -1  -3   0  -2  -2  -1   0  -3   0   4  -4  -3   1   45   0   0   0   0   0   0   2   0   4   1   0   1   4   0   3  30   0   0   9  0.50 0.22
  184 L    -1  -4  -5  -5  -2  -4  -4  -5  -5   1  -1  -4   1  -3  -4  -3  -1  -5  -3   7    5   0   0   0   0   0   0   0   0   0   2   0   2   0   0   0   1   0   0  90  1.25 0.36
  185 I    -2  -4  -5  -5  -3  -4  -4  -5  -4   2   4  -4   2  -1  -4  -3  -2  -4  -3   4    1   0   0   0   0   0   0   0   0   6  53   0   4   1   0   0   0   0   0  35  0.76 0.23
  186 G     2  -4  -2  -3  -4  -3  -4   6  -4  -4  -5  -3  -4  -5  -4  -2  -3  -4  -4  -3   20   0   0   0   0   0   0  78   0   1   0   0   0   0   0   0   0   0   0   1  1.41 0.32
  187 F     2  -3  -4  -4  -2  -3  -3  -1  -4   0   4  -3   0   1  -3  -1  -2  -3  -2   0   28   0   0   0   0   0   0   3   0   1  53   0   0   8   0   2   0   0   0   4  0.48 0.20
  188 T     0  -3  -2  -3  -3  -2  -2  -3  -3  -3  -3  -2  -1  -4  -3   4   6  -4  -4  -2    3   0   0   0   0   0   0   0   0   0   0   0   1   0   0  38  58   0   0   0  1.03 0.33
  189 A     4  -3  -3  -3  -1  -3  -3  -1  -3   0  -1  -3  -1  -2  -3  -1   1  -4  -3   3   49   0   0   0   1   0   0   4   0   2   2   0   1   1   0   0  12   0   0  28  0.50 0.22
  190 V     1  -4  -4  -4  -2  -3  -4  -4  -4   3   1  -3   0   0  -4  -2  -1  -4  -2   5   13   0   0   0   0   0   0   0   0  15  14   0   0   3   0   1   2   0   0  51  0.55 0.20
  191 L     1  -3  -1  -2  -1  -2  -2   1  -3  -2  -1  -2  -1  -1  -3   5   2  -4  -3  -1    8   0   0   0   1   0   0  11   0   2   5   0   1   3   0  54  13   0   0   2  0.51 0.22
  192 G     3  -3  -2  -2  -2  -2  -2   2  -3  -3  -3  -2  -3  -4  -2   2   4  -4  -3  -2   28   0   0   0   0   0   0  19   0   0   0   0   0   0   0  20  33   0   0   0  0.59 0.22
  193 T    -1  -3  -3  -4  -2  -3  -3  -1  -4   2   3  -3   0   0  -3  -1   1  -3  -2   2    5   0   0   0   0   0   0   4   0  11  39   0   0   2   0   4  13   0   0  21  0.34 0.14
  194 Y     3  -3  -3  -4  -1  -3  -3   1  -1  -1  -2  -3  -2   0  -3  -1  -2   1   6   0   33   0   0   0   1   0   0  13   0   3   2   0   0   2   0   3   1   1  35   5  0.56 0.22
  195 L    -3  -4  -5  -5  -3  -4  -5  -5  -4   0   6  -4   1   0  -5  -4  -3  -3   1  -1    0   0   0   0   0   0   0   0   0   1  90   0   1   3   0   0   0   0   4   0  1.13 0.31
  196 L     4  -3  -3  -4   0  -3  -3  -2  -3   0   1  -3  -1  -2  -3  -1   1  -4  -3   2   50   0   0   0   2   0   0   0   0   2  17   0   0   0   0   1   7   0   0  21  0.44 0.19
  197 T     0  -3  -4  -4  -2  -3  -4  -4  -3   0   3  -3   2   6  -4  -1   0  -1   1   0    7   0   0   0   0   0   0   0   0   0  29   0   6  41   0   3   7   0   1   4  0.57 0.19
  198 L    -3  -3  -4  -5  -3  -3  -4  -5  -4   3   4  -4   6  -1  -4  -4  -2  -3  -2   1    0   0   0   0   0   0   0   0   0  17  49   0  28   0   0   0   0   0   0   6  0.83 0.23

                      K         Lambda
Standard Ungapped    0.1349     0.3229
Standard Gapped      0.0515     0.2670
PSI Ungapped         0.1684     0.3175
PSI Gapped           0.0515     0.2670
