
Last position-specific scoring matrix computed, weighted observed percentages rounded down, information per position, and relative weight of gapless real matches to pseudocounts
            A   R   N   D   C   Q   E   G   H   I   L   K   M   F   P   S   T   W   Y   V   A   R   N   D   C   Q   E   G   H   I   L   K   M   F   P   S   T   W   Y   V
    1 M    -2  -3  -4  -5  -3  -2  -4  -4  -3   0   1  -3   9  -1  -4  -3  -2  -3  -3  -1    0   0   0   0   0   0   0   0   0   0   0   0 100   0   0   0   0   0   0   0  1.69 0.29
    2 T    -1  -2  -1  -2  -2  -2  -2  -3  -3  -2  -3  -2  -2  -3  -2   2   6  -4  -3  -1    0   0   0   0   0   0   0   0   0   0   0   0   0   0   0  13  87   0   0   0  1.00 0.20
    3 V    -1  -3  -4  -4  -2  -3  -3  -3  -4   2   1  -3   0  -2  -3  -2   0  -4  -2   5    2   0   0   0   0   0   0   2   0   3   6   0   0   0   0   0   6   0   0  81  0.68 0.16
    4 E    -2  -1  -1   1  -5   1   6  -3  -1  -4  -4   0  -3  -4   1  -1   0  -4  -3  -3    0   2   0   4   0   0  82   1   0   0   0   0   0   0   6   0   5   0   0   0  1.01 0.19
    5 S     0  -2  -1  -1  -2  -1  -1  -2  -2  -4  -4  -1  -3  -3   0   6   0  -4  -3  -3    1   0   0   0   0   1   0   0   0   0   0   0   0   0   3  94   1   0   0   0  0.97 0.22
    6 V     2  -3  -2  -3  -2  -2  -2  -3  -3   1   0  -2   1  -2   0  -1   1  -3  -2   4   18   0   2   0   0   0   1   0   0   1   0   0   3   0   5   1   8   0   0  59  0.37 0.12
    7 N    -1   2   1  -1  -3   1   0  -1   0  -1  -1   3  -1  -3   0   1   0  -3  -2  -1    3  13   8   1   0   9   2   2   2   5   7  27   0   0   5  11   4   0   0   1  0.19 0.06
    8 P     0   0  -2  -2  -3  -2  -1  -2  -2  -3  -3  -2  -3  -4   7   0   0  -4  -3  -3    7   5   0   0   0   0   2   1   0   1   1   0   0   0  70   7   5   0   0   0  1.49 0.18
    9 E     1   2   0   1  -2   1   3   0  -1  -2  -2   0  -1  -2  -1   0   0  -3  -2  -1   16  14   5   6   0   3  27   7   0   1   2   2   0   1   1   4   3   0   0   7  0.18 0.05
   10 T     1   0   0  -1  -1  -1  -1  -1   0  -1  -1  -1  -1  -2   1   1   3  -2  -2   0   13   5   4   3   0   2   2   4   2   3   4   2   1   1   5   9  37   0   1   3  0.20 0.06
   11 R     0   2  -1  -1  -2   0   0   0  -1  -2  -2   0  -1  -2   4   2   1  -2  -2  -2    7  13   1   2   1   4   3   7   1   1   2   2   1   1  22  21   7   0   1   2  0.32 0.06
   12 A     1   0  -1  -1  -1   0   0   0   0  -1  -2   0  -1  -2   1   2   1  -2  -2  -1   18   5   1   2   0   2   7   6   2   4   2   2   1   1   7  23  13   0   1   3  0.17 0.06
   13 P     0   1  -1  -1  -2   0   0   2  -1  -2  -2   0  -2  -2   4   0   1  -2  -1  -1    8   8   2   1   0   2   5  17   1   2   3   4   0   1  22   3  12   0   1   5  0.28 0.06
   14 A     3   0  -1  -1  -1  -1  -1   0   0  -2  -2  -1  -1  -2   2   1   1  -3  -2  -1   40   6   1   2   0   2   2   5   2   1   3   1   0   1  10  11   9   0   0   3  0.26 0.09
   15 A     2  -1  -1  -1  -2   0   1   0  -2  -1  -1   0  -1  -2   1   1   1  -3  -2   1   23   2   2   3   0   5   8   5   0   1   5   3   1   1   6  10   8   0   0  17  0.11 0.06
   16 P     0  -1  -2   0  -3  -1  -1  -1   0  -3  -3  -1  -2  -3   6   1   1  -3  -2  -2    8   4   1   4   0   2   3   3   3   1   2   2   0   1  43  10  10   0   0   2  0.72 0.14
   17 G     1   0  -1   0  -2   1   2   2  -1  -2  -2   0  -2  -3   2   0   0  -3  -2  -1   13   4   1   2   0   5  24  21   1   1   2   1   0   1  10   2   7   0   0   4  0.27 0.09
   18 A     2   0  -1  -1  -2   0   0  -1  -1  -2  -2  -1  -2  -3   4   1   1  -3  -2   0   29   4   1   2   0   5   4   4   1   1   1   1   0   0  22   8   9   0   0   6  0.34 0.10
   19 P     1   1  -1   0  -2   0   1   0  -1  -2  -2   0  -2  -3   3   1   1  -3  -2  -1   13   8   1   4   0   2  14   5   0   1   2   6   0   1  19   8  12   0   0   2  0.28 0.07
   20 E    -1   4  -1   0  -2   1   3  -1   2  -3  -3   1  -2  -3   2   0  -1  -3  -2  -3    5  30   1   2   1   6  23   4   6   0   2   3   0   0  10   3   3   0   0   1  0.39 0.12
   21 L     0   0  -1   0  -2  -1  -1  -2  -1  -1   2  -1   0  -2   3   0   1  -2  -2   0   11   5   2   5   0   2   3   1   2   1  30   0   0   0  16   5  11   1   1   5  0.17 0.08
   22 R    -2   4  -2  -3  -2  -1  -2  -2  -1  -3  -1  -1  -2  -1   0   0  -2   9   0  -3    2  32   1   1   1   1   0   2   1   1   5   0   0   1   4   6   2  36   2   1  1.06 0.24
   23 E    -1   2  -1  -1  -3   0   3  -2  -1  -2  -2   0  -2  -3   0   0   3  -4  -3  -1    3  16   0   2   0   2  27   1   0   1   1   1   0   1   4   3  32   0   0   5  0.37 0.16
   24 P     0  -3  -3  -3  -3  -3  -3  -3  -2   0  -2  -2  -2  -1   6  -1   0  -4  -3   3    8   0   0   0   0   0   0   1   1   4   1   1   0   2  45   1   7   0   0  28  0.87 0.21
   25 P     1  -3  -2  -3  -3  -2  -2   4  -3  -4  -4  -2  -3  -4   6  -1  -2  -4  -4  -3   14   0   0   0   0   0   2  33   0   0   1   0   0   0  46   1   0   0   0   2  1.13 0.23
   26 V    -1   0  -2  -3  -1  -1  -2  -3  -3   1   2  -2   0   0  -2  -1   3  -3  -1   1    3   5   0   0   1   2   1   1   0   4  33   1   0   2   2   2  31   0   1  13  0.27 0.13
   27 A     6  -3  -3  -4  -2  -3  -3  -2  -3  -3  -3  -3  -2  -4  -2  -1  -2  -4  -3   0   92   0   0   0   0   0   0   0   0   0   0   0   0   0   0   0   0   0   0   7  1.15 0.33
   28 G     0  -3  -2  -2  -4  -2  -3   4  -4  -4  -4  -2  -4  -5   7  -1  -2  -5  -4  -3    5   1   1   1   0   1   0  31   0   0   0   1   0   0  56   2   0   0   0   1  1.37 0.27
   29 G    -2  -4  -2  -3  -4  -3  -4   7  -2  -5  -5  -2  -4  -5  -4  -2  -3  -4  -5  -5    0   0   0   0   0   0   0  95   1   0   0   2   0   0   0   0   0   0   0   0  1.77 0.34
   30 G     2   1  -2  -3  -3  -2  -3   4  -3   2  -2  -2  -1  -3  -3  -1  -1  -4  -3  -1   25   9   1   0   0   0   0  38   0  22   0   1   1   0   0   3   1   0   0   0  0.45 0.17
   31 V    -1  -2  -4  -4  -2  -3  -4  -4  -3   1   2  -3   0   4  -4  -3  -2   0  -1   4    5   2   0   0   1   0   0   0   0   3  26   0   1  23   0   0   0   1   0  38  0.48 0.17
   32 P    -3  -4  -4  -4  -5  -3  -3  -4  -4  -5  -5  -3  -5  -6   8  -3  -3  -6  -5  -5    0   0   0   0   0   0   0   0   0   0   0   0   0   0  98   0   0   0   0   0  2.80 0.45
   33 L    -2  -3  -3  -4  -2  -3  -3  -1  -3   1   4  -3   0   2  -3  -1  -1   0  -1   2    0   0   0   0   0   0   0   7   0   1  49   0   0  10   0   8   1   1   0  22  0.39 0.16
   34 L    -2  -4  -5  -5  -2  -3  -4  -5  -4   2   5  -4   1   0  -4  -3  -2  -3  -2   2    3   0   0   0   0   0   0   0   0  13  69   0   1   1   0   0   0   0   0  12  0.76 0.21
   35 G    -1  -4  -2  -3  -4  -3  -4   7  -4  -5  -5  -3  -4  -5  -4  -1  -2  -4  -5  -5    0   0   0   0   0   0   0  94   0   0   0   0   0   0   0   4   1   0   0   0  1.74 0.34
   36 H    -4  -3  -1  -3  -4  -2  -2  -4  10  -6  -5  -3  -4  -4  -5  -3  -4  -5  -1  -6    0   0   2   0   0   0   0   0  97   0   0   0   0   0   0   0   0   0   0   0  2.76 0.51
   37 G     4  -3  -2  -3  -3  -3  -3   5  -3  -3  -3  -3  -3  -4  -2   0  -1  -4  -4  -2   40   0   0   0   0   0   0  51   0   0   2   0   0   0   0   3   2   0   0   2  0.86 0.23
   38 W    -3  -4  -5  -5  -3  -4  -4  -3  -2   3   2  -4  -1  -1   0  -4  -3   9  -1   0    0   0   0   0   0   0   0   1   1  25  28   0   0   0   4   0   0  36   0   4  1.17 0.27
   39 R     2   2   1   0  -3   2  -1  -2   1  -3  -2   3  -2  -4   1   0  -1  -4  -2  -2   26  10   7   3   0  11   0   0   4   0   2  24   0   0   8   4   2   0   0   0  0.31 0.13
   40 L    -3  -4  -5  -5  -3  -4  -5  -5  -4   0   6  -4   4  -1  -5  -4  -3  -3  -3  -1    0   0   0   0   0   0   0   0   0   0  88   0  11   1   0   0   0   0   0   0  1.19 0.30
   41 A     2  -1  -3  -4  -2  -2  -3  -1  -1   0   0  -3   0   3  -3  -2  -2   5   2   2   21   4   0   0   0   1   0   4   2   1   8   0   2  16   0   0   0  10   6  27  0.32 0.14
   42 R    -3   8  -2  -4  -5  -1  -2  -4  -2  -5  -3   0  -3  -5  -4  -2  -3  -5  -4  -5    1  96   0   0   0   0   0   0   0   0   1   1   0   0   0   1   0   0   0   0  1.84 0.40
   43 D    -3   5   0   5  -5   0  -1  -2  -1  -5  -4   0  -4  -5  -3  -2  -2  -2  -4  -4    0  44   3  44   0   3   0   2   1   0   0   1   0   0   0   1   0   1   0   0  1.02 0.27
   44 P    -3  -4  -4  -4  -5  -4  -3  -5  -5  -5  -5  -3  -5  -6   9  -3  -3  -6  -5  -5    0   0   0   0   0   0   0   0   0   0   0   0   0   0 100   0   0   0   0   0  2.91 0.47
   45 L    -3  -4  -5  -5  -3  -4  -5  -6  -5   0   6  -4   1  -1  -5  -4  -3  -3  -3   0    0   0   0   0   0   0   0   0   0   0  97   0   1   0   0   0   1   0   0   2  1.27 0.32
   46 A     3   0  -1   2  -3   0   2   2  -2  -3  -3  -1  -3  -4  -1   0  -1  -4  -3  -2   40   4   0  11   0   2  19  18   0   0   0   0   0   0   2   2   1   0   0   0  0.42 0.16
   47 F    -4  -5  -5  -6  -5  -5  -5  -5  -3  -2  -1  -5  -2   9  -6  -5  -4  -1   2  -3    0   0   0   0   0   0   0   0   0   0   1   0   0  96   0   0   0   0   2   0  2.15 0.42
   48 M    -3  -4  -5  -5  -3  -3  -4  -5  -4   0   5  -4   5   0  -4  -4  -3  -3  -2   0    0   0   0   0   0   0   0   0   0   0  76   0  18   3   0   0   0   0   0   2  1.04 0.28
   49 S     3  -2   3  -1  -1  -1   0  -1  -2  -3  -3  -1  -2  -4  -2   3   2  -4  -3  -2   32   0  22   0   1   0   4   1   0   0   0   2   0   0   0  24  12   0   0   1  0.45 0.18
   50 Q     1   2  -1  -1  -3   2  -1   2  -2  -4  -4  -1  -3  -4  -2   4   0  -4  -3  -3    7  15   0   1   0   9   2  13   0   0   0   0   0   0   0  49   2   0   0   0  0.53 0.21
   51 L    -3  -4  -5  -6  -3  -4  -5  -6  -5   0   6  -4   1  -1  -5  -4  -3  -3  -3  -1    0   0   0   0   0   0   0   0   0   0  99   0   1   0   0   0   0   0   0   0  1.34 0.33
   52 R    -3   5  -3  -3  -5  -2  -2  -4  -3  -5  -4  -1  -4  -5   6  -1  -3  -5  -4  -4    0  46   0   0   0   0   0   0   0   0   0   0   0   0  51   3   0   0   0   0  1.57 0.34
   53 D     4  -1  -1   4  -3  -1   1  -1  -3  -3  -3  -2  -3  -4  -2   0  -1  -5  -4  -2   47   4   0  36   0   1   6   3   0   0   0   0   0   0   1   1   2   0   0   0  0.65 0.22
   54 H    -3   0  -2  -1  -4   1  -1  -2   9  -5  -3  -2  -3  -3  -4  -2  -3  -4   2  -4    1   5   0   3   0   7   2   2  71   0   3   0   0   0   0   1   0   0   5   1  1.57 0.36
   55 G    -2  -4  -2  -3  -5  -4  -4   7  -4  -6  -6  -4  -5  -5  -4  -2  -4  -5  -5  -5    1   0   0   0   0   0   0  99   0   0   0   0   0   0   0   0   0   0   0   0  1.97 0.38
   56 D    -4  -4  -1   8  -6  -2   1  -3  -3  -5  -6  -3  -5  -6  -4  -2  -3  -6  -5  -5    0   0   0  94   0   0   5   0   0   0   0   0   0   0   0   0   0   0   0   0  1.94 0.40
   57 V    -2  -4  -5  -5  -2  -4  -4  -5  -4   2   4  -4   1  -1  -4  -4  -2  -3  -3   4    0   0   0   0   0   0   0   0   0   5  60   0   1   0   0   0   0   0   0  34  0.82 0.24
   58 V    -2  -5  -5  -5  -3  -4  -5  -5  -5   1  -1  -4  -1  -3  -4  -4  -2  -5  -3   7    0   0   0   0   0   0   0   0   0   0   0   0   0   0   0   0   0   0   0 100  1.50 0.38
   59 R    -2   6  -2  -1  -5   0   5  -3  -2  -5  -4   0  -3  -5  -3  -2  -2  -5  -4  -4    1  52   0   0   0   1  42   1   0   0   0   1   0   0   0   0   2   0   0   0  1.11 0.30
   60 I    -3  -4  -5  -5  -3  -4  -4  -5  -5   5   4  -4   0  -1  -4  -4  -2  -4  -3   2    0   0   0   0   0   0   0   0   0  46  45   0   0   1   0   0   0   0   0   8  0.85 0.23
   61 K    -2   7  -2  -3  -5   0  -1  -2  -1  -5  -4   3  -3  -5  -4  -2  -2  -5  -3  -4    1  74   0   0   0   1   0   3   1   0   0  19   0   0   0   0   1   0   0   0  1.32 0.32
   62 L    -3  -4  -5  -5  -3  -4  -5  -5  -4   1   6  -4   1   0  -5  -4  -3  -3  -3  -1    0   0   0   0   0   0   0   0   0   5  91   0   2   2   0   0   0   0   0   0  1.16 0.30
   63 G    -2  -4  -2  -3  -5  -4  -4   7  -4  -6  -6  -4  -5  -5  -4  -2  -4  -5  -5  -5    0   0   0   0   0   0   0 100   0   0   0   0   0   0   0   0   0   0   0   0  1.99 0.38
   64 P    -3  -2  -4  -4  -5  -3  -3  -3  -4  -5  -4  -3  -5  -6   8  -2  -2  -6  -5  -4    0   2   0   0   0   0   0   1   0   0   1   0   0   0  92   2   2   0   0   0  2.52 0.43
   65 K    -2   3  -1  -2  -4   3   0  -3  -1  -3  -2   5  -1  -2  -3  -1  -2  -1  -2  -2    1  18   2   0   0  18   1   0   0   0   4  44   2   2   0   2   1   1   1   2  0.58 0.20
   66 T    -1   5  -2  -3  -1  -1  -1  -3  -2  -3  -3   0  -3  -4   2  -1   4  -4  -3  -3    2  38   0   0   1   0   2   0   0   0   1   2   0   0   9   1  42   0   0   0  0.74 0.25
   67 V     4  -3  -3  -4  -2  -3  -3  -2  -4   0  -1  -3  -1  -3  -3  -1   0  -4  -3   4   55   0   0   0   0   0   0   0   0   0   5   0   0   0   0   0   3   0   0  37  0.68 0.25
   68 Y    -4  -4  -5  -5  -4  -3  -4  -5   1  -3  -3  -4  -3   2  -5  -4  -4   8   8  -2    0   0   0   0   0   1   0   0   2   0   1   0   0   3   0   0   0  27  64   2  2.03 0.40
   69 A     4  -3  -4  -4  -2  -2  -3  -2  -3   0   2  -3   4  -2  -3  -1  -2  -3  -3   1   46   0   0   0   0   0   0   0   0   1  25   0  18   0   0   0   0   0   0  10  0.55 0.22
   70 V     2  -4  -4  -4  -2  -3  -3  -4  -4   1  -1  -3  -1  -3   2  -2  -1  -4  -3   5   20   0   0   0   0   0   0   0   0   4   0   0   0   0  10   0   0   0   0  65  0.75 0.26
   71 T    -2  -3  -2  -4   9  -4  -4  -4  -4  -3  -3  -4  -3  -4  -4  -2   4  -4  -4  -3    2   1   2   0  61   0   0   0   0   0   0   0   0   0   0   0  34   0   0   0  1.79 0.38
   72 N     1  -1  -1   2  -3  -1  -1  -2   7  -4  -4  -2  -3  -3  -3   0   3  -4  -1  -3   13   2   0  11   0   0   2   1  44   0   0   0   0   0   0   4  22   0   0   0  0.84 0.26
   73 P    -3  -5  -4  -4  -5  -4  -3  -5  -5  -5  -5  -3  -5  -6   9  -3  -3  -6  -5  -5    0   0   0   0   0   0   0   0   0   0   0   0   0   0 100   0   0   0   0   0  2.91 0.48
   74 E     2   0  -1   3  -4   1   5  -2  -1  -4  -4  -1  -3  -5  -3  -1  -2  -4  -4  -3   18   3   0  17   0   2  57   1   1   0   0   0   0   0   0   0   0   0   0   0  0.83 0.25
   75 L    -2  -4  -5  -5  -3  -4  -5  -5  -2   0   6  -4   0  -1  -5  -4  -3  -3  -3   0    2   0   0   0   0   0   0   0   1   0  93   0   0   0   0   0   0   0   0   4  1.17 0.31
   76 T     0  -3  -3  -4  -2  -3  -3  -4  -4   0  -1  -3  -1  -3  -3  -1   4  -4  -3   5    9   0   0   0   0   0   0   0   0   1   1   0   0   0   0   0  36   0   0  54  0.74 0.26
   77 G    -1   1  -1  -2  -4   2  -1   4   6  -5  -4  -2  -1  -4  -3  -2  -2  -4  -2  -4    3   9   0   0   0  14   1  42  28   0   0   0   2   0   0   0   2   0   0   0  0.82 0.24
   78 A     3   2  -1  -1  -3   4   1  -2   2  -3  -3   0  -2  -4  -2   0  -1  -2  -3  -2   36  15   1   1   0  27  10   0   5   0   0   0   0   0   0   1   2   0   0   1  0.49 0.20
   79 L    -2  -4  -4  -5  -2  -3  -4  -5  -4   2   3  -4   5  -1  -4  -3  -2  -3  -2   4    0   0   0   0   0   0   0   0   0   5  36   0  18   0   0   0   0   0   0  40  0.73 0.22
   80 A     3  -3  -4  -4  -2  -3  -4  -3  -4   0   5  -3   0  -2  -4  -2  -2  -3  -3   0   31   0   0   0   0   0   0   1   0   0  66   0   0   0   0   0   0   0   0   2  0.71 0.25
   81 L    -2   2  -3  -2  -3  -1  -2  -3  -3   0   3   1   4  -2  -3  -2   0  -3  -2   0    1  16   0   3   0   1   0   1   0   0  45   9  14   0   0   0   5   0   0   7  0.38 0.17
   82 N    -2  -1   4   5  -4  -2  -1  -2  -2  -4  -5  -2  -4  -5  -3   4  -1  -5  -4  -4    0   2  21  38   0   0   1   0   0   0   0   0   0   0   0  38   0   0   0   0  0.89 0.26
   83 P     0   3  -2  -2  -4  -2  -2  -3  -3  -4  -4  -1  -4  -5   7  -2   0  -5  -4  -4    9  22   1   1   0   1   0   1   0   0   0   0   0   0  59   1   5   0   0   0  1.39 0.29
   84 D    -2   2  -1   5  -4  -1   1  -2  -1  -3  -4  -1  -3  -4  -2  -1   4  -5  -3  -2    1  13   1  36   0   0   6   1   1   0   0   0   0   0   1   0  38   0   0   2  0.67 0.23
   85 Y    -3  -4  -5  -5  -2  -4  -5  -5  -2  -2  -2  -4  -2   7  -5  -4  -3   0   6  -1    1   1   0   0   1   0   0   0   0   0   0   0   0  58   0   0   0   0  37   3  1.55 0.34
   86 H    -2  -2  -1   5  -4  -1   1  -2   0   2  -2   0  -2   0  -3  -2  -2  -4  -3  -1    2   1   0  50   0   1   8   1   3  17   1   7   0   5   0   0   1   0   0   3  0.56 0.19
   87 I    -2  -1  -2  -1  -3  -1  -1  -4  -3   4  -1   4  -1  -3  -3  -2   1  -4  -3   2    0   1   0   4   0   0   1   0   0  31   0  41   0   0   0   0   8   0   0  14  0.47 0.21
   88 A     2  -3  -2   1  -4  -3  -3   6  -3  -5  -5  -1  -4  -5  -3   0  -3  -4  -4  -4   15   0   0   8   0   0   0  69   0   0   0   5   0   0   0   3   0   0   0   0  1.08 0.25
   89 G    -2  -4  -2  -3  -5  -4  -4   7  -4  -6  -6  -4  -5  -5  -4  -2  -4  -5  -5  -5    0   0   0   0   0   0   0 100   0   0   0   0   0   0   0   0   0   0   0   0  1.99 0.38
   90 P    -2  -4  -4  -4  -5  -3  -3  -1  -4  -5  -4  -3  -4  -6   8  -2  -2  -6  -5  -4    2   0   0   0   0   0   0   5   0   0   1   0   0   0  89   1   2   0   0   0  2.38 0.41
   91 L    -3  -3  -4  -5  -3   1  -3  -5  -4   1   5  -3   1   0  -4  -3  -2  -3  -2   2    0   0   0   0   0   8   0   0   0   2  71   0   2   2   0   0   0   0   0  16  0.76 0.23
   92 W    -4  -4  -5  -5  -4  -4  -4  -5  -2  -4  -3   0  -3   4  -5  -4  -4  10   5  -4    0   0   0   0   0   0   0   0   0   0   0   9   0  21   0   0   0  45  25   0  1.95 0.37
   93 E    -3  -2  -1   6  -5  -1   5  -3  -2  -5  -5  -2  -4  -5  -3  -2  -2  -5  -4  -5    0   0   1  51   0   0  48   0   0   0   0   0   0   0   0   0   0   0   0   0  1.33 0.32
   94 S    -1   4  -1  -2  -3  -1  -1  -3  -2  -3  -3   3  -3  -4  -3   3   2  -4  -3  -3    2  27   1   0   0   0   0   0   0   0   0  25   0   0   0  29  16   0   0   1  0.60 0.21
   95 L     2  -3  -4  -5  -2  -3  -4  -4  -4   0   5  -3   2  -1  -4  -2  -2  -3  -3   0   23   0   0   0   0   0   0   0   0   1  67   0   4   1   0   0   0   0   0   4  0.69 0.23
   96 E    -2   5  -2   0  -5   0   4   0  -2  -5  -4   1  -3  -5  -3  -2  -3  -4  -4  -4    1  46   0   2   0   0  39   9   0   0   0   2   0   0   0   0   0   0   0   0  0.91 0.26
   97 G     1  -2  -1  -1  -2   0  -1   2  -2   0   0  -1   0  -2   2   0   0  -3  -2   1   10   0   0   2   0   6   3  20   0   2   9   3   3   0  11   8   5   0   0  17  0.15 0.07
   98 L    -3  -4  -5  -5  -3  -4  -5  -5  -4   2   5  -4   0   0  -5  -4  -3  -3  -3   0    0   0   0   0   0   0   0   0   0   8  87   0   0   2   0   0   0   0   0   3  1.08 0.28
   99 L    -3  -3  -4  -5  -3  -3  -4  -5  -4   1   5  -4   5   0  -4  -3  -1  -3  -2   1    0   0   0   0   0   0   0   0   0   1  64   0  21   2   0   0   2   0   0  10  0.86 0.25
  100 G    -2  -4  -2  -3  -5  -4  -4   7  -4  -6  -6  -4  -5  -5  -4  -2  -4  -5  -5  -5    0   0   0   0   0   0   0 100   0   0   0   0   0   0   0   0   0   0   0   0  1.99 0.38
  101 K    -1   0   4   0  -3   0   0  -1  -1  -3  -3   4  -2  -3  -2   0  -1  -3  -2  -2    2   2  28   3   0   1   2   3   1   1   2  43   1   1   1   4   1   0   1   2  0.49 0.14
  102 E    -1  -1   0   4  -2   1   3  -1  -1  -2  -2   0  -2  -2  -1   1  -1  -2  -2  -2    3   2   2  27   1   7  27   3   1   2   3   3   1   1   2  10   2   0   1   2  0.36 0.08
  103 G    -1  -4  -2  -3  -4  -3  -3   7  -3  -5  -5  -3  -4  -4  -3  -2  -3  -4  -4  -4    1   0   0   0   0   0   0  93   0   0   1   0   0   0   0   1   0   0   0   0  1.70 0.32
  104 V    -2  -4  -5  -5  -2  -4  -4  -5  -5   1   3  -4   0  -2  -4  -3  -2  -4  -3   5    0   0   0   0   0   0   0   0   0   3  40   0   0   0   0   0   0   0   0  57  0.86 0.25
  105 A     4  -3  -3  -3  -2  -3  -3   0  -3   1  -2  -3  -1  -2  -1   0  -1  -4  -3   3   49   0   0   0   0   0   0   5   0   9   0   0   0   2   2   5   0   0   0  29  0.48 0.20
  106 T    -2  -3  -2  -3  -3  -3  -3  -3  -4  -2  -3  -3   0  -4  -3   1   7  -4  -4   0    0   0   1   0   0   0   0   0   0   0   0   0   2   0   0   7  85   0   0   5  1.28 0.36
  107 A     3  -3  -2  -3   7  -3  -3  -2  -3  -3  -3  -3  -3  -4  -3   4   0  -4  -4  -2   29   0   0   0  31   0   0   0   0   0   0   0   0   0   0  37   3   0   0   0  0.95 0.28
  108 N    -2   2   5   2  -4  -1  -1   1  -2  -4  -4  -1  -1  -4   3  -1  -1  -5  -4  -4    2  17  44   9   0   0   2   9   0   0   0   0   2   0  14   0   1   0   0   0  0.70 0.22
  109 G    -2   0  -2  -3  -4   2  -2   5   5  -5  -4  -2  -3  -2  -4  -2  -3   7   0  -4    0   5   0   0   0  10   0  50  16   0   0   1   0   1   0   0   0  16   2   0  1.01 0.26
  110 P     2  -1  -1   0  -3   1   1  -2  -1  -4  -4   0  -3  -4   5   1  -1  -4  -3  -3   23   2   1   5   0   7  12   1   1   0   0   3   0   0  35   8   1   0   0   0  0.68 0.18
  111 L     0   2  -1   3  -3   0   2  -3  -2  -1   1  -1   0  -3  -2  -1   0  -4  -3  -1    8  14   0  23   0   3  15   0   0   0  22   0   1   0   1   1   8   0   0   4  0.24 0.12
  112 H    -4  -3  -1  -4  -6  -2  -3  -5  11  -6  -5  -3  -4  -4  -5  -3  -4  -5   0  -6    0   0   1   0   0   0   0   0  99   0   0   0   0   0   0   0   0   0   1   0  2.90 0.55
  113 R    -4   8  -3  -4  -6  -1  -2  -5  -2  -5  -4   0  -4  -5  -4  -3  -3  -5  -4  -5    0  98   0   0   0   1   0   0   0   0   0   1   0   0   0   0   0   0   0   0  1.99 0.44
  114 R    -3   7  -2  -1  -5   0  -2  -4  -1  -3  -3   0  -3  -1  -4  -2  -2   0  -3  -3    0  84   0   3   0   1   0   0   1   1   1   0   0   3   0   0   1   2   0   1  1.40 0.36
  115 Q    -3  -1  -2  -3  -5   8   0  -4  -2  -5  -3   0  -3  -5  -4  -2  -3  -4  -4  -4    0   1   0   0   0  93   0   0   0   0   2   4   0   0   0   0   0   0   0   0  1.91 0.47
  116 R    -4   8  -3  -4  -6  -1  -2  -5  -2  -5  -4   0  -4  -5  -4  -3  -3  -5  -4  -5    0 100   0   0   0   0   0   0   0   0   0   0   0   0   0   0   0   0   0   0  2.08 0.45
  117 R    -3   8  -2  -4  -5   1  -2  -4  -2  -5  -4   0  -2  -5  -4  -3  -2  -5  -4  -4    1  92   0   0   0   4   0   0   0   0   0   0   1   0   0   0   2   0   0   0  1.76 0.41
  118 T    -1  -3  -3  -4  -3  -1  -3  -4  -3   0   3  -3   5  -2  -3  -2   4  -3  -3   0    4   0   0   0   0   2   0   0   0   1  42   0  18   0   0   0  32   0   0   1  0.61 0.23
  119 I    -1  -4  -4  -4  -2  -3  -4  -5  -4   4   3  -4   4  -1  -4  -3  -2  -3  -2   3    3   0   0   0   0   0   0   0   0  39  28   0  12   0   0   0   0   0   0  16  0.66 0.20
  120 Q    -3  -1  -2  -3  -5   8   0  -4  -2  -5  -5  -1  -3  -5  -4  -2  -3  -4  -2  -5    0   0   0   0   0  98   0   0   0   0   0   0   0   0   0   0   0   0   1   0  2.07 0.50
  121 P    -3  -4  -4  -4  -5  -4  -3  -4  -5  -5  -5  -3  -5  -6   9  -3  -3  -6  -5  -5    0   0   0   0   0   0   0   0   0   0   0   0   0   0  99   0   0   0   0   0  2.86 0.49
  122 A     5  -2  -3  -1   0  -2  -2   0  -3  -3  -3  -2  -3  -4  -1   0   0  -4  -3  -2   78   1   0   3   1   0   1   6   0   0   0   0   0   0   1   3   3   0   0   0  0.84 0.28
  123 F    -4  -5  -5  -6  -5  -5  -5  -5  -3  -2  -1  -5  -2   9  -6  -5  -4  -1   1  -3    0   0   0   0   0   0   0   0   0   0   1   0   0  98   0   0   0   0   0   0  2.24 0.45
  124 R    -3   6  -1  -3  -3   0  -2  -4   6  -4  -4   0  -3  -4  -4  -2  -2  -4  -2  -4    0  61   2   0   0   3   0   0  28   0   0   3   0   0   0   1   1   0   0   0  1.30 0.33
  125 L     0  -1  -3  -3  -3  -1  -2  -3  -2  -2   2   0   0  -3   6  -1   0  -4  -3  -2    7   2   0   0   0   1   0   0   1   0  26   7   2   0  44   2   6   0   0   0  0.82 0.21
  126 D     2  -2  -1   4  -3  -1   2  -1  -2  -3  -4  -1  -3  -4  -1   2   0  -4  -3  -2   22   0   0  33   0   0  13   3   0   0   0   0   0   0   1  20   5   0   0   1  0.52 0.19
  127 A     3   6  -2  -3  -4  -1  -2  -2   1  -3  -3   1  -3  -4  -3  -1  -2  -4  -3  -1   28  57   0   0   0   1   0   1   4   1   0   3   0   0   0   1   0   0   0   3  0.84 0.27
  128 I    -2  -4  -4  -5  -3  -4  -4  -5  -4   5   1  -4   3  -1  -4  -3  -2  -4  -3   3    1   0   0   0   0   0   0   0   0  57   7   0   8   2   0   1   0   0   0  24  0.83 0.24
  129 P     4  -3  -3  -2  -3  -2  -1  -2   0  -4  -4  -2  -3  -4   6  -1  -1  -5  -4  -2   48   1   0   1   0   1   2   1   3   0   0   0   0   0  39   2   3   0   0   0  1.02 0.27
  130 A     3   0  -1   3  -3  -1   1   2  -1  -3  -3  -1  -3  -4  -2   0   0  -4  -3  -2   32   5   1  19   0   1  10  20   1   0   0   1   0   0   1   4   5   0   0   0  0.38 0.15
  131 Y    -4  -3  -4  -5  -2   1  -4  -5   3  -4  -3  -3  -3   1  -5  -4  -3   0   9  -3    0   1   0   0   1   7   0   0   7   0   2   0   0   0   0   0   1   0  82   0  1.87 0.43
  132 G     3  -3  -2  -3  -2  -2  -1   3  -3  -2  -2  -2  -2  -4  -3   0   3  -4  -3   0   35   0   0   0   0   0   3  30   0   0   1   0   0   0   0   0  24   0   0   7  0.53 0.20
  133 P     0   1  -1   1  -3   1   2  -1  -1  -3  -3   0  -3  -4   5   0   0  -2  -3  -2   10  10   0   7   0   6  17   4   1   0   1   4   0   0  28   4   6   0   0   1  0.51 0.14
  134 I     0  -4  -4  -4  -2  -3  -4  -4  -4   3   2  -3   1  -2  -3  -2  -1  -2  -2   4    7   0   0   0   0   0   0   0   0  18  22   0   2   0   0   1   0   1   0  46  0.56 0.19
  135 M    -3  -4  -5  -6  -4  -3  -4  -5  -4   0   0  -4  10  -2  -5  -4  -2  -1  -3   1    0   0   0   0   0   0   0   0   0   1   1   0  85   0   0   0   1   1   0  11  1.93 0.47
  136 E     2   1  -2  -1   0   0   3   2   0  -3  -3  -1  -2  -4  -2   0   0  -4  -3  -1   23   9   0   0   2   3  30  16   2   0   1   0   0   0   0   3   6   0   0   5  0.32 0.15
  137 E    -1   0  -2   1  -5   1   6  -4  -1  -5  -5  -1  -4  -5  -1  -2  -3  -5  -3  -4    5   4   0   6   0   2  78   0   1   0   0   1   0   0   2   0   0   0   0   1  1.19 0.33
  138 E    -3  -2  -2   1  -1   0   7  -4  -2  -5  -5  -1  -4  -5  -3  -2  -3  -5  -4  -5    0   1   0   4   2   2  91   0   0   0   0   0   0   0   0   0   0   0   0   0  1.61 0.40
  139 A     5  -2  -3  -3   3  -2  -3  -2  -3   1  -2  -2  -2  -3  -3   0   1  -4  -3   1   60   1   0   0   6   0   0   0   0  10   0   0   0   0   0   3   9   0   0  11  0.58 0.23
  140 H     0   2  -1   1  -3   1   3  -2   5  -4  -3  -1  -2  -3  -3  -1  -1  -3   1  -3   11  16   1   9   0   6  25   1  20   0   2   0   0   0   0   1   2   0   5   1  0.43 0.17
  141 A     5   1  -2   0  -2  -2  -2  -1  -3  -3  -3  -2  -2  -4  -2   2   0  -4  -3  -2   62   8   1   6   0   0   1   2   0   0   1   0   0   0   0  16   2   0   0   0  0.62 0.24
  142 L     0  -3  -3  -4  -2  -1  -2  -4   0   0   3  -3   2   0  -3  -2   1  -3  -2   3    7   0   0   0   0   2   3   0   2   0  38   0   8   3   0   1   9   0   0  26  0.33 0.15
  143 T     3  -3  -3  -3   6  -3  -3  -2  -3  -1   0  -3  -1  -3  -2   0   2  -4  -3   1   32   0   0   0  23   0   0   1   0   2   7   0   1   0   1   3  18   0   0  13  0.51 0.19
  144 E     1   3  -1   2  -2   0   3   1  -1  -4  -3   0  -3  -4  -2   0  -1  -4  -3  -3   15  22   1  12   1   1  30  12   1   0   1   0   0   0   0   3   2   0   0   0  0.41 0.16
  145 R     1   5  -1   1  -3   0   0   0  -2  -4  -3   0  -3  -4  -2   1   0  -4  -3  -3   13  47   0   7   0   1   5   6   0   0   0   1   0   0   0  11   7   0   0   1  0.53 0.19
  146 W    -5  -5  -7  -7  -5  -5  -6  -5  -5  -5  -2  -6  -1  -2  -7  -6  -5  12  -1  -5    0   0   0   0   0   0   0   0   0   0   3   0   1   0   0   0   0  95   0   0  4.02 0.62
  147 Q    -1   6  -1  -2  -4   4   1  -2   0  -4  -4   1  -3  -4  -2  -1  -1  -2  -3  -3    2  51   0   1   0  20   6   3   2   0   0   4   0   0   2   4   4   1   0   0  0.75 0.23
  148 P     2  -2  -2   1  -3  -2   0  -1  -2  -3  -4  -2  -3  -4   6   1   0  -5  -4  -2   24   1   0   9   0   0   4   3   1   0   0   0   0   0  39  12   5   0   0   1  0.80 0.21
  149 G    -1  -2  -1  -1  -4  -4  -4   7  -3  -6  -5  -3  -4  -5  -4  -2  -3  -4  -5  -5    2   2   1   2   0   0   0  92   0   0   1   0   0   0   0   0   0   0   0   0  1.68 0.35
  150 K    -1   3  -1   1  -4   4   3  -1  -1  -4  -3   0  -2  -4  -2  -1  -1  -4  -3  -3    4  21   0   6   0  29  28   4   0   0   0   1   1   0   0   2   3   0   0   1  0.60 0.21
  151 T     1   1  -2  -2  -2   0   0  -3  -2  -1  -1  -1  -2  -3   2   0   3  -3  -3   1   15   8   0   1   0   4   5   0   0   2   3   2   0   0  11   1  34   0   0  14  0.31 0.15
  152 V    -2  -3  -4  -5  -2  -2  -4  -5  -4   3   2  -4   0   1  -4  -3  -1  -4  -2   5    1   1   0   0   0   1   0   0   0  20  15   0   0   6   0   0   1   0   0  56  0.69 0.22
  153 D    -3  -4   0   8  -6  -2   0  -3  -3  -5  -6  -3  -5  -6  -1  -2  -3  -6  -5  -5    1   0   1  93   0   0   2   0   0   0   0   0   0   0   3   0   0   0   0   0  1.88 0.40
  154 A     0  -4  -4  -5   5  -4  -4  -4  -5   3   0  -4   0  -2  -3  -3  -2  -4  -3   5    5   0   0   0  17   0   0   0   0  16   5   0   1   0   0   0   0   0   0  55  0.79 0.24
  155 T     0  -2   1  -2  -3  -2  -2   1  -1  -3  -3  -2  -2  -4  -1   3   5  -4  -3  -2    2   1   5   0   0   0   0  12   1   0   0   0   0   0   2  31  45   0   0   1  0.64 0.24
  156 S     4  -1  -1   1  -2  -1   1   0  -1  -3  -3  -1  -2  -3  -2   2   0  -4  -3  -2   46   2   1  11   0   0   9   3   1   0   0   1   0   0   0  18   5   0   0   1  0.41 0.18
  157 E     3  -2  -2  -1  -3   0   5  -3  -2  -4  -4  -1  -3  -4  -3  -1   0  -4  -3  -2   37   1   0   0   0   2  51   0   0   0   0   0   0   0   0   0   6   0   0   2  0.76 0.27
  158 S     1  -3  -3  -4  -2  -2  -3  -3  -3  -1   0  -3   8  -2  -3   3   0  -4  -3  -1    9   0   0   0   0   0   0   1   0   0   7   0  51   0   0  25   6   0   0   2  0.83 0.30
  159 F    -3  -3  -2  -4  -4   1  -3  -4   4  -1   1  -3   4   6  -4  -3  -2  -2   0  -2    0   0   1   0   0   8   0   0  13   0  11   0  18  45   0   0   3   0   0   1  0.81 0.26
  160 R     3   5  -1   0  -3  -1  -2  -1  -1  -3  -3   0  -3  -4  -3   0   1  -4  -3  -2   30  44   1   5   0   0   0   5   1   0   0   0   0   0   0   3  11   0   0   1  0.58 0.22
  161 V    -1  -3  -4  -4  -1  -3  -4  -4  -4   2   4  -3   0  -1  -4  -3   1  -3  -2   3    2   0   0   0   1   0   0   0   0   7  52   0   0   1   0   0  11   0   0  26  0.57 0.19
  162 A     4  -3  -2  -3  -2  -2  -2  -1  -3  -2  -1  -2  -2  -4  -2   1   5  -4  -3  -2   40   0   0   0   0   0   0   2   0   0   4   0   0   0   0  10  43   0   0   0  0.67 0.25
  163 V     1  -3  -3  -3  -2  -3  -3  -3  -4   1   0  -3   1  -2  -3  -1   3  -4  -3   4   15   0   0   0   0   0   0   0   0   3   7   0   4   0   0   2  28   0   0  41  0.48 0.20
  164 R    -3   8  -2  -4  -6   0  -2  -2  -2  -5  -4   1  -3  -5  -4  -3  -3  -5  -4  -5    1  92   0   0   0   1   0   4   0   0   0   2   0   0   0   0   0   0   0   0  1.76 0.41
  165 V    -2  -4  -5  -5  -2  -4  -4  -5  -5   5   0  -4   1  -2  -4  -3  -1  -4  -3   5    1   0   0   0   0   0   0   0   0  38   3   0   2   0   0   0   2   0   0  54  0.92 0.26
  166 A     3  -3  -2  -3  -2  -2  -3  -2  -3   2  -1  -2   1  -3  -3   0   4  -4  -3   2   30   0   0   0   0   0   0   0   0  14   0   0   4   0   0   4  31   0   0  18  0.44 0.19
  167 A     5  -3  -2  -3  -1  -2  -2  -1  -3  -3  -3  -2  -1  -4  -2   3   1  -4  -3  -1   58   0   1   0   1   0   0   1   0   0   0   0   1   0   0  31   6   0   0   2  0.73 0.26
  168 R    -2   8  -3  -4  -6  -1  -2  -3  -1  -5  -4   0  -4  -5  -4  -3  -3  -5  -4  -5    2  95   0   0   0   1   0   2   1   0   0   0   0   0   0   0   0   0   0   0  1.86 0.42
  169 C     1  -4  -3  -4   7  -3  -3  -3  -4  -1  -1  -3  -2  -3  -3   1   2  -4  -3   2    9   0   0   0  34   0   0   0   0   0   4   0   0   0   0  12  18   0   0  23  0.74 0.23
  170 L    -3  -4  -5  -5  -3  -4  -5  -5  -5   0   6  -4   2   0  -5  -4  -3  -3  -3   0    0   0   0   0   0   0   0   0   0   0  91   0   5   1   0   0   0   0   0   3  1.20 0.32
  171 L    -3  -4  -5  -5  -1  -4  -5  -5  -3  -1   4  -4   4   6  -5  -4  -3  -2   0  -1    0   0   0   0   1   0   0   0   0   0  48   0  11  39   0   0   0   0   0   0  0.97 0.27
  172 R     0   4  -1  -2  -2   0   1  -2   1  -4  -4   0  -3  -4  -3   4   0  -4  -3  -3    5  31   0   0   1   2   8   1   3   0   0   0   0   0   0  47   1   0   0   1  0.63 0.24
  173 G    -1  -3  -1   3  -3  -2  -2   4  -3  -1  -2  -2  -2  -4  -3  -1   3  -4  -4   1    3   0   0  24   0   0   0  35   0   2   1   0   0   0   0   1  22   0   0  12  0.52 0.19
  174 Q     0  -1  -1   3  -3   1   2   0  -1  -4  -4  -1  -3  -4  -2   3   1  -4  -3  -3    7   2   0  23   0   6  15   6   0   0   0   0   0   0   1  33   7   0   0   0  0.46 0.17
  175 Y     0  -3  -2  -3  -1  -2  -2  -3  -1   1   2  -3   2   2  -3   0  -2  -1   4   0    6   0   2   0   1   0   1   0   0   7  31   0   6   6   0  10   0   0  23   5  0.33 0.14
  176 M     0  -2  -1   4  -3  -1  -1   1  -3   1  -1  -2   5  -3  -2  -1  -1  -4  -3  -1   11   1   1  28   0   1   1  11   0  11   2   0  28   0   2   1   3   0   0   0  0.39 0.19
  177 D     1  -2  -1   5  -4  -2   1   1  -2  -4  -4  -2  -3  -4   3  -1  -1  -5  -4  -3   18   1   0  45   0   0   7  10   0   0   0   0   1   0  13   2   3   0   0   0  0.67 0.21
  178 E     2   1  -1   0  -3   1   4   0   2  -3  -4  -1  -3  -4  -1  -1  -1  -4  -3  -3   25   8   0   4   0   3  39   6   7   0   0   0   0   0   2   0   4   0   0   1  0.46 0.18
  179 R     2   4  -2  -2  -2   0  -1  -2  -2  -1  -1   1  -2  -3  -3   0   2  -3  -3  -2   19  37   0   1   0   1   2   0   0   3   5   8   0   0   0   4  20   0   0   1  0.42 0.18
  180 A     5  -3  -3  -3  -2  -2  -3  -2  -1   1  -1  -2  -1  -3  -3   0   0  -4  -3   2   63   0   0   0   0   0   0   0   1   9   2   0   1   0   0   5   4   0   0  16  0.60 0.23
  181 E     3  -2   0   3  -3  -1   4  -1  -2  -4  -3  -1  -3  -4   0  -1  -1  -4  -3  -2   36   1   2  20   0   0  33   2   0   0   0   0   0   0   4   0   1   0   0   1  0.58 0.21
  182 R    -2   5  -2   0  -5   1   5  -4  -1  -4  -3   0  -3  -4  -2  -2  -2  -4  -3  -3    2  44   0   2   0   2  42   0   1   0   2   0   0   0   2   0   1   0   0   2  0.90 0.27
  183 L    -1  -4  -4  -4  -2  -3  -4  -4  -4   4   3  -4   2  -1  -4  -3  -2  -3  -2   4    4   0   0   0   0   0   0   0   0  25  30   0   5   1   0   0   0   0   0  35  0.61 0.19
  184 C     1   4  -1  -3   6   3  -2  -2   0  -3  -2  -1  -2  -4  -3   1  -1  -4  -3  -3   10  31   2   0  22  15   0   2   2   0   2   0   0   0   0  14   1   0   0   0  0.59 0.21
  185 V     1   1   0   2  -3   1   1  -1   4  -1  -2   0  -2  -2  -2   0   0  -3   0   0   16  11   1  13   0   4   8   3  15   2   1   2   0   0   0   6   6   0   3   9  0.18 0.10
  186 A     3  -3  -2   1   8  -3  -3  -2  -3  -3  -3  -3  -3  -4  -3   2  -2  -4  -3  -2   32   1   1   9  39   0   0   0   0   0   0   0   0   0   0  18   0   0   1   0  0.99 0.28
  187 L    -3  -4  -5  -5  -3  -4  -5  -5  -5   0   6  -4   2  -1  -5  -4  -3  -3  -3   0    0   0   0   0   0   0   0   0   0   0  92   0   5   0   0   0   0   0   0   3  1.22 0.32
  188 A     4   0  -1  -2  -3  -2  -2   0   3  -3  -3  -1  -3  -4   3   0   0  -4  -3  -2   47   5   2   2   0   0   1   4  10   0   0   2   0   0  18   3   6   0   0   1  0.52 0.20
  189 T     1  -3  -2   0  -2  -2  -2  -2  -3   1  -1  -2  -2  -3  -3   0   5  -4  -3   2    9   0   0   5   0   0   1   1   0   9   2   0   0   0   0   2  56   0   0  16  0.62 0.24
  190 V    -2  -4  -5  -5  -2  -4  -4  -5  -5   4   1  -4   1   0  -4  -3  -2  -4  -2   5    0   0   0   0   0   0   0   0   0  23  13   0   3   3   0   0   0   0   0  59  0.81 0.24
  191 F    -2  -4  -4  -5  -3  -4  -4  -4  -3   0   0  -4   2   6  -4  -1  -2  -2   0   3    0   0   0   0   0   0   0   0   0   3   4   0   6  47   0   5   2   0   0  33  0.82 0.25
  192 R    -1   6  -1   0  -4   1   1  -1   2  -4  -3   1  -2  -4  -3   0  -2  -4  -3  -4    2  56   0   5   0   4  10   4   5   0   1   3   1   0   0   8   1   0   0   0  0.73 0.23
  193 G    -2  -3  -2  -3  -5  -4  -4   7  -4  -6  -6  -3  -5  -5  -4  -2  -4  -5  -5  -5    0   1   0   0   0   0   0  99   0   0   0   0   0   0   0   0   0   0   0   0  1.96 0.39
  194 M     0  -3  -4  -5  -3  -3  -4  -4  -4   2   3  -3   7   0  -4  -3  -2  -3  -2   1    8   0   0   0   0   0   0   0   0   8  36   0  38   2   0   0   0   0   0   8  0.76 0.25
  195 Y    -4  -4  -4  -5  -5  -4  -4  -5   0  -3  -2  -4  -3   5  -5  -4  -4   0   8  -3    0   0   0   0   0   0   0   0   1   0   2   0   0  30   0   0   0   0  68   0  1.85 0.40
  196 R    -2   5  -2  -3  -4   3  -1  -4   0  -1  -1   1  -2  -4  -3  -2  -2  -4  -3   2    2  47   0   0   0  17   0   0   2   1   3   6   0   0   0   0   0   0   0  21  0.67 0.24
  197 R    -4   8  -1  -4  -6   1  -2  -4  -2  -5  -4   0  -3  -5  -4  -3  -3  -5  -4  -5    0  94   1   0   0   4   0   0   0   0   0   0   0   0   0   0   0   0   0   0  1.88 0.42
  198 M     0  -3  -3  -4  -3  -2  -3  -4  -4  -1  -1  -3   8  -3  -4  -2   4  -4  -3  -1   10   0   0   0   0   0   0   0   0   0   0   0  58   0   0   0  31   0   0   2  1.21 0.37
  199 V    -1  -4  -5  -5  -1  -4  -4  -5  -5   3   0  -4   2   0  -4  -3  -1  -4  -3   6    1   0   0   0   1   0   0   0   0  14   3   0   5   3   0   0   1   0   0  72  0.92 0.28
  200 V     1  -3  -3   0  -2  -3  -3  -3  -4   2   2  -3   2  -2  -3  -2  -1  -4  -2   4   15   0   0   8   0   0   0   0   0  10  22   0   6   0   0   0   0   0   0  39  0.40 0.17
  201 P    -2  -4  -3  -3  -4  -3  -3  -4  -4  -5  -5  -3  -4  -5   8   2  -3  -5  -5  -4    0   0   0   0   0   0   0   0   0   0   0   0   0   0  83  16   0   0   0   0  2.23 0.41
  202 L     0  -3  -4  -4  -2  -3  -3  -4  -4   2   3  -3   0   2  -3  -2   1  -3  -2   3    8   0   0   0   0   0   0   0   0   8  34   0   1   8   0   0  10   0   0  31  0.41 0.16
  203 G    -1  -4  -2   3  -4  -3  -1   6  -3  -5  -5  -3  -4  -5  -2  -2  -3  -5  -5  -5    2   0   0  23   0   0   3  70   0   0   0   0   0   0   2   0   0   0   0   0  1.25 0.29
  204 P     2  -3  -4  -4  -3  -3  -3  -3  -4  -1   1  -3  -2  -2   6  -2  -2   3  -3  -1   25   0   0   0   0   0   0   0   0   2  14   0   0   1  50   0   0   4   0   2  1.09 0.27
  205 L    -3  -3  -4  -5  -3  -1  -4  -5  -3   0   5  -3   2   1   0  -4  -3   0  -2   0    0   0   0   0   0   3   0   0   1   1  74   0   4   6   4   0   0   1   0   5  0.76 0.24
  206 Y    -1  -3  -3  -2  -4  -1   1  -3   3  -3  -2  -3  -2   5  -4  -2  -3   0   6  -3    7   0   0   2   0   2  11   1   8   0   0   0   0  26   0   1   0   0  41   0  0.89 0.26
  207 R    -3   7  -1  -3  -5   0  -2  -4  -2  -5  -4   3  -3  -5  -4  -2  -3  -5  -4  -4    0  78   2   0   0   1   0   0   0   0   0  19   0   0   0   0   0   0   0   0  1.51 0.36
  208 L    -3  -4  -5  -5  -3  -4  -4  -5  -4   2   5  -4   1  -1  -4  -4  -2  -3  -2   3    0   0   0   0   0   0   0   0   0   8  68   0   1   1   0   0   0   0   0  23  0.86 0.24
  209 P    -3  -5  -4  -4  -5  -4  -4  -5  -5  -5  -5  -3  -5  -6   9  -3  -3  -6  -5  -5    0   0   0   0   0   0   0   0   0   0   0   0   0   0 100   0   0   0   0   0  2.93 0.50
  210 L    -2  -3  -3  -4  -3  -3  -3  -4  -4   0   3  -3  -1   0  -3  -1   5  -3  -2   0    1   0   0   0   0   0   0   0   0   4  37   0   0   5   0   1  51   0   0   2  0.68 0.25
  211 P    -1  -3  -4  -4  -5  -2  -3  -4  -3  -5  -5  -3  -5  -6   8  -3  -3  -6  -5  -4    6   1   0   0   0   1   0   0   1   0   0   0   0   0  90   0   1   0   0   0  2.45 0.44
  212 A     5  -3  -3  -2  -2  -2  -1   2  -3  -3  -3  -2  -3  -4  -1   1  -2  -4  -4  -2   71   0   0   1   0   0   3  17   0   0   0   0   0   0   2   6   0   0   0   0  0.84 0.27
  213 N    -4  -3   8  -1  -5  -2  -2  -3   2  -4  -5  -2  -3  -5  -4  -2  -2  -6  -4  -5    0   0  93   0   0   0   0   0   4   1   0   0   0   0   0   0   1   0   0   0  1.91 0.44
  214 R    -4   8  -3  -4  -6  -1  -2  -5  -2  -5  -2   0  -3  -5  -4  -3  -3  -5  -4  -4    0  95   0   0   0   0   0   0   0   0   4   0   0   0   0   0   0   0   0   0  1.87 0.43
  215 R     0   6  -2  -1  -5   1   3  -3  -2  -5  -4   1  -3  -5  -3  -1  -2  -4  -3  -4    6  57   0   1   0   2  26   0   0   0   0   4   0   0   0   2   1   0   0   0  0.95 0.27
  216 F    -4  -4  -5  -5  -4  -4  -5  -5   0  -2  -2  -5  -2   7  -5  -4  -4   0   6  -3    0   0   0   0   0   0   0   0   2   0   0   0   0  67   0   0   0   0  31   0  1.76 0.38
  217 N    -1   3   4   3  -4   1   1  -2   0  -4  -3   0  -3  -4  -3  -1  -1  -5  -3  -3    5  25  29  21   0   5   9   0   1   0   1   0   0   0   0   0   1   0   0   2  0.59 0.19
  218 D    -1   6   0   0  -4   1   0  -2   3  -4  -4   0  -3  -4  -3  -1  -2   0  -3  -4    6  61   3   5   0   6   3   2  10   0   0   0   0   0   0   3   1   1   0   0  0.87 0.26
  219 A     6  -3  -3  -4  -2  -3  -3  -2  -4  -3  -3  -3  -3  -4  -3   0  -2  -5  -4  -1   94   0   0   0   0   0   0   0   0   0   1   0   0   0   0   3   0   0   0   2  1.27 0.36
  220 L    -2   0  -1  -4   1  -2  -3  -4  -3   0   4  -3   0   0  -4  -1  -2  -3  -2   1    0   6   4   0   3   1   0   0   0   0  66   0   0   2   0   4   0   0   0  12  0.56 0.21
  221 A     5  -1  -1   1  -2  -1   1  -1  -1  -3  -3  -1  -3  -4  -2   0   0  -4  -3  -2   64   3   1  10   0   0   7   2   1   0   0   1   0   0   0   4   6   0   0   1  0.58 0.23
  222 D    -3   6  -1   5  -5   0   0  -3  -2  -5  -4   0  -4  -5  -3  -2  -2  -5  -4  -4    1  51   0  40   0   2   4   1   0   0   0   0   0   0   0   0   0   0   0   0  1.13 0.30
  223 L    -3  -4  -5  -5  -3  -4  -4  -5  -4   0   5  -4   4   0  -4  -4  -2  -3  -2   1    0   0   0   0   0   0   0   0   0   0  79   0  10   3   0   0   2   0   0   6  0.98 0.28
  224 H    -4   3  -1  -3  -2  -1  -2  -3  10  -6  -5  -2  -4  -4  -4  -3  -4  -5  -1  -5    0  17   2   0   1   0   0   1  78   0   0   0   0   0   0   0   0   0   0   0  2.05 0.44
  225 L     2   2  -2  -1  -2   0   0  -1  -1  -1   1  -1  -1  -2  -2   0   0  -3  -2  -1   29  17   0   3   0   3   8   3   2   0  22   1   0   0   0   2   7   0   0   2  0.18 0.12
  226 L    -1  -3  -5  -5  -2  -3  -4  -5  -4   3   4  -4   1  -1  -4  -3  -2  -3  -2   2    4   1   0   0   0   0   0   0   0  23  59   0   1   0   0   0   0   0   0  12  0.72 0.22
  227 V     0  -4  -5  -5  -2  -4  -4  -5  -5   4   0  -4   0  -1  -4  -3  -2  -4  -3   5    5   0   0   0   0   0   0   0   0  34   0   0   0   2   0   0   0   0   0  59  0.92 0.27
  228 D    -1  -2   0   7  -5  -2   0  -2  -3  -5  -5  -2  -5  -5  -3  -2  -2  -6  -5  -5    4   2   1  86   0   0   2   2   0   0   0   0   0   0   0   1   1   0   0   0  1.61 0.37
  229 E     2   0  -2   0  -4   1   5   0  -2  -4  -4  -1  -3  -4  -3   0   0  -4  -3  -3   18   3   0   1   0   6  55   8   0   0   0   0   0   0   0   4   5   0   0   0  0.69 0.24
  230 I     1  -4  -4  -4  -2  -3  -4  -4  -4   5   1  -3   2  -2  -4  -2   1  -4  -3   2   16   0   0   0   0   0   0   0   0  54   5   0   7   0   0   0   9   0   0  10  0.61 0.22
  231 I    -2  -4  -5  -5  -3  -4  -5  -5  -5   6   0  -4  -1  -2  -4  -4  -2  -4  -3   5    0   0   0   0   0   0   0   0   0  56   1   0   0   0   0   0   0   0   0  43  1.09 0.29
  232 A     5   0  -2   0  -2  -1   1   0  -3  -3  -3  -2  -3  -4  -2   0   0  -4  -3  -2   69   5   0   6   0   2   9   3   0   0   0   0   0   0   0   1   3   0   0   1  0.66 0.25
  233 E    -1  -2  -1   4  -5   1   6  -2  -2  -4  -4  -1  -4  -3  -3  -2  -2  -5  -4  -4    4   1   1  22   0   5  62   2   0   1   0   0   0   1   0   0   0   0   0   0  1.02 0.29
  234 R    -3   7  -2  -4  -2   0  -2  -4  -1  -5  -4   0  -3  -3  -4  -3  -3  -3   3  -4    1  80   0   0   1   3   0   1   1   0   0   0   0   0   0   0   1   0  12   0  1.44 0.36
  235 R    -4   8  -3  -4  -6  -1  -2  -4   0  -5  -4   0  -4  -5  -3  -3  -3  -5  -4  -5    0  95   0   0   0   1   0   1   2   0   0   1   0   0   1   0   0   0   0   0  1.89 0.43
  236 A     4   4  -2  -3  -3  -1  -1  -1  -2  -3  -2   0  -2  -4  -3   0  -1  -4  -3  -2   47  36   1   0   0   0   1   3   1   0   2   1   0   0   0   4   3   0   0   1  0.63 0.23
  237 S     2  -1  -1   0  -1   0   0   1  -1  -3  -3  -1  -2  -3  -2   4   1  -2  -2  -2   16   2   1   4   1   2   3   9   2   0   1   1   0   0   1  48   7   0   0   2  0.40 0.16
  238 G     0  -2  -2   0  -3  -2  -2   6  -3  -4  -4  -2  -3  -4   0  -1   0  -4  -4  -3    6   1   0   7   0   0   2  68   0   0   0   0   0   0   4   3   6   0   0   1  0.94 0.23
  239 Q     1   0  -1   1  -3   4   1   0  -1  -2  -3  -1  -1  -4   2   0   1  -4  -3  -1   15   4   1   8   0  28   6   5   1   0   0   1   1   0   9   5  10   0   0   7  0.29 0.13
  240 K    -1   2   0   4  -4   0   0   0   0  -4  -4   3  -3  -4   2  -1  -2  -2  -3  -4    3  12   3  31   0   1   4   7   2   0   0  26   0   0  10   0   0   1   0   0  0.53 0.17
  241 P    -2   5  -1   0  -5   0  -1  -1   3  -4  -4  -1  -3  -5   5  -2  -2  -5  -3  -4    1  36   2   5   0   3   1   4   9   0   0   0   0   0  37   1   0   0   0   0  0.97 0.25
  242 D    -2  -3   1   6  -5  -1   1   3  -1  -5  -5  -2  -4  -5  -3  -2  -2  -5  -4  -5    1   0   5  62   0   1   5  23   1   0   0   0   0   0   0   0   1   0   0   0  1.12 0.28
  243 D    -3  -2  -1   8  -2  -2  -1  -3  -3  -5  -3  -3  -5  -5  -4  -2  -3  -6  -5  -5    0   1   0  94   1   0   0   0   0   0   3   0   0   0   0   0   0   0   0   0  1.88 0.41
  244 L    -3  -4  -5  -5  -3  -4  -5  -5  -5   0   6  -4   1  -1  -5  -4  -3  -3  -3   1    0   0   0   0   0   0   0   0   0   0  91   0   1   0   0   0   0   0   0   8  1.17 0.31
  245 L    -3  -4  -5  -5  -3  -4  -5  -3  -5   0   6  -4   1  -1  -5  -4  -3  -3  -3   0    0   0   0   0   0   0   0   3   0   1  91   0   2   0   0   0   0   0   0   3  1.13 0.31
  246 T     1  -3  -1  -1  -2  -2  -1   3  -3  -3  -2  -2  -2  -4  -2   3   4  -4  -3  -2    9   0   0   2   0   0   1  21   0   0   3   0   0   0   0  30  35   0   0   0  0.55 0.21
  247 A     4  -3  -2  -3  -2  -2  -1  -2  -3   1  -1  -2   0  -3  -2   0   3  -4  -3   0   48   0   0   0   0   0   3   0   0   8   4   0   2   0   0   2  27   0   0   7  0.48 0.21
  248 L    -3  -4  -5  -6  -3  -4  -5  -6  -5   0   6  -4   1  -1  -5  -4  -3  -3  -3  -1    0   0   0   0   0   0   0   0   0   0  98   0   1   1   0   0   0   0   0   0  1.34 0.34
  249 L    -2  -3  -5  -5  -3  -4  -4  -5  -4   1   5  -4   0   0  -5  -4  -3  -3  -3   0    1   0   0   0   0   0   0   0   0   4  87   0   0   2   0   0   0   0   0   4  1.05 0.29
  250 E     3   1  -1   0  -3   0   3   0  -1  -3  -3   0  -1  -4  -2   0   0  -4  -3  -2   35   8   2   4   0   2  30   4   1   0   0   3   2   0   0   3   7   0   0   0  0.38 0.16
  251 A     6  -3  -3  -2  -2  -3  -3  -2  -4  -3  -3  -3  -3  -4  -3  -1  -1  -5  -4  -2   95   0   0   2   0   0   0   0   0   0   0   0   0   0   0   1   2   0   0   1  1.29 0.37
  252 K     0   4  -1  -1  -4   1   2  -2   1  -3  -3   3  -2  -4  -2  -1   1  -4  -3  -2    9  26   1   0   0   3  16   0   4   0   0  26   0   0   0   0  13   0   0   1  0.46 0.17
  253 D    -2   0   0   7  -5  -2   0   0   2  -5  -5  -2  -5  -5  -3  -2  -3  -6  -4  -5    2   6   1  77   0   0   1   6   5   0   0   1   0   0   0   1   0   0   0   0  1.32 0.32
  254 D    -1  -2  -1   4  -5   0   5   1  -2  -5  -5  -1  -4  -5  -3  -2  -2  -5  -4  -4    3   1   0  26   0   1  54  14   0   0   0   0   0   0   0   0   0   0   0   0  0.94 0.27
  255 N    -2  -2   5   3  -4  -1   0   1   0  -4  -4  -1  -3  -4  -2   1   2  -5  -3  -3    1   0  34  22   0   0   6   9   1   0   0   2   0   0   0  12  13   0   0   0  0.59 0.19
  256 G    -1  -4  -2  -2  -4  -3  -3   7  -4  -5  -5  -3  -4  -5  -2  -1  -2  -4  -5  -5    3   0   0   1   0   1   1  89   0   0   0   1   0   0   1   2   2   0   0   0  1.57 0.33
  257 D     0   0  -1   3  -4   1   4   1   1  -3  -4   0  -3  -4  -1   0  -1  -4  -3  -3   10   5   1  21   0   5  32  10   3   1   0   4   0   0   1   3   3   0   0   1  0.43 0.14
  258 P     1   1  -3  -3  -4  -1  -2   1  -3  -4  -4  -1  -3  -5   6  -1  -1  -5  -4  -3   16  10   0   0   0   1   1  12   0   0   0   2   0   0  53   2   3   0   0   0  1.13 0.26
  259 I    -2  -3  -4  -5  -2  -4  -4  -5  -4   5   3  -4   3   0  -4  -4  -2  -3  -2   2    0   0   0   0   0   0   0   0   0  44  31   0   7   2   0   0   0   0   0  15  0.72 0.21
  260 G    -1  -2   0   1  -3  -2  -2   3  -3  -3  -4  -2  -3  -4  -2   2   4  -4  -4  -3    1   1   2   7   0   0   0  30   0   0   0   1   0   0   1  17  40   0   0   0  0.63 0.22
  261 E    -2  -2   0   6  -5  -1   5  -1   0  -5  -5  -2  -4  -5  -2  -2  -3  -5  -4  -4    2   0   1  48   0   0  41   4   2   0   0   0   0   0   1   0   0   0   0   0  1.10 0.29
  262 Q    -1   3  -2  -1  -5   7   1  -2   0  -5  -4   0  -3  -5  -3  -2  -3  -4  -3  -3    4  19   0   3   0  63   6   3   1   0   0   1   0   0   0   0   0   0   0   1  1.08 0.32
  263 E    -3  -2  -2   0  -6   1   7  -4  -2  -5  -5  -1  -4  -5  -3  -2  -3  -5  -4  -5    0   0   0   2   0   2  95   0   0   0   0   0   0   0   0   0   0   0   0   0  1.71 0.42
  264 I    -2  -4  -5  -5  -3  -4  -5  -5  -5   6   0  -4  -1  -2  -4  -4  -2  -4  -3   4    2   0   0   0   0   0   0   0   0  59   2   0   0   0   0   0   0   0   0  37  1.05 0.29
  265 H    -4   1  -2  -3  -5  -1  -2  -4  10  -5  -2  -3  -3  -3  -4  -2  -4  -4   1  -5    0   8   0   0   0   1   0   0  81   0   4   0   0   0   0   2   0   0   4   0  2.06 0.44
  266 D    -4  -4  -1   8  -6  -2   0  -1  -3  -5  -6  -3  -5  -6  -4  -2  -3  -6  -5  -5    0   0   0  94   0   0   1   4   0   0   0   0   0   0   0   1   0   0   0   0  1.94 0.41
  267 Q    -3  -1  -1  -2  -5   8   0  -4   4  -5  -4  -1  -3  -5  -4  -2  -2  -4  -3  -5    0   0   2   0   0  84   0   0  13   0   0   0   0   0   0   0   2   0   0   0  1.71 0.44
  268 V    -2  -4  -5  -5  -2  -4  -4  -5  -5   2   3  -4   0  -2  -4  -3  -2  -4  -3   5    1   0   0   0   0   0   0   0   0   5  25   0   0   0   0   0   0   0   0  68  0.90 0.27
  269 V    -2  -4  -4  -5  -3  -3  -4  -5  -4   4   0  -4   5  -2  -4  -3  -2  -4  -3   5    0   0   0   0   0   0   0   0   0  24   3   0  19   0   0   0   0   0   0  52  0.89 0.27
  270 A     3  -3  -2  -2  -2  -1  -2  -2  -3  -3  -3  -2  -2  -4  -2   3   5  -4  -3  -1   32   0   0   0   0   1   0   1   0   0   0   0   0   0   0  20  45   0   0   2  0.72 0.26
  271 I    -3  -4  -5  -5  -3  -4  -4  -5  -4   4   4  -4   2   2  -4  -4  -2  -3  -2   0    0   0   0   0   0   0   0   0   0  29  56   0   5   8   0   0   0   0   0   2  0.79 0.23
  272 L    -2  -4  -5  -5  -3  -4  -4  -5  -4   1   5  -4   2   0  -4  -3  -2  -3  -2   2    1   0   0   0   0   0   0   0   0   3  76   0   4   3   0   1   0   0   0  13  0.88 0.25
  273 T    -2  -3  -3  -4  -2  -3  -3  -2  -4   1   3  -3   0   1  -3  -1   3  -3  -2   2    0   0   0   0   0   0   0   2   0   7  33   0   0   5   0   1  32   0   0  19  0.43 0.18
  274 P     4  -3  -3  -3  -3  -2  -2   0  -3  -3  -3  -2  -3  -4   4  -1   2  -4  -4  -2   48   0   0   0   0   0   0   8   0   0   0   0   0   0  25   0  19   0   0   0  0.80 0.25
  275 G    -1  -4  -2  -3  -5  -4  -4   7  -4  -6  -6  -4  -5  -5  -4  -2  -4  -5  -5  -5    1   0   0   0   0   0   0  98   0   0   0   0   0   0   0   1   0   0   0   0  1.94 0.39
  276 S     2  -2  -1  -2  -2  -2  -2  -1  -3   0  -2  -2  -2  -2  -2   3   2  -4  -3   1   21   0   1   0   0   0   0   4   0   6   0   0   0   2   0  36  15   0   0  16  0.37 0.18
  277 E    -3  -2  -2  -1  -6   0   7  -4  -2  -6  -5  -1  -4  -6  -3  -2  -3  -5  -4  -5    0   0   0   0   0   0 100   0   0   0   0   0   0   0   0   0   0   0   0   0  1.88 0.45
  278 T    -1  -3   2  -2  -3  -2  -2  -3  -3  -3  -3  -2  -3  -4  -3   2   6  -4  -3  -2    2   0  11   0   0   0   0   0   0   0   0   0   0   0   0  16  70   0   0   0  1.06 0.33
  279 I    -1  -3  -2  -3  -2  -2  -2  -3  -4   1  -1  -3  -1  -3   1   0   5  -4  -3   3    3   0   0   0   0   1   1   0   0   9   1   0   0   0   7   2  44   0   0  32  0.57 0.23
  280 A     5  -3  -3  -3  -2  -3  -3   3  -3  -3  -4  -2  -3  -4  -3   1  -2  -4  -4  -2   72   0   0   0   0   0   0  21   0   0   0   0   0   0   0   6   0   0   0   0  0.96 0.29
  281 S     1  -2   2  -2  -2  -2  -2  -2  -2  -2   1  -1   3  -3  -3   4   0  -4  -3  -2   10   0   9   0   0   0   0   0   0   0  18   2  10   0   0  49   1   0   0   1  0.45 0.22
  282 T     2  -3  -2  -3   6  -1  -3  -2  -3  -2  -2  -2   1  -3  -3   0   5  -4  -3   0   16   0   0   0  21   3   0   1   0   0   2   0   4   0   0   3  46   0   0   4  0.71 0.25
  283 I    -3  -4  -5  -5  -3  -4  -4  -5  -4   3   5  -4   2  -1  -4  -4  -2  -3  -3   1    0   0   0   0   0   0   0   0   0  22  67   0   5   0   0   0   0   0   0   7  0.87 0.24
  284 M     4  -3  -3  -3  -2  -2  -3  -1  -3  -2  -1  -2   6  -3  -3   1   2  -4  -3  -1   44   0   0   0   0   0   0   2   0   0   1   0  32   0   0   8  12   0   0   1  0.66 0.26
  285 W    -2  -4  -3  -3  -4  -3  -4  -3  -4  -4  -4  -4  -3   1  -4   4  -2  11  -1  -4    2   0   0   1   0   0   0   1   0   0   0   0   0   6   0  35   0  55   0   0  2.02 0.42
  286 L     3  -3  -3  -3  -1  -2  -3  -3  -3   0   3  -3   0  -2  -3  -1   2  -3  -3   1   35   0   0   0   1   0   0   0   0   3  32   0   0   0   0   0  19   0   0  10  0.40 0.18
  287 L    -4  -4  -5  -5  -3  -4  -5  -5  -4  -1   4  -4   0   6  -5  -4  -3   4   0  -2    0   0   0   0   0   0   0   0   0   0  46   0   1  47   0   0   0   6   0   0  1.11 0.29
  288 Q    -1  -1  -1   1  -3   3   0  -1   7  -4  -1  -1  -2  -1  -3   1  -2   1   0  -3    3   2   0   8   0  21   4   3  33   0   7   0   0   2   0  14   0   2   1   0  0.55 0.21
  289 A    -1  -4  -4  -5  -2  -3  -4  -5  -4   1   5  -4   1  -1  -4  -3  -1  -3  -2   3    5   0   0   0   0   0   0   0   0   2  65   0   2   0   0   0   2   0   1  24  0.73 0.23
  290 L    -3  -4  -5  -6  -3  -4  -5  -6  -5   0   6  -4   1  -1  -5  -4  -3  -3  -3   0    0   0   0   0   0   0   0   0   0   0  95   0   2   1   0   0   0   0   0   2  1.27 0.33
  291 A     5  -3  -2  -3  -2  -2  -2   2  -3  -3  -3  -2  -3  -4  -1   1   2  -4  -3  -2   60   0   0   0   0   0   0  16   0   0   0   0   0   0   1   5  18   0   0   0  0.70 0.24
  292 D     0   3  -1   1  -4   2   4  -2   0  -4  -3   0  -3  -4  -3  -1   0  -4  -3  -2    9  24   1   6   0  10  40   1   1   0   0   0   0   0   0   1   5   0   0   2  0.58 0.20
  293 H    -4  -2   2  -2  -5  -1  -2  -4  10  -5  -4  -3  -4  -3  -5  -3  -4  -5   0  -5    0   1   9   1   0   1   0   0  85   0   2   0   0   0   0   0   0   0   2   0  2.25 0.46
  294 P    -3  -3  -4  -4  -5  -4  -3  -5  -5  -5  -5  -3  -5  -6   9  -2  -3  -6  -5  -5    0   1   0   0   0   0   0   0   0   0   0   0   0   0  98   1   0   0   0   0  2.84 0.49
  295 E    -2   0  -2   1  -5   1   6  -2  -2  -5  -5  -1  -3  -5  -3  -2  -2  -5  -4  -4    2   5   0   6   0   2  80   2   0   0   0   1   0   0   0   0   0   0   0   0  1.25 0.34
  296 H     2  -2  -2  -2  -3   2   0  -3   6   0  -1  -2  -1  -3  -3  -1  -1  -1  -1   1   28   0   0   1   0  12   7   0  25   6   5   0   0   0   0   0   1   1   0  13  0.38 0.18
  297 A     3  -2  -2  -1  -4   0   6   0  -2  -4  -4  -1  -3  -5  -3  -1  -2  -5  -4  -2   26   0   0   0   0   0  65   6   0   0   0   0   0   0   0   0   1   0   0   2  0.94 0.30
  298 D     0   4  -1   4  -4   1   2  -2   0  -4  -4   0  -3  -4  -3  -1  -1  -4  -3  -3   11  37   1  26   0   4  11   1   2   0   0   3   0   0   0   3   1   0   0   1  0.57 0.19
  299 R     0   6  -2  -3  -3   0  -1  -3  -1  -4  -4   3  -3  -5  -3  -2  -3  -4  -3  -4    7  65   0   0   0   2   2   1   0   0   0  21   0   0   1   0   0   0   0   0  1.10 0.29
  300 I    -2  -4  -5  -5  -3  -4  -4  -5  -4   3   4  -4   1  -1  -4  -4  -2  -3  -2   3    0   0   0   0   0   0   0   0   0  15  59   0   1   0   0   0   0   0   0  26  0.79 0.23
  301 R    -1   4  -1  -3   1  -1  -2  -4   8  -3  -4  -1  -3  -3  -4  -1  -2  -4  -1  -1    3  25   0   0   3   1   0   0  54   0   0   0   0   0   0   4   1   0   1   5  1.17 0.32
  302 D     4  -1  -1   2  -2  -1   2  -2  -2  -3  -3  -1  -3  -4  -2   0   0  -4  -3  -2   52   3   1  15   0   1  18   0   0   0   0   1   0   0   0   5   3   0   0   0  0.55 0.21
  303 E    -3  -2  -2   0  -6   0   7  -4  -2  -6  -5  -1  -4  -6  -3  -2  -3  -5  -4  -5    0   0   0   0   0   0 100   0   0   0   0   0   0   0   0   0   0   0   0   0  1.87 0.44
  304 V    -1  -4  -5  -5  -2  -4  -4  -5  -5   2   2  -4  -1  -2  -4  -3  -1  -4  -3   6    4   0   0   0   0   0   0   0   0   4  15   0   0   0   0   0   1   0   0  76  0.95 0.29
  305 E    -3  -1   1   6  -5   0   3  -2  -2  -4  -3   1  -3  -5  -3  -2  -2  -5  -4  -4    1   1   7  55   0   2  23   1   0   0   2   9   0   0   0   0   0   0   0   0  0.99 0.26
  306 A     2   0  -1  -1  -2  -1   1  -1  -1  -3  -3  -1  -2  -4  -2   3   2  -4  -3  -2   26   6   1   2   0   1  12   2   1   0   1   1   0   0   1  34  13   0   0   0  0.40 0.17
  307 V    -1  -4  -5  -5  -3  -4  -4  -5  -5   1  -1  -3  -1  -2  -4  -3  -1  -5  -3   7    2   0   0   0   0   0   0   0   0   0   2   1   0   0   0   0   2   0   0  93  1.29 0.36
  308 T     0  -3  -3  -4  -2  -3  -3  -3  -4   0   4  -3   0  -2  -3  -2   3  -3  -3   2    7   0   0   0   0   0   0   1   0   0  51   0   0   0   0   0  24   0   0  17  0.54 0.21
  309 G     2  -2  -1   0  -3  -1  -2   5  -3  -4  -4  -2  -3  -4   0  -1  -2  -4  -4  -3   23   1   2   6   0   2   1  57   0   0   0   0   0   0   5   2   1   0   0   0  0.83 0.22
  310 G    -2  -4  -2   3  -5  -3  -1   6  -4  -5  -5  -3  -5  -5  -4  -2  -3  -5  -5  -5    0   0   0  20   0   0   3  76   0   0   0   0   0   0   0   0   0   0   0   0  1.38 0.31
  311 R    -2   8  -2  -4  -5   0  -2  -3  -2  -5  -4   0  -3  -5  -4  -2  -3  -5  -4  -5    3  90   0   0   0   3   0   2   0   0   0   1   0   0   0   1   0   0   0   0  1.68 0.39
  312 P     1   2  -2  -3  -3  -2  -2  -3  -3  -3  -1  -2  -1  -3   6  -1   0  -4  -4  -1   13  13   0   0   0   1   1   0   0   1   6   0   1   1  50   4   8   0   0   3  0.96 0.23
  313 V     0  -4  -4  -4  -3  -3  -3  -4  -4   0  -2  -3  -2  -4   6  -3  -2  -5  -4   4    7   0   0   0   0   0   0   0   0   4   2   0   0   0  48   0   0   0   0  39  1.17 0.29
  314 A     3  -2  -1   0  -2  -2  -1   3  -2  -2  -3  -2  -2  -4  -2   0   2  -4  -3   0   33   2   0   6   0   0   4  28   1   0   0   0   0   0   0   1  19   0   0   6  0.42 0.17
  315 F    -2  -3  -4  -4  -4  -3  -4  -4   2  -1  -1  -4  -1   6   3  -2  -2  -1   3  -1    3   1   0   0   0   0   0   0   6   3   1   0   0  54  17   1   1   0   8   3  0.92 0.26
  316 E     2  -2  -1   4  -3  -1   3   2  -1  -4  -4  -1  -3  -4  -1  -1  -1  -4  -4  -3   27   0   0  28   0   0  25  13   1   0   0   1   0   0   1   1   1   0   0   0  0.55 0.19
  317 D    -3  -3  -1   7  -6  -2   2  -3   2  -5  -6  -2  -5  -5  -3  -2  -3  -6  -5  -5    1   0   0  86   0   0   9   0   5   0   0   0   0   0   0   0   0   0   0   0  1.73 0.38
  318 V    -2  -4  -5  -5  -3  -4  -4  -5  -4   2   4  -4   0  -1  -4  -4  -2  -4  -3   4    1   0   0   0   0   0   0   0   0   5  58   0   0   0   0   0   0   0   0  36  0.83 0.25
  319 R    -1   4  -3  -2  -4  -1  -1  -1  -1  -4  -4   0  -4  -5   6  -2  -2  -5  -4  -4    4  30   0   2   0   1   1   6   1   0   0   4   0   0  49   1   1   0   0   0  1.17 0.27
  320 K     0   5  -1   0  -3   0   1  -1   1  -4  -3   3  -3  -4  -3   0  -2  -4  -3  -3    7  41   1   4   0   2   6   4   3   0   1  24   0   0   0   6   0   0   0   0  0.57 0.19
  321 L    -3  -4  -5  -6  -3  -4  -5  -6  -5   0   6  -4   0  -1  -5  -4  -3  -4  -3  -1    0   0   0   0   0   0   0   0   0   0 100   0   0   0   0   0   0   0   0   0  1.40 0.35
  322 R     0   1  -1   1  -2  -1   1   0  -2  -1  -2  -1  -2  -3   2   0   2  -4  -3   1    9  10   0  10   0   1   8   5   0   0   1   0   0   0   9   5  23   0   0  19  0.20 0.12
  323 H    -4   0  -2  -4  -3  -1  -3  -5   8  -4  -2  -3  -3   1  -5  -3  -4  -1   7  -3    0   4   0   0   1   1   0   0  45   0   3   0   0   2   0   0   0   0  43   1  1.55 0.37
  324 T    -1  -3  -2  -3  -3  -3  -3  -4  -4  -3  -3  -3   0  -4  -3   0   7  -5  -4  -2    4   0   0   0   0   0   0   0   0   0   1   0   2   0   0   1  92   0   0   1  1.48 0.41
  325 G     0   6   3  -2  -4   2  -1  -1   0  -4  -4   0  -3  -4  -3  -2  -2   3  -3  -4    8  51  21   0   0  10   0   3   2   0   0   0   0   0   0   0   0   4   0   0  0.80 0.26
  326 N    -1   4   6  -1   4  -1  -2  -2   0  -4  -4  -1  -3  -4  -3   0  -2  -5  -2  -4    6  26  46   0  11   1   0   2   2   0   1   0   0   0   0   6   0   0   1   0  0.78 0.25
  327 V    -1  -4  -5  -5  -3  -4  -4  -5  -5   1   0  -4  -1  -3  -4  -3  -1  -5  -3   6    3   0   0   0   0   0   0   0   0   3   5   0   0   0   0   0   2   0   0  88  1.19 0.34
  328 I    -2  -4  -5  -5  -2  -4  -4  -5  -4   4   1  -4   0   2  -4  -3  -2  -3  -2   5    0   0   0   0   0   0   0   0   0  27  13   0   0   9   0   0   0   0   0  51  0.76 0.23
  329 V    -1  -3  -1  -2  -1  -2  -3  -3   0  -1  -2  -2  -1  -3  -3   1   5  -2  -3   3    1   0   2   1   1   1   0   0   3   1   1   0   1   0   0   7  55   0   0  26  0.65 0.25
  330 E    -3  -2  -2  -1  -6   0   7  -4  -2  -6  -5  -1  -4  -6  -3  -2  -3  -5  -4  -5    0   0   0   0   0   0 100   0   0   0   0   0   0   0   0   0   0   0   0   0  1.88 0.45
  331 A     3  -3  -2  -3  -2  -2  -2  -2  -3  -2  -3  -2  -2  -4  -3   1   5  -4  -3  -1   36   0   0   0   0   0   0   0   0   0   0   0   0   0   0   7  53   0   0   3  0.83 0.29
  332 M    -3  -4  -5  -5  -3  -3  -4  -5  -4   0   5  -4   7  -1  -5  -4  -3  -3  -3  -1    0   0   0   0   0   0   0   0   0   2  61   0  37   0   0   0   0   0   0   0  1.18 0.32
  333 R    -4   8  -3  -4  -6  -1  -2  -5  -2  -5  -4   0  -4  -5  -4  -3  -3  -5  -4  -5    0 100   0   0   0   0   0   0   0   0   0   0   0   0   0   0   0   0   0   0  2.08 0.45
  334 L    -3  -3  -3  -4  -3  -3  -3  -5   5   2   4  -3   3  -1  -4  -3  -2  -3  -2   1    0   0   0   0   0   0   0   0  19  11  57   0   7   0   0   0   0   0   0   5  0.73 0.23
  335 R    -2   5  -2  -3  -3  -1  -2  -3   2  -4  -3  -1  -3   0  -4   1  -2   1   5  -3    1  44   0   0   0   1   0   0   4   0   1   0   0   3   0  14   0   1  29   0  0.81 0.26
  336 P    -3  -4  -4  -4  -5  -4  -3  -4  -4  -5  -5  -3  -5  -6   8  -1  -3  -6  -5  -5    0   0   0   0   0   0   0   0   0   0   0   0   0   0  95   5   0   0   0   0  2.71 0.47
  337 A     4  -4  -3  -3  -3  -3  -3  -2  -4  -4  -4  -3  -4  -5   7  -1  -2  -5  -4  -3   42   0   0   0   0   0   0   1   0   0   0   0   0   0  54   3   0   0   0   0  1.45 0.33
  338 V     2  -3  -3  -3  -2  -3  -3   4  -3   0  -2  -3  -2  -3  -2   0  -1  -4  -3   3   23   0   0   0   0   0   0  32   0   2   0   0   0   0   1   4   2   0   0  35  0.51 0.20
  339 W    -6  -6  -7  -7  -5  -5  -6  -5  -5  -6  -5  -6  -4  -2  -7  -6  -5  13  -1  -6    0   0   0   0   0   0   0   0   0   0   0   0   0   0   0   0   0 100   0   0  4.34 0.66
  340 V    -2  -4  -5  -5  -3  -4  -4  -5  -4   5   4  -4   3   0  -4  -4  -2  -3  -2   1    1   0   0   0   0   0   0   0   0  48  39   0   7   2   0   0   0   0   0   3  0.82 0.24
  341 L    -2  -4  -5  -5  -3  -4  -4  -5  -3   0   4  -4   0   6  -5  -2  -3  -1   2  -1    3   0   0   0   0   0   0   0   0   1  47   0   0  41   0   2   0   0   5   0  0.89 0.25
  342 T    -2  -3  -2  -3  -3  -3  -3  -4  -4  -3  -3  -3   2  -4  -3   0   7  -5  -4  -2    0   0   0   0   0   0   0   0   0   0   0   0   7   0   0   3  90   0   0   0  1.46 0.41
  343 R    -4   8  -3  -4  -6  -1  -2  -5  -2  -5  -4   0  -4  -5  -4  -3  -3  -1  -4  -5    0  99   0   0   0   0   0   0   0   0   0   0   0   0   0   0   0   1   0   0  2.05 0.45
  344 R    -2   5  -2  -3  -3  -1  -2  -4  -3   0  -1  -1   0  -3  -3  -2   2  -4  -3   3    1  44   0   0   0   0   0   0   0   3   3   0   3   0   0   1  15   0   0  29  0.59 0.23
  345 A     4  -3  -2  -3  -2  -2  -2  -2  -3  -2  -3  -2  -2  -4  -3   1   5  -4  -3  -1   42   0   0   0   0   0   0   0   0   0   0   0   0   0   0   6  49   0   0   3  0.82 0.28
  346 V     0  -3  -2  -3  -2  -2  -3  -3  -4   0  -2  -2  -1  -2  -3   0   5  -4  -3   4    8   0   0   0   0   1   0   0   0   1   1   1   1   1   0   2  53   0   0  34  0.72 0.27
  347 A     2   3  -1  -2  -2   0   1  -2  -2  -2  -2   1  -2  -3  -2   0   3  -4  -3   0   22  22   0   0   0   3  11   1   0   1   0   7   0   0   0   1  23   0   0  10  0.31 0.15
  348 E    -1  -2  -1   5  -5  -1   5  -2  -2  -5  -5  -1  -4  -5   0  -1  -2  -5  -4  -4    6   1   0  38   0   0  48   2   0   0   0   0   0   0   4   1   0   0   0   0  1.01 0.28
  349 S    -1  -3  -2  -3  -3  -3  -3  -4  -4  -3  -3  -2  -3  -4  -3   0   7  -5  -4   0    2   0   0   0   0   0   0   0   0   0   0   0   0   0   0   1  92   0   0   5  1.49 0.41
  350 E    -1  -1  -1   1  -5   0   6  -3   0  -4  -4  -1  -3  -5  -3   0   1  -5  -4  -3    4   3   1   5   0   1  71   0   2   0   0   0   0   0   0   3   8   0   0   2  0.98 0.29
  351 L    -3  -4  -5  -6  -3  -4  -5  -6  -5   0   6  -4   0   1  -5  -4  -3  -3  -2  -1    0   0   0   0   0   0   0   0   0   2  93   0   0   5   0   0   0   0   0   0  1.23 0.32
  352 G     4  -4  -2  -3  -3  -3  -3   6  -4  -4  -4  -3  -4  -5  -3  -1  -3  -4  -4  -3   37   0   0   0   0   0   0  63   0   0   0   0   0   0   0   0   0   0   0   0  1.21 0.30
  353 G    -2  -4  -2  -3  -5  -4  -4   7  -4  -6  -6  -4  -5  -5  -2  -2  -4  -5  -5  -5    0   0   0   1   0   0   0  97   0   0   0   0   0   0   1   0   0   0   0   0  1.90 0.38
  354 Y    -3   3  -3  -4   2   0  -1  -4   5  -3  -3  -1  -3   0  -4  -3  -2   0   7  -2    0  20   0   0   6   4   2   0  14   0   0   2   0   2   0   0   2   0  46   2  0.91 0.27
  355 R    -3   7  -2  -3  -5  -1  -2  -4   0  -4  -3   0  -3  -5   1  -2  -1  -5  -4  -3    1  84   0   0   0   0   0   0   2   0   1   1   0   0   6   1   2   0   0   1  1.44 0.36
  356 I    -3  -4  -5  -5  -3  -4  -5  -5  -5   5   4  -4   0  -1  -4  -4  -2  -4  -3   1    0   0   0   0   0   0   0   0   0  49  49   0   0   0   0   0   0   0   0   2  0.97 0.27
  357 P     0  -3  -4  -4  -5  -2  -2  -4  -4  -5  -5  -2  -3  -6   8  -2  -3  -6  -5  -4    7   1   0   0   0   1   1   0   0   0   0   1   1   0  88   1   0   0   0   0  2.36 0.43
  358 A     4   2  -2  -3  -3   0  -1  -2  -2  -3  -3   0  -3  -4   3   0  -1  -4  -3  -2   55  16   0   0   0   3   3   0   0   0   1   5   0   0  13   1   1   0   0   0  0.61 0.23
  359 G    -1  -2  -1  -1  -5  -3  -4   7  -1  -6  -6  -3  -5  -5  -4  -2  -3  -5  -5  -5    1   2   2   4   0   0   0  91   1   0   0   0   0   0   0   0   0   0   0   0  1.68 0.35
  360 A     5  -3  -2  -2  -2  -2  -2  -2  -3  -3  -3  -2  -3  -4  -2   2   3  -4  -3  -2   65   0   0   1   0   0   0   0   0   0   0   0   0   0   0  11  23   0   0   0  0.82 0.28
  361 D    -1  -3   0   6  -4  -2  -1  -3  -3   0  -3  -2   1  -4  -3  -1   3  -5  -4  -2    3   0   2  54   0   0   0   0   0   6   0   0   6   0   0   2  27   0   0   1  0.84 0.27
  362 I    -2  -4  -5  -5  -3  -4  -4  -5  -5   5   1  -4   0  -2  -4  -4  -2  -4  -3   5    0   0   0   0   0   0   0   0   0  44   7   0   0   0   0   0   0   0   0  49  0.97 0.27
  363 I    -1  -4  -4  -5  -2  -3  -4  -5  -4   3   3  -4   3  -1  -4  -3  -2  -3  -2   4    3   0   0   0   0   0   0   0   0  13  41   0   8   0   0   0   0   0   0  35  0.65 0.20
  364 Y    -4  -4  -4  -5  -4  -4  -4  -5   0   1  -3  -4  -3   3  -5  -4  -4   0   9  -2    0   0   0   0   0   0   0   0   1   8   0   0   0  10   0   0   0   0  80   1  1.88 0.42
  365 S    -1  -3  -1  -2  -2  -2  -2  -2  -3  -5  -5  -2  -4  -5  -3   7  -1  -5  -4  -4    0   0   0   0   0   0   0   0   0   0   0   0   0   0   0 100   0   0   0   0  1.56 0.44
  366 P     0  -4  -4  -4  -5  -3  -3  -4  -2  -4  -4  -3  -4  -3   8  -3  -2  -6  -5  -1    8   0   0   0   0   0   0   0   1   0   1   0   0   1  83   0   1   0   0   4  2.15 0.40
  367 Y    -4  -4  -4  -5  -5  -3  -4  -5   1  -3  -2  -4  -1   1  -5  -4  -4   2   9  -3    0   0   0   0   0   1   0   0   1   0   3   0   1   1   0   0   0   2  91   0  2.20 0.47
  368 A     4  -3  -4  -4  -2  -3  -3  -2  -4  -1   2  -3   0  -2  -3  -1  -2  -4  -3   1   56   0   0   0   0   0   0   0   0   0  30   0   2   0   0   1   0   0   0  12  0.59 0.24
  369 I    -3  -4  -4  -5  -3  -3  -4  -5  -4   4   4  -4   4  -1  -4  -4  -2  -3  -2   2    0   0   0   0   0   1   0   0   0  31  46   0  13   0   0   0   0   0   0   9  0.75 0.22
  370 Q    -3  -2  -2  -3  -5   6  -1   0   8  -5  -5  -2  -3  -4  -4  -2  -3  -4  -2  -5    0   0   0   0   0  47   0   8  44   0   0   0   0   0   0   0   0   0   0   0  1.50 0.39
  371 R    -4   6  -2  -3  -5   0  -2  -4   8  -5  -4  -1  -3  -4  -4  -3  -3  -5  -2  -5    0  58   0   0   0   1   0   0  41   0   0   0   0   0   0   0   0   0   0   0  1.63 0.39
  372 D    -3  -1   2   7  -5  -1   0  -3  -1  -2  -5  -2  -3  -5  -3  -1  -2  -6  -4  -4    1   4  10  77   0   2   0   0   1   3   0   0   1   0   0   2   0   0   0   0  1.34 0.33
  373 P     0  -1  -4  -3  -5  -3  -3  -2  -2  -5  -5  -3  -4  -5   8  -2  -3  -6  -5  -4   10   4   0   1   0   0   0   3   1   0   0   0   0   0  81   1   0   0   0   0  2.06 0.39
  374 K     2   5  -1   0  -3   0   1   0  -1  -3  -3   1  -2  -4  -3   0  -1  -4  -3  -2   23  39   0   4   0   1   9   6   1   0   0   7   0   0   0   5   3   0   0   2  0.44 0.17
  375 S     0  -3  -2  -3  -2  -2  -2  -3  -1  -2   2  -2  -2  -2  -3   5  -1   1  -3  -1    2   0   0   0   0   0   0   0   1   0  25   0   0   1   0  65   1   2   0   2  0.68 0.28
  376 Y    -4  -5  -5  -6  -4  -5  -5  -5  -2  -2  -2  -5  -2   8  -6  -4  -4   0   6  -3    0   0   0   0   0   0   0   0   0   0   0   0   0  69   0   0   0   0  31   0  1.83 0.39
  377 D     1  -1  -2   1  -4  -1   3  -1  -2  -4  -4  -1  -3  -5   6  -1  -1  -5  -4  -3   13   2   0  10   0   1  20   3   1   0   0   1   0   0  44   0   3   0   0   1  0.94 0.23
  378 D    -3   4   0   5  -4   0   2  -2   1  -5  -4  -1  -4  -5  -3  -2  -2  -5  -4  -4    1  33   1  43   0   3  12   2   3   0   0   0   0   0   0   0   0   0   0   1  0.86 0.25
  379 N    -2  -3   2  -3  -5  -2  -3  -3   6  -5  -5  -3  -4  -5   7  -2  -3  -5  -3  -4    2   0  11   0   0   0   0   0  25   0   0   0   0   0  59   2   0   0   0   1  1.64 0.35
  380 L    -1  -2  -2   2  -4   0   4  -1   0  -2   2  -1  -1  -3  -3  -2  -1  -4  -3  -2    3   0   0  13   0   2  41   6   2   0  32   0   0   0   0   0   2   0   0   0  0.45 0.20
  381 E    -1   5  -1   2  -4   0   3  -3   0  -3  -3   0  -2  -4  -3   0   0  -4  -3  -1    4  38   0  10   0   1  28   0   2   0   1   1   1   0   0   4   4   0   0   5  0.55 0.20
  382 F    -5  -5  -5  -6  -5  -6  -6  -6  -4  -2  -2  -6  -2   9  -6  -5  -4  -1   1  -3    0   0   0   0   0   0   0   0   0   0   0   0   0 100   0   0   0   0   0   0  2.33 0.47
  383 D    -3  -1  -1   7  -5  -2   0  -3  -3  -3   1  -2  -3  -4  -4  -2  -3  -5  -4  -3    1   4   0  76   0   0   1   0   0   0  17   0   0   0   0   1   0   0   0   1  1.26 0.33
  384 P    -3  -5  -4  -4  -5  -4  -4  -5  -5  -5  -5  -3  -5  -6   9  -3  -3  -6  -5  -5    0   0   0   0   0   0   0   0   0   0   0   0   0   0 100   0   0   0   0   0  2.93 0.50
  385 D    -3  -3  -1   7  -5  -2   3  -1  -2  -5  -5  -2  -5  -5  -3  -2  -3  -6  -5  -5    0   0   0  78   0   0  17   4   0   0   1   0   0   0   0   0   0   0   0   0  1.53 0.35
  386 R    -4   8  -3  -4  -6  -1  -2  -5  -2  -5  -4   0  -4  -5  -4  -3  -3  -5  -4  -5    0 100   0   0   0   0   0   0   0   0   0   0   0   0   0   0   0   0   0   0  2.07 0.45
  387 W    -5  -5  -7  -7  -5  -5  -6  -5  -5  -6  -5  -6  -4  -2  -7  -6  -5  13   0  -6    0   0   0   0   0   0   0   0   0   0   0   0   0   0   0   0   0 100   0   0  4.30 0.65
  388 L    -2  -2  -1  -3  -2  -2  -3  -5  -2   0   5  -3   0  -1  -4  -2  -2  -3  -3  -1    2   2   3   2   1   1   1   0   1   2  81   0   0   1   0   2   2   0   0   0  0.76 0.25
  389 P    -2  -3  -4  -1  -5  -3  -1  -3  -4  -5  -5  -3  -5  -6   8  -2  -3  -6  -5  -4    2   1   0   3   0   0   3   1   0   0   0   0   0   0  88   2   0   0   0   0  2.32 0.41
  390 E    -2  -2  -2   1  -5   0   6   3  -2  -5  -5  -1  -4  -5  -2  -2  -3  -5  -4  -4    0   1   0   6   0   1  62  28   0   0   0   0   0   0   1   0   0   0   0   0  1.03 0.29
  391 R    -2   7  -2  -3  -5   2   0  -2  -1  -5  -4   0  -2  -5  -2  -2  -3  -5  -4  -4    1  80   0   0   0   7   5   2   1   0   0   1   0   0   1   1   0   0   0   0  1.36 0.34
  392 A     5  -2  -2  -2  -2  -1  -1  -1  -2  -2  -2  -2  -2  -3   0   2   0  -4  -3   1   60   1   0   2   0   1   1   2   1   0   1   0   0   0   3  13   4   0   0   9  0.53 0.21
  393 A     2   0  -1  -1  -3   0   0   1  -1  -3  -3   3  -2  -4   0   0   1  -4  -3  -1   26   2   0   2   0   2   5   9   1   0   0  32   0   0   3   3  11   0   0   4  0.30 0.14
  394 N     2  -1   0   4  -2   0   2   0  -1  -3  -4  -1  -3  -4  -1   1   0  -4  -3  -3   22   2   2  31   1   3  18   6   1   0   0   1   0   0   2   8   3   0   0   1  0.43 0.15
  395 V     0  -2  -4  -3  -2  -3  -2  -1  -4   2   0  -3   0  -2  -2  -3  -2  -4  -3   5    6   2   0   1   0   1   3   7   0   7   4   0   0   1   2   0   0   0   0  67  0.60 0.23
  396 P     0   0  -3  -3  -4   1  -1  -3  -2  -4  -4  -2  -4  -5   7  -2  -1  -5  -4  -4    7   7   0   0   0   6   2   0   1   0   0   0   0   0  72   1   4   0   0   0  1.70 0.33
  397 K    -2   5  -1  -2  -4   1   0  -2   2  -4  -4   4  -3  -4   1  -1  -2  -4  -1  -4    2  34   1   0   0   4   5   2   7   0   0  36   0   0   6   1   0   0   2   0  0.69 0.21
  398 Y    -1   0  -2  -3  -4  -3  -3   4   3  -4  -3  -2  -3   1  -4  -1  -3  -1   5  -4    2   5   0   1   0   0   0  44   9   0   1   1   0   6   0   3   0   0  28   0  0.79 0.23
  399 A     6  -3  -3  -4  -2  -3  -3  -2  -2  -3  -3  -3  -3  -4  -3   1  -2  -4  -3  -2   93   0   0   0   0   0   0   0   1   0   0   0   0   0   0   6   0   0   0   0  1.26 0.36
  400 M    -3  -3  -3  -5  -4  -2  -4  -5   1  -1   2  -3   9  -1  -5  -4  -2  -3   2  -1    0   0   1   0   0   1   0   0   4   0  14   0  70   1   0   0   1   0   8   0  1.39 0.38
  401 K    -1   0  -2  -3  -2  -1  -2  -3  -2   2   2  -1   3  -1  -3   1   0  -3  -2   2    3   5   0   0   0   2   0   0   0  14  27   2  13   0   0  18   3   0   0  13  0.23 0.12
  402 P    -3  -5  -4  -4  -5  -4  -3  -5  -5  -5  -5  -3  -5  -6   9  -2  -3  -6  -5  -5    0   0   0   0   0   0   0   0   0   0   0   0   0   0  99   1   0   0   0   0  2.86 0.48
  403 F    -5  -5  -5  -6  -5  -6  -6  -6  -4  -2  -2  -5  -2   9  -6  -5  -4  -1   1  -3    0   0   0   0   0   0   0   0   0   0   0   0   0 100   0   0   0   0   0   0  2.32 0.46
  404 S     2  -3  -1  -2  -3  -2  -2   4  -3  -4  -4  -2  -3  -4  -3   4  -1  -4  -4  -3   20   0   0   0   0   0   0  37   0   0   0   0   0   0   0  44   0   0   0   0  0.82 0.25
  405 A     4  -3  -3  -3  -2  -3  -3   0  -3   0  -1  -3  -1  -3  -3  -1   1  -4  -3   3   48   0   0   0   0   0   0   6   0   1   1   0   1   0   0   0   9   0   0  34  0.53 0.22
  406 G    -2  -4  -2  -3  -5  -4  -4   7  -4  -6  -6  -4  -5  -5  -4  -2  -4  -5  -5  -5    0   0   0   0   0   0   0 100   0   0   0   0   0   0   0   0   0   0   0   0  2.02 0.39
  407 K    -1  -1   6  -1  -4  -1  -2  -2  -2  -4  -5  -1  -4  -5  -3   3  -1  -5  -4  -4    3   2  59   0   0   1   0   0   0   1   0   1   0   0   0  32   1   0   0   0  1.08 0.31
  408 R    -4   8  -2  -4  -6  -1  -2  -5   2  -5  -4   0  -4  -5  -4  -3  -3  -5  -4  -5    0  94   0   0   0   0   0   0   6   0   0   0   0   0   0   0   0   0   0   0  1.89 0.42
  409 K    -3   1  -2  -3  -5   0  -1  -4  -3  -5  -5   7  -3  -5  -3  -2  -2  -5  -4  -4    0   1   0   0   0   1   0   0   0   0   0  97   0   0   0   0   1   0   0   0  1.66 0.41
  410 C    -3  -6  -5  -6  11  -6  -6  -5  -6  -4  -4  -6  -4  -5  -6  -3  -3  -5  -5  -3    0   0   0   0 100   0   0   0   0   0   0   0   0   0   0   0   0   0   0   0  3.34 0.56
  411 P    -3  -4  -4  -4  -3  -4  -4  -5  -4   5   0  -3  -1  -3   6  -3  -2  -5  -4   0    0   0   0   0   0   0   0   0   0  42   7   0   1   0  46   0   0   0   0   4  1.20 0.29
  412 S     0  -4  -2  -3  -4  -3  -3   6  -3  -5  -5  -3  -4  -5  -3   3  -2  -4  -4  -4    3   0   0   0   0   0   0  71   0   0   0   0   0   0   0  25   0   0   0   0  1.27 0.30
  413 D    -4  -4   0   8  -6  -2   2  -3  -3  -5  -6  -3  -5  -6  -4  -2  -3  -6  -5  -5    0   0   1  91   0   0   8   0   0   0   0   0   0   0   0   0   0   0   0   0  1.87 0.39
  414 H     0  -1  -1  -2  -3  -1   0  -2   7  -2  -2  -2  -2  -3  -3   0   2  -4  -1   1    6   3   0   0   0   2   4   2  45   1   3   0   0   0   0   5  17   0   0  13  0.69 0.24
  415 F    -4  -5  -5  -6  -4  -5  -5  -5  -3  -2   1  -5  -2   8  -6  -4  -4  -1   2  -3    0   0   0   0   0   0   0   0   0   0  11   0   0  86   0   0   0   0   3   0  1.82 0.39
  416 S     3  -3  -2  -2  -2  -2  -2   2  -3  -4  -4  -2  -3  -4  -2   4  -1  -4  -3  -3   35   0   0   0   0   0   0  17   0   0   0   0   0   0   0  48   0   0   0   0  0.76 0.26
  417 M    -3  -2  -4  -5  -3  -1  -4  -5  -4   0   3  -3   9  -2  -5  -4  -2  -4  -3   0    0   2   0   0   0   2   0   0   0   1  20   0  70   0   0   0   1   0   0   3  1.44 0.38
  418 A     5  -3  -3  -3  -2  -2  -3  -2  -3  -2  -3  -2  -2  -4  -3   0   3  -4  -3   1   63   0   0   0   0   0   0   0   0   1   0   0   0   0   0   1  27   0   0   9  0.77 0.27
  419 Q    -3  -2  -2  -1  -5   4   6  -4  -2  -4  -2  -1   0  -4  -3  -2  -3  -4  -4  -3    0   0   0   0   0  17  74   0   0   0   3   0   3   0   0   1   0   0   0   1  1.22 0.34
  420 L     3  -3  -3  -4  -2  -3  -3  -3  -3   0   3  -3   2  -1  -3  -1   1  -3  -3   0   37   0   0   0   0   0   0   0   0   1  42   0   7   1   0   2   9   0   0   1  0.47 0.20
  421 T     2  -3  -2  -3  -2  -2  -3  -2  -3  -2  -3  -2   1  -4  -3   1   6  -4  -3   0   17   0   0   0   0   0   0   1   0   0   0   0   4   0   0   7  67   0   0   4  0.89 0.29
  422 L    -2  -4  -5  -5  -3  -4  -4  -5  -4   2   5  -4   1  -1  -4  -4  -1  -3  -3   2    0   0   0   0   0   0   0   0   0   9  68   0   2   0   0   0   2   0   0  19  0.82 0.23
  423 I     3  -3  -3  -4  -2  -3  -3  -2  -4   4   0  -3   0  -2  -3  -1   0  -4  -3   2   40   0   0   0   0   0   0   1   0  32   6   0   1   1   0   0   5   0   0  13  0.45 0.19
  424 T    -1  -3  -3  -4  -2  -3  -3  -4  -4   1   4  -3   1  -2  -3  -2   3  -3  -3   2    3   0   0   0   0   0   0   0   0   2  51   0   1   0   0   0  27   0   0  16  0.58 0.21
  425 A     6  -3  -3  -4  -2  -3  -3   0  -4  -3  -3  -3  -3  -4  -3   0  -1  -5  -4  -2   93   0   0   0   0   0   0   4   0   0   0   0   0   0   0   2   1   0   0   0  1.25 0.35
  426 A     3  -2  -1  -3  -2  -2  -1  -2  -3  -2  -2  -2  -2   0  -3   0   5  -4  -2   0   36   1   2   0   0   0   2   0   0   0   0   0   0   5   0   2  44   0   1   7  0.57 0.23
  427 L    -2  -4  -4  -5  -2  -4  -4  -5  -4   4   2  -4   1  -2  -4  -3  -1  -4  -3   4    1   0   0   0   0   0   0   0   0  38  19   0   1   0   0   0   2   0   0  40  0.75 0.22
  428 A     5  -3  -3  -3   1  -2  -3  -1  -3  -1  -2  -2  -2  -4  -3   1   0  -4  -3   0   73   0   0   0   2   0   0   2   0   4   1   0   0   0   0   8   3   0   0   6  0.77 0.26
  429 T     2   2  -1  -2  -2  -1  -2   2  -2  -3  -3  -1  -2  -3   2   2   2  -4  -3  -2   22  15   1   0   0   1   0  15   0   0   0   0   0   0  10  21  13   0   0   0  0.37 0.15
  430 K     0   6  -1  -2  -4   0  -1  -2   3  -4  -4   3  -2  -4  -3  -1  -2  -4  -3  -4   10  57   2   1   0   1   1   1   9   0   0  18   0   0   0   1   0   0   0   0  0.91 0.26
  431 Y    -5  -2  -6  -6  -4  -4  -5  -5  -3  -4  -3  -5  -3   2  -6  -5  -4  11   5  -3    0   3   0   0   0   0   0   0   0   0   1   0   0   9   0   0   0  67  18   2  2.68 0.46
  432 R    -3   8  -2  -4  -5   0  -2  -4   1  -5  -4   0  -3  -5  -4  -2  -2  -5  -4  -5    0  91   0   0   0   3   0   0   3   0   0   0   0   0   0   2   1   0   0   0  1.73 0.40
  433 F    -3  -4  -5  -5  -3  -4  -5  -5  -4   0   5  -4   1   5  -5  -4  -3  -2  -1  -1    1   0   0   0   0   0   0   0   0   0  66   0   1  30   0   0   0   0   0   2  0.99 0.27
  434 E    -2   5  -2  -1  -2   0   4  -3   1  -4  -3   0  -3  -4  -3  -1  -1  -4  -3  -2    2  46   0   1   1   0  36   1   3   0   1   1   0   0   0   2   2   0   0   3  0.78 0.25
  435 Q    -2   1  -2  -3  -5   3  -1  -4   6  -5  -4  -1  -3  -3   6  -2  -2  -4  -2  -4    1   7   1   0   0  20   2   0  27   0   0   0   0   1  38   1   1   0   0   0  1.12 0.28
  436 V     1  -2  -3  -2  -2  -1  -3  -3  -4   1   2  -3   0  -2   2  -2   0  -4  -3   4   15   1   0   2   0   2   0   0   0   2  20   0   0   0   9   0   3   0   0  45  0.38 0.17
  437 A     1  -2  -3  -3  -4  -2  -1  -2  -2  -4  -4  -2  -4  -5   7   1  -2  -5  -4  -4   14   1   0   0   0   1   3   2   1   0   0   0   0   0  65  11   1   0   0   0  1.52 0.31
  438 G    -1  -2  -2  -1  -4  -2   1   6  -3  -5  -5  -3  -4  -5  -3  -2  -3  -3  -5  -5    1   2   1   3   0   1  10  81   0   0   0   0   0   0   1   0   0   0   0   0  1.36 0.31
  439 S     1   1  -1  -2  -2  -1  -2  -2   3  -3  -3  -1  -2  -3   2   3   3  -3   1  -2   11   7   0   0   0   2   0   0   8   0   1   0   0   0   8  35  22   0   5   0  0.42 0.19
  440 N    -1   1   1   4  -3   0   0  -2  -2  -1  -3   0  -2  -3  -2  -1   1  -4  -3   1    5   8   7  36   0   2   3   1   0   2   0   7   0   0   1   1  10   0   0  17  0.36 0.15
  441 D     1  -1  -1   3  -3  -1   1   0  -1   0  -1  -1  -1  -3   2   0   0  -4  -3   0   12   3   1  20   0   0  12   5   1   6   7   0   1   0  11   2   7   0   0  10  0.17 0.08
  442 A     0   5  -1  -1  -3   1  -1  -1   0  -3  -3   0  -2  -4   2   1   1  -4  -3  -3   10  39   2   3   0   6   2   3   1   0   0   2   0   0   9   9  12   0   0   0  0.45 0.17
  443 V    -1  -3  -3  -2  -3  -3  -3  -3  -2  -2   0  -3  -1  -4   6  -1   3  -5  -4   0    4   1   0   1   0   0   0   0   1   0   9   0   1   0  48   2  26   0   0   7  1.03 0.26
  444 R    -2   7  -2  -3  -5   2  -1  -4   1  -3  -3   2  -2  -4  -4  -2  -3  -4  -3  -1    2  70   0   0   0   7   2   0   3   0   1   7   0   0   0   0   0   0   0   6  1.09 0.30
  445 V    -1  -4  -4  -4  -3  -3  -3  -4  -4   3  -1  -3  -1  -3   6  -3  -2  -5  -3   3    4   0   0   0   0   0   0   0   0  20   3   0   0   1  48   0   0   0   0  25  1.10 0.26
  446 G     2   0  -2  -2  -3  -1  -1   5   0  -4  -4   1  -3  -4  -3  -1  -2  -4  -4  -3   21   4   0   0   0   2   3  56   3   0   0  12   0   0   0   0   0   0   0   0  0.79 0.22
  447 I     3  -4  -4  -4  -2  -3  -4  -2  -4   5   0  -3   3  -1  -3  -2  -2  -4  -3   2   28   0   0   0   0   0   0   2   0  47   3   0  11   1   0   0   0   0   0   9  0.59 0.22
  448 T    -1  -3  -2  -3  -3  -2  -3  -3  -3  -3  -3  -2  -3  -4  -3   3   6  -4  -4  -2    3   0   0   0   0   0   0   1   0   0   0   0   0   0   0  18  76   0   0   1  1.18 0.35
  449 L    -3  -4  -5  -6  -3  -4  -5  -6  -5   0   6  -4   1  -1  -5  -4  -3  -4  -3  -1    0   0   0   0   0   0   0   0   0   0  98   0   2   0   0   0   0   0   0   0  1.35 0.34
  450 R    -2   4  -1  -2  -4   1   0   4   3  -4  -4  -1  -3  -4  -3   0   0  -4  -3  -3    0  29   2   0   0   7   4  35   9   0   0   0   0   0   0   6   6   0   0   2  0.56 0.19
  451 P     0  -4  -4  -3  -4  -3  -3  -4  -3  -4  -4  -3  -4  -5   8  -2   1  -6  -5  -4    9   0   0   0   0   0   0   0   1   0   1   0   0   0  79   1   9   0   0   0  2.02 0.38
  452 H    -2   5   0  -2  -4   1  -1   3   4  -5  -4   2  -3  -4  -3  -1  -2  -4  -2  -4    0  41   3   1   0   4   0  25  12   0   0  11   0   0   0   1   1   0   1   0  0.69 0.21
  453 D     0   4   0   0  -3  -1  -1  -1  -1  -4  -3   1  -3  -4   4   2  -1  -4  -3  -3    6  28   3   6   0   1   1   5   1   0   0   7   0   0  22  19   2   0   0   0  0.52 0.17
  454 L    -2  -3  -5  -5  -3  -4  -4  -5  -4   0   6  -4   1  -1  -3  -4  -2  -3  -1  -1    2   1   0   0   0   0   0   0   0   0  92   0   1   0   1   0   1   0   1   0  1.12 0.31
  455 L    -1   1  -3  -3  -3  -2  -2  -4  -1   0   3  -2   1  -1   3  -2   0  -2  -2   2    1   9   0   1   0   0   1   0   2   1  33   1   4   1  17   0   4   0   0  24  0.36 0.15
  456 V    -3  -4  -5  -5  -3  -3  -4  -5  -4   0   4  -4   8  -1  -5  -4  -3  -3  -3   1    0   0   0   0   0   0   0   0   0   0  38   0  55   1   0   0   0   0   0   6  1.27 0.34
  457 R    -1   5  -2  -3  -3  -1  -2  -4  -2   2   0   1  -1  -2  -3  -2   1  -4  -3   1    2  40   0   0   0   1   1   0   0  19   5   7   1   1   0   0  10   0   0  13  0.43 0.18
  458 P     2  -3  -4  -4   7  -3  -3  -3  -4  -2  -2  -3  -3  -4   5  -1  -2  -4  -4   0   22   1   0   0  30   0   0   0   0   0   3   0   0   0  33   2   1   0   0   9  1.04 0.26
  459 V    -1   1  -2  -1  -3   1   4  -3  -1   0  -1  -1   0  -3  -3  -1   1  -4  -3   2    3   7   0   1   0   3  42   0   1   3   5   1   2   0   0   0   8   0   0  22  0.38 0.18
  460 A     1   2  -3  -3  -4  -1  -2  -3  -3  -4  -3  -2  -4  -5   7   0  -1  -5  -4  -4   11  12   0   0   0   1   0   0   0   0   1   0   0   0  65   6   3   0   0   0  1.49 0.31
  461 R    -4   8  -3  -4  -6  -1  -2  -5  -2  -5  -4   0  -4  -5  -4  -3  -3  -5  -4  -5    0 100   0   0   0   0   0   0   0   0   0   0   0   0   0   0   0   0   0   0  2.01 0.42

                      K         Lambda
Standard Ungapped    0.1369     0.3199
Standard Gapped      0.0573     0.2670
PSI Ungapped         0.1871     0.3175
PSI Gapped           0.0573     0.2670
