
Last position-specific scoring matrix computed, weighted observed percentages rounded down, information per position, and relative weight of gapless real matches to pseudocounts
            A   R   N   D   C   Q   E   G   H   I   L   K   M   F   P   S   T   W   Y   V   A   R   N   D   C   Q   E   G   H   I   L   K   M   F   P   S   T   W   Y   V
    1 M    -2  -2  -3  -4  -2  -1  -3  -4  -2   2   1  -2   8  -1  -3  -2  -1  -2  -2   1    0   0   0   0   0   0   0   0   0   8   0   0  88   0   0   0   0   0   0   4  0.77 0.11
    2 A     2  -3  -1  -2  -1  -2  -2   5  -3  -2  -3  -2  -2  -3  -2   0   1  -3  -3   0   19   0   1   0   1   0   0  50   0   0   0   0   0   0   1   5  12   0   0  10  0.54 0.11
    3 P     3  -3  -2  -3  -3  -1  -2  -3  -3  -4  -4  -2  -3  -5   7  -1  -2  -5  -4  -3   33   0   1   0   0   2   0   0   0   0   0   0   0   0  64   1   0   0   0   0  1.53 0.25
    4 T    -1  -3  -4  -4  -2  -3  -3  -4  -4   2   1  -3   0  -1  -3  -2   2  -4  -2   5    1   0   0   0   0   0   0   0   0   7   7   0   1   1   0   0  16   0   1  66  0.66 0.21
    5 F    -4  -4  -4  -5  -4  -3  -4  -5   0  -3  -2  -4  -2   2  -5  -4  -3   1   9   0    0   0   0   0   0   0   0   0   0   0   2   0   0   5   0   0   0   0  86   6  1.85 0.36
    6 T    -2  -3  -2  -3  -3  -2  -3  -4  -4  -3  -3  -3  -3  -4  -3   0   7  -4  -4  -2    0   1   0   0   0   0   0   0   0   0   0   0   0   0   0   1  99   0   0   0  1.55 0.37
    7 N     0  -3   2  -2  -3  -2  -2  -3  -3  -3  -3  -2  -2  -4  -3   0   6  -4  -3  -2    6   0  10   1   0   0   0   0   0   0   1   0   0   0   0   1  82   0   0   0  1.10 0.30
    8 S     0  -3  -1  -2  -3  -2  -2  -2  -3  -4  -4  -2  -3  -4  -3   6   0  -5  -4  -3    1   0   1   0   0   0   0   1   0   0   0   0   0   0   0  94   2   0   0   1  1.24 0.34
    9 N    -3  -2   7  -1  -4   2  -1  -2  -1  -3  -4  -2  -3  -4  -3   1   1  -5  -3  -4    0   0  72   0   0   9   1   1   1   1   1   0   0   1   0   6   7   0   0   0  1.10 0.28
   10 G    -2  -4  -2  -3  -4  -4  -4   7  -4  -6  -5  -3  -5  -5  -4  -2  -3  -1  -5  -5    0   0   0   0   0   0   0  99   0   0   0   0   0   0   0   0   0   1   0   0  1.84 0.32
   11 Q     4   0   1  -3   7  -2  -3  -2  -1  -3  -3  -2  -2  -3  -3  -1  -2  -4  -1  -2   48   6   8   0  29   1   0   0   1   0   1   1   0   1   0   0   0   0   2   1  0.71 0.21
   12 P    -2  -4  -4  -3  -5  -3  -3  -4  -4  -5  -5  -3  -4  -6   8  -3  -3  -6  -5  -4    2   0   0   0   0   0   0   0   0   0   0   0   0   0  95   0   0   0   0   0  2.60 0.39
   13 I    -2  -4  -4  -4  -2  -4  -4  -5  -2   4   0  -4   0  -1  -4  -3  -2  -4   1   5    1   0   0   0   0   0   0   0   1  21   2   0   1   1   0   0   0   0   4  68  0.80 0.22
   14 P     1   0   2   0  -2   0   0   0  -1  -2  -2   0   1  -1   2   1   0  -3  -2  -1   20   3  13   5   0   3   7   5   1   1   1   3   8   4   9  12   5   0   0   1  0.15 0.06
   15 E    -2   0   3   3  -4   0   4  -2   2  -4  -4  -1  -3  -2  -2   0  -1  -4  -1  -3    0   3  22  22   0   1  36   0   5   0   0   0   0   1   0   3   1   0   3   1  0.61 0.16
   16 P     0  -4  -2  -3  -4  -3  -3  -4  -3  -4  -4  -3  -4  -5   8  -2  -3  -5  -4  -4    8   0   2   0   0   0   0   0   1   0   0   0   0   0  88   0   0   0   0   0  2.25 0.33
   17 F    -2  -2   0  -2  -3   1   1  -3   0  -2  -1  -1  -1   3  -3  -1   0   0   6  -2    0   1   4   0   0  10  13   0   1   0   4   1   1  14   0   5   8   0  36   1  0.46 0.15
   18 A     5  -2  -2  -2  -1  -1   0   0  -2  -3  -3   0  -2  -3  -2   1   0  -4  -3  -1   69   0   0   1   0   1   6   5   1   0   0   4   0   0   0  10   3   0   0   1  0.58 0.19
   19 T     3  -2  -2  -2  -2  -2  -2  -2  -1  -2  -2  -2   0   0  -2   2   2   5   1  -1   39   0   0   0   0   0   0   0   1   0   0   0   3   5   0  21  15  10   4   1  0.42 0.15
   20 Q    -2  -1  -2  -1  -4   7   2  -2  -1  -2  -3   0  -2  -5  -3  -1  -2  -4  -3  -3    1   0   0   1   0  80   9   1   0   3   2   1   0   0   0   1   0   0   0   1  1.23 0.30
   21 R    -3   7  -2  -3  -5   0  -1  -4  -1  -4  -4   2  -2  -4  -3  -2   0  -4  -3  -3    0  82   0   0   0   1   0   0   0   0   0  10   0   0   0   0   5   0   0   1  1.30 0.27
   22 V     1  -3  -4  -4  -2  -3  -3  -3  -4   4   1  -3   1  -1  -1  -2  -1  -3  -2   4   13   0   0   0   0   0   0   0   0  29   7   0   3   0   2   0   2   0   0  42  0.45 0.14
   23 G    -1  -4  -2  -3  -4  -3  -3   7  -3  -5  -5  -3  -4  -4  -3  -1  -3  -4  -4  -4    2   0   0   0   0   0   0  91   0   0   0   1   0   0   1   3   0   0   0   0  1.51 0.26
   24 Q    -1   1   0  -1  -3   2   0  -2   0  -1  -1   1  -1  -2   3   1   1  -3  -2  -1    2   7   4   1   0  16   5   1   3   3   5  12   0   2  18   9   9   0   0   3  0.26 0.07
   25 H    -2  -1   4  -1  -3   0  -1  -1   5  -1  -1  -1   1   0  -3  -1  -1  -1   0  -1    1   2  33   1   0   3   0   3  24   3   4   1   6   4   1   2   3   1   2   7  0.38 0.14
   26 G    -1  -4  -2  -3  -4  -3  -4   7  -4  -5  -5  -3  -4  -5  -4  -2  -3  -4  -5  -5    0   0   0   0   0   0   0  98   0   0   0   0   0   0   0   0   0   0   0   0  1.75 0.29
   27 P    -2  -4  -4  -3  -5  -3  -3  -4  -4  -5  -5  -3  -4  -5   8  -2  -3  -5  -5  -4    0   0   0   0   0   0   0   0   0   0   0   0   0   0  97   1   0   0   0   0  2.62 0.36
   28 L    -2  -3  -4  -5  -2  -3  -4  -5  -4   1   5  -4   1  -1  -4  -3  -1  -3  -2   1    2   0   0   0   0   0   0   0   0   5  85   0   0   0   0   0   2   0   0   5  0.85 0.21
   29 L    -3  -4  -5  -5  -3  -3  -4  -5  -4   0   6  -4   1  -1  -3  -4  -3  -3  -2   0    1   0   0   0   0   0   0   0   0   0  96   0   0   1   1   0   0   0   0   1  1.06 0.25
   30 L    -3  -3  -5  -5  -3  -3  -4  -5  -4   1   5  -4   2  -1  -4  -3  -2  -3  -2   0    0   0   0   0   0   0   0   0   0   5  87   0   5   0   0   1   0   0   0   1  0.93 0.22
   31 Q    -3  -1  -2  -2  -5   8   0  -4  -1  -5  -4   0  -2  -5  -3  -2  -2  -4  -3  -4    0   0   0   0   0  96   1   0   0   0   0   0   0   0   0   1   0   0   0   0  1.73 0.37
   32 D    -3  -3   0   8  -5  -2   0  -3  -2  -5  -5  -2  -5  -5  -3  -2  -3  -6  -5  -5    0   0   0  98   0   0   0   0   0   0   0   0   0   0   0   0   0   0   0   0  1.80 0.31
   33 F    -2  -4  -4  -5  -4  -4  -4  -4   1  -2  -1  -4  -2   8  -5  -2  -3  -1   2  -1    2   0   0   0   0   0   0   0   4   0   0   0   0  85   0   2   1   0   2   2  1.43 0.27
   34 N    -3  -2   3  -2  -4  -1  -2  -3   9  -5  -4  -1  -3  -3  -4  -2  -2  -4   0  -5    1   0  14   0   0   1   0   0  77   0   0   2   0   0   0   1   1   0   0   0  1.66 0.31
   35 L    -3  -3  -3  -4  -3  -2  -3  -4   6  -1   4  -3   0  -1  -4  -3  -3  -3  -1  -1    0   0   0   0   0   0   0   0  33   0  64   0   0   1   0   0   0   0   0   0  0.86 0.22
   36 I    -3  -4  -5  -5  -3  -4  -5  -5  -5   7   1  -4   0  -2  -4  -4  -2  -4  -3   1    0   0   0   0   0   0   0   0   0  92   6   0   0   0   0   0   0   0   0   1  1.18 0.26
   37 D    -3  -3   0   8  -5  -2   1  -3  -3  -5  -5  -2  -5  -5  -3  -2  -3  -6  -5  -5    0   0   0  95   0   0   4   0   0   0   0   0   0   0   0   0   0   0   0   0  1.73 0.30
   38 S    -1  -2  -2  -3  -2  -1  -3  -4  -3   0   4  -2   2  -1  -3   0  -1  -3  -2   0    2   0   2   0   0   4   0   0   0   2  69   2   3   0   0  13   1   0   0   2  0.47 0.15
   39 L    -3  -3  -5  -5  -3  -3  -4  -5  -4   1   5  -4   1   0  -4  -4  -2  -3  -2   0    0   0   0   0   0   0   0   0   0   4  93   0   0   2   0   0   0   0   0   0  1.00 0.23
   40 A     6  -3  -3  -3  -2  -1  -2  -1  -3  -3  -3  -2  -2  -4  -2   1  -1  -4  -3  -2   90   0   0   0   0   2   0   1   0   0   0   0   0   0   0   6   0   0   0   0  0.96 0.25
   41 H    -3  -2  -1  -3  -5  -1  -2  -4  10  -5  -5  -2  -3  -3  -4  -3  -4  -4   0  -5    0   0   1   0   0   0   0   0  97   0   0   1   0   0   0   0   0   0   0   0  2.37 0.39
   42 F    -4  -4  -5  -5  -4  -5  -5  -5  -3  -2  -1  -5  -2   8  -5  -4  -4  -1   2  -3    0   0   0   0   0   0   0   0   0   0   0   0   0  99   0   0   0   0   0   0  1.91 0.33
   43 D    -2  -3   2   7  -5  -2   0  -3  -1  -5  -5  -2  -4  -5  -3  -1  -2  -6  -4  -4    2   0   7  88   0   0   0   0   1   0   0   0   0   0   0   0   1   0   0   0  1.49 0.27
   44 R    -3   8  -2  -3  -5  -1  -2  -4  -1  -5  -4   1  -3  -4  -4  -2  -3  -4  -3  -4    0  98   0   0   0   0   0   0   1   0   0   0   0   0   0   0   0   0   0   0  1.68 0.32
   45 E    -3  -2  -2   0  -6   0   7  -4  -2  -5  -5  -1  -4  -5  -3  -2  -3  -5  -4  -4    0   0   0   0   0   0 100   0   0   0   0   0   0   0   0   0   0   0   0   0  1.61 0.33
   46 R    -3   8  -1  -3  -5  -1  -2  -4  -2  -5  -4   1  -3  -5  -4  -2  -3  -5  -3  -4    0  99   1   0   0   0   0   0   0   0   0   0   0   0   0   0   0   0   0   0  1.72 0.33
   47 I    -3  -5  -5  -5  -3  -4  -5  -5  -5   7   0  -4   0  -2  -4  -4  -2  -4  -3   2    0   0   0   0   0   0   0   0   0  97   0   0   0   0   0   0   0   0   0   3  1.31 0.29
   48 P    -3  -4  -4  -3  -5  -3  -3  -4  -4  -5  -5  -3  -4  -6   9  -3  -3  -6  -5  -4    0   0   0   0   0   0   0   0   0   0   0   0   0   0 100   0   0   0   0   0  2.71 0.36
   49 E    -2  -2  -2   0  -5   1   7  -4  -2  -5  -5  -1  -4  -5  -3  -1  -2  -5  -4  -4    0   0   0   0   0   1  98   0   0   0   0   0   0   0   0   1   0   0   0   0  1.56 0.32
   50 R    -3   8  -2  -3  -5  -1  -2  -4  -2  -5  -4   1  -3  -5  -4  -2  -3  -5  -3  -4    0 100   0   0   0   0   0   0   0   0   0   0   0   0   0   0   0   0   0   0  1.77 0.33
   51 V    -2  -4   0  -4  -2  -4  -4  -5  -4   1   0  -4  -1  -2  -4  -3  -1  -4  -3   6    0   0   5   0   0   0   0   0   0   0   1   0   0   1   0   0   0   0   0  93  1.02 0.27
   52 V    -1  -4  -4  -5  -2  -4  -4  -4  -5   1  -1  -4  -1  -2   1  -3  -1  -4  -3   6    3   0   0   0   0   0   0   0   0   0   0   0   0   0   6   0   0   0   0  91  0.99 0.26
   53 H    -4  -2  -1  -3  -5  -1  -2  -4  10  -5  -5  -3  -4  -3  -4  -3  -4  -4   0  -5    0   0   0   0   0   0   1   0  99   0   0   0   0   0   0   0   0   0   0   0  2.48 0.40
   54 A     6  -3  -3  -3  -2  -2  -2  -1  -3  -3  -3  -2  -2  -4  -2   0  -1  -4  -3  -2   99   0   0   0   0   0   0   0   0   0   0   0   0   0   0   0   0   0   0   0  1.16 0.28
   55 K    -2   1  -1  -2  -5   0  -1  -3   2  -4  -4   7  -3  -5  -3  -2  -2  -5  -3  -4    0   1   1   0   0   0   0   0   6   0   0  91   0   0   0   0   0   0   0   0  1.24 0.28
   56 G    -1  -4  -2  -3  -4  -3  -4   7  -4  -5  -5  -3  -4  -5  -4  -2  -3  -4  -5  -5    2   0   0   0   0   0   0  97   0   0   0   0   0   0   0   0   0   0   0   0  1.69 0.27
   57 S     5  -3  -2  -3  -2  -2  -2   0  -2  -3  -3  -2  -2  -3  -2   2  -1  -4  -3  -1   75   0   0   0   0   0   1   3   0   0   0   0   0   0   0  20   1   0   0   1  0.77 0.22
   58 G    -1  -4  -2  -3  -4  -3  -4   7  -4  -5  -5  -3  -4  -5  -4  -1  -3  -4  -5  -5    0   0   0   0   0   0   0  99   0   0   0   0   0   0   0   1   0   0   0   0  1.76 0.29
   59 A     6  -3  -3  -3  -1  -2  -2  -1  -3  -3  -3  -2  -2  -4  -2   0  -2  -4  -3  -2   98   0   0   0   0   0   0   0   0   0   1   0   0   0   0   0   0   0   0   0  1.14 0.28
   60 Y    -3  -2  -2  -4  -4  -2  -3  -4   8  -3  -2  -3  -2   4  -4  -3  -3  -1   6  -3    0   0   0   0   0   0   0   0  45   0   1   0   0  18   0   0   0   0  36   0  1.32 0.26
   61 G    -1  -4  -2  -3  -4  -3  -4   7  -4  -5  -5  -3  -4  -5  -4  -1  -3  -4  -5  -5    0   0   0   0   0   0   0  99   0   0   0   0   0   0   0   1   0   0   0   0  1.75 0.28
   62 V    -2  -2  -2  -1  -4  -1   4  -4   0  -2  -2  -2  -2   1  -3  -2  -1  -1   6   1    0   0   0   1   0   0  33   0   0   0   0   0   0   2   0   0   2   0  46  13  0.77 0.22
   63 F    -4  -5  -5  -5  -4  -5  -5  -5  -3  -2   0  -5  -1   8  -5  -4  -4  -1   1  -2    0   0   0   0   0   0   0   0   0   0   4   0   0  96   0   0   0   0   0   0  1.81 0.32
   64 E    -2  -1  -2   0  -5   1   7  -4  -2  -3  -4   0  -3  -5  -3  -2  -2  -4  -4  -2    0   0   0   0   0   2  90   0   0   1   0   1   0   0   0   0   1   0   0   4  1.28 0.28
   65 V    -1  -4  -4  -4   0  -3  -4  -4  -4   2   1  -3   0  -2  -3  -2   0  -4  -3   6    4   0   0   0   1   0   0   0   0   2   8   0   0   0   1   1   4   0   0  81  0.78 0.22
   66 T    -2  -3  -2  -3  -3  -2  -3  -3  -3  -2  -2  -2  -2  -4  -3   0   7  -4  -3  -2    0   0   0   0   0   0   0   0   0   0   1   0   0   0   0   0  99   0   0   0  1.42 0.33
   67 D    -3  -2   0   5  -5  -1   0  -3   8  -5  -5  -1  -4  -4  -3  -2  -3  -5  -1  -5    0   0   1  39   0   0   3   0  55   0   0   1   0   0   0   0   0   0   0   0  1.38 0.28
   68 D    -3  -3   0   8  -5  -2   0  -3  -3  -5  -5  -2  -5  -5  -2  -1  -3  -6  -5  -5    0   0   1  96   0   0   0   0   0   0   0   0   0   0   2   1   0   0   0   0  1.74 0.31
   69 I    -2  -4  -4  -5  -2  -4  -4  -5  -4   6   2  -4   1  -1  -4  -3  -2  -4  -2   3    0   0   0   0   0   0   0   0   0  67  18   0   1   0   0   0   0   0   0  13  0.81 0.19
   70 T     0  -2   0  -2  -2  -2  -2  -2  -2  -3  -3  -2  -3  -4  -2   5   4  -4  -3  -2    1   0   1   0   0   0   0   0   0   0   0   0   0   0   1  65  32   0   0   0  0.84 0.24
   71 D    -3  -3   0   7  -5  -1   0  -3   0  -5  -5  -1  -5  -5  -3  -2  -3  -6  -5  -5    0   0   1  94   0   1   0   0   2   0   0   2   0   0   0   0   0   0   0   0  1.67 0.30
   72 I    -2  -4  -4  -5  -2  -4  -4  -5  -4   5   3  -4   0  -1  -4  -3  -2  -3  -1   2    0   0   0   0   0   0   0   0   0  58  32   0   0   0   0   0   0   0   2   8  0.74 0.18
   73 C    -1  -3  -2  -3   7  -3  -3  -3  -3  -2  -3  -3  -2  -4  -3   1   5  -4  -3  -1    2   0   0   0  28   0   0   0   0   0   0   0   0   0   0   7  59   0   0   3  0.98 0.24
   74 A     0  -2  -1   0   5  -1  -2   1  -2  -1  -3   0  -2  -3  -2   4   1  -4  -3  -1    2   0   0   5  17   0   0   8   0   3   0   5   1   0   0  49   6   0   0   3  0.44 0.15
   75 A     3  -2  -1  -2   2   0  -2  -2  -1   2  -1  -2  -1  -3  -2   1  -1  -3  -2   1   46   0   3   0   4   7   0   0   1  19   0   0   1   0   0  13   1   0   0   6  0.30 0.13
   76 K     1  -1   0   4  -3   0   0  -1  -1  -3  -4   2  -3  -4   0   1  -1  -4  -3  -3   19   0   2  36   0   1   3   3   1   0   0  19   0   0   3  11   2   0   0   0  0.42 0.12
   77 F    -2  -3  -4  -5  -3  -3  -4  -4  -3   1   3  -3   6   4  -3  -3  -2  -2  -1   0    3   0   0   0   0   0   0   0   0   6  33   0  33  24   0   0   0   0   0   1  0.67 0.19
   78 L    -3  -4  -5  -5  -3  -4  -4  -5  -3   0   4  -4   0   6  -5  -4  -3  -1   0  -1    0   0   0   0   0   0   0   0   0   0  51   0   0  49   0   0   0   0   0   0  1.00 0.23
   79 D    -1   0   3   2  -2   0   0  -1   0  -3  -3   2  -2  -3  -2   2   2  -4  -3  -3    1   2  20  10   0   3   2   3   1   0   2  21   0   0   0  20  13   0   0   0  0.32 0.11
   80 T    -1   0   0  -1  -3   1   1   3   1  -3  -3   3  -2  -4  -2   1   1  -3  -3  -3    2   2   1   1   0   7  10  27   3   0   0  24   0   0   0   9  14   0   0   0  0.36 0.11
   81 V    -2  -4  -4  -4  -2  -3  -4  -4  -4   4   0  -2   0  -2  -2  -3  -1  -4  -2   5    0   0   0   0   0   0   0   0   0  23   1   2   0   0   2   0   1   0   0  70  0.77 0.21
   82 G    -1  -4  -2  -3  -4  -3  -4   7  -4  -5  -5  -3  -4  -5  -4  -2  -3  -4  -5  -5    0   0   0   0   0   0   0  99   0   0   0   0   0   0   0   0   0   0   0   0  1.77 0.29
   83 K    -2   1   2  -2  -4   0  -1  -3  -2  -4  -4   6  -3  -4  -3  -1   0  -4  -3  -3    1   1  11   0   0   1   0   0   0   0   0  80   0   0   0   0   5   0   0   0  1.00 0.26
   84 K    -2   3  -2  -2  -5   1   0  -3  -2  -4  -4   6  -3  -5  -2  -2  -1  -4  -3  -4    0  13   0   0   0   2   1   0   0   0   0  81   0   0   0   0   2   0   0   0  1.11 0.26
   85 T     2  -3  -2  -3  -1  -2  -2  -3  -2  -1  -2  -2  -2  -3  -2   0   6  -4  -2   2   18   0   0   0   0   0   0   0   1   0   0   0   0   0   0   1  65   0   1  15  0.71 0.22
   86 R    -2   4  -1  -1  -4   0  -1  -3  -2  -4  -4   4  -3  -4   5  -1  -2  -4  -3  -4    1  34   2   2   0   1   1   0   0   0   0  30   0   0  27   2   0   0   0   0  0.84 0.19
   87 I     2  -3  -3  -3   4  -2  -3  -3  -3   1   2  -2   2  -1  -3  -1   1  -3  -2   2   23   0   0   0  12   0   0   0   0   8  19   0   7   0   0   1  13   0   0  16  0.27 0.10
   88 F     0  -3  -2  -3  -2  -2  -3  -3  -3   1   1  -2   0   3  -3  -1   3  -2  -1   2    7   0   0   0   0   0   0   0   0   6  16   0   2  17   0   0  36   0   0  16  0.33 0.13
   89 T     2  -3  -2  -3  -1  -2  -2  -2  -3   1   0  -2   1  -2  -2   0   3  -3  -2   3   22   0   0   0   0   0   0   0   0   9   4   0   4   0   0   1  30   0   0  30  0.34 0.14
   90 R    -3   8  -2  -3  -5  -1  -2  -4  -2  -5  -4   1  -3  -5  -4  -3  -3  -5  -4  -4    0 100   0   0   0   0   0   0   0   0   0   0   0   0   0   0   0   0   0   0  1.80 0.34
   91 F    -4  -5  -5  -5  -4  -5  -5  -5  -3  -2  -1  -5  -2   8  -6  -4  -4   1   1  -3    0   0   0   0   0   0   0   0   0   1   0   0   0  98   0   0   0   1   0   0  1.93 0.34
   92 S     0  -2  -1  -2  -3  -2  -2  -2  -3  -4  -4  -2  -3  -4  -3   6   0  -5  -3  -3    0   0   0   0   0   0   0   0   0   0   0   0   0   0   0 100   0   0   0   0  1.31 0.33
   93 T    -2  -3  -2  -3  -3  -2  -3  -3  -3  -2  -3  -2  -2  -4  -3   0   7  -4  -3  -2    0   0   0   0   0   1   0   0   0   0   0   0   0   0   0   0  99   0   0   1  1.44 0.34
   94 V    -2  -4  -5  -5  -2  -4  -4  -5  -5   1  -1  -4  -1  -2  -4  -3  -2  -5  -3   7    0   0   0   0   0   0   0   0   0   1   0   0   0   0   0   0   0   0   0  99  1.24 0.30
   95 G    -1  -4  -2  -3  -4  -3  -4   7  -4  -5  -5  -3  -4  -5  -4  -2  -3  -4  -5  -5    2   0   0   0   0   0   0  98   0   0   0   0   0   0   0   0   0   0   0   0  1.74 0.29
   96 G    -1  -4  -2  -3  -4  -3  -4   7  -4  -6  -5  -3  -4  -5  -4  -2  -3  -4  -5  -5    0   0   0   0   0   0   0 100   0   0   0   0   0   0   0   0   0   0   0   0  1.81 0.30
   97 E    -3  -2  -2   0  -6   0   7  -4  -2  -5  -5  -1  -4  -5  -3  -2  -3  -5  -4  -4    0   0   0   1   0   0  99   0   0   0   0   0   0   0   0   0   0   0   0   0  1.61 0.33
   98 L    -1   1  -1  -2  -3   0  -1  -2  -2  -3  -2   5  -2  -4  -2   3  -1  -4  -3  -3    2   5   0   0   0   1   0   0   0   0   3  49   1   0   0  38   0   0   0   0  0.63 0.20
   99 G    -1  -4  -2  -3  -4  -3  -4   7  -4  -5  -5  -3  -4  -5  -4  -2  -3  -4  -5  -5    1   0   0   0   0   0   0  99   0   0   0   0   0   0   0   0   0   0   0   0  1.79 0.30
  100 S     0  -2  -1  -2  -3  -2  -2  -2  -3  -4  -4  -2  -3  -3  -2   6   1  -4  -3  -3    0   0   0   0   0   0   0   0   0   0   0   0   0   0   0  95   5   0   0   0  1.18 0.31
  101 A     5  -3  -3  -3  -2  -2  -2  -1  -3  -3  -3  -2  -3  -4   4   0  -1  -4  -3  -2   75   0   0   0   0   0   0   1   0   0   0   0   0   0  21   3   0   0   0   0  0.96 0.24
  102 D    -4  -3   0   8  -5  -2   0  -3  -3  -5  -6  -2  -5  -5  -3  -2  -3  -6  -5  -5    0   0   0 100   0   0   0   0   0   0   0   0   0   0   0   0   0   0   0   0  1.91 0.34
  103 T     0  -2  -1  -2  -2  -2  -2  -2  -3  -3  -3  -2  -2  -4  -2   4   5  -4  -3  -2    6   0   0   0   0   0   0   0   0   0   0   0   0   0   0  34  60   0   0   0  0.84 0.24
  104 A     6  -3  -3  -3  -2  -2  -2  -1  -3  -2  -3  -2  -2  -4  -2   0  -1  -4  -3   0   95   0   0   0   0   0   0   0   0   0   0   0   0   0   0   0   0   0   0   5  1.08 0.28
  105 R    -3   8  -2  -3  -5  -1  -2  -4  -2  -5  -4   1  -3  -5  -4  -3  -3  -5  -4  -4    0 100   0   0   0   0   0   0   0   0   0   0   0   0   0   0   0   0   0   0  1.80 0.34
  106 D    -4  -3   0   8  -5  -2   0  -3  -3  -5  -6  -2  -5  -5  -3  -2  -3  -6  -5  -5    0   0   0 100   0   0   0   0   0   0   0   0   0   0   0   0   0   0   0   0  1.91 0.34
  107 P    -2  -4  -3  -3  -5  -3  -3  -4  -4  -5  -5  -3  -4  -6   9  -3  -3  -6  -5  -4    1   0   1   0   0   0   0   0   0   0   0   0   0   0  99   0   0   0   0   0  2.69 0.37
  108 R    -3   8  -2  -3  -5  -1  -1  -4  -1  -5  -4   1  -3  -5  -4  -2  -3  -5  -3  -4    0  98   0   0   0   0   1   0   1   0   0   0   0   0   0   0   0   0   0   0  1.72 0.33
  109 G    -1  -4  -2  -3  -4  -3  -4   7  -4  -5  -5  -3  -4  -5  -4  -2  -3  -4  -5  -5    1   0   0   0   0   0   0  99   0   0   0   0   0   0   0   0   0   0   0   0  1.77 0.29
  110 F    -4  -5  -5  -5  -4  -5  -5  -5  -3  -2  -1  -5  -2   8  -5  -3  -4   1   1  -3    0   0   0   0   0   0   0   0   0   0   0   0   0  98   0   1   0   1   0   0  1.92 0.34
  111 A     5  -3  -2  -3  -2  -2  -2  -1  -3  -3  -3  -2  -2  -4  -1   3  -1  -4  -3  -2   71   0   0   0   0   0   0   0   0   0   0   0   0   0   1  28   0   0   0   0  0.82 0.23
  112 T    -2  -3  -3  -4  -2  -3  -3  -4  -4   4   1  -3   2  -1  -3  -2   2  -3  -2   3    0   0   0   0   0   0   0   0   0  43  11   0   7   0   0   1  17   0   0  21  0.49 0.15
  113 K    -2   1  -2  -2  -5   0  -1  -3  -2  -5  -4   7  -3  -5  -3  -2  -2  -5  -4  -4    0   0   0   0   0   0   0   0   0   0   0 100   0   0   0   0   0   0   0   0  1.49 0.33
  114 F    -3  -4  -4  -5  -3  -4  -4  -5  -3   2   3  -4   0   6  -5  -3  -3  -1   1   0    0   0   0   0   0   0   0   0   0  13  29   0   0  55   0   1   0   0   0   1  0.88 0.20
  115 Y    -2   4  -3  -4  -4  -2  -2  -4   0  -3  -3   1  -3   1  -4  -3  -3   0   7  -3    1  25   0   0   0   0   0   0   0   0   0  11   0   1   0   0   0   0  62   0  1.16 0.27
  116 T    -2  -3  -2  -3  -3  -2  -3  -3  -3  -2  -3  -2  -2  -4  -2   0   7  -4  -3  -2    0   0   0   0   0   0   0   0   0   0   0   0   0   0   1   1  98   0   0   0  1.42 0.34
  117 E    -2  -1   0   3  -5   3   6  -3  -1  -5  -4   0  -3  -5  -3  -1  -2  -4  -3  -4    0   1   2  19   0  12  65   0   0   0   0   1   0   0   0   0   1   0   0   0  1.00 0.23
  118 E    -2  -1  -2   1  -5   2   7  -4  -1  -5  -5  -1  -4  -5  -3  -2  -2  -4  -3  -4    0   1   0   4   0   5  88   0   0   0   0   0   0   0   0   0   0   0   0   0  1.34 0.29
  119 G    -1  -4  -2  -3  -4  -3  -4   7  -4  -5  -5  -3  -4  -5  -4  -2  -3  -4  -5  -5    0   0   0   0   0   0   0  99   0   0   0   0   0   0   0   0   0   0   0   0  1.76 0.29
  120 N    -3  -2   8   0  -4  -2  -2  -2  -1  -1  -4  -2  -3  -4  -4  -1  -2  -5  -4  -2    0   0  89   0   0   0   0   0   0   6   1   0   0   0   0   0   0   0   0   4  1.42 0.31
  121 L    -3  -4  -5  -5  -3  -3  -3  -4  -3   0   3  -4  -1   1  -5  -4  -3  10   0  -2    0   0   0   0   0   1   1   0   0   5  40   0   0   3   0   0   0  48   1   1  1.56 0.27
  122 D    -3  -3   0   8  -5  -2   0  -3  -3  -5  -5  -2  -5  -5  -3  -2  -3  -6  -5  -5    0   0   0  99   0   0   0   0   0   0   0   0   0   0   0   0   0   0   0   0  1.85 0.33
  123 L    -4  -4  -5  -6  -4  -4  -5  -4  -1  -2   1  -5   2   0  -5  -4  -4  11   0  -3    0   0   0   0   0   0   0   0   2   1  12   0   8   3   0   0   0  73   0   0  2.53 0.36
  124 V    -2  -4  -5  -5  -2  -4  -4  -5  -5   1  -1  -4  -1  -2  -4  -3  -1  -5  -3   7    0   0   0   0   0   0   0   0   0   0   0   0   0   0   0   0   0   0   0 100  1.25 0.30
  125 Y    -3  -4  -1  -4   0  -4  -4   0  -1  -2  -1  -4   0   6  -5  -3  -3   0   5  -2    0   0   4   0   3   0   0   8   0   0   0   0   3  53   0   0   0   0  29   0  1.01 0.23
  126 N    -3  -2   8   0  -4  -2  -2  -2  -1  -2  -5  -2  -4  -5  -4  -1  -2  -6  -4  -4    0   0  97   0   0   0   0   0   0   3   0   0   0   0   0   0   0   0   0   0  1.72 0.35
  127 N    -3  -2   8   0  -5  -2  -2  -2   1  -5  -5  -2  -4  -5  -4  -1  -2  -6  -4  -5    0   0  96   1   0   0   0   0   2   0   0   0   0   0   0   0   0   0   0   0  1.74 0.34
  128 T    -2  -3  -2  -3  -3  -2  -3  -3  -3  -2  -3  -2  -2  -4  -3   0   7  -4  -3  -2    0   0   0   0   0   0   0   0   0   0   0   0   0   0   0   3  97   0   0   0  1.41 0.33
  129 P    -3  -4  -4  -3  -5  -3  -3  -4  -4  -5  -5  -3  -4  -6   9  -3  -3  -6  -5  -4    0   0   0   0   0   0   0   0   0   0   0   0   0   0 100   0   0   0   0   0  2.76 0.38
  130 V    -1  -4  -4  -4  -2  -4  -4  -5  -4   4   0  -4   0  -2  -4  -3  -1  -4  -2   5    1   0   0   0   0   0   0   0   0  27   0   0   0   0   0   0   1   0   0  70  0.89 0.22
  131 F    -4  -5  -5  -5  -4  -5  -5  -5  -3  -2  -1  -5  -2   8  -5  -4  -4  -1   1  -3    0   0   0   0   0   0   0   0   0   0   0   0   0  98   0   0   0   0   0   0  1.93 0.34
  132 F    -4  -5  -5  -5  -4  -5  -5  -5  -3  -2  -1  -5  -2   9  -5  -4  -4  -1   1  -3    0   0   0   0   0   0   0   0   0   0   0   0   0  99   0   0   0   0   0   0  1.94 0.34
  133 I    -3  -4  -5  -5  -2  -4  -4  -5  -4   5   4  -4   1  -1  -4  -4  -2  -3  -2   1    0   0   0   0   0   0   0   0   0  58  41   0   0   0   0   0   0   0   0   0  0.83 0.20
  134 R    -3   8  -2  -3  -5  -1  -2  -4  -2  -5  -4   1  -3  -5  -4  -2  -3  -4  -3  -4    0  99   0   0   0   0   0   0   0   0   0   0   0   0   0   0   0   0   0   0  1.74 0.33
  135 D    -3  -3   1   7  -5  -2   0  -3  -3  -5  -5  -2  -5  -5  -3  -2  -3  -6  -5  -5    0   0   5  93   0   0   1   0   0   0   0   0   0   0   0   0   0   0   0   0  1.69 0.31
  136 P    -2  -4  -3  -3  -4  -3  -3   0  -4  -5  -5  -3  -4  -5   8  -2  -3  -5  -5  -4    1   0   0   0   0   0   0   9   0   0   0   0   0   0  89   0   0   0   0   0  2.28 0.33
  137 S     3  -2  -2  -2  -2  -2  -2  -1  -3  -1  -2  -2  -2  -3  -2   3   3  -4  -3   1   42   0   0   0   0   0   0   0   0   3   0   0   0   0   0  23  21   0   0  10  0.43 0.15
  138 K    -2   1   2  -2  -4   1  -1  -3  -2  -4  -3   6  -3  -4  -3  -2  -2  -4  -3  -4    0   0   9   0   0   4   0   0   0   0   3  83   0   0   0   0   0   0   0   0  1.04 0.26
  139 F    -4  -5  -5  -5  -4  -5  -5  -5  -3  -2  -1  -5  -2   9  -5  -4  -4  -1   1  -3    0   0   0   0   0   0   0   0   0   0   0   0   0  99   0   0   0   0   0   0  1.94 0.34
  140 P    -2  -4  -4  -3  -5  -3  -3  -4  -4  -5  -5  -3  -4  -5   8  -2  -3  -5  -5  -4    1   0   0   0   0   0   0   0   0   0   0   0   0   0  97   1   0   0   0   0  2.61 0.36
  141 H    -2  -2  -1  -2  -3  -1  -2  -3   7   1   1  -2   0   0  -1  -2   0  -3   1   0    1   1   0   2   0   0   0   0  47   8  17   0   2   2   3   1   5   0   3   6  0.60 0.18
  142 F    -4  -4  -5  -5  -4  -5  -5  -5  -3  -2   0  -5  -1   8  -5  -4  -4  -1   1  -2    0   0   0   0   0   0   0   0   0   0   5   0   0  93   0   0   0   0   0   0  1.75 0.32
  143 I    -3  -4  -5  -5  -3  -4  -5  -5  -5   7   0  -4   0  -2  -4  -4  -2  -4  -3   2    0   0   0   0   0   0   0   0   0  94   0   0   0   0   0   0   0   0   0   4  1.26 0.28
  144 H    -4  -2  -1  -3  -5  -1  -2  -4  10  -5  -5  -3  -4  -3  -4  -3  -4  -4   0  -5    0   0   0   0   0   0   0   0  98   0   0   0   0   0   0   0   0   0   0   0  2.48 0.41
  145 T    -2  -3  -2  -3  -3  -2  -2  -3  -3  -2  -3  -2  -2  -4  -3   0   7  -4  -3  -2    0   0   0   0   0   0   0   0   0   0   0   0   0   0   0   2  96   0   0   0  1.38 0.32
  146 Q    -3  -1  -2  -2  -5   8   0  -4  -1  -5  -4   0  -2  -5  -3  -2  -2  -4  -3  -4    0   0   0   0   0  98   0   0   0   0   0   0   0   0   0   0   0   0   0   0  1.80 0.38
  147 K    -2   1  -2  -2  -5   0  -1  -3  -2  -4  -4   7  -3  -5  -3  -2  -2  -5  -3  -4    0   1   0   0   0   0   0   0   0   0   0  98   0   0   0   0   0   0   0   0  1.42 0.31
  148 R    -3   8  -2  -3  -5   0  -2  -4  -2  -5  -4   1  -3  -4  -4  -2  -3  -4  -3  -4    0  97   0   0   0   1   0   0   0   0   0   1   0   0   0   0   0   0   0   0  1.69 0.32
  149 N    -3  -2   6   5  -3  -1  -1  -2   2  -5  -5  -2  -4  -4  -3  -1  -2  -5  -3  -4    0   0  54  39   1   0   0   0   4   0   0   0   0   0   0   0   0   0   0   0  1.14 0.24
  150 P    -3  -4  -4  -3  -5  -3  -3  -4  -4  -5  -5  -3  -4  -5   9  -3  -3  -5  -5  -4    0   0   0   0   0   0   0   0   0   0   0   0   0   0  98   0   0   0   0   0  2.68 0.36
  151 E    -2   1  -2  -2  -5   8   1  -3  -1  -4  -4   0  -2  -5  -3  -2  -2  -4  -3  -4    1   4   0   0   0  84   6   0   1   0   0   2   0   0   0   0   0   0   0   0  1.39 0.31
  152 T    -2  -3  -1  -3  -2  -2  -2  -3  -3  -2  -3  -2  -2  -4  -3   0   7  -4  -3  -2    0   0   1   0   0   0   0   0   0   0   1   0   0   0   0   2  94   0   0   0  1.31 0.31
  153 H    -3  -2   6  -1  -4  -1  -2  -2   8  -5  -5  -2  -3  -4  -4  -1  -2  -5  -1  -4    0   0  54   1   0   0   0   1  42   0   0   0   0   0   0   0   1   0   0   0  1.36 0.29
  154 L    -3  -3  -5  -5   0  -3  -4  -5  -4   0   5  -4   1  -1  -4  -4  -2  -3  -2   0    0   0   0   0   1   0   0   0   0   0  93   0   2   0   0   0   2   0   0   0  0.99 0.24
  155 K    -2   1  -2  -2  -5   0  -1  -2  -1  -4  -4   7  -2  -5  -1  -2  -2  -4  -3  -4    1   1   0   0   0   0   0   1   1   0   0  93   0   0   1   0   0   0   0   0  1.25 0.29
  156 D    -3  -3   0   8  -5  -2   0  -3  -3  -5  -5  -2  -5  -5  -3  -2  -3  -6  -5  -5    0   0   1  97   0   0   0   0   0   0   0   0   0   0   0   0   0   0   0   0  1.77 0.32
  157 A     5  -3  -2  -3  -2  -2  -2  -1  -2  -3  -3  -2  -2  -4   4   0  -1  -4  -3  -1   73   0   1   0   0   0   0   1   1   0   0   0   0   0  20   1   1   0   0   2  0.86 0.22
  158 N    -2  -2   3   5  -3  -2  -1  -2  -2  -3  -4  -2  -3  -4  -3   0   4  -5  -3  -3    0   0  19  42   0   0   0   0   0   0   0   0   0   0   0   1  37   0   0   0  0.81 0.21
  159 M     0  -3  -3  -5  -3  -2  -4  -4  -2   1   0  -3   9  -2  -4  -2  -2  -3  -3  -1   10   0   1   0   0   0   0   0   1   4   1   0  81   0   0   1   0   0   0   1  1.36 0.33
  160 F    -3  -4  -4  -5  -4  -4  -5  -5  -3  -1  -1  -4   0   8  -5  -4  -3  -1   2  -2    1   0   0   0   0   0   0   0   0   1   0   0   1  91   0   0   1   0   3   1  1.65 0.30
  161 W    -5  -5  -6  -6  -3  -4  -5  -5  -3  -5  -4  -5  -3  -1  -5  -5  -4  12   0  -5    0   0   0   0   1   0   0   0   0   0   0   0   0   1   0   0   0  96   0   0  3.70 0.46
  162 D    -3  -3   0   8  -5  -2   0  -3  -3  -5  -5  -2  -5  -5  -3  -2  -3  -6  -5  -5    0   0   0  97   0   0   0   0   0   0   0   0   0   0   0   1   0   0   0   0  1.77 0.31
  163 Y    -3  -3  -4  -5  -4  -3  -4  -4   0  -3  -2  -4  -2   4  -4  -3  -3   1   8  -3    0   0   0   0   0   0   0   0   0   0   0   0   0  16   0   0   0   1  80   0  1.72 0.31
  164 L    -3  -3  -4  -5  -2  -3  -4  -4  -4   1   5  -4   1   1  -4  -4  -2   1  -2   0    0   0   0   0   0   0   0   0   0   4  85   0   1   5   0   0   0   2   0   0  0.85 0.21
  165 T     0  -2   0  -2   1  -1  -2  -1  -2  -3  -3  -2  -2  -3  -2   5   2  -4  -3  -1    4   0   1   0   3   0   0   3   0   0   2   0   0   0   0  67  15   0   0   4  0.64 0.20
  166 S    -1  -1   1  -1  -3   5   0  -2  -1  -2  -1  -1  -1  -3  -2   1   3  -3  -3  -2    2   0   8   0   0  37   1   1   0   0   6   0   0   0   0  12  30   0   0   0  0.49 0.17
  167 N    -3  -2   7  -1  -4  -1  -1  -2   6  -4  -4  -2  -3  -4  -3  -1  -2  -5  -2  -3    0   0  67   0   0   1   1   0  26   0   0   0   0   0   0   1   0   0   0   2  1.26 0.27
  168 E    -2  -2  -2  -2  -4   5   0  -3   1  -4  -4  -1  -3  -5   6  -2  -2  -4  -3  -3    1   0   0   0   0  40   3   0   4   0   0   0   0   0  49   0   0   0   0   0  1.31 0.25
  169 E    -2  -2  -2   0  -5   0   7  -4  -2  -4  -4  -1  -3  -5  -3  -2  -2  -5  -4  -1    0   0   0   0   0   0  93   0   0   0   0   0   0   0   0   0   0   0   0   5  1.39 0.31
  170 S     3  -2  -1  -2   3  -2  -2  -2  -2  -3  -3  -2  -3  -4  -2   5   0  -4  -3  -2   25   0   0   0   7   0   0   0   0   0   0   0   0   0   0  66   1   0   0   0  0.77 0.23
  171 I     1  -3  -3  -4  -1  -3  -3  -3  -4   5   1  -3   0  -1  -3  -2  -1  -3  -2   3   17   0   0   0   0   0   0   0   0  47   4   0   1   2   0   0   1   0   0  27  0.51 0.16
  172 H    -4  -2  -1  -3  -5  -1  -2  -4  10  -5  -5  -3  -4  -3  -4  -3  -4  -4   0  -5    0   1   0   0   0   0   0   0  99   0   0   0   0   0   0   0   0   0   0   0  2.49 0.41
  173 Q    -3  -1   0  -2  -5   8   0  -4  -1  -5  -4   0  -2  -5  -3  -2  -2  -4  -3  -4    0   0   3   0   0  96   1   0   0   0   0   0   0   0   0   0   0   0   0   0  1.70 0.37
  174 V    -1  -4  -4  -4  -2  -3  -4  -4  -4   3   1  -3   1  -1  -3  -3   0  -4  -2   5    0   0   0   0   0   0   0   0   0  16   6   0   2   2   0   0   4   0   0  69  0.71 0.19
  175 M    -2  -3  -4  -5  -1  -2  -4  -4  -3   0   1  -3   9  -2  -4  -2   0  -3  -3  -1    1   0   0   0   1   0   0   0   0   2   5   0  83   0   0   1   4   0   0   2  1.44 0.33
  176 V    -2  -2  -2  -3  -3   0  -2  -4   6   5   0  -3  -1   0  -3  -2   0  -3   1   1    0   1   0   0   0   5   0   0  26  51   1   0   0   2   0   1   5   0   4   2  0.57 0.19
  177 L    -3  -3  -5  -5  -3  -3  -4  -5  -4   1   6  -4   1  -1  -4  -4  -2  -3  -2   0    0   0   0   0   0   0   0   0   0   1  94   0   1   0   0   0   1   0   0   2  1.01 0.24
  178 F    -4  -4  -5  -5  -4  -5  -5  -5  -3  -2  -1  -5  -1   8  -5  -4  -4  -1   2  -2    0   0   0   0   0   0   0   0   0   0   0   0   1  96   0   0   0   0   1   0  1.85 0.33
  179 S     0  -2  -1  -2  -2  -2  -2   0  -2  -4  -4  -2  -3  -4  -2   6   0  -4  -3  -3    0   0   0   0   0   0   0   7   0   0   0   0   0   0   0  89   2   0   0   0  1.04 0.28
  180 D    -3  -3   1   7  -5  -2   0  -3  -3  -5  -5  -2  -5  -5  -3  -2  -3  -6  -5  -5    0   0   3  94   0   0   1   0   0   0   0   0   0   0   0   0   0   0   0   0  1.69 0.30
  181 R    -3   8  -2  -3  -5  -1  -2  -4  -2  -5  -3   1  -3  -4  -4  -2  -3  -4  -3  -4    0  97   0   0   0   0   0   0   0   0   1   0   0   0   0   0   0   0   0   0  1.69 0.32
  182 G    -1  -4  -2  -3  -4  -3  -4   7  -4  -5  -5  -3  -4  -5  -4  -2  -3  -4  -5  -5    0   0   0   0   0   0   0  98   0   0   0   0   0   0   0   0   0   0   0   0  1.72 0.28
  183 T    -2  -3  -2  -3  -2  -2  -2  -3  -2   1  -2  -2  -2  -3  -3   0   7  -4  -3   0    0   0   0   0   0   0   0   0   1   8   1   0   0   0   0   0  86   0   0   3  1.07 0.28
  184 P    -2  -4  -4  -3  -5  -3  -3  -4  -4  -5  -5  -3  -4  -5   8  -3  -3  -5  -5  -4    0   0   0   0   0   0   0   0   0   0   0   0   0   0  98   0   0   0   0   0  2.63 0.36
  185 A     1  -1   0   4  -3  -1  -1  -2  -1  -3  -2  -1  -2   1  -3  -1  -2  -1   5  -2   16   3   3  34   0   1   0   0   0   0   3   4   0   4   0   0   0   0  30   1  0.49 0.16
  186 S     0  -2   0  -1  -3  -2  -2   4  -2  -4  -4  -2  -3  -4  -2   4   0  -4  -3  -3    1   0   1   1   0   0   0  41   0   0   0   0   0   0   0  53   2   0   0   0  0.80 0.21
  187 Y    -3  -3  -4  -5  -4  -3  -4  -5   1  -3  -2  -4  -2   3  -5  -3  -3   2   8  -2    0   0   0   0   0   0   0   0   2   0   2   0   0  11   0   0   0   1  81   1  1.67 0.31
  188 R    -2   6  -1  -2  -4   0  -1  -3   6  -3  -3   0  -3  -1  -3  -2  -2  -4   0  -4    1  65   0   1   0   1   0   0  24   1   0   0   0   2   0   1   1   0   2   0  1.06 0.24
  189 E    -2   0   3  -2  -4   1   0  -3   8  -4  -3   0  -2   1  -3  -1  -1  -3   1  -4    1   2  18   0   0   6   4   1  50   0   1   5   1   6   0   1   2   0   2   0  0.85 0.21
  190 M    -3  -3  -3  -4  -1   2   0  -4  -3   0   0  -2   9  -2  -4  -3  -2  -3  -3  -1    0   0   0   0   1  11   5   0   0   3   0   0  78   0   0   0   0   0   0   1  1.30 0.33
  191 N    -3  -2   6   0  -4  -1  -2  -3   8  -5  -5  -2  -3  -4  -4  -1  -2  -5  -1  -5    0   0  49   3   0   0   0   0  47   0   0   0   0   0   0   0   0   0   0   0  1.40 0.29
  192 G     0  -4  -2  -3  -3  -3  -3   7  -3  -5  -5  -3  -3  -4  -3  -1  -1  -4  -4  -4    4   0   0   0   0   0   0  90   0   0   0   0   1   0   0   1   3   0   0   0  1.45 0.25
  193 Y    -4  -3  -4  -5  -4  -3  -4  -5   0  -3  -3  -4  -3   3  -5  -3  -3   0   9  -3    0   0   0   0   0   0   0   0   0   0   0   0   0   6   0   0   0   0  92   0  1.99 0.35
  194 S     0  -2  -1  -2  -2  -2  -2  -2  -2  -4  -4  -2  -3  -4  -2   6   1  -4  -3  -3    0   0   0   0   0   0   0   1   0   0   0   0   0   0   0  95   3   0   0   0  1.16 0.30
  195 G     0  -4  -2  -3  -4  -3  -3   7  -3  -5  -5  -3  -4  -4  -3  -1  -2  -4  -4  -4    3   0   0   0   0   0   0  91   0   0   0   0   0   0   0   4   1   0   0   0  1.52 0.26
  196 H    -4  -2  -1  -3  -5  -1  -2  -4  10  -5  -5  -3  -3  -3  -4  -3  -4  -4   0  -5    0   0   0   0   0   0   0   0  98   0   0   0   0   0   0   0   0   0   0   0  2.45 0.40
  197 T     0  -3  -2  -3  -2  -2  -2  -3  -3  -2  -3  -2  -2  -4  -3   0   7  -4  -3  -2    4   0   0   0   0   0   0   0   0   0   0   0   0   0   0   1  93   0   0   0  1.27 0.31
  198 Y    -3  -3  -3  -4  -4  -3  -3  -4   4  -2   0  -3  -1   6  -4  -3  -3   0   7  -2    0   0   0   0   0   0   0   0  10   0   7   0   0  36   0   0   0   0  46   0  1.12 0.23
  199 K    -2   1  -2  -2  -5   0  -1  -3  -2  -4  -4   7  -3  -5  -3  -2  -2  -5  -3  -4    0   0   0   0   0   0   0   0   0   0   0  98   0   0   0   0   0   0   0   0  1.40 0.31
  200 W    -4  -4  -5  -6  -4  -4  -5  -5  -4  -2   1  -5  -2   5  -5  -4  -4  11   1  -3    0   0   0   0   0   0   0   0   0   0  13   0   0  31   0   0   0  55   0   0  2.06 0.32
  201 S    -1  -3  -2  -3   1  -2  -2  -3  -2   2   0  -2   0   0  -3   1   3  -3   0   3    1   0   0   0   3   0   1   1   1  13   5   0   0   2   0  12  24   0   4  33  0.27 0.12
  202 N    -2   1   5   0  -4   0  -1  -2  -1  -4  -4   5  -3  -4  -3  -1  -1  -5  -3  -4    1   2  34   2   0   1   0   0   0   0   0  57   0   0   0   0   2   0   0   0  0.85 0.23
  203 K     1  -1  -1   2  -3   0   1  -2   0  -3  -3   2  -3  -4   5  -1  -1  -4  -3  -3   17   1   1  15   0   2   9   0   2   0   0  22   0   0  28   1   1   0   0   0  0.56 0.13
  204 K    -2  -1   2   6  -5   0   1  -2  -2  -4  -5   2  -4  -5  -3  -1  -2  -5  -4  -4    1   0   9  62   0   3   7   0   0   0   0  17   0   0   0   2   0   0   0   0  0.96 0.21
  205 G    -1  -4  -2  -3  -4  -3  -4   7  -4  -5  -5  -3  -4  -5  -4  -2  -3  -4  -5  -5    1   0   1   0   0   0   0  98   0   0   0   0   0   0   0   0   0   0   0   0  1.74 0.29
  206 E     0  -1   1   2  -2   0   2  -1  -2  -3  -3   1  -2  -4  -2   3   2  -4  -3  -2    1   0   3  10   0   2  18   2   0   0   0   7   0   0   0  39  18   0   0   0  0.42 0.14
  207 W    -4  -4  -5  -5  -4  -4  -5  -5  -3  -2  -2  -5  -2   7  -5  -4  -4   8   3  -3    0   0   0   0   0   0   0   0   0   0   0   0   0  67   0   0   0  27   5   0  1.78 0.30
  208 F    -2  -1   2  -2  -2  -1  -2  -3   4   0  -1   0  -1   0  -3  -2  -1  -2   0   4    0   2  15   0   1   2   0   0  18   0   0   9   0   3   0   0   3   0   3  44  0.33 0.15
  209 Y    -4  -4  -4  -5  -4  -3  -4  -5   0  -3  -3  -4  -3   2  -5  -4  -3   0   9  -3    0   0   0   0   0   0   0   0   1   0   0   0   0   2   0   0   0   0  97   0  2.14 0.38
  210 V     0  -3  -3  -4   0  -3  -3  -4  -4   2  -1  -3   0  -2  -3  -2   3  -4  -2   5    4   0   0   0   1   0   0   0   0   4   0   0   1   0   0   0  20   0   0  69  0.66 0.20
  211 Q    -2   0  -2  -2  -5   8   0  -3  -1  -4  -4   2  -2  -5  -3  -2  -2  -4  -3  -4    0   0   0   0   0  87   0   0   0   0   0  11   0   0   0   0   0   0   0   0  1.49 0.33
  212 V    -2  -4  -4  -4  -2  -3  -4  -4  -4   5   1  -4   0   0  -4  -3  -1   2  -2   4    0   0   0   0   0   0   0   0   0  43   6   0   1   4   0   0   1   4   0  40  0.65 0.17
  213 H    -4  -2  -1  -3  -5  -1  -2  -4  10  -5  -5  -3  -4  -3  -4  -3  -3  -4   0  -5    0   0   0   0   0   0   0   0  98   0   0   0   0   0   0   0   0   0   0   0  2.49 0.41
  214 F    -1  -3  -4  -4   4  -3  -4  -4  -3   1   3  -3   1   3  -4  -3  -2  -1   0   2    3   0   0   0  14   0   0   0   0   7  33   0   3  19   0   0   0   1   2  17  0.41 0.12
  215 I    -2   4  -2  -2  -4   0  -1  -3  -2   2   0   4  -1  -3  -3  -2  -2  -4  -3  -1    0  27   0   0   0   0   0   0   0  19   7  43   1   0   0   0   0   0   0   1  0.52 0.17
  216 S     2  -2  -1  -2  -1  -1  -2  -2  -2  -2  -2   0  -2  -3  -2   2   4  -4  -3   0   24   1   0   0   1   0   0   0   0   1   0   6   0   0   0  18  45   0   0   4  0.48 0.16
  217 D    -3   0   2   7  -5  -1   1  -3  -2  -5  -5  -1  -4  -5  -3  -2  -2  -5  -4  -4    0   5   6  81   0   2   3   0   0   0   0   1   0   0   0   0   0   0   0   0  1.32 0.26
  218 Q    -2  -1  -1  -2  -4   6   0   3  -1  -4  -3   0  -2  -4  -3  -1  -2  -4  -3  -4    0   1   1   0   0  64   1  25   0   0   2   4   0   0   0   1   0   0   0   0  0.94 0.25
  219 G    -1  -4  -2  -3  -4  -3  -4   7  -4  -5  -5  -3  -4  -5  -3  -2  -3  -4  -5  -5    1   0   0   0   0   0   0  97   0   0   0   1   0   0   0   0   0   0   0   0  1.71 0.29
  220 I    -1  -2   2  -2   0  -2  -2  -3  -1   2  -1  -2  -1   4  -3   0   0  -1   0   1    3   1  17   0   2   0   1   0   1  21   0   1   0  29   0  10   3   0   0   9  0.25 0.12
  221 K    -2   1  -1  -1  -4   1   0  -3   1  -4  -4   6  -3  -4  -2  -2  -2  -2  -3  -4    1   4   1   1   0   2   4   0   3   0   0  83   0   0   0   0   0   1   0   0  1.03 0.25
  222 T    -1  -2   3  -1  -3  -2  -2  -2  -2  -2  -3  -2  -2   0  -3   0   5  -2  -2  -1    1   0  19   2   0   0   0   1   0   0   0   0   0   5   0   3  65   1   0   3  0.71 0.22
  223 L    -3  -3  -4  -5  -3  -3  -4  -5  -2   0   4  -4   1   5  -4  -4  -3   0   0  -1    0   0   0   0   0   0   0   0   1   2  64   0   2  29   0   0   0   1   1   0  0.78 0.19
  224 T    -2  -2   3   3  -3  -2  -1  -2  -2  -3  -3  -1  -2  -4  -2   1   5  -4  -3  -2    0   0  17  23   0   0   1   0   0   0   1   1   0   0   1   5  52   0   0   0  0.67 0.20
  225 N     0  -2   6   2  -3   1  -1  -1  -1  -3  -3  -1  -3  -3  -3   0   0  -4  -3  -2    8   0  60  10   0   7   1   2   0   1   1   0   0   0   0   2   4   0   0   3  0.73 0.20
  226 E     2  -2  -1   3  -4   0   5  -2  -2  -4  -4  -1  -3  -4  -1   0  -1  -4  -3  -3   24   0   0  15   0   1  53   0   0   0   0   1   0   0   2   2   1   0   0   0  0.68 0.19
  227 E    -2  -1  -1   0  -4   2   5  -3  -2  -4  -4   1  -3  -4  -2  -1   3  -4  -3  -3    0   0   0   2   0  11  59   0   0   0   0   5   0   0   0   0  21   0   0   0  0.79 0.21
  228 A     6  -3  -3  -3  -2  -2  -2   0  -3  -3  -3  -2  -2  -4  -2   1  -1  -4  -3  -2   91   0   0   0   0   0   0   3   0   0   0   0   0   0   0   4   0   0   0   0  1.01 0.26
  229 G     1  -1  -1  -2  -2  -1  -2   4   0  -1  -2  -2  -1  -3  -2   0   2  -3  -3   0   16   2   0   0   0   1   1  38   3   2   1   1   1   0   0   2  20   0   0  12  0.36 0.11
  230 A     0   3   0  -1  -4   1   2  -2   1  -4  -3   4  -2  -4  -2   0  -1  -4  -3  -3    9  17   3   2   0   3  14   0   3   0   0  45   0   0   0   2   1   0   0   0  0.53 0.15
  231 L    -2  -3  -4  -4  -2  -3  -4  -4  -3   1   5  -2   4  -1  -3  -3  -1  -3  -2   0    1   0   0   0   0   0   0   0   0   5  69   2  17   0   0   0   2   0   0   2  0.70 0.18
  232 A     5  -2  -2  -1  -1  -1  -1   0  -2  -3  -3  -2  -2  -3  -2   2   0  -4  -2  -2   69   0   1   2   0   1   3   4   0   0   0   0   0   0   0  17   3   0   1   0  0.63 0.19
  233 G     2  -3  -1  -2  -3  -2  -2   5  -3  -4  -4  -1  -3  -4  -3   2  -1  -4  -4  -3   21   0   0   0   0   0   0  59   0   0   0   2   0   0   0  16   1   0   0   0  0.85 0.18
  234 S     0  -1  -1   2  -4   1   5  -2  -1  -4  -4   0  -3  -4  -2   2   0  -4  -3  -3    5   1   0  11   0   3  54   0   0   0   0   4   0   0   0  15   5   0   0   1  0.64 0.17
  235 N    -3  -2   8   2  -4  -1  -2  -2  -1  -5  -5  -2  -4  -5  -4  -1  -2  -5  -4  -5    0   0  88   9   0   1   0   0   0   0   0   0   0   0   0   1   0   0   0   0  1.52 0.31
  236 P    -2  -4  -4  -3  -5  -3  -3  -3  -4  -5  -5  -3  -4  -5   8  -2  -3  -5  -5  -4    2   0   0   0   0   0   0   1   0   0   0   0   0   0  95   1   0   0   0   0  2.54 0.35
  237 D    -3  -3   0   7  -5  -2   1  -3  -1  -5  -5  -2  -5  -5  -3  -2  -3  -6  -5  -5    0   0   0  93   0   0   5   0   1   0   0   0   0   0   0   0   0   0   0   0  1.70 0.31
  238 Y    -3  -3  -3  -4  -3  -2  -3  -4   5  -2  -3  -3  -2   3  -4  -3  -3   8   6  -3    0   0   0   0   0   0   0   0  18   1   0   0   0  10   0   1   0  26  42   1  1.40 0.26
  239 A     2  -2   1  -2   2  -1  -2   3   5  -3  -3  -2  -2  -3  -3   0  -1  -3  -2  -2   28   0   6   0   5   1   0  30  21   1   1   0   0   0   0   4   2   0   0   0  0.47 0.14
  240 Q    -1  -1   0  -2  -2   2  -2  -1  -3   2  -1  -2  -1  -3  -3   0   5  -4  -3   0    1   2   3   0   0  12   0   5   0  22   2   0   0   0   0   0  54   0   0   0  0.49 0.19
  241 E    -2   1  -1  -1  -4   7   3  -3  -1  -4  -4   1  -2  -5  -3  -1  -2  -4  -3  -4    1   6   0   0   0  65  20   1   0   0   0   5   1   0   0   0   0   0   0   0  1.04 0.25
  242 D    -1  -2   0   6  -4   0   1  -2  -1  -4  -3  -1  -3  -4  -3   1   0  -5  -3  -4    4   0   1  67   0   3   2   1   1   0   2   2   0   0   0  11   5   0   0   0  0.89 0.20
  243 L    -3  -4  -5  -5  -3  -4  -4  -5  -4   0   6  -4   2  -1  -4  -4  -3  -3  -2   0    0   0   0   0   0   0   0   0   0   0  97   0   3   0   0   0   0   0   0   0  1.11 0.25
  244 F    -4  -4  -4  -5  -4  -5  -5  -5  -1  -2  -1  -5  -2   8  -5  -3  -4   0   3  -2    0   1   0   0   0   0   0   0   2   0   0   0   0  91   0   1   0   0   4   1  1.68 0.31
  245 K    -2  -1   3   2  -4   1   5  -2  -1  -4  -4   1  -3  -4  -2  -1  -1  -4  -3  -4    0   2  16  10   0   1  59   1   1   0   0   6   0   0   0   2   2   0   0   0  0.79 0.20
  246 N     4  -2   1   0  -2  -1  -1  -1  -1  -3  -3  -1  -2  -3  -2   2   1  -4  -3  -2   56   0   6   5   0   1   3   0   1   0   0   0   0   0   0  18  10   0   0   0  0.48 0.16
  247 I    -3  -5  -5  -5  -3  -4  -5  -5  -5   7   0  -4   0  -2  -4  -4  -2  -4  -3   1    0   0   0   0   0   0   0   0   0  98   0   0   0   0   0   0   0   0   0   2  1.34 0.30
  248 A     1  -1  -1   1  -4   3   5  -3  -1  -4  -4   0  -3  -4  -2  -1  -2  -4  -3  -3   14   0   1   6   0  15  59   0   0   0   0   4   0   0   0   1   0   0   0   0  0.78 0.20
  249 A     1   4   0  -1  -3   1   0  -2  -1  -3  -3   3  -2  -4  -2   1  -1  -4  -3  -3   15  32   5   1   0   3   1   1   1   0   0  29   0   0   0  11   0   0   0   0  0.48 0.14
  250 G    -1  -1  -2  -3  -4  -2  -3   7  -2  -5  -5   0  -4  -5  -3  -1  -3  -4  -4  -5    0   3   0   0   0   0   0  88   1   0   0   6   0   0   0   1   0   0   0   0  1.39 0.25
  251 N    -2  -1   3   3  -4   1   4  -2  -1  -4  -4   2  -3  -4  -2  -1  -2  -4  -3  -4    1   0  20  22   0   5  35   0   1   0   0  17   0   0   0   0   0   0   0   0  0.67 0.16
  252 Y    -2  -3   1  -3  -2  -3  -3  -3   3  -2  -2  -3  -2   5   0  -2  -2   0   6  -2    3   0   8   0   1   0   0   1  10   1   0   0   0  30   4   2   1   0  40   0  0.80 0.20
  253 P    -3  -4  -4  -3  -5  -2  -3  -4  -3  -5  -5  -3  -4  -6   8  -3  -3  -6  -5  -4    0   0   0   0   0   1   0   0   1   0   0   0   0   0  98   0   0   0   0   0  2.66 0.37
  254 S     0  -2  -1  -2  -2  -2  -1  -2  -2  -3  -4  -1  -3  -4  -2   6   2  -4  -3  -2    1   0   0   0   0   0   1   0   0   1   0   1   0   0   1  85   9   0   0   2  0.95 0.27
  255 W    -5  -5  -6  -6  -5  -4  -5  -5  -5  -5  -4  -5  -4  -1  -6  -5  -5  12   1  -5    0   0   0   0   0   0   0   0   0   0   0   0   0   0   0   0   0  98   1   0  3.87 0.49
  256 T    -2  -2   0   1  -3  -2  -1  -3  -3  -2  -3  -2  -2  -4  -3   1   6  -4  -3  -2    0   0   3  10   0   0   2   0   0   0   0   1   0   0   0   4  79   0   0   0  0.95 0.26
  257 A     0  -4  -4  -4   6  -3  -4  -4  -4   1   0  -3   1  -1  -4  -2  -1  -2  -2   5    5   0   0   0  20   0   0   0   0   3   7   0   2   2   0   0   1   0   0  59  0.67 0.19
  258 Y    -3  -3  -4  -5   0  -3  -4  -4   1  -3  -3  -2  -3   2  -4  -2  -3   0   9  -3    0   0   0   0   2   0   0   1   1   0   0   1   0   5   0   3   0   0  85   0  1.70 0.33
  259 I    -1  -4  -4  -4  -1  -3  -4  -4  -4   4   0  -3   0  -2  -4  -3  -1  -4  -2   5    4   0   0   0   1   0   0   0   0  29   2   0   0   0   0   0   0   0   0  63  0.76 0.20
  260 Q    -3  -1  -2  -2  -5   8   0  -4  -1  -5  -4   0  -2  -5  -3  -2  -3  -4  -3  -4    0   0   0   0   0 100   0   0   0   0   0   0   0   0   0   0   0   0   0   0  1.86 0.39
  261 T    -1  -3  -2  -3  -2  -2  -2  -3  -4   0  -2  -2  -1  -3  -3   0   6  -4  -3   3    0   0   0   0   0   0   1   0   0   2   0   0   0   0   0   1  64   0   0  33  0.81 0.24
  262 M    -3  -3  -4  -5  -2  -2  -4  -5  -4   0   3  -3   8  -1  -4  -3  -2  -3  -3  -1    0   0   0   0   0   0   0   0   0   0  33   0  67   0   0   0   0   0   0   0  1.29 0.31
  263 T    -1  -2  -1   0  -2  -2  -1  -3  -3  -2  -3  -2  -2  -4  -2   2   6  -4  -3  -2    0   0   0   4   0   0   2   0   0   0   0   0   0   0   0  16  76   0   0   0  0.96 0.26
  264 E     0  -3  -3  -3  -4   0   1  -3  -3  -4  -3  -2  -3  -5   7  -2  -2  -5  -3  -3   10   0   0   0   0   4   8   0   0   0   3   0   0   0  72   1   0   0   0   1  1.61 0.26
  265 A     0  -1  -2   1  -4   2   6  -3  -2  -4  -4   0  -3  -5  -2  -1  -2  -4  -3  -4   10   0   0   3   0   6  75   0   0   0   0   4   0   0   0   1   0   0   0   0  1.00 0.24
  266 E    -2  -1  -1   1  -5   7   2  -3  -1  -5  -4   0  -2  -5  -3  -2  -2  -4  -3  -4    0   0   0   7   0  81  10   0   0   0   0   1   0   0   0   0   0   0   0   0  1.35 0.31
  267 A     6  -3  -3  -3  -2  -2  -2  -1  -3  -2  -3  -2  -2  -4  -2   0  -1  -4  -3  -1   95   0   0   0   0   0   0   0   0   1   0   0   0   0   0   3   1   0   0   1  1.10 0.28
  268 K    -2   0  -1   0  -4   2   6  -3  -2  -4  -4   2  -3  -5  -3  -1  -2  -4  -3  -4    2   3   0   0   0   4  74   1   0   0   1  15   0   0   0   0   0   0   0   0  1.01 0.24
  269 E     0   1   2  -1  -4   2   0  -2  -1  -4  -4   5  -2  -4  -2   1  -1  -4  -3  -3    5   2   9   0   0   8   3   0   0   0   0  61   0   0   0   8   2   0   0   0  0.65 0.19
  270 A     0  -4  -4  -5  -3  -2  -4  -4  -3  -1   1  -4  -1   7  -5  -3  -3   1   2  -1    9   0   0   0   0   2   0   0   0   0   9   0   0  73   0   0   0   1   4   2  1.12 0.24
  271 E    -3   6  -1  -1  -5  -1  -1  -3  -1  -4  -4   2  -3  -4   3  -2  -2  -4  -3  -4    0  68   1   3   0   0   2   0   1   0   0   7   0   0  17   1   0   0   0   0  1.06 0.23
  272 F    -4  -3  -4  -5  -4  -4  -4  -5   0  -3  -2  -4  -2   5  -5  -4  -4   9   6  -3    0   1   0   0   0   0   0   0   1   0   0   0   0  25   0   0   0  33  39   0  1.71 0.29
  273 S    -2  -2   7   0  -4  -1  -2  -2  -1  -5  -5  -2  -4  -4  -3   3  -1  -5  -4  -4    0   0  72   0   0   0   0   0   0   0   0   0   0   0   0  28   0   0   0   0  1.24 0.28
  274 V    -2  -4  -4  -4  -2  -4  -4  -5  -4   5   0  -4   0  -2  -2  -3  -2  -4  -2   5    0   0   0   0   0   0   0   0   0  45   0   0   0   0   2   0   0   0   0  51  0.81 0.21
  275 F    -3  -4  -4  -5  -2  -4  -4  -5  -3  -1   3  -4   0   7  -5  -4  -3  -1   1  -1    0   0   0   0   1   0   0   0   0   0  35   0   0  63   0   0   0   0   0   0  1.09 0.24
  276 D    -3  -3   0   8  -5  -2   0  -3  -3  -5  -5  -2  -5  -5  -3  -2  -3  -6  -5  -5    0   0   0  99   0   0   0   0   0   0   0   0   0   0   0   0   0   0   0   0  1.86 0.33
  277 L    -3  -3  -5  -5  -3  -3  -4  -5  -4   1   5  -4   1  -1  -4  -4  -2  -3  -2   1    0   0   0   0   0   0   0   0   0   2  90   0   0   0   0   0   0   0   0   7  0.96 0.23
  278 T    -2  -3  -2  -3  -3  -2  -3  -3  -3  -2  -3  -2  -2  -4  -3   0   7  -4  -3  -2    0   0   0   0   0   0   0   0   0   0   0   0   0   0   0   0  99   0   0   0  1.44 0.34
  279 K    -2   1  -2  -2  -5   0  -1  -3  -2  -4  -4   7  -3  -5  -3  -2  -2  -5  -3  -4    0   0   0   0   0   0   0   0   0   0   0  98   0   0   0   0   0   0   0   0  1.43 0.32
  280 V    -2  -4  -4  -4  -1  -3  -4  -4  -4   3   0  -4   0  -2  -4  -3   0  -4  -3   6    0   0   0   0   1   0   0   0   0  15   0   0   0   0   0   0   5   0   0  78  0.87 0.23
  281 W    -5  -5  -6  -6  -5  -4  -5  -5  -5  -5  -4  -5  -4  -1  -6  -5  -5  13   0  -5    0   0   0   0   0   0   0   0   0   0   0   0   0   0   0   0   0  99   0   0  3.92 0.49
  282 P    -2  -4  -3  -3  -4  -3  -3  -4  -4  -4  -5  -3  -4  -5   8   0  -2  -5  -5  -4    0   0   0   0   0   0   0   0   0   0   0   0   0   0  91   8   0   0   0   0  2.37 0.34
  283 H    -3  -1  -1  -2  -5   5   0  -4   9  -5  -4  -1  -3  -3  -3  -2  -3  -4  -1  -4    0   0   0   0   0  36   1   0  62   0   0   0   0   0   0   0   0   0   0   0  1.56 0.32
  284 K     1   0   0   0  -3   0  -1   1  -1  -3  -3   4  -1  -4  -2   2  -1  -4  -3  -3   13   0   4   3   0   0   0  12   1   0   0  49   1   0   0  15   1   0   0   0  0.44 0.15
  285 K    -2  -2  -1   5  -5   2   5  -3  -2  -5  -4   0  -3  -5  -3  -1  -2  -5  -4  -4    0   0   0  33   0  10  55   0   0   0   0   1   0   0   0   0   1   0   0   0  1.03 0.23
  286 Y    -2  -4  -4  -4  -3  -4  -4  -4  -2   0  -1  -4  -1   6  -4  -3  -2   0   5   3    0   0   0   0   0   0   0   0   0   1   0   0   0  41   0   0   0   0  25  32  0.86 0.21
  287 P    -3  -4  -4  -3  -5  -3  -3  -4  -4  -5  -5  -3  -4  -6   9  -3  -3  -6  -5  -4    0   0   0   0   0   0   0   0   0   0   0   0   0   0 100   0   0   0   0   0  2.74 0.38
  288 L    -3  -3  -5  -5  -3  -3  -4  -5  -4   0   5  -4   2  -1  -4  -3  -2  -3  -2   0    0   0   0   0   0   0   0   0   0   0  93   0   5   0   0   1   0   0   0   0  1.02 0.24
  289 R    -3   7  -2  -3  -5   1  -2  -4  -1  -4  -4   1  -3  -5  -4  -2  -3  -4  -3  -4    0  94   0   0   0   3   0   0   1   0   0   1   0   0   0   0   0   0   0   0  1.61 0.32
  290 R    -2   4  -2  -3  -3   0  -1  -4   1  -4  -4   0  -3  -5   7  -2  -2  -5  -3  -4    0  32   0   0   1   3   2   0   3   0   0   4   0   0  55   0   0   0   0   0  1.34 0.24
  291 F    -2  -4  -4  -4  -3  -4  -4  -4  -3   3   0  -4   0   5  -4  -3  -2  -2   0   4    0   0   0   0   0   0   0   0   0  18   4   0   1  39   0   0   0   0   0  38  0.70 0.18
  292 G     0  -4  -2  -3  -4  -3  -3   7  -3  -5  -5  -3  -4  -5  -3  -2  -3  -4  -4  -4    3   0   0   0   0   0   0  95   0   0   0   0   0   0   0   0   0   0   0   0  1.63 0.27
  293 K    -2   3  -1  -2  -4   0  -1  -3  -2  -4  -4   6  -3  -4  -2  -2  -1  -4  -3  -3    0  17   0   0   0   1   0   0   0   0   0  78   0   0   0   0   2   0   0   1  1.06 0.25
  294 F    -2  -3  -4  -4  -2  -3  -4  -4  -3   2   4  -3   4   4  -4  -3  -2  -1   0   0    1   0   0   0   0   0   0   0   0  13  45   0  15  24   0   0   0   0   0   1  0.59 0.16
  295 T    -1  -2  -2  -3  -2  -2  -3  -3  -3   0  -1  -2  -1  -3  -3  -1   5  -4  -3   4    1   2   0   0   0   0   0   0   0   1   0   1   0   0   0   0  48   0   0  47  0.66 0.21
  296 L    -3  -3  -5  -5  -3  -3  -4  -5  -4   0   6  -4   1  -1  -4  -4  -2  -3  -2   0    0   0   0   0   0   0   0   0   0   0  96   0   0   1   0   0   0   0   1   0  1.05 0.24
  297 N    -3  -2   7   3  -4  -1  -1  -2  -1  -5  -5  -2  -4  -4  -3  -1  -1  -5  -4  -4    0   1  81  14   0   0   0   0   0   0   0   0   0   0   0   0   2   0   0   0  1.36 0.28
  298 E    -2   4  -1  -1  -4   2   4  -3  -1  -4  -4   3  -3  -4  -2  -1  -2  -4  -3  -3    0  24   0   0   0   6  44   0   0   0   0  23   0   0   0   1   0   0   0   0  0.74 0.18
  299 N    -3  -2   8   0  -4  -2  -2  -2  -1  -5  -5  -2  -4  -5  -3  -1  -2  -5  -3  -4    0   0  96   0   0   0   0   0   0   0   0   0   0   0   0   0   0   0   0   1  1.69 0.33
  300 P     0  -4  -3  -3  -3  -3  -3  -3  -2  -2  -3  -3  -3  -4   8  -2  -2  -5  -4   1    6   0   0   0   0   0   0   0   1   0   0   0   0   0  75   0   0   0   0  16  1.72 0.27
  301 K    -1   0  -1   1  -4   5   4  -3  -1  -3  -2   2  -2  -4  -2  -1  -1  -3  -3  -3    3   1   0   6   0  37  32   0   0   1   2  11   0   0   0   2   3   0   0   0  0.63 0.17
  302 N    -3  -2   8   0  -4  -2  -2  -2  -1  -5  -5  -2  -4  -5  -4  -1  -2  -5  -4  -5    0   0  98   0   0   0   0   0   0   0   0   0   0   0   0   0   0   0   0   0  1.77 0.34
  303 Y    -4  -3  -4  -5  -4  -3  -4  -5   0  -3  -3  -4  -3   3  -5  -3  -3   0   9  -3    0   0   0   0   0   0   0   0   0   0   0   0   0   5   0   0   0   0  93   0  2.01 0.36
  304 F    -4  -4  -4  -5  -4  -5  -5  -5   0  -2  -1  -5  -2   8  -5  -4  -4  -1   2  -3    0   0   0   0   0   0   0   0   2   0   0   0   0  95   0   0   0   0   0   0  1.80 0.32
  305 A     6  -3  -1  -3  -2  -2  -2  -1  -3  -3  -3  -2  -2  -4  -2   0  -1  -4  -3  -2   93   0   2   0   0   1   0   0   0   0   0   0   0   0   0   2   0   0   0   0  1.03 0.26
  306 E    -2  -1  -2   0  -5   2   7  -4  -2  -5  -4  -1  -3  -5  -3  -2  -2  -4  -4  -4    0   1   0   1   0   7  89   0   0   0   0   0   0   0   0   0   0   0   0   0  1.35 0.29
  307 V    -2  -4  -4  -4  -2  -4  -4  -5  -4   6   0  -4   1  -2  -4  -3   0  -4  -2   4    0   0   0   0   0   0   0   0   0  62   0   0   2   0   0   0   5   0   0  30  0.81 0.20
  308 E    -2  -2  -2   0  -5   0   7  -4  -2  -5  -5  -1  -4  -5  -3  -1  -2  -5  -4  -4    0   0   0   0   0   0  98   0   0   0   0   0   0   0   0   1   0   0   0   0  1.55 0.32
  309 Q    -3   0  -2  -2  -5   8   0  -4  -1  -5  -4   0  -2  -5  -3  -2  -2  -4  -3  -4    0   1   0   0   0  97   1   0   0   0   0   0   0   0   0   0   0   0   0   0  1.74 0.37
  310 A     4  -3  -3  -3  -1  -2  -2  -2  -3   0   0  -2   0  -2  -2   0  -1  -4  -3   3   55   0   0   0   0   0   0   0   0   3   6   0   1   0   0   6   0   0   0  27  0.46 0.17
  311 A     6  -3  -3  -3  -2  -2  -2  -1  -3  -3  -3  -2  -2  -4  -2   0  -1  -4  -3  -1   95   0   0   0   0   0   0   2   0   0   1   0   0   0   0   0   0   0   0   1  1.06 0.27
  312 F    -4  -4  -5  -5  -4  -5  -5  -5  -3  -2  -1  -5  -2   8  -3  -4  -4  -1   2  -2    0   0   0   0   0   0   0   0   0   0   0   0   0  96   1   0   0   0   0   1  1.84 0.33
  313 S     2  -2  -1  -2  -2  -2  -2  -2  -2  -3  -3  -2  -3  -4  -2   6   0  -4  -3  -3   18   0   1   0   0   0   0   0   0   0   1   0   0   0   0  79   1   0   0   0  0.89 0.25
  314 P    -3  -4  -4  -3  -5  -3  -3  -4  -4  -5  -5  -3  -4  -5   9  -3  -3  -5  -5  -4    0   0   0   0   0   0   0   0   0   0   0   0   0   0  99   0   0   0   0   0  2.68 0.37
  315 A     2  -2  -1  -2  -2  -2  -2  -1  -2  -4  -4  -2  -3  -4  -2   6   0  -4  -3  -3   13   0   0   0   0   0   0   1   0   0   0   0   0   0   0  85   0   0   0   0  0.99 0.27
  316 H    -3  -2   2  -3  -5  -1  -2  -4  10  -3  -5  -2  -3  -3  -4  -2  -2  -4   0  -5    0   0  12   0   0   0   0   0  86   1   0   0   0   0   0   0   1   0   0   0  2.01 0.36
  317 T    -2  -3  -3  -4  -2  -2  -3  -4  -3   1   4  -3   3  -1  -3  -1   3   0  -2   0    0   0   0   0   0   1   0   0   0   3  49   0  13   0   0   1  29   1   0   2  0.49 0.17
  318 V    -2  -4  -4  -5  -2  -4  -4  -5  -5   3   0  -4  -1  -2  -3  -2  -1  -4  -3   6    0   0   0   0   0   0   0   0   0  13   0   0   0   0   1   1   0   0   0  85  0.99 0.25
  319 P    -3  -4  -4  -3  -5  -3  -3  -4  -2  -5  -5  -3  -4  -6   8  -2  -3  -6  -5  -4    0   0   0   0   0   0   0   0   1   0   0   0   0   0  98   1   0   0   0   0  2.65 0.37
  320 Y    -2  -4  -2  -3  -4  -3  -3   6  -2  -4  -4  -3  -4  -1  -4  -1  -3  -2   5  -4    0   0   0   0   0   0   0  71   0   0   0   0   0   1   0   2   0   0  26   0  1.19 0.24
  321 M    -1  -3  -4  -4  -2   0  -3  -3  -3   4   0  -3   3   1  -3  -3  -1   0  -1   3    2   0   0   0   0   8   0   2   0  38   1   0   9   7   0   0   0   2   0  31  0.43 0.15
  322 E    -2  -2  -2   1  -5   1   7  -4  -2  -5  -5  -1  -4  -5  -3  -2  -2  -5  -4  -4    0   0   0   3   0   4  93   0   0   0   0   0   0   0   0   0   0   0   0   0  1.45 0.31
  323 P     2  -4  -4  -3  -4  -3  -3  -3  -4  -3  -4  -3  -4  -4   8  -2  -2  -5  -4  -2   17   0   0   0   0   0   0   0   0   1   0   0   0   0  78   0   1   0   0   2  1.89 0.29
  324 S     0  -2  -1  -2  -2  -2  -2  -2  -3  -4  -4  -2  -3  -4  -2   6   2  -4  -3  -3    0   0   0   0   0   0   0   0   0   0   0   0   0   0   0  91   9   0   0   0  1.13 0.30
  325 A     6  -3  -1  -3  -1  -2  -2  -1  -3  -2  -3  -2  -2  -3  -1   0  -1  -4  -3  -1   89   0   3   0   1   0   0   0   0   0   0   0   0   1   1   0   1   0   0   3  0.92 0.26
  326 D    -4  -3   0   8  -5  -2   0  -3   0  -5  -6  -2  -5  -5  -3  -2  -3  -6  -5  -5    0   0   0  98   0   0   0   0   2   0   0   0   0   0   0   0   0   0   0   0  1.84 0.33
  327 P    -3  -2  -4  -3  -5  -3  -3  -4  -4  -5  -5  -3  -4  -6   8  -3  -3  -6  -5  -4    0   2   0   0   0   0   0   0   0   0   0   0   0   0  98   0   0   0   0   0  2.66 0.37
  328 V    -2  -4  -4  -5  -2  -4  -4  -5  -5   1   0  -4   3  -2  -4  -3  -2  -4  -3   6    0   0   0   0   0   0   0   0   0   1   0   0   8   0   0   0   0   0   0  92  1.10 0.28
  329 L    -3  -4  -5  -5  -3  -4  -4  -5  -4   0   6  -4   1  -1  -4  -4  -3  -3  -3  -1    0   0   0   0   0   0   0   0   0   0 100   0   0   0   0   0   0   0   0   0  1.17 0.26
  330 Q    -3  -1  -2  -2  -5   8   0  -4  -1  -5  -4   0  -2  -5  -3  -2  -3  -4  -3  -4    0   0   0   0   0 100   0   0   0   0   0   0   0   0   0   0   0   0   0   0  1.86 0.39
  331 S     2  -2  -1  -2  -2  -2  -1   0  -2  -3  -4  -2  -3  -4  -2   5   0  -4  -3  -2   17   0   0   0   0   0   2   3   0   0   0   0   0   0   0  76   0   0   0   1  0.83 0.25
  332 R    -3   8  -2  -3  -5  -1  -2  -4  -2  -5  -4   1  -3  -4  -4  -2  -3  -4  -3  -4    0  98   0   0   0   0   0   0   0   0   0   0   0   0   0   0   0   0   0   0  1.72 0.33
  333 L    -3  -3  -5  -5  -3  -3  -4  -5  -4   0   6  -4   1   0  -4  -4  -2  -3  -2   0    0   0   0   0   0   0   0   0   0   1  95   0   0   1   0   0   1   0   0   0  1.03 0.24
  334 F    -4  -4  -5  -5  -4  -5  -5  -5  -3  -2  -1  -5  -2   8  -5  -4  -4  -1   2  -3    0   0   0   0   0   0   0   0   0   0   0   0   0  98   0   0   0   0   0   0  1.91 0.34
  335 S     1  -2  -1  -2  -2  -2  -2  -2  -3  -4  -4  -2  -3  -4  -2   6   0  -4  -3  -3    7   0   0   0   0   0   0   0   0   0   0   0   0   0   0  93   0   0   0   0  1.16 0.30
  336 Y    -4  -4  -4  -5  -4  -3  -4  -5   0  -3  -3  -4  -3   1  -5  -2  -3   0   9  -3    0   0   0   0   0   0   0   0   0   0   0   0   0   0   0   2   0   0  98   0  2.18 0.39
  337 A     1  -3  -2  -3  -4  -3  -3  -2  -4  -4  -4  -2  -4  -5   8   0  -1  -5  -4  -4   11   0   1   0   0   0   0   2   0   0   0   0   0   0  78   5   2   0   0   0  1.87 0.29
  338 D    -2  -3   0   8  -5  -2   0  -3  -3  -5  -5  -2  -5  -5  -3  -2  -3  -6  -5  -5    2   0   0  98   0   0   0   0   0   0   0   0   0   0   0   0   0   0   0   0  1.83 0.33
  339 T     0  -3  -2  -3  -2  -2  -2  -3  -3  -2  -3  -2  -2  -4  -3   1   7  -4  -3  -2    8   0   0   0   0   0   0   0   0   0   0   0   0   0   0   5  87   0   0   0  1.15 0.29
  340 H    -3   0  -1  -3  -5   3  -1  -4  10  -5  -5  -2  -3  -3  -4  -2  -3  -4   0  -5    0   3   0   0   0  18   0   0  78   0   0   0   0   0   0   0   0   0   0   0  1.84 0.35
  341 R    -3   8  -2  -3  -5  -1  -2  -4  -2  -5  -4   1  -3  -4  -4  -2  -2  -4  -3  -4    0  97   0   0   0   0   0   0   0   0   1   0   0   0   0   0   2   0   0   0  1.68 0.33
  342 H    -3  -2  -1  -3  -5   0  -2  -4  10  -5  -4  -3  -3  -2  -4  -3  -4  -3   5  -5    0   0   0   0   0   2   0   0  80   0   0   0   0   0   0   0   0   0  18   0  1.97 0.36
  343 R    -2   8  -2  -3  -5   0  -2  -4  -2  -5  -4   1  -3  -5  -4  -2  -3  -5  -3  -4    2  97   0   0   0   1   0   0   0   0   0   0   0   0   0   0   0   0   0   0  1.69 0.33
  344 L    -2  -4  -5  -5  -3  -4  -4  -5  -4   1   6  -4   1  -1  -4  -4  -3  -3  -2   0    2   0   0   0   0   0   0   0   0   2  97   0   0   0   0   0   0   0   0   0  1.08 0.25
  345 G    -1  -4  -2  -3  -4  -3  -4   7  -4  -5  -5  -3  -4  -5  -4  -1  -3  -4  -5  -5    0   0   0   0   0   0   0  97   0   0   0   0   0   0   0   3   0   0   0   0  1.72 0.29
  346 T     1  -3  -3  -3  -2  -3  -3  -1  -4   0  -1  -3  -1  -3   1  -1   3  -4  -3   4   10   0   0   0   0   0   0   6   0   0   0   0   0   0   8   0  23   0   0  52  0.44 0.17
  347 N    -3  -2   8   0  -5  -2  -2  -2  -1  -5  -5  -2  -4  -5  -4  -1  -2  -6  -4  -5    0   0  98   2   0   0   0   0   0   0   0   0   0   0   0   0   0   0   0   0  1.81 0.35
  348 Y    -4  -2  -4  -5  -4  -3  -4  -5   0  -3  -3  -4  -3   3  -5  -3  -3   0   9  -3    0   2   0   0   0   0   0   0   0   0   0   0   0   9   0   0   0   0  88   0  1.90 0.35
  349 T     0  -1   1  -1  -4   6   1  -2   3  -3  -3   0  -2  -4  -2   0   0  -3  -2  -2    7   0   8   0   0  56   7   1   7   0   1   1   0   0   0   4   6   0   0   1  0.68 0.20
  350 Q    -3  -1  -2  -2  -5   8   0  -4  -1  -5  -4   0  -2  -5  -3  -1  -2  -4  -3  -4    0   0   0   0   0  95   0   0   0   0   0   0   0   0   0   2   0   0   0   0  1.67 0.36
  351 I    -2  -4  -4  -4  -2  -4  -4  -5  -4   6   3  -4   0  -1  -4  -4  -2  -3  -2   1    0   0   0   0   0   0   0   0   0  63  33   0   0   0   0   0   0   0   0   2  0.82 0.20
  352 P    -2  -4  -4  -3  -4  -3  -3  -4  -4  -4  -4  -3  -4  -5   8  -2  -3  -5  -5  -4    0   0   0   0   0   0   0   0   0   0   0   0   0   0  97   0   0   0   0   0  2.60 0.35
  353 V    -1  -4  -4  -4  -2  -4  -4  -4  -4   3   0  -4  -1  -2  -4  -3  -1  -4  -3   6    2   0   0   0   0   0   0   0   0   9   0   0   0   0   0   0   0   0   0  87  1.00 0.25
  354 N    -3  -2   8   0  -4  -2  -2  -2  -1  -5  -5  -2  -4  -5  -3  -1  -2  -5  -4  -5    0   0  98   0   0   0   0   0   0   0   0   0   0   0   1   0   0   0   0   0  1.79 0.35
  355 C     3   2  -2  -3   7   0  -2  -2  -3  -3  -3   0  -2  -3  -3   0  -1  -4  -3  -2   40  12   1   0  29   6   0   0   0   0   0   4   0   0   0   5   1   0   0   1  0.60 0.17
  356 P    -3  -4  -3  -3  -5  -2  -3  -4  -4  -5  -5  -3  -4  -5   8  -2  -2  -5  -5  -4    0   0   1   0   0   1   0   0   0   0   0   0   0   0  96   0   2   0   0   0  2.54 0.35
  357 V    -2  -3  -3  -4  -2  -3  -3  -4  -3   3   4  -3   1   0  -3  -3  -2  -2   1   2    1   0   1   0   0   0   0   0   0  18  51   1   1   1   0   0   0   0   7  16  0.47 0.13
  358 T     0   2   1  -1   1   1  -1  -1   0   0  -1   1  -1  -2  -1   0   0  -2  -1   1    8  17  10   1   5   6   2   2   3   2   2   6   1   1   3   3   5   0   1  22  0.08 0.04
  359 G     2  -1  -1  -1   0   0   0   1  -1  -1  -1   0  -1  -1   1   1   0  -1  -1  -1   33   3   2   2   2   2   4   8   1   2   5   4   1   2   6  15   3   1   1   3  0.14 0.04
  360 A     0   0   0  -1  -1   0   0   0   3  -1  -1   1  -1  -1   2   0   0  -1   0   0    6   5   3   3   1   3   4   7  14   2   4  13   1   2  12   4   3   1   3   8  0.12 0.02
  361 V     2  -2  -2  -2  -1  -1  -1  -1  -2   0  -1  -1  -1  -1   4   0   0  -2  -2   2   22   1   1   1   1   1   2   2   1   1   2   1   1   4  27   5   4   0   1  20  0.36 0.08
  362 F     0  -3  -2  -3  -2  -3  -3  -3  -1   1   0  -3  -1   6  -3  -2  -2   0   3   2    7   1   1   1   0   0   1   1   1   6   2   1   0  45   1   1   1   1   9  22  0.51 0.13
  363 N     3  -2   5  -1   0  -1  -1  -1   0  -3  -3  -1  -2  -3  -2   1   0  -4  -2  -2   31   0  46   1   2   1   1   1   2   0   1   1   0   0   0   8   3   0   0   1  0.55 0.16
  364 P    -2  -2   5  -1  -4  -2  -2  -2  -2  -4  -4  -2  -3  -4   7  -1  -2  -4  -3  -3    1   0  33   0   0   0   1   1   0   0   1   0   0   0  58   1   1   0   0   1  1.43 0.23
  365 H    -2  -3  -2  -4  -3  -2  -4  -4   2  -1  -1  -4  -1   7  -4  -2  -3   3   4  -2    4   0   1   0   0   1   0   0   7   3   1   0   0  63   0   3   1   4  12   1  0.97 0.22
  366 M    -2  -1  -1  -2  -4   7   0  -4   3   1  -2  -1   1  -4  -3  -1  -2  -4  -2  -2    0   0   1   0   0  72   1   0   9  10   1   0   3   0   0   1   0   0   0   2  1.02 0.28
  367 R    -3   8  -2  -3  -5  -1  -2  -4  -2  -5  -4   1  -3  -5  -4  -3  -3  -5  -4  -4    0 100   0   0   0   0   0   0   0   0   0   0   0   0   0   0   0   0   0   0  1.80 0.34
  368 D    -2  -3   0   8  -5  -2   0  -2  -3  -5  -5  -2  -5  -5  -3  -2  -3  -6  -5  -5    3   0   0  96   0   0   0   1   0   0   0   0   0   0   0   0   0   0   0   0  1.74 0.32
  369 G    -1  -4  -2  -3  -4  -3  -4   7  -4  -6  -5  -3  -4  -5  -4  -2  -3  -4  -5  -5    0   0   0   0   0   0   0 100   0   0   0   0   0   0   0   0   0   0   0   0  1.81 0.30
  370 A     3  -2  -2  -3  -2  -1  -2  -1   0  -2  -1  -2  -1   2   4   0  -1  -1   1  -1   38   0   0   0   0   3   0   2   3   1   4   0   0  14  23   5   1   0   5   1  0.42 0.13
  371 M     0  -3  -4  -4  -3  -2  -4   0  -2  -1   0  -3   9  -1  -4  -2  -2  -3  -2  -1    8   0   0   0   0   1   0   7   1   0   0   0  78   2   0   2   0   0   0   1  1.24 0.32
  372 T     3  -1   3  -2   2  -1  -2  -1  -2  -2  -2  -1  -2  -3  -2   1   3  -4  -3  -1   41   2  17   0   5   2   0   0   0   0   1   0   0   0   0   7  22   0   0   3  0.38 0.14
  373 V    -2  -4  -4  -4  -2  -4  -4  -4  -3   2   0  -4   0   4  -4  -3  -1  -2   1   5    1   0   0   0   0   0   0   0   0   9   1   0   0  27   0   0   2   0   3  57  0.66 0.19
  374 N    -2  -2   5   3  -3  -1  -1  -2   3   0  -3  -1  -2  -3  -3  -1   0  -4  -1   0    1   0  47  16   0   1   1   1   8   5   1   1   0   0   0   2   3   0   2  12  0.53 0.16
  375 G     0  -2  -1  -1  -2  -1  -2   5  -2  -3  -3  -2  -3  -3  -2   2  -1  -3  -3  -3    2   1   2   2   0   2   1  59   0   1   1   1   0   1   1  23   1   0   1   1  0.73 0.14
  376 N    -3  -2   7   0  -4   3  -1  -2   0  -5  -5  -1  -3  -5  -3  -1  -2  -5  -4  -4    0   0  78   0   0  20   0   0   0   0   0   0   0   0   0   0   0   0   0   0  1.36 0.30
  377 L    -2  -1  -2  -2  -2   3  -1  -1   1  -2   0  -1   0   1  -2  -1  -2   0   6  -2    2   1   1   1   1  19   1   6   2   1  12   1   1   4   1   2   1   1  40   1  0.44 0.13
  378 G    -1  -4  -2  -3  -4  -3  -4   7  -3  -5  -5  -3  -4  -4  -4  -2  -3  -4  -5  -5    0   0   0   0   0   0   0  98   0   0   0   0   0   1   0   0   0   0   0   0  1.73 0.29
  379 S     4  -2   1  -1  -2  -1  -1  -1  -2  -3  -3   0  -2  -2   0   3   0  -1  -3  -2   53   1   7   1   0   0   0   2   0   0   0   4   0   1   3  27   1   1   0   0  0.48 0.16
  380 H     0   4   3  -1  -3   0   1  -2   1  -3  -2   0  -1  -3  -3  -1   0  -2  -2  -2    8  36  23   1   0   0   9   0   4   1   4   1   2   1   0   0   7   1   0   2  0.37 0.13
  381 P    -2  -4  -4  -2  -5  -3  -3  -4  -4  -5  -5  -3  -4  -5   8  -2  -3  -5  -5  -4    2   0   0   1   0   0   0   0   0   0   0   0   0   0  94   2   0   0   0   0  2.48 0.35
  382 N    -3  -2   8   0  -4  -2  -2  -1  -1  -5  -5  -2  -4  -5  -3  -1  -2  -5  -4  -5    0   0  93   0   0   0   0   3   0   0   0   0   0   0   0   2   0   0   0   0  1.63 0.33
  383 Y    -4  -4  -4  -5  -4  -3  -4  -5   0  -3  -3  -4  -3   1  -5  -4  -4   0   9  -3    0   0   0   0   0   0   0   0   1   0   0   0   0   0   0   0   0   0  98   0  2.19 0.38
  384 L    -1  -1  -2  -2  -4   5   1  -3  -2  -2  -1  -1  -1  -3   5  -2  -2  -4  -1  -2    4   0   0   0   0  36   6   0   0   2   9   1   1   0  37   0   0   0   2   1  0.83 0.20
  385 A     2  -2   0  -2  -2  -2  -2  -2  -2  -4  -4  -2  -3  -4  -1   6   0  -4  -3  -3   12   0   1   0   0   0   0   0   0   0   0   0   0   0   1  82   2   0   0   0  0.93 0.26
  386 S     0  -2   0  -2  -2  -1  -2  -2  -2  -3  -3  -1  -2  -3   0   5   4  -4  -1  -2    1   0   3   0   0   1   0   0   0   0   1   1   0   0   4  58  29   0   3   0  0.67 0.21
  387 D    -1  -3   0  -1  -2  -2  -3  -3  -1   3   1  -3   0   3  -3  -1  -1  -1   3   0    4   0   5   3   0   0   0   1   0  31  11   0   1  19   0   6   1   0  15   1  0.28 0.11
  388 K     0   4   0  -2   1   2   1  -1   0  -2  -2   1  -1  -3  -2   1   0  -3  -2  -1    8  30   3   0   3  13   5   2   2   1   2   9   0   0   0   9   4   0   1   7  0.26 0.09
  389 P    -1  -2  -1  -1  -4  -1  -2  -3  -3  -4  -4   0  -4  -5   8   0  -1  -5  -4  -4    2   0   4   2   0   2   0   1   0   0   0   5   0   0  75   5   2   0   0   0  1.72 0.26
  390 V    -2  -3   0  -4  -2  -3  -3  -4  -3   1   4  -3   2   0  -4  -3  -2  -2   1   1    0   0   6   0   0   0   0   0   0   5  66   0   4   2   0   0   0   0   7   9  0.54 0.16
  391 E     1   0   0  -1  -2   2   0  -2  -1  -2  -2   1  -2  -3  -2   2   4  -3  -2  -1   12   2   4   2   0  11   5   0   0   1   0   9   0   0   0  14  37   0   1   1  0.33 0.12
  392 F    -3  -3  -3  -4  -4  -3  -3  -4   1  -2  -2  -2  -2   3  -4  -3  -2   0   8  -3    0   0   1   0   0   0   0   0   2   1   1   1   0  11   0   0   2   0  79   0  1.57 0.30
  393 K     0   4   0  -1  -4   2   0  -2  -1  -3  -2   4  -2  -4  -2   0  -1  -4  -3  -2    6  23   4   1   0   7   2   0   0   1   3  45   0   0   1   5   2   0   0   1  0.50 0.14
  394 Q     0  -1   0   3  -3   1   0  -1  -2  -3  -3   1  -3  -4   5   0  -1  -4  -3  -2    7   2   3  19   0   8   2   3   0   0   0  12   0   0  35   4   1   0   0   2  0.65 0.13
  395 F     0   1  -1  -3  -2   0  -1  -2  -1   1  -1   1  -1   0  -1  -1   0  -2   1   3   10  10   1   0   0   3   1   1   1   3   2  15   0   5   2   2   4   0   5  34  0.13 0.09
  396 S     0   1   0   0  -3   0   1  -2  -1  -3  -2   3  -2  -3   4   1  -1  -2  -2  -2    8   6   3   4   0   1  12   1   0   0   3  24   0   0  23   9   3   1   1   1  0.41 0.11
  397 L     1   1   0  -2  -2  -1  -1  -1  -1   0  -1  -1  -1   0   3  -1   0  -1   3   0   16  13   4   0   0   1   2   3   1   8   6   0   0   1  15   2   7   1  18   4  0.19 0.09
  398 Q     1  -1   1   0  -2   2   1  -2   1  -2  -2   0  -1  -3  -1   2   2  -3  -2  -1    9   0   9   4   0  16  10   0   3   0   3   1   0   0   1  19  19   0   0   6  0.25 0.11
  399 E     1  -1   1   0  -3   3   2  -1   1  -1  -2   0  -1  -2   0   0   0  -3  -2  -1   17   0   8   3   0  21  13   2   4   4   3   4   0   2   3   6   5   0   0   5  0.17 0.08
  400 D     1   1   0   1  -3   2   2   0   2  -3  -3   2  -2  -3   0   0   1  -4  -2  -2   12   4   3   8   0   8  17   4   7   0   0  20   0   0   4   4   8   0   0   0  0.26 0.09
  401 Q    -2  -2  -1  -1  -5   3  -1  -4  10  -5  -5  -1  -3  -3  -3  -2  -3  -4  -1  -5    2   0   1   3   0  13   1   0  77   0   0   1   0   0   0   1   0   0   0   0  1.78 0.36
  402 E    -3  -2  -2   0  -6   0   7  -4  -2  -5  -5  -1  -4  -5  -2  -2  -3  -5  -4  -4    0   0   0   1   0   1  98   0   0   0   0   0   0   0   1   0   0   0   0   0  1.65 0.36
  403 V    -1   1   1  -1  -3   2   1  -2   0   0  -1   3  -1  -2  -2   0   1  -3  -2   1    2   5   8   1   0  11   6   0   2   3   3  26   0   1   0   5  11   0   1  15  0.18 0.09
  404 W    -5  -5  -6  -6  -4  -4  -5  -5  -3  -3  -3  -5  -3   5  -6  -4  -4  11   2  -3    0   0   0   0   0   0   0   0   0   1   0   0   0  22   0   0   0  71   3   1  2.75 0.41
  405 N     1  -2  -1  -2  -2  -1   0  -2   0   2   1  -2   0  -2  -2   0   1  -3  -2   2   16   0   2   0   0   2   9   0   2  11  13   0   0   0   0   9   9   0   0  24  0.13 0.08
  406 G    -1  -4  -2  -3  -4  -3  -3   7  -3  -5  -5  -3  -4  -5  -4  -1  -3  -4  -5  -5    3   0   0   0   0   0   0  94   0   0   0   0   0   0   0   1   0   0   0   0  1.69 0.31
  407 A     2   0   0  -1  -2   0   1   2   2  -3  -2   0  -2  -3   1   1   0  -3  -2  -2   30   3   4   0   0   3  13  14   6   0   1   5   0   0   8   7   3   0   1   1  0.25 0.09
  408 A     5  -3  -3  -3  -1  -2  -2  -2  -3  -1  -2  -2  -2  -3  -2   0   0  -4  -3   2   76   0   0   0   1   0   1   0   0   1   1   0   0   0   0   2   3   0   0  15  0.76 0.24
  409 T    -1  -1  -1  -3   1   0  -2  -2  -2   1   0  -2   0   1  -3  -1   1   3   1   3    1   3   3   0   3   4   2   2   0   9   7   0   1   6   0   2  14   5   5  31  0.16 0.09
  410 P     2   2   1  -2  -2  -1  -1  -2   1  -2  -1  -1  -1  -2   3   1   0   3   0  -1   23  14   7   1   0   1   1   0   4   0   5   1   1   0  16  11   4   5   4   3  0.25 0.10
  411 F    -2  -2   0   4  -4   0   1  -3   1  -2  -1  -1  -2   4  -3  -2  -2  -1   2  -1    2   0   3  32   0   3  10   0   5   0   5   2   0  25   0   1   0   0   6   7  0.39 0.14
  412 H    -2  -2  -2  -3  -3   2  -2  -4   5  -1   3  -2   1   2  -4  -2  -2  -3  -1  -1    1   0   0   1   0  13   0   0  19   1  48   1   1  11   0   2   2   0   0   1  0.46 0.18
  413 W     0  -2  -1  -1  -3   1  -2  -1  -1  -1  -2  -2  -2   1  -3   3  -1   8   1  -2    5   0   1   2   0   7   0   4   1   4   3   0   0   7   0  37   2  23   4   0  0.61 0.19
  414 K    -1  -1  -2   1  -3   1   4  -1  -2  -3  -3   1  -3  -1   3  -1  -1  -4  -2  -2    5   1   0   6   0   4  47   4   0   0   1   7   0   3  14   1   1   0   1   4  0.51 0.16
  415 A     0  -4  -4  -4  -1  -3  -4  -4  -3   4   1  -3   0  -2  -3  -2   0  -4  -2   4    8   0   0   0   0   0   0   0   0  27   6   0   1   0   0   0   5   0   0  51  0.59 0.18
  416 T    -1  -2   1  -1  -2  -1  -1   0  -3  -2  -3  -1  -2  -4  -3   2   6  -4  -3  -1    0   0   7   2   0   1   1   5   0   0   0   3   0   0   0  11  68   0   0   2  0.77 0.25
  417 P    -2  -2  -1   5  -5   0   4  -3  -2  -5  -5  -1  -4  -5   2   0  -2  -5  -4  -4    2   0   0  42   0   0  41   0   0   0   0   0   0   0  11   4   0   0   0   0  0.96 0.23
  418 A    -1  -2  -1   1  -3   0   3  -2   0   0   3  -1   0  -1  -3  -2  -2  -3   0   0    5   0   2   9   0   1  24   3   2   6  37   3   0   0   0   0   0   0   4   3  0.21 0.12
  419 D    -4  -3  -1   8  -5  -2   1  -3  -3  -5  -6  -3  -5  -5  -3  -2  -3  -6  -5  -5    0   0   0  96   0   0   3   0   0   0   0   0   0   0   0   0   0   0   0   0  1.92 0.38
  420 F    -4  -4  -5  -5  -4  -4  -5  -5  -2  -2  -2  -5  -2   8  -5  -4  -4   2   6  -3    0   0   0   0   0   0   0   0   0   0   0   0   0  71   0   0   0   2  26   0  1.67 0.34
  421 K    -1  -2  -2  -1  -3   0   5  -4  -2   0  -2   0  -2  -3  -3  -2  -1  -4  -1   4    1   0   0   1   0   1  48   0   0   1   0   4   0   0   0   0   2   0   2  38  0.61 0.22
  422 Q    -3  -1  -2  -2  -5   8   0  -4  -1  -5  -4  -1  -3  -5  -3  -2  -3  -4  -4  -4    0   0   0   0   0  98   0   0   1   0   0   0   0   0   1   0   0   0   0   0  1.96 0.44
  423 A     4  -3  -3  -3  -2  -3  -3  -3  -4  -4  -4  -3  -3  -5   7  -1  -2  -5  -4  -3   43   0   0   0   0   0   0   0   0   0   0   0   0   0  55   0   0   0   0   0  1.47 0.30
  424 Q     0   5   3  -2  -4   0  -1   0  -2  -4  -3   1  -3  -4  -3  -1   1  -4  -3  -3    6  51  17   0   0   1   0   7   0   0   1   7   0   0   0   1   8   0   0   0  0.67 0.20
  425 E     3  -1   0   0  -2   0   0   3  -2  -2  -2  -1   0  -3  -2   0  -1   0  -3  -1   42   2   3   6   0   4   5  23   0   2   1   3   3   0   0   2   1   1   0   2  0.33 0.13
  426 L    -3  -4  -5  -5  -3  -4  -3  -5  -4   0   6  -4   2   1  -4  -3  -3  -3  -2  -1    0   0   0   0   0   0   1   0   0   0  89   0   2   6   0   1   0   0   0   0  1.04 0.27
  427 W    -5  -5  -5  -6  -5  -4  -5  -5  -3  -4  -3  -5  -4   0  -6  -5  -4  12   5  -5    0   0   0   0   0   0   0   0   0   0   1   0   0   0   0   0   0  74  23   0  3.08 0.47
  428 K    -1   2   1   1  -4   3   2  -2   1  -4  -3   3  -2  -4  -2   0  -1  -4  -3  -3    4   7   5   8   0  16  16   1   3   0   1  29   0   0   0   8   1   0   0   0  0.43 0.13
  429 V    -2  -1  -1  -3  -2  -2  -2  -4  -3   1   0   2  -1  -2  -3  -2  -1  -4  -2   5    0   1   3   1   0   1   2   0   0   1   5  17   0   0   0   0   2   0   1  67  0.57 0.22
  430 L    -2  -3  -4  -5  -2  -3  -4  -5  -4   1   4  -4   2   3  -4  -3  -2  -1   0   3    1   0   0   0   0   0   0   0   0   0  55   0   5  13   0   0   0   1   1  24  0.62 0.18
  431 K     0  -2  -1   0  -3  -2  -2   4  -3  -3  -3  -1   2   1  -2   1  -2   5  -2  -3    5   1   2   6   0   0   0  45   0   0   0   3   8   7   2  10   0  10   0   0  0.55 0.16
  432 R    -2   5   2   3  -3   0   0  -2  -1  -4  -3   3  -3  -4  -3  -1  -2  -4  -3  -3    1  37  10  19   0   3   2   2   0   0   1  21   0   0   0   1   1   0   0   0  0.61 0.17
  433 Y    -1  -1   0   1  -2   3   0  -2  -1  -2  -2  -1  -1  -2  -2   0   4  -2   1  -1    1   1   2   8   0  20   4   2   1   1   2   2   1   1   1   3  42   0   5   2  0.38 0.14
  434 P     0  -1  -1   3  -3   1   1  -2  -2  -3  -3   1  -3  -4   5  -1  -1  -4  -3  -2    8   1   2  21   0   8   6   1   0   1   1   9   0   0  34   2   2   0   0   2  0.65 0.14
  435 N     0  -2   1   1  -3  -2   0   5  -2  -3  -3  -2  -3  -3  -2  -1  -1  -3  -3  -3    6   1   6   7   0   1   5  59   1   1   2   1   0   1   1   2   4   0   1   1  0.67 0.14
  436 Q     2   0  -2  -1  -3   7   2  -2  -1  -4  -3   0  -2  -4  -2  -1  -2  -3  -3  -3   17   1   0   2   0  64   8   2   0   0   1   1   0   0   0   1   0   0   0   1  0.92 0.26
  437 Q    -3   4  -2  -2  -5   7   0  -4  -1  -5  -4   2  -2  -5  -3  -2  -3  -4  -3  -4    0  28   0   1   0  61   0   0   0   0   0  10   0   0   0   0   0   0   0   0  1.21 0.31
  438 E     0   0  -1   4  -4   1   5  -2  -2  -4  -4   1  -3  -4  -2  -1  -1  -4  -3  -3   10   3   0  26   0   2  46   1   0   0   0   8   0   0   0   1   2   0   0   0  0.71 0.20
  439 H     2   2   5  -1  -4  -1  -2  -2   5  -4  -4  -1  -3  -4  -3  -1  -1  -4  -2  -3   19  13  42   1   0   0   0   0  21   0   0   0   0   0   0   1   2   0   0   0  0.76 0.23
  440 L    -3  -4  -5  -5  -3  -4  -4  -5  -2  -1   3  -4  -1   6  -5  -4  -3  -1   4  -1    0   0   0   0   0   0   0   0   0   0  36   0   0  47   0   0   0   0  15   1  1.00 0.25
  441 A     1  -4  -4  -4  -1  -4  -4  -4  -4   3  -1  -4   0  -2  -4  -2  -2  -4  -3   5   11   0   0   0   1   0   0   0   0  20   0   0   1   0   0   1   0   0   0  66  0.80 0.24
  442 H    -1   0   2  -1  -4   1  -1   1   6  -4  -4   1  -3  -2  -3   1  -1  -3   2  -4    1   2   9   1   0   8   2  13  33   0   0  10   0   1   0  13   1   0   6   0  0.53 0.17
  443 N    -4  -3   8  -1  -5  -2  -2  -3  -1  -6  -6  -2  -4  -5  -4  -1  -2  -6  -4  -5    0   0 100   0   0   0   0   0   0   0   0   0   0   0   0   0   0   0   0   0  2.07 0.43
  444 I    -2  -4  -5  -5  -2  -4  -4  -5  -5   4   0  -4  -1  -1  -4  -3  -2  -4  -3   6    0   0   0   0   0   0   0   0   0  23   4   0   0   1   0   0   0   0   0  71  1.00 0.27
  445 A     5  -3  -2  -3  -2  -2  -2   0  -3  -3  -3  -2  -3  -4  -2   3  -1  -4  -3  -1   62   0   0   0   0   0   0   3   0   0   0   0   0   0   0  29   1   0   0   4  0.76 0.25
  446 V     0  -3  -1  -1  -3  -2  -2   5  -3  -1  -3  -3  -2  -3  -3   0  -2  -4  -4   2    4   0   1   3   0   1   2  57   0   2   0   0   0   0   0   5   1   0   0  24  0.72 0.21
  447 H    -2  -3   0  -2  -5  -2  -2  -4  10  -6  -5  -3  -4  -3  -4  -2  -4  -5  -1  -5    2   0   2   1   0   0   0   0  92   0   0   0   0   1   0   2   0   0   0   0  2.42 0.46
  448 A    -1  -4  -4  -5  -2  -3  -4  -5  -4   1   4  -4   2   2  -4  -3  -2  -3  -1   2    4   0   0   0   0   0   0   0   0   6  63   0   3  11   0   0   0   0   0  14  0.66 0.19
  449 A     1  -1  -1  -2   5  -1  -2   3  -2  -3  -3   2  -2  -2  -3   2  -1  -1  -2  -2   13   2   0   0  15   2   0  23   1   1   0  17   0   2   0  21   0   1   0   1  0.37 0.15
  450 G     2  -2   4   0  -3  -2  -2   4  -2  -4  -3  -1  -3  -4  -3   0  -1  -4  -4  -3   22   1  27   3   0   0   0  38   0   0   1   2   0   0   0   3   2   0   0   0  0.64 0.19
  451 A     5  -3  -3  -4   0  -3  -3  -2  -4  -1  -2  -3  -2  -3  -3  -1  -1  -4  -3   2   73   0   0   0   2   0   0   0   0   2   0   0   0   0   0   1   2   0   0  20  0.81 0.27
  452 D    -2   2   1   1   0   1   0  -3   3  -1  -3   5  -2  -4  -3  -1  -2  -4  -2  -1    1   9   5  10   2   4   3   0  10   4   0  47   0   0   0   1   1   0   0   4  0.48 0.18
  453 A     0  -1  -1   0  -3   0   3  -2  -1  -3  -3   1  -3  -4   4   3  -1  -4  -3  -2    4   2   0   2   0   3  21   0   1   0   1  10   0   0  22  31   1   0   0   3  0.51 0.17
  454 A    -1   1  -1   3  -4   0   4  -1   1  -4  -4   0  -3  -2   1  -1  -1  -4  -2  -3    5   7   1  19   0   2  42   3   4   0   0   4   0   2   8   2   2   0   0   0  0.52 0.16
  455 I    -2  -4  -4  -4  -2  -4  -4  -5  -4   4   0  -4   0  -2  -4  -3   2  -4  -3   5    0   0   0   0   0   0   0   0   0  36   1   0   1   0   0   0  15   0   0  47  0.76 0.23
  456 Q    -3   5  -2  -3  -5   4  -1  -3  -2  -3  -3   4  -2  -4  -3  -2  -2  -4  -3  -3    0  45   0   0   0  24   0   0   0   2   1  27   0   0   0   0   0   0   0   1  0.95 0.26
  457 D     2   1   1   2  -3   1   3  -1  -1  -3  -3   2  -2  -4  -2   0  -1  -2  -3  -3   26   7   5  15   0   6  21   1   0   0   0  17   0   0   0   1   2   0   0   0  0.37 0.13
  458 R     0   7  -2  -3  -5   0  -1  -3  -2  -5  -4   1  -3  -5  -4  -2  -2  -5  -4  -4    7  83   0   1   0   3   1   1   0   0   0   4   0   0   0   0   1   0   0   0  1.41 0.33
  459 V    -1  -2  -2  -3  -2   4  -1  -3  -2  -1  -2  -2  -1  -4  -3  -1   4  -3  -3   3    3   0   0   0   1  32   0   0   0   1   0   0   0   0   0   0  40   0   0  24  0.65 0.25
  460 F    -3  -4  -4  -5  -1  -3  -4  -5  -1   0   3  -4   0   3  -4  -3  -3  -1   6  -1    1   0   0   0   1   0   0   0   0   4  40   0   1  12   0   0   0   0  38   2  0.84 0.23
  461 A     1  -1   0   1  -3   0   3   2  -1  -4  -4   0  -3  -4  -2   3  -1  -4  -3  -3   15   1   1   6   0   2  24  15   1   0   0   4   0   0   0  31   1   0   0   0  0.41 0.15
  462 Y    -2  -3  -3  -5  -2  -3  -4  -5   0   0   0  -3   7  -1  -4  -3  -2  -2   4   3    0   0   0   0   0   0   0   0   2   2   4   0  44   0   0   0   0   0  16  30  0.89 0.28
  463 F    -4  -5  -5  -6  -5  -5  -5  -5  -3  -2  -2  -5  -2   8  -6  -5  -4   6   1  -3    0   0   0   0   0   0   0   0   0   0   0   0   0  87   0   0   0  12   1   0  2.03 0.40
  464 G     3   1  -1  -1  -2  -1  -1   1  -2  -3  -3   0  -2  -3  -2   2   1  -4  -2  -2   41   8   1   2   0   0   2  11   1   0   1   3   0   0   0  22   8   0   1   0  0.39 0.16
  465 K     2   5  -1  -2  -1   0  -1  -2  -2  -4  -3   3  -2  -4  -3   0  -1  -4  -3  -3   27  39   2   0   1   0   0   1   0   0   0  22   0   0   0   5   2   0   0   0  0.60 0.20
  466 V     0  -4  -5  -5  -2  -4  -4  -5  -5   2  -1  -4  -1  -3  -4  -3  -2  -5  -3   6    6   0   0   0   0   0   0   0   0   8   0   0   0   0   0   0   0   0   0  86  1.13 0.31
  467 S    -3  -2   4   6  -4  -2   0  -3   2  -5  -5  -2  -4  -5  -3   0  -1  -5  -3  -4    1   0  21  61   0   0   1   0   6   0   0   0   0   0   0   7   2   0   0   0  1.11 0.27
  468 Q     0   0  -2  -2  -4   5   1  -1  -2  -4  -3   2  -2  -4   5  -1  -1  -4  -3  -3    8   2   0   0   0  34   5   4   0   0   0  15   0   0  27   3   1   0   0   1  0.71 0.21
  469 D    -1  -1   0   4  -4   0   3   2  -1  -3  -4   0  -3  -4  -2   1   0  -4  -3  -2    3   1   3  29   0   3  22  15   1   1   0   5   0   0   0  11   4   0   0   2  0.44 0.14
  470 L    -3  -4  -5  -5  -3  -4  -5  -5  -4   2   5  -4   0   0  -4  -4  -3  -3  -1   0    0   0   0   0   0   0   0   0   0  11  85   0   0   1   0   0   0   0   2   0  1.04 0.27
  471 A     1  -3  -1  -2  -3  -2  -2   5  -3  -4  -4  -2  -4  -4  -3   4  -1  -4  -4  -4    8   0   0   0   0   0   2  54   0   0   0   0   0   0   0  36   0   0   0   0  0.94 0.25
  472 D     1   1   1   4  -3   1   2  -2  -2  -3  -3   1  -2  -4  -2   0  -1  -4  -3  -3   19   8   4  37   0   6  11   1   0   0   1   7   0   0   0   5   1   0   0   1  0.47 0.15
  473 A     1   6   0  -1  -4   0  -1  -1  -1  -4  -2   1  -2  -4  -3  -1  -2  -1  -3  -3   15  62   3   4   0   1   1   4   1   0   3   3   0   0   0   2   0   1   0   0  0.78 0.24
  474 I    -3  -5  -5  -5  -3  -4  -5  -6  -5   7   1  -4   0  -2  -5  -4  -2  -4  -3   2    0   0   0   0   0   0   0   0   0  81  10   0   0   0   0   0   0   0   0   9  1.20 0.30
  475 K     3   2  -2  -2  -3   1   2  -1  -1  -3  -3   3  -2  -3  -2   0  -1  -4  -3  -2   39  15   0   0   0   5  13   1   1   0   0  21   1   0   0   3   1   0   0   0  0.43 0.17
  476 K     1   1  -1   0  -4   1   3  -2   0  -3  -3   4  -3  -4  -2   0   0  -4  -3  -2   12   4   1   5   0   3  19   0   2   0   1  44   0   0   0   5   3   0   0   1  0.49 0.17
  477 E     4  -2  -2  -2  -3   0   3  -1  -2  -3  -3   0  -2  -4  -2   0  -1  -4  -3  -2   57   1   0   0   0   4  26   3   0   0   1   3   0   0   0   2   2   0   0   1  0.59 0.22
  478 V    -1  -3  -3  -3  -1  -3  -3  -4  -4   4   1  -3   1  -2  -3  -1   4  -4  -3   2    3   0   0   0   1   0   0   0   0  29  10   0   2   0   0   1  40   0   0  13  0.52 0.20
  479 L    -1  -2  -1  -1  -4   1   4   3  -1  -3   0  -1  -2  -2  -2  -1  -2  -4  -2  -3    2   0   1   0   0   5  46  27   1   0  12   2   0   1   1   0   1   0   0   1  0.51 0.18
  480 E     3   0  -1  -1  -3   1   1  -1   2  -3  -3   3  -2  -3  -2   0   0  -3  -2  -2   31   2   1   0   0   5  11   1   6   0   0  31   0   0   1   5   3   0   0   2  0.35 0.14
  481 L    -1  -1  -1  -2  -2   0  -1  -3  -2   1   2  -1   0  -1   2  -1  -1  -3  -1   1    4   1   5   1   0   4   4   0   0   8  37   5   1   0  12   3   1   0   1  14  0.19 0.07
  482 S     4  -1   0  -1  -1  -1  -1  -1  -2  -2  -2  -1  -2  -3  -1   3   1  -4  -3  -1   45   3   3   1   0   1   0   0   0   0   3   2   0   0   1  31   6   0   0   3  0.42 0.15
  483 P     1  -3  -1  -2  -3  -2  -2  -3  -3  -3  -3   0  -3  -4   7   1  -1  -5  -4  -1   13   0   3   0   0   0   0   0   0   0   0   4   0   0  60  12   1   0   0   7  1.22 0.19
  484 R    -1   4  -1  -1  -3   0   0  -2  -1  -2   0   3  -1  -3  -2  -1  -1  -3  -2   0    4  32   1   1   0   1   6   1   0   0  11  31   1   0   1   1   1   0   0   8  0.36 0.10
  485 K    -2   2  -1  -2  -4   1   1  -3  -2  -4  -4   6  -2  -4  -2  -1  -2  -4  -3  -3    0   3   0   0   0   4   3   0   0   0   0  90   0   0   0   0   0   0   0   0  0.99 0.16

                      K         Lambda
Standard Ungapped    0.1333     0.3178
Standard Gapped      0.0582     0.2670
PSI Ungapped         0.1902     0.3176
PSI Gapped           0.0582     0.2670
