
Last position-specific scoring matrix computed, weighted observed percentages rounded down, information per position, and relative weight of gapless real matches to pseudocounts
            A   R   N   D   C   Q   E   G   H   I   L   K   M   F   P   S   T   W   Y   V   A   R   N   D   C   Q   E   G   H   I   L   K   M   F   P   S   T   W   Y   V
    1 M    -1  -2  -3  -4  -2  -1  -3  -3  -2   1   2  -2   8   0  -3  -2  -1  -2  -2   0    0   0   0   0   0   0   0   0   0   0   0   0 100   0   0   0   0   0   0   0  0.71 0.07
    2 S     0  -2  -1  -2  -2  -1  -1  -2  -2  -1   0  -1   6  -2  -2   3   0  -3  -2  -1    0   0   0   0   0   0   0   0   0   0   0   0  49   0   0  51   0   0   0   0  0.42 0.08
    3 R    -2   7  -1  -2  -4   0  -1  -3  -1  -4  -3   2  -2  -4  -3  -1  -2  -4  -2  -3    0 100   0   0   0   0   0   0   0   0   0   0   0   0   0   0   0   0   0   0  1.12 0.09
    4 K    -1   1  -1  -1  -3   0   0  -2  -1  -3  -2   5  -2  -3  -2   0   3  -3  -2  -2    0   0   0   0   0   0   0   0   0   0   1  72   0   0   0   0  27   0   0   0  0.53 0.07
    5 P    -2  -3  -3  -2  -4  -2  -2  -3  -3  -4  -4  -2  -3  -5   8  -2  -2  -5  -4  -3    0   0   0   0   0   0   0   0   0   0   0   0   0   0 100   0   0   0   0   0  2.31 0.11
    6 F    -2  -4  -4  -4  -2  -3  -4  -4  -4   5   1  -3   1   2  -4  -3  -1  -2  -1   2    0   0   0   0   0   0   0   0   0  85   0   0   1  14   0   0   0   0   0   0  0.57 0.07
    7 I    -2  -4  -4  -4  -2  -4  -4  -5  -4   6   1  -3   1  -1  -4  -3  -1  -3  -2   2    0   0   0   0   0   0   0   0   0  99   1   0   0   0   0   0   0   0   0   0  0.70 0.08
    8 A     5  -2  -2  -2  -1  -1  -1   0  -2  -2  -2  -1  -2  -3  -1   1  -1  -3  -2  -1  100   0   0   0   0   0   0   0   0   0   0   0   0   0   0   0   0   0   0   0  0.66 0.08
    9 G     0  -3  -1  -2  -3  -2  -3   6  -3  -5  -4  -2  -3  -4  -3  -1  -2  -3  -4  -4    0   0   0   0   0   0   0 100   0   0   0   0   0   0   0   0   0   0   0   0  1.31 0.08
   10 N    -2  -1   7   1  -4  -1  -1  -1   0  -4  -4  -1  -3  -4  -3   0  -1  -5  -3  -4    0   0 100   0   0   0   0   0   0   0   0   0   0   0   0   0   0   0   0   0  1.13 0.10
   11 W    -4  -4  -5  -5  -3  -3  -4  -4  -3  -4  -3  -4  -2   0  -5  -4  -4  12   1  -4    0   0   0   0   0   0   0   0   0   0   0   0   0   0   0   0   0 100   0   0  3.05 0.15
   12 K    -1   2  -1  -1  -4   1   0  -2  -1  -3  -3   6  -2  -4  -2  -1  -1  -4  -3  -3    0   0   0   0   0   0   0   0   0   0   0 100   0   0   0   0   0   0   0   0  0.84 0.09
   13 M    -2  -2  -3  -4  -2  -1  -3  -4  -2   1   2  -2   8  -1  -3  -2  -1  -2  -2   0    0   0   0   0   0   0   0   0   0   0   5   0  95   0   0   0   0   0   0   0  0.92 0.12
   14 N    -2  -1   7   1  -4  -1  -1  -1   1  -4  -4  -1  -3  -4  -3   0  -1  -5  -3  -4    0   0  98   0   0   0   0   0   2   0   0   0   0   0   0   0   0   0   0   0  1.10 0.10
   15 K    -1   1   0  -1  -3   1   0  -2  -1  -2  -2   5   2  -3  -2  -1  -1  -3  -2  -2    0   0   4   0   0   2   0   0   0   0   1  78  15   0   0   0   0   0   0   0  0.53 0.07
   16 N    -1  -1   6   0  -2  -1  -1  -1  -1  -2  -3  -1  -2  -3  -2   1   3  -4  -3  -2    0   0  62   0   0   0   0   0   0   0   0   0   0   0   0   0  37   0   0   1  0.65 0.07
   17 P     2  -2  -2  -2  -2  -2  -2  -2   0  -2  -3  -1  -2  -3   7   0  -1  -4  -3   0   26   0   0   0   0   0   0   0   4   0   0   0   0   0  60   1   0   0   0   8  1.11 0.06
   18 E     1   0  -1   0  -3   4   3  -2  -1  -3  -3   2  -1  -3  -1   1   0  -3  -2  -2   16   0   0   3   0  31  25   0   0   0   0  12   0   0   0   7   3   0   0   2  0.37 0.04
   19 E    -1   0  -1   1  -4   3   6  -3  -1  -4  -3   0  -2  -4  -2  -1  -1  -3  -3  -3    0   0   0   2   0  13  83   0   0   0   0   0   0   0   0   0   1   0   0   0  0.87 0.08
   20 A     4  -2  -1  -2  -1  -1  -1  -1  -2  -2  -2  -1  -1  -3  -1   1   3  -3  -2  -1   64   0   0   0   0   0   0   0   0   0   0   0   0   0   0   3  33   0   0   0  0.44 0.06
   21 K     1   3  -1  -1  -2   3   0  -2  -1  -1  -1   3   0  -3  -2   0   1  -3  -2  -1   12  20   0   0   0  23   0   0   0   2   2  23   2   0   0   0  11   0   0   5  0.27 0.03
   22 A     3  -1  -1   1  -2   1   4  -1  -1  -3  -3   0  -2  -3  -1   0  -1  -3  -2  -2   48   2   1   3   0   1  44   0   0   0   0   1   0   0   0   0   0   0   0   0  0.43 0.05
   23 F    -3  -4  -4  -4  -3  -4  -4  -4  -2  -1   0  -4  -1   8  -5  -3  -3   0   3  -2    0   0   0   0   0   0   0   0   0   0   0   0   0 100   0   0   0   0   0   0  1.20 0.10
   24 V     0  -3  -3  -4  -1  -3  -3  -3  -4   3   1  -3   1  -1  -3  -2  -1  -3  -2   4    8   0   0   0   0   0   0   0   0  17   8   0   0   0   0   0   0   0   0  67  0.40 0.05
   25 E    -1   0   2   2  -4   2   5  -2  -1  -4  -3   2  -2  -3  -2   0  -1  -3  -2  -3    0   0  11  11   0   3  57   1   0   0   0  12   0   1   0   3   0   0   0   0  0.56 0.05
   26 A     5  -2  -2  -1  -1  -1  -1   1  -2  -2  -2  -1  -2  -3  -1   1   0  -3  -2  -1   86   0   0   2   0   1   3   6   0   0   0   0   0   0   0   1   1   0   0   0  0.50 0.07
   27 V    -1  -3  -4  -4  -1  -3  -3  -4  -4   3   1  -3   1  -1  -3  -2  -1  -3  -2   5    0   0   0   0   0   0   0   0   0  16   5   0   0   0   0   0   0   0   0  79  0.52 0.06
   28 A     2   1  -1  -1  -3   1   0  -2  -1  -2  -2   5  -2  -3  -1   0  -1  -3  -2  -1   24   0   0   0   0   1   1   0   0   0   0  67   0   0   0   1   1   0   0   5  0.42 0.06
   29 S     0  -2   3   3  -3  -1   0   3  -1  -3  -2  -1  -2  -3  -2   1   0  -4  -3  -3    2   0  23  25   0   0   0  24   0   0   5   0   0   0   0  15   7   0   0   0  0.37 0.03
   30 K    -1   1   2   1  -3   3   1  -2   0  -3  -3   4  -2  -4  -2   0  -1  -3  -2  -3    3   2  16   6   0  19   0   0   1   0   0  52   0   0   0   1   0   0   0   0  0.46 0.05
   31 L    -2  -3  -4  -4  -2  -3  -4  -4  -4   3   4  -3   2   0  -3  -3  -1  -2  -2   1    0   0   0   0   0   0   0   0   0  26  71   0   0   0   0   0   0   0   0   3  0.52 0.05
   32 P    -2  -3  -3  -2  -4  -2  -2  -3  -3  -4  -4  -2  -3  -5   8  -1  -1  -5  -4  -3    0   0   0   0   0   0   0   0   0   0   0   0   0   0  99   0   1   0   0   0  2.27 0.10
   33 S     2  -1   0   2  -2   0   0  -1  -1  -3  -3   0  -2  -3  -1   4   1  -3  -2  -2   18   0   0  13   0   0   4   1   0   0   0   3   0   0   0  57   3   0   0   0  0.39 0.05
   34 S     1  -1   4   0  -2   0   0   0  -1  -3  -3   0  -2  -2   1   2   1  -3  -2  -2   17   0  30   2   0   0   4   3   0   0   0   2   0   3   5  27   6   0   0   0  0.30 0.03
   35 D    -1  -1   1   5  -3   0   3  -1  -1  -3  -4  -1  -3  -4  -2   1   0  -4  -3  -3    2   0   5  52   0   1  19   2   0   0   0   0   0   0   0  15   5   0   0   0  0.58 0.05
   36 L    -1   1  -2  -2  -2   1   0  -3  -2   0   2   2   0  -1  -2  -1  -1  -3  -2   1    1   4   0   1   0   7   4   0   0   2  37  28   0   2   0   3   1   0   0  12  0.14 0.03
   37 V    -1  -3  -4  -4  -1  -3  -3  -4  -4   2   0  -3   0  -1  -3  -2   0  -4  -2   5    0   0   0   0   0   0   0   0   0   2   0   0   0   0   0   0   1   0   0  97  0.60 0.08
   38 E    -2  -1   0   4  -4   1   5  -2  -1  -4  -4   0  -3  -4  -2  -1  -1  -4  -3  -3    0   0   0  35   0   0  65   0   0   0   0   0   0   0   0   0   0   0   0   0  0.85 0.07
   39 A     3  -2  -1  -1  -1  -1  -1  -1  -2  -2  -2  -1  -1  -3  -1   3   2  -3  -2   0   37   0   0   0   0   0   0   0   0   0   0   0   0   0   0  42  16   0   0   5  0.37 0.05
   40 G     1  -3  -3  -3  -1  -2  -3   1  -3   2   0  -2   0  -2  -3  -1  -1  -3  -2   4   16   0   0   0   0   0   0  12   0   0   2   0   0   0   0   0   0   0   0  70  0.31 0.05
   41 I    -2  -4  -4  -4  -2  -3  -4  -4  -4   5   1  -3   1  -1  -3  -3  -1  -3  -2   3    0   0   0   0   0   0   0   0   0  81   0   0   0   0   0   0   0   0   0  19  0.59 0.07
   42 A     4  -2  -1  -2   1  -2  -2   4  -2  -3  -3  -2  -2  -3  -2   0  -1  -3  -3  -2   55   0   0   0   3   0   0  42   0   0   0   0   0   0   0   0   0   0   0   0  0.57 0.05
   43 A     5  -2  -2  -2  -1  -1  -1   0  -2  -2  -2  -1  -1  -3  -1   2   0  -3  -2   0   80   0   0   0   0   0   0   0   0   0   0   0   0   0   0  17   0   0   0   3  0.50 0.06
   44 P    -1  -3  -3  -2  -4  -2  -2  -3  -3  -4  -4  -2  -3  -5   8  -1  -2  -5  -4  -3    0   0   0   0   0   0   0   0   0   0   0   0   0   0  97   3   0   0   0   0  2.21 0.10
   45 A     5  -2  -1  -2  -1  -1  -1   0  -2  -2  -2  -1  -2  -3   0   1   0  -3  -2  -1   92   0   1   0   0   0   0   0   0   0   0   0   0   0   3   1   2   0   0   0  0.57 0.07
   46 L    -1  -3  -4  -4  -1  -3  -3  -4  -4   3   3  -3   1   0  -3  -3  -1  -3  -2   3    0   0   0   0   0   0   0   0   0  18  39   0   0   0   0   0   0   0   0  43  0.41 0.04
   47 D    -2  -3   0   5  -3  -2   0  -2  -2  -2   0  -2  -1   4  -3  -1  -1  -2   0  -2    0   0   1  56   0   0   0   0   0   0   8   0   0  32   0   0   2   0   0   1  0.53 0.06
   48 L    -2  -3  -4  -4  -2  -3  -4  -4  -3   2   5  -3   2   0  -4  -3  -2  -2  -2   1    0   0   0   0   0   0   0   0   0   4  95   0   0   0   0   0   0   0   0   1  0.64 0.06
   49 T    -1  -1   3   1  -3   1   3  -2   0  -2  -3   0  -2  -3   3   1   0  -3  -2  -1    1   0  23   2   0   9  26   0   1   0   0   0   0   0  18   9   5   0   1   7  0.38 0.03
   50 T     3  -2   0  -1  -1  -1   0   3  -2  -2  -2  -1  -2  -3  -2   1   2  -3  -2  -1   42   0   3   0   0   0   5  27   0   0   0   0   0   0   0   2  21   0   0   1  0.34 0.04
   51 V    -1  -2  -3  -4  -2  -2  -3  -4  -3   2   3  -3   4   0  -3  -2   0  -2  -1   2    0   0   0   0   0   0   0   0   0   1  50   0  23   0   0   0   4   0   0  21  0.39 0.05
   52 L    -1   0  -2  -3  -2  -1  -2  -3  -2   1   3   2   1  -1  -2  -1   0  -3  -2   1    0   2   0   0   0   0   0   0   0   7  42  26   2   0   0   0   7   0   0  15  0.18 0.03
   53 A     1   0  -1   0  -3   0   3  -1   0  -3  -3   2  -2   0  -2   0  -1   6   0  -2   15   0   1   3   0   0  33   1   2   0   0  19   0   4   0   3   0  16   2   0  0.37 0.04
   54 A     3  -2   1  -2  -2  -1  -1   2  -2  -2  -2  -1  -1   3  -2   0  -1  -2   0  -1   43   0   9   0   0   1   2  16   0   0   0   0   0  23   0   2   0   0   1   2  0.22 0.04
   55 A     4  -2  -2  -2  -1  -1  -1  -1  -2   0  -1  -1  -1  -2  -1   2   0  -3  -2   1   64   0   0   0   0   0   0   0   0   1   1   0   0   0   0  15   3   0   0  16  0.34 0.05
   56 K    -1   2   0  -1  -3   1   1  -1  -1  -3  -3   5  -1  -4  -2   0  -1  -3  -2  -3    3   7   2   0   0   3   9   1   0   1   0  70   1   0   0   1   2   0   0   0  0.50 0.06
   57 G    -1  -2   1   3  -3  -2   0   5  -2  -4  -4  -2  -3  -4  -2  -1  -2  -4  -4  -3    0   0   4  28   0   0   2  65   0   0   0   0   0   0   0   0   0   0   0   2  0.78 0.05
   58 S     0  -1   0  -1  -1   0   0  -1  -2  -2  -3  -1  -2  -3  -1   4   3  -3  -2  -2    0   0   0   0   0   0   6   0   0   0   0   0   0   0   0  68  26   0   0   0  0.51 0.06
   59 N    -1  -1   3   4  -3   1   3  -1  -1  -3  -3   0  -2  -3   0   0  -1  -4  -3  -1    3   0  17  27   0   5  35   2   0   0   0   1   0   0   4   1   0   0   0   7  0.44 0.04
   60 L    -2  -3  -4  -4  -2  -3  -4  -4  -3   1   5  -3   2   0  -4  -3  -2  -2  -2   1    0   0   0   0   0   0   0   0   0   0  98   0   0   0   0   0   0   0   0   2  0.66 0.07
   61 K    -1   2  -1  -1  -4   3   1  -2   1  -3  -3   5  -2  -4  -2  -1  -1  -3  -2  -3    0   1   0   0   0  14   0   0   4   0   0  81   0   0   0   0   0   0   0   0  0.67 0.07
   62 V    -1  -3  -3  -3  -1  -3  -3  -4  -4   3   0  -3   0  -1  -3  -2   1  -3  -2   4    0   0   0   0   0   0   0   0   0  16   0   0   0   0   0   0  11   0   0  73  0.44 0.06
   63 A     5  -2  -2  -2  -1  -1  -1   0  -2  -2  -2  -1  -2  -3  -1   1   0  -3  -2  -1   90   0   0   0   0   0   0   2   0   0   0   0   0   0   0   8   0   0   0   0  0.58 0.07
   64 A     5  -2  -2  -2  -1  -1  -1   0  -2  -2  -2  -1  -2  -3  -1   1  -1  -3  -2  -1   98   0   0   0   0   0   0   1   0   0   0   0   0   0   0   1   0   0   0   0  0.64 0.08
   65 Q    -1   0  -1   0  -4   6   4  -3   0  -4  -3   1  -1  -4  -2  -1  -1  -3  -2  -3    0   0   0   0   0  68  32   0   0   0   0   0   0   0   0   0   0   0   0   0  0.83 0.08
   66 N    -2  -1   7   1  -4  -1  -1  -1   0  -4  -4  -1  -3  -4  -3   0  -1  -5  -3  -4    0   0 100   0   0   0   0   0   0   0   0   0   0   0   0   0   0   0   0   0  1.13 0.10
   67 T     0  -4  -3  -4   9  -3  -4  -3  -3  -2  -2  -3  -2  -3  -3   0   0  -3  -3  -1    7   0   0   0  80   0   0   0   0   0   0   0   0   0   0   7   6   0   0   0  1.32 0.10
   68 Y    -3  -3  -3  -4  -3  -2  -3  -4   2  -2  -2  -3  -2   3  -4  -3  -2   2   8  -2    0   0   0   0   0   0   0   0   1   0   0   0   0   3   0   0   0   0  96   0  1.32 0.11
   69 F    -3  -4  -4  -4  -3  -4  -4  -4  -2  -1   0  -4  -1   7  -4  -3  -3   6   3  -2    0   0   0   0   0   0   0   0   0   0   0   0   0  86   0   1   0  13   0   0  1.12 0.09
   70 E    -2  -1  -1   1  -4   1   6  -3  -1  -4  -4   1  -3  -4  -2  -1  -2  -4  -3  -3    0   0   0   0   0   0  98   0   0   0   0   2   0   0   0   0   0   0   0   0  1.01 0.09
   71 D    -2  -2   4   6  -4   0   1  -2  -1  -4  -4  -1  -3  -4  -2   0  -1  -5  -3  -4    1   0  29  66   0   1   3   0   0   0   0   0   0   0   0   0   0   0   0   0  0.88 0.07
   72 A     2  -1  -1   0  -2   0   3  -1  -1  -2  -2   0  -2   1  -1   1   0  -2  -1  -2   35   0   1   2   0   1  36   0   0   0   0   3   0   9   0  11   3   0   1   0  0.27 0.04
   73 G     0  -3  -1  -2  -3  -2  -3   6  -3  -5  -4  -2  -3  -4  -3  -1  -2  -3  -4  -4    0   0   0   0   0   0   0 100   0   0   0   0   0   0   0   0   0   0   0   0  1.31 0.08
   74 A     5  -2  -2  -2  -1  -1  -1   0  -2  -2  -2  -1  -2  -3  -1   1  -1  -3  -2  -1  100   0   0   0   0   0   0   0   0   0   0   0   0   0   0   0   0   0   0   0  0.66 0.08
   75 F    -3  -3  -4  -4  -3  -4  -4  -4  -1  -1   0  -4  -1   7  -4  -3  -3   1   4  -2    0   0   0   0   0   0   0   0   0   0   0   0   0  86   0   0   0   0  14   0  1.06 0.09
   76 T    -1  -2  -1  -2  -2  -1  -2  -2  -2  -1  -2  -1  -1  -3  -2   1   6  -3  -2  -1    0   0   0   0   0   0   0   0   0   0   0   0   0   0   0   0 100   0   0   0  0.81 0.09
   77 G     0  -3  -1  -2  -3  -2  -3   6  -3  -5  -4  -2  -3  -4  -3  -1  -2  -3  -4  -4    0   0   0   0   0   0   0 100   0   0   0   0   0   0   0   0   0   0   0   0  1.31 0.08
   78 E    -2  -1  -1   1  -5   1   6  -3  -1  -4  -4   0  -3  -4  -2  -1  -2  -4  -3  -3    0   0   0   0   0   0 100   0   0   0   0   0   0   0   0   0   0   0   0   0  1.04 0.09
   79 N    -1  -2   2  -1  -2  -1  -1  -2  -2   0  -2  -1  -1  -3  -2   1   5  -3  -2   0    0   0  17   0   0   0   0   0   0   5   0   0   0   0   0   2  76   0   0   1  0.54 0.07
   80 S     1  -1   0  -1  -2  -1  -1  -1  -2  -3  -3  -1  -2  -3  -1   5   1  -4  -2  -2    0   0   0   0   0   0   0   0   0   0   0   0   0   0   0 100   0   0   0   0  0.73 0.09
   81 P    -2  -3  -3  -2  -4  -2  -2  -3  -3  -4  -4  -2  -3  -5   8  -2  -2  -5  -4  -3    0   0   0   0   0   0   0   0   0   0   0   0   0   0 100   0   0   0   0   0  2.31 0.11
   82 K     1   1  -1  -1  -3   1   0  -2  -1  -3  -2   5  -2  -3  -2   0  -1  -3  -2  -2   19   0   0   0   0   6   1   0   0   0   2  72   0   0   0   0   0   0   0   0  0.48 0.06
   83 V     2  -2  -2  -3  -1  -2  -2  -2  -3   1   0  -2   0  -2  -2   0   1  -3  -2   3   31   0   0   0   0   0   0   0   0   0   0   0   0   0   0   5  13   0   0  51  0.26 0.04
   84 L    -2  -3  -4  -4  -2  -3  -4  -4  -3   2   5  -3   2   0  -4  -3  -2  -2  -2   1    0   0   0   0   0   0   0   0   0   7  93   0   0   0   0   0   0   0   0   0  0.63 0.06
   85 S     3  -1   1  -1  -1   0   0   0   0  -2  -3   1  -2  -3  -1   2   0  -3  -2  -1   41   0   6   0   0   0   2   5   2   0   0  15   0   0   0  28   1   0   0   0  0.29 0.04
   86 E     2  -1  -1   3  -3   1   4  -2  -1  -3  -3   0  -2  -4  -2   0  -1  -4  -3  -2   24   0   0  18   0   2  55   0   0   0   0   0   0   0   0   0   0   0   0   0  0.54 0.05
   87 M    -2  -2  -3  -4  -2  -2  -3  -4  -3   1   3  -2   6   0  -3  -2  -1  -2  -2   0    0   0   0   0   0   0   0   0   0   2  38   0  59   0   0   0   0   0   0   1  0.59 0.08
   88 G     0  -3  -1  -1  -3  -2  -1   6  -2  -4  -4  -2  -3  -4  -3  -1  -2  -3  -4  -4    2   0   1   1   0   0   5  90   0   0   0   0   0   0   0   0   0   0   0   0  1.09 0.07
   89 L     0  -3  -3  -3  -1  -2  -3  -3  -3   2   1  -2   1  -1  -3  -1   1  -3  -2   4    4   0   0   0   0   0   0   0   0   9   3   0   2   0   0   0  11   0   0  71  0.39 0.05
   90 D    -2  -2   2   6  -4   0   2  -2   1  -4  -4  -1  -3  -4  -1  -1  -1  -5  -3  -4    0   0  10  76   0   2   8   0   3   0   0   0   0   0   1   0   0   0   0   0  0.91 0.07
   91 Y    -3  -3  -3  -4  -3  -2  -3  -4   1  -2  -2  -3  -2   3  -4  -3  -2   2   8  -2    0   0   0   0   0   0   0   0   0   0   0   0   0   0   0   0   0   0 100   0  1.39 0.11
   92 V    -1  -3  -4  -4  -1  -3  -3  -4  -4   2   0  -3   0  -1  -3  -2   0  -4  -2   5    0   0   0   0   0   0   0   0   0   2   0   0   0   0   0   0   1   0   0  96  0.60 0.08
   93 V    -1  -3  -4  -4  -1  -3  -3  -4  -4   4   1  -3   1  -1  -3  -3  -1  -3  -2   4    0   0   0   0   0   0   0   0   0  51   0   0   0   0   0   0   0   0   0  49  0.52 0.06
   94 I    -2  -4  -4  -4  -2  -4  -4  -5  -4   6   1  -3   1  -1  -4  -3  -1  -3  -2   2    0   0   0   0   0   0   0   0   0 100   0   0   0   0   0   0   0   0   0   0  0.71 0.08
   95 G     0  -3  -1  -2  -3  -2  -3   6  -3  -5  -4  -2  -3  -4  -3  -1  -2  -3  -4  -4    0   0   0   0   0   0   0 100   0   0   0   0   0   0   0   0   0   0   0   0  1.31 0.08
   96 H    -3  -1   0  -2  -4   0  -1  -3   9  -4  -4  -2  -2  -2  -3  -2  -3  -3   1  -4    0   0   0   0   0   0   0   0 100   0   0   0   0   0   0   0   0   0   0   0  1.53 0.12
   97 S     1  -1   0  -1  -2  -1  -1  -1  -2  -3  -3  -1  -2  -3  -1   5   1  -4  -2  -2    0   0   0   0   0   0   0   0   0   0   0   0   0   0   0 100   0   0   0   0  0.73 0.09
   98 E    -2  -1  -1   1  -5   1   6  -3  -1  -4  -4   0  -3  -4  -2  -1  -2  -4  -3  -3    0   0   0   0   0   0 100   0   0   0   0   0   0   0   0   0   0   0   0   0  1.04 0.09
   99 R    -2   7  -1  -2  -4   0  -1  -3  -1  -4  -3   2  -2  -4  -3  -1  -2  -4  -2  -3    0 100   0   0   0   0   0   0   0   0   0   0   0   0   0   0   0   0   0   0  1.12 0.09
  100 R    -2   7  -1  -2  -4   0  -1  -3  -1  -4  -3   2  -2  -4  -3  -1  -2  -4  -2  -3    0 100   0   0   0   0   0   0   0   0   0   0   0   0   0   0   0   0   0   0  1.12 0.09
  101 D    -2  -1   0   5  -4   2   3   0  -1  -4  -4   0  -3  -4  -2  -1  -1  -4  -3  -3    0   0   0  56   0  11  26   8   0   0   0   0   0   0   0   0   0   0   0   0  0.71 0.06
  102 Y    -3  -3  -3  -4  -3  -2  -3  -4   1  -2  -2  -3  -2   3  -4  -3  -2   2   8  -2    0   0   0   0   0   0   0   0   0   0   0   0   0   0   0   0   0   0 100   0  1.39 0.11
  103 F    -3  -4  -4  -4  -3  -4  -4  -4  -2  -1   0  -4  -1   8  -5  -3  -3   0   3  -2    0   0   0   0   0   0   0   0   0   0   0   0   0 100   0   0   0   0   0   0  1.20 0.10
  104 H    -2  -1   0  -2  -4   0  -1  -2   9  -4  -4   0  -2  -2  -3  -2  -2  -3   1  -4    0   0   0   0   0   0   0   2  94   0   0   4   0   0   0   0   0   0   0   0  1.37 0.11
  105 E    -2  -1  -1   1  -5   1   6  -3  -1  -4  -4   0  -3  -4  -2  -1  -2  -4  -3  -3    0   0   0   0   0   0 100   0   0   0   0   0   0   0   0   0   0   0   0   0  1.04 0.09
  106 T    -1  -2  -1  -2  -2  -1  -1  -2  -2  -1  -2  -1  -1  -3  -2   1   6  -3  -2  -1    0   0   0   0   0   0   0   0   0   0   0   0   0   0   0   3  97   0   0   0  0.78 0.09
  107 D    -2  -2   1   7  -4  -1   1  -2  -2  -4  -4  -1  -4  -4  -2  -1  -2  -5  -4  -4    0   0   2  98   0   0   0   0   0   0   0   0   0   0   0   0   0   0   0   0  1.24 0.09
  108 E    -1  -1  -1   1  -4   2   6  -2  -1  -4  -4   0  -3  -4  -2   0  -1  -4  -3  -3    1   0   0   1   0   4  92   1   0   0   0   0   0   0   0   1   0   0   0   0  0.93 0.08
  109 D    -2  -2   1   6  -4   0   3  -2  -2  -4  -4  -1  -4  -4  -2  -1  -2  -5  -4  -4    0   0   0  84   0   0  16   0   0   0   0   0   0   0   0   0   0   0   0   0  1.07 0.08
  110 I    -2  -4  -4  -4  -2  -4  -4  -5  -4   6   1  -3   1  -1  -4  -3  -1  -3  -2   2    0   0   0   0   0   0   0   0   0  97   0   0   0   0   0   0   0   0   0   3  0.69 0.08
  111 N    -2  -1   7   1  -4  -1  -1  -1   0  -4  -4  -1  -3  -4  -3   0  -1  -5  -3  -4    0   0 100   0   0   0   0   0   0   0   0   0   0   0   0   0   0   0   0   0  1.13 0.10
  112 K    -1   2  -1  -1  -4   1   0  -2  -1  -3  -3   6  -2  -4  -2  -1  -1  -4  -3  -3    0   0   0   0   0   1   0   0   0   0   2  98   0   0   0   0   0   0   0   0  0.79 0.09
  113 K    -1   2  -1  -1  -4   1   0  -2  -1  -3  -3   6  -2  -4  -2  -1  -1  -4  -3  -3    0   0   0   0   0   0   0   0   0   0   0 100   0   0   0   0   0   0   0   0  0.84 0.09
  114 A     5  -2  -2  -2  -1  -1  -1   0  -2  -2  -2  -1  -2  -3  -1   1  -1  -3  -2  -1  100   0   0   0   0   0   0   0   0   0   0   0   0   0   0   0   0   0   0   0  0.66 0.08
  115 H    -2   0   0  -2  -4   0   0  -3   8  -4  -3   4  -2  -3  -2  -1  -2  -3   0  -4    0   0   0   0   0   0   0   0  60   0   0  40   0   0   0   0   0   0   0   0  0.84 0.08
  116 A     5  -2  -2  -2  -1  -1  -1   0  -2  -2  -2  -1  -2  -3  -1   1   0  -3  -2  -1   99   0   0   0   0   0   0   0   0   0   0   0   0   0   0   0   1   0   0   0  0.65 0.08
  117 I    -2  -4  -4  -4  -2  -3  -4  -5  -4   6   1  -3   1  -1  -4  -3  -1  -3  -2   2    0   0   0   0   0   0   0   0   0  96   2   0   0   0   0   0   0   0   0   1  0.68 0.08
  118 F    -3  -4  -4  -4  -3  -4  -4  -4  -2   0   0  -4  -1   8  -4  -3  -3   0   3  -1    0   0   0   0   0   0   0   0   0   1   2   0   0  97   0   0   0   0   0   0  1.14 0.09
  119 R     2   4   1  -1  -2   0   0  -1  -1  -3  -3   2  -2  -3  -2   0  -1  -3  -2  -2   32  38   7   2   0   1   0   0   0   0   0  18   0   0   0   1   0   0   0   0  0.37 0.04
  120 N    -2  -1   7   1  -4  -1  -1  -1   2  -4  -4  -1  -3  -4  -3   0  -1  -5  -3  -4    0   0  96   0   0   0   0   0   4   0   0   0   0   0   0   0   0   0   0   0  1.07 0.10
  121 G     0  -2   3   0  -3  -1  -1   5  -2  -4  -4  -1  -3  -4  -3   0  -2  -3  -3  -4    1   0  18   4   0   1   3  70   0   0   0   3   0   0   0   0   0   0   0   0  0.79 0.05
  122 L    -2  -2  -3  -4  -2  -1  -3  -4  -3   1   3  -2   7   0  -3  -2  -1  -2  -2   0    0   0   0   0   0   0   0   0   0   1  28   0  71   0   0   0   0   0   0   0  0.67 0.09
  123 L    -1  -2  -1  -2  -2  -1  -2  -3  -3   1   2   0   0  -1  -2   0   4  -3  -2   0    0   0   0   0   0   0   0   0   0   5  29   7   0   0   0   0  56   0   0   4  0.31 0.05
  124 P    -2  -3  -3  -2  -4  -2  -2  -3  -3  -4  -4  -2  -3  -5   8  -2  -2  -5  -4  -3    0   0   0   0   0   0   0   0   0   0   0   0   0   0 100   0   0   0   0   0  2.31 0.11
  125 I    -2  -4  -4  -4  -2  -4  -4  -5  -4   6   1  -3   1  -1  -4  -3  -1  -3  -2   2    0   0   0   0   0   0   0   0   0 100   0   0   0   0   0   0   0   0   0   0  0.71 0.08
  126 I    -2  -3  -4  -4  -2  -3  -4  -4  -4   5   2  -3   1   0  -3  -3  -1  -3  -2   3    0   0   0   0   0   0   0   0   0  77   9   0   0   2   0   0   0   0   0  12  0.53 0.06
  127 C    -1  -4  -4  -5  10  -4  -5  -3  -4  -2  -2  -4  -2  -3  -4  -2  -2  -3  -3  -2    0   0   0   0 100   0   0   0   0   0   0   0   0   0   0   0   0   0   0   0  1.92 0.12
  128 C    -1  -4  -4  -5  10  -4  -5  -3  -4  -2  -2  -4  -2  -3  -4  -2  -2  -3  -3  -2    0   0   0   0 100   0   0   0   0   0   0   0   0   0   0   0   0   0   0   0  1.92 0.12
  129 G     0  -3  -1  -2  -3  -2  -3   6  -3  -5  -4  -2  -3  -4  -3  -1  -2  -3  -4  -4    0   0   0   0   0   0   0 100   0   0   0   0   0   0   0   0   0   0   0   0  1.31 0.08
  130 E    -2  -1  -1   1  -5   1   6  -3  -1  -4  -4   0  -3  -4  -2  -1  -2  -4  -3  -3    0   0   0   0   0   0 100   0   0   0   0   0   0   0   0   0   0   0   0   0  1.04 0.09
  131 S     1  -1   0  -1  -1  -1  -1  -1  -2  -2  -3  -1  -2  -3  -1   4   4  -3  -2  -2    1   0   0   0   0   0   0   0   0   0   0   0   0   0   0  66  33   0   0   0  0.54 0.07
  132 L    -2  -3  -4  -4  -2  -3  -4  -4  -3   1   5  -3   2   0  -4  -3  -2  -2  -2   0    0   0   0   0   0   0   0   0   0   0 100   0   0   0   0   0   0   0   0   0  0.68 0.07
  133 E    -2  -1  -1   1  -5   1   6  -3  -1  -4  -4   0  -3  -4  -2  -1  -2  -4  -3  -3    0   0   0   0   0   0 100   0   0   0   0   0   0   0   0   0   0   0   0   0  1.04 0.09
  134 T    -1  -1  -1  -2  -2   2  -1  -2  -2  -1  -2  -1  -1  -3  -2   1   5  -3  -2  -1    0   0   0   0   0  16   0   0   0   1   0   0   0   0   0   0  83   0   0   0  0.62 0.08
  135 Y    -2   4  -2  -3  -3  -1  -2  -4   1  -2  -2   0  -2   2  -3  -2  -2   1   7  -2    0  35   0   0   0   0   0   0   0   0   0   0   0   0   0   0   0   0  65   0  0.83 0.08
  136 E    -2  -1  -1   1  -5   1   6  -3  -1  -4  -4   0  -3  -4  -2  -1  -2  -4  -3  -3    0   0   0   1   0   0  99   0   0   0   0   0   0   0   0   0   0   0   0   0  1.02 0.09
  137 A     5  -2  -2  -2  -1  -1  -1   0  -2  -2  -2  -1  -2  -3  -1   1   0  -3  -2  -1   92   0   0   0   0   0   2   1   0   0   0   1   0   0   0   4   0   0   0   0  0.57 0.07
  138 G     0  -3   1  -1  -3  -2  -2   6  -2  -4  -4  -2  -3  -4  -3  -1  -2  -3  -4  -4    0   0   9   0   0   0   1  90   0   0   0   0   0   0   0   0   0   0   0   0  1.12 0.07
  139 K    -1   1   1   0  -4   3   2  -2   0  -3  -3   5  -2  -4  -2  -1  -1  -3  -2  -2    0   0   5   1   0  13  10   0   1   0   0  67   0   0   0   0   1   0   0   2  0.53 0.06
  140 A     4  -2  -2  -2  -1   0   0  -1  -2  -2  -2  -1  -1  -3  -1   1   2  -3  -2  -1   73   0   0   0   0   4   3   0   0   0   0   0   0   0   0   0  18   0   1   0  0.42 0.06
  141 V     1  -1   1   0  -2   0   3  -1  -1   0  -1  -1  -1  -2  -2   0   0  -3  -2   2   20   0   7   0   0   1  34   2   0   0   0   1   0   0   0   2   2   0   0  32  0.19 0.04
  142 E    -1  -1   0   3  -4   1   5  -2  -1  -4  -4   0  -3  -4  -2   0  -1  -4  -3  -3    4   0   1  13   0   0  77   0   0   0   0   1   0   0   0   3   1   0   0   0  0.75 0.07
  143 F    -3  -4  -4  -5  -3  -3  -4  -4  -2  -1  -1  -4  -1   6  -4  -3  -3   9   2  -1    0   0   0   0   0   0   0   0   0   1   0   0   0  51   0   0   0  44   0   4  1.40 0.09
  144 V    -1  -3  -4  -4  -1  -3  -3  -4  -4   3   1  -3   0  -1  -3  -2  -1  -4  -2   5    0   0   0   0   0   0   0   0   0  12   0   0   0   0   0   0   0   0   0  88  0.57 0.07
  145 G     0  -1  -1  -1  -2   0   2   4  -2  -2  -3   0  -2  -3  -2   1  -1  -3  -3  -1    6   0   0   0   0   3  18  48   0   0   0   3   0   0   0  16   0   0   0   7  0.43 0.04
  146 A     3   0   0  -1  -2   0  -1   3  -2  -3  -3   0  -2  -3  -2   0  -1  -3  -3  -2   45   6   6   0   0   6   2  33   0   0   0   2   0   0   0   1   0   0   0   0  0.37 0.04
  147 Q    -2   0  -1  -1  -4   7   1  -3   0  -4  -3   1  -1  -4  -2  -1  -1  -3  -2  -3    0   0   0   0   0 100   0   0   0   0   0   0   0   0   0   0   0   0   0   0  1.08 0.11
  148 V    -1  -3  -4  -4  -1  -3  -3  -4  -4   4   1  -3   1  -1  -3  -2  -1  -3  -2   4    0   0   0   0   0   0   0   0   0  34   0   0   0   0   0   0   0   0   0  66  0.52 0.06
  149 S     0   0   0  -1  -2   0   0  -1  -2  -2  -3   2  -2  -3  -1   3   3  -3  -2  -2    0   0   0   0   0   0   2   0   0   0   0  17   0   0   0  48  32   0   0   0  0.41 0.05
  150 A     5  -1   0  -2  -1  -1  -1   0  -2  -2  -2   0  -2  -3  -1   1  -1  -3  -2  -1   86   0   4   0   0   0   1   1   0   0   0   8   0   0   0   0   0   0   0   0  0.49 0.07
  151 A     5  -2  -2  -1  -1  -1  -1   1  -2  -2  -2  -1  -2  -3  -1   1  -1  -3  -2  -1   88   0   0   4   0   0   0   8   0   0   0   0   0   0   0   1   0   0   0   0  0.53 0.07
  152 L    -2  -3  -4  -4  -2  -3  -4  -4  -3   1   5  -3   2   0  -4  -3  -2  -2  -2   0    0   0   0   0   0   0   0   0   0   0 100   0   0   0   0   0   0   0   0   0  0.68 0.07
  153 K     1   1   1   0  -3   1   1  -1  -1  -3  -3   4  -2  -3  -1   0  -1  -3  -2  -2   22   1   5   5   0   1  10   0   0   0   0  56   0   0   0   1   0   0   0   0  0.38 0.05
  154 G    -1  -3   0   3  -3  -2   0   5  -2  -4  -4  -2  -3  -4  -2  -1  -2  -4  -4  -4    0   0   0  30   0   0   2  68   0   0   0   0   0   0   0   0   0   0   0   0  0.86 0.06
  155 L    -2  -3  -4  -4  -2  -3  -4  -4  -3   1   5  -3   2   0  -4  -3  -2  -2  -2   0    0   0   0   0   0   0   0   0   0   0 100   0   0   0   0   0   0   0   0   0  0.68 0.07
  156 T     0  -1   0  -1  -1  -1  -1  -1  -2  -2  -2  -1  -2  -3  -1   4   4  -3  -2  -1    0   0   0   0   0   0   0   0   0   0   0   0   0   0   0  53  47   0   0   0  0.54 0.07
  157 A     4  -1  -1   0  -1   0   1   0  -2  -2  -2   0  -2  -3   0   1  -1  -3  -2  -1   75   0   2   5   0   2  11   2   0   0   0   2   0   0   2   0   0   0   0   0  0.39 0.05
  158 E    -1  -1   0   4  -4   1   5   0  -1  -4  -4   0  -3  -4  -2  -1  -1  -4  -3  -3    2   0   1  23   0   0  67   7   0   0   0   0   0   0   0   0   0   0   0   0  0.71 0.06
  159 Q    -2   0  -1  -1  -4   7   2  -3   0  -4  -3   1  -1  -4  -2  -1  -1  -3  -2  -3    0   0   0   0   0  98   2   0   0   0   0   0   0   0   0   0   0   0   0   0  1.05 0.11
  160 V    -1  -3  -4  -4  -1  -3  -3  -4  -4   2   0  -3   0  -1  -3  -2  -1  -4  -2   5    0   0   0   0   0   0   0   0   0   0   0   0   0   0   0   0   0   0   0 100  0.64 0.08
  161 S     4  -1  -1  -1  -1   0  -1   0  -2  -2  -2   0  -2  -3  -1   3   1  -3  -2  -1   54   0   0   0   0   2   1   1   0   0   0   3   0   0   0  37   2   0   0   0  0.41 0.05
  162 S     1  -1   2  -1  -2   1   0  -1   0  -2  -3   0  -2  -3  -1   4   1  -3  -2  -2    4   0  12   0   0   5   0   0   1   1   0   4   0   0   0  71   1   0   0   1  0.45 0.06
  163 L    -1  -2  -2  -3  -2  -2  -3  -3  -3   1   4  -2   2   0  -3   0   0  -2  -2   0    1   0   0   0   0   0   0   0   0   0  70   0   8   0   0  13   8   0   0   0  0.35 0.05
  164 V    -1  -3  -4  -4  -1  -3  -3  -4  -4   2   0  -3   0  -1  -3  -2  -1  -4  -2   5    0   0   0   0   0   0   0   0   0   0   0   0   0   0   0   0   0   0   0 100  0.64 0.08
  165 I    -2  -4  -4  -4  -2  -3  -4  -4  -4   5   2  -3   1  -1  -3  -3  -1  -3  -2   2    0   0   0   0   0   0   0   0   0  87  13   0   0   0   0   0   0   0   0   0  0.60 0.07
  166 A     5  -2  -2  -2  -1  -1  -1   0  -2  -2  -2  -1  -2  -3  -1   1  -1  -3  -2  -1  100   0   0   0   0   0   0   0   0   0   0   0   0   0   0   0   0   0   0   0  0.66 0.08
  167 Y    -3  -3  -3  -4  -3  -2  -3  -4   1  -2  -2  -3  -2   3  -4  -3  -2   2   8  -2    0   0   0   0   0   0   0   0   0   0   0   0   0   0   0   0   0   0 100   0  1.39 0.11
  168 E    -2  -1  -1   1  -5   1   6  -3  -1  -4  -4   0  -3  -4  -2  -1  -2  -4  -3  -3    0   0   0   0   0   0 100   0   0   0   0   0   0   0   0   0   0   0   0   0  1.04 0.09
  169 P    -2  -3  -3  -2  -4  -2  -2  -3  -3  -4  -4  -2  -3  -5   8  -2  -2  -5  -4  -3    0   0   0   0   0   0   0   0   0   0   0   0   0   0 100   0   0   0   0   0  2.31 0.11
  170 I    -2  -4  -4  -4  -2  -4  -4  -5  -4   6   1  -3   1  -1  -4  -3  -1  -3  -2   2    0   0   0   0   0   0   0   0   0 100   0   0   0   0   0   0   0   0   0   0  0.71 0.08
  171 W    -4  -4  -5  -5  -3  -3  -4  -4  -3  -4  -3  -4  -2   0  -5  -4  -4  12   1  -4    0   0   0   0   0   0   0   0   0   0   0   0   0   0   0   0   0 100   0   0  3.05 0.15
  172 A     5  -2  -2  -2  -1  -1  -1   0  -2  -2  -2  -1  -2  -3  -1   1  -1  -3  -2  -1  100   0   0   0   0   0   0   0   0   0   0   0   0   0   0   0   0   0   0   0  0.66 0.08
  173 I    -2  -4  -4  -4  -2  -4  -4  -5  -4   6   1  -3   1  -1  -4  -3  -1  -3  -2   2    0   0   0   0   0   0   0   0   0 100   0   0   0   0   0   0   0   0   0   0  0.71 0.08
  174 G     0  -3  -1  -2  -3  -2  -3   6  -3  -5  -4  -2  -3  -4  -3  -1  -2  -3  -4  -4    0   0   0   0   0   0   0 100   0   0   0   0   0   0   0   0   0   0   0   0  1.31 0.08
  175 T    -1  -2  -1  -2  -2  -1  -2  -2  -2  -1  -2  -1  -1  -3  -2   1   6  -3  -2  -1    0   0   0   0   0   0   0   0   0   0   0   0   0   0   0   0 100   0   0   0  0.81 0.09
  176 G     0  -3  -1  -2  -3  -2  -3   6  -3  -5  -4  -2  -3  -4  -3  -1  -2  -3  -4  -4    0   0   0   0   0   0   0 100   0   0   0   0   0   0   0   0   0   0   0   0  1.31 0.08
  177 K    -1   2  -1  -1  -4   1   0  -2  -1  -3  -3   6  -2  -4  -2  -1  -1  -4  -3  -3    0   0   0   0   0   0   0   0   0   0   0 100   0   0   0   0   0   0   0   0  0.84 0.09
  178 S     0  -1   0  -1  -1  -1  -1  -1  -2  -2  -3  -1  -2  -3  -1   4   3  -3  -2  -2    0   0   0   0   0   0   0   0   0   0   0   0   0   0   0  68  32   0   0   0  0.55 0.07
  179 A     5  -2  -2  -2  -1  -1  -1   0  -2  -2  -2  -1  -2  -3  -1   1   0  -3  -2  -1   97   0   0   0   0   0   0   0   0   0   0   0   0   0   0   3   0   0   0   0  0.63 0.08
  180 T     0  -2   0   1  -2  -1  -1  -2  -2  -2  -2  -1  -2  -3  -2   2   5  -3  -2  -1    0   0   0  10   0   0   0   0   0   0   0   0   0   0   0  23  67   0   0   0  0.52 0.06
  181 Q     2   0  -1  -1  -2   4   1  -1  -1  -3  -3   2  -1  -3  -1   2   0  -3  -2  -2   26   0   0   0   0  41   1   0   0   0   0  12   0   0   0  21   0   0   0   0  0.39 0.05
  182 D    -2  -2   2   6  -4   0   2  -2  -1  -4  -4  -1  -3  -4  -2  -1  -1  -5  -3  -4    1   0   7  75   0   3  13   0   0   0   0   0   0   0   0   0   2   0   0   0  0.89 0.07
  183 D    -2  -1   0   5  -4   4   1  -2  -1   0  -3   0  -2  -3  -2  -1  -1  -4  -3  -2    0   0   0  56   0  32   0   0   0  12   0   0   0   0   0   0   0   0   0   0  0.62 0.06
  184 A     5  -2  -2  -2  -1  -1  -1   0  -2  -2  -2  -1  -2  -3  -1   1  -1  -3  -2  -1  100   0   0   0   0   0   0   0   0   0   0   0   0   0   0   0   0   0   0   0  0.66 0.08
  185 Q    -1   0   1   2  -4   6   3  -2   0  -4  -3   1  -1  -4  -2  -1  -1  -3  -2  -3    0   0   4   9   0  72  15   0   0   0   0   0   0   0   0   0   0   0   0   0  0.75 0.08
  186 K    -1   1   2   1  -4   1   4  -2   0  -3  -3   3  -2  -4  -2   0   0  -4  -2  -3    0   1  12   5   0   0  38   0   1   0   0  37   0   0   0   1   5   0   0   0  0.47 0.05
  187 M    -2  -2  -3  -4  -2  -2  -3  -4  -3   3   1  -2   7  -1  -3  -2   0  -2  -2   1    0   0   0   0   0   0   0   0   0  28   0   0  63   0   0   0   3   0   0   6  0.55 0.08
  188 C    -1  -4  -4  -5  10  -4  -5  -3  -4  -2  -2  -4  -2  -3  -4  -2  -2  -3  -3  -2    0   0   0   0 100   0   0   0   0   0   0   0   0   0   0   0   0   0   0   0  1.92 0.12
  189 K     1   1  -1  -1  -3   1   0   2   3  -3  -3   4  -2  -3  -2   0  -1  -3  -2  -2   16   0   0   0   0   3   0  15  11   0   0  55   0   0   0   0   0   0   0   0  0.37 0.05
  190 A     3  -2  -2  -3  -1  -2  -1  -1  -1   1  -1  -2   0  -2  -2   0   1  -3  -2   3   45   0   0   0   0   0   2   0   2   2   0   0   0   0   0   0   8   0   0  40  0.25 0.04
  191 V    -1  -3  -4  -4  -1  -3  -3  -4  -4   3   1  -3   0  -1  -3  -2  -1  -3  -2   5    0   0   0   0   0   0   0   0   0  21   1   0   0   0   0   0   0   0   0  78  0.53 0.06
  192 R    -2   7  -1  -2  -4   0  -1  -3  -1  -4  -3   2  -2  -4  -3  -1  -2  -4  -2  -3    0 100   0   0   0   0   0   0   0   0   0   0   0   0   0   0   0   0   0   0  1.12 0.09
  193 D    -1  -1   0   5  -3   2   2  -2   0  -3  -3   1  -2  -4  -2   0  -1  -4  -3  -3    3   0   0  49   0  11  16   0   2   0   0  12   1   0   0   5   1   0   0   0  0.54 0.04
  194 V     0  -2  -2  -3  -1  -2  -2  -3  -3   1   0  -2   0  -2  -2   0   4  -3  -2   4    4   0   0   0   0   0   0   0   0   2   0   0   0   0   0   0  41   0   0  52  0.36 0.06
  195 V    -1  -3  -4  -4  -1  -3  -3  -4  -4   2   0  -3   0  -1  -3  -2  -1  -4  -2   5    0   0   0   0   0   0   0   0   0   2   0   0   0   0   0   0   0   0   0  98  0.62 0.08
  196 A     4  -1  -1  -1  -1   0   1  -1  -2  -2  -2   1  -2  -3  -1   1  -1  -3  -2  -1   72   0   1   0   0   0  14   0   0   0   0  10   0   0   0   1   0   0   0   1  0.39 0.06
  197 A     2   0   0   1  -2   0   0   1  -1  -3  -3   3  -2  -3  -1   1   0  -3  -2  -2   30   1   3  11   0   0   2   8   0   0   0  33   0   0   0   8   3   0   0   0  0.25 0.03
  198 D    -2  -2   0   5  -3  -1   0  -3  -2   0   3  -2   0  -1  -3  -2  -2  -3  -2  -1    0   0   2  49   0   0   1   0   0   2  46   0   0   0   0   0   0   0   0   0  0.42 0.05
  199 F    -3  -3  -3  -4  -3  -3  -3  -4   0  -1  -1  -3  -1   6  -4  -3  -3   1   6  -2    0   0   0   0   0   0   0   0   0   0   0   0   0  55   0   0   0   0  45   0  0.99 0.08
  200 G    -1  -2   2   3  -3  -2  -1   5  -2  -4  -4  -2  -3  -4  -2   0  -2  -4  -3  -4    0   0  13  20   0   0   0  64   0   0   0   0   0   0   0   3   0   0   0   0  0.76 0.05
  201 Q    -1   0  -1   0  -4   6   3  -1   0  -4  -3   2  -1  -4  -2  -1  -1  -3  -2  -3    0   0   0   2   0  69  15   3   0   0   0  10   0   0   0   0   0   0   0   0  0.71 0.07
  202 E     0  -1   0   2  -3   2   5  -2  -1  -3  -3   0  -2  -4  -2   0   1  -3  -3  -2    7   0   0  12   0   6  59   0   0   0   0   0   0   0   0   0  14   0   0   2  0.53 0.05
  203 V     0  -3  -3  -3  -1  -2  -3  -3  -3   2   0  -2   0  -2  -3  -1   2  -3  -2   5    2   0   0   0   0   0   0   0   0   0   0   0   0   0   0   0  19   0   0  79  0.44 0.06
  204 A     5  -2  -2  -2  -1  -1  -1   0  -2  -2  -2  -1  -2  -3  -1   1   0  -3  -2  -1   93   0   0   0   0   0   0   0   0   0   0   0   0   0   0   7   0   0   0   0  0.60 0.07
  205 D    -1  -2   1   6  -4   0   3  -2  -1  -4  -4  -1  -3  -4  -2  -1  -1  -5  -3  -4    3   0   0  76   0   3  16   1   0   0   0   0   0   0   0   0   0   0   0   0  0.91 0.07
  206 K     0   1   2  -1  -3   1   0  -2  -1  -3  -3   5  -2  -4  -2   0  -1  -4  -2  -3    8   0  11   0   0   3   0   0   0   0   0  74   0   0   0   4   0   0   0   0  0.53 0.06
  207 V    -1  -3  -4  -4  -1  -3  -3  -4  -4   2   0  -3   0  -1  -3  -2  -1  -4  -2   5    0   0   0   0   0   0   0   0   0   0   0   0   0   0   0   0   0   0   0 100  0.64 0.08
  208 R    -2   7  -1  -2  -4   0  -1  -3  -1  -4  -3   2  -2  -4  -3  -1  -2  -4  -2  -3    0 100   0   0   0   0   0   0   0   0   0   0   0   0   0   0   0   0   0   0  1.12 0.09
  209 V    -1  -3  -4  -4  -1  -3  -3  -4  -4   4   1  -3   1  -1  -3  -3  -1  -3  -2   4    0   0   0   0   0   0   0   0   0  55   0   0   0   0   0   0   0   0   0  45  0.52 0.06
  210 Q    -2   0  -1  -1  -4   7   1  -3   0  -4  -3   1  -1  -4  -2  -1  -1  -3  -2  -3    0   0   0   0   0 100   0   0   0   0   0   0   0   0   0   0   0   0   0   0  1.08 0.11
  211 Y    -3  -3  -3  -4  -3  -2  -3  -4   1  -2  -2  -3  -2   3  -4  -3  -2   2   8  -2    0   0   0   0   0   0   0   0   0   0   0   0   0   0   0   0   0   0 100   0  1.39 0.11
  212 G     0  -3  -1  -2  -3  -2  -3   6  -3  -5  -4  -2  -3  -4  -3  -1  -2  -3  -4  -4    0   0   0   0   0   0   0 100   0   0   0   0   0   0   0   0   0   0   0   0  1.31 0.08
  213 G     0  -3  -1  -2  -3  -2  -3   6  -3  -5  -4  -2  -3  -4  -3  -1  -2  -3  -4  -4    0   0   0   0   0   0   0 100   0   0   0   0   0   0   0   0   0   0   0   0  1.31 0.08
  214 S     1  -1   0  -1  -2  -1  -1  -1  -2  -3  -3  -1  -2  -3  -1   5   1  -4  -2  -2    0   0   0   0   0   0   0   0   0   0   0   0   0   0   0 100   0   0   0   0  0.73 0.09
  215 V    -1  -3  -4  -4  -1  -3  -3  -4  -4   2   0  -3   0  -1  -3  -2  -1  -4  -2   5    0   0   0   0   0   0   0   0   0   0   0   0   0   0   0   0   0   0   0 100  0.64 0.08
  216 K    -1   2   1  -1  -4   1   0  -2  -1  -3  -3   6  -2  -4  -2  -1  -1  -4  -3  -3    0   0   5   0   0   0   0   0   0   0   0  95   0   0   0   0   0   0   0   0  0.77 0.08
  217 P    -2  -3  -3  -2  -4  -2  -2  -3  -3  -4  -4  -2  -3  -5   8  -2  -2  -5  -4  -3    0   0   0   0   0   0   0   0   0   0   0   0   0   0 100   0   0   0   0   0  2.31 0.11
  218 N     2  -1  -1   1  -3   1   5  -2  -1  -3  -3   0  -2  -3  -2   0  -1  -3  -3  -2   31   0   1   2   0   0  63   0   0   0   0   0   0   0   0   3   0   0   0   0  0.55 0.06
  219 N    -2  -1   7   1  -4  -1  -1  -1   0  -4  -4  -1  -3  -4  -3   0  -1  -5  -3  -4    0   0 100   0   0   0   0   0   0   0   0   0   0   0   0   0   0   0   0   0  1.13 0.10
  220 V    -1  -3  -4  -4  -1  -3  -3  -4  -4   4   1  -3   1  -1  -3  -2  -1  -3  -2   4    0   0   0   0   0   0   0   0   0  40   0   0   0   0   0   0   0   0   0  60  0.52 0.06
  221 A     3   0   0  -1  -2   0   0  -1  -2  -2  -2   3  -2  -3  -1   0  -1  -3  -2  -1   55   0   3   1   0   2   0   0   0   0   0  36   0   0   0   0   0   0   0   2  0.34 0.05
  222 E     0  -1  -1   2  -4   1   5  -2  -1  -4  -3   0  -3  -4  -2   1  -1  -4  -3  -3    7   0   0   9   0   0  76   0   0   0   0   0   0   0   0   8   0   0   0   0  0.71 0.07
  223 Y    -2  -2  -3  -4  -3  -2  -3  -4   0   0   2  -3   0   2  -4  -3  -2   1   7  -1    0   0   0   0   0   0   0   0   0   1  31   0   0   0   0   0   0   0  68   0  0.79 0.08
  224 M    -2  -2  -3  -4  -2  -1  -3  -4  -2   1   2  -2   8  -1  -3  -2  -1  -2  -2   0    0   0   0   0   0   0   0   0   0   0   3   0  97   0   0   0   0   0   0   0  0.94 0.12
  225 A     5  -2  -2  -2  -1  -1  -1   1  -2  -2  -2  -1  -2  -3  -1   2   0  -3  -2  -1   82   0   0   0   0   0   1   5   0   0   0   0   0   0   0  12   0   0   0   0  0.51 0.06
  226 C    -1   0  -2  -2   8  -1  -1  -3  -2  -2  -2   3  -2  -3  -3  -1  -1  -3  -3  -2    0   0   0   0  54   0   3   0   0   0   0  43   0   0   0   0   0   0   0   0  0.83 0.08
  227 P    -1  -2  -2  -1  -4   0   3  -3  -2  -4  -4  -1  -3  -4   7  -1  -2  -4  -3  -3    2   0   0   0   0   0  32   0   0   0   0   1   0   0  65   0   0   0   0   0  1.37 0.07
  228 D    -2  -2   3   6  -4  -1   1  -2   0  -4  -4  -1  -4  -4  -2  -1  -1  -5  -3  -4    0   0  19  79   0   0   0   0   2   0   0   0   0   0   0   0   0   0   0   0  0.99 0.07
  229 V    -1  -3  -4  -4  -1  -3  -3  -4  -4   4   1  -3   1  -1  -3  -2  -1  -3  -2   4    0   0   0   0   0   0   0   0   0  35   0   0   0   0   0   0   0   0   0  65  0.51 0.06
  230 D    -2  -2   1   7  -4  -1   1  -2  -2  -4  -4  -1  -4  -4  -2  -1  -2  -5  -4  -4    0   0   0 100   0   0   0   0   0   0   0   0   0   0   0   0   0   0   0   0  1.27 0.09
  231 G     0  -3  -1  -2  -3  -2  -3   6  -3  -5  -4  -2  -3  -4  -3  -1  -2  -3  -4  -4    0   0   0   0   0   0   0 100   0   0   0   0   0   0   0   0   0   0   0   0  1.30 0.08
  232 A     4  -2  -2  -2  -1  -2  -2   4  -2  -2  -3  -1  -2  -3  -2   0  -1  -3  -3  -1   68   0   0   0   0   0   0  32   0   0   0   0   0   0   0   0   0   0   0   0  0.55 0.06
  233 L    -2  -3  -4  -4  -2  -3  -4  -4  -3   1   5  -3   2   0  -4  -3  -2  -2  -2   0    0   0   0   0   0   0   0   0   0   0 100   0   0   0   0   0   0   0   0   0  0.67 0.07
  234 V    -1  -3  -4  -4  -1  -3  -3  -4  -4   2   0  -3   0  -1  -3  -2  -1  -4  -2   5    0   0   0   0   0   0   0   0   0   0   0   0   0   0   0   0   0   0   0 100  0.62 0.08
  235 G     0  -3  -1  -2  -3  -2  -3   6  -3  -5  -4  -2  -3  -4  -3  -1  -2  -3  -4  -4    0   0   0   0   0   0   0 100   0   0   0   0   0   0   0   0   0   0   0   0  1.30 0.08
  236 G     0  -3  -1  -2  -3  -2  -3   6  -3  -5  -4  -2  -3  -4  -3  -1  -2  -3  -4  -4    0   0   0   0   0   0   0 100   0   0   0   0   0   0   0   0   0   0   0   0  1.30 0.08
  237 A     5  -2  -2  -2  -1  -1  -1   0  -2  -2  -2  -1  -2  -3  -1   1  -1  -3  -2  -1  100   0   0   0   0   0   0   0   0   0   0   0   0   0   0   0   0   0   0   0  0.65 0.08
  238 S     1  -1   0  -1  -1  -1  -1  -1  -1  -3  -3  -1  -2  -3  -1   5   1  -4  -2  -2    0   0   0   0   0   0   0   0   0   0   0   0   0   0   0 100   0   0   0   0  0.71 0.08
  239 L    -2  -3  -4  -4  -2  -3  -3  -4  -3   1   5  -3   3   0  -3  -3  -2  -2  -2   0    0   0   0   0   0   0   0   0   0   0  92   0   8   0   0   0   0   0   0   0  0.61 0.06
  240 E    -1   0   0   2  -3   4   3  -2  -1  -1  -2   0  -1  -3  -2  -1  -1  -3  -2   0    0   0   0  16   0  33  31   0   0   1   0   1   0   0   0   0   0   0   0  17  0.41 0.04
  241 A     2  -2  -2  -2  -2  -2  -2  -2  -3  -2  -3  -1  -2  -4   7   0  -1  -4  -3  -1   32   0   0   0   0   0   0   0   0   0   0   0   0   0  64   0   0   0   0   3  1.27 0.07
  242 E    -1  -1   0   5  -4   1   4  -2  -1  -4  -4   0  -3  -4  -2   0  -1  -4  -3  -3    6   0   0  42   0   2  48   0   0   0   0   0   0   0   0   0   1   0   0   0  0.70 0.05
  243 S     1  -1   0  -1  -1  -1  -1  -1  -1  -3  -3  -1  -2  -3  -1   5   1  -4  -2  -2    0   0   0   0   0   0   0   0   0   0   0   0   0   0   0 100   0   0   0   0  0.71 0.08
  244 F    -3  -3  -4  -4  -3  -4  -4  -4  -1  -1   0  -4  -1   7  -4  -3  -3   1   4  -1    0   0   0   0   0   0   0   0   0   0   0   0   0  89   0   0   0   0  11   0  1.06 0.08
  245 L    -2  -3  -4  -4  -2  -3  -4  -4  -3   1   5  -3   2   0  -4  -3  -2  -2  -2   1    0   0   0   0   0   0   0   0   0   1  98   0   0   0   0   0   0   0   0   1  0.65 0.06
  246 A     4  -1  -2  -1  -1   2   0  -1  -2  -2  -2   0  -1  -3  -1   1  -1  -3  -2  -1   76   0   0   1   0  14   5   0   0   0   0   2   0   0   0   2   0   0   0   0  0.43 0.06
  247 L    -2  -3  -4  -4  -2  -3  -4  -4  -3   1   5  -3   2   0  -4  -3  -2  -2  -2   0    0   0   0   0   0   0   0   0   0   0 100   0   0   0   0   0   0   0   0   0  0.67 0.07
  248 L    -1  -3  -4  -4  -2  -3  -3  -4  -3   2   4  -3   1   0  -3  -3  -1  -2  -2   3    2   0   0   0   0   0   0   0   0   0  67   0   0   0   0   0   0   0   0  31  0.44 0.05
  249 D    -2  -1   4   4  -4   0   3  -2   2  -4  -4   0  -3  -4  -2   0  -1  -4  -2  -3    1   1  29  38   0   0  26   0   5   0   0   0   0   0   0   0   0   0   0   0  0.62 0.05
  250 F     1  -3  -3  -3  -2  -2  -3   0  -1  -1  -1  -3  -1   5  -3  -1  -2   0   4  -1   23   0   0   0   0   0   0   6   0   0   0   0   0  50   0   0   0   0  21   0  0.49 0.05
  251 V    -1  -2   1  -2  -1  -1  -2  -3  -2   2   0  -2   0  -1  -3  -1   0  -3  -2   4    1   0  15   0   0   4   0   0   0   6   4   0   0   0   0   2   0   0   0  67  0.26 0.04
  252 K    -1   2  -1  -1  -4   1   1  -2  -1  -3  -3   6  -2  -4  -1  -1  -1  -4  -2  -3    0   0   0   0   0   2   0   0   0   0   0  98   0   0   0   0   0   0   0   0  0.71 0.06

                      K         Lambda
Standard Ungapped    0.1304     0.3144
Standard Gapped      0.0477     0.2670
PSI Ungapped         0.1559     0.3176
PSI Gapped           0.0477     0.2670
