
Last position-specific scoring matrix computed, weighted observed percentages rounded down, information per position, and relative weight of gapless real matches to pseudocounts
            A   R   N   D   C   Q   E   G   H   I   L   K   M   F   P   S   T   W   Y   V   A   R   N   D   C   Q   E   G   H   I   L   K   M   F   P   S   T   W   Y   V
    1 M    -1  -2  -3  -4  -2  -1  -3  -3  -2   1   3  -2   6   0  -3  -2  -1  -2  -1   1    0   0   0   0   0   0   0   0   0   4  29   0  63   0   0   0   0   0   0   4  0.44 0.04
    2 T     4  -2  -1  -2  -1  -1  -1   1  -2  -1  -2  -1  -1  -3   0   1   2  -3  -2   0   66   0   0   0   0   0   0   7   0   1   0   0   1   0   2   6  15   0   0   2  0.36 0.04
    3 E    -1  -2  -1  -2  -3  -1   0   3  -2  -4  -3   0  -3  -4   5   1  -1  -4  -3  -3    0   0   1   0   0   1   5  31   1   0   0   4   0   0  40  15   2   0   0   0  0.82 0.08
    4 F    -3  -3  -4  -4  -3  -3  -4  -4  -1  -1   0  -3   2   6  -3  -3  -3   1   5  -2    1   0   0   0   0   0   0   0   0   0   1   0   8  60   1   0   0   0  27   0  0.98 0.13
    5 K     2  -1  -1  -1  -2   1   2  -1  -1  -3  -2   2  -2  -3  -1   2   1  -3  -2  -2   32   0   0   0   0   3  18   0   0   0   1  16   0   0   1  24   5   0   0   0  0.31 0.06
    6 A     1  -1  -1   1  -3   0   1   0  -2  -3  -3   1  -2  -3   5   0   0  -4  -3  -2   20   0   1  10   0   4  10   5   0   0   1  11   0   0  29   5   4   0   0   0  0.48 0.05
    7 G    -1  -3  -1  -2  -3  -3  -3   7  -3  -5  -5  -2  -4  -4  -3  -1  -2  -3  -4  -4    0   0   0   0   0   0   0  99   0   0   0   0   0   0   0   1   0   0   0   0  1.46 0.13
    8 S    -2  -2   2   6  -4  -1   1  -2  -2  -4  -4  -1  -4  -4  -2   1  -1  -5  -4  -4    0   0   7  79   0   0   0   0   0   0   0   1   0   0   0  13   0   0   0   0  1.05 0.12
    9 A     4  -2  -1  -1  -1  -1   1  -1  -1  -1  -2  -1  -1  -3  -1   2   0  -3  -2  -1   57   0   1   2   0   0  10   0   1   1   2   1   0   0   0  18   2   0   0   3  0.34 0.07
   10 K     1   1  -1  -1  -3   0   0   0  -2  -2  -3   4  -2  -3  -2   1   0  -3  -2  -1   16   0   1   1   0   0   2   7   0   0   0  55   0   0   0  10   5   0   0   4  0.36 0.07
   11 K    -1   1   0  -2  -4   0   0  -2  -2  -4  -3   6  -2  -4  -2  -1  -1  -4  -3  -3    3   0   3   0   0   0   0   0   0   0   0  93   0   0   0   1   0   0   0   0  0.91 0.14
   12 G    -1  -3  -1  -2  -4  -3  -3   7  -3  -5  -5  -2  -4  -4  -3  -1  -3  -3  -4  -4    0   0   0   1   0   0   0  99   0   0   0   0   0   0   0   0   0   0   0   0  1.46 0.13
   13 A     5  -2  -2  -3  -1  -2  -1   0  -2  -2  -2  -2  -2  -3  -2   1  -1  -3  -3  -1   97   0   0   0   0   0   1   0   0   0   0   0   0   0   0   2   0   0   0   0  0.76 0.12
   14 T    -1   0   4   0  -2   0  -1   2  -1  -3  -3   1  -2  -3  -2   2   2  -4  -3  -3    0   1  33   0   0   0   0  17   0   0   0  15   0   0   0  20  14   0   0   0  0.39 0.06
   15 L    -2  -3  -4  -4  -2  -3  -4  -5  -4   1   5  -3   2   0  -4  -3  -2  -2  -2   0    0   0   0   0   0   0   0   0   0   3  96   0   1   0   0   0   0   0   0   0  0.77 0.10
   16 F    -3  -4  -4  -5  -3  -4  -4  -4  -2  -1   0  -4  -1   8  -5  -3  -3   0   2  -2    0   0   0   0   0   0   0   0   0   0   0   0   0 100   0   0   0   0   0   0  1.43 0.15
   17 K    -2   1  -1  -1  -4   1   0  -2  -1  -4  -3   6  -2  -4  -2  -1  -1  -4  -3  -3    0   0   0   0   0   5   2   0   0   0   0  91   0   0   0   0   2   0   0   0  0.88 0.12
   18 T    -1  -2  -1  -2  -2  -1  -2  -2  -3  -2  -2  -2  -2  -3  -2   1   6  -3  -3  -1    1   0   0   0   0   0   0   0   0   0   0   0   0   0   0   1  96   0   0   1  0.93 0.14
   19 R    -2   7  -1  -3  -4   0  -1  -3  -1  -4  -3   1  -2  -4  -3  -2  -2  -4  -3  -4    0 100   0   0   0   0   0   0   0   0   0   0   0   0   0   0   0   0   0   0  1.31 0.14
   20 C    -2  -5  -4  -5  10  -4  -5  -4  -4  -2  -2  -4  -3  -4  -4  -2  -2  -4  -4  -2    0   0   0   0 100   0   0   0   0   0   0   0   0   0   0   0   0   0   0   0  2.24 0.18
   21 L     5  -2  -2  -2  -1   0  -1   0  -2  -1   0  -1  -1  -2  -2   0  -1  -3  -2  -1   78   0   0   0   0   3   2   1   0   0  12   2   1   0   0   1   0   0   0   0  0.46 0.09
   22 Q    -2   0  -1  -1  -4   7   1  -3  -1  -4  -3   0  -1  -4  -2  -1  -2  -3  -2  -3    0   0   1   0   0  97   0   0   0   0   1   0   0   0   0   2   0   0   0   0  1.21 0.16
   23 C    -2  -5  -4  -5  10  -4  -5  -4  -4  -2  -2  -4  -3  -4  -4  -2  -2  -4  -4  -2    0   0   0   0 100   0   0   0   0   0   0   0   0   0   0   0   0   0   0   0  2.24 0.18
   24 H    -3  -1   0  -2  -4  -1  -1  -3  10  -5  -4  -2  -3  -2  -3  -2  -3  -4   1  -4    0   0   0   0   0   0   0   0 100   0   0   0   0   0   0   0   0   0   0   0  1.83 0.18
   25 T    -1  -2   1  -2  -2  -1  -2  -2  -2  -2  -2  -1  -2  -3  -2   1   6  -3  -3  -1    0   0   6   0   0   0   0   0   0   0   0   0   0   0   0   1  93   0   0   0  0.87 0.13
   26 V    -1  -3  -3  -4  -2  -3  -3  -4  -3   2   3  -3   1  -1  -3  -2   1  -3  -2   3    0   0   0   0   0   0   0   0   0   4  44   0   0   0   0   0   9   0   0  43  0.41 0.07
   27 E     0  -1  -1   1  -4   1   4   3  -1  -4  -3   2  -3  -4  -2  -1  -1  -3  -3  -3    3   0   1   2   0   1  52  25   0   0   0  15   0   0   0   0   0   0   0   1  0.53 0.07
   28 K     3  -1  -1   0  -2   1   3  -1  -1  -3  -3   1  -2  -3  -1   1  -1  -3  -2  -1   49   0   1   2   0   3  25   0   0   0   0  14   0   0   0   4   1   0   0   1  0.35 0.06
   29 G     0  -3   0   0  -3  -2  -2   6  -3  -4  -4  -2  -3  -4  -3   0  -2  -3  -4  -4    1   0   2   5   0   0   1  88   0   0   0   0   0   0   0   3   0   0   0   0  1.15 0.10
   30 G    -1  -2  -1   0  -4   0   4   5  -2  -4  -4  -1  -3  -4  -2  -1  -2  -3  -3  -4    1   0   0   0   0   1  46  52   0   0   0   0   0   0   0   0   0   0   0   0  0.76 0.09
   31 P     2  -3  -2  -2  -3  -2  -2   3  -3  -3  -3  -2  -3  -4   6   0  -1  -4  -3  -3   21   0   0   0   0   0   0  32   0   0   0   0   0   0  44   2   0   0   0   0  0.94 0.08
   32 H    -2  -1   6   0  -4  -1  -1  -2   7  -4  -4  -1  -3  -3  -3   0  -1  -4  -1  -4    0   0  62   0   0   0   0   0  37   0   0   0   0   0   0   1   0   0   0   0  1.02 0.12
   33 K    -2   1  -1  -2  -4   1   0  -2  -2  -4  -3   6  -1  -4  -2  -1  -2  -4  -3  -3    0   0   0   0   0   0   0   0   0   0   0  99   1   0   0   0   0   0   0   0  0.99 0.13
   34 V    -1  -3  -4  -4  -2  -3  -3  -4  -4   4   1  -3   0  -1  -3  -2   0  -4  -2   5    0   0   0   0   0   0   0   0   0  28   0   0   0   0   0   0   2   0   0  69  0.60 0.09
   35 G    -1  -3  -1  -2  -3  -3  -3   7  -3  -5  -5  -2  -4  -4  -3  -1  -2  -3  -4  -4    0   0   0   0   0   0   0 100   0   0   0   0   0   0   0   0   0   0   0   0  1.45 0.12
   36 P    -2  -3  -3  -3  -4  -2  -2  -3  -3  -4  -4  -2  -4  -5   8  -2  -2  -5  -4  -3    0   0   0   0   0   0   0   0   0   0   0   0   0   0 100   0   0   0   0   0  2.44 0.16
   37 N     0  -1   7   0  -3  -1  -1  -1   0  -4  -4  -1  -2  -4  -3   0  -1  -4  -3  -3   12   0  83   0   0   0   1   0   0   0   0   1   1   0   0   2   1   0   0   0  0.93 0.12
   38 L    -2  -3  -4  -5  -2  -3  -4  -5  -4   1   5  -3   1   0  -4  -3  -2  -2  -2   0    0   0   0   0   0   0   0   0   0   0 100   0   0   0   0   0   0   0   0   0  0.81 0.11
   39 H    -3  -1   1  -2  -4  -1  -1  -3   9  -4  -4  -2  -3  -1  -3  -2  -3  -3   1  -4    0   0   4   0   0   0   0   0  93   0   0   0   0   2   0   1   0   0   1   0  1.59 0.16
   40 G     0  -3  -1  -2  -3  -3  -3   7  -3  -5  -5  -2  -4  -4  -3  -1  -2  -3  -4  -4    1   0   0   0   0   0   0  99   0   0   0   0   0   0   0   0   0   0   0   0  1.43 0.12
   41 I    -2  -3  -4  -4  -2  -3  -3  -4  -4   3   4  -3   1   0  -3  -3  -1  -3  -2   2    0   0   0   0   0   0   0   0   0  19  62   0   0   0   0   0   0   0   0  18  0.52 0.07
   42 F    -3  -4  -4  -5  -3  -4  -4  -4  -2   0   0  -4   0   8  -5  -3  -3   2   2  -1    0   0   0   0   0   0   0   0   0   3   0   0   1  94   0   0   0   2   0   0  1.28 0.14
   43 G    -1  -3  -1  -2  -3  -3  -3   6  -3  -5  -5  -2  -4  -4  -3  -1  -2  -3  -4  -4    0   0   0   0   0   0   0  98   0   0   0   0   0   0   0   1   0   0   0   0  1.40 0.12
   44 R    -2   7  -1  -3  -4   0  -1  -3  -1  -4  -3   1  -2  -4  -3  -2  -2  -4  -3  -4    0  99   0   0   0   0   0   0   0   0   0   1   0   0   0   0   0   0   0   0  1.29 0.14
   45 H    -1   1  -1  -1  -4   2   0  -2   3  -3  -3   5  -2  -3  -2  -1  -1  -4  -2  -2    1   1   0   0   0   9   0   0   9   0   0  74   0   0   0   2   2   0   1   1  0.64 0.10
   46 S     0  -2   0  -1  -2  -1  -1  -2  -2  -2  -3  -1  -2  -3  -2   4   5  -3  -2  -1    0   0   0   0   0   0   0   0   0   0   0   0   0   0   0  48  52   0   0   0  0.64 0.10
   47 G    -1  -3  -1  -2  -3  -3  -3   7  -3  -5  -5  -2  -4  -4  -3  -1  -2  -3  -4  -4    0   0   0   0   0   0   0 100   0   0   0   0   0   0   0   0   0   0   0   0  1.45 0.12
   48 Q    -1   0   0  -1  -3   6   1  -2   0  -3  -2   1  -1  -4  -2   2   1  -3  -2  -3    1   0   1   0   0  65   2   0   1   0   2   2   0   0   0  20   7   0   0   0  0.65 0.10
   49 A     3  -3  -3  -3  -1  -2  -2  -1  -3   1  -1  -2  -1  -2  -2   0   0  -3  -2   4   40   0   0   0   0   0   0   2   0   0   0   0   0   0   0   3   3   0   0  52  0.35 0.08
   50 E     0  -1  -1   2  -4   1   5  -2  -1  -4  -3   0  -3  -4   1   0  -1  -4  -3  -3   10   0   0  13   0   0  67   1   0   0   0   1   0   0   7   1   0   0   0   0  0.69 0.09
   51 G    -1  -3  -1  -2  -3  -3  -3   6  -3  -5  -5  -2  -4  -4  -3  -1  -2  -3  -4  -4    0   0   1   1   0   0   0  96   0   0   0   0   0   0   0   1   0   0   0   0  1.35 0.12
   52 Y    -3  -3  -3  -4  -3  -3  -3  -4   0  -2  -1  -3  -1   6  -4  -3  -3   1   7  -2    0   0   0   0   0   0   0   0   0   0   0   0   0  47   0   0   0   0  53   0  1.16 0.12
   53 S     2  -1   0  -1  -2   0  -1  -1  -2  -3  -3  -1  -2  -3  -2   5   1  -4  -2  -2   13   0   0   0   0   4   0   0   0   0   0   0   0   0   0  80   2   0   0   0  0.63 0.11
   54 Y    -3  -3  -3  -4  -4  -3  -3  -4   1  -2  -2  -3  -2   3  -4  -3  -3   1   8  -2    0   0   0   0   0   0   0   0   0   0   0   0   0   3   0   0   0   0  97   0  1.58 0.16
   55 T    -1  -2  -1  -2  -2  -2  -2  -2  -3  -2  -2  -2  -2  -3  -2   1   6  -3  -3  -1    0   0   0   0   0   0   0   0   0   0   0   0   0   0   0   5  95   0   0   0  0.93 0.13
   56 D     2  -2   0   5  -3   0   2  -2  -2  -3  -4  -1  -3  -4  -2   0  -1  -4  -3  -3   27   0   0  61   0   2   8   0   0   0   0   0   0   0   0   2   0   0   0   0  0.69 0.09
   57 A     5  -2  -2  -3  -1  -2  -2   0  -3  -2  -2  -2  -2  -3  -2   0  -1  -3  -3  -1   99   0   0   0   0   0   0   1   0   0   0   0   0   0   0   0   0   0   0   0  0.79 0.12
   58 N    -3  -1   7   0  -4  -1  -1  -1   0  -4  -5  -1  -3  -4  -3   0  -1  -5  -3  -4    0   0 100   0   0   0   0   0   0   0   0   0   0   0   0   0   0   0   0   0  1.34 0.15
   59 I    -1   1  -2  -2  -3   0  -1  -3  -2   2  -1   4  -1  -2  -2  -1  -1  -4  -2   2    0   1   0   0   0   1   0   0   0  15   0  57   0   0   0   0   0   0   0  26  0.36 0.08
   60 K    -1   1   4   0  -3   4   1  -1   0  -3  -3   2  -2  -4  -2   0  -1  -3  -2  -3    4   3  32   1   0  32   2   2   1   0   0  19   0   0   0   4   0   0   0   0  0.47 0.07
   61 K     1   1  -1  -2  -3   0   0  -2  -2  -3  -3   6  -2  -4  -2  -1  -1  -4  -3  -3   12   1   0   0   0   0   0   0   0   0   0  87   0   0   0   0   0   0   0   0  0.78 0.12
   62 N     1  -3   1  -1  -3  -2  -2   6  -2  -4  -4  -2  -3  -4  -3  -1  -2  -3  -4  -4    8   0   6   1   0   0   0  83   1   0   0   1   0   0   0   0   0   0   0   0  1.07 0.10
   63 V    -1  -3  -4  -4  -2  -3  -3  -4  -4   4   1  -3   0  -1  -3  -3  -1  -3  -2   4    0   0   0   0   0   1   0   0   0  40   1   0   0   0   0   0   0   0   0  59  0.59 0.09
   64 L    -1  -1  -1  -1  -2   0   2  -3   1   0  -1  -1   0  -2  -2   0   4  -3  -2   1    0   0   0   0   0   1  19   0   4   4   4   2   1   0   0   0  53   0   0  11  0.32 0.07
   65 W    -4  -4  -5  -6  -4  -3  -4  -4  -4  -4  -3  -4  -3   0  -5  -4  -4  12   1  -4    0   0   0   0   0   0   0   0   0   0   0   0   0   0   0   0   0 100   0   0  3.35 0.22
   66 D    -1  -1   3   5  -3   0   2  -1  -1  -3  -4   0  -3  -4  -2   1   0  -4  -3  -3    1   0  20  46   0   1   9   3   0   0   0   4   0   0   0   9   6   0   0   0  0.57 0.06
   67 E    -2  -1   0   2  -4   1   6  -2   0  -4  -4   0  -3  -4  -2  -1  -1  -4  -3  -3    1   0   3   8   0   1  82   2   1   0   0   0   0   0   0   0   1   0   0   1  0.88 0.11
   68 N    -1   0   3   3  -3   3   2  -1   0  -3  -3   1  -2  -4  -2   0   0  -4  -3  -3    1   0  19  25   0  25  15   2   1   0   0   5   0   0   0   4   3   0   0   0  0.47 0.06
   69 N    -1  -2   1  -2  -2  -1  -2  -2  -2  -2  -2  -1  -2  -3  -2   2   6  -3  -2  -1    0   0   4   0   0   0   0   0   1   0   0   1   0   0   0   8  86   0   0   0  0.78 0.12
   70 M    -2  -3  -4  -4  -2  -2  -3  -4  -3   1   5  -3   4   0  -4  -3  -2  -2  -2   0    0   0   0   0   0   0   0   0   0   0  82   0  18   1   0   0   0   0   0   0  0.68 0.09
   71 S    -2  -3  -3  -4  -2  -3  -3  -3  -1  -1   0  -3  -1   7  -4   0  -2   1   2  -2    0   0   0   0   0   0   0   0   1   0   1   0   0  83   0  13   0   1   2   0  0.98 0.12
   72 E    -1  -1   0   4  -4   1   5  -2  -1  -4  -4   0  -3  -4  -1   0   0  -4  -3  -3    3   0   0  29   0   0  59   0   0   0   0   2   0   0   1   2   4   0   0   0  0.74 0.09
   73 Y    -3  -3  -3  -4  -4  -3  -3  -4   1  -2  -2  -3  -2   2  -4  -3  -3   1   9  -2    0   0   0   0   0   0   0   0   0   0   0   0   0   0   0   0   0   0 100   0  1.65 0.17
   74 L    -2  -3  -4  -5  -2  -3  -4  -5  -4   1   5  -3   1   0  -4  -3  -2  -2  -2   0    0   0   0   0   0   0   0   0   0   1  99   0   0   0   0   0   0   0   0   0  0.80 0.11
   75 T    -1  -1  -1   1  -4   1   6  -3  -1  -4  -3   0  -3  -4  -2  -1  -1  -4  -3  -3    1   0   0   0   0   0  94   0   0   0   1   0   0   0   0   0   4   0   0   0  1.05 0.13
   76 N    -3  -1   7   1  -4  -1  -1  -1   0  -4  -5  -1  -3  -4  -3   0  -1  -5  -3  -4    0   0  99   1   0   0   0   0   0   0   0   0   0   0   0   0   0   0   0   0  1.32 0.15
   77 P    -2  -3  -3  -3  -4  -2  -2  -3  -3  -4  -4  -2  -4  -5   8  -2  -2  -5  -4  -3    0   0   0   0   0   0   0   0   0   0   0   0   0   0 100   0   0   0   0   0  2.44 0.16
   78 K    -2   1  -1  -2  -4   1   0  -2  -2  -4  -3   6  -2  -4  -2  -1  -2  -4  -3  -3    0   0   0   0   0   0   0   0   0   0   0  99   0   0   0   0   0   0   0   0  1.00 0.14
   79 K    -2   2  -1  -2  -4   1   0  -2  -2  -4  -3   6  -2  -4  -2  -1  -2  -4  -3  -3    0   1   0   0   0   0   0   0   0   0   0  99   0   0   0   0   0   0   0   0  1.00 0.13
   80 Y    -3  -3  -3  -4  -3  -3  -3  -4   1  -2  -2  -3  -2   3  -4  -3  -3   1   8  -2    0   0   0   0   0   0   0   0   0   0   0   0   0   6   0   0   0   0  93   1  1.50 0.15
   81 I    -2  -4  -4  -4  -2  -4  -4  -5  -4   6   1  -4   0  -1  -4  -3  -2  -4  -2   2    0   0   0   0   0   0   0   0   0 100   0   0   0   0   0   0   0   0   0   0  0.90 0.13
   82 P    -2  -3  -3  -3  -4  -2  -2  -3  -3  -4  -4  -2  -4  -5   8  -2  -2  -5  -4  -3    0   0   0   0   0   0   0   0   0   0   0   0   0   0  99   0   0   0   0   1  2.39 0.16
   83 G    -1  -3  -1  -2  -3  -3  -3   7  -3  -5  -5  -2  -4  -4  -3  -1  -2  -3  -4  -4    0   0   0   0   0   0   0 100   0   0   0   0   0   0   0   0   0   0   0   0  1.45 0.12
   84 T    -1  -2  -1  -2  -2  -2  -2  -3  -3  -2  -2  -2  -2  -3  -2   1   6  -3  -3  -1    0   0   0   0   0   0   0   0   0   0   0   0   0   0   0   0 100   0   0   0  1.00 0.14
   85 K    -2   1  -1  -2  -4   1   0  -2  -2  -4  -3   6  -2  -4  -2  -1  -2  -4  -3  -3    0   0   0   0   0   0   0   0   0   0   0 100   0   0   0   0   0   0   0   0  1.01 0.14
   86 M    -2  -3  -3  -4  -3  -2  -3  -4  -3   0   1  -3   9  -1  -4  -3  -2  -3  -2   0    0   0   0   0   0   0   0   0   0   0   0   0 100   0   0   0   0   0   0   0  1.31 0.18
   87 A     5  -2  -2  -3  -1  -2  -2  -1  -3  -2  -2  -2  -2  -3  -2   0  -1  -3  -3  -1   99   0   0   0   0   0   0   0   0   0   0   0   0   0   0   0   0   0   0   1  0.78 0.12
   88 F    -3  -4  -4  -5  -3  -4  -4  -4  -2  -1   0  -4  -1   8  -5  -3  -3   0   3  -2    0   0   0   0   0   0   0   0   0   0   0   0   0  99   0   0   0   0   1   0  1.40 0.14
   89 G     3  -3   0  -2  -2  -2  -2   5  -2  -3  -3  -2  -3  -3  -1   0  -1  -3  -3  -2   35   0   4   0   0   0   0  59   0   0   0   0   0   0   1   0   1   0   0   0  0.74 0.08
   90 G    -1  -3  -1  -2  -3  -3  -3   7  -3  -5  -5  -2  -4  -4  -3  -1  -2  -3  -4  -4    0   0   0   0   0   0   0 100   0   0   0   0   0   0   0   0   0   0   0   0  1.45 0.12
   91 L    -2  -3  -4  -4  -2  -3  -4  -4  -3   1   5  -3   1   1  -4  -3  -2  -2  -1   0    0   0   0   0   0   0   0   0   0   0  94   0   0   6   0   0   0   0   0   0  0.74 0.10
   92 K    -2   1  -1  -2  -4   1   0  -2  -2  -4  -3   6  -2  -4  -2  -1  -2  -4  -3  -3    0   0   0   0   0   0   0   0   0   0   0 100   0   0   0   0   0   0   0   0  1.01 0.14
   93 K    -2   1  -1  -2  -4   1   0  -2  -2  -4  -3   6  -2  -4  -2  -1  -2  -4  -3  -3    0   0   0   0   0   0   0   0   0   0   0 100   0   0   0   0   0   0   0   0  1.01 0.14
   94 E     1  -2   0   3  -3   0   3   0  -1  -3  -3  -1  -3  -4   3   0  -1  -4  -3  -2   18   0   1  23   0   1  34   6   0   0   0   0   0   0  16   0   1   0   0   0  0.49 0.06
   95 K    -1   1  -1  -2  -4   1   0  -2  -2  -4  -3   6  -2  -4  -2  -1  -1  -4  -3  -3    1   0   1   0   0   0   0   1   0   0   0  96   0   0   0   1   0   0   0   0  0.92 0.13
   96 D    -3  -2   0   7  -4  -1   2  -2  -2  -4  -5  -1  -4  -4  -2  -1  -2  -5  -4  -4    0   0   0  89   0   0  11   0   0   0   0   0   0   0   0   0   0   0   0   0  1.26 0.12
   97 R    -2   7  -1  -3  -4   0  -1  -3  -1  -4  -3   1  -2  -4  -3  -2  -2  -4  -3  -4    0 100   0   0   0   0   0   0   0   0   0   0   0   0   0   0   0   0   0   0  1.31 0.14
   98 N    -2  -1   7   1  -1  -1  -1  -1   0  -4  -4  -1  -3  -4  -3   0  -1  -3  -3  -4    1   0  93   0   1   0   0   0   0   0   0   2   0   0   0   3   0   0   0   0  1.15 0.14
   99 D    -3  -3   1   7  -5  -1   1  -2  -2  -4  -5  -2  -4  -5  -2  -1  -2  -5  -4  -4    0   0   2  98   0   0   0   0   0   0   0   0   0   0   0   0   0   0   0   0  1.41 0.14
  100 L    -2  -3  -4  -4  -2  -3  -4  -4  -4   1   5  -3   1   0  -4  -3  -2  -2  -2   1    0   0   0   0   0   0   0   0   0   4  92   0   0   0   0   0   0   0   0   5  0.71 0.09
  101 I    -2  -4  -3  -4  -2  -3  -4  -4  -4   6   1  -3   0  -1  -4  -3  -1  -3  -2   3    0   0   1   0   0   0   0   0   0  82   0   0   0   0   0   0   0   0   0  17  0.70 0.10
  102 T     1  -2  -1  -2  -2  -1  -2  -2  -2  -2  -2  -1  -1  -3  -2   1   6  -3  -2  -1   15   0   0   0   0   1   0   0   1   0   0   0   0   0   0   3  80   0   0   0  0.69 0.11
  103 Y    -3  -3  -3  -4  -3  -2  -3  -4   4  -2  -2  -3  -2   4  -4  -3  -3   6   7  -2    0   0   0   0   0   0   0   0  12   0   0   0   0  19   0   0   0  12  57   0  1.06 0.11
  104 L    -2  -3  -4  -4  -2  -3  -4  -4  -3   1   5  -3   3   0  -4  -3  -2  -2  -2   0    0   0   0   0   0   0   0   0   0   1  91   0   7   1   0   0   0   0   0   1  0.72 0.10
  105 K    -1   3  -1  -1  -3   1   1  -2  -1  -3  -2   5  -2  -3  -2  -1  -1  -4  -2  -1    4  14   0   0   0   3   3   0   0   0   2  67   0   0   0   1   1   0   0   5  0.56 0.09
  106 K    -1   0   1   3  -4   1   5  -2  -1  -4  -4   2  -3  -4  -2   0  -1  -4  -3  -3    1   0   6  15   0   2  58   1   0   0   0  13   0   0   0   3   0   0   0   0  0.65 0.08
  107 A     4  -2   0  -1  -2   0   2  -1  -1  -2  -3  -1  -2  -3  -1   2   0  -3  -2  -1   57   0   4   0   0   0  17   0   0   0   0   0   0   0   0  20   0   0   0   1  0.41 0.08
  108 C    -1  -2  -1  -2   5  -2  -2  -3  -3  -1  -2  -2  -2  -3  -2   1   5  -3  -3   0    1   0   0   0  18   0   0   0   0   0   0   0   0   0   0   3  73   0   0   4  0.73 0.12
  109 E    -1   2  -1  -1  -4   1   1  -2  -1  -3  -3   5  -2  -4  -2   1  -1  -4  -3  -3    0   5   0   0   0   3   4   0   0   0   0  78   0   0   0  10   0   0   0   0  0.69 0.10

                      K         Lambda
Standard Ungapped    0.1336     0.3147
Standard Gapped      0.0537     0.2670
PSI Ungapped         0.1754     0.3172
PSI Gapped           0.0537     0.2670
