
Last position-specific scoring matrix computed, weighted observed percentages rounded down, information per position, and relative weight of gapless real matches to pseudocounts
            A   R   N   D   C   Q   E   G   H   I   L   K   M   F   P   S   T   W   Y   V   A   R   N   D   C   Q   E   G   H   I   L   K   M   F   P   S   T   W   Y   V
    1 M    -1  -2  -3  -4  -2  -1  -3  -3  -2   1   2  -2   7   0  -3  -2  -1  -2  -1   0    0   0   0   0   0   0   0   0   0   0   0   0 100   0   0   0   0   0   0   0  0.67 0.07
    2 S     0  -1   0  -1  -2   0  -1  -1  -1  -3  -3   1  -2  -1   3   4   1  -3  -2  -2    0   0   0   0   0   0   0   0   0   0   0  11   0   3  14  66   6   0   0   0  0.44 0.04
    3 S     1  -1   0  -1  -1  -1  -1   1  -1  -3  -3  -1  -2  -2  -1   4   1  -3   0  -2   10   0   0   0   0   0   0   7   0   0   0   0   0   0   0  74   5   0   3   0  0.45 0.06
    4 K     1   3   1  -1  -3   1   0  -1  -1  -3  -3   4  -2  -3   1   0  -1  -3  -2  -2   18  15   9   0   0   3   0   0   0   0   0  46   0   0   5   4   0   0   0   0  0.36 0.04
    5 I    -1  -3  -3  -4  -2  -2  -3  -3   0   2   1  -3   0   2  -3  -2   0   0   6   1    5   0   0   0   0   0   0   0   0  20  10   0   0   5   0   1   6   0  48   6  0.46 0.07
    6 E    -1   2  -1   3  -4   1   5  -3   0  -4  -3   1  -3  -4  -2  -1  -1  -4  -3  -3    2  12   0  13   0   0  66   0   2   0   0   5   0   0   0   0   0   0   0   0  0.69 0.09
    7 R    -1   3   0   4  -4   1   2  -2   0  -3  -3   2  -2  -4   0  -1  -1  -4  -2  -3    2  27   0  30   0   2  15   0   2   0   0  14   0   0   5   1   1   0   0   1  0.44 0.05
    8 I     0   2  -1  -2  -2   0  -1  -2  -1   1   0   3   2  -2  -2   0   0  -3  -1   0    7   9   0   0   0   0   0   0   1  11   6  40  10   0   0   7   3   0   1   5  0.17 0.05
    9 F    -2  -3  -1  -3   0  -1  -3  -4  -2   1   3  -3   2   4  -3  -2  -2  -1   0   0    1   0   4   0   3   5   0   0   0   4  48   0   4  29   0   0   0   0   0   3  0.35 0.06
   10 S     1  -2  -2  -2  -1  -1  -1  -1  -2   2   1  -2   0  -1   0   1   0  -3  -2   2    9   0   0   0   0   2   3   3   0   8  15   0   0   1   4  18   1   0   0  34  0.13 0.04
   11 G     1  -1   0  -1  -2   0  -1   4   0  -2  -2   1  -2  -1  -1   0  -1  -3  -2  -2   19   2   5   3   0   3   0  40   3   1   5  12   0   3   2   4   0   0   0   0  0.30 0.04
   12 P    -1   1  -1  -2  -1  -1  -1  -3  -1  -3  -3  -1  -3  -4   7   0   0  -1  -3  -2    1  10   2   0   2   2   0   0   2   0   2   0   0   0  65   8   4   1   0   1  1.21 0.10
   13 A     4  -1   0  -2  -1  -1  -2  -1  -2  -1  -1  -1  -1  -3  -2   1   0  -3  -2   0   76   3   5   0   0   0   0   0   0   0   4   0   0   0   0   4   2   0   0   7  0.43 0.09
   14 L    -2  -1   0  -1  -2  -2  -2  -3  -3   1   4  -1   1  -1   0  -2  -1  -3  -2   1    0   4   6   3   0   0   2   1   0   5  63   2   1   0   4   0   3   0   0   7  0.25 0.06
   15 K     0   2  -1  -1  -3   2   1  -1  -1  -1  -2   4  -1  -3  -2   0  -1  -3  -1  -2    9  12   0   0   0  11   3   3   0   5   0  47   1   0   0   4   1   0   2   2  0.33 0.06
   16 I    -1  -2  -3  -3  -2  -3  -2  -3  -3   2   2  -3   0   4   0  -2  -1  -1   1   2    1   3   0   0   0   0   2   1   0  21  19   0   0  26   5   0   0   0   1  20  0.27 0.05
   17 N     0   3   2  -1  -3   0  -1   3  -1  -2  -3   1  -2  -3  -2   1   0  -3  -2  -1    6  26  12   0   0   0   0  29   0   1   0   9   0   0   0   8   3   0   1   4  0.32 0.06
   18 T     1   1   3   0  -2   1   0  -1   0  -2  -2   1  -1  -3  -2   1   2  -3  -2  -1   17   9  26   1   0   5   4   1   1   1   2   7   0   0   0   5  17   0   0   4  0.22 0.05
   19 Y    -1  -2  -3  -4  -2  -3  -3  -3  -2   1   1  -2   0   5  -3  -2  -1   2   3   0    6   1   0   0   0   0   0   1   0   6  15   3   1  48   0   0   3   2   8   5  0.45 0.08
   20 L    -2  -2  -2  -4  -2  -1  -3  -4  -1   1   3  -3   1   2  -3  -3  -2   0   4   0    0   0   1   0   0   4   0   0   0   7  49   0   3   4   0   0   0   0  28   1  0.44 0.09
   21 D    -2  -2   1   6  -4   0   1  -1   1  -3  -3   0  -1  -3  -2   0  -2  -4  -2  -3    1   0   1  71   0   2   1   2   3   0   2   6   2   0   0   6   0   0   2   0  0.80 0.12
   22 K    -1   3  -1  -2  -4   0   0  -1   1  -3  -3   5  -2  -3  -1  -1  -1  -3  -1  -3    1  15   0   0   0   0   0   4   4   0   0  66   0   1   2   2   2   0   1   0  0.62 0.12
   23 L    -2  -3  -4  -4  -3  -2  -4  -3  -3  -1   1  -3   7   4  -3  -3   0  -2   1  -1    0   1   0   0   0   0   0   1   0   0  10   0  51  27   1   0   6   0   3   0  0.81 0.21
   24 P    -2  -2  -3  -3  -4  -2  -3  -4   0  -3  -3   1  -3   0   6  -2  -3  -1   6  -3    0   0   0   0   0   0   0   0   2   0   0   9   0   1  43   1   0   0  42   0  1.23 0.22
   25 K    -2   2   1  -1  -4   4   1  -3   0  -3  -2   4  -2  -3  -2  -1   0  -4  -3  -2    0   6   9   0   0  23   3   0   1   1   3  45   0   0   0   0   6   0   0   2  0.53 0.15
   26 I    -2  -4  -4  -4  -2  -3  -4  -4  -4   5   1  -3   1   1  -4  -3   1  -3  -1   3    0   0   0   0   0   0   0   0   0  52   7   0   2   6   0   0   8   0   1  23  0.60 0.17
   27 Y    -1  -3  -2  -3  -4  -2  -3   5   3  -4  -4  -3  -3  -1  -3   0   0  -2   5  -3    0   0   0   0   0   0   0  51   9   0   0   0   0   0   0   6   8   0  26   0  0.82 0.20
   28 N    -4  -2   8  -1  -5  -2  -2  -2  -1  -5  -6  -2  -4  -5  -4  -1  -2  -6  -4  -5    0   0  99   0   0   0   0   0   0   0   0   0   0   0   0   0   0   0   0   0  1.95 0.37
   29 V    -2  -4  -4  -4  -2  -4  -4  -5  -4   5   1  -4   0  -1   2  -3  -2  -4  -2   3    0   0   0   0   0   0   0   0   0  57   5   0   1   1   9   0   0   0   0  27  0.75 0.20
   30 F    -4  -4  -3  -5  -5  -4  -4  -5   0  -3  -3  -4  -3   2  -5  -4  -4   1   9  -3    0   0   1   0   0   0   0   0   0   1   0   0   0   3   0   0   0   1  94   1  2.16 0.39
   31 F     0  -3  -4  -4  -1  -3  -4  -1  -3   2   2  -3   0   4  -4  -2  -1  -2   0   3    8   0   0   0   1   0   0   4   0   8  16   0   1  27   0   0   1   0   2  33  0.38 0.13
   32 I    -2  -4  -4  -5  -3  -4  -5  -5  -5   7   1  -4   0  -2  -4  -4   0  -4  -3   2    1   0   0   0   0   0   0   0   0  83   7   0   1   0   0   0   4   0   0   5  1.05 0.25
   33 A     5  -3  -2  -3   1  -2  -2   1  -3  -3  -3  -2  -2  -4  -2   1   3  -4  -3  -1   61   0   0   0   2   0   0   8   0   0   0   0   0   0   0   5  23   0   0   1  0.64 0.20
   34 S     4  -3  -2  -3   1  -2  -2   1  -3  -1  -1  -2   2  -1  -2   1   0  -3  -3  -1   55   0   0   0   3   0   0  10   0   3   3   0   7   2   0  12   4   0   0   1  0.41 0.16
   35 I    -2  -4  -4  -4  -2  -4  -4  -5  -4   5   0  -4   0   0  -4  -3   0  -4  -1   4    0   0   0   0   0   0   0   0   0  59   1   0   0   3   0   0   5   0   1  29  0.78 0.20
   36 S     5  -3  -2  -3  -2  -2  -2   0  -3  -3  -3  -2  -3  -4  -2   4  -1  -4  -3  -2   61   0   0   0   0   0   0   3   0   0   0   0   0   0   0  36   0   0   0   0  0.81 0.24
   37 T    -1  -4  -3  -4   5  -3  -4  -4  -4   2  -1  -3  -1  -3  -3  -2   3  -4  -3   4    0   0   0   0  18   0   0   0   0   7   0   0   0   0   0   0  23   0   0  52  0.72 0.21
   38 I    -2  -4  -5  -5  -3  -4  -4  -5  -5   6   1  -4   2  -1  -4  -3  -1  -4  -3   3    0   0   0   0   0   0   0   0   0  69   2   0   4   0   0   0   2   0   0  23  0.94 0.23
   39 A     1  -3  -2  -3  -3  -3  -3   6  -3  -5  -5  -3  -4  -4  -3   2  -2  -4  -4  -4    7   0   0   0   0   0   0  73   0   0   0   0   0   0   0  20   0   0   0   0  1.17 0.23
   40 G    -1  -4  -2  -3  -4  -4  -4   7  -4  -6  -6  -3  -5  -5  -4  -2  -3  -4  -5  -5    1   0   0   0   0   0   0  99   0   0   0   0   0   0   0   0   0   0   0   0  1.86 0.31
   41 M     2  -3  -2  -3  -3  -2  -3   4  -3  -2   1  -3   4  -2  -3  -1  -2  -3  -3  -2   20   0   0   0   0   0   0  40   0   0  18   0  20   0   0   2   1   0   0   0  0.53 0.17
   42 M    -3  -3  -5  -5  -3  -3  -4  -5  -4   0   5  -4   6  -1  -4  -4  -3  -3  -3  -1    0   0   0   0   0   0   0   0   0   0  71   0  28   0   0   0   0   0   0   0  1.05 0.25
   43 F    -4  -5  -5  -6  -4  -5  -5  -5  -3  -2  -1  -5  -2   9  -6  -4  -4  -1   1  -3    0   0   0   0   0   0   0   0   0   0   1   0   0  99   0   0   0   0   0   0  2.09 0.37
   44 G    -2  -4  -2  -3  -4  -4  -4   7  -4  -6  -6  -3  -5  -5  -4  -2  -3  -4  -5  -4    0   0   0   0   0   0   0  99   0   0   0   0   0   0   0   0   0   0   0   1  1.85 0.31
   45 F    -4  -5  -5  -6  -4  -5  -5  -5  -3   0  -1  -5  -2   9  -6  -4  -4  -1   1  -2    0   0   0   0   0   0   0   0   0   3   0   0   0  95   0   0   0   0   0   1  1.93 0.35
   46 D    -4  -4   0   8  -6  -2   0  -3  -3  -5  -6  -3  -5  -6  -3  -2  -3  -6  -5  -5    0   0   0 100   0   0   0   0   0   0   0   0   0   0   0   0   0   0   0   0  2.00 0.36
   47 I    -3  -5  -5  -5  -3  -5  -5  -6  -5   7   0  -5   0  -2  -5  -4  -2  -4  -3   2    0   0   0   0   0   0   0   0   0  96   1   0   0   0   0   0   0   0   0   3  1.42 0.31
   48 S     1  -3  -1  -2  -3  -2  -2  -2  -3  -4  -4  -2  -3  -4  -3   6   0  -5  -4  -3    7   0   0   0   0   0   0   0   0   0   1   0   0   0   0  92   0   0   0   0  1.21 0.32
   49 S     0  -3  -1  -2  -3  -2  -2  -2  -3  -4  -4  -2  -3  -4  -3   7   0  -5  -4  -4    1   0   0   0   0   0   0   0   0   0   0   0   0   0   0  99   0   0   0   0  1.36 0.34
   50 M    -3  -4  -4  -5  -3  -2  -4  -5  -4   0   1  -3   9  -2  -5  -4  -3  -4  -3   2    0   0   0   0   0   0   0   0   0   3   4   0  81   0   0   0   0   0   0  11  1.61 0.37
   51 S    -1  -3  -1  -2  -3  -2  -2  -2  -3  -4  -4  -2  -3  -4  -3   7   0  -5  -4  -4    0   0   0   0   0   0   0   0   0   0   0   0   0   0   0  99   0   0   0   0  1.39 0.35
   52 A     6  -3  -3  -3  -1  -2  -2  -1  -3  -3  -3  -2  -2  -4  -2   2  -1  -4  -3  -1   82   0   0   0   0   0   0   2   0   0   1   0   0   0   0  11   0   0   0   3  0.91 0.25
   53 F    -2  -3  -4  -4  -3   1  -3  -5  -3   5   0  -3   2   5  -4  -3  -2   2   0   1    1   0   0   0   0   8   0   0   0  47   1   0   7  29   0   0   0   2   0   3  0.66 0.20
   54 I    -2  -4  -4  -5  -2  -4  -4  -5  -4   5   3  -4   0  -1  -4  -4  -2  -4  -2   2    0   0   0   0   0   0   0   0   0  58  28   0   0   0   0   0   0   0   0  13  0.81 0.20
   55 G     0  -3   0   1  -3  -2  -2   5  -3  -4  -4  -2  -3  -4   0   2  -1  -4  -4  -3    5   0   4   6   0   0   1  52   0   0   0   0   0   0   5  25   2   0   0   1  0.71 0.17
   56 A    -1  -2  -1   0  -3   2   1  -2  -2  -1  -3  -1  -2  -4  -3   0   6  -4  -3  -2    3   0   1   3   0  10  11   3   0   3   0   0   0   0   0   1  63   0   0   0  0.67 0.22
   57 E    -1   0   2   3  -4   3   2  -2  -1  -4  -4   2  -2  -4   1   0  -1  -3  -3  -3    2   2  11  20   0  21  15   1   1   0   0  13   0   0   6   3   3   0   0   0  0.44 0.12
   58 H     1   0   0  -1  -3   4   0  -1   2  -3  -3   0  -2  -3   3   1  -1  -3  -1  -2   17   2   2   1   0  30   2   4   7   0   0   1   0   0  17  11   2   0   2   1  0.44 0.14
   59 Y    -4  -4  -4  -5  -5  -4  -4  -5   0  -4  -3  -4  -3   1  -5  -4  -4   0   9  -3    0   0   0   0   0   0   0   0   0   0   0   0   0   1   0   0   0   0  99   0  2.35 0.42
   60 M    -2   3  -1  -3  -3   0  -1  -2  -2  -1   2   4   2  -2  -3  -2  -2  -3  -2  -1    1  16   2   0   0   4   0   2   0   2  34  34   5   0   0   1   0   0   0   0  0.36 0.15
   61 R    -2   1   1   0   9  -2   1  -4  -1  -3  -3   0  -3  -4  -3  -1  -2  -4  -4  -3    1   7   8   5  56   1  11   0   1   0   0   5   0   0   0   3   0   0   0   0  1.15 0.25
   62 Y    -3  -4  -4  -5  -4  -1  -4  -5   0  -3  -3  -3  -1   4  -4  -3  -4   0   9  -3    1   0   0   0   0   3   0   0   0   0   0   0   1  15   0   0   0   0  79   0  1.76 0.34
   63 F    -4  -5  -5  -6  -4  -5  -5  -5  -3  -2  -1  -5  -2   9  -6  -4  -4  -1   2  -3    0   0   0   0   0   0   0   0   0   0   0   0   0  98   0   0   0   0   2   0  2.09 0.37
   64 N    -3  -2   7   2  -4  -1  -2   1   2  -5  -5  -2  -4  -5  -4  -1  -2  -5  -4  -5    0   0  72  10   0   1   0  11   4   0   0   0   0   0   0   2   0   0   0   0  1.19 0.27
   65 S    -2   0   1  -1  -4   6   1  -3   5  -4  -3   0  -2  -3  -3   1   0  -3   0  -4    0   1   8   0   0  48   4   0  16   0   0   1   0   1   0  13   4   0   4   0  0.71 0.22
   66 P    -3  -4  -4  -4  -5  -3  -3  -4  -4  -2  -5  -3  -4  -6   9  -3  -3  -6  -5  -4    0   0   0   0   0   0   0   0   0   2   0   0   0   0  97   0   0   0   0   0  2.67 0.38
   67 G    -1   2   2   2  -3   0   0   1   0  -3  -3   1  -2  -3  -1   2   2  -4  -3  -3    2  15  10  11   0   1   2  10   3   0   0  10   0   0   1  18  16   0   0   0  0.28 0.09
   68 S     2  -2  -1  -1  -2  -2  -1  -2  -2  -3  -4  -2  -3  -4   2   5   1  -4  -3  -3   21   0   0   3   0   0   1   0   0   0   0   0   0   0  11  61   3   0   0   0  0.71 0.22
   69 D     0  -2   2   3  -2  -1   0  -2  -2   0   0  -2  -1  -3  -2   2   2  -4  -3  -1    4   0  11  27   0   0   2   1   0   8  12   0   0   0   0  17  15   0   0   3  0.26 0.11
   70 I    -1  -1  -1  -3  -2  -1  -2  -3  -2   2   1  -2   2  -2  -2  -1   2  -3  -2   4    3   2   4   0   0   3   2   0   1   8   9   1   7   0   0   0  16   0   0  43  0.29 0.12
   71 Q    -3  -1  -2  -2  -5   8   0  -4  -2  -5  -4  -1  -2  -5  -3  -2  -3  -4  -4  -4    0   0   0   0   0 100   0   0   0   0   0   0   0   0   0   0   0   0   0   0  1.94 0.41
   72 G    -1  -4  -2  -3  -4  -4  -4   7  -4  -6  -6  -3  -5  -5  -4  -2  -3  -4  -5  -5    0   0   0   0   0   0   0  99   0   0   0   0   0   0   0   1   0   0   0   0  1.86 0.31
   73 F    -1  -4  -2  -3  -4  -4  -4   6  -3  -3  -3  -3  -3   3  -4  -2  -3  -3  -2  -4    0   0   0   0   0   0   0  81   0   1   1   0   0  17   0   0   0   0   0   0  1.32 0.26
   74 I    -3  -5  -5  -5  -3  -5  -5  -6  -5   7   0  -5   0  -2  -5  -4  -2  -4  -3   2    0   0   0   0   0   0   0   0   0  97   0   0   0   0   0   0   0   0   0   3  1.43 0.31
   75 T    -2  -3  -2  -3  -3  -2  -3  -3  -4  -2  -3  -2  -2  -4  -3   1   7  -4  -3  -1    0   0   0   0   0   0   0   0   0   0   0   0   0   0   0   5  92   0   0   3  1.34 0.33
   76 S     6  -3  -3  -3  -2  -2  -2  -1  -3  -3  -3  -2  -3  -4  -2   2  -1  -4  -3  -2   87   0   0   0   0   0   0   1   0   0   0   0   0   0   0  12   0   0   0   0  1.04 0.27
   77 S     4  -3  -2  -2   1  -2  -2  -2  -3  -3  -3  -2  -3  -4  -2   5   0  -4  -3  -2   39   0   0   0   3   0   0   0   0   0   0   0   0   0   0  58   0   0   0   0  0.81 0.24
   78 M    -3  -4  -5  -5  -4  -3  -4  -5  -4  -1   0  -4  10  -2  -5  -4  -3  -4  -3  -1    0   0   0   0   0   0   0   0   0   0   0   0 100   0   0   0   0   0   0   0  2.25 0.45
   79 A     4  -3  -3  -3  -3  -2  -2  -2  -3  -3  -4  -2  -3  -4   6   2  -1  -4  -4  -2   48   0   0   0   0   0   0   0   0   0   0   0   0   0  37  15   0   0   0   0  1.01 0.23
   80 L     2  -3  -2  -3  -3  -3  -3   5  -3  -3   1  -3  -2  -3  -3  -1  -2  -4  -4  -2   24   0   0   0   0   0   0  56   0   0  19   0   0   0   0   0   0   0   0   0  0.77 0.19
   81 G    -2  -4  -2  -3  -4  -4  -4   7  -4  -6  -6  -3  -5  -5  -4  -2  -3  -4  -5  -5    0   0   0   0   0   0   0 100   0   0   0   0   0   0   0   0   0   0   0   0  1.88 0.32
   82 S     0  -3  -1  -2  -3  -2  -2  -2  -3  -4  -4  -2  -3  -4  -3   7   0  -5  -4  -4    1   0   0   0   0   0   0   0   0   0   0   0   0   0   0  99   0   0   0   0  1.36 0.34
   83 F    -4  -5  -5  -6  -4  -4  -5  -5  -4  -1  -1  -5  -1   6  -6  -4  -3  10   1  -3    0   0   0   0   0   0   0   0   0   2   3   0   1  48   0   0   1  44   1   0  1.98 0.33
   84 F    -2  -4  -4  -5   0  -3  -4  -4  -4   1   4  -4   1   4  -4  -3  -2  -1  -1   2    2   0   0   0   2   0   0   0   0   7  51   0   0  22   0   0   0   0   0  15  0.57 0.15
   85 G     0  -4  -2  -3  -4  -3  -4   7  -4  -5  -5  -3  -4  -5  -4   0  -2  -4  -5  -4    6   0   0   0   0   0   0  89   0   0   0   0   0   0   0   4   1   0   0   0  1.51 0.27
   86 S     5  -3  -2  -3   1  -2  -2  -1  -3  -3  -3  -2  -3  -4  -2   4  -1  -4  -3  -2   59   0   0   0   3   0   0   0   0   0   0   0   0   0   0  38   0   0   0   0  0.81 0.24
   87 I    -3  -4  -5  -5  -2  -4  -4  -5  -4   3   5  -4   1  -1  -4  -3  -2  -3  -2   0    0   0   0   0   0   0   0   0   0  15  80   0   1   0   0   1   0   0   0   1  0.90 0.22
   88 A     2  -3  -3  -4   3  -3  -3  -2  -3   3   1  -3   0   1  -3  -1   0  -3  -2   3   21   0   0   0   9   0   0   1   0  22  10   0   1   6   0   3   3   0   0  25  0.28 0.11
   89 S     2  -2  -1  -2   0  -2  -2  -2  -3  -4  -4  -2  -3  -4  -2   6   1  -4  -3  -3   12   0   0   0   2   0   0   0   0   0   0   0   0   0   0  81   4   0   0   1  0.98 0.28
   90 S     0  -3  -2  -3  -3  -3  -3   6  -3  -5  -5  -3  -4  -4   1   2  -1  -4  -4  -4    4   0   0   0   0   0   0  72   0   0   0   0   0   0   6  15   2   0   0   0  1.11 0.22
   91 F    -3  -4  -1  -3  -4  -3  -4  -4  -1   0  -1  -3   0   6   1  -3  -3   2   4  -1    1   0   3   1   0   0   0   0   0   6   1   0   2  52   9   1   1   2  18   2  0.85 0.20
   92 V    -2  -4  -4  -5  -1  -3  -4  -5  -4   3   3  -4   1   1  -4  -3  -2  -3  -2   3    0   0   0   0   1   0   0   0   0  25  43   0   1   7   0   0   1   0   0  23  0.58 0.15
   93 S     0  -2  -1  -2  -2  -1  -2  -1  -3  -4  -4  -2  -3  -4  -2   6   3  -4  -3  -2    1   0   0   0   0   1   0   1   0   0   0   0   0   0   0  79  17   0   0   1  0.99 0.28
   94 E    -3  -3   0   7  -5  -1   3  -3  -3  -5  -5  -2  -5  -5  -3  -2  -3  -6  -5  -5    0   0   0  80   0   0  20   0   0   0   0   0   0   0   0   0   0   0   0   0  1.55 0.30
   95 P    -1   3  -1  -3  -3  -1  -2  -3  -1   1  -1   1   0  -2   4  -1   0   2  -1  -1    4  27   2   0   0   1   0   0   1  16   1  12   4   0  20   1   4   4   2   1  0.37 0.12
   96 F    -3  -4  -4  -5  -2  -4  -4  -5  -3   1   4  -3   1   5  -4  -3  -2   0   1   0    1   0   0   0   0   0   0   0   0   7  44   0   3  39   0   0   1   1   2   2  0.72 0.18
   97 G    -1  -4  -2  -3  -4  -4  -4   7  -4  -6  -6  -3  -5  -5  -4  -1  -3  -4  -5  -5    0   0   0   0   0   0   0  98   0   0   0   0   0   0   0   2   0   0   0   0  1.82 0.31
   98 R    -3   8  -2  -4  -6  -1  -2  -4  -2  -5  -4   0  -3  -5  -4  -3  -3  -5  -4  -5    0 100   0   0   0   0   0   0   0   0   0   0   0   0   0   0   0   0   0   0  1.89 0.36
   99 R    -3   5  -1  -3  -5   0  -1  -3  -2  -4  -4   6  -3  -5  -3  -2  -2  -5  -3  -4    0  41   1   0   0   0   0   0   0   0   0  58   0   0   0   0   0   0   0   0  1.18 0.27
  100 L     0   2  -2  -2  -2  -1  -1  -2  -1  -1   0   2   0   0   1   0   1   0   2   0    7  14   0   0   0   0   0   2   1   3   9  17   3   4   6   4  13   1  10   7  0.12 0.07
  101 S     3  -2  -1  -2  -1  -2  -2  -2  -3  -3  -3  -2  -2  -4  -2   5   1  -4  -3  -1   34   0   0   0   1   0   0   0   0   0   0   0   0   0   0  55   7   0   0   3  0.70 0.22
  102 L    -3  -4  -5  -5  -3  -4  -5  -5  -5   6   3  -4   1  -1  -4  -4  -2  -4  -3   1    0   0   0   0   0   0   0   0   0  69  29   0   1   0   0   0   0   0   0   1  0.96 0.23
  103 L    -2  -1  -2  -3  -4   5  -1  -4   3   0   1  -1   6   0  -3  -2  -2  -3  -2  -1    0   1   0   0   0  39   0   0   8   3   8   0  34   3   0   0   1   0   0   1  0.72 0.24
  104 T    -1  -4  -4  -4  -1  -3  -4  -4  -4   5   2  -3   1   0  -4  -2   0  -2  -2   3    2   0   0   0   1   0   0   0   0  48  12   0   1   3   0   2   6   0   0  23  0.53 0.15
  105 C     1  -4  -2  -3   7  -3  -4   5  -4  -4  -4  -3  -4  -4  -4  -1  -2  -4  -4  -3   12   0   0   0  27   0   0  60   0   0   0   0   0   0   0   2   0   0   0   0  1.18 0.24
  106 A     3  -3  -2  -3   6  -2  -2   0  -3  -3  -3  -2  -3  -4  -2   4  -1  -4  -3  -2   36   0   0   0  21   0   0   4   0   0   0   0   0   0   0  39   0   0   0   0  0.73 0.21
  107 F     0  -3  -4  -4   2  -3  -4  -3  -3   3   1  -3   1   3  -3  -2  -1   0  -1   3    6   0   0   0   5   0   0   1   0  21  10   0   2  16   0   2   2   1   0  34  0.37 0.12
  108 F    -2  -4  -4  -5  -2  -4  -4  -5  -4   5   1  -4   0   4  -4  -3  -2   2  -1   2    1   0   0   0   0   0   0   0   0  54  12   0   0  22   0   0   1   3   0   6  0.69 0.19
  109 W    -5  -5  -6  -7  -5  -5  -6  -5  -5  -5  -4  -6  -4  -1  -6  -5  -5  13   0  -6    0   0   0   0   0   0   0   0   0   0   0   0   0   0   0   0   0 100   0   0  4.12 0.53
  110 M    -2  -4  -4  -5   6  -3  -4  -4  -4   4   1  -4   4  -2  -4  -3  -2  -1  -3   3    0   0   0   0  22   0   0   0   0  33   6   0  17   0   0   1   0   1   0  19  0.70 0.19
  111 V    -2  -4  -5  -5  -2  -4  -4  -4  -5   6   1  -4   0  -2  -4  -3  -2  -4  -3   4    1   0   0   0   0   0   0   0   0  66   3   0   0   0   0   0   0   0   0  28  0.92 0.23
  112 G    -2  -4  -2  -3  -4  -4  -4   7  -4  -6  -6  -3  -5  -5  -4  -2  -3  -4  -5  -5    0   0   0   0   0   0   0 100   0   0   0   0   0   0   0   0   0   0   0   0  1.88 0.32
  113 A     3  -3  -2  -2   4  -2  -2  -2  -3  -3  -3  -2  -3  -4  -2   5   0  -4  -3  -2   32   0   0   0  11   0   0   0   0   0   0   0   0   0   0  57   0   0   0   0  0.79 0.24
  114 A     3  -3  -3  -4  -2  -3  -3  -3  -4   4   0  -3   0  -2  -3  -1   1  -4  -3   2   33   0   0   0   0   0   0   0   0  45   0   0   1   0   0   1   9   0   0  10  0.49 0.17
  115 I    -3  -4  -5  -5  -3  -4  -5  -5  -5   6   2  -4   0  -1  -4  -3  -2  -4  -3   2    0   0   0   0   0   0   0   0   0  76  19   0   0   0   0   1   0   0   0   5  1.00 0.24
  116 Q    -1  -2  -2  -2   1   5  -1  -3  -2   2  -1  -1   0  -3  -3   1   0  -4  -3   3    0   0   0   0   4  40   0   0   0  11   0   0   2   0   0  11   5   0   0  27  0.45 0.19
  117 S     0  -4  -3  -4  10  -4  -4  -3  -4  -3  -3  -4  -3  -4  -4   3  -1  -4  -4  -3    5   0   0   0  66   0   0   0   0   0   1   0   0   0   0  27   1   0   0   0  1.71 0.32
  118 S     5  -3  -2  -3  -2  -2  -2  -1  -3  -2  -3  -2  -2  -4  -2   4  -1  -4  -3  -2   64   0   0   0   0   0   0   0   0   1   0   0   0   0   0  34   1   0   0   1  0.81 0.24
  119 V     3  -2  -1  -2  -1  -2  -2  -2  -3  -3  -3  -2  -3  -4  -2   5   0  -4  -3  -1   22   0   0   0   1   0   0   0   0   0   0   0   0   0   0  72   1   0   0   4  0.85 0.25
  120 Q    -3   0  -1  -2  -5   8   0  -3  -1  -4  -4   0  -2  -2  -3  -2  -2  -4  -2  -2    0   2   2   0   0  87   0   1   1   0   0   1   0   2   0   0   0   0   1   4  1.46 0.35
  121 N    -3  -2   8   1  -4  -2  -2   0  -1  -5  -5  -2  -4  -5  -4   0  -2  -6  -4  -5    0   0  85   6   0   0   0   5   0   0   0   0   0   0   0   4   0   0   0   0  1.50 0.31
  122 R    -2   2  -3  -4  -3   0  -3  -4  -3   5   0  -1   1  -2  -4  -3  -2  -4  -3   3    0  14   0   0   0   4   0   0   0  55   3   3   3   0   0   0   0   0   0  17  0.55 0.18
  123 A     3  -3  -2  -3  -3  -2  -3   4  -3  -4  -3  -2  -3  -4   3  -1  -2  -4  -4  -2   40   0   0   0   0   0   0  41   0   0   0   0   0   0  17   1   1   0   0   1  0.80 0.19
  124 Q    -3  -2  -3  -4  -4   5  -2  -4   0  -1  -1  -2   9  -2  -4  -3  -3  -4  -3  -2    0   0   0   0   0  31   0   0   3   0   0   0  66   0   0   0   0   0   0   0  1.37 0.35
  125 L    -3  -4  -5  -5  -3  -4  -5  -5  -5   0   6  -4   1  -1  -5  -4  -3  -3  -3  -1    0   0   0   0   0   0   0   0   0   0 100   0   0   0   0   0   0   0   0   0  1.25 0.28
  126 I    -2  -4  -5  -5  -1  -4  -5  -5  -5   6   0  -4   0  -2  -4  -4  -2  -4  -3   4    1   0   0   0   1   0   0   0   0  71   0   0   1   0   0   0   0   0   0  25  0.99 0.24
  127 I     2  -4  -4  -4   2  -3  -3  -3  -4   3   0  -3   0  -2  -3  -2  -1  -4  -3   4   23   0   0   0   5   0   0   1   0  16   2   0   0   0   0   0   0   0   0  52  0.54 0.18
  128 G    -1  -4  -2  -3  -4  -4  -4   7  -4  -6  -6  -3  -5  -5  -4  -2  -3  -4  -5  -5    0   0   0   0   0   0   0  99   0   0   0   0   0   0   0   1   0   0   0   0  1.84 0.31
  129 R    -3   8  -2  -4  -6  -1  -2  -4  -2  -5  -4   0  -3  -5  -4  -3  -3  -5  -4  -5    0 100   0   0   0   0   0   0   0   0   0   0   0   0   0   0   0   0   0   0  1.89 0.36
  130 I    -2  -4  -4  -5  -2  -4  -4  -5  -4   4   1  -4   0   4  -4  -3  -2  -2   0   3    0   0   0   0   0   0   0   0   0  38   8   0   0  27   0   0   0   0   0  26  0.67 0.18
  131 I    -3  -5  -5  -5  -3  -5  -5  -6  -5   7   0  -4   0  -2  -5  -4  -2  -4  -3   2    0   0   0   0   0   0   0   0   0  93   1   0   0   0   0   0   1   0   0   5  1.32 0.30
  132 S     0  -2   7  -1  -3  -2  -2  -1  -1  -4  -5  -2  -3  -4  -3   3  -1  -5  -4  -4    9   0  63   0   0   0   0   1   0   0   0   0   0   0   0  27   0   0   0   0  1.04 0.26
  133 G    -2  -4  -2  -3  -4  -4  -4   7  -4  -6  -6  -3  -5  -5  -4  -2  -3  -4  -5  -5    0   0   0   0   0   0   0 100   0   0   0   0   0   0   0   0   0   0   0   0  1.88 0.32
  134 I    -2  -4  -4  -5  -3  -4  -4  -4  -3   3   3  -4   1   5  -4  -3  -2   2   1   1    1   0   0   0   0   0   0   0   0  18  34   0   3  32   0   0   0   3   1   6  0.59 0.15
  135 G     2  -3  -2  -2   5  -2  -3   4  -3  -4  -4  -2  -3  -4  -3   3  -1  -4  -4  -3   16   0   0   0  19   0   0  34   0   0   0   0   0   0   0  31   0   0   0   0  0.71 0.19
  136 V    -2  -4  -5  -5  -2  -4  -4  -5  -5   3   0  -4  -1  -2  -4  -3  -2  -4  -3   6    0   0   0   0   0   0   0   0   0  17   0   0   0   0   0   0   0   0   0  83  1.09 0.27
  137 G    -2  -4  -2  -3  -4  -4  -4   7  -4  -6  -6  -3  -5  -5  -4  -2  -3  -4  -5  -5    0   0   0   0   0   0   0 100   0   0   0   0   0   0   0   0   0   0   0   0  1.88 0.32
  138 F    -3  -4  -4  -5  -3  -4  -5  -5  -4   6   1  -4   0   5  -5  -4  -2  -2   0   1    0   0   0   0   0   0   0   0   0  64   5   0   0  28   0   0   0   0   0   1  0.94 0.24
  139 G     0  -4  -3  -3   8  -2   1   3  -3  -3  -3  -3  -3  -4  -4  -1  -1  -4  -4  -3    7   0   0   0  44   0  14  30   0   0   2   0   0   0   0   1   3   0   0   0  0.99 0.22
  140 S    -1  -3  -1  -2  -3  -2  -2  -2  -3  -4  -4  -2  -3  -4  -3   7   0  -5  -4  -4    0   0   0   0   0   0   0   0   0   0   0   0   0   0   0  98   2   0   0   0  1.35 0.34
  141 A     5  -3  -2  -3  -2  -2  -2  -1  -3  -3  -3  -2  -1  -4  -2   4   0  -4  -3  -2   62   0   0   0   0   0   0   0   0   0   0   0   2   0   0  33   3   0   0   0  0.78 0.23
  142 V    -1  -1  -2  -2  -4   7   0  -4  -2  -1  -3  -1  -2  -4  -3  -1  -1  -4  -3   3    3   0   0   0   0  67   0   0   0   1   0   0   0   0   0   1   3   0   0  24  0.95 0.28
  143 A     3  -4  -4  -4  -2  -3  -3  -3  -4   1  -1  -3  -1  -3  -3  -2  -1  -4  -3   5   28   0   0   0   0   0   0   1   0   5   0   0   0   0   0   0   1   0   0  66  0.72 0.22
  144 P    -3  -4  -4  -4  -1  -3  -3  -4  -4  -5  -5  -3  -5  -6   9  -3  -2  -6  -5  -4    0   0   0   0   2   0   0   0   0   0   0   0   0   0  97   0   1   0   0   0  2.67 0.38
  145 V    -2  -4  -5  -5  -2  -4  -4  -5  -5   2  -1  -4  -1  -2  -4  -3  -1  -5  -3   6    0   0   0   0   0   0   0   0   0   8   0   0   0   0   0   1   0   0   0  90  1.14 0.28
  146 Y    -4  -4  -4  -5  -5  -4  -4  -5   0  -3  -3  -4  -3   2  -5  -4  -4   0   9  -3    0   0   0   0   0   0   0   0   0   0   0   0   0   2   0   0   0   0  97   0  2.27 0.40
  147 G    -2  -4  -3  -4   3  -2  -4   2  -4   5   0  -3   0  -2  -4  -3  -2  -4  -3   2    0   0   0   0   7   2   0  19   0  50   5   0   0   0   0   0   0   0   0  17  0.52 0.17
  148 A     3  -2  -1  -2  -2  -2  -2  -2  -3  -3  -4  -2  -3  -4  -2   5   2  -4  -3  -2   24   0   0   0   0   0   0   0   0   0   0   0   0   0   0  66   9   0   0   0  0.82 0.24
  149 E    -3  -2  -2   0  -6   0   7  -4  -2  -5  -5  -1  -4  -5  -3  -2  -3  -5  -4  -4    0   0   0   0   0   0 100   0   0   0   0   0   0   0   0   0   0   0   0   0  1.70 0.35
  150 L    -2  -4  -4  -5  -2  -3  -4  -5  -4   4   4  -4   2  -1  -4  -3  -2  -3  -2   2    0   0   0   0   0   0   0   0   0  30  56   0   5   0   0   0   0   0   0   9  0.72 0.18
  151 A     5  -3  -2  -3  -2  -2  -2  -1  -3  -3  -3  -2  -3  -4  -2   3  -1  -4  -3  -2   71   0   0   0   0   0   0   0   0   0   0   0   0   0   0  29   0   0   0   0  0.89 0.25
  152 P    -3  -2  -3  -3  -5  -1  -3  -4  -3  -4  -4  -3  -4  -6   8  -3  -3  -6  -5  -4    0   2   1   0   0   3   0   0   0   0   1   0   0   0  91   0   1   0   0   1  2.37 0.35
  153 R    -1   3  -3  -3  -5  -2  -2  -3  -3  -4  -4   2  -4  -5   7  -2  -3  -5  -4  -4    3  19   0   0   0   0   0   1   0   0   0  12   0   0  65   1   0   0   0   0  1.56 0.27
  154 K     0   1   1  -1  -3   0   0  -2  -1  -3  -4   3  -3  -4  -2   4   2  -4  -3  -3    1   6   5   1   0   0   2   0   1   0   0  28   0   0   0  44  11   0   0   0  0.51 0.17
  155 I    -2   2  -2  -3  -3  -1  -2  -4  -2   4  -1   5   0  -3  -3  -2  -2  -4  -3   0    0   8   0   0   0   0   0   0   0  35   2  49   1   0   0   0   0   0   0   3  0.58 0.20
  156 R    -3   8  -2  -4  -6  -1  -2  -4  -2  -5  -4   0  -3  -5  -4  -3  -3  -5  -4  -5    0 100   0   0   0   0   0   0   0   0   0   0   0   0   0   0   0   0   0   0  1.89 0.36
  157 G    -1  -4  -2  -3  -4  -4  -4   7  -4  -6  -6  -3  -5  -5  -4  -2  -3  -4  -5  -5    0   0   0   0   0   0   0 100   0   0   0   0   0   0   0   0   0   0   0   0  1.87 0.32
  158 L    -1   6  -2  -3  -4   0  -2  -4  -2  -3   0   0  -1   1  -4  -2   0  -4  -2  -3    4  67   0   0   0   2   0   0   0   0  11   1   2   6   0   1   6   0   0   0  0.83 0.22
  159 I    -2  -4  -4  -5  -2  -3  -4  -5  -4   3   4  -4   1   2  -4  -3  -2  -3  -2   3    0   0   0   0   0   0   0   0   0  25  44   0   1   8   0   0   0   0   0  22  0.59 0.15
  160 G    -1  -4  -1  -4   0  -3  -4   2  -4   2  -1  -3  -1  -3  -4  -2  -1  -4  -3   5    0   0   4   0   2   0   0  22   0   8   0   0   0   0   0   2   0   0   0  62  0.57 0.19
  161 G    -1  -4  -2  -3  -1  -3  -4   7  -4  -5  -5  -3  -4  -5  -4   0  -3  -4  -5  -5    2   0   0   0   1   0   0  92   0   0   0   0   0   0   0   5   0   0   0   0  1.60 0.28
  162 M     2  -3  -3  -3   4  -2  -3  -3  -3   1   2  -3   3   0  -3   0   0  -3  -2   0   24   0   0   0  12   0   0   0   0   6  29   0  13   4   0   6   3   0   0   3  0.30 0.12
  163 F    -3  -2  -3  -3  -5   7  -1  -4  -2  -3  -3  -1  -2   5  -4  -2  -3  -2   0  -3    0   0   0   0   0  64   0   0   0   0   0   0   0  35   0   0   0   0   0   0  1.26 0.32
  164 Q    -3  -1  -2  -2  -5   8   0  -4  -2  -5  -4  -1  -3  -5  -3  -2  -3  -4  -4  -4    0   0   0   0   0 100   0   0   0   0   0   0   0   0   0   0   0   0   0   0  1.97 0.41
  165 F    -4  -5  -6  -6  -2  -4  -5  -5  -4  -4  -1  -5  -2   4  -6  -5  -3  12   0  -4    0   0   0   0   1   0   0   0   0   0   5   0   0  19   0   0   1  72   0   0  2.72 0.39
  166 F     5  -3  -2  -3   0  -2  -2  -1  -3  -3  -3  -2  -2  -2  -2   3  -1  -4  -3  -2   73   0   0   0   1   0   0   0   0   0   0   0   0   2   0  23   0   0   0   0  0.84 0.24
  167 V    -2  -4  -5  -5  -2  -4  -5  -5  -5   6   0  -4   0  -2  -4  -4  -2  -4  -3   4    0   0   0   0   0   0   0   0   0  66   1   0   0   0   0   0   0   0   0  32  1.02 0.24
  168 T    -1  -3  -2  -3  -3  -2  -1  -3  -4  -3  -3  -2  -3  -4  -3   0   7  -4  -4  -2    2   0   0   0   0   0   3   0   0   0   0   0   0   0   0   0  96   0   0   0  1.44 0.34
  169 L    -4  -5  -6  -6  -4  -4  -5  -5  -5  -1   1  -5  -1   0  -5  -5  -4  11   0   0    0   0   0   0   0   0   0   0   0   2  17   0   1   2   0   0   0  71   0   6  2.47 0.37
  170 G    -1  -4  -2  -3  -4  -4  -4   7  -4  -6  -5  -3  -4  -5  -4  -2  -3  -4  -5  -5    1   0   0   0   0   0   0  99   0   0   0   0   0   0   0   0   0   0   0   0  1.83 0.31
  171 I    -3  -5  -5  -5  -3  -5  -5  -6  -5   7   0  -4   0  -2  -5  -4  -2  -4  -3   1    0   0   0   0   0   0   0   0   0  99   0   0   0   0   0   0   0   0   0   0  1.45 0.32
  172 M    -2  -3  -4  -5  -2  -3  -4  -5  -4   0   5  -3   7   0  -4  -3  -2  -3  -2  -1    1   0   0   0   0   0   0   0   0   0  59   0  37   2   0   0   0   0   0   0  0.97 0.24
  173 I    -3  -5  -5  -5  -3  -4  -5  -5  -5   7   0  -4   0  -2  -4  -4  -2  -4  -3   2    0   0   0   0   0   0   0   0   0  92   1   0   0   0   0   0   0   0   0   6  1.30 0.29
  174 M    -3  -3  -4  -5  -3  -1  -4  -5  -4   0   1  -3  10  -2  -4  -4  -3  -3  -3  -1    0   0   0   0   0   2   0   0   0   1   9   0  87   0   0   0   0   0   0   0  1.77 0.38
  175 F    -4  -4  -5  -5  -4  -4  -5  -5  -2  -2  -2  -5  -2   8  -5  -4  -4   0   5  -3    0   0   0   0   0   0   0   0   0   0   0   0   0  78   0   0   0   0  22   0  1.70 0.31
  176 Y    -4  -4  -4  -5  -4  -3  -4  -5   1  -3  -1  -4  -3   4  -5  -4  -4   0   9  -3    0   0   0   0   0   0   0   0   1   0   4   0   0  11   0   0   0   0  83   0  1.85 0.34
  177 L    -2  -4  -5  -5  -3  -4  -5  -5  -5   6   1  -4   1  -1  -4  -4  -2  -4  -3   2    0   0   0   0   0   0   0   0   0  81   5   0   2   1   0   0   1   0   0   9  1.06 0.25
  178 S     0  -3  -1  -1   4  -1  -2   2  -3  -4  -4  -2  -3  -4  -3   5   0  -4  -3  -3    1   0   0   1  11   2   0  15   0   0   0   0   0   0   0  71   0   0   0   0  0.85 0.25
  179 F    -3  -4  -4  -5  -4  -4  -4  -5   0  -3  -3  -4  -3   4  -5  -4  -4   0   9  -3    1   0   0   0   0   0   0   0   0   0   0   0   0  17   0   0   0   0  82   0  1.90 0.35
  180 G    -1  -4  -2  -3  -4  -3  -4   7  -4  -5  -5  -3  -4  -5  -4  -2  -3  -4  -5  -5    3   0   0   0   0   0   0  97   0   0   0   0   0   0   0   0   0   0   0   0  1.76 0.30
  181 L    -1  -5  -4  -5  10  -4  -5  -4  -4  -2   1  -4  -2  -3  -4   0   0  -4  -4  -1    3   0   0   0  70   0   0   0   0   0  13   0   1   1   0   5   5   0   0   2  1.68 0.30
  182 G     0  -2  -1  -2  -3  -1  -2   1   3  -4  -4  -2  -3  -4  -2   5   1  -4  -3  -3    3   0   1   0   0   1   0  10  11   0   0   0   0   0   0  66   8   0   0   1  0.72 0.22
  183 H    -3  -3  -2  -4  -4  -1  -3  -4   3  -2  -2   0  -2   7  -4  -3  -3  -1   5  -3    0   0   2   0   0   3   0   0  10   0   0   7   0  57   0   1   1   0  20   0  1.02 0.23
  184 I    -2  -4  -5  -5  -3  -4  -5  -5  -5   6   2  -4   2  -1  -4  -4  -2  -4  -3   2    0   0   0   0   0   0   0   0   0  74  13   0   3   1   0   0   0   0   0   9  0.96 0.23
  185 N    -1  -1   4   3  -4   1   1   2   1  -4  -3   2  -3  -4  -2   0  -1  -4  -3  -3    2   0  25  21   0   4   7  14   5   0   1  14   0   0   0   6   1   0   0   0  0.42 0.12
  186 G    -1  -4  -1  -2  -4  -3  -3   6  -3  -5  -4  -2  -4  -5  -4   0  -2  -4  -4  -4    1   0   2   0   0   0   0  85   0   0   1   1   0   0   0   8   1   0   0   0  1.37 0.26
  187 V     0  -2   1  -1  -2  -1  -1  -3  -3  -1  -2  -1  -2  -3   3   0   4  -4  -3   2    9   0   7   1   0   1   2   0   0   0   2   2   0   0  17   2  37   0   0  20  0.41 0.15
  188 A     5  -2  -2  -3  -2  -2  -2   2  -3  -2  -3   0  -2  -4  -2   1   0  -4  -3  -2   68   1   1   0   0   0   1  12   0   1   0   5   0   0   1   6   4   0   0   0  0.62 0.19
  189 S     4  -3  -2  -2  -2  -2  -2   0  -3  -3  -3  -2  -3  -4  -2   4   0  -4  -3  -1   48   0   0   0   0   0   0   4   0   0   0   0   0   0   0  45   0   0   0   2  0.72 0.22
  190 F    -4  -5  -5  -6  -4  -5  -5  -5  -3  -2  -2  -5  -2   8  -6  -4  -4   6   1  -3    0   0   0   0   0   0   0   0   0   0   0   0   0  90   0   0   0  10   0   0  1.95 0.35
  191 R    -3   8  -2  -4  -6  -1  -2  -4  -1  -5  -4   0  -3  -5  -4  -3  -3  -5  -4  -5    0  99   0   0   0   0   0   0   1   0   0   0   0   0   0   0   0   0   0   0  1.85 0.36
  192 I    -1  -4  -4  -4  -2  -3  -4  -3  -4   4   2  -3   0  -1  -4  -2   0  -4  -2   4    1   0   0   0   0   0   0   1   0  39  18   0   0   0   0   0   6   0   0  34  0.58 0.16
  193 A     3  -3  -3  -2  -3  -3  -2  -2  -4  -4  -4  -2  -3  -5   7  -1   0  -5  -4  -3   27   0   0   1   0   0   0   2   0   0   0   0   0   0  61   2   7   0   0   0  1.42 0.25
  194 W    -5  -5  -6  -7  -5  -4  -5  -5  -5  -5  -4  -5  -4  -1  -6  -5  -5  13   0  -5    0   0   0   0   0   0   0   0   0   0   0   0   0   0   0   0   0  99   0   0  4.05 0.52
  195 G     2  -4  -2  -3  -4  -3  -3   6  -4  -5  -5  -3  -4  -5  -3  -1  -3  -4  -4  -4   15   0   0   0   0   0   0  85   0   0   0   0   0   0   0   0   0   0   0   0  1.44 0.26
  196 L    -2  -4  -5  -5  -1  -4  -4  -5  -4   3   5  -4   1   0  -4  -4  -2  -3  -2   1    0   0   0   0   1   0   0   0   0  21  67   0   1   2   0   0   0   0   0   8  0.75 0.18
  197 Q    -3   0  -2  -2  -5   8   0  -4  -2  -5  -4  -1   0  -5  -3  -2  -3  -4  -3  -4    0   1   0   0   0  95   1   0   0   0   0   0   3   0   0   0   0   0   0   0  1.79 0.39
  198 I     0  -3  -4  -5  -3  -3  -4  -3  -4   3   0  -3   8  -2  -3  -3  -2  -3  -3   0    9   0   0   0   0   0   0   2   0  24   2   0  60   0   1   0   0   0   0   3  1.01 0.28
  199 V    -2  -4  -4  -5  -2  -4  -4  -5  -5   5   1  -4   0  -1  -4  -3  -1  -4  -3   4    0   0   0   0   0   0   0   0   0  51  11   0   0   0   0   0   1   0   0  36  0.80 0.20
  200 P    -3  -4  -4  -4  -5  -3  -3  -4  -4  -5  -5  -3  -5  -3   9  -3  -3  -6  -5  -4    0   0   0   0   0   0   0   0   0   0   0   0   0   1  98   0   0   0   0   1  2.72 0.39
  201 G     5  -3  -2  -3  -3  -3  -3   5  -3  -4  -4  -2  -3  -4  -3  -1  -2  -4  -4  -3   58   0   0   0   0   0   0  42   0   0   0   0   0   0   0   0   0   0   0   0  0.95 0.23
  202 L     0  -3  -4  -4  -2  -3  -4  -4  -4   4   3  -3   1   1  -3  -3  -1  -3  -1   3   10   0   0   0   0   0   0   0   0  34  27   0   1   7   0   0   1   0   0  19  0.45 0.13
  203 C    -2  -3  -4  -4   1  -3  -4  -2  -3   3   3  -3   1   3  -4  -3  -2  -2  -1   1    2   0   0   0   3   0   0   4   0  24  34   0   3  20   0   1   0   0   0   9  0.42 0.12
  204 L    -3  -4  -5  -5  -3  -4  -5  -5  -4   0   6  -4   2  -1  -5  -4  -3  -3  -3  -1    0   0   0   0   0   0   0   0   0   1  97   0   2   0   0   0   0   0   0   0  1.19 0.27
  205 F    -1  -4  -4  -5  -2  -4  -4  -2  -3   0   2  -4   1   7  -4  -2  -3  -1   1  -1    6   0   0   0   1   0   0   3   0   3  21   0   2  61   0   2   0   0   1   0  0.86 0.21
  206 L    -1  -3  -4  -4   1  -3  -4  -1  -3   2   2  -3   0   5  -4  -2  -1  -2   0   1    3   0   0   0   4   0   0   7   0  16  21   0   0  34   0   1   2   0   0  13  0.40 0.13
  207 G     2  -4  -2  -3  -2  -3  -3   6  -3  -4  -3  -3   1  -2  -3  -1  -2  -4  -4  -3   19   0   0   0   1   0   0  72   0   0   1   0   5   1   0   1   0   0   0   0  1.09 0.22
  208 C    -2  -3  -4  -4   4  -3  -4  -4  -4   1   3  -3   6  -1  -4  -3   1  -3  -2   1    1   0   0   0  13   0   0   0   0   3  32   0  34   0   0   0   8   0   0  10  0.64 0.19
  209 F    -3  -3  -4  -4  -2  -3  -4  -4  -3   2   2  -3   4   5  -1  -2  -1  -1   1   0    0   0   0   0   1   0   0   0   0  11  20   0  18  39   2   2   3   0   1   2  0.61 0.17
  210 F    -3  -4  -4  -5  -2  -4  -4  -5  -3   2   1  -4   0   7  -1  -4  -3  -1   1   1    1   0   0   0   0   0   0   0   0  11  13   0   0  63   4   0   0   0   1   7  0.95 0.22
  211 I    -3  -4  -5  -5  -3  -3  -4  -5  -4   3   5  -4   2   1  -4  -4  -2  -3  -2   0    0   0   0   0   0   0   0   0   0  18  71   0   4   5   0   0   1   0   0   2  0.80 0.20
  212 P    -2  -4  -4  -2  -5  -3  -2  -4  -4  -5  -5  -3  -5  -6   8  -3  -3  -6  -5  -4    2   0   0   1   0   0   2   0   0   0   0   0   0   0  95   0   0   0   0   0  2.58 0.37
  213 E    -3  -1  -2   0  -6   0   7  -4  -2  -5  -5  -1  -4  -4  -3  -2  -3  -5  -2  -4    0   2   0   0   0   0  96   0   0   0   0   0   0   1   0   0   0   0   1   0  1.57 0.34
  214 S    -1  -3  -1  -2  -3  -2  -2  -2  -3  -4  -4  -2  -3  -4  -3   7   0  -5  -4  -4    0   0   0   0   0   0   0   0   0   0   0   0   0   0   0  99   1   0   0   0  1.38 0.35
  215 P    -3  -4  -4  -4  -5  -3  -3  -4  -4  -5  -5  -3  -5  -6   9  -3  -3  -6  -5  -5    0   0   0   0   0   0   0   0   0   0   0   0   0   0 100   0   0   0   0   0  2.82 0.40
  216 R    -3   8  -2  -4  -6  -1  -2  -4  -2  -5  -4   0  -3  -5  -4  -3  -3  -5  -4  -5    0 100   0   0   0   0   0   0   0   0   0   0   0   0   0   0   0   0   0   0  1.89 0.36
  217 W    -5  -5  -6  -7  -5  -5  -6  -5  -5  -5  -4  -6  -4  -1  -6  -5  -5  13   0  -6    0   0   0   0   0   0   0   0   0   0   0   0   0   0   0   0   0 100   0   0  4.12 0.53
  218 L    -3  -4  -5  -5  -3  -4  -5  -5  -5   0   6  -4   1  -1  -5  -4  -3  -2  -3  -1    0   0   0   0   0   0   0   0   0   0  99   0   0   0   0   0   0   0   0   0  1.22 0.28
  219 A     6  -3  -3  -4  -2  -3  -3  -1  -3  -3  -3  -2  -3  -4  -3   0  -2  -4  -4  -2   98   0   0   0   0   0   0   2   0   0   0   0   0   0   0   0   0   0   0   0  1.24 0.31
  220 K    -2   5   1  -1  -4   0  -1  -2  -1  -4  -3   4  -3  -4  -3   1  -1  -4  -2  -3    1  36   7   2   0   0   0   1   0   0   1  38   0   0   0  11   1   0   1   0  0.69 0.19
  221 Q    -2   1   0  -2  -5   4   0  -3   5  -4  -4   5  -3  -4  -3  -1  -2  -4  -2  -4    0   3   4   0   0  21   0   0  16   0   0  54   0   0   0   1   0   0   0   0  0.86 0.23
  222 G    -3  -3   1   6  -5  -2   0   3  -2  -5  -5  -2  -5  -5  -3  -2  -3  -5  -5  -5    0   0   5  68   0   0   1  25   0   0   0   0   0   0   0   0   0   0   0   0  1.22 0.25
  223 Q    -3   7  -1  -3  -2   1  -2  -4   0  -4  -2   1  -3  -1  -4  -2  -3  -3   2  -4    0  74   2   0   1   4   0   0   2   0   4   4   0   2   0   0   0   0   8   0  1.07 0.25
  224 W    -5  -5  -6  -7  -5  -5  -6  -5  -5  -5  -4  -6  -4  -1  -6  -5  -5  13   0  -5    0   0   0   0   0   0   0   0   0   0   0   0   0   0   0   0   0 100   0   0  4.10 0.53
  225 E    -3  -2  -1   4  -5   0   6  -3  -2  -5  -5  -1  -4  -5  -3  -1  -2  -5  -4  -4    0   0   0  22   0   1  75   0   0   0   0   0   0   0   0   1   0   0   0   0  1.27 0.28
  226 A    -2  -1  -1   3  -5   2   6  -3  -2  -5  -4   0  -4  -5  -3  -2  -2  -5  -4  -4    2   1   0  19   0   5  71   0   0   0   0   3   0   0   0   0   0   0   0   0  1.12 0.25
  227 A     4  -4  -3  -4   8  -3  -3  -2  -4  -3  -3  -3  -3  -4  -3   0   1  -4  -4  -2   49   0   0   0  38   0   0   0   0   0   0   0   0   0   0   4   8   0   0   1  1.05 0.25
  228 E    -2   0  -1  -1  -4   1   4  -3   5   0   0   0  -1  -3  -3  -1  -2  -4  -1  -1    1   6   0   0   0   5  33   0  25  10  10   4   1   0   0   2   0   0   1   3  0.42 0.15
  229 E     1   1   1   2  -3   1   2  -1   1  -2  -2   0  -1  -1  -2   1  -1  -2   0  -2   20   7   5  11   0   9  17   2   3   2   1   4   1   3   0   7   2   0   3   0  0.18 0.07
  230 I    -2  -4  -4  -5  -2  -4  -4  -5  -5   4   0  -4   0  -2  -4  -3   0  -4  -3   5    0   0   0   0   0   0   0   0   0  30   0   0   0   0   0   0   4   0   0  65  0.89 0.23
  231 V    -2  -4  -5  -5  -2  -3  -4  -5  -4   2   4  -4   1  -1  -4  -3  -2  -3  -2   3    0   0   0   0   0   0   0   0   0  12  62   0   0   0   0   0   0   0   0  26  0.74 0.19
  232 A     4  -1  -2  -2  -1  -2  -2  -1  -3   0  -2  -2  -2  -3  -2   1   3  -4  -3   0   51   4   0   0   0   0   0   1   0   4   0   0   0   0   0   7  29   0   0   4  0.51 0.18
  233 K    -1   0   1  -2  -2   0  -1  -3  -1   0   4   1   1  -1  -3  -1  -2  -3  -2  -1    4   5   9   1   0   3   3   0   1   1  53  12   2   0   0   3   0   0   0   0  0.26 0.12
  234 I    -2  -4  -4  -4  -2  -3  -4  -5  -4   4   1  -4   0  -2  -4  -3   1  -4  -3   5    0   0   0   0   0   0   0   0   0  25   6   0   1   0   0   0   7   0   0  61  0.75 0.20
  235 Q    -2  -1   1  -2  -5   4  -1  -1   9  -4  -4  -2  -3  -3  -4  -2  -2  -4  -1  -3    1   2   4   0   0  22   0   3  63   0   1   0   0   0   0   0   1   0   0   2  1.36 0.30
  236 A     4  -3  -2  -3  -1  -2  -3   5  -3  -4  -4  -2  -3  -4  -3   0  -2  -4  -4  -3   43   0   1   0   1   0   0  49   0   0   0   0   0   0   0   5   0   0   0   0  0.86 0.20
  237 H    -2   1   1  -2  -4   1  -1   0   5  -4  -4   6  -3  -4  -3  -1  -2  -4  -2  -4    0   3   6   0   0   2   0   6  19   0   0  62   0   0   0   0   1   0   0   0  0.85 0.23
  238 G    -1  -4  -2  -3  -3  -3  -4   7  -3  -5  -5  -3  -4  -5  -4  -2  -3  -4  -2  -5    0   0   0   0   0   1   0  96   0   0   0   0   0   0   0   0   1   0   1   0  1.72 0.30
  239 D    -3  -3   4   7  -5  -2   0  -2  -2  -5  -5  -2  -4  -5  -3  -1  -2  -6  -3  -5    0   0  23  72   0   0   1   2   0   0   0   1   0   0   0   1   0   0   1   0  1.34 0.27
  240 R    -1   3  -2  -2  -3  -1  -1  -2   0  -2  -1   1  -1  -3   5  -1  -1  -4  -3  -1    3  24   0   0   0   1   2   1   3   1   5   8   1   1  36   4   3   0   0   7  0.62 0.14
  241 E    -2  -2   5   3  -4   0   3  -2   1  -4  -4  -1  -3  -4  -3   0   0  -5  -3  -4    0   0  43  17   0   1  23   1   4   0   0   1   1   0   0   4   5   0   0   0  0.72 0.18
  242 N     0  -2   2   4  -3  -1   0  -2   5  -4  -4  -1  -3  -4  -2   3  -1  -4  -2  -3    9   0  10  27   0   0   2   0  17   0   0   0   0   0   0  33   1   0   0   0  0.57 0.17
  243 P    -1  -2  -3  -2  -4  -2   1  -4  -3  -3  -4  -2  -4  -5   8  -1  -2  -5  -4  -3    5   2   0   0   0   1   9   0   0   1   1   1   0   0  77   2   1   0   0   1  1.81 0.29
  244 D    -2  -3  -2   3  -4   0   0  -4  -1  -1  -1  -3  -1   6  -4  -2  -3   3   1  -1    1   0   1  20   0   6   7   0   1   1   5   0   1  48   0   0   0   4   2   3  0.60 0.18
  245 V    -1  -4  -5  -5  -2  -4  -4  -5  -5   2  -1  -4  -1  -2  -4  -3  -2  -5  -3   6    2   0   0   0   0   0   0   0   0   4   1   0   0   0   0   0   0   0   0  94  1.20 0.29
  246 L     1   1  -1  -2  -2   3   0  -2   0   0   1   1   1  -2  -2  -1  -1  -3  -2   0   20   7   3   0   0  21   2   0   3   3  19   9   5   0   0   2   2   0   0   5  0.16 0.09
  247 I     0   2  -2  -2  -2   0  -2  -3   0   2   1   0   0   0  -3  -1   0  -3  -1   0    9  20   0   0   0   5   0   0   2  24  17   7   1   4   0   2   4   0   1   3  0.15 0.08
  248 E    -3  -2  -2   0  -6   2   7  -4  -2  -5  -5  -1  -4  -5  -3  -2  -3  -5  -4  -4    0   0   0   0   0   8  92   0   0   0   0   0   0   0   0   0   0   0   0   0  1.54 0.33
  249 I    -2  -3  -4  -4  -2  -3  -3  -4  -3   3   3  -3   4   2  -4  -3  -2  -2   2   1    0   0   0   0   0   0   0   0   0  21  34   0  20  10   0   0   0   0   9   4  0.53 0.15
  250 S     1   0   0   1  -2   4   3  -2   0  -3  -3   1  -2  -4  -2   2  -1  -4  -3  -3   14   3   3   5   1  25  25   1   1   0   1   4   0   0   0  16   1   0   0   0  0.41 0.13
  251 E    -2  -2  -1   3  -5   0   6  -4  -2  -5  -5  -1  -4  -5  -3  -2  -3  -5  -4  -4    1   0   0  17   0   0  81   0   0   0   0   0   0   0   0   0   0   0   0   0  1.35 0.29
  252 I    -3  -5  -5  -5  -3  -4  -5  -6  -5   7   1  -4   0  -2  -5  -4  -2  -4  -3   1    0   0   0   0   0   0   0   0   0  93   3   0   1   0   0   0   0   0   0   3  1.32 0.30
  253 K    -2   5  -2  -2  -5   1   0  -3  -1  -4  -4   5  -3  -5  -3  -1  -2  -4  -3  -4    0  37   0   0   0   5   3   1   0   0   0  53   0   0   0   1   0   0   0   0  0.99 0.23
  254 D    -1  -2   0   4  -4   2   5  -2  -1  -3  -4  -1  -3  -4  -3  -1  -2  -4  -2  -4    5   0   3  24   0   6  56   1   0   1   0   0   0   0   0   2   0   0   1   0  0.82 0.20
  255 Q     0  -2  -3  -3  -3   4  -1  -3  -2   0  -1  -2   6   0  -3  -2  -1   3  -1   1    8   0   0   0   0  28   2   0   0   3   1   0  34   3   0   1   2   5   1  12  0.49 0.20
  256 L    -1  -4  -4  -5   7  -3  -4  -4  -4   3   1  -4   0  -2  -4  -3  -1  -3  -3   4    2   0   0   0  28   1   0   0   0  17  15   0   0   0   0   0   1   0   0  36  0.72 0.18
  257 L    -1   1  -1   1  -4   1   5  -3  -2  -1   1   0   1  -2  -3  -1  -2  -4  -3  -2    3   9   2   4   0   2  52   0   0   3  17   1   4   2   0   0   0   0   0   0  0.48 0.16
  258 L    -2  -4  -4  -5  -3  -3  -4  -5  -3   3   1  -4   0   6  -4  -3  -2  -1   1   1    1   0   0   0   0   1   1   0   0  26  10   0   1  51   0   0   1   0   0   7  0.78 0.19
  259 E    -2  -2  -1   4  -5   0   6  -3  -2  -5  -4  -1  -4  -5  -3  -1  -2  -5  -3  -4    2   0   0  24   0   1  70   0   0   0   1   0   0   0   0   1   1   0   1   0  1.14 0.26
  260 E     0   5  -1  -1  -4   1   2  -3   1  -4  -3   2  -2  -4  -3  -1  -1  -4  -3  -3    7  50   1   0   0   6  17   0   4   0   0  10   0   0   0   2   1   0   0   1  0.68 0.18
  261 S     1   2   1   0  -3   3   2  -2   2  -3  -3   1  -1  -4  -2   0   0  -3  -2  -3   14  12   9   4   0  24  16   0   5   0   1   5   1   0   0   5   4   0   0   0  0.35 0.11
  262 S     2  -2   5  -1  -3  -1  -2  -1   2  -2  -2  -2  -2  -2  -3   1  -1  -4  -1  -1   22   0  47   0   0   1   0   0   5   2   2   0   0   2   0  11   2   0   1   5  0.52 0.17
  263 K     3   1  -1  -1  -2   0   0  -2  -2  -3  -3   4  -1  -4  -2   1  -1  -4  -3  -2   40   4   1   1   0   2   2   0   0   0   0  35   1   0   1  11   1   0   0   1  0.44 0.16
  264 Q     0  -2   3   6  -4   0   1  -2   1  -4  -4  -1  -3  -4  -3   1  -1  -5  -3  -3   10   1  14  52   0   3   3   1   3   0   0   2   0   0   0  10   2   0   0   0  0.72 0.18
  265 I     0  -2  -4  -4  -2  -3  -3  -4  -3   2   0  -3   0   3  -4  -2   0  -3  -1   5    9   2   0   0   0   0   0   0   1   5   4   0   1  17   0   0   3   0   0  58  0.53 0.18
  266 G    -1  -1  -1  -2  -2  -1  -2   1  -3  -3  -3  -1  -1  -4  -2   4   5  -4  -3  -2    0   3   0   0   0   1   0   9   0   0   0   1   1   0   0  36  48   0   0   0  0.69 0.22
  267 Y    -3  -4  -4  -5  -4  -3  -4  -5  -1   0  -2  -4  -2   4  -5  -4  -3   3   8   0    0   0   0   0   0   0   0   0   0   5   1   0   0  13   0   0   0   3  70   7  1.43 0.29
  268 A     1  -2  -3  -4  -2  -2  -3  -2  -3   0   3  -1   2   2  -3  -2  -2   5  -1   0   16   2   0   0   0   0   0   2   0   4  42   6   7  11   0   1   1   9   0   1  0.35 0.12
  269 T    -2  -2   0   5  -4   0   5  -2   1  -4  -4  -1  -3  -4  -3  -1   1  -5  -3  -4    1   0   1  33   0   1  48   2   3   0   0   0   0   0   0   0  11   0   0   0  0.84 0.21
  270 L    -3  -4  -5  -5  -3  -4  -5  -5  -5   0   6  -4   1  -1  -5  -4  -3  -3  -3  -1    0   0   0   0   0   0   0   0   0   1  99   0   0   0   0   0   0   0   0   0  1.23 0.28
  271 F    -4  -5  -5  -5  -4  -5  -5  -5  -3   0   1  -5  -1   8  -5  -4  -4   0   1  -2    0   0   0   0   0   0   0   0   0   3  13   0   0  83   0   0   0   0   0   1  1.53 0.30
  272 T    -1   3   0  -2  -4   1   0  -1  -1  -4  -4   5  -2  -4  -2   0   1  -4  -3  -3    1  18   5   0   0   3   2   3   1   0   0  52   0   0   0   7   9   0   0   0  0.61 0.18
  273 K    -2   0  -3  -3  -5  -2  -2  -2  -3  -4  -4   4  -4  -5   7  -2  -2  -5  -4  -4    0   4   0   0   0   0   0   3   0   0   0  33   0   0  60   0   0   0   0   0  1.50 0.27
  274 K    -2   2   3   1  -4   0   0  -1   1  -4  -4   4  -3  -4   0   0  -1  -4  -2  -4    1  12  21   9   0   2   1   4   4   0   0  38   0   0   4   3   1   0   0   0  0.49 0.14
  275 Y    -2  -3   0  -4  -2  -2  -3  -4  -2  -1   0  -3   8   0  -4   0   0  -2   4  -1    1   0   4   0   1   0   0   0   0   1   1   0  56   2   0   7   6   0  21   1  0.88 0.27
  276 I    -2   0  -4  -4  -2  -3  -4  -5  -4   5   3  -3   0  -1  -4  -3  -2   2  -2   1    1   8   0   0   0   0   0   0   0  60  26   0   0   1   0   0   0   3   1   1  0.68 0.20
  277 Q    -2   1   6  -1  -4   0  -2  -2   2  -3  -1   0  -1  -1   0  -1  -1   0   0  -2    0   9  55   0   0   3   0   0   5   0   5   5   2   3   4   1   0   2   3   3  0.57 0.18
  278 R    -3   8  -2  -3  -5  -1  -2  -4  -2  -5  -4   2  -3  -5  -4  -3  -3  -5  -4  -4    0  92   0   0   0   0   0   0   0   0   0   8   0   0   0   0   0   0   0   0  1.68 0.33
  279 T    -2  -3  -2  -3  -3  -3  -3  -4  -4  -2  -1  -3  -2  -4  -3   0   7  -4  -3  -1    1   0   0   0   0   0   0   0   0   0   7   0   0   0   0   0  89   0   0   3  1.23 0.31
  280 F    -3  -2  -2  -3  -3  -2  -2  -4   7   2   0  -3   3   2  -4  -2  -1  -3   0   0    0   0   0   0   0   0   0   0  45  15   6   0  10  13   0   3   2   0   0   5  0.74 0.21
  281 T    -2  -4  -4  -4   0  -3  -4  -4  -3   5   0  -3   0  -2  -4  -2   2  -4  -3   4    0   0   0   0   2   0   0   0   0  48   3   0   0   0   0   0  17   0   0  29  0.64 0.19
  282 A     2  -4  -2  -2  -3  -3  -3   6  -3  -5  -5  -3  -4  -4  -3  -1  -3  -4  -4  -4   22   0   0   1   0   0   0  76   0   0   0   0   0   0   0   0   0   0   0   0  1.27 0.25
  283 I    -1  -3  -4  -4  -1  -3  -4  -4  -4   4   2  -3   3  -1  -4  -3  -1  -3  -2   4    1   0   0   0   1   0   0   0   0  29  18   0  11   0   0   0   2   0   0  37  0.56 0.15
  284 F    -3  -4  -4  -4   1  -4  -4  -4  -3  -2  -1  -4   0   7  -4   1  -2   5   1  -3    0   0   0   0   3   0   0   0   0   0   0   0   2  70   0  15   1   8   0   0  1.19 0.26
  285 A     3  -3  -2  -3   0  -2  -2  -1  -3  -2  -2  -2   2  -3  -2   0   5  -4  -3  -1   34   0   0   0   2   0   0   3   0   0   2   0   6   0   0   2  48   0   0   2  0.57 0.20
  286 Q    -3  -1  -2  -2  -5   8   0  -4  -2  -5  -4  -1  -2  -5  -3  -2  -3  -4  -3  -4    0   0   0   0   0  99   0   0   0   0   0   0   0   0   0   0   0   0   0   0  1.90 0.40
  287 I    -2  -4  -4  -5  -2  -4  -4  -5  -4   6   0  -4   3  -1  -4  -3  -2  -4  -3   2    2   0   0   0   0   0   0   0   0  81   1   0   8   1   0   2   0   0   0   6  1.02 0.25
  288 W    -5  -5  -5  -7  -5  -4  -5  -5  -5  -5  -4  -5  -4  -1  -6  -5  -5  13   0  -5    0   0   0   0   0   0   0   0   0   0   0   0   0   0   0   0   0  98   0   0  3.99 0.51
  289 Q     0  -1  -1  -2  -3   5  -1  -2  -2  -4  -4  -1  -3  -4  -3   5  -1  -4  -3  -3    2   0   0   0   0  39   0   0   0   0   0   0   0   0   0  59   0   0   0   0  0.95 0.27
  290 Q    -3  -1  -2  -2  -5   8   0  -4  -2  -5  -4  -1  -2  -5  -3  -2  -3  -4  -3  -4    0   0   0   1   0  99   0   0   0   0   0   0   0   0   0   0   0   0   0   0  1.90 0.40
  291 L    -3  -4  -5  -5  -2  -3  -4  -5  -4   0   6  -4   3   0  -4  -4  -3  -3  -2  -1    0   0   0   0   0   0   0   0   0   1  91   0   7   1   0   0   0   0   0   0  1.07 0.25
  292 T    -1  -3  -2  -3   4  -3  -3  -3  -4  -2  -2  -3  -2  -4  -3   0   7  -4  -3  -2    1   0   0   0  10   0   0   0   0   0   3   0   0   0   0   1  84   0   0   0  1.20 0.30
  293 G    -1  -4  -2  -3  -4  -3  -4   7  -4  -5  -5  -3  -4  -5  -4  -2  -3  -4  -5  -5    0   0   0   0   0   0   0  99   0   0   0   0   0   0   0   0   0   0   0   0  1.82 0.31
  294 M    -3  -3  -3  -5  -3  -2  -4  -2  -4   0   0  -3  10  -2  -4  -3  -3  -4  -3  -1    0   0   1   0   0   0   0   3   0   3   1   0  90   0   0   1   0   0   0   1  1.81 0.39
  295 N    -3  -2   8  -1  -5  -2  -2  -2  -1  -5  -5  -2  -4  -5  -4  -1  -2  -6  -4  -5    0   0  99   0   0   0   0   0   0   0   0   0   0   0   0   0   0   0   0   0  1.91 0.37
  296 V    -2  -4  -4  -5  -2  -4  -4  -5  -5   1  -1  -4  -1  -2  -4  -3   0  -4  -3   6    0   0   0   0   0   0   0   0   0   1   0   0   0   0   0   1   3   0   0  94  1.17 0.29
  297 M    -1  -3  -4  -5  -3  -2  -4  -4  -3   0   1  -3   9  -2  -4  -3  -2  -3  -3  -1    5   0   0   0   0   0   0   0   0   2   5   0  86   0   0   0   0   0   0   0  1.68 0.37
  298 M    -3  -3  -3  -5  -4  -2  -4  -5  -4  -1   0  -3  10  -2  -5  -3  -3  -4  -3  -1    0   0   1   0   0   0   0   0   0   0   0   0  97   0   0   0   0   0   0   0  2.10 0.42
  299 Y    -4  -4  -4  -5  -4  -3  -4  -5   0  -3  -2  -4  -3   1  -5  -4  -4   0   9  -3    0   0   0   0   0   0   0   0   0   0   3   0   0   0   0   0   0   0  95   0  2.12 0.38
  300 Y    -4  -4  -4  -5  -5  -3  -4  -5   0  -3  -3  -4  -3   1  -5  -4  -4   0   9  -3    0   0   0   0   0   0   0   0   0   0   0   0   0   0   0   0   0   0  99   0  2.32 0.41
  301 I    -3  -5  -5  -5  -3  -4  -5  -5  -5   7   0  -4   0  -2  -4  -4  -2  -4  -3   2    0   0   0   0   0   0   0   0   0  90   0   0   0   0   0   0   0   0   0   9  1.27 0.28
  302 V    -1  -3  -1  -3  -2  -2  -3  -3  -3   0  -1  -2  -1  -3  -3   0   5  -4  -3   4    2   0   2   0   0   0   0   1   0   0   0   0   0   0   0   5  50   0   0  40  0.66 0.21
  303 Y    -4  -4  -1  -4  -4  -3  -4  -5   0  -2  -2  -4  -2   2  -5  -3  -3   1   9  -3    0   0   3   0   0   0   0   0   0   2   2   0   0   3   0   0   0   0  88   1  1.85 0.35
  304 I    -2  -4  -4  -5  -2  -4  -4  -5  -4   5   1  -4   1  -2  -4  -3  -1  -4  -3   5    0   0   0   0   0   0   0   0   0  38   5   0   2   0   0   0   1   0   0  54  0.82 0.21
  305 F    -4  -5  -5  -6  -4  -5  -5  -5  -3  -2  -1  -5  -2   9  -6  -4  -4  -1   1  -3    1   0   0   0   0   0   0   0   0   0   0   0   0  99   0   0   0   0   0   0  2.05 0.36
  306 Q     1   0   0   0  -2   2   1   2  -1  -3  -2   1  -1  -3  -2   1   2  -3  -2  -2   16   2   3   3   0  15  10  15   0   0   3   6   0   0   0   9  16   0   0   0  0.23 0.08
  307 M    -3  -4  -4  -5  -4  -3  -4  -3  -4  -1   0  -4  10  -2  -5  -4  -3  -4  -3  -1    0   0   0   0   0   0   0   2   0   0   0   0  98   0   0   0   0   0   0   0  2.14 0.44
  308 A     6  -3  -3  -3  -2  -2  -3  -1  -3  -3  -3  -2  -3  -4  -2   0  -1  -4  -3  -2   96   0   0   0   0   0   0   0   0   0   0   0   0   0   0   1   3   0   0   0  1.19 0.30
  309 G    -1  -4  -1  -2  -4  -3  -4   7  -4  -6  -5  -3  -4  -5  -4  -2  -3  -4  -5  -5    0   0   1   1   0   0   0  97   0   0   0   0   0   0   0   1   0   0   0   0  1.77 0.30
  310 Y    -3  -3  -4  -5  -3  -3  -4  -5  -1   0   3  -3   1   2  -4  -3  -3  -1   6  -1    0   0   0   0   0   0   0   0   1   4  43   1   2   5   0   1   0   0  41   1  0.79 0.20
  311 S    -1  -1   0  -1  -2   0   1  -1   0  -3  -3   1  -2  -3  -2   3   3  -3  -2  -2    1   2   1   2   0   3   7   2   3   0   1   9   0   0   0  38  30   0   0   0  0.42 0.15
  312 G    -1  -4  -2  -2  -4  -3  -3   7  -4  -5  -5  -3  -4  -5  -4  -1  -3  -4  -5  -5    0   0   0   1   0   0   1  95   0   0   0   0   0   0   0   2   0   0   0   0  1.68 0.29
  313 N    -3  -2   7   3  -4  -2  -1  -1  -1  -5  -5  -2  -4  -5  -3   1  -2  -5  -4  -5    0   0  74  14   0   0   0   1   0   0   0   0   0   0   0   9   0   0   0   0  1.29 0.28
  314 S     3  -2   3  -1  -2  -1  -2  -1  -2  -1  -2  -2  -2  -3  -2   1   3  -4  -3  -1   32   0  18   2   0   1   0   1   0   4   1   0   0   0   0  10  28   0   0   3  0.38 0.15
  315 N    -1  -2   6  -1  -3  -2  -2  -1  -2  -1   1  -2  -1  -3  -3  -1   0  -4  -3   1    3   0  53   0   0   0   0   3   0   0  19   0   1   0   0   0   5   0   0  15  0.57 0.19
  316 L    -3  -4  -5  -5  -3  -4  -5  -5  -5   0   6  -4   1  -1  -5  -4  -3  -3  -3  -1    0   0   0   0   0   0   0   0   0   0  99   0   1   0   0   0   0   0   0   0  1.23 0.28
  317 V    -2  -4  -4  -4  -2  -2  -4  -5  -4   3   2  -3   0  -1  -4  -3  -2  -3  -1   5    0   0   0   0   0   2   0   0   0  15  25   0   0   0   0   0   0   0   2  56  0.67 0.18
  318 A     4  -3  -2  -2  -2  -2  -2  -1  -3  -3  -3  -2  -3  -3   2   4  -1  -4  -3  -2   49   0   0   0   0   0   0   0   0   0   0   0   0   0   8  43   0   0   0   0  0.73 0.22
  319 S     0  -3  -1  -2  -2  -2  -2   0  -3  -4  -4  -2  -3  -4  -3   6   0  -5  -4  -4    0   0   0   0   1   0   0   4   0   0   0   0   0   0   0  95   0   0   0   0  1.25 0.33
  320 S     0  -3  -1  -2  -1  -2  -2  -1  -3  -4  -3  -2  -3  -4  -3   6   0  -5  -3  -3    2   0   0   0   1   0   0   2   0   0   2   0   0   0   0  92   0   0   0   0  1.15 0.31
  321 I    -3  -5  -5  -5  -3  -5  -5  -6  -5   7   0  -5   0  -2  -5  -4  -2  -5  -3   1    0   0   0   0   0   0   0   0   0  99   0   0   0   0   0   0   0   0   0   1  1.49 0.32
  322 Q    -3  -1  -1  -2  -5   8   0  -4  -2  -5  -4  -1  -2  -5  -3  -1  -2  -4  -4  -4    0   0   2   1   0  94   0   0   0   0   0   0   0   0   0   2   1   0   0   0  1.75 0.38
  323 Y    -4  -4  -4  -5  -5  -4  -4  -5   0  -3  -3  -4  -3   3  -5  -4  -4   0   9  -3    0   0   0   0   0   0   0   0   0   0   0   0   0   8   0   0   0   0  92   0  2.16 0.39
  324 V    -2  -4  -5  -5   0  -4  -4  -5  -5   4   0  -4  -1  -2  -4  -3  -2  -4  -3   6    0   0   0   0   2   0   0   0   0  27   0   0   0   0   0   0   0   0   0  71  0.97 0.24
  325 I    -3  -4  -5  -5  -3  -4  -5  -5  -5   6   3  -4   0  -1  -4  -4  -2  -4  -3   1    0   0   0   0   0   0   0   0   0  75  24   0   0   0   0   0   0   0   0   1  1.04 0.25
  326 N    -3  -2   8  -1  -5  -2  -2  -2  -1  -5  -5  -2  -3   0  -4  -1  -2  -5  -3  -5    0   0  93   0   0   0   0   0   0   0   0   1   0   6   0   0   0   0   0   0  1.71 0.35
  327 T    -2  -4  -4  -5  -1  -3  -4  -5  -4   1   0  -4   2   0  -4  -3   1  -4  -2   6    0   0   0   0   1   0   0   0   0   0   3   0   6   3   0   1   7   0   0  80  0.87 0.24
  328 C     0  -4  -4  -4   2  -3  -4  -1  -4   2   1  -3   0   2  -3  -2  -1  -3  -2   4    8   0   0   0   5   0   0   5   0  10  11   0   0   9   0   0   0   0   0  52  0.42 0.15
  329 V    -2  -3  -4  -5   3  -3  -4  -5  -4   0   0  -3   9  -2  -4  -3   0  -4  -3   1    0   0   0   0   6   0   0   0   0   0   2   0  78   0   0   0   6   0   0   6  1.45 0.35
  330 T    -2  -3  -2  -3  -3  -3  -3  -4  -4  -3  -3  -3  -3  -4  -3   0   7  -4  -4  -2    0   0   0   0   0   0   0   0   0   0   0   0   0   0   0   1  99   0   0   0  1.56 0.36
  331 V    -2  -4  -4  -4  -2  -4  -4  -2  -4   5   1  -4   0  -1  -4  -3  -2  -4  -2   4    1   0   0   0   0   0   0   3   0  51   5   0   0   1   0   0   0   0   0  38  0.76 0.20
  332 P    -2  -4  -4  -4  -5  -3  -3  -3  -4  -3  -3  -3  -4   1   8  -3  -3  -5  -4  -2    0   0   0   0   0   0   0   1   0   1   2   0   0   7  85   0   0   0   0   4  2.12 0.33
  333 A     6  -3  -3  -3  -2  -2  -2  -1  -3  -2  -3  -2  -1  -4  -2   0  -1  -4  -3  -2   92   0   0   0   0   0   0   2   0   1   0   0   1   0   0   3   1   0   0   0  1.08 0.28
  334 L    -3  -4  -5  -5  -3  -4  -5  -5  -4   1   6  -4   1   0  -5  -4  -3  -3  -2   0    0   0   0   0   0   0   0   0   0   3  95   0   0   1   0   0   0   0   0   0  1.13 0.26
  335 Y    -2  -3  -4  -4  -2  -3  -4  -5  -3   3   3  -4   1   3  -3  -3  -2  -1   2   1    1   0   0   0   0   0   0   0   0  25  41   0   1  18   1   0   0   1   8   5  0.54 0.14
  336 F    -4  -4  -5  -5  -1  -4  -4  -5  -3  -1   2  -4   0   5  -5  -4  -3   9   3  -2    0   0   0   0   2   0   0   0   0   1  20   0   1  33   0   0   0  34   8   0  1.35 0.25
  337 I    -2  -3  -4  -4  -2  -3  -4  -3  -4   4   2  -3   4   1  -4  -3  -2  -3  -2   3    1   0   0   0   0   0   0   2   0  31  14   0  17   4   0   0   0   0   0  30  0.55 0.16
  338 D    -4  -4   0   8  -6  -2   0  -3  -3  -5  -6  -3  -5  -6  -3  -2  -3  -6  -5  -5    0   0   0 100   0   0   0   0   0   0   0   0   0   0   0   0   0   0   0   0  2.00 0.36
  339 K    -2   6  -1  -3  -5   0  -1  -3   0  -4  -3   4  -3  -4  -3  -1  -2  -4  -2  -4    0  59   0   0   0   0   0   0   2   0   1  33   0   0   0   3   0   0   1   0  1.07 0.24
  340 V    -3  -5  -5  -6  -2  -4  -5  -5  -4   2  -1  -5  -2   1  -5  -4  -3  11   0   1    2   0   0   0   1   0   0   0   0  14   4   0   0   6   0   0   0  59   1  13  1.95 0.32
  341 G    -2  -4  -2  -3  -4  -4  -4   7  -4  -6  -6  -3  -5  -5  -4  -2  -3  -4  -5  -5    0   0   0   0   0   0   0 100   0   0   0   0   0   0   0   0   0   0   0   0  1.88 0.32
  342 R    -3   8  -2  -4  -6  -1  -2  -4  -2  -5  -4   0  -3  -5  -4  -3  -3  -5  -4  -5    0 100   0   0   0   0   0   0   0   0   0   0   0   0   0   0   0   0   0   0  1.89 0.36
  343 R    -3   8  -2  -4  -6  -1  -2  -4  -2  -5  -4   0  -3  -5  -4  -3  -3  -5  -4  -5    0 100   0   0   0   0   0   0   0   0   0   0   0   0   0   0   0   0   0   0  1.89 0.36
  344 P    -2  -2  -2  -3  -4  -2  -3  -2  -4  -3  -2  -1  -2  -4   8  -2  -1   1  -3  -3    0   2   2   0   0   1   0   2   0   1   4   4   1   0  73   1   4   2   0   1  1.62 0.27
  345 L    -1  -3  -2  -3  -2  -2  -3  -3  -3   0   2  -2   2  -2   3  -1   4  -4  -3   2    1   0   0   0   0   0   0   0   0   3  20   0   6   0  14   0  37   0   0  18  0.44 0.15
  346 L    -3  -4  -5  -5  -3  -4  -4  -5  -4   0   5  -4   2   2  -5  -4  -3  -3  -2  -1    0   0   0   0   0   0   0   0   0   0  88   0   3   9   0   0   0   0   0   0  1.03 0.24
  347 I    -3  -4  -5  -5  -2  -3  -4  -5  -4   3   5  -4   3  -1  -4  -4  -2  -3  -2   1    0   0   0   0   0   0   0   0   0  22  65   0   7   0   0   0   0   0   0   6  0.77 0.19
  348 G     0  -3  -3  -4  -1  -3  -3   0  -3   3   0  -3   0   1  -3  -1   0  -2  -1   3    6   0   0   0   0   0   0   8   0  26   5   0   0   6   0   2   7   0   1  37  0.32 0.12
  349 G    -2  -4  -2  -3  -4  -4  -4   7  -4  -6  -6  -3  -5  -5  -4  -2  -3  -4  -5  -5    0   0   0   0   0   0   0 100   0   0   0   0   0   0   0   0   0   0   0   0  1.88 0.32
  350 A     5  -3  -2  -3   0  -2  -2   2  -3  -3  -3  -2  -3  -4  -2   3  -1  -4  -3  -2   62   0   0   0   1   0   0  13   0   0   0   0   0   0   0  24   0   0   0   0  0.72 0.21
  351 T     1  -3  -3  -3   0  -2  -3  -3  -3   2   1  -3   0   2  -3  -1   1  -3  -1   2   20   0   0   0   1   0   0   0   0  21  16   0   1  11   0   1  15   0   0  14  0.24 0.10
  352 M    -2  -3  -4  -5  -1  -3  -4  -2  -3   0   4  -4   2   4  -4  -2  -2  -2   0   0    2   0   0   0   1   0   0   3   0   1  56   0   6  28   0   2   0   0   0   2  0.64 0.18
  353 M    -3  -4  -4  -5   0  -3  -4  -5  -4  -1   0  -4  10  -2  -5  -4  -3  -4  -3  -1    0   0   0   0   2   0   0   0   0   0   2   0  97   0   0   0   0   0   0   0  2.12 0.43
  354 M     2  -3  -3  -4   3  -2  -3  -1  -3  -1   0  -3   7   1  -3  -1   0  -2  -2  -1   26   0   0   0   7   0   0   3   0   0   3   0  49   6   0   1   4   0   0   0  0.69 0.23
  355 A     1  -3  -2  -3  -2  -2  -3  -3  -3   3   1  -2   0  -2  -3   0   4  -4  -3   1   13   0   0   0   0   0   0   1   0  28  11   0   1   0   0   2  40   0   0   5  0.42 0.16
  356 F    -5  -5  -6  -6  -4  -4  -5  -5  -4  -4  -2  -5  -3   5  -6  -5  -4  11   0  -4    0   0   0   0   0   0   0   0   0   0   3   0   0  26   0   0   0  70   0   0  2.78 0.40
  357 Q    -3  -2  -3  -4  -3   3  -2  -4   0   0   4  -2   6  -1  -4  -3  -2   0  -2  -1    0   0   1   0   0  20   0   0   2   0  44   0  32   0   0   0   0   2   0   0  0.71 0.22
  358 F    -3  -4  -5  -5   1  -5  -5  -5  -2  -2  -1  -5  -2   8  -5  -3  -3   1   4  -2    0   0   0   0   3   0   0   0   0   0   1   0   0  77   0   1   1   1  15   1  1.49 0.29
  359 G     4  -3  -3  -3   0  -2  -2   1  -3   1  -1  -2  -2  -3  -2   0   0  -4  -3   1   59   0   0   0   2   0   0  11   0  11   2   0   0   0   0   3   5   0   0   8  0.47 0.17
  360 L    -2  -2   6  -1  -1  -2  -2  -3  -2   1   0  -2   0  -3  -3  -1   0  -4  -3   2    0   0  53   1   1   0   0   0   0   6   7   0   2   0   0   0   4   0   0  24  0.62 0.20
  361 A     5  -3  -3  -3  -1  -2  -2   2  -3  -3  -3  -2  -3  -4  -2   0  -1  -4  -3  -2   77   0   0   0   0   0   0  17   0   0   0   0   0   0   0   3   2   0   0   0  0.87 0.24
  362 G     0  -4  -2  -3  -4  -3  -4   7  -4  -3  -5  -3  -4  -5  -4  -2  -3  -4  -5  -3    5   0   0   0   0   0   0  92   0   2   0   0   0   0   0   1   0   0   0   1  1.59 0.28
  363 I    -3  -4  -4  -5  -2  -4  -4  -5  -4   5   4  -4   1  -1  -4  -4  -2  -3  -2   1    0   0   0   0   0   0   0   0   0  42  52   0   1   0   0   0   0   0   0   4  0.79 0.20
  364 L    -3  -3  -4  -5  -3  -3  -4  -5  -4   0   4  -4   6   1  -4  -4  -2  -3  -2  -1    0   0   0   0   0   0   0   0   0   0  58   0  36   5   0   0   0   0   0   0  0.97 0.24
  365 G     5  -3  -3  -3  -2  -2  -3   3  -3  -3  -3  -2  -3  -4  -3   0  -2  -4  -4  -2   75   0   0   0   0   0   0  23   0   0   0   1   0   0   0   1   0   0   0   0  0.90 0.24
  366 Q     1  -1   0  -1  -2   0  -1  -1   0  -1  -2  -1  -1  -3  -2   2   3  -4  -2   1   13   1   3   2   0   4   0   2   2   1   0   2   1   0   0  22  32   0   0  14  0.29 0.13
  367 Y    -3  -1  -1  -4  -3  -3  -3  -5   4  -3  -3  -2  -2   2  -5  -3  -3   0   8  -3    0   2   3   0   0   0   0   0  10   0   0   1   0   2   0   0   0   0  79   0  1.63 0.32
  368 S     0  -3  -1  -2  -3  -2  -3   6  -2  -5  -5  -2  -4  -4  -3   3  -1  -4  -4  -4    5   0   0   0   0   0   0  64   0   0   0   0   0   0   0  31   1   0   0   0  1.05 0.23
  369 I    -1   1  -1  -1  -3   0   1  -2   5   0  -2   1  -1  -3  -2   0   1  -3  -1   1    1   7   1   2   0   2  14   2  21   5   0   9   0   0   0   5  12   0   0  17  0.22 0.10
  370 P     0  -2  -2  -1  -3   0  -1  -3   0  -2  -3  -1  -3  -2   7  -1  -1   1   1  -2    8   2   1   3   0   4   1   1   2   1   1   3   0   1  56   2   2   2   6   2  1.03 0.17
  371 W     3  -2  -3  -3  -2  -1  -2  -2  -1   1  -1  -2   0  -1   1  -1   0   4   1   2   39   0   0   0   0   1   2   1   1   8   2   0   3   0   6   0   3   7   6  21  0.28 0.12
  372 P    -1  -2  -1   0  -4  -2  -1   0  -3  -2  -3  -2  -3  -3   7  -1  -1  -4  -3   1    3   2   2   6   0   0   2   7   0   1   1   0   0   0  59   3   2   0   1  12  1.13 0.20
  373 D    -1  -2   1   2  -3  -1   1  -1  -1  -2  -2  -1  -3  -2   6   0  -2  -4  -1  -3    3   1   8  16   0   1   9   5   1   2   3   2   0   1  40   7   0   0   2   0  0.69 0.14
  374 S     0  -2   1   1  -3  -1   0   5  -2  -4  -4  -1  -3  -4   0   1  -1  -4  -3  -3    3   0   5   7   0   2   4  55   1   0   1   3   0   0   3  13   1   0   0   1  0.64 0.14
  375 G    -1  -3  -2  -1  -4  -2  -2   6  -3  -2  -4  -3  -3  -3  -2  -1  -2  -4  -3  -3    3   0   0   3   0   2   2  80   0   3   1   0   0   1   2   1   1   0   0   2  1.14 0.22
  376 N    -2  -2   3   2  -2  -1  -1  -2  -1   1   1  -2  -1  -1  -2   0  -1  -3  -2   2    0   1  19  16   0   3   1   1   1  12  14   0   0   3   1   5   1   0   0  21  0.17 0.09
  377 D    -1  -1   3   4  -4  -1   1   1  -1  -4  -4   0  -3  -1   0   0   0  -4  -3  -3    1   1  18  38   0   1   7  10   1   0   0   4   0   5   4   6   4   0   0   0  0.47 0.13
  378 S    -1  -2   3  -1  -3  -1  -2   3   2  -3  -3  -1  -2  -2  -2   1   3  -3  -1  -2    2   0  23   1   0   1   0  25   6   1   0   1   0   1   1  13  22   0   3   2  0.40 0.13
  379 V    -1  -3  -3  -3  -2  -2  -2  -4  -3   3   0  -2   0  -2  -2  -1   2  -4  -2   4    2   0   0   1   0   1   2   0   0  24   2   2   0   0   2   4  13   0   0  46  0.40 0.15
  380 N     2   2   0  -1  -3   0   1  -2  -2  -3  -2   1  -2  -3   3   0   2  -4  -3  -2   21  15   5   2   0   1   8   1   0   0   2   9   0   1  17   2  16   0   0   0  0.32 0.10
  381 I     2  -2  -2  -2  -2   0   3  -3  -2   3  -1  -2   0  -2  -3  -1  -1   1  -2   1   24   0   0   0   0   2  28   0   0  33   2   0   1   0   0   2   0   3   0   4  0.32 0.15
  382 R     1   2  -1  -1  -3   3   3  -2  -1  -2  -2   1  -1  -3  -2   0   0  -3  -2  -1   19  14   0   1   0  17  24   1   0   1   3   5   1   1   0   7   3   0   0   5  0.29 0.10
  383 I    -1  -3  -2  -3  -2  -2  -2  -3  -3   4  -1  -2  -1  -3  -3   4  -1   1  -3   0    0   0   0   0   0   0   0   0   0  38   0   1   0   0   0  55   0   3   0   1  0.62 0.23
  384 P    -2  -3  -4  -3  -3  -2  -2  -4  -3  -1  -2  -3   4  -1   5  -3  -1   9  -1  -1    2   0   0   1   0   0   2   0   0   4   1   0  18   1  28   0   5  33   0   3  1.19 0.23
  385 E     0   1  -1   2  -3   2   2  -2  -1  -1  -1   1  -1  -3   0   1   0  -3  -2   0    4   7   0  15   0  13  18   0   1   5   5   7   0   0   3  10   2   0   1   8  0.20 0.07
  386 D    -1  -2   0   1  -2  -1   0  -2  -2   3   1  -1   0  -2  -2   0   0  -3  -1   2    0   0   5   8   0   0   6   2   0  27  11   5   1   0   1   9   3   0   1  21  0.13 0.08
  387 N    -1   0   3   0  -3   0   0  -1   4  -3  -3   0  -2  -3  -1   2   2  -4  -1  -3    2   5  18   2   0   3   4   3  16   0   0   2   0   0   1  23  20   0   1   0  0.39 0.13
  388 K    -1  -1  -1  -2  -4  -2  -2   5  -2  -4  -4   3  -3  -4  -1  -1  -2  -4  -4  -4    1   1   0   1   0   0   0  62   0   0   1  25   0   0   2   3   1   0   0   0  0.89 0.20
  389 S     3  -2  -1  -2  -2  -2  -2  -1  -1  -3  -3   0  -3  -4   5   2   0  -4  -3  -2   39   1   2   0   0   0   0   2   1   0   0   5   0   0  27  19   3   0   0   0  0.62 0.17
  390 A     5  -3  -3  -3  -3  -2  -2  -2  -3  -3  -3  -2  -3  -4   6  -1  -2  -5  -4  -2   61   0   0   0   0   0   0   0   0   0   0   0   0   0  37   1   0   0   0   1  1.14 0.26
  391 S     4  -2  -2  -2  -2  -1  -2   0  -3  -3  -3  -2  -3  -4  -2   4  -1  -4  -3  -2   52   1   0   0   0   2   0   4   0   0   0   0   0   0   0  42   0   0   0   0  0.73 0.22
  392 K    -2   3   0  -2  -5   0  -1  -3   0  -4  -4   6  -3  -5  -3  -2  -2  -4  -3  -4    1  16   4   1   0   0   0   0   2   0   0  74   0   0   0   0   1   0   0   0  1.04 0.26
  393 G     4  -3  -2  -3  -2  -3  -3   5  -3  -3  -3  -2  -2  -4  -3  -1  -2  -4  -4  -1   54   0   0   0   0   0   0  43   0   0   0   0   0   0   0   0   0   0   0   3  0.87 0.22
  394 A     0  -4  -4  -4  -2  -3  -4  -4  -4   3   2  -4   0  -2  -4  -3  -1  -4  -2   5    7   0   0   0   0   0   0   0   0  14  16   0   0   0   0   0   0   0   0  63  0.69 0.19
  395 I    -3  -5  -5  -5  -3  -5  -5  -6  -5   7   0  -5   0  -2  -5  -4  -2  -4  -3   1    0   0   0   0   0   0   0   0   0  97   0   0   0   0   0   0   0   0   0   3  1.44 0.32
  396 A     6  -3  -3  -4  -2  -3  -3  -1  -3  -3  -3  -2  -3  -4  -3   0  -2  -4  -4  -2   98   0   0   0   0   0   0   0   0   0   0   0   0   0   0   2   0   0   0   0  1.24 0.31
  397 C    -1  -5  -4  -5  10  -4  -5  -4  -5  -3  -3  -4   0  -3  -4   0  -2  -4  -4  -2    3   0   0   0  82   0   0   0   0   0   0   0   3   0   0   9   0   0   0   1  2.18 0.36
  398 C    -1  -3  -1  -2   6  -2  -2  -3  -3  -3  -3  -2  -3  -4  -3   4   5  -4  -3  -2    0   0   0   0  18   0   0   0   0   0   0   0   0   0   0  38  42   0   0   0  0.85 0.24
  399 Y    -4  -4  -4  -5  -5  -4  -4  -5   0  -3  -3  -4  -3   2  -5  -4  -4   0   9  -3    0   0   0   0   0   0   0   0   0   0   0   0   0   2   0   0   0   0  98   0  2.32 0.41
  400 L    -3  -4  -5  -5  -3  -4  -5  -5  -4   1   6  -4   1  -1  -5  -4  -3  -3  -3  -1    0   0   0   0   0   0   0   0   0   2  97   0   1   0   0   0   0   0   0   0  1.19 0.27
  401 F    -4  -5  -5  -6  -4  -5  -5  -5  -3  -1  -1  -5  -2   9  -6  -4  -4  -1   1  -2    0   0   0   0   0   0   0   0   0   1   0   0   0  98   0   0   0   0   0   0  2.05 0.36
  402 V    -2  -4  -5  -5  -3  -4  -4  -5  -5   1  -1  -4  -1  -3  -4  -3  -2  -5  -3   7    0   0   0   0   0   0   0   0   0   0   0   0   0   0   0   0   0   0   0 100  1.34 0.32
  403 A     5  -3  -3  -4   6  -3  -3  -1  -3  -2  -3  -3  -2  -4  -3   0  -2  -4  -3   0   73   0   0   0  20   0   0   2   0   0   0   0   0   0   0   1   0   0   0   5  0.95 0.25
  404 S     0  -3  -1  -2  -1  -2  -2  -2  -3  -3  -4  -2  -3  -4  -3   6   1  -5  -3  -2    1   0   0   0   1   0   0   0   0   1   0   0   0   0   0  90   4   0   0   2  1.13 0.31
  405 F    -4  -4  -4  -5  -4  -4  -4  -5  -1  -2  -2  -4  -2   7  -5  -4  -4   0   7  -3    0   0   0   0   0   0   0   0   0   0   0   0   0  57   0   0   0   0  43   0  1.64 0.31
  406 A     6  -3  -3  -3  -2  -3  -3   0  -3  -3  -3  -2  -3  -4  -3   0  -2  -4  -4  -2   96   0   0   0   0   0   0   3   0   0   0   0   0   0   0   0   0   0   0   0  1.20 0.30
  407 F    -1  -4  -3  -3   1  -3  -3  -3  -4   0  -2  -3  -1  -1   7   0  -1  -4  -3  -1    2   0   0   0   3   0   0   1   0   6   2   0   2   3  68   6   2   0   1   3  1.45 0.25
  408 T    -2  -3  -2  -3  -3  -2  -2  -3  -3  -3  -3  -2  -3  -4  -3   2   7  -4  -3  -2    0   0   0   0   0   0   0   0   0   0   0   0   0   0   0  14  86   0   0   0  1.27 0.31
  409 W    -5  -5  -6  -7  -5  -5  -5  -5  -5  -5  -4  -6  -4   0  -6  -5  -5  13   0  -5    0   0   0   0   0   0   0   0   0   0   1   0   0   1   0   0   0  97   0   0  3.95 0.51
  410 G    -1  -4  -2  -3  -4  -4  -4   7  -4  -6  -5  -3  -4  -5  -4  -2  -3  -4  -5  -5    3   0   0   0   0   0   0  97   0   0   0   0   0   0   0   0   0   0   0   0  1.79 0.31
  411 V    -2  -4  -4  -4  -4  -3  -3  -4  -4   0  -3  -3  -3  -4   8  -3  -2  -5  -4   2    0   0   0   0   0   0   0   0   0   5   0   0   0   0  74   0   0   0   0  21  1.82 0.30
  412 G     1  -3  -3  -3   2  -3  -3   3  -4   0  -1  -3  -1  -3  -3  -2   0  -4  -3   4   11   0   0   0   4   0   0  27   0   0   0   0   0   0   0   0   5   0   0  52  0.50 0.17
  413 I    -1  -3  -2  -2  -2  -2  -2  -1  -3   4  -2  -2  -1  -3  -3   5   0  -4  -3   0    1   0   0   0   0   0   0   2   0  32   0   0   1   0   0  61   2   0   0   1  0.63 0.23
  414 W    -5  -5  -6  -7  -5  -4  -5  -5  -5  -5  -4  -6  -4  -1  -6  -5  -5  13   0  -5    0   0   0   0   0   0   0   0   0   0   0   0   0   0   0   0   0  99   0   0  4.06 0.52
  415 V    -1  -4  -4  -4  -2  -3  -4  -4  -4   5   1  -3   0  -2  -3  -2   1  -4  -2   3    2   0   0   0   0   0   0   0   0  45  10   0   1   0   0   0  12   0   0  30  0.59 0.17
  416 Y    -4  -4  -4  -5  -5  -4  -4  -5   0  -3  -3  -4  -3   1  -5  -4  -4   0   9  -3    0   0   0   0   0   0   0   0   0   0   0   0   0   0   0   0   0   0  99   0  2.35 0.41
  417 C    -1  -4  -4  -3   7  -3  -3  -4  -4  -3  -4  -3  -4  -5   7  -2  -3  -5  -4  -2    2   0   0   1  32   0   0   0   0   0   0   0   0   0  61   0   0   0   0   3  1.86 0.30
  418 A     1  -3  -2  -3  -3  -2  -2  -3  -3  -4  -4  -2  -3  -5   7   3  -1  -5  -4  -3   11   0   0   0   0   0   0   0   0   0   0   0   0   0  56  32   0   0   0   0  1.37 0.26
  419 E    -3  -2  -2   0  -6   0   7  -4  -2  -5  -5  -1  -4  -5  -3  -2  -3  -5  -4  -4    0   0   0   0   0   0  99   0   0   0   0   0   0   0   0   0   0   0   0   0  1.68 0.35
  420 I    -2  -4  -4  -5  -2  -3  -4  -5  -4   4   4  -4   1  -1  -4  -3  -2  -3  -2   2    0   0   0   0   0   0   0   0   0  26  59   0   2   0   0   0   0   0   0  12  0.72 0.18
  421 W    -4  -4  -4  -5  -4  -4  -4  -5  -2  -2  -2  -4  -2   7  -5  -4  -4   7   6  -3    0   0   0   0   0   0   0   0   0   0   0   0   0  51   0   0   0  18  29   0  1.53 0.28
  422 G     0   0   0   0  -1   0   0   2   0  -1  -1   0  -1  -1   0   0   0   0  -1  -1    6   4   4   4   2   3   5  24   2   4   8   5   2   3   4   6   6   1   3   5  0.07 0.00
  423 D    -3  -3   1   3  -4  -2  -1  -3  -3  -4  -5  -2  -4  -5   8  -2  -3  -5  -4  -4    0   0   8  17   0   0   1   0   0   0   0   0   0   0  72   0   0   0   0   0  1.78 0.28
  424 N    -2  -3   4  -2  -3  -2  -3  -3  -2  -1   4  -3   1  -2  -4   0  -1  -3  -3  -1    0   0  25   0   0   1   0   0   0   0  60   0   3   0   0   8   3   0   0   0  0.53 0.19
  425 R    -1   6  -1  -3  -4   0  -1  -3   1  -3  -3   2   0  -3  -3  -1  -2  -4  -3  -2    6  68   1   0   0   2   0   0   4   0   1   7   4   1   0   2   1   0   0   3  0.88 0.22
  426 V    -1  -2  -3  -3  -1   1   0  -3  -2   2   2  -2   0  -1  -3   0  -1  -3   0   3    1   0   0   0   1  10   7   0   1  12  19   0   0   1   0   8   1   0   3  36  0.23 0.11
  427 A    -2   8  -2  -3  -5  -1  -2  -4  -2  -5  -4   0  -3  -5  -4   0  -3  -5  -4  -4    2  93   0   0   0   0   0   0   0   0   0   0   0   0   0   5   0   0   0   0  1.62 0.33
  428 Q     2  -2  -2  -2  -3   3  -2   5  -3  -4  -4  -2  -3  -4  -3   0  -2  -4  -4  -3   19   0   0   0   0  19   0  59   0   0   0   0   0   0   0   3   0   0   0   0  0.91 0.21
  429 R    -2   4  -2  -2  -5   0  -1  -3  -2  -3  -2   6  -1  -4  -3  -2  -2  -4  -3  -2    0  21   0   0   0   0   0   0   0   1   4  70   2   0   0   0   1   0   0   2  0.97 0.25
  430 G     5  -3  -2  -3  -2  -3  -3   4  -3  -4  -3  -2  -3  -4  -3  -1  -2  -4  -4  -2   60   0   0   0   0   0   0  40   0   0   0   0   0   0   0   0   0   0   0   0  0.94 0.23
  431 N     1  -3   3  -2  -2  -2  -3  -3  -3   0  -1  -3  -1  -3  -3   0   0  -4  -3   5   13   0  18   0   0   0   0   0   0   0   0   0   1   0   0   8   3   0   0  56  0.47 0.18
  432 A     5  -3  -2  -3   0  -2  -2   2  -3  -3  -3  -2  -3  -4  -2   2  -1  -4  -3  -2   72   0   0   0   1   0   0  12   0   0   0   0   0   0   0  15   0   0   0   0  0.79 0.23
  433 I    -2  -4  -5  -5  -2  -3  -4  -5  -4   2   5  -4   2   1  -4  -3  -2  -3  -2   2    0   0   0   0   0   0   0   0   0   8  72   0   2   6   0   1   0   0   0  11  0.75 0.19
  434 S     3  -3  -2  -3   6  -2  -2  -2  -3  -3  -3  -2  -2  -4  -2   3   2  -4  -3  -2   32   0   0   0  19   0   0   0   0   0   0   0   0   0   0  35  13   0   0   1  0.65 0.19
  435 T     1  -3  -2  -3  -3  -2  -3  -3  -3  -2  -3  -2  -2  -4  -3   0   7  -4  -3  -1   14   0   0   0   0   0   0   0   0   0   0   0   0   0   0   0  85   0   0   1  1.19 0.31
  436 S     3  -2  -1  -2   1  -2  -2  -1  -3  -4  -4  -2  -3  -4  -2   5   0  -4  -3  -3   26   0   0   0   3   0   0   3   0   0   0   0   0   0   0  68   0   0   0   0  0.83 0.25
  437 A     4  -3  -2  -3   1  -2  -2   2  -3  -2  -2  -2  -2   0  -2   2   0  -3  -2   0   51   0   0   0   2   0   0  14   0   0   0   0   0   5   0  19   3   0   0   6  0.45 0.16
  438 N    -4  -2   8   0  -3  -2  -2  -2  -1  -5  -6  -2  -4  -5  -4  -1  -2  -6  -4  -5    0   0  98   1   1   0   0   0   0   0   0   0   0   0   0   0   0   0   0   0  1.91 0.37
  439 W    -5  -5  -6  -7  -5  -5  -6  -5  -5  -5  -4  -6  -4  -1  -6  -5  -5  13   0  -6    0   0   0   0   0   0   0   0   0   0   0   0   0   0   0   0   0 100   0   0  4.12 0.53
  440 I     4  -3  -4  -4   0  -3  -3  -2  -4   4  -1  -3  -1  -2  -3  -1  -2  -4  -3   0   52   0   0   0   2   0   0   0   0  43   2   0   0   0   0   0   0   0   0   1  0.65 0.22
  441 L    -4  -5  -5  -5  -3  -5  -5  -5  -3  -1   0  -5   1   8  -5  -4  -4  -1   1  -2    0   0   0   0   0   0   0   0   0   2   4   0   4  90   0   0   0   0   0   0  1.73 0.32
  442 N    -4  -2   8  -1  -5  -2  -2  -2  -1  -5  -6  -2  -4  -5  -4  -1  -2  -6  -4  -5    0   0 100   0   0   0   0   0   0   0   0   0   0   0   0   0   0   0   0   0  1.97 0.38
  443 F    -3  -4  -4  -5  -3  -5  -5  -5  -3  -2  -1  -5  -1   8  -5  -3   1  -1   1  -2    0   0   0   0   0   0   0   0   0   0   1   0   1  86   0   0  12   0   0   0  1.61 0.32
  444 A     6  -3  -3  -4  -2  -3  -3  -2  -3  -3  -3  -2  -3  -4  -3   0  -2  -4  -3  -2   99   0   0   0   0   0   0   0   0   0   0   0   0   0   0   0   0   0   0   0  1.27 0.31
  445 I    -3  -3  -5  -5  -3  -4  -4  -5  -4   3   5  -4   1  -1  -4  -4  -3  -3  -3   0    0   0   0   0   0   0   0   0   0  18  82   0   0   0   0   0   0   0   0   0  0.97 0.23
  446 A     4  -3  -2  -3  -2  -2  -2   4  -3  -4  -4  -2  -3  -4  -3   2  -1  -4  -4  -3   44   0   0   0   0   0   0  39   0   0   0   0   0   0   0  17   0   0   0   0  0.76 0.20
  447 M    -2  -3  -4  -5  -3  -3  -4  -5  -1  -1   1  -3   6   1  -4  -3  -3   2   7  -2    2   0   0   0   0   0   0   0   0   0  15   0  30   2   0   0   0   2  49   0  1.07 0.27
  448 Y    -3  -5  -5  -5  -4  -5  -5  -5  -3  -2  -1  -5  -2   8  -5  -4  -4  -1   4  -3    2   0   0   0   0   0   0   0   0   0   1   0   0  87   0   0   0   0  11   0  1.75 0.32
  449 T    -2  -3  -3  -4  -2  -3  -3  -4  -4   1  -1  -3  -1  -3  -3  -2   3  -4  -3   6    0   0   0   0   0   0   0   0   0   0   0   0   0   0   0   1  27   0   0  71  0.86 0.25
  450 P    -3  -4  -4  -4  -5  -3  -3  -4  -4  -5  -5  -3  -5  -6   9  -2  -3  -6  -5  -4    0   0   0   0   0   0   0   0   0   0   0   0   0   0  98   1   0   0   0   0  2.74 0.39
  451 T    -1  -3  -2  -2  -3  -2  -2  -3  -2  -2  -4  -2  -3  -4   7   2   1  -5  -4  -1    1   0   0   0   0   0   0   0   1   1   0   0   0   0  58  23   8   0   0   5  1.29 0.24
  452 G     5  -3  -2  -3  -1  -2  -2   1  -3  -3  -2  -2  -2  -4  -2   2  -1  -4  -3  -2   77   0   0   0   1   0   0   8   0   0   2   0   0   0   0  12   0   0   0   0  0.82 0.23
  453 F    -4  -5  -5  -5  -4  -5  -5  -5  -3  -2   0  -5  -2   8  -6  -4  -4  -1   1  -3    0   0   0   0   0   0   0   0   0   0   5   0   0  95   0   0   0   0   0   0  1.91 0.35
  454 K     1   0  -2  -1  -3   1   2  -3  -1  -1  -2   3  -1  -3  -2  -1   0  -4  -2   2   15   3   0   0   0   7  17   0   1   1   0  25   0   0   0   1   5   0   0  25  0.25 0.12
  455 N    -3  -2   8  -1  -4  -1  -2  -2  -1  -5  -5  -1  -4  -5  -4   0   0  -5  -4  -4    0   0  88   0   0   1   0   0   1   0   0   1   0   0   0   5   4   0   0   0  1.55 0.32
  456 I    -3  -5  -5  -5  -3  -5  -5  -6  -5   7   0  -4   0  -2  -5  -4  -2  -4  -3   1    0   0   0   0   0   0   0   0   0  98   1   0   0   0   0   0   0   0   0   0  1.45 0.32
  457 S    -1   2   1  -1  -3   4   0  -2  -1  -3  -3   2  -1  -4  -2   1   3  -4  -3  -2    1  12   7   1   0  25   1   0   0   0   0  17   1   0   0  11  23   0   0   0  0.44 0.15
  458 W    -5  -5  -6  -7  -5  -4  -5  -5  -5  -5  -4  -5  -4  -1  -6  -5  -5  13   2  -5    0   0   0   0   0   0   0   0   0   0   0   0   0   0   0   0   0  96   4   0  3.88 0.50
  459 K    -2   4  -2  -2  -5   2   0  -3  -1  -4  -4   6  -3  -5  -3  -2  -2  -4  -3  -4    0  19   0   0   0   9   2   0   0   0   0  69   0   0   0   0   0   0   0   0  1.03 0.25
  460 T    -1  -3  -2  -3  -2  -3  -3  -3  -4  -1  -2  -3  -2  -3  -3   0   6  -4  -3   3    2   0   0   0   0   0   0   0   0   0   1   0   0   0   0   1  68   0   0  28  0.89 0.26
  461 Y    -4  -4  -4  -5  -5  -4  -4  -5   0  -4  -3  -4  -3   1  -5  -4  -4   0   9  -3    0   0   0   0   0   0   0   0   0   0   0   0   0   0   0   0   0   0 100   0  2.39 0.42
  462 I    -2  -4  -4  -5   1  -4  -4  -5  -4   5   2  -4   2   0  -4  -3  -2  -3  -2   2    0   0   0   0   4   0   0   0   0  62  15   0   4   3   0   0   1   0   1  11  0.73 0.19
  463 I    -2  -4  -5  -5  -2  -4  -4  -5  -5   6   2  -4   1  -1  -4  -4  -2  -4  -3   3    0   0   0   0   0   0   0   0   0  60  15   0   2   0   0   0   0   0   0  23  0.83 0.20
  464 Y    -4  -5  -5  -5  -4  -5  -5  -5  -2  -2  -1  -5  -2   8  -5  -4  -4   0   5  -3    0   0   0   0   0   0   0   0   0   0   0   0   0  84   0   0   0   0  16   0  1.80 0.33
  465 G     3  -4  -2  -3  -3  -3  -3   6  -3  -4  -4  -3  -4  -4  -3  -1  -3  -4  -4  -3   25   0   0   0   0   0   0  74   0   0   1   0   0   0   0   0   0   0   0   0  1.23 0.24
  466 V     0  -4  -4  -4   0  -3  -4  -4  -4   2  -1  -3  -1  -2  -4  -2   1  -4  -3   6    4   0   0   0   1   0   0   0   0   6   0   0   0   0   0   2  10   0   0  75  0.78 0.23
  467 F    -4  -5  -5  -6  -1  -5  -5  -5  -3  -2  -1  -5   0   9  -6  -4  -4  -1   1  -3    0   0   0   0   1   0   0   0   0   0   0   0   2  97   0   0   0   0   0   0  1.98 0.36
  468 C    -2  -5   2  -4  10  -4  -5  -4  -4  -3  -2  -4  -3  -4  -5   0  -2  -4  -4  -3    0   0  10   0  79   0   0   1   0   0   3   0   0   0   0   6   0   0   0   0  2.08 0.35
  469 F     2  -3  -3  -3  -1  -2  -3  -1  -3   1   0  -2  -1   2  -3  -1   2  -3  -1   3   21   0   0   0   0   0   0   4   0   8   8   0   0  12   0   0  20   0   0  27  0.24 0.11
  470 A     4  -3  -3  -3   5  -2  -3  -2  -3  -1  -2  -2  -2  -3  -3   0   1  -4  -3   1   60   0   0   0  14   0   0   0   0   1   0   0   0   0   0   3   7   0   0  15  0.62 0.20
  471 M    -2  -4  -4  -5  -3  -3  -4  -4  -4  -1   1  -3  10  -2  -5  -3  -3  -4  -3  -1    3   0   0   0   0   0   0   1   0   0   7   0  89   1   0   0   0   0   0   0  1.81 0.39
  472 A     1  -3  -3  -3   0  -3  -3  -2  -3  -1   0  -3  -1   6  -3  -1   3   1   0  -1   13   0   0   0   2   0   0   2   0   1   5   0   0  43   0   2  29   2   0   1  0.57 0.19
  473 T    -2  -4  -4  -4  -2  -4  -4  -5  -4   5   2  -4   0   2  -4  -3  -1   1  -2   3    0   0   0   0   0   0   0   0   0  57  12   0   0   8   0   0   2   2   0  19  0.69 0.18
  474 H    -4  -2   0  -3  -5   1  -2  -4  10  -5  -5  -3  -4  -3  -4  -3  -4  -5   0  -5    0   0   2   0   0   6   0   0  91   0   0   0   0   0   0   0   0   0   0   0  2.31 0.40
  475 V    -1  -4  -4  -4  -1  -3  -4  -4  -4   1  -1  -4  -1  -2  -4  -2   2  -4  -3   6    1   0   0   0   1   0   0   0   0   2   0   0   0   1   0   2  12   0   0  81  0.89 0.25
  476 Y    -3  -4  -5  -5  -4  -4  -5  -5  -2  -1   0  -4  -1   8  -5  -4  -4   0   4  -2    1   0   0   0   0   0   0   0   0   1   8   0   0  73   0   0   0   0  16   0  1.43 0.28
  477 F    -4  -4  -5  -5  -4  -5  -5  -5  -3   0   1  -5  -1   8  -5  -4  -4  -1   1  -1    0   0   0   0   0   0   0   0   0   2  14   0   0  82   0   0   0   0   0   2  1.50 0.29
  478 G    -1  -3  -3  -4   3  -2  -3   0  -3   0   2  -3   6   3  -4  -2  -1  -2  -1   0    5   0   0   0   7   1   0   9   0   2  23   0  33  14   0   0   2   0   1   3  0.44 0.16
  479 F    -4  -5  -5  -6  -3  -5  -5  -5  -3  -2  -1  -5  -2   9  -6  -4  -4   0   2  -3    0   0   0   0   0   0   0   0   0   0   0   0   0  98   0   0   0   0   1   0  2.05 0.36
  480 P    -3  -4  -4  -4  -5  -3  -3  -4  -4  -5  -5  -3  -5  -6   9  -3  -3  -6  -5  -5    0   0   0   0   0   0   0   0   0   0   0   0   0   0 100   0   0   0   0   0  2.80 0.40
  481 E    -3  -2  -2   0  -6   0   7  -4  -2  -5  -5  -1  -4  -5  -3  -2  -3  -5  -4  -4    0   0   0   2   0   0  98   0   0   0   0   0   0   0   0   0   0   0   0   0  1.67 0.35
  482 T    -2  -3  -2  -3  -3  -3  -3  -4  -4  -3  -3  -3  -3  -4  -3   0   7  -4  -4  -2    0   0   0   0   0   0   0   0   0   0   0   0   0   0   0   0 100   0   0   0  1.58 0.36
  483 K     4   1  -1  -2  -1   0  -1  -1  -1  -3  -3   3  -2  -4  -2   1  -1  -4  -3  -2   47   7   1   0   1   1   0   1   1   0   0  29   0   0   0  11   2   0   0   0  0.49 0.17
  484 G    -1  -4   0  -3  -4  -1  -3   7  -3  -5  -5  -3  -4  -5  -4  -1  -3  -4  -5  -5    0   0   4   0   0   4   0  91   0   0   0   0   0   0   0   1   0   0   0   0  1.57 0.28
  485 K    -3   2  -2  -3  -5   0  -1  -3  -2  -5  -4   7  -3  -5  -3  -2  -2  -5  -4  -4    0   5   0   0   0   0   0   0   0   0   0  95   0   0   0   0   0   0   0   0  1.45 0.32
  486 R    -1   3  -1  -2  -3  -1  -2  -3  -2  -3  -3  -1  -2  -4   2   1   5  -4  -3  -2    0  20   0   0   0   1   0   0   0   0   0   0   0   0  12  10  57   0   0   0  0.74 0.22
  487 L    -3  -4  -5  -5  -3  -4  -5  -5  -5   0   6  -4   1  -1  -5  -4  -3  -2  -3  -1    0   0   0   0   0   0   0   0   0   0 100   0   0   0   0   0   0   0   0   0  1.23 0.28
  488 E    -3  -2  -2   0  -6   0   7  -4  -2  -5  -5  -1  -4  -5  -3  -2  -3  -5  -4  -4    0   0   0   0   0   0 100   0   0   0   0   0   0   0   0   0   0   0   0   0  1.71 0.35
  489 E    -2  -2  -2   2  -5   0   7  -4  -2  -5  -5  -1  -4  -5  -3  -2  -3  -5  -4  -4    2   0   0  10   0   1  86   0   0   0   0   0   0   0   0   0   0   0   0   0  1.38 0.30
  490 I    -2  -3  -4  -4  -2  -3  -4  -5  -4   5   0  -3   1  -2  -4  -3   1  -4  -3   4    0   0   0   0   0   0   0   0   0  43   1   0   2   0   0   0  11   0   0  43  0.72 0.20
  491 G     0  -2   0   3  -4   0   5   1  -2  -4  -4  -1  -3  -4  -2  -1   0  -4  -3  -3    6   0   2  20   0   0  48  14   0   0   0   0   0   0   0   2   6   0   0   1  0.64 0.18
  492 Q     1  -1  -1   1  -3   4   3  -2   0  -2  -1   0   1  -2  -2   0   0  -3  -2  -2   19   0   1   8   0  29  19   2   1   1   4   2   5   2   0   4   3   0   1   1  0.32 0.13
  493 M    -3  -4  -4  -5  -3  -3  -4  -5  -4   4   1  -4   8  -1  -4  -4  -2  -4  -3   1    0   0   0   0   0   0   0   0   0  32   7   0  58   0   0   0   0   0   0   3  1.16 0.29
  494 W    -4  -5  -5  -5  -4  -5  -5  -5  -4  -3  -2  -5  -2   7  -6  -5  -4   9   1  -3    0   0   0   0   0   0   0   0   0   0   0   0   0  64   0   0   0  35   0   0  2.08 0.35
  495 E     0  -2   0   3  -3   1   3  -2  -1  -2  -1  -1   0  -3  -2   0   2  -4  -3  -2    9   0   3  22   0   4  30   0   0   1   7   1   3   0   0   2  17   0   0   1  0.37 0.13
  496 E     0  -1   1   5  -4   0   3  -2  -2  -4  -4   0  -3  -4  -2   0   0  -4  -2  -3   10   2   3  45   0   2  20   1   0   0   0   3   0   0   0   7   4   0   2   0  0.62 0.16
  497 R    -2   0   2   0  -4  -1  -1   3   1  -4  -4   2  -3  -4   5  -1  -2  -4  -3  -4    0   5  12   4   0   0   0  22   5   0   0  19   0   0  33   0   0   0   0   0  0.73 0.17
  498 V    -1  -3  -3  -3  -2  -2  -3  -4  -4   3   0  -3   0  -2  -3  -1   4  -4  -3   3    1   0   0   0   0   1   0   0   0  24   5   0   0   0   0   1  37   0   0  31  0.52 0.18
  499 P    -2  -3  -4  -3  -5  -3  -3  -4  -4  -5  -4  -1  -4  -6   8  -3  -2  -6  -5  -4    1   1   0   0   0   0   0   0   0   0   2   4   0   0  92   0   1   0   0   0  2.44 0.36
  500 A     6  -3  -3  -3  -2  -2  -3  -1  -3  -3  -3  -2  -3  -4   1   0  -2  -4  -4  -2   92   0   0   0   0   0   0   0   0   0   0   0   0   0   7   0   0   0   0   0  1.13 0.29
  501 W    -5  -5  -6  -7  -5  -5  -6  -5  -5  -5  -4  -6  -4  -1  -6  -5  -5  13   0  -5    0   0   0   0   0   0   0   0   0   0   0   0   0   0   0   0   0  99   0   0  4.08 0.53
  502 R    -2   4  -1  -2  -5   1  -1  -3  -2  -4  -4   6  -3  -5  -3  -2  -2  -5  -3  -4    0  21   2   0   0   2   1   0   0   0   0  74   0   0   0   0   0   0   0   0  1.14 0.27
  503 S    -1  -3  -2  -3  -3  -2  -2  -3  -3  -3  -3  -2  -2  -4  -3   2   7  -4  -3  -2    0   0   0   0   0   0   0   0   0   0   0   1   0   0   0  17  83   0   0   0  1.21 0.31
  504 R     2   4  -1  -2  -3   0  -1   0   4  -3  -3   2  -2  -3  -2   1  -1  -4  -2  -3   21  26   1   0   0   1   0   5  15   0   0  18   0   0   0   9   3   0   0   0  0.40 0.14
  505 S     0  -1   3  -2  -2  -1  -2  -1  -1   0  -2   0  -1  -3  -2   2   0  -4  -2   3    2   1  18   0   0   1   0   2   1   3   1   5   0   0   1  28   3   0   0  35  0.28 0.14
  506 W    -1  -2  -1   1  -3   0   1  -1  -1  -2  -2  -1  -1   0  -3   0   0   8   2  -1    5   1   3  10   0   5   8   3   1   1   3   1   1   3   0   7   6  26  10   5  0.51 0.13
  507 Q    -1   1  -1  -2  -3   2   0  -2   0  -1  -1   0  -1   2  -1  -1   2   0   3   0    1   6   1   1   0  14   5   1   1   3   1   6   0   9   2   1  23   1  15  10  0.19 0.10
  508 P    -1   0   0  -1  -3   1  -1  -1   3  -3  -3   1  -3  -4   5   1  -1  -4  -2  -3    2   6   4   2   0   6   1   4   9   1   0  10   0   0  37  14   3   0   0   1  0.66 0.14
  509 T     0   2   0   1  -2   1   1  -1   3  -1  -2   0  -1  -2  -2   0   2  -3  -2  -1    8  15   4   9   0   4   8   2  10   4   3   4   0   1   1   7  17   0   0   3  0.16 0.07
  510 V     1  -1  -2  -2  -2  -2  -2  -1  -1   2   1  -2   0  -1  -1   0   1  -2  -1   2   11   4   1   0   0   0   2   4   2  16  10   0   2   2   2   6  14   0   0  24  0.12 0.07
  511 P     0   3  -1  -1  -3   0  -1  -2  -1  -1  -1   0  -1  -3   5  -1  -1  -3  -3  -1   10  20   2   4   0   3   2   1   1   5   4   4   2   0  31   3   3   0   0   5  0.46 0.11
  512 I     0   2  -1  -1  -2   0   0  -2  -1   1   1   0   1  -1   0  -1  -1  -3  -2   0   12  17   1   2   0   4   5   1   0  16  15   5   3   3   5   3   2   0   0   6  0.08 0.05
  513 A     2  -1  -2   0  -2  -1   1  -2  -1   1   2  -1   2  -1  -2   0  -1  -3  -1   1   22   2   0   4   0   1  12   2   1   6  23   2   6   2   1   4   2   0   1   9  0.09 0.07
  514 S    -1   1   0   0  -4   1   5  -1   0  -3  -3   0  -2  -3   1   1  -1  -4  -3  -2    2   9   2   2   0   2  49   3   2   1   0   1   0   1   6  16   2   0   0   2  0.51 0.16
  515 D    -1   2   0   3  -4   2   1   0   3  -2  -3   1  -2  -3  -2  -1  -1  -4  -2  -3    3  16   3  26   0  14   9   6   9   2   2   4   0   0   1   2   2   0   0   1  0.36 0.11
  516 A     1  -1   1  -1  -2  -1   0   3   0  -1  -2   0  -1  -2  -2   0   0  -3  -2   0   13   2   7   2   0   1   7  34   2   3   2   6   1   1   1   6   5   0   1   7  0.24 0.08
  517 E    -1   0   0   4  -4   1   4   0   0  -3  -3   0  -2  -2  -2  -1  -1  -4  -3  -2    5   3   2  26   0   5  33   7   2   1   2   5   1   1   1   2   1   0   0   2  0.42 0.12
  518 L    -1  -2  -1   0  -2  -1  -1  -1  -2   1   2  -1   1   1  -1  -1  -1  -2  -1   2    4   1   2   5   0   3   5   5   1  10  25   3   5   6   2   3   1   0   1  17  0.07 0.05
  519 A     1  -1   0   2  -3   0   3   1   1  -2  -1   0  -1  -3  -1   0  -1  -3  -2  -2   14   1   2  16   0   3  27   9   4   3   6   2   1   0   2   5   2   0   0   2  0.23 0.09
  520 R     0   1   0   1  -3   1   3  -1   1  -3  -2   2  -2  -2  -1   0  -1  -3  -2  -2   11   9   4   8   0   3  26   3   4   1   2  14   1   1   2   8   2   0   0   2  0.25 0.08
  521 K     0   1  -1  -1  -4   0   1  -1  -1  -2  -2   5  -1  -4  -2  -1  -1  -4  -3  -2    6   4   1   2   0   1  11   5   1   2   3  55   1   0   1   3   2   0   0   1  0.49 0.16
  522 M     0   0  -1  -1  -2   0   0   1   0   0   1   1   2  -1  -1  -1   0  -2  -2   0    7   2   2   1   0   3   9  11   2   4  21  13  11   1   2   2   3   0   0   4  0.06 0.05
  523 E     0   0   1   1  -3   1   2   1   1  -2  -2   1  -1  -3  -1   1   0  -3  -2  -2    8   5   5   8   0   6  14  15   5   1   3   9   1   0   2  12   4   0   0   3  0.17 0.05
  524 V     1  -1  -1  -1  -2  -1  -1  -1   0   1   1  -1   0   0  -1   0   0  -2  -1   2   13   4   1   4   0   3   3   4   3  10  11   2   1   4   2   7   6   0   2  20  0.04 0.03
  525 E     0   0   0   2  -3   2   4   0   1  -2  -1   0  -1  -3  -1   0  -1  -3  -2  -1    7   3   3   9   0   7  35   5   3   1   5   3   2   1   1   7   3   0   1   3  0.27 0.10
  526 H    -1   0   0   0  -4   1   0   0   8  -2  -2   0  -2  -2  -1  -1  -2  -3   1  -2    3   4   2   5   0   5   6   7  46   1   2   4   1   1   3   2   1   0   4   3  0.64 0.19
  527 E     1   1   1   1  -2   0   1  -1   1  -1  -2   1  -1  -1  -1   1   0  -3  -1   0   11   6   5   8   0   2  13   4   5   2   2  10   1   2   2  13   3   0   0  10  0.10 0.05
  528 E    -1  -1  -1   1  -4   1   5  -2   1  -3  -2   0  -3  -3   1   0   0  -4  -3  -2    3   2   2   7   0   3  52   1   4   0   3   2   0   1   8   5   4   0   0   3  0.55 0.17
  529 D    -1   0   2   2  -3   1   3   0   3  -3  -3   1  -2  -3  -1   1   0  -4  -2  -2    4   4  10  13   0   3  26   5   9   1   0   7   1   0   2   8   3   0   0   3  0.29 0.09
  530 K     1   1   0   0  -3   1   1   1   1  -2  -2   1   0  -2   1   0   0  -3  -1  -1   12  10   2   5   0   3  12   9   5   2   2  12   3   1   7   5   4   0   1   3  0.14 0.05
  531 L     0   0   0   0  -2   0   1   0   0   0   0   0   0  -2   1   1   0  -3  -2   1    7   5   2   3   0   2  11   9   4   2  11   6   2   1   5  10   6   0   0  14  0.05 0.03
  532 M     0   1   0   1  -2   0   2  -1   2  -1  -1   0   0  -2   0   1   0  -3  -1   0    9   7   4   6   0   3  20   4   6   1   6   1   4   1   3  11   5   0   1   8  0.11 0.05
  533 N     0   0   2   1  -3   0   1   0   2  -2  -2   0  -1  -3   0   1   0  -3  -2  -1    6   6  11   9   0   3  12   7   7   2   3   5   1   0   3  15   5   0   0   5  0.15 0.05
  534 E     1  -1   0   1  -3   1   3  -1   2  -2  -2   0  -1  -3   0   1   0  -3  -2   0   13   2   4   6   0   5  24   2   6   1   1   3   2   0   4  13   5   0   1   8  0.19 0.08
  535 D     0   0   1   3  -3   1   2  -1   0  -2  -3   0  -2  -3   2   1   0  -3  -2  -2    7   4   5  17   0   4  17   2   3   1   1   5   0   1   8  15   6   0   1   3  0.25 0.08
  536 S     1  -1   0   1  -2   0   1  -1   1  -1  -2   0  -1  -3   0   2   1  -3  -2   0    9   2   3   7   0   4  13   3   4   2   1   5   1   0   3  22  10   0   1   9  0.15 0.07
  537 N     0   0   2   1  -3   0   1   0   3  -2  -2   1  -2  -3   1   1   1  -3  -2  -1    8   1  10   5   0   3  10   5  10   0   1  10   0   0   6  16   8   0   0   6  0.18 0.07
  538 S     1  -1  -1   1  -2   0   2  -1   0  -2  -2   0  -2  -3   3   2   1  -4  -2  -1   11   1   1   6   0   1  15   2   2   2   2   5   0   1  14  23   9   0   0   6  0.26 0.09
  539 E    -1  -1   0   1  -4   2   4  -1   0  -2  -2   1  -1  -4   0   0   0  -4  -3  -1    4   1   3   7   0   6  42   4   1   2   1   8   1   0   3   7   4   0   0   5  0.37 0.12
  540 S     1   1   0   0  -2   0   1  -1   0  -1  -2   1  -1  -2  -1   1   1  -3  -2   0   14   7   3   5   0   2  11   1   2   2   1  12   1   1   2  15  13   0   1   8  0.14 0.06
  541 R     0   1   1   1  -3   1   2  -1   2  -2  -2   2  -2  -3   1   0   0  -3  -2  -2    4   6   5   9   0   4  17   2   6   1   3  19   0   0   7   7   6   0   1   3  0.22 0.07
  542 E     0   0   1   1  -3   2   4  -2   2  -3  -3   2  -2  -4   0   1   0  -4  -2  -2    7   1   5   5   0   7  37   0   6   0   1  14   0   0   3   7   5   0   0   1  0.40 0.12
  543 N     0   0   2   1  -3   1   2  -2   2  -2  -3   1  -1  -3   1   1   2  -4  -2  -1    6   3  14   4   0   3  19   1   6   1   0   8   2   0   7   8  15   0   0   4  0.24 0.07
  544 Q     0   1   1   1  -3   2   2  -2   3  -3  -3   2  -2  -3  -1   1   0  -3  -2  -1    7   8   5   5   0   8  15   1   9   0   1  20   0   0   1  10   5   0   0   5  0.25 0.07
  545 A     5  -2  -2  -2  -2  -2  -2  -1  -2  -3  -3  -2  -2  -3  -2   3   0  -4  -3  -2   69   0   0   0   0   0   0   0   0   0   0   0   0   0   0  31   0   0   0   0  0.72 0.16

                      K         Lambda
Standard Ungapped    0.1382     0.3246
Standard Gapped      0.0553     0.2670
PSI Ungapped         0.1806     0.3177
PSI Gapped           0.0553     0.2670
