
Last position-specific scoring matrix computed, weighted observed percentages rounded down, information per position, and relative weight of gapless real matches to pseudocounts
            A   R   N   D   C   Q   E   G   H   I   L   K   M   F   P   S   T   W   Y   V   A   R   N   D   C   Q   E   G   H   I   L   K   M   F   P   S   T   W   Y   V
    1 M    -2  -3  -3  -4   0  -2  -3  -4  -3   0   1  -3   9  -1  -4  -3  -2  -3  -2   0    0   0   0   0   2   0   0   0   0   0   3   0  96   0   0   0   0   0   0   0  1.23 0.27
    2 A     4  -2  -2  -2  -1  -2  -1   1  -2  -2  -2  -2  -2  -3  -2   1   0  -3  -3   0   68   0   0   0   0   0   1  10   0   0   0   0   0   0   0   8   3   0   0   9  0.46 0.14
    3 E    -2  -1  -1   2  -4   3   5  -1  -1  -3  -2  -1  -2   3  -2  -1  -2  -2   0  -3    0   0   0  10   0  15  50   3   0   0   1   0   0  17   0   1   0   0   2   1  0.54 0.17
    4 V    -1  -1  -1  -1  -3   1   1   4  -2  -1  -2  -1  -2  -1  -1   0   0   0  -2   0    1   3   1   1   0   7  12  37   0   0   2   1   0   4   3   4   9   1   0  14  0.24 0.09
    5 Q    -2   1  -1  -2  -5   5   0  -3   0  -4  -4   5  -2  -5  -3  -1  -2  -4  -3  -4    0   4   0   0   0  42   1   0   2   0   0  51   0   0   0   0   0   0   0   0  0.96 0.29
    6 V     1  -3  -4  -4  -2  -2  -2  -3  -4   1  -1  -3  -1  -3   4  -1  -1  -4  -3   5   12   0   0   0   0   1   1   0   0   0   1   0   0   0  22   2   1   0   0  59  0.65 0.24
    7 L    -2  -3  -4  -5  -2  -3  -4  -5  -4   4   4  -3   1  -1  -3  -3  -2  -3  -2   1    0   1   0   0   0   0   0   0   0  28  62   1   1   0   1   0   0   0   0   7  0.70 0.21
    8 V    -2  -4  -4  -4  -2  -3  -2  -5  -4   3   2  -3   1  -1  -4  -3  -1  -4  -2   5    0   0   0   0   0   0   2   0   0  13  23   0   3   0   0   0   0   0   1  58  0.63 0.21
    9 L    -2  -4  -4  -5  -2  -2  -4  -5  -4   5   3  -4   1  -1  -4  -4  -2  -3  -2   1    0   0   0   0   0   2   0   0   0  54  39   0   1   0   0   0   1   0   0   3  0.74 0.23
   10 D    -3  -3   2   7  -5  -2   0  -3  -1  -5  -5  -2  -5  -5  -3  -1  -3  -6  -5  -5    0   0   8  89   0   0   0   0   2   0   0   0   0   0   0   1   0   0   0   0  1.61 0.37
   11 G     1  -4  -2  -2  -4  -3  -2   6  -3  -5  -5  -3  -4  -4  -3  -1  -3  -4  -4  -3   13   0   0   1   0   0   1  82   0   0   0   0   0   0   0   1   0   0   0   2  1.30 0.30
   12 R    -2   6  -1  -3  -4   2  -1  -2   0  -4  -4   3  -3  -4  -3  -1  -2   2  -3  -4    2  64   1   0   0   7   0   3   2   0   0  16   0   0   0   2   0   3   0   0  0.95 0.28
   13 G    -1  -2   0   0  -3  -3  -3   6  -3  -5  -5  -3  -4  -5  -3  -1  -3  -4  -4  -5    1   2   4   5   0   0   0  85   0   0   0   0   0   0   0   2   0   0   0   0  1.35 0.30
   14 H    -4  -1  -1  -3  -5  -1  -2  -4  10  -6  -5  -3  -4  -3  -4  -3  -4  -5   0  -5    0   1   0   0   0   2   0   0  97   0   0   0   0   0   0   0   0   0   0   0  2.49 0.52
   15 L    -3  -4  -5  -5  -3  -4  -4  -5  -4   0   6  -4   1   0  -3  -4  -2  -3  -2  -1    0   0   0   0   0   0   0   0   0   1  94   0   1   3   1   0   1   0   0   0  1.04 0.31
   16 L    -3  -4  -5  -5  -3  -3  -4  -5  -4   1   6  -4   2  -1  -4  -4  -3  -3  -3   0    0   0   0   0   0   1   0   0   0   2  95   0   2   0   0   0   0   0   0   0  1.09 0.31
   17 G    -1  -3  -2  -3  -4  -3  -4   7  -4  -6  -5  -3  -4  -5  -4  -2  -3  -4  -5  -5    0   2   0   0   0   0   0  98   0   0   0   0   0   0   0   0   0   0   0   0  1.77 0.37
   18 R    -3   7  -2  -3   1   0  -2  -4   2  -5  -3   0  -3  -4  -1  -2  -3  -4  -3  -4    0  85   0   0   4   1   0   0   6   0   1   0   0   0   3   0   0   0   0   0  1.37 0.37
   19 L    -3  -4  -5  -5  -3  -4  -5  -5  -4   0   6  -4   1  -1  -3  -4  -3  -3  -3  -1    0   0   0   0   0   0   0   0   0   0  98   0   1   0   1   0   0   0   0   0  1.16 0.34
   20 A     6  -3  -3  -3  -2  -2  -2  -1  -3  -3  -3  -2  -2  -4  -2   0  -1  -4  -3   0   90   0   0   0   0   0   2   1   0   0   0   0   0   0   0   3   0   0   0   4  1.00 0.34
   21 A     5  -3  -2  -3  -2  -2  -2  -1  -3  -3  -3  -2  -2  -4  -2   3   0  -4  -3  -2   69   0   0   0   0   0   0   1   0   0   0   0   0   0   1  25   4   0   0   1  0.79 0.30
   22 I    -2  -4  -4  -4  -1  -3  -4  -5  -4   6   1  -4   2  -2  -4  -3   1  -4  -3   2    0   0   0   0   1   1   0   0   0  68   6   0   4   0   0   0  10   0   0   9  0.77 0.27
   23 V     0  -4  -4  -5  -2  -3  -4  -4  -4   2   0  -4   2  -2  -4  -3  -1  -4  -3   6    6   0   0   0   0   0   0   0   0   7   1   0   5   0   0   0   2   0   0  78  0.87 0.30
   24 A     6  -3  -3  -3  -2  -2  -2  -1  -3  -3  -3  -2  -3  -4  -1   0  -1  -4  -3  -2   91   0   0   0   0   0   0   1   0   0   0   0   0   0   2   3   2   0   0   1  1.07 0.36
   25 K    -3   0  -2  -2  -5   0   0  -3  -2  -5  -4   7  -3  -5  -3  -2  -2  -5  -4  -4    0   0   0   0   0   1   2   1   0   0   0  96   0   0   0   0   0   0   0   0  1.44 0.42
   26 Q    -1  -1  -1  -2  -2   7   0  -3  -1  -4  -3  -1  -2  -3  -2   0   3  -4  -3  -2    2   0   2   0   1  65   2   0   0   0   1   0   0   1   0   5  20   0   0   1  0.95 0.35
   27 V    -1  -3  -4  -4  -2  -3  -4  -4  -4   3   3  -3   0  -1  -4  -3  -1  -4  -2   4    5   0   0   0   0   0   0   0   0  16  28   0   0   0   0   0   2   0   0  48  0.57 0.21
   28 L    -3  -4  -5  -5  -3  -4  -5  -4  -4   0   6  -4   1   0  -4  -4  -3  -3  -3  -1    0   0   0   0   0   0   0   2   0   0  96   0   0   2   0   0   0   0   0   0  1.13 0.34
   29 L    -2  -1   2  -3  -1   3  -1  -4  -1   0   4  -2   0  -2  -2  -2  -1  -2  -2  -1    1   1  12   0   1  20   1   0   1   1  56   1   0   0   2   2   1   0   0   0  0.41 0.22
   30 G    -1  -4  -2  -3  -4  -3  -3   7  -4  -5  -5  -3  -4  -4  -4  -1  -3   0  -4  -3    0   0   0   0   0   0   1  91   0   0   0   0   0   0   0   2   0   1   0   3  1.53 0.35
   31 R    -2   4   1  -1  -4   5   0  -3   3  -4  -4   0  -2  -4  -2  -1  -2   3  -1  -4    0  27   7   1   0  45   1   0   9   0   0   1   0   0   1   0   1   5   1   0  0.78 0.28
   32 K    -2   4  -1  -2  -4   0   0  -3  -2  -4  -4   6  -3  -4  -3  -1  -2  -4  -3  -4    0  19   2   0   0   1   2   0   0   0   0  72   0   0   0   3   1   0   0   0  1.01 0.31
   33 V    -1  -4  -4  -4  -2  -4  -4  -3  -4   3   0  -4   0  -2  -4  -3  -1  -4  -1   6    2   0   0   0   0   0   0   1   0  13   1   0   1   0   0   0   0   0   1  79  0.88 0.30
   34 V    -1  -4  -4  -4  -2  -4  -4  -4  -4   2   0  -4   1  -2  -4  -3  -1  -4  -3   6    3   0   0   0   0   0   0   0   0   6   2   0   2   0   0   0   1   0   0  85  0.95 0.32
   35 V    -1  -4  -4  -5  -2  -4  -4  -5  -5   3   0  -4   0  -2  -4  -3  -1  -4  -3   6    2   0   0   0   0   0   0   0   0  10   2   0   0   0   0   0   0   0   0  84  0.99 0.32
   36 V    -1  -4  -4  -4  -2  -3  -4  -4  -4   1   1  -3   1  -2  -4  -3  -1  -4  -3   6    1   0   0   0   0   0   0   0   0   1  10   1   3   0   0   0   1   0   0  82  0.87 0.30
   37 R    -2   7  -2  -3   2  -1  -2  -4   3  -4  -3   0  -3  -4  -2  -2  -3  -4  -3  -4    1  80   0   0   6   0   0   0   8   0   1   0   0   0   2   1   0   0   0   0  1.26 0.36
   38 C    -1  -3  -4  -5  10  -4  -5  -4  -4  -3  -3  -4  -3  -3  -4  -1  -1   1   0  -3    2   2   0   0  82   0   0   0   0   0   1   0   0   0   0   3   2   2   4   0  2.14 0.45
   39 E    -3  -2  -2   0  -5   1   7  -4  -2  -5  -5   0  -4  -5  -3  -2  -2  -5  -4  -4    0   0   0   0   0   2  92   0   0   0   0   4   0   0   0   0   1   0   0   0  1.46 0.40
   40 G     0  -2  -1  -1  -4   1   1   6  -3  -4  -3  -1  -3  -3  -3  -1  -2  -4  -3  -4    6   1   1   3   0   9   9  66   0   0   2   1   0   1   0   1   0   0   0   0  0.86 0.24
   41 I    -3  -4  -5  -5  -3  -4  -5  -5  -5   7   2  -4   0  -1  -4  -4  -2  -4  -3   1    0   0   0   0   0   0   0   0   0  81  16   0   0   1   0   0   0   0   0   1  1.06 0.32
   42 N    -2  -2   8   0   0  -1  -2  -2  -1  -5  -4  -2  -3  -5  -4  -1  -1  -5  -4  -4    2   0  87   0   3   2   1   0   0   0   2   0   0   0   0   2   1   0   0   0  1.45 0.40
   43 I    -3  -4  -5  -5  -3  -4  -5  -5  -5   7   0  -4   1  -2  -4  -4  -1  -4  -3   2    0   0   0   0   0   0   0   0   0  89   2   0   2   0   0   0   3   0   0   3  1.16 0.35
   44 S     0  -3  -1  -2  -1  -2  -2  -2  -3  -4  -4  -2  -3  -3  -3   6   0  -5  -3  -3    1   0   0   0   1   0   0   0   0   0   0   0   0   1   0  96   1   0   0   0  1.24 0.42
   45 G    -1  -3  -2  -3  -4  -3  -3   7  -4  -5  -5  -3  -4  -5  -4  -2  -3  -4  -5  -5    0   1   0   0   0   0   1  96   0   0   0   0   0   0   0   0   0   0   0   0  1.71 0.38
   46 N    -2  -2   7   0  -2  -1  -1  -1   0  -5  -5  -2  -4  -4  -3   3  -1  -5  -3  -4    0   1  69   0   1   0   3   2   1   0   0   0   0   0   1  22   0   0   0   0  1.11 0.34
   47 F    -4  -5  -5  -5  -4  -5  -5  -5  -3  -1  -1  -5  -2   8  -5  -3  -4  -1   1  -2    0   0   0   0   0   0   0   0   0   2   2   0   0  93   0   1   0   0   0   0  1.79 0.43
   48 Y    -3  -3  -4  -3  -3  -3  -3  -5   3  -2  -2  -4  -2   4  -5  -3  -3   0   8  -3    0   0   0   1   1   0   0   0   7   1   0   0   0  17   0   0   0   0  71   0  1.54 0.39
   49 R    -3   8  -2  -3  -1   0  -2  -4  -2  -5  -4   1  -3  -4  -4  -2  -3   0  -3  -4    0  91   0   0   2   1   0   0   0   0   1   2   0   0   0   0   0   2   0   0  1.56 0.41
   50 N    -1  -2   8   0  -2  -2  -2  -2  -1  -5  -5  -1  -4  -5  -3   1  -1  -5  -4  -4    5   0  84   0   1   0   0   0   0   0   0   1   0   0   0   7   1   0   0   0  1.40 0.39
   51 K    -2   1  -2  -2  -5   0  -1  -3  -2  -4  -4   7  -3  -5  -3  -2  -2  -5  -3  -4    2   1   0   0   0   1   1   0   0   0   0  94   0   0   0   0   1   0   0   0  1.36 0.40
   52 L    -3  -3  -4  -5   1  -4  -4  -5  -4   1   5  -4   1   0  -2  -4  -2   1  -2   0    0   1   0   0   4   0   0   0   0   4  85   0   1   1   2   0   1   2   0   1  0.87 0.29
   53 K    -2   1  -1  -2  -5   0  -1  -3  -2  -4  -4   7  -3  -5  -3  -2  -2  -5  -3  -4    0   1   2   0   0   0   1   0   0   0   0  93   0   0   0   0   1   0   0   0  1.35 0.40
   54 Y    -4  -4  -4  -5  -4  -3  -4  -5   0  -3  -3  -4  -3   3  -5  -4  -3   0   9  -2    0   0   0   0   0   0   0   0   0   0   0   0   0   9   0   0   0   0  87   1  1.92 0.46
   55 L    -2  -3  -4  -4  -3  -2  -3  -4   1   0   5  -3   3   0  -2  -3  -2  -3  -2  -1    1   0   0   0   0   2   0   0   5   0  79   1   7   1   2   1   0   0   0   0  0.76 0.27
   56 A     4  -2  -1   1  -2  -1   0  -1  -2  -3  -3   0  -2  -3  -2   2  -1  -4  -2  -1   57   1   1  10   0   2   5   0   0   0   0   4   0   0   0  16   0   0   0   2  0.47 0.21
   57 F    -4  -4  -4  -5  -4  -5  -5  -5  -3  -2  -1  -5  -2   8  -5  -4  -4  -1   3  -2    0   0   0   0   0   0   0   0   0   0   2   0   0  87   0   0   0   0   8   0  1.71 0.41
   58 L    -3  -4  -5  -5  -3  -4  -4  -5  -4   0   6  -4   1   0  -4  -4  -3  -3  -2   0    0   0   0   0   0   0   0   0   0   1  94   0   0   1   0   0   0   0   0   1  1.09 0.33
   59 R    -3   7  -1  -3   3   0  -2  -4   3  -4  -4   1  -3  -4  -3  -2  -2  -4  -3  -4    0  75   1   0   7   1   0   0   7   0   0   5   0   0   0   1   0   0   0   0  1.18 0.34
   60 K    -2   1  -1  -2  -5   0  -1  -3  -2  -4  -3   7  -2  -4  -3  -2  -2  -4  -3  -4    0   1   1   0   0   0   0   0   0   0   3  92   1   0   0   0   0   0   1   0  1.30 0.39
   61 R    -3   7  -2  -3  -5   1  -2  -4   0  -4  -4   1  -2  -4  -1  -2  -3   2  -3  -4    1  80   0   0   0   5   0   0   2   0   0   2   1   0   3   1   0   4   0   0  1.24 0.35
   62 M    -2  -3  -4  -4   7  -3  -4  -4  -4   0   0  -3   8  -2  -4  -2   1  -3  -3  -1    0   0   0   0  30   0   0   0   0   3   3   1  50   0   0   0   9   0   0   2  1.14 0.36
   63 N    -3   0   8   0  -4  -1  -2  -2  -1  -3  -5  -2  -4  -4  -4   0  -2  -5  -4  -3    1   4  86   1   0   1   0   0   0   1   0   0   0   0   0   3   0   0   0   2  1.45 0.40
   64 T    -1  -3  -2  -2  -2  -2  -3  -3  -3   1  -1  -2  -1  -2  -3   0   5  -3   0   3    1   0   0   1   0   0   0   0   0   5   2   0   0   0   0   1  57   0   3  27  0.63 0.27
   65 N    -3  -2   7   0  -4  -1  -2  -2  -1  -5  -5   2  -4  -5  -3   0  -1  -5  -4  -4    0   0  81   0   0   1   0   0   0   0   0  12   0   0   0   2   1   0   0   0  1.36 0.38
   66 P    -2  -2  -4  -3  -4  -3  -3  -4  -4  -4  -4  -3  -4  -3   8  -2  -1  -5  -4  -4    1   2   0   0   0   0   0   0   0   0   0   0   0   2  89   2   3   0   0   0  2.29 0.44
   67 S     2   0  -1  -2  -2  -1  -1  -1  -2  -3  -3   0  -2  -2  -1   5   1  -4  -2  -2   15   3   1   0   0   1   0   1   0   0   1   6   0   1   2  63   4   0   1   1  0.59 0.26
   68 R    -3   7  -2  -3   1   0  -2  -3   3  -4  -4   1  -3  -4  -3  -2  -3  -4  -3  -4    0  81   0   0   3   2   0   1   8   0   0   2   0   0   0   0   0   0   0   0  1.31 0.36
   69 G    -1  -3  -2  -2  -4  -3  -3   7  -3  -5  -5  -3  -4  -4  -3  -1  -3  -4  -4  -4    3   1   0   1   0   0   0  90   0   0   0   0   0   0   0   2   0   0   0   0  1.51 0.35
   70 P    -1  -3  -4  -3  -4  -3  -3  -4  -4  -4  -4  -3  -4  -5   8  -2  -3  -5  -4  -3    3   1   0   0   0   0   0   0   0   0   0   0   0   0  91   1   0   0   0   1  2.37 0.44
   71 Y    -3  -3  -3  -4  -1  -3  -4  -4   2  -2  -1  -3  -2   6  -4  -2  -3   1   7  -2    0   0   0   0   1   0   0   0   4   0   2   0   0  38   0   2   0   1  48   0  1.24 0.32
   72 H    -3  -1  -1  -3  -1  -1  -2  -4  10  -5  -4  -2  -3  -3  -4  -3  -3  -4   0  -5    1   3   2   0   2   0   0   0  88   0   1   0   0   0   0   0   0   0   0   0  2.12 0.47
   73 F    -3  -4  -4  -4  -4  -4  -4  -4   0  -2   0  -4  -1   8  -4  -4  -3  -1   3  -2    1   0   0   0   0   0   0   0   2   0   7   1   0  81   0   0   0   0   5   0  1.41 0.35
   74 R    -3   7  -2  -3  -5   1  -2  -2  -2  -4  -4   0  -3  -4  -1  -2  -3  -1  -3  -4    0  84   0   0   0   4   0   3   0   0   0   0   0   0   3   0   0   1   0   0  1.31 0.37
   75 A     6  -3  -3  -3  -2  -2  -1  -1  -3  -3  -3  -2  -2  -4  -2   1  -1  -4  -3  -2   86   0   0   0   0   0   2   2   0   0   0   0   0   0   0   6   0   0   0   0  0.94 0.33
   76 P    -2  -2  -4  -3  -4  -3  -3  -4  -4  -4  -3  -3  -4  -5   8  -2  -3  -5  -4  -4    0   3   0   0   0   0   0   0   0   0   2   0   0   0  90   2   0   0   0   0  2.32 0.44
   77 S     0  -1   0  -2   0  -2  -2  -1  -1  -4  -4  -2  -3  -4  -2   6   0  -4  -3  -3    2   3   2   0   1   0   0   3   1   0   0   0   0   0   0  85   0   0   0   0  0.97 0.35
   78 R    -2   6  -2  -3   2   0  -1  -2   0  -4  -3   4  -2  -4  -2  -2  -2  -4  -3  -3    1  56   0   0   6   0   1   1   2   0   0  29   1   0   1   0   0   0   0   0  0.91 0.28
   79 I    -3  -4  -3  -4  -3  -3  -4  -5  -4   7   0  -4   2  -2  -4  -3  -2  -4  -3   2    0   0   1   0   0   1   0   0   0  84   1   0   5   0   0   0   0   0   0   4  1.04 0.32
   80 F    -3  -4  -4  -5  -4  -4  -4  -4  -3  -1   1  -4  -1   8  -5  -4  -3  -1   1  -2    0   0   0   0   0   0   0   0   0   1  12   0   0  82   0   0   0   0   0   1  1.45 0.36
   81 W    -3  -1  -4  -5  -4  -2  -4  -2  -2  -4  -2  -4  -2   1  -5  -4  -3  12   2  -4    1   4   0   0   0   2   0   3   1   0   2   0   1   3   0   1   1  73   6   1  2.49 0.46
   82 R    -3   7  -2  -3  -4   2  -1  -3   0  -4  -3   2  -3  -4  -3  -2  -2   1  -3  -4    0  72   0   0   0   8   0   0   2   0   1  10   0   0   1   1   0   2   0   0  1.10 0.31
   83 T     0  -3  -2  -2  -1  -2  -1  -3  -3  -1  -2  -2  -2  -3  -1   0   6  -4  -3   0    5   0   0   0   1   0   2   0   0   2   1   0   0   0   2   1  77   0   0   8  0.90 0.32
   84 V    -2  -4  -4  -4  -2  -3  -4  -2  -4   2   0  -3   0  -2  -3  -3  -1  -4  -2   6    1   0   0   0   0   0   0   3   0   6   2   0   1   0   0   0   1   0   0  82  0.88 0.30
   85 R    -2   7  -2  -3  -4   1  -2  -2  -2  -4  -3   1  -3  -4  -3  -2  -2  -4  -3  -4    2  83   0   0   0   3   0   2   0   0   1   1   0   0   0   0   0   0   0   0  1.29 0.36
   86 G    -1  -2  -2  -1  -4  -3  -2   7  -3  -5  -5  -3  -4  -4  -3  -1  -3  -4  -4  -4    1   2   0   4   0   0   1  87   0   0   1   0   0   0   0   1   0   0   0   0  1.39 0.32
   87 M    -3  -3  -2  -4  -3  -1  -3  -4  -1  -1   1  -2   9  -2  -4  -3  -1  -3  -3  -1    0   0   2   0   0   2   0   0   2   0   4   2  82   0   0   0   2   0   0   2  1.49 0.45
   88 L    -2  -3  -4  -2  -2  -2  -3  -4  -4   2   4  -3   1   0  -2  -3  -2  -3  -2   2    0   0   0   2   0   2   0   0   0  13  66   0   1   1   2   0   0   0   0  11  0.60 0.21
   89 P    -2  -2  -4  -3  -4  -3  -3  -4  -4  -4  -5  -3  -4  -5   8  -2  -2  -5  -5  -4    3   2   0   0   0   0   0   0   0   0   0   0   0   0  91   2   1   0   0   0  2.38 0.45
   90 H    -3  -2  -1  -3  -2  -1  -2  -3  10  -5  -3  -3  -3  -3   0  -3  -3  -4   1  -5    0   1   0   1   1   1   0   1  86   0   2   0   0   0   4   0   0   0   2   0  2.00 0.47
   91 K    -2   1  -2  -2  -5   0   0  -3  -2  -4  -4   7  -3  -5  -1  -2  -2  -4  -3  -4    0   3   0   0   0   0   3   0   0   0   0  89   0   0   2   0   1   0   0   0  1.25 0.38
   92 T    -1  -2  -1  -3  -2  -2  -2  -3  -3   0   0  -2  -2  -3  -3   0   6  -4  -3  -1    2   1   1   0   0   1   0   0   0   7   8   1   0   0   0   2  76   0   0   0  0.87 0.32
   93 K     0   1  -1  -1  -3   1   1  -2   0  -2  -3   4  -1  -3   1   0  -1  -3  -1  -2    9   3   1   1   0   4  10   0   2   2   0  48   2   0   7   3   3   0   2   1  0.40 0.18
   94 R    -3   7  -2  -3  -5   2  -1  -1   0  -5  -4   0  -3  -4  -4  -2  -2  -4  -3  -4    0  79   0   0   0   9   0   6   2   0   0   0   0   0   0   0   2   0   0   0  1.23 0.36
   95 G    -1  -4  -1  -2  -4  -3  -4   7  -4  -5  -5  -3  -4  -5  -2  -2  -3  -4  -5  -5    1   0   2   1   0   0   0  93   0   0   0   0   0   0   2   0   0   0   0   0  1.64 0.37
   96 Q     0   0  -1  -1  -4   6   0  -3   0  -4  -3   3  -1  -4  -2  -1  -1  -4  -2  -3    9   1   1   2   0  53   2   0   1   0   0  22   2   0   1   1   3   0   1   0  0.73 0.28
   97 A     5  -2  -1   1  -2   0   2  -1  -2  -3  -2  -1  -2  -4  -2   0   0  -4  -3  -1   61   0   1   6   0   5  14   1   0   0   2   1   0   0   0   1   4   0   0   1  0.49 0.23
   98 A     6  -2  -3  -3  -2  -2  -2  -1  -3  -3  -3  -2  -2  -4  -2   0  -1  -4  -3  -1   91   2   0   0   0   0   0   0   0   0   0   0   0   0   0   2   2   0   0   2  1.05 0.36
   99 L    -3  -3  -4  -5  -3  -3  -4  -5  -4   0   5  -4   2  -1  -3  -2  -2  -3  -2  -1    0   1   0   0   0   1   0   0   0   0  88   0   4   0   1   2   0   0   0   0  0.93 0.30
  100 D    -1   1   1   4  -4   0   3   0   0  -3  -3   1  -2  -4  -2   0  -1  -4  -3  -2    2   7   5  34   0   1  23   8   1   0   2   9   1   0   0   3   1   0   0   2  0.46 0.16
  101 R    -2   7   0  -3   0   0  -2  -3   2  -4  -3   1  -3  -4  -3  -2  -2  -4  -1  -4    2  76   4   0   2   0   0   1   5   0   2   3   0   0   1   0   0   0   2   0  1.08 0.32
  102 L    -3  -2  -5  -5  -2  -3  -4  -5  -4   1   6  -4   2  -1  -3  -4  -2  -3  -2   0    0   1   0   0   1   0   0   0   0   2  90   0   2   1   1   0   0   0   0   1  0.97 0.30
  103 K    -2   2  -1  -2  -5   1   0  -3   0  -4  -4   6  -3  -4  -3  -2  -2  -4  -3  -4    0   8   2   0   0   3   2   0   2   0   1  80   0   0   0   1   0   0   0   0  1.09 0.34
  104 V     1  -3  -3  -4   1  -3  -3  -3  -4   1   0  -3   1  -2  -1  -1   0  -4  -2   5   12   0   0   0   4   0   0   1   0   1   2   0   3   0   2   2   5   0   0  67  0.56 0.24
  105 F    -3  -4  -4  -5  -2  -4  -4  -4  -2  -2  -1  -4  -2   8  -5  -3  -3   0   4  -1    0   0   0   0   1   0   0   0   0   0   2   0   0  76   0   1   0   0  13   3  1.41 0.36
  106 D    -2  -2   0   6  -5   0   5  -1  -2  -4  -4  -1  -4  -5  -3  -1  -2  -5  -4  -4    0   0   2  48   0   0  42   3   0   0   0   0   0   0   0   2   0   0   0   1  1.03 0.29
  107 G    -1  -1  -2  -3  -2  -3  -2   7  -3  -5  -5  -3  -4  -2  -4  -2  -3  -4  -4  -4    0   4   0   0   1   0   2  88   0   0   0   0   0   2   0   1   0   0   0   0  1.41 0.34
  108 I    -2  -4  -4  -4   3  -4  -4  -5  -4   6   0  -4   0  -1  -4  -3  -2  -4  -2   3    0   0   0   0   7   0   0   0   0  67   0   0   1   2   0   0   1   0   0  19  0.85 0.28
  109 P    -3  -4  -4  -3  -4  -3  -3  -4  -4  -4  -1  -3  -3  -5   8  -2  -3  -5  -4  -4    0   0   0   0   0   0   0   0   0   0   8   0   0   0  88   1   0   0   0   0  2.26 0.43
  110 P     0  -4  -3  -3  -4  -1  -2  -3  -3  -4  -4  -3  -4  -5   8   0  -2  -5  -4  -4    6   0   0   0   0   2   0   1   0   0   0   0   0   0  81   6   2   0   0   0  2.00 0.40
  111 P    -2  -4  -4  -3  -4  -3  -3  -4  -4  -4  -4  -3  -2  -5   8  -2  -2  -5  -5  -4    2   0   0   0   0   1   0   0   0   0   1   0   1   0  90   2   2   0   0   0  2.34 0.45
  112 Y    -4  -3  -4  -5  -2  -3  -4  -5   1  -3  -3  -2  -3   2  -2  -4  -3   1   9  -3    0   0   0   0   1   0   0   0   2   0   0   2   0   2   2   0   0   0  89   0  1.92 0.47
  113 D    -3  -3   1   7  -5  -2   0  -3  -2  -3  -5  -2  -4  -5  -3  -2  -1  -5  -4  -4    1   0   4  86   0   1   2   0   0   2   0   0   0   0   0   1   2   0   0   0  1.48 0.37
  114 K    -2   2   0  -2  -4   1  -1  -3  -1  -4  -4   6  -3  -4  -1  -1  -1  -4  -3  -3    1   9   4   0   0   3   0   1   1   0   0  73   0   0   2   1   3   0   0   1  0.90 0.30
  115 K    -2   4  -1  -2  -4   1   0  -3  -1  -2  -2   5   0  -4  -2  -1  -1  -4  -3  -1    1  22   0   0   0   6   2   0   1   2   1  51   3   0   0   1   3   0   0   5  0.59 0.22
  116 K    -2   1  -1  -2  -3   0   0  -3  -2  -4  -4   7  -3  -5  -3  -1  -2  -4  -3  -4    1   3   1   1   0   1   2   0   0   0   0  87   0   0   0   2   0   0   0   0  1.20 0.36
  117 R    -2   7  -2  -3  -3   1  -1  -2   0  -4  -4   2  -3  -4  -3  -2  -2   2  -3  -4    1  76   0   0   1   3   0   2   2   0   0   9   0   0   0   0   0   3   0   0  1.17 0.33
  118 M    -2  -1  -4  -4  -3  -1  -3  -4  -3   0   2  -2   8   0  -4  -3  -1   0  -2   1    1   2   0   0   0   2   0   0   0   1  10   2  64   3   0   0   1   1   0  10  0.97 0.34
  119 V    -1  -4  -3  -5  -1  -4  -4  -4  -2   1   0  -4   1  -2  -4  -3  -2  -4  -3   6    3   0   1   0   1   0   0   0   1   2   1   0   2   0   0   0   0   0   0  87  0.99 0.34
  120 V    -1  -4  -4  -5  -2  -4  -4  -5  -4   2   0  -4  -1  -1  -4  -3  -2  -4  -3   6    1   0   0   0   0   0   0   0   0   7   5   0   0   1   0   0   0   0   0  84  0.96 0.32
  121 P    -3  -4  -4  -3  -5  -3  -3  -4  -4  -5  -4  -3  -4  -5   9  -3  -2  -5  -5  -4    0   0   0   0   0   0   0   0   0   0   1   0   0   0  95   0   1   0   0   0  2.59 0.48
  122 A     4  -2  -1  -1  -2   0  -1   1  -2  -3  -3  -1  -2  -3  -2   3   0  -4  -3  -2   54   1   1   3   0   4   1   7   0   1   1   0   0   0   1  24   3   0   0   0  0.50 0.22
  123 A     6  -3  -3  -3  -1  -2  -2  -1  -3  -3  -3  -2  -2  -4  -2   0   0  -4  -3  -2   92   0   0   0   1   0   0   0   0   0   0   0   0   0   0   2   4   0   0   0  1.07 0.36
  124 L    -3  -3  -2  -5  -3  -3  -4  -5  -4   0   5  -4   3   0  -3  -4  -2  -3  -2   0    0   0   2   0   0   0   0   0   0   1  85   0   6   1   1   0   0   0   0   1  0.91 0.29
  125 K    -2   5  -2  -2  -4   0   0  -3  -2  -4  -4   6  -3  -4  -3  -1  -1  -4  -3  -4    0  36   0   0   0   0   2   0   0   0   0  57   0   0   0   2   2   0   0   0  1.00 0.30
  126 V    -1  -3  -3  -4  -1  -3  -3  -4   1   3   0  -3   0  -2  -3  -2  -1  -4  -1   5    3   0   0   0   1   0   0   1   4  14   1   0   1   0   0   1   2   0   2  69  0.67 0.26
  127 V    -1  -3  -2  -4  -2  -3  -3  -4  -4   2   2  -3   2  -1  -3  -2  -1  -3  -2   4    1   0   2   0   0   0   0   0   0   9  23   0   7   1   0   2   1   0   0  53  0.54 0.21
  128 R    -1   6  -2  -3   5  -1  -2  -3   1  -4  -3   1  -3  -2  -3  -2  -2  -4  -3  -3    4  67   0   0  15   0   0   0   4   0   0   5   0   1   0   1   0   0   0   0  1.03 0.31
  129 L    -3  -4  -5  -5  -3  -3  -4  -5  -4   0   6  -4   2  -1  -3  -3  -3  -3  -3   0    0   0   0   0   0   0   0   0   0   1  92   0   3   0   1   1   0   0   0   2  1.05 0.32
  130 K    -2   1   1  -2  -4   0  -1  -3   1  -4  -4   6  -2  -4  -3  -1  -2  -4  -3  -4    1   2   6   0   0   2   0   1   3   0   0  81   0   0   0   2   1   0   0   0  1.04 0.34
  131 P    -2  -4  -4  -3  -5   0  -3  -3  -3  -4  -4  -3  -4  -5   8  -2  -2  -5  -5  -4    1   0   0   0   0   4   0   1   0   0   1   0   0   0  90   1   1   0   0   0  2.32 0.45
  132 T    -1   2   0  -2  -3  -1  -2   2  -2  -3  -3  -1   1  -3  -3   0   5  -4  -3  -2    1  17   3   1   0   0   1  21   0   0   0   1   4   0   0   3  47   0   0   0  0.51 0.23
  133 R    -3   7  -2  -3  -1   0  -2  -3  -1  -5  -4   0  -3  -4  -2  -2  -3   1  -3  -4    0  88   0   0   2   1   0   2   1   0   0   0   0   0   1   1   0   2   0   0  1.45 0.40
  134 K    -2   2  -2  -2  -5   0  -1  -3  -2  -4  -4   7  -3  -5  -2  -2  -1  -5  -3  -4    2   5   0   1   0   1   0   0   0   0   0  87   0   0   0   0   3   0   0   0  1.21 0.38
  135 F    -4  -4  -4  -5  -4  -4  -4  -5  -1  -2  -1  -4  -2   8  -5  -2  -3   0   5  -2    0   0   0   0   0   0   0   0   1   0   2   0   0  71   0   3   0   0  21   1  1.45 0.37
  136 A     4  -4  -3  -4   8  -3  -3  -2  -4  -3  -3  -3  -3  -4  -1  -1  -1  -4  -3  -1   51   0   0   0  40   0   0   0   0   0   0   0   0   0   2   1   3   0   0   1  1.10 0.33
  137 Y    -2  -2  -1  -1   1  -1  -1  -3   3  -1   0  -2  -1   2  -3  -1   1  -1   6   0    1   1   1   4   3   2   3   0   8   0   6   1   0   6   1   4  13   0  36  10  0.37 0.18
  138 L    -2  -4  -5  -5  -3  -3  -4  -5  -4   1   5  -4   1  -1  -4  -4  -2  -3  -2   2    0   0   0   0   0   0   0   0   0   2  79   0   1   0   0   0   0   0   0  17  0.88 0.28
  139 G    -1  -3   0  -1  -4  -2  -3   6  -3  -5  -5  -2  -4  -5  -3   0  -3  -4  -4  -4    1   0   3   2   0   1   0  82   0   0   0   1   0   0   0   7   0   0   0   0  1.30 0.32
  140 R    -3   7  -2  -3   3  -1  -2  -4   1  -4  -4   0  -3  -4  -3  -2  -2  -4  -3  -4    0  83   0   0   8   0   0   0   4   0   0   1   0   0   1   1   1   0   0   0  1.35 0.38
  141 L    -3  -3  -5  -5  -3  -3  -4  -5  -4   1   6  -3   1   0  -3  -4  -3  -3  -2   0    0   0   0   0   0   0   0   0   0   3  90   1   0   1   1   0   0   0   0   1  0.98 0.31
  142 A     5  -2  -2  -2  -2  -2  -2   0  -3  -3  -3  -2  -2  -4  -2   4   0  -4  -3  -2   56   0   0   0   0   0   0   4   0   0   0   0   0   0   0  35   3   0   0   0  0.71 0.28
  143 H    -3  -1   0  -2  -5   0  -2  -4  10  -5  -4  -2  -3  -3  -4  -1  -3  -4   1  -5    1   2   3   1   0   2   0   0  81   0   1   0   0   0   0   4   1   0   4   0  1.81 0.45
  144 E    -3  -2  -2   1  -5   1   7  -4  -2  -5  -5   0  -4  -5  -3  -2  -3  -5  -4  -4    0   0   0   3   0   1  91   0   0   0   0   3   0   0   0   0   0   0   0   0  1.45 0.41
  145 V    -2  -4  -4  -5  -2  -4  -4  -5  -4   2  -1  -4   0   0  -4  -3  -2  -4  -2   6    1   0   0   0   0   0   0   0   0   2   0   0   1   3   0   0   0   0   1  90  1.07 0.35
  146 G    -1  -4  -2  -3  -4  -3  -4   7  -4  -5  -5  -3  -4  -5  -4  -2  -3  -4  -5  -5    1   0   0   0   0   0   0  96   0   0   0   0   0   0   0   1   0   0   0   0  1.75 0.39
  147 W    -5  -5  -6  -6   0  -4  -5  -5  -5  -5  -4  -5  -4  -1  -6  -5  -5  13   0  -5    0   0   0   0   2   0   0   0   0   0   0   0   0   0   0   0   0  95   0   0  3.79 0.64
  148 K    -2   1  -1  -2  -5   1  -1  -3  -1  -4  -4   7  -2  -5  -3  -2  -1  -5  -3  -4    0   1   1   0   0   4   0   0   1   0   0  89   1   0   0   0   2   0   0   0  1.24 0.39
  149 Y    -4  -4  -4  -3  -2  -3  -4  -5   1  -3  -3  -4  -3   1  -5  -4  -4   0   9  -3    0   0   0   1   1   0   0   0   2   0   0   0   0   1   0   0   0   0  93   0  2.10 0.50
  150 Q    -2   1  -1  -2  -5   7   0  -2   0  -4  -4   2  -2  -5  -3  -2  -2  -4  -3  -4    1   5   2   0   0  74   1   1   2   0   0  13   0   0   0   0   0   0   0   0  1.21 0.38
  151 A     4  -2   1   3  -2  -1   0   1  -1  -3  -3  -1  -3  -4  -2   0  -1  -4  -3  -2   50   1   5  22   0   1   3   8   1   0   0   2   0   0   0   3   3   0   0   1  0.45 0.20
  152 V    -2  -4  -4  -5  -2  -4  -4  -4  -5   3   0  -4  -1  -2  -4  -3  -1  -4  -3   6    0   0   0   0   0   0   0   1   0  16   1   0   0   0   0   0   0   0   0  81  1.00 0.33
  153 T    -1  -2  -2  -3  -2  -3  -3  -3  -4   2  -1  -3  -1  -3  -3  -1   5  -4  -3   3    2   1   0   0   0   0   0   0   0  16   1   0   1   0   0   0  50   0   0  28  0.61 0.26
  154 A     4   1  -1  -2  -2  -1   1   0  -2  -3  -3   0  -2  -4  -2   1  -1  -4  -3  -1   58   7   1   1   0   1  13   3   0   0   0   3   0   0   0   9   1   0   0   3  0.46 0.21
  155 T     1   0  -1  -2  -2  -1  -2  -3  -3  -2  -2   1  -1  -4  -2   0   6  -4  -3  -1   11   4   1   0   0   0   0   0   0   1   1   9   1   0   0   2  70   0   0   1  0.78 0.30
  156 L    -3  -4  -5  -5  -3  -4  -4  -5  -4   0   6  -4   2  -1  -4  -4  -3   0  -2   0    0   0   0   0   0   0   0   0   0   0  94   0   3   0   0   0   0   1   0   1  1.10 0.33
  157 E    -3  -1  -2   1  -5   0   7  -2  -2  -5  -5  -1  -4  -5  -3  -2  -3  -5  -4  -4    0   1   0   2   0   0  92   2   0   0   0   1   0   0   0   0   0   0   0   0  1.45 0.41
  158 E     1  -1   0   1  -4   0   5  -2  -2  -3  -2   0  -1  -4  -2  -1   0  -4  -3  -3   14   1   5   4   0   1  60   2   0   0   2   2   1   0   0   1   5   0   0   1  0.64 0.23
  159 K    -2   3   0  -2  -5   0  -1  -3  -2  -4  -4   7  -3  -4  -3  -2  -2  -4  -3  -4    0  11   3   0   0   0   1   0   0   0   0  82   0   0   0   0   0   0   0   0  1.16 0.35
  160 R    -3   8  -2  -3  -2   0  -2  -4  -1  -3  -4   0  -3  -5  -4  -3  -3  -5  -3  -4    0  94   0   0   1   1   0   0   1   2   0   0   0   0   0   0   0   0   0   0  1.66 0.43
  161 K    -2   1  -2  -2  -5   0   0  -3  -2  -5  -4   7  -3  -5  -3  -2  -2  -5  -4  -4    0   3   0   0   0   1   1   0   0   0   0  93   0   0   0   0   0   0   0   0  1.40 0.41
  162 E     2  -2  -2   0  -3   0   5  -3  -2  -1  -2  -1  -2  -3  -3  -1  -1  -4  -3   2   20   0   0   2   0   0  50   0   0   3   2   0   0   1   0   0   1   0   0  21  0.50 0.24
  163 K    -2   2  -1  -2  -5   0  -1  -3  -1  -4  -4   7  -3  -5  -3  -2  -2  -5  -3  -4    0   9   1   0   0   1   1   0   1   0   0  85   0   0   0   0   0   0   0   0  1.29 0.39
  164 A     5  -3  -2  -2  -2  -2  -1   1  -3  -3  -3  -2  -3  -4  -2   3  -1  -4  -3  -2   66   0   1   0   0   1   1   7   0   0   0   0   0   0   0  22   1   0   0   0  0.73 0.29
  165 K     2   0  -1  -2  -3   0  -1  -2  -1  -1  -2   5  -1  -4  -2  -1  -1  -2  -2  -1   18   1   1   0   0   3   1   0   1   3   1  60   1   0   0   2   2   1   1   5  0.56 0.25
  166 I     0  -2  -3  -3  -2  -2  -2  -3   0   4   2  -2   1   0  -3  -2  -1  -3  -2   2   11   1   1   1   0   1   3   0   4  37  21   2   3   3   0   0   1   0   0  10  0.28 0.14
  167 H    -3   2  -1  -2  -4  -1  -1  -3   8  -3  -3  -2  -2   3  -3  -2  -3   1   4  -3    1  12   1   2   0   0   1   1  43   0   1   0   0  14   1   2   0   2  18   0  0.92 0.30
  168 Y    -3  -4  -4  -3  -2  -3  -4  -5   3   0  -2  -4  -2   2  -5  -3  -3   2   8  -1    1   0   0   1   1   0   0   0   7   6   1   0   0   4   0   0   0   2  73   3  1.49 0.41
  169 R    -1   4   1  -1  -3   2   2   0  -1  -3  -3   2  -2  -3  -2   0  -1   3  -2  -3    4  28   8   2   0  10  16   6   0   0   2  11   0   0   0   4   2   5   0   1  0.38 0.15
  170 K    -2   4   0  -1  -4   1  -1  -3   0  -4  -3   6  -3  -4  -3  -2  -2  -4  -2  -3    2  19   2   1   0   3   1   0   2   0   1  64   0   0   0   0   1   0   1   1  0.88 0.30
  171 K    -2   2  -2  -2  -5   1   0  -3  -2  -3  -4   7  -3  -5  -3  -2  -2  -5  -3  -3    2  10   0   0   0   4   2   0   0   1   1  79   0   0   0   0   0   0   0   1  1.13 0.37
  172 K    -2   2   0   0  -3   2   0  -3  -2  -3  -3   6  -2  -4  -3  -1  -2  -4  -3  -2    0   7   3   4   0   8   1   0   0   1   1  69   1   0   0   1   1   0   0   3  0.85 0.31
  173 Q     0   1  -1  -2  -2   5   0  -2   1  -2  -2   3  -2  -3  -1   0   0  -3  -2  -2    9   4   1   0   0  34   3   2   3   1   4  24   0   1   1   5   6   0   0   2  0.40 0.20
  174 L    -1  -3  -2   0  -2  -2   0  -3  -3   1   4  -2   2  -1  -1  -2  -1  -3  -2   1    4   0   1   6   0   1   8   0   0   6  55   1   4   0   3   1   3   0   0   6  0.32 0.17
  175 M     0   1  -1  -2  -3   0  -1  -3  -2  -1   1   1   6  -2  -3  -1   0  -3  -2  -1    8  10   2   1   0   4   4   0   0   2  12  12  35   0   0   2   6   0   0   2  0.34 0.21
  176 R    -1   5   0  -2  -5   0  -1  -3  -2  -3  -4   5  -3  -4  -3  -1  -2  -4  -3  -3    3  40   3   0   0   1   1   0   0   1   0  45   0   0   0   3   1   0   0   1  0.91 0.32
  177 L    -3  -3  -5  -5  -2  -1  -4  -5  -4   1   5  -4   1  -1  -1  -4  -3  -2  -3   0    0   1   0   0   0   3   0   0   0   6  82   0   1   1   4   0   0   0   0   2  0.93 0.33
  178 R    -2   5  -2  -2  -1   2  -1  -3  -2  -3  -2   2  -2  -3  -2  -1   1   3  -3  -3    0  48   0   1   2   7   2   0   0   1   4  12   1   0   1   2  13   5   0   0  0.66 0.26
  179 K     0   2  -1  -2  -4   1   1  -3  -2  -2  -3   5  -3  -4  -3  -1  -1  -4  -2  -3    8   8   1   0   0   3   9   0   0   2   1  59   0   0   0   3   4   0   1   1  0.67 0.28
  180 Q    -1   1  -2  -2  -5   7   2  -3  -2  -4  -2   2  -2  -5  -3  -2  -2  -4  -3  -1    3   5   0   1   0  60   8   0   0   0   3  14   0   0   0   0   2   0   0   4  0.93 0.36
  181 A     6  -4  -4  -4  -2  -3  -3  -2  -4  -3  -3  -2  -3  -4  -3  -1  -1  -5  -4  -1   94   0   0   0   0   0   0   0   0   0   0   1   0   0   0   0   2   0   0   3  1.33 0.45
  182 E    -1   1  -2  -1  -4   0   4   0  -2  -2  -2   2  -1  -3  -3   0   0  -4  -3  -2    5   7   0   0   0   1  43   7   0   2   3  17   2   1   0   3   7   0   0   1  0.45 0.22
  183 K    -1   1  -1  -1  -5   1   2  -1  -2  -4  -3   6  -3  -5  -3  -1  -1  -5  -4  -3    4   3   2   1   0   5  15   3   0   0   1  61   0   0   0   1   2   0   0   1  0.79 0.31
  184 N    -1   0   7   0  -4   0  -2  -2  -1  -4  -4   3  -3  -5  -4   0  -1  -5  -4  -3    3   2  62   3   0   2   0   0   0   0   1  18   0   0   0   4   2   0   0   1  1.01 0.36
  185 V     1  -3  -4  -4  -2  -3  -3  -4  -4   3   0  -1   0  -2  -4  -2  -2  -4  -3   5   10   0   0   0   0   1   0   0   0  15   5   5   1   0   0   1   0   0   0  60  0.65 0.27
  186 E     3  -1  -2  -1  -4   1   5  -2  -2  -3  -4   1  -3  -4  -3   0  -1  -4  -4  -2   31   2   0   1   0   3  48   1   0   1   0   6   0   0   0   5   1   0   0   1  0.67 0.29
  187 K     0   1  -1   1  -4   0   0   0  -2  -4  -4   5  -3  -5   0   1  -1  -5  -3  -3    6   3   1   6   0   1   3   5   0   0   0  56   0   0   4  11   2   0   0   0  0.63 0.27
  188 K     0   2  -1  -2  -4   1   0  -3  -2  -4  -4   6  -2  -5  -3  -1  -2  -5  -4  -2    7   6   1   1   0   6   4   0   0   0   1  68   0   0   0   1   1   0   0   3  0.89 0.34
  189 I    -1  -4  -3  -2  -3  -4  -4  -4  -4   5   1  -4   0  -2  -4  -2   2  -4  -3   2    5   0   1   2   0   0   0   0   0  54  10   0   1   0   0   1  16   0   0  12  0.65 0.27
  190 D     3  -2  -1   4   0  -1   1   0   0  -4  -4   1  -3  -4  -2   0  -1  -4  -3  -3   37   1   1  27   2   1   8   4   2   0   0   9   0   0   1   6   2   0   0   0  0.45 0.22
  191 K    -2   2  -2  -1  -4   0   0  -3  -2  -4  -4   5  -3  -5   5   0  -1  -5  -4  -4    2  10   1   3   0   3   3   1   0   0   0  40   0   0  28   5   3   0   0   0  0.81 0.29
  192 Y    -3  -4  -4  -4  -4  -1  -4  -5   2  -1  -1  -3  -1   5  -5  -3  -2   0   7   0    0   0   0   0   0   3   0   0   4   3   4   1   1  24   0   0   1   0  50   8  1.14 0.37
  193 T    -2  -1   1  -1  -3   4  -1  -3  -3  -1  -3   0  -2  -4  -3   0   5  -4  -3  -2    1   2   7   3   0  21   1   0   0   3   1   3   0   0   0   2  55   0   0   0  0.76 0.35
  194 E     1  -1  -1   2  -4   2   4  -3  -2  -4  -4   3  -3  -5  -2  -1  -1  -4  -3  -3   15   0   1   9   0   8  36   0   0   0   0  26   0   0   1   3   1   0   0   0  0.62 0.26
  195 V    -2  -4  -4  -3  -3   0  -3  -3  -4   4  -1  -2  -1  -1  -4  -2   0  -4  -3   5    1   0   0   1   0   5   1   1   0  21   1   2   0   1   0   1   4   0   0  60  0.71 0.30
  196 L    -3  -4  -5  -5  -3  -4  -5  -6  -5   4   5  -4   1  -1  -5  -4  -3  -4  -3   0    0   0   0   0   0   0   0   0   0  32  64   0   2   0   0   0   0   0   0   1  1.04 0.35
  197 K     0   1   1  -1  -4   1   3  -3  -1  -4  -4   5  -3  -5  -3  -1  -1  -5  -3  -3    9   4   8   0   0   5  22   0   1   0   1  46   0   0   0   2   2   0   0   1  0.64 0.27
  198 T     1  -1  -1  -1  -2   3   0   0  -2  -2  -3   0  -2  -4  -3   3   4  -4  -3  -2    9   0   1   1   0  20   3   5   0   2   0   5   0   0   0  25  28   0   0   0  0.46 0.25
  199 H    -4  -2  -1  -4  -2  -2  -3  -5   7  -4  -2  -3   0   3  -5  -3  -4  -1   7  -4    0   1   2   0   1   1   0   0  29   0   4   0   3  10   0   1   0   0  47   0  1.36 0.42
  200 G    -2  -2  -3  -4  -5  -4  -5   7  -4  -6  -6  -4  -5  -6  -5  -3  -4  -5  -6  -6    0   2   0   0   0   0   0  98   0   0   0   0   0   0   0   0   0   0   0   0  2.07 0.51
  201 L    -3  -4  -4  -5   1  -4  -4  -5  -1   0   2  -4  -1   4  -2  -4  -3  -1   7   0    0   0   0   0   4   0   0   0   1   5  18   0   1  19   2   0   0   0  43   8  0.90 0.31
  202 L    -1  -3  -1  -3  -2  -2  -2  -3  -3   1   4  -3   1   1  -3  -2  -1  -2  -1   0    4   0   3   1   0   1   1   1   0   3  72   1   0   3   0   0   4   0   2   3  0.44 0.15
  203 V    -1  -4  -4  -4  -2  -3  -4  -4  -4   2   0  -3   0  -2  -4  -3  -1  -4  -2   6    0   0   0   0   0   0   0   0   0   4   4   0   0   0   0   0   0   0   0  92  0.85 0.23

                      K         Lambda
Standard Ungapped    0.1385     0.3236
Standard Gapped      0.0593     0.2670
PSI Ungapped         0.1936     0.3179
PSI Gapped           0.0593     0.2670
