
Last position-specific scoring matrix computed, weighted observed percentages rounded down, information per position, and relative weight of gapless real matches to pseudocounts
            A   R   N   D   C   Q   E   G   H   I   L   K   M   F   P   S   T   W   Y   V   A   R   N   D   C   Q   E   G   H   I   L   K   M   F   P   S   T   W   Y   V
    1 Y    -3  -3  -3  -4  -4  -3  -3  -4   1  -2  -2  -3  -2   3  -4  -3  -3   1   8  -2    0   0   0   0   0   0   0   0   0   0   0   0   0   7   0   0   0   0  93   0  1.54 0.20
    2 Y    -4  -4  -4  -5  -4  -3  -4  -4  -1  -3  -2  -4  -2   3  -5  -4  -3  10   7  -3    0   0   0   0   0   0   0   0   0   0   0   0   0  10   0   0   0  40  50   0  1.86 0.25
    3 R    -1   3   0  -1   1   1   0  -2   5  -3  -3   4  -2  -3  -2  -1  -2  -4  -1  -3    3  22   2   1   4   4   1   1  20   0   0  39   0   0   0   2   0   0   1   2  0.51 0.12
    4 F    -3  -3  -4  -5  -2  -2  -4  -4  -3   0   1  -3   7   5  -4  -3  -2   1   1  -1    0   0   0   0   1   0   0   0   0   3   7   0  57  29   0   0   0   1   2   0  0.89 0.21
    5 V    -1  -3  -4  -4  -2  -2  -3  -4  -4   3   1  -3   1  -1  -3  -2   0  -3  -2   4    2   0   0   0   0   1   0   0   0  22  12   0   2   0   0   0   4   0   0  57  0.52 0.13
    6 S     1  -2   0  -1  -2  -1   2  -1  -2  -3  -3  -1  -3  -4  -2   5   0  -4  -3  -3    4   0   1   1   0   0  12   0   0   0   0   1   0   0   0  77   1   0   0   0  0.71 0.19
    7 Q    -2  -1   5  -1  -4   6   0  -2   1  -4  -4   0  -1  -4  -3   0  -2  -4  -3  -4    0   0  37   0   0  57   0   0   2   0   0   0   1   0   0   3   0   0   0   0  0.96 0.21
    8 D    -2  -1   0   4  -4   1   4  -2  -1  -4  -4   2  -3  -4  -2  -1  -1  -4  -3  -3    1   0   1  34   0   2  40   0   0   0   0  18   0   0   0   0   2   0   0   1  0.68 0.13
    9 N    -3  -2   8   1  -4  -1  -1  -2   0  -5  -5  -1  -4  -4  -3  -1  -1  -5  -3  -4    0   0  96   2   0   0   0   0   1   0   0   0   0   0   0   1   0   0   0   0  1.48 0.25
   10 M    -3  -3  -4  -5  -3  -3  -4  -4  -3   0   2  -3   6   6  -4  -3  -2  -1   1  -1    0   0   0   0   0   0   0   0   0   1  15   0  40  44   0   0   0   0   0   0  0.85 0.18
   11 D    -2  -1  -1   4  -5   1   6  -3  -1  -4  -4   0  -3  -5  -2  -1  -2  -4  -3  -4    0   0   0  31   0   1  66   0   0   0   0   2   0   0   0   0   0   0   0   0  1.03 0.18
   12 N     1  -1   2   4  -3   0   4   0  -1  -4  -4  -1  -3  -4  -2   1  -1  -4  -3  -3   16   0   9  24   0   0  38   4   1   0   0   0   0   0   0   7   1   0   0   0  0.49 0.11
   13 Y    -3  -3  -4  -5  -4  -3  -4  -5   0  -3  -3  -3  -2   2  -5  -3  -3   1   9  -3    0   0   0   0   0   0   0   0   0   0   0   0   0   1   0   0   0   0  99   0  1.93 0.29
   14 L    -2  -3  -4  -5  -2  -3  -4  -5  -4   1   5  -3   3   0  -4  -3  -2  -3  -2   0    0   0   0   0   0   0   0   0   0   0  88   0  10   2   0   0   0   0   0   0  0.85 0.17
   15 R     1   2  -1  -1  -3   3   1  -1   0  -3  -3   4  -2  -4  -2   0  -1  -3  -2  -3   17  12   0   0   0  19   4   2   1   0   0  42   0   0   0   1   2   0   0   0  0.47 0.11
   16 V     6  -3  -3  -3   0  -2  -2   0  -3  -2  -3  -2  -2  -3  -2   0  -1  -4  -3  -1   92   0   0   0   1   0   0   3   0   0   0   0   0   0   0   0   1   0   0   2  0.84 0.19
   17 L    -3  -3  -5  -5  -2  -3  -4  -5  -4   1   6  -4   1  -1  -3  -4  -2  -3  -2   0    0   0   0   0   0   0   0   0   0   0  99   0   0   0   1   0   0   0   0   0  0.96 0.19
   18 D    -3  -2   3   7  -4  -1   1  -1  -2  -4  -5  -2  -4  -5  -3  -1  -2  -5  -4  -4    0   0  19  75   0   0   1   2   0   0   0   0   0   0   0   1   0   0   0   0  1.16 0.19
   19 I    -2  -4  -4  -4   0  -3  -4  -4  -4   5   1  -3   0  -1  -3  -3  -1  -3  -2   4    0   0   0   0   1   0   0   0   0  47   4   0   0   0   0   0   0   0   0  45  0.63 0.14
   20 N    -3  -2   7   0  -4  -1  -1  -1   1  -3  -4  -1  -3  -4  -3   0  -1  -5  -3  -4    0   0  89   0   0   0   0   2   3   1   0   0   0   0   0   4   0   0   0   0  1.27 0.22
   21 V    -1  -3  -3  -4  -2  -3  -3  -4  -3   3   1  -3   3   3  -2  -2  -1  -2   0   4    1   0   0   0   0   0   0   0   0  18   6   0  10  16   1   0   1   0   2  43  0.38 0.10
   22 A     5  -2  -3  -3  -1  -2  -2  -1  -3  -2  -2  -2  -2  -3   0   0  -1  -4  -3   0   88   0   0   0   0   0   0   0   0   0   0   0   0   0   3   0   0   0   0   6  0.76 0.18
   23 L    -2  -3  -4  -4  -2  -3  -4  -4  -4   3   4  -3   1   0  -3  -3  -2  -3  -2   2    0   0   0   0   0   0   0   0   0  26  61   0   0   1   0   0   0   0   0   8  0.56 0.12
   24 R    -2   7  -2  -3  -4   1  -1  -3  -1  -4  -3   1  -2  -4  -3  -1  -2  -4  -3  -4    0  91   0   0   0   4   0   0   0   0   0   0   0   0   0   2   0   0   0   0  1.28 0.21
   25 K    -2   1  -1  -2  -4   0   0  -3  -2  -4  -4   7  -2  -4  -2  -1  -1  -4  -3  -3    0   0   0   0   0   0   0   0   0   0   0  95   0   0   0   0   1   0   0   0  1.11 0.22
   26 L    -2  -4  -4  -4  -2  -4  -4  -4  -4   6   1  -3   0  -1  -4  -3  -2  -3  -2   2    0   0   0   0   0   0   0   0   0  81   8   0   0   0   0   0   0   0   0   8  0.79 0.17
   27 V     4  -3  -3  -3  -1  -2  -2  -2  -3   1  -1  -2  -1  -2  -2  -1   0  -3  -2   3   54   0   0   0   0   0   0   0   0   2   0   0   0   0   0   0   2   0   0  39  0.47 0.14
   28 C    -1  -2   1  -2   7  -2  -2  -3  -2  -1   1  -2  -1  -2  -2   0   2  -3  -2   0    0   1  11   0  34   1   0   0   0   1  21   1   0   0   2   6  17   0   0   4  0.46 0.11
   29 L    -2  -3  -4  -4  -2  -3  -4  -4  -3   1   5  -3   3   0  -4  -3  -2  -2   0   0    0   1   0   0   0   0   0   0   0   2  84   0   6   1   0   1   0   0   2   0  0.71 0.15
   30 L    -2  -3  -4  -5  -2  -3  -4  -5  -4   1   5  -3   2  -1  -4  -3  -2  -3  -2   0    0   0   0   0   0   0   0   0   0   0  94   0   2   0   0   0   0   0   0   2  0.88 0.17
   31 K    -2   3  -1  -2  -4   0   0  -3   0  -2  -3   6  -2  -3  -2  -1  -1  -4  -3  -3    0  12   0   0   0   0   0   0   2   2   0  79   0   1   0   3   1   0   0   0  0.83 0.18
   32 P    -2  -3  -3  -3  -2  -3  -2  -4  -4  -4  -4  -2  -3  -2   8  -2  -2  -5  -4  -4    1   0   0   0   1   0   0   0   0   0   1   0   1   2  92   0   1   0   0   0  2.25 0.25
   33 D    -2  -2   1   6  -4   0   1  -1  -2  -4  -4  -1  -3  -4  -2   1   1  -5  -4  -3    0   0   2  68   0   2   4   2   0   0   0   0   0   0   0   9  12   0   0   0  0.87 0.16
   34 K    -2   2  -1  -2  -5   0   0  -3  -2  -4  -4   7  -3  -5  -2  -1  -2  -4  -3  -4    0   3   0   0   0   0   0   0   0   0   0  97   0   0   0   0   0   0   0   0  1.20 0.23
   35 E    -2  -1   0   4  -5   1   5  -3   1  -4  -4  -1  -3  -4  -2  -1  -2  -4  -3  -4    0   0   0  28   0   4  63   0   4   0   0   0   0   0   0   0   0   0   0   0  0.94 0.17
   36 I    -2  -4  -4  -4  -2  -4  -4  -5  -4   6   1  -4   0   0  -4  -3  -1  -4  -2   2    0   0   0   0   0   0   0   0   0  90   1   0   0   3   0   0   2   0   0   3  0.94 0.20
   37 I    -1  -2  -1   2  -1  -1   1  -2  -2   2  -1  -1  -1  -2  -2   1   2  -3  -2   1    2   0   1  16   1   1  10   0   0  21   2   1   0   0   0  12  16   0   0  16  0.16 0.07
   38 H    -3  -1   0  -2  -4   5  -1  -3   8  -4  -4  -1  -2  -3  -3  -2  -3  -4   0  -2    0   0   1   0   0  32   0   0  62   0   0   0   0   0   0   0   0   0   0   3  1.25 0.23
   39 N    -2   0   3   5  -4   2   2  -2   0  -4  -4   0  -3  -4  -2   0   0  -4  -3  -3    1   4  15  44   0  13   9   0   1   0   0   3   0   0   0   3   6   0   0   0  0.59 0.11
   40 G    -1  -3  -2  -2  -4  -3  -3   6  -3  -4  -4  -2  -4  -4   3  -1  -1  -4  -4  -4    0   0   0   1   0   0   0  77   0   0   0   0   0   0  15   1   5   0   0   0  1.13 0.17
   41 N    -2  -2   4   5  -4  -1   0   2  -2  -4  -5  -2  -4  -4  -1   0  -1  -5  -4  -4    0   0  25  48   0   0   2  21   0   0   0   0   0   0   1   2   1   0   0   0  0.78 0.14
   42 H     0   0   0  -1  -4   0  -1  -3   9  -4  -4  -1  -3  -3  -3  -1  -2  -4   0  -4   10   3   2   3   0   1   0   0  77   0   1   1   0   0   0   1   1   0   0   0  1.34 0.23
   43 M    -2  -3  -4  -4  -3  -2  -3  -4  -3   2   1  -2   8   1  -4  -3  -2  -3  -2   2    0   0   0   0   0   0   0   0   0   9   1   1  69   7   0   0   0   0   0  12  0.91 0.21
   44 T    -1   0  -1  -2  -2  -1  -2  -3  -3   3   0   1   0  -2  -3  -1   3  -3  -2   2    1   4   3   0   0   0   0   0   0  30   0  15   1   0   0   0  26   0   0  20  0.25 0.10
   45 I    -2  -4  -4  -4  -2  -4  -4  -5  -4   6   1  -4   0  -1  -4  -3  -2  -4  -2   3    0   0   0   0   0   0   0   0   0  79   0   0   0   0   0   0   0   0   0  21  0.89 0.18
   46 R    -2   5  -1  -2  -4   0   0  -3   1  -4  -4   5  -2  -4  -2  -1  -2  -4  -3  -4    0  32   1   0   0   0   0   0   3   0   0  64   0   0   0   0   0   0   0   0  0.91 0.18
   47 T    -1  -3  -1  -2  -2  -2  -2  -3  -3  -1  -2  -2  -1  -3  -2   0   7  -4  -3  -1    0   0   0   0   0   0   0   0   0   1   0   0   1   0   0   0  98   0   0   0  1.18 0.25
   48 L    -2  -3  -4  -4  -2  -3  -4  -5  -4   2   5  -3   2   0  -4  -3  -2  -3  -2   1    1   0   0   0   0   0   0   0   0  12  77   0   2   1   0   1   0   0   0   6  0.67 0.14
   49 T     0  -2  -1  -2  -2  -1  -1  -2  -2  -3  -3  -1  -2  -3  -2   5   4  -4  -3  -2    0   0   0   0   0   0   0   0   0   0   0   0   0   0   0  64  36   0   0   0  0.78 0.19
   50 T     0  -2  -1  -2  -2  -2  -2  -3  -3  -2  -3  -2  -2  -3   0   2   6  -4  -3  -1    3   1   0   0   0   0   0   0   0   0   0   0   0   0   3   9  84   0   0   0  0.91 0.21
   51 L    -4  -4  -4  -5  -4  -5  -5  -5  -3  -1   1  -4  -1   8  -5  -4  -3   0   2  -2    0   0   0   0   0   0   0   0   0   0  10   0   0  90   0   0   0   0   0   0  1.44 0.23
   52 R    -2   6  -1  -2  -3   0  -1  -3   1  -4  -3   5  -2  -4  -3  -1  -2  -4  -3  -4    0  50   0   0   0   0   0   0   3   0   0  47   0   0   0   0   0   0   0   0  0.94 0.18
   53 N    -3  -2   8   1  -2  -1  -1  -2  -1  -5  -5  -1  -4  -4  -3   0  -1  -5  -3  -4    0   0  92   2   1   0   0   0   0   0   0   0   0   0   0   4   1   0   0   0  1.38 0.24
   54 Y    -3  -3  -4  -5  -4  -3  -4  -4   1  -2  -2  -3  -2   5  -4  -3  -3   1   8  -2    0   0   0   0   0   0   0   0   1   0   0   1   0  23   0   0   0   0  73   0  1.43 0.23
   55 I    -2  -2   4   1  -3  -2  -2  -2   0   3  -1  -2  -1  -2  -3  -1   0  -4  -2   2    0   0  34  10   0   0   0   0   2  28   1   0   0   0   0   1   5   0   0  18  0.31 0.11
   56 M    -2  -3  -4  -5  -3  -2  -4  -4  -3   0   2  -3   9  -1  -4  -3  -2  -3  -2   0    0   0   0   0   0   0   0   0   0   0  14   0  83   0   0   0   0   0   0   3  1.28 0.26
   57 D    -2  -2   0   6  -5   0   4  -3  -2  -4  -4   0  -4  -5  -2  -1  -2  -5  -4  -4    1   0   0  66   0   1  27   0   0   0   0   4   0   0   0   0   1   0   0   0  1.06 0.18
   58 F    -4  -4  -5  -5  -4  -5  -5  -5  -3  -2  -1  -5  -1   8  -5  -4  -4   0   2  -2    0   0   0   0   0   0   0   0   0   0   0   0   0 100   0   0   0   0   0   0  1.73 0.26
   59 D    -1  -1   1   3  -3   2   2  -2   3  -2  -3   0  -2  -2  -2   0   1  -3   1  -1    1   1   4  24   0  10  19   0  10   2   0   2   0   0   1   1  15   0   6   4  0.32 0.08
   60 L    -1  -3  -4  -4  -2  -3  -4  -4  -4   3   2  -3   1  -1  -3  -3  -1  -3  -2   4    0   0   0   0   0   0   0   0   0  22  25   0   0   0   0   0   0   0   0  53  0.58 0.13
   61 G    -1  -4  -2  -1  -4  -3  -3   7  -3  -5  -5  -3  -4  -4  -3  -1  -3  -4  -4  -5    0   0   0   2   0   0   1  97   0   0   0   0   0   0   0   0   0   0   0   0  1.53 0.21
   62 T    -1   0  -1  -2  -3   2   1  -3  -2  -1  -2   4  -1  -3  -2  -1   0  -4  -2   2    2   1   0   0   0  13   9   0   0   0   0  44   0   0   0   1   3   0   0  28  0.37 0.12
   63 E    -2  -1  -1   0  -5   2   6  -3  -1  -4  -4   0  -3  -5  -2  -1  -2  -4  -3  -3    1   0   0   0   0   8  89   0   0   0   0   0   0   0   1   0   0   0   0   0  1.21 0.22
   64 F    -4  -4  -5  -5  -4  -5  -5  -5  -3   0  -1  -5  -1   8  -5  -4  -4   0   2  -2    0   0   0   0   0   0   0   0   0   3   0   0   0  97   0   0   0   0   0   0  1.63 0.25
   65 E    -1  -1  -1   0  -4   1   6  -3  -1  -3  -3   0  -3  -4  -1   0   2  -4  -3  -2    1   0   0   0   0   1  69   0   0   0   0   1   0   0   1   4  21   0   0   1  0.79 0.17
   66 E    -2  -1  -2   1  -5   1   7  -3  -1  -5  -4   0  -3  -5  -2  -1  -2  -4  -3  -4    0   0   0   1   0   0  97   0   0   0   0   3   0   0   0   0   0   0   0   0  1.34 0.24
   67 D    -3  -3   1   7  -5  -1   0  -3  -2  -5  -5  -1  -4  -5  -3  -1  -2  -6  -4  -5    0   0   3  94   0   0   0   0   0   0   0   3   0   0   0   0   0   0   0   0  1.51 0.23
   68 L    -3  -3  -5  -5  -2  -3  -4  -5  -4   1   5  -4   1  -1  -4  -4  -2  -3  -2   0    0   0   0   0   0   0   0   0   0   3  97   0   0   0   0   0   0   0   0   0  0.95 0.19
   69 G     0   2  -1  -2   1  -1  -1   3  -2  -3  -3   0  -2  -3  -2   2   1  -3  -3  -2    3  17   0   0   3   1   3  33   0   0   0   6   0   0   0  22  11   0   0   1  0.36 0.09
   70 P     1  -3  -2  -3  -3  -2  -3   4  -3   1  -2  -2  -1  -3   5  -1  -2  -4  -3  -1   10   0   0   0   0   0   0  37   0  16   0   0   2   0  32   1   0   0   0   2  0.69 0.12
   71 V    -1  -4  -4  -4  -2  -3  -4  -4  -4   3   0  -3   1  -1  -4  -3   0  -4   0   5    0   0   0   0   0   0   0   0   0  15   1   0   2   0   0   0   2   0   3  78  0.71 0.17
   72 D    -3  -3   0   8  -5  -2   0  -3  -2  -5  -5  -2  -5  -5  -3  -2  -2  -6  -5  -5    0   0   0 100   0   0   0   0   0   0   0   0   0   0   0   0   0   0   0   0  1.69 0.25
   73 G    -1  -3  -1   4  -4  -2  -1   5  -3  -4  -5  -2  -4  -4  -3  -1  -2  -4  -4  -4    0   0   0  34   0   0   0  64   0   0   0   0   0   0   0   0   0   0   0   0  1.01 0.16
   74 R    -3   7  -2  -3  -5   0  -1  -4   0  -4  -3   1  -3  -4  -3  -2  -2   0  -3  -4    0  94   0   0   0   0   0   0   1   0   0   0   0   0   0   0   0   1   0   0  1.37 0.23
   75 K    -2   1  -1  -2  -4   0   0  -3  -2  -2  -3   6  -2  -4  -2  -1   1  -4  -3  -1    0   1   0   0   0   1   0   0   0   3   1  76   1   0   0   1  12   0   0   4  0.72 0.18
   76 C    -2  -5  -4  -5  11  -5  -5  -4  -5  -3  -3  -5  -3  -4  -5  -3  -3  -4  -4  -2    0   0   0   0 100   0   0   0   0   0   0   0   0   0   0   0   0   0   0   0  2.63 0.32
   77 Q    -2   0  -2  -2  -3   6   0  -3  -1  -1   0   1   6  -3  -3  -2  -1  -3  -2  -2    0   3   0   0   0  51   1   0   0   1   3   5  35   0   0   0   1   0   0   0  0.75 0.20
   78 T    -1  -2  -1  -2  -2  -2  -2  -3  -3  -2  -2  -2  -2  -3  -2   0   7  -4  -3  -1    0   0   0   0   0   0   0   0   0   0   0   0   0   0   0   1  96   0   0   0  1.13 0.23
   79 I    -1  -2  -1  -2   0  -2  -2  -3  -3   2  -1  -2  -1  -3  -2   0   6  -3  -3   0    0   0   2   0   1   0   0   0   0  20   0   0   1   0   0   1  72   0   0   1  0.67 0.17
   80 V    -1  -4  -4  -4  -2  -3  -3  -4  -4   3   0  -3   0  -2  -3  -3  -1  -4  -2   5    0   0   0   0   0   0   0   0   0  18   0   0   0   0   0   0   0   0   0  79  0.76 0.17
   81 Q     0  -1   2   2  -1  -1  -1  -2  -2  -2  -3  -1  -2  -1  -2   3   4  -1  -1  -2    1   1  13  12   1   1   0   0   0   0   0   2   0   3   0  27  35   1   1   0  0.36 0.10
   82 W    -4  -4  -5  -6  -4  -2  -4  -4  -4  -4  -3  -4  -3  -1  -5  -4  -4  12   1  -4    0   0   0   0   0   2   0   0   0   0   0   0   0   0   0   0   0  95   0   0  3.39 0.34
   83 N    -2  -1   0   4  -4   1   5  -3  -1  -4  -4   0  -3  -4  -2  -1  -2  -4  -3  -4    1   1   2  31   0   2  60   0   0   0   0   1   0   0   0   0   1   0   0   0  0.90 0.16
   84 G    -1  -3   0  -1  -2  -2   2   6  -2  -4  -4  -2  -3  -4  -3  -1  -2  -3  -4  -4    1   0   2   2   1   0  17  75   0   0   0   0   0   0   0   0   0   0   0   0  0.99 0.16
   85 D    -2  -2   1   7  -4  -1   3  -2  -2  -4  -4  -1  -4  -4  -2  -1  -2  -5  -4  -4    1   0   2  74   0   0  19   2   0   0   0   0   0   0   0   0   0   0   0   0  1.12 0.18
   86 K    -2   2   0  -1  -4   4   0  -2   0  -3  -3   5  -2  -4  -2  -1  -1  -3  -2  -2    0   5   4   0   0  26   1   0   1   1   0  55   0   0   0   1   1   0   1   2  0.61 0.14
   87 L    -2  -3  -4  -5  -2  -3  -4  -5  -4   1   5  -3   1  -1  -4  -3  -2  -3  -2   0    0   0   0   0   0   0   0   0   0   0  97   0   0   0   0   0   0   0   0   0  0.90 0.18
   88 V    -1  -3  -3  -3  -2  -1  -1  -4  -4   2   1  -3   0  -1  -3  -2  -1  -3  -2   5    0   0   0   0   0   2   4   0   0   5   9   0   0   1   0   0   0   0   0  77  0.59 0.15
   89 C    -2  -5  -4  -5  11  -4  -5  -4  -4  -3  -3  -4  -3  -4  -4  -2  -2  -4  -4  -2    0   0   0   0  96   0   0   0   0   0   0   0   0   0   0   1   0   0   0   0  2.40 0.29
   90 E    -1  -3  -3  -3  -2  -2   0  -4  -4   2   0  -3   0  -2  -3  -2  -1  -4  -2   5    0   0   0   1   0   0  10   0   0   2   0   0   2   0   0   0   1   0   0  82  0.64 0.17
   91 Q    -2   0  -1  -2  -4   8   1  -3  -1  -4  -3   0  -2  -4  -2  -1  -2  -3  -3  -4    0   0   0   0   0  93   2   0   0   0   0   0   0   0   1   0   0   0   0   0  1.38 0.26
   92 H    -2   4   0  -2  -4   1   0  -3  -1  -3  -3   6  -2  -4  -2  -1  -2  -4  -3  -2    0  23   2   0   0   2   0   0   1   0   2  69   0   0   0   0   0   0   0   2  0.81 0.17
   93 G    -1  -4  -2  -2  -4  -3  -3   7  -3  -5  -5  -3  -4  -4  -3  -1  -3  -4  -4  -4    0   0   0   0   0   0   0  98   0   0   0   0   0   0   0   0   0   0   0   0  1.57 0.21
   94 E    -2  -1  -1   1  -5   1   7  -3  -1  -5  -4   0  -3  -5  -2  -1  -2  -4  -3  -4    0   0   0   1   0   0  97   0   0   0   0   0   0   0   0   0   0   0   0   0  1.34 0.23
   95 K    -2   0  -2  -2  -3   0  -1  -3  -2   2  -1   5  -1  -3  -2  -2  -1  -4  -3   2    0   0   0   0   0   0   0   0   0  13   0  62   0   0   0   0   0   0   0  24  0.50 0.15
   96 K    -1   1  -1   0  -4   1   5  -3  -1  -4  -4   0  -3  -4   4  -1  -2  -4  -3  -3    2   7   2   1   0   4  55   0   0   1   0   3   0   0  23   0   0   0   0   1  0.79 0.15
   97 N    -1  -2   5   0  -4  -2  -2   5  -2  -5  -5  -2  -4  -4  -3  -1  -2  -4  -4  -4    0   0  39   2   0   0   1  58   0   0   0   0   0   0   0   0   0   0   0   0  1.01 0.17
   98 R    -3   7  -2  -3   0   0  -1  -4  -1  -4  -4   1  -3  -4  -2  -2  -2  -4  -3  -4    0  93   0   0   3   0   0   0   1   0   0   0   0   0   1   0   0   0   0   0  1.35 0.24
   99 G    -1  -4  -2  -3  -4  -3  -3   7  -3  -5  -5  -3  -4  -5  -3  -1  -3  -4  -4  -4    1   0   0   0   0   0   0  99   0   0   0   0   0   0   0   0   0   0   0   0  1.60 0.22
  100 W    -5  -5  -6  -6  -4  -4  -5  -4  -4  -5  -4  -5  -3  -1  -6  -5  -4  13   1  -5    0   0   0   0   0   0   0   0   0   0   0   0   0   0   0   0   0 100   0   0  3.70 0.38
  101 K    -1   3  -1  -2  -3  -1  -1  -3  -2  -2  -3   2  -2  -3  -2   0   5  -4  -3  -2    0  24   1   0   0   0   0   0   0   1   0  12   0   0   0   1  61   0   0   0  0.65 0.17
  102 Q    -3  -1  -1  -2  -5   3  -1  -4   9  -5  -3  -2  -3  -3  -3  -2  -3  -4   0  -4    0   0   0   0   0  18   0   0  80   0   1   0   0   0   0   0   0   0   1   0  1.62 0.26
  103 W    -4  -4  -6  -6  -1  -4  -5  -4  -4  -5  -4  -5  -3  -1  -6  -5  -4  12   1  -5    0   1   0   0   1   0   0   0   0   0   0   0   0   0   0   0   0  98   0   0  3.58 0.37
  104 L    -2  -2  -4  -4  -2  -2  -3  -4  -4   3   4  -3   2  -1  -4  -3  -1  -3  -2   3    0   2   0   0   0   1   0   0   0  17  54   0   4   0   0   0   0   0   0  24  0.51 0.11
  105 E    -2  -1  -1   2  -5   1   6  -3  -1  -4  -4   0  -3  -5  -2  -1  -2  -4  -3  -3    0   0   1   6   0   1  88   0   0   0   0   2   0   0   0   0   0   0   0   1  1.16 0.21
  106 G    -1  -3  -1  -1  -4  -3  -3   7  -3  -5  -5  -3  -4  -4  -3  -1  -3  -4  -4  -4    0   1   1   2   0   0   1  96   0   0   0   0   0   0   0   0   0   0   0   0  1.49 0.21
  107 D    -3  -2   3   6  -5   0   3  -2  -2  -4  -5  -1  -4  -5  -3  -1  -2  -5  -4  -4    0   0  13  69   0   1  18   0   0   0   0   0   0   0   0   0   0   0   0   0  1.10 0.18
  108 F    -1   0  -1  -1  -3   2   3  -3   0  -1   0   2   1  -2  -2  -1   0  -3  -2  -1    0   2   2   0   0   7  35   0   1   2  14  22   6   1   0   0   4   0   0   4  0.27 0.09
  109 L    -3  -3  -5  -5  -2  -3  -4  -5  -4   1   5  -4   2  -1  -4  -4  -2  -3  -2   0    0   0   0   0   0   0   0   0   0   0  96   0   4   0   0   0   0   0   0   0  0.94 0.18
  110 H    -3  -2  -1  -3  -4  -1  -2  -4   9  -4  -4  -2  -3  -1  -4  -2  -3  -2   4  -4    0   0   1   0   0   0   0   0  82   0   0   0   0   0   0   0   0   0  17   0  1.76 0.27
  111 L    -2  -2  -4  -5  -2  -2  -4  -5  -4   1   5  -3   2  -1  -4  -3  -2  -3  -2   1    1   2   0   0   0   1   0   0   0   0  89   0   2   0   0   0   0   0   0   5  0.77 0.16
  112 H    -2   1  -1   0  -5   1   6  -3  -1  -4  -4   0  -3  -4  -2  -1  -2  -4  -3  -3    0   6   0   1   0   0  90   0   1   0   0   0   0   0   0   0   0   0   0   1  1.16 0.22
  113 M    -2  -2  -4  -4  -2  -2  -4  -4  -3   1   4  -3   6  -1  -4  -3  -2  -3  -2   0    0   2   0   0   0   0   0   0   0   5  50   0  41   0   0   0   0   0   0   1  0.73 0.17
  114 S    -2   6  -1  -3  -3   0  -1  -3  -2  -3  -3   0  -1  -4  -3  -1   4  -2  -2  -2    0  61   0   0   0   1   0   0   0   0   0   0   2   0   0   1  34   1   0   0  0.81 0.18
  115 A     4  -3  -3  -3   1  -2  -2  -1  -3   0  -1  -2  -1  -3  -2   0  -1  -4  -3   3   58   0   0   0   2   0   0   2   0   0   1   1   1   0   0   2   0   0   0  34  0.47 0.15
  116 E     0   3  -1  -1   4   3   3   0  -1  -3  -3   1  -2  -4  -2  -1  -1  -3  -3  -3    6  20   2   0  15  16  26   9   0   0   0   5   0   0   1   0   0   0   0   0  0.39 0.10
  117 D    -1  -3   0   4  -4  -2   0   5  -2  -4  -5  -2  -4  -4  -3  -1  -2  -4  -4  -3    0   0   3  35   0   0   4  55   0   0   0   1   0   0   0   1   0   0   0   1  0.87 0.15
  118 E     3  -2  -3  -2  -2  -1   0  -2  -3   2  -1  -2  -1  -2  -2  -1  -1  -4  -2   4   34   1   0   0   0   3   7   0   0   9   0   1   0   1   0   0   1   0   0  45  0.32 0.12
  119 T    -1  -3  -3  -4  -2  -2  -3  -4  -4   2   0  -1   1  -2  -3  -2   0  -4  -2   5    1   1   0   0   0   1   1   0   0   6   2   3   3   1   0   1   6   0   0  76  0.59 0.16
  120 C     2  -4  -2  -4   9  -3  -3  -2  -1  -3  -3  -3  -3  -4  -3   1  -2  -4  -3  -2   26   0   1   0  60   0   0   1   2   0   0   1   0   0   0   9   0   0   0   0  1.25 0.22
  121 I    -2   2  -1  -2  -4   1   1  -2   1  -2  -3   5  -1  -3  -2  -1  -1  -4  -2  -1    0   5   0   0   0   4   9   1   3   1   1  67   1   0   0   0   1   0   0   6  0.61 0.16
  122 Q    -2   0  -2  -2   0   8   0  -3  -1  -4  -4   0  -2  -3  -2  -1  -2  -4  -3  -4    0   0   0   0   2  95   0   0   0   0   0   0   0   1   1   1   0   0   0   0  1.45 0.29
  123 I    -1  -3  -4  -4  -2  -2  -3  -4  -4   2   0  -3   0  -1  -3  -2   0  -4  -2   5    0   0   0   0   0   1   1   0   0   8   2   0   1   1   0   0   3   0   0  82  0.71 0.18
  124 F    -4  -4  -4  -5  -4  -5  -5  -5  -2  -2  -1  -4  -1   8  -5  -3  -3   1   3  -2    0   0   0   0   0   0   0   0   0   0   0   0   0  93   0   1   0   1   5   0  1.57 0.25
  125 E    -2   4  -1  -2  -4   3   0  -3  -1  -4  -3   5  -2  -4  -2  -1  -2  -4  -3  -3    0  22   0   0   0  15   2   0   0   0   0  60   0   0   0   0   1   0   0   0  0.80 0.16
  126 K    -2   2  -1  -2  -4   0   0  -3  -2  -4  -4   7  -3  -4  -2  -1  -2  -4  -3  -4    0   8   0   0   0   0   0   0   0   0   0  92   0   0   0   0   0   0   0   0  1.13 0.22
  127 I     1  -3  -3  -4  -1  -3  -3  -3  -4   2   0  -2   0  -2  -3  -2   0  -4  -2   5   16   0   0   0   0   0   0   0   0   8   0   2   0   0   0   0   2   0   0  72  0.48 0.11
  128 K    -1   3  -1  -1  -4   3   3  -2  -1  -4  -3   4  -2  -4  -2  -1  -1  -3  -2  -3    0  16   0   0   0  15  20   0   0   0   0  50   0   0   0   0   0   0   0   0  0.60 0.09

                      K         Lambda
Standard Ungapped    0.1405     0.3227
Standard Gapped      0.0528     0.2670
PSI Ungapped         0.1724     0.3181
PSI Gapped           0.0528     0.2670
