
Last position-specific scoring matrix computed, weighted observed percentages rounded down, information per position, and relative weight of gapless real matches to pseudocounts
            A   R   N   D   C   Q   E   G   H   I   L   K   M   F   P   S   T   W   Y   V   A   R   N   D   C   Q   E   G   H   I   L   K   M   F   P   S   T   W   Y   V
    1 M    -4  -5  -5  -6  -5  -4  -5  -6  -5  -2  -1  -5  11  -3  -6  -5  -4  -5  -4  -2    0   0   0   0   0   0   0   0   0   0   2   0  98   0   0   0   0   0   0   0  2.89 0.70
    2 A     4  -3  -2  -3  -3  -2  -2   0  -3  -3  -4  -3  -2  -4  -2   3   4  -5  -4  -2   34   0   0   0   0   0   1   6   0   0   0   0   1   0   1  28  28   0   0   2  0.69 0.32
    3 E    -1  -2   1   4  -3   0   4  -2  -2  -3  -3  -1  -3  -3   0   1   0  -3  -2  -3    5   1   6  22   0   2  35   2   0   1   1   2   0   1   4   9   6   0   1   1  0.51 0.20
    4 F    -5  -6  -6  -6  -5  -6  -6  -6  -4   3  -2  -6  -1   8  -6  -4  -4  -2   1   0    0   0   0   0   0   0   0   0   0  16   0   0   1  74   0   1   0   0   2   5  1.85 0.53
    5 Q    -1  -1   0   2  -5   4   5  -3  -1  -3  -4   0  -3  -5  -1   0   0  -5  -4  -1    5   1   3   8   0  18  40   1   1   1   0   5   0   0   2   5   6   0   0   4  0.62 0.29
    6 W    -6  -6  -7  -8  -6  -6  -7  -6  -6  -6  -4  -5  -3   5  -7  -6  -6  12   1  -6    0   0   0   0   0   0   0   0   0   0   1   1   1  19   0   0   0  75   4   0  3.54 0.80
    7 P    -4  -6  -6  -5  -7  -5  -5  -6  -6  -7  -7  -5  -6  -7   9  -4  -5  -8  -7  -6    0   0   0   0   0   0   0   0   0   0   0   0   0   0  99   1   0   0   0   0  3.23 0.78
    8 W    -3  -1  -7  -7  -3  -5  -5  -6  -6  -6  -4  -2  -5  -3   0  -2  -5  12  -2  -5    3   3   0   0   1   0   1   0   0   0   1   3   0   0   4   3   0  81   0   1  3.48 0.82
    9 E    -3  -2  -3  -2  -6   7   2  -5   1  -4  -4  -2  -3  -2  -4  -1   0  -5   0  -4    0   0   0   1   0  65  13   0   3   1   1   0   0   2   0   3   6   0   4   0  1.36 0.52
   10 Y    -5  -5  -6  -7  -6  -5  -6  -7   2  -5  -5  -5  -5   1  -7  -5  -5  -1  10  -5    0   0   0   0   0   0   0   0   5   0   0   0   0   4   0   0   0   0  92   0  2.91 0.76
   11 T    -2   0   5   2  -2  -1  -1  -3   0  -5  -5  -1  -4  -5  -4   4   0  -6  -4  -4    0   4  36  12   1   1   3   0   2   0   0   3   0   0   0  32   5   0   0   0  0.84 0.36
   12 F    -6  -3  -7  -7  -6  -7  -7  -7  -5  -4  -3  -6  -3   9  -7  -6  -6  -2   0  -4    0   2   0   0   0   0   0   0   0   0   0   0   0  98   0   0   0   0   0   0  2.85 0.74
   13 P    -4  -6  -6  -5  -7  -4  -3  -6  -6  -7  -7  -5  -6  -7   9  -4  -5  -8  -7  -6    0   0   0   0   0   0   2   0   0   0   0   0   0   0  98   0   0   0   0   0  3.16 0.79
   14 P    -4  -6  -6  -5  -7  -5  -5  -6  -6  -7  -7  -5  -6  -7   9  -4  -5  -8  -7  -6    1   0   0   0   0   0   0   0   0   0   0   0   0   0  99   1   0   0   0   0  3.19 0.79
   15 F    -6  -7  -7  -4  -6  -7  -7  -7  -5  -4  -3  -7  -4   9  -7  -6  -6  -3   0  -4    0   0   0   1   0   0   0   0   0   0   0   0   0  99   0   0   0   0   0   0  2.92 0.76
   16 F    -6  -6  -5  -7  -4  -7  -7  -7  -4  -4  -3  -7  -3   9  -7  -6  -6  -2   2  -4    0   0   1   0   0   0   0   0   0   0   0   0   0  94   0   0   0   0   5   0  2.76 0.73
   17 T    -3  -4  -3  -4  -3  -3  -4  -5  -5  -4  -5  -4  -4  -6  -5   0   8  -6  -4  -3    0   1   0   0   0   0   0   0   0   0   0   0   0   0   0   3  95   0   0   0  2.16 0.72
   18 L    -3  -2  -6  -6  -4  -4  -5  -6  -5   4   5  -5   0  -2   1  -5  -3  -4  -4   0    0   2   0   0   0   1   0   0   0  25  60   0   1   1   7   0   0   0   0   4  0.98 0.38
   19 Q    -5  -3  -4  -4  -7   9  -2  -6  -3  -7  -6  -2  -4  -7  -5  -4  -5  -6  -5  -6    0   0   0   0   0 100   0   0   0   0   0   0   0   0   0   0   0   0   0   0  2.84 0.87
   20 P    -4  -4  -5  -5  -6  -3  -4  -6  -5  -6  -4  -2  -4  -7   8  -3  -1  -7  -6  -2    0   1   0   0   0   1   0   0   0   0   2   3   0   0  85   1   4   0   0   3  2.46 0.68
   21 H    -5  -3   7  -2  -6  -1  -3  -4   7  -4  -6  -3  -5  -5  -5  -2   0  -6  -3  -3    0   0  61   0   0   2   0   0  29   1   0   0   0   0   0   0   5   0   0   2  1.83 0.60
   22 E     2  -2  -2  -2  -2  -1   1  -2  -3   0   2  -1  -1  -2   0   1   1  -4  -3   1   20   1   1   0   0   1  10   2   0   3  22   1   1   1   4  13   8   0   0  13  0.17 0.16
   23 E    -1  -2   0   5  -5   0   5  -4  -3  -4  -3  -1  -4  -5  -4  -1   1  -6  -5  -3    4   0   3  31   0   3  41   0   0   1   2   1   0   0   0   4   8   0   0   2  0.88 0.37
   24 T    -4  -5  -4  -5  -4  -4  -4  -5  -5  -4  -5  -4  -4  -6  -5  -2   8  -6  -5  -1    0   0   0   0   0   0   0   0   0   0   0   0   0   0   0   1  97   0   0   3  2.25 0.75
   25 R    -5   8  -4  -5  -7   1  -3  -6  -1  -6  -4   1  -4  -4  -5  -3  -4  -2  -5  -6    0  83   0   0   0   5   0   0   1   0   2   7   0   1   0   1   0   1   0   0  1.98 0.63
   26 Q     1   2   0  -1  -4   4   1  -3   2  -4  -2   3  -2  -3  -3   0  -1  -4  -3  -3   14  11   3   2   0  22  10   0   5   0   4  18   0   1   0   5   4   0   0   1  0.41 0.23
   27 Q     0   1  -3  -4  -5   2  -2  -4  -3  -3  -3   7  -4  -6  -4   0  -2  -6  -5  -3    7   5   0   0   0   8   0   0   0   1   2  69   0   0   0   7   1   0   0   1  1.21 0.49
   28 Q    -5  -3  -4  -4  -7   9  -2  -6  -3  -7  -6  -2  -4  -7  -5  -3  -4  -6  -5  -6    0   0   0   0   0  99   0   0   0   0   0   0   0   0   0   1   0   0   0   0  2.79 0.88
   29 L    -4  -4  -6  -6  -2  -4  -5  -6  -3   3   5  -5   2   0  -5  -4  -3   0  -3   0    0   0   0   0   0   0   0   0   1  14  70   0   4   3   0   0   1   1   0   5  1.09 0.41
   30 K     2  -1  -1   2  -4   3   4  -3  -2  -4  -4   1  -3  -5  -2   0  -1  -5  -4  -3   22   1   2  14   0  13  27   0   0   0   1   7   0   0   1   7   3   0   0   1  0.51 0.27
   31 V     5  -2  -4  -4  -3  -2  -3  -2  -4  -3  -2   2  -1  -5  -2   0   0  -5  -4   0   64   1   0   0   0   0   0   2   0   0   2  12   2   0   1   3   4   0   0   8  0.83 0.40
   32 W    -7  -7  -8  -9  -7  -6  -7  -4  -7  -7  -6  -7  -6  -3  -8  -7  -7  13  -2  -7    0   0   0   0   0   0   0   1   0   0   0   0   0   0   0   0   0  98   0   0  4.82 1.10
   33 T    -1   2  -3  -4   8   0  -2  -3  -2  -3  -4   2  -4  -5  -4   2   0  -5  -4  -4    5  14   0   0  35   5   1   1   1   1   0  14   0   0   0  19   4   0   0   0  0.97 0.40
   34 D     0   0   1   2  -4   2   0  -2  -1  -3  -3  -1  -3  -4  -3   4   0  -5  -3  -3    8   4   7  10   0   8   4   2   1   1   1   2   0   0   0  45   5   0   0   0  0.53 0.30
   35 L    -5  -5  -7  -7  -4  -5  -6  -7  -6  -1   6  -6   0  -1  -6  -6  -4   0  -3  -2    0   0   0   0   0   0   0   0   0   1  95   0   0   2   0   0   0   1   0   0  1.75 0.58
   36 F     0  -5  -5  -5  -3  -5  -5  -5  -5   5  -1  -5  -1   1  -5  -3  -2  -5  -3   5    6   0   0   0   0   0   0   0   0  39   2   0   0   7   0   1   2   0   0  43  1.03 0.40
   37 L    -3  -3  -5  -6  -1   2  -4  -6  -3   0   6  -4  -1  -2  -5  -4  -2  -4  -4  -1    1   1   0   0   1  10   0   0   0   4  77   0   0   0   0   1   2   0   0   1  1.14 0.46
   38 K     1   0   2   4  -3  -1   2  -2  -3  -4  -4   1  -4  -5  -3   3  -1  -5  -4  -4   11   4  11  24   0   0  12   1   0   0   1   7   0   0   0  27   2   0   0   0  0.56 0.29
   39 Y    -6  -5  -6  -7  -6  -5  -6  -7   0  -5  -5  -6  -5   3  -7  -5  -5   6   9  -5    0   0   0   0   0   0   0   0   1   0   0   0   0   8   0   0   0   9  82   0  2.72 0.77
   40 L    -1  -5  -4  -5   9   0  -5  -3   4  -4   0  -5  -2   3  -5  -2  -3  -4   3  -3    4   0   0   0  45   5   0   2  11   0  11   0   0  11   0   2   0   0   9   0  1.34 0.47
   41 R    -4   6  -2  -3  -6   3  -1  -3  -1  -6  -5   5  -4  -6  -4  -3  -4  -6  -4  -5    0  50   1   0   0  12   1   1   1   0   0  34   0   0   0   0   0   0   0   0  1.38 0.50
   42 H     0  -2   0  -3  -1   1  -2  -4   8  -1  -1  -1  -2   0  -4   0  -1  -4   1  -2    9   1   3   0   1   7   0   0  41   3   7   4   0   5   0   7   3   0   4   2  0.76 0.35
   43 T    -3   0   3  -3  -2   0  -2  -3   7  -3  -2   2  -3  -4  -4  -1   3  -5  -1  -3    0   4  17   0   1   3   1   1  33   2   3  12   0   0   0   3  19   0   1   1  0.81 0.37
   44 N    -4   4   3  -3  -3  -1  -2  -3  -2  -6  -5   6  -4  -6  -4  -2  -3  -6  -5  -5    0  21  13   0   1   1   0   1   0   0   0  63   0   0   0   1   0   0   0   0  1.40 0.52
   45 R    -2   0  -3  -3  -4   4  -2  -4  -3   3   2   0   0  -3  -4  -1   0  -3  -3   1    2   3   0   0   0  28   1   0   0  19  22   5   2   0   0   5   5   0   0   7  0.42 0.27
   46 F     0  -4  -4  -5   3  -4  -4  -4   2  -3  -3  -4  -3   4  -2   1  -1  -1   7  -2    7   0   0   0   5   0   0   0   4   0   0   0   0  19   2  14   5   0  41   2  1.01 0.42
   47 T    -1   1  -1  -3  -2   0  -2  -3  -3   1  -1   0  -1  -3  -3   2   4  -4  -3   1    4   9   2   0   1   5   1   0   0  11   4   6   1   0   0  15  29   0   0  13  0.33 0.23
   48 L    -3  -5  -6  -6  -4  -4  -5  -6  -5   4   5  -5   3   0  -5  -5  -3  -4  -3   2    1   0   0   0   0   0   0   0   0  23  56   0   9   3   0   0   0   0   0  10  1.03 0.38
   49 S    -3  -3   2   7  -5  -3  -2  -3  -4  -5  -6  -3  -4  -6  -3   2   1  -7  -5  -4    1   1  11  64   0   0   0   1   0   0   0   0   0   0   0  13   8   0   0   1  1.36 0.49
   50 I    -3  -5  -6  -6  -3  -5  -5  -6  -6   5   2  -5  -1  -2  -5  -4  -2  -5  -4   5    0   0   0   0   0   0   0   0   0  30  15   0   0   1   0   0   1   0   0  53  1.17 0.43
   51 G     0   4   2  -3  -4   0  -2  -2   0   0  -1   0   3  -3  -2  -1   1  -4  -2  -1    7  27  14   0   0   3   1   2   2   7   2   2  12   0   1   3  11   0   1   4  0.34 0.23
   52 D    -3  -3  -2   4  -6  -1   7  -4  -3  -6  -6  -2  -5  -6  -3  -2  -3  -6  -4  -6    1   0   1  19   0   1  74   0   0   0   0   1   0   0   1   1   1   0   0   0  1.64 0.58
   53 Q     3  -2  -1  -2  -2   5  -1  -2   2  -3  -2  -1  -2  -4  -2   1  -1  -4  -3  -2   29   0   2   1   1  36   1   2   5   0   3   1   1   0   1   9   4   0   1   2  0.61 0.33
   54 N    -1  -1   4   2  -3   0   3  -2   1  -3  -4   0  -3  -5  -2   2   0  -5  -4  -4    3   2  19  13   0   3  22   2   4   1   0   4   0   0   1  19   6   0   0   0  0.50 0.25
   55 S    -2  -3  -1  -3   4  -1  -2  -2   0  -3  -2  -2  -3  -1  -4   6   1  -3  -4  -3    0   0   2   0   8   3   1   2   2   1   4   1   0   3   0  64   7   0   0   0  0.90 0.44
   56 P    -2  -4  -4  -1  -6  -1   1  -4  -5  -6  -5  -3  -5  -6   8  -1  -3  -7  -6  -3    3   0   0   4   0   2  10   0   0   0   1   1   0   0  72   3   1   0   0   2  1.91 0.58
   57 L    -4  -5  -6  -6  -4  -5  -5  -6  -6   0   6  -5   0  -2  -1  -5  -4  -4  -4   1    0   0   0   0   0   0   0   0   0   2  83   0   1   0   3   0   0   0   0  10  1.38 0.49
   58 F    -6  -6  -7  -7   0  -7  -7  -7  -5  -4  -3  -7  -4   9  -7  -6  -6   1   1  -4    0   0   0   0   2   0   0   0   0   0   0   0   0  95   0   0   0   1   1   0  2.78 0.76
   59 H    -2  -2   6  -2   1  -1  -2  -3   6  -4  -4  -1  -4  -1  -4   0  -1  -2   3  -2    3   2  40   0   4   2   0   0  21   1   0   3   0   2   0   7   2   0  11   3  0.88 0.38
   60 N    -5  -4   9  -2  -6  -3  -4  -4   1  -7  -7  -4  -6  -7  -6  -3  -4  -7  -5  -6    0   0  96   0   0   0   0   0   3   0   0   0   0   0   0   0   0   0   0   0  2.65 0.78
   61 E     2   0  -1  -1  -3   0   1  -3  -2  -3  -3   4  -2  -4  -1   1   2  -2  -3  -1   18   4   1   2   0   3   9   0   1   0   0  28   0   0   3  11  13   0   0   6  0.35 0.22
   62 A     2   1   1   0  -3   0   1  -2  -3  -4  -4   3  -3  -4  -3   2   2  -5  -4  -3   17   5   5   4   0   2   7   1   0   0   0  27   0   0   0  18  13   0   0   1  0.42 0.25
   63 L    -4  -6  -6  -6  -4  -6  -6  -7  -6   7   3  -6   0  -3  -6  -5  -3  -5  -4   0    0   0   0   0   0   0   0   0   0  70  27   0   1   0   0   0   0   0   0   1  1.56 0.53
   64 K    -3   1   6   2  -5   3   0  -1  -1  -5  -5   2  -4  -5  -4   1  -2  -5  -4  -5    0   7  40  11   0  12   6   4   1   0   0  11   0   0   0   8   0   0   0   0  0.80 0.35
   65 R    -5   8  -4  -5  -7  -2  -2  -5  -3  -6  -5   2  -5  -6  -5  -4  -4  -3  -5  -6    0  86   0   0   0   1   1   0   0   0   0  11   0   0   0   0   0   0   0   0  2.17 0.67
   66 R    -2   5  -2  -3  -5   1  -2  -3  -2  -3  -5   6  -4  -5  -4  -1  -1  -5  -4  -4    2  28   1   0   0   4   1   1   1   1   0  55   0   0   0   3   3   0   0   0  1.16 0.44
   67 L    -2  -5  -6  -6  -2  -5  -5  -6  -5   0   6  -5   0  -1  -5  -5  -4  -4  -4  -1    4   0   0   0   1   0   0   0   0   2  89   0   0   1   0   0   0   0   0   1  1.44 0.50
   68 S    -1  -3   2   1  -2  -2  -1  -2  -2  -5  -5  -3  -4  -5   4   5   0  -5  -4  -4    2   1   8   8   1   0   3   2   1   0   0   0   0   0  21  50   3   0   0   1  0.86 0.39
   69 P     0   0  -1  -2  -3   1  -1  -2  -2   0   2  -1   1  -2   3   1   1  -3  -2   0    7   4   2   1   0   6   3   1   0   3  23   2   3   1  15  12   7   0   1   7  0.19 0.13
   70 E    -1  -2   0   4  -5   0   5  -3  -2  -5  -4  -1  -4  -4  -2   0  -2  -5  -4  -4    5   1   3  21   0   3  51   1   1   0   1   2   0   1   2   6   2   0   0   1  0.90 0.37
   71 L     2  -3  -2   1  -2  -2  -1   3  -2  -1  -1  -2   0   0  -2   1   0  -3  -2   0   18   0   0  10   0   0   4  23   0   2   6   1   2   5   1  13   5   0   0   9  0.21 0.16
   72 V     1  -1  -5  -5  -3  -4  -5  -5  -5   6   1  -4  -1  -2  -4  -3  -2  -5  -3   3   12   4   0   0   0   0   0   0   0  53  10   0   0   1   0   1   1   0   0  18  0.86 0.35
   73 L    -2   2   0  -2  -3   3  -1  -3   0   0   2   1   0  -2  -3  -1  -1  -3   1   0    1  13   4   1   0  16   2   0   2   4  29   6   2   0   0   5   2   0   7   5  0.23 0.18
   74 A     1  -2  -1  -1  -2   0   0  -3  -2   2   1  -1   1  -1  -3   0   2   1  -2   2   14   1   2   2   0   4   7   1   0  12  12   1   3   1   0   6  16   2   0  16  0.15 0.13
   75 I    -3  -5  -6  -6  -4  -5  -5  -6  -6   6   0  -5  -1  -2  -5  -4  -3  -5  -3   5    1   0   0   0   0   0   0   0   0  43   3   0   0   1   0   0   0   0   1  50  1.32 0.46
   76 L    -2  -5  -5  -6  -4  -4  -5  -6  -5   0   5  -5   2   3  -5  -4  -3  -3  -2   0    2   0   0   0   0   0   0   0   0   3  68   0   5  14   0   0   0   0   0   6  1.08 0.40
   77 G    -3  -3   0   4  -1  -1   6  -2  -1  -5  -5  -1  -4  -5  -4   0  -2  -5  -5  -5    1   0   3  25   1   1  55   3   1   0   0   1   0   0   0   5   2   0   0   0  1.11 0.43
   78 E    -2  -2  -1   2  -5   0   5  -4   1  -4  -4  -1  -4   0  -2  -1  -2   4   2  -3    3   1   2   9   0   1  51   0   4   1   0   1   0   3   1   3   2   7   8   1  0.80 0.36
   79 L    -4  -4  -5  -6  -4  -4  -5  -6  -5  -1   6  -5   6  -2  -5  -5  -4  -4  -4  -2    0   0   0   0   0   0   0   0   0   1  75   0  21   0   0   0   0   0   0   0  1.47 0.51
   80 E     2   4  -2  -2   2   3   1  -2   2  -2  -3   0  -2  -3  -3   0  -1  -3  -2  -1   18  24   1   0   5  16  10   2   5   1   1   3   0   0   0   4   2   0   1   5  0.35 0.22
   81 R    -2   3   0  -2  -5   1   0  -2  -1  -5  -4   5  -3  -4  -3   0  -2  -5  -4  -4    3  17   4   1   0   4   6   3   1   0   1  49   0   0   0   8   1   0   0   1  0.78 0.34
   82 S    -1   2   0  -2  -2   0   0  -1   0  -3  -3   3  -2  -4  -2   2   3  -4  -3  -3    2  13   3   0   1   3   3   3   2   1   1  25   1   0   1  17  22   0   0   0  0.44 0.25
   83 G    -2  -2  -2  -3  -5  -2   0   7  -3  -6  -6   0  -5  -6  -4  -2  -4  -5  -5  -4    1   1   1   1   0   2   8  75   0   0   0   7   0   0   0   2   0   0   0   1  1.44 0.47
   84 H    -4   3   7  -2  -6  -1  -2  -4   6  -6  -4  -1  -4  -4  -5  -2  -3  -6  -2  -4    0  14  53   0   0   2   1   0  23   0   2   3   0   1   0   1   0   0   1   1  1.41 0.51
   85 A     4  -4  -4  -5  -2  -4  -4  -2  -4   2   3  -4  -1  -3  -4  -2  -2  -4  -4   0   49   0   0   0   1   0   0   1   0  10  32   0   0   0   0   1   1   0   0   6  0.72 0.36
   86 N     2  -2  -1   0  -2   0   6  -3  -2  -4  -4  -2  -3  -5  -4  -1  -1  -5  -5  -4   15   1   2   3   1   3  65   1   0   1   1   0   0   0   0   4   3   0   0   1  1.09 0.46
   87 P    -3  -3  -6  -7  -6  -4  -6  -6  -6  -5  -4  -6  -4  -3   5  -4  -4  12  -2  -6    3   2   0   0   0   0   0   0   0   0   1   0   0   0  27   1   1  63   0   0  2.98 0.79
   88 L    -2  -3  -3  -2   1  -1  -1  -4  -4   2   3  -1   2  -1  -4  -2   1  -4  -3   2    1   0   1   1   3   3   4   0   0  13  39   5   4   2   0   2   8   0   0  13  0.35 0.20
   89 D    -5  -5  -1   8  -7  -4  -1   0  -4  -5  -7  -4  -6  -7  -5  -2  -4  -7  -4  -6    0   0   1  88   0   0   1   7   0   1   0   0   0   0   0   2   0   0   0   0  2.15 0.66
   90 K    -3   0  -2  -3  -6  -2  -1  -1  -4  -5  -5   7  -4  -4  -1  -2  -2  -6  -5  -5    1   3   1   0   0   0   2   5   0   0   0  81   0   1   3   1   1   0   0   0  1.53 0.57
   91 R     0   1   4   0  -4   2   0  -1  -2  -3  -3   1  -2  -4  -2   2   1  -4  -2  -3    5   7  23   3   0   9   5   3   0   1   2   7   0   0   1  21  11   0   1   1  0.37 0.22
   92 R    -3   4  -1  -4  -6   0  -2  -3   2  -4  -5   7  -3  -6  -4  -3  -3  -6  -4  -5    0  18   2   0   0   2   0   2   4   1   0  67   0   0   0   1   1   0   0   0  1.36 0.51
   93 Q    -1   1   3  -1  -4   3  -1  -2   1  -2  -3   1  -3  -2  -3   2   3  -4  -2  -3    2   6  15   1   0  17   2   2   3   2   1  10   0   2   0  15  21   0   1   1  0.40 0.25
   94 E    -2   6  -1  -3  -3   2   1  -4  -1  -2  -3   0  -2  -5  -4   1   0  -5  -4   0    1  45   3   0   0   9   8   0   1   3   1   2   1   0   0  13   4   0   0   9  0.68 0.33
   95 W     1  -6  -6  -6   8  -5  -6  -2  -5  -4  -3  -6  -4   3  -6  -4  -4  10  -1  -2   15   0   0   0  32   0   0   3   0   0   1   0   0  11   0   0   0  34   1   3  1.91 0.58
   96 Q    -3  -1  -2  -3  -4   1   2  -5   2  -1   3  -2   0   1  -4  -2  -1   6   3  -2    1   3   2   0   0   7  14   0   5   2  33   1   1   4   0   1   3  12  10   1  0.48 0.26
   97 V    -4  -6  -6  -6  -4  -5  -6  -6  -6   6   0  -5  -1  -3  -5  -5  -3  -5  -4   5    0   0   0   0   0   0   0   0   0  53   5   0   0   0   0   0   0   0   0  42  1.44 0.50
   98 Y    -4  -5  -5  -6  -5  -3  -5  -6   0   0   0  -5   6   2  -6  -3  -4   7   7  -2    1   0   0   0   0   1   0   0   2   5   7   0  24   5   0   1   0  13  40   1  1.42 0.51
   99 W    -7  -7  -8  -8  -3  -6  -7  -7  -6  -7  -6  -7  -6  -3  -8  -5  -6  13  -2  -7    0   0   0   0   1   0   0   0   0   0   0   0   0   0   0   1   0  97   0   0  4.70 1.06
  100 F    -4   6  -1  -4  -3  -2  -2  -5   7  -5  -3   1  -4  -2  -5  -4  -4  -5  -1  -5    0  54   2   0   1   0   1   0  28   0   2   8   0   2   0   0   0   0   2   0  1.52 0.52
  101 T    -3   4  -1  -3  -3  -2  -3  -4  -3  -4  -4   1  -3  -5  -2   2   5  -5  -4  -3    0  25   2   0   0   1   0   0   0   0   0   9   0   0   1  15  46   0   0   0  0.93 0.42
  102 L    -2  -3  -4  -5  -5  -3  -4  -5  -5  -1   3  -3  -2  -3   7  -4  -3  -5  -2  -1    3   1   0   0   0   0   0   0   0   4  32   1   0   1  53   0   1   0   1   3  1.35 0.46
  103 E    -1  -3  -2   4  -6   1   6  -3  -3  -6  -5  -2  -5  -6  -2  -1  -3  -6  -5  -4    5   0   1  19   0   3  65   1   0   0   0   0   0   0   1   3   1   0   0   0  1.30 0.49
  104 E    -3  -3  -3  -1  -7   0   8  -4  -3  -6  -6  -2  -5  -6  -4  -2  -4  -6  -5  -5    2   0   0   2   0   3  90   1   0   0   0   0   0   0   0   2   0   0   0   0  1.98 0.66
  105 Y    -6  -5  -7  -8  -6  -6  -7  -6  -6  -6  -3  -7  -5  -2  -7  -7  -6  13   2  -6    0   1   0   0   0   0   0   0   0   0   2   0   0   1   0   0   0  89   6   0  4.19 0.97
  106 G     5  -4  -3  -4  -4  -4  -4   5  -4  -5  -5  -4  -4  -5  -4   0  -3  -5  -5  -4   46   0   0   0   0   0   0  48   0   0   0   0   0   0   0   5   0   0   0   0  1.26 0.46
  107 N     0  -1   3   2  -4   0   0   0  -2  -3  -4   3  -3  -4  -3   1   1  -5  -3  -4    8   0  18  11   0   4   4   8   0   1   0  27   0   0   0  11   7   0   0   0  0.43 0.24
  108 M    -2  -4  -4  -2  -2  -1  -3  -5  -4   3   4  -3   5  -2  -4  -3  -1  -4  -3   1    1   0   0   2   1   3   1   0   0  20  40   2  19   0   0   1   3   0   0   7  0.68 0.30
  109 V    -4  -5  -6  -6  -4  -5  -6  -6  -6   7   1  -5   0  -2  -5  -5  -3  -5  -4   3    0   0   0   0   0   0   0   0   0  70  12   0   1   0   0   0   0   0   0  15  1.44 0.48
  110 Y     0  -5  -5  -6  -5  -4  -2  -4   1  -4  -3  -5  -3   1  -6  -4  -4   0   9  -4   10   0   0   0   0   0   3   1   3   0   1   0   0   3   0   0   0   0  76   1  2.07 0.65
  111 D    -1   0   2   4  -3   4   1  -1   0  -4  -4   2  -3  -5  -3   1  -1  -5  -4  -4    4   4  12  22   0  19   8   4   2   0   0  13   0   0   0   8   2   0   0   0  0.51 0.25
  112 W    -6  -6  -7  -8  -4  -6  -6  -6  -1  -6  -5  -7  -5  -1  -7  -5  -6  13   3  -6    0   0   0   0   0   0   0   0   1   0   0   0   0   2   0   1   0  85   9   0  4.02 0.94
  113 V     4  -4  -5  -5  -3  -4  -4  -3  -5   3  -2  -4  -2  -3  -4  -2  -2  -5  -4   5   38   0   0   0   0   0   0   1   0  16   0   0   0   0   0   1   0   0   0  43  0.94 0.41
  114 Q    -1   0   0   0   2   4   2  -3  -2  -2  -2   0  -1  -2  -3   2   0  -4  -2   0    1   5   3   5   5  24  12   1   0   1   3   3   1   1   0  23   5   0   1   8  0.34 0.23
  115 E     0   1   2   3  -3   0   3  -1  -2  -4  -4   2  -3  -4  -3   2  -2  -5  -3  -3    9   6  12  16   0   3  18   3   0   0   0  12   0   0   0  18   0   0   0   1  0.42 0.23
  116 T    -2   1   6  -2  -2  -1  -3  -3  -2  -3  -4   0  -4  -4  -4   2   4  -5  -4  -3    2   7  39   0   1   1   0   0   1   2   0   6   0   0   0  13  27   0   0   1  0.83 0.39
  117 G     0  -5  -2  -4  -5  -4  -4   7  -5  -6  -6  -4  -5  -6  -5   0  -4  -5  -5  -5    7   0   1   0   0   0   0  82   0   0   0   0   0   0   0   8   0   0   0   0  1.75 0.53
  118 Q    -2   0  -4  -4  -4   4  -3  -4   1  -2   2  -2   7   1  -4  -3  -3  -4  -2  -2    2   4   0   0   0  25   0   1   4   1  19   1  33   7   0   1   1   0   1   0  0.86 0.41
  119 T    -2  -2   2  -2  -3   0  -2  -1  -2   1   0   1   0  -3  -3  -1   4  -4  -3   1    2   0  13   0   0   5   0   4   0  10  10  12   2   0   0   3  31   0   0   8  0.32 0.23
  120 N    -4  -3   8   0  -6  -3  -3   2  -2  -6  -6  -3  -5  -6  -5  -2  -3  -6  -5  -6    0   1  78   4   0   0   0  15   0   0   0   0   0   0   0   1   0   0   0   0  1.89 0.61
  121 T    -1  -4  -1  -3  -3  -2  -3  -3  -4  -4  -4  -3  -1  -5  -4   5   6  -5  -4  -1    2   0   1   0   0   1   0   1   0   0   0   0   1   0   0  41  47   0   0   4  1.13 0.49
  122 I    -3  -5  -6  -6  -4  -5  -5  -6  -6   2  -2  -5  -2  -4  -2  -5  -3  -6  -4   7    0   0   0   0   0   0   0   0   0   6   1   0   0   0   2   0   0   0   0  89  1.75 0.59
  123 C    -4  -6  -6  -6  10  -6  -6  -6  -5  -3   2  -6  -2   3  -6  -4  -4  -4  -4  -2    0   0   0   0  61   0   0   0   0   0  20   0   1  14   0   1   0   0   0   3  2.08 0.60
  124 T    -3  -4  -3  -4  -4  -4  -4  -5  -5  -4  -5  -4  -4  -5  -4  -2   8  -6  -5  -3    0   0   0   0   0   0   0   0   0   0   0   0   0   0   0   0  98   0   0   0  2.28 0.75
  125 L    -4  -5  -5  -6  -4  -5  -5  -6  -5   1   5  -5   0   4  -5  -5  -3  -3  -1   0    0   0   0   0   0   0   0   0   0   4  69   0   1  17   0   0   1   0   1   6  1.12 0.41
  126 Y    -5  -5  -5  -6  -5  -5  -5  -6   0  -4  -4  -5  -4   5  -6  -4  -5   1   9  -4    0   0   0   0   0   0   0   0   1   0   0   0   0  23   0   1   0   1  72   0  2.34 0.68
  127 E    -4  -3  -4  -1  -7  -1   8  -5  -3  -6  -6  -3  -5  -6  -4  -3  -4  -6  -5  -6    0   0   0   1   0   0  97   0   0   0   0   0   0   0   0   0   0   0   0   0  2.29 0.72
  128 I    -4  -5  -6  -6  -4  -5  -5  -6  -5   4   6  -5  -1  -2  -5  -5  -4  -4  -4  -1    0   0   0   0   0   0   0   0   0  22  76   0   0   0   0   0   0   0   0   0  1.39 0.48
  129 A     1   0  -2  -3  -1  -1  -3  -3  -1   0  -1  -2   0  -3  -3   1   4  -4  -3   2   11   5   1   0   1   3   0   0   1   5   6   0   2   0   0  10  38   0   0  16  0.43 0.27
  130 S    -1  -2   4   1  -4   4   3  -3   3  -4  -4  -1  -3  -4  -3   2  -2  -4  -2  -4    5   0  21   6   0  23  18   0   8   0   1   2   0   0   0  14   0   0   1   0  0.64 0.31
  131 G    -3  -5  -2  -3  -5  -4  -3   7  -4  -6  -6  -4  -5  -5  -4  -1  -4  -5  -5  -5    0   0   1   1   0   0   1  89   0   0   1   0   0   0   0   4   0   0   0   0  1.94 0.55
  132 E    -4  -3  -1   6  -5  -1   5  -4  -2  -5  -5  -2  -5  -5  -2  -2  -3  -5  -5  -5    0   0   1  49   0   0  42   0   1   0   1   1   0   0   1   1   1   0   0   0  1.45 0.49
  133 N     0  -3   3   6  -5  -2   1  -2   0  -4  -4  -3  -3  -4  -4  -1  -1  -5  -3  -4    8   0  16  52   0   0   9   3   2   1   1   0   1   1   0   2   3   0   1   1  0.95 0.37
  134 T    -1  -4  -2  -4  -3  -3  -3  -4  -4  -2  -3  -3  -3  -4  -4   2   7  -5  -4   1    5   0   1   0   0   0   0   0   0   1   1   0   0   1   0  14  68   0   0   8  1.23 0.50
  135 S     1   0  -1  -1  -1   1   3  -3  -2   0  -1   0   1  -3  -2   0   1  -4  -3   2   11   3   2   1   1   5  24   1   0   5   2   6   4   0   1   4  11   0   0  18  0.22 0.17
  136 H    -2  -2   3   4  -4   1   0   3   0  -5  -4   0  -4  -5  -3   2  -2  -5  -4  -4    1   1  14  25   0   6   5  22   2   0   1   6   0   0   0  16   1   0   0   0  0.57 0.26
  137 L    -2  -1  -3  -1  -1   5   5  -3  -1  -5  -2   0  -1  -5  -4  -2   0  -5  -4  -4    2   1   0   1   1  31  47   1   1   0   4   3   1   0   0   0   5   0   0   0  1.03 0.44
  138 D    -2  -3  -3   2  -6  -1   7  -4  -3  -5  -5  -2  -3  -6   0   0  -3  -6  -5  -5    3   0   0   9   0   1  74   1   0   1   0   0   1   0   5   5   1   0   0   0  1.41 0.54
  139 F    -6  -6  -7  -7  -2  -7  -7  -7  -5  -4  -2  -7  -3   9  -7  -6  -6   3   0  -4    0   0   0   0   1   0   0   0   0   0   2   0   0  93   0   0   0   4   0   0  2.70 0.74
  140 Y    -3  -3  -1  -5  -2  -2  -3  -5  10  -6  -5  -4  -5   0  -4  -3  -4  -4   5  -4    2   0   2   0   1   1   1   0  66   0   0   0   0   3   1   1   1   0  20   1  2.15 0.65
  141 G    -2  -5   0  -1  -6  -2  -3   7  -5  -7  -7  -2  -6  -6  -5  -3  -4  -6  -6  -6    1   0   4   3   0   1   1  86   0   0   0   2   0   0   0   0   0   0   0   0  1.83 0.56
  142 V    -4  -5  -6  -6  -4  -3  -5  -6  -5   3   5  -5   5  -2  -5  -5  -3  -4  -4   0    0   0   0   0   0   1   0   0   0  13  64   0  17   0   0   0   0   0   0   4  1.21 0.44
  143 D    -4  -4   0   7  -4   0   3  -3  -1  -6  -6  -3  -6  -6  -4  -2  -4  -7  -6  -6    1   0   3  69   0   3  19   1   2   0   0   0   0   0   0   2   0   0   0   0  1.66 0.55
  144 E    -2   0   0   1  -4   2   4  -3  -1  -2  -3   1   2  -4   2  -1   1  -4  -2  -1    0   4   3   7   0   8  28   1   1   2   0   8   8   0   9   2  12   0   1   4  0.37 0.23
  145 A     1  -3   1   4  -3  -1   3   0  -2  -5  -4  -2  -4  -3  -2   0  -1   7  -3  -4   12   0   7  26   1   2  20   5   1   0   0   1   0   0   1   4   3  16   0   1  0.69 0.31
  146 V    -2  -5  -5  -5  -3  -4  -5  -6  -5   2   2  -4   4  -3  -5  -3   0  -5  -4   5    1   0   0   0   0   0   0   0   0  10  18   0  12   0   0   0   6   0   0  52  0.96 0.39
  147 L    -4  -5  -6  -6  -4  -5  -6  -6  -5   0   6  -5   3   1  -6  -5  -4  -4  -3   0    0   0   0   0   0   0   0   0   0   3  81   0   7   5   0   0   0   0   0   3  1.38 0.49
  148 L    -3   0  -3  -4  -3   0  -3  -5  -2   3   3   1   2  -2  -4  -3  -1  -4  -3   1    0   6   0   0   0   6   0   0   1  22  36  10   6   0   0   0   3   0   0   9  0.46 0.25
  149 S    -4   5  -1  -3  -6  -1   0  -4  -3  -4  -4   6  -4  -6  -4  -2  -3  -6  -4  -4    0  34   3   1   0   1   4   0   0   1   1  51   0   0   0   2   0   0   0   1  1.24 0.47
  150 A     5  -4  -4  -4  -1  -3  -3  -2  -2  -1  -4  -3  -3  -2  -4   3  -2  -5  -4   1   61   0   0   0   1   0   0   1   1   4   0   0   0   2   0  24   0   0   0   8  0.96 0.44
  151 L    -4  -5  -6  -7  -4  -5  -6  -7  -6   1   6  -6   0  -2  -6  -5  -4  -5  -3  -1    0   0   0   0   0   0   0   0   0   5  92   0   1   0   0   0   0   0   1   1  1.67 0.56
  152 R    -1   4   1  -3  -5   4   0  -2   0  -4  -2   4  -1  -4  -3  -1  -1  -5  -4  -4    3  25   8   0   0  21   3   3   2   0   4  25   1   0   0   4   2   0   0   0  0.63 0.30
  153 L     2  -2  -2  -3   1  -1  -1  -3   0   1   0  -2  -1  -2  -3   0   3  -4   0   2   18   2   1   0   3   3   2   0   2   8   7   1   0   1   0   5  23   0   3  21  0.26 0.20
  154 L    -5  -5  -7  -7  -2  -5  -6  -7  -6  -1   7  -6   0  -3  -6  -6  -4  -5  -4  -2    0   0   0   0   1   0   0   0   0   0  98   0   1   0   0   0   0   0   0   0  1.83 0.60
  155 E    -2  -2  -3  -2  -6   4   6  -5  -3  -4  -5  -2  -4  -6  -4  -3  -3  -6  -5   1    2   1   0   0   0  22  61   0   0   0   0   0   0   0   0   0   0   0   0  13  1.33 0.53
  156 E     1   1   0  -1  -3   1   1  -1   0  -2  -1   3  -1  -4  -2   1   0  -4  -3  -1   13   4   4   3   0   8   8   2   2   1   5  29   1   0   0   8   7   0   0   5  0.25 0.17
  157 K    -2   3   0   1  -5   4   3  -3   0  -5  -5   3  -3  -5  -3   0  -2  -5  -4  -4    2  19   3   9   0  20  19   0   2   0   0  19   0   0   0   5   1   0   0   0  0.68 0.30
  158 G    -3   2   0  -3  -5   0  -2   6   3  -6  -6   1  -4  -5  -4  -2  -4  -5  -4  -5    0  14   4   0   0   3   1  59   7   0   0   9   0   0   0   2   0   0   0   0  1.11 0.41
  159 R    -4   3  -2  -4  -4   1  -2  -5  -1  -6  -4   7  -4  -6  -4  -3  -4  -6  -5  -5    0  12   1   0   0   4   0   0   1   0   2  80   0   0   0   0   0   0   0   0  1.69 0.59
  160 C     6  -5  -5  -5   7  -4  -4  -3  -5  -3  -5  -4  -4  -5  -4  -2  -3  -6  -5  -3   77   0   0   0  22   0   0   0   0   1   0   0   0   0   0   0   0   0   0   0  1.73 0.60
  161 E    -2  -3  -3  -2  -6   4   7  -5  -3  -6  -6  -2  -5  -6  -4  -3  -1  -6  -5  -3    2   0   0   0   0  18  74   0   0   0   0   0   0   0   0   0   3   0   0   2  1.64 0.59
  162 L    -3  -5  -5  -6  -3  -4  -5  -6  -5   4   4  -5   1  -1  -5  -4  -2  -4  -2   3    0   0   0   0   0   0   0   0   0  28  41   0   3   2   0   0   1   0   1  25  0.92 0.35
  163 I    -4  -5  -6  -6  -4  -5  -6  -6  -5   6   0  -5   6   5  -6  -5  -3  -4  -2   0    0   0   0   0   0   0   0   0   0  52   3   0  21  22   0   0   0   0   0   2  1.38 0.49
  164 E    -1  -2   0   0  -3  -1   2   2  -2  -1   1  -2   2  -2  -1   1   2  -3  -3  -1    3   0   4   5   0   1  15  16   0   2  14   1   7   1   2  10  16   0   0   1  0.17 0.15
  165 M    -1  -2  -1   0  -3  -1  -1  -1  -1   1   1  -2   3   4  -3   0   0  -2   0   0    2   1   3   6   0   3   3   4   1   7  11   1  11  26   0  10   4   0   1   4  0.22 0.15
  166 D    -3  -3   1   6  -5  -2   3   1  -3  -5  -5  -3  -4  -5  -2  -1  -3  -5  -5  -5    1   0   6  57   0   0  18   9   0   0   1   0   0   0   1   4   0   0   0   0  1.17 0.40
  167 G    -3  -4   0   6  -5  -3   1   4  -4  -6  -6  -3  -5  -6  -4   0  -3  -6  -5  -5    0   0   3  53   0   0   7  29   0   0   0   0   0   0   0   6   1   0   0   0  1.27 0.44
  168 S    -1  -2   4   1  -3   2   0   2  -1  -3  -4  -2  -2  -4  -3   2  -1  -5  -4  -2    3   0  25   5   0  12   6  19   1   2   0   0   1   0   0  21   2   0   0   2  0.52 0.27
  169 H    -2   1  -1   0  -5   4   4  -3   2  -3  -2   2  -2  -3  -3  -1  -2  -4  -1  -4    1   7   2   3   0  25  33   1   5   1   3  11   1   1   0   3   1   0   2   0  0.67 0.32
  170 G    -3  -6  -4  -5  -6  -5  -6   8  -5  -7  -7  -5  -6  -7  -6  -4  -5  -6  -7  -7    0   0   0   0   0   0   0 100   0   0   0   0   0   0   0   0   0   0   0   0  2.48 0.67
  171 V    -3  -6  -6  -6  -4  -5  -6  -6  -6   1  -2  -6  -2  -4  -6  -5  -3  -6  -4   7    1   0   0   0   0   0   0   0   0   3   0   0   0   0   0   0   0   0   0  96  1.98 0.63
  172 K    -4  -1  -2  -4  -7  -2  -3  -5  -4  -6  -6   8  -5  -7  -4  -4  -4  -7  -5  -6    0   0   1   0   0   0   0   0   0   0   0  99   0   0   0   0   0   0   0   0  2.30 0.70
  173 F    -6  -6  -7  -7  -6  -7  -4  -7  -5  -3  -3  -7  -3   9  -7  -6  -6  -2   0  -4    0   0   0   0   0   0   1   0   0   0   0   0   0  97   0   0   0   0   1   0  2.79 0.73
  174 F    -5  -6  -6  -7  -6  -6  -7  -7  -4  -3   1  -6  -3   9  -7  -6  -5  -2   1  -4    0   0   0   0   0   0   0   0   0   0  11   0   0  87   0   0   0   0   3   0  2.37 0.64

                      K         Lambda
Standard Ungapped    0.1371     0.3209
Standard Gapped      0.0646     0.2670
PSI Ungapped         0.2111     0.3177
PSI Gapped           0.0646     0.2670
