
Last position-specific scoring matrix computed, weighted observed percentages rounded down, information per position, and relative weight of gapless real matches to pseudocounts
            A   R   N   D   C   Q   E   G   H   I   L   K   M   F   P   S   T   W   Y   V   A   R   N   D   C   Q   E   G   H   I   L   K   M   F   P   S   T   W   Y   V
    1 M    -1  -2  -3  -4  -2  -1  -3  -3  -2   1   2  -2   8   0  -3  -2  -1  -2  -2   0    0   0   0   0   0   0   0   0   0   0   1   0  99   0   0   0   0   0   0   0  0.74 0.08
    2 P    -1  -3  -2  -2  -3  -2  -1  -3  -3  -3  -3  -1  -3  -4   8  -1  -1  -4  -3  -3    0   0   0   0   0   0   1   0   0   0   0   0   0   0  97   2   0   0   0   0  2.12 0.07
    3 F    -3  -3  -3  -4  -3  -4  -4  -4  -2   0   0  -4   0   7  -4  -3  -2   1   3  -1    0   0   0   0   0   0   0   0   0   1   1   0   0  96   0   1   1   0   0   0  0.97 0.06
    4 S     0  -2   0  -1  -2  -1  -1   5  -2  -4  -4  -1  -3  -3  -2   2  -1  -3  -3  -3    0   1   1   0   0   0   1  66   0   0   0   0   0   1   0  31   0   0   0   0  0.71 0.04
    5 N    -2  -1   7   1  -3   0   0  -1   0  -4  -4   0  -3  -4  -2   1   0  -4  -3  -3    1   0  93   0   0   0   1   0   0   0   0   2   0   0   0   3   0   0   0   0  0.90 0.06
    6 S     0  -1   0  -1  -1  -1  -1  -1  -2  -1  -2  -1  -1  -3  -1   3   4  -3  -2  -1    1   0   0   0   0   1   0   0   0   0   1   0   0   0   0  32  64   0   0   0  0.48 0.04
    7 H    -2   0   0  -1  -3   0   0  -3   9  -4  -3  -1  -1  -2  -3  -1  -2  -3   1  -3    0   1   1   1   0   0   3   0  89   0   0   2   2   0   0   0   0   0   0   0  1.08 0.07
    8 N    -1  -1   7   1  -3   0  -1  -1   0  -4  -3  -1  -2  -3  -2   0   0  -4  -2  -3    3   0  92   0   0   0   0   0   1   0   1   0   0   0   0   1   0   0   0   0  0.86 0.06
    9 T     0   1   1  -1  -2   3   1  -2  -1  -1   0   2   1  -2  -2   0   0  -2  -2  -1    9   2   7   0   0  22   3   0   0   0  18  21   5   0   0   2   9   0   0   1  0.14 0.02
   10 Q    -1  -2  -3  -3  -1  -2  -3  -3  -2   1   3  -2   3   2  -3  -2  -1   3   1   0    5   2   0   0   1   1   0   0   0   2  48   1  17  10   0   1   1   5   5   3  0.26 0.02
   11 K    -1   2   0  -1  -3   1   0  -2  -1  -3  -3   5  -2  -4  -1   0  -1  -3  -2  -3    0   0   1   0   0   0   0   0   0   0   0  95   0   0   0   1   1   0   0   0  0.67 0.06
   12 L    -1  -2  -3  -3  -2  -1  -3  -3  -2   1   3  -1   5   0  -3  -2  -1  -2  -1   0    0   0   0   0   0   0   0   0   0   0  43   2  52   0   0   1   0   0   0   0  0.43 0.04
   13 R    -1   3   3   0  -3   1   0  -2   0  -3  -3   4  -2  -3  -2   0  -1  -3  -2  -3    0  22  29   0   0   1   2   0   0   0   0  44   0   0   0   2   0   0   0   0  0.48 0.04
   14 F    -2  -2  -2  -3  -3  -2  -3  -3   0  -1   1  -2   0   4  -3  -2  -2   2   6  -1    0   1   2   0   0   1   0   0   0   0  17   0   0  29   1   0   0   2  47   0  0.60 0.04
   15 P     1  -1   0  -1   1  -1  -1  -1  -1  -3  -3   0  -2  -3   3   4   2  -3  -2  -2    3   0   1   1   4   0   0   0   0   0   0   2   0   0  14  66   8   0   0   0  0.45 0.04
   16 A     3  -2  -1  -2   1  -1  -1   0  -2  -1  -2  -1  -1  -2   1   2   0  -3  -2   0   54   0   1   0   3   0   0   2   0   1   1   0   0   0   7  18   3   0   0  10  0.28 0.03
   17 E    -1  -1   0   3  -4   1   5  -2  -1  -3  -3   1  -2  -4  -2   0  -1  -3  -3  -2    5   0   0  17   0   0  72   0   0   1   0   3   0   0   0   1   0   0   0   1  0.67 0.05
   18 D    -1   0   0   3  -3   3   4  -2  -1  -3  -3   1  -2  -4  -2   0  -1  -3  -2  -3    5   0   0  26   0  25  38   0   0   0   0   4   1   0   0   0   0   0   0   0  0.55 0.03
   19 E    -1  -1  -1   1  -4   2   6  -3  -1  -4  -3   0  -3  -4  -2  -1  -1  -3  -3  -3    0   0   0   1   0   0  98   0   0   0   0   0   0   0   0   0   0   0   0   0  0.93 0.07
   20 F    -2  -3  -3  -4  -2  -3  -3  -4   0  -1  -1  -3  -1   5  -4  -2  -2   1   6  -1    0   0   0   0   1   0   0   0   0   0   1   0   0  44   0   0   0   0  53   0  0.88 0.06
   21 P    -1  -3  -3  -2  -3  -2  -2  -3  -3  -3  -3  -2  -3  -4   8  -1  -2  -4  -4  -3    0   0   0   0   0   0   0   0   0   0   0   0   0   0  99   0   0   0   0   0  2.21 0.08
   22 D    -2  -2   1   7  -4  -1   1  -2  -2  -4  -4  -1  -4  -4  -2  -1  -2  -5  -4  -4    0   0   0  99   0   0   0   0   0   0   0   0   0   0   0   0   0   0   0   0  1.16 0.07
   23 L    -2  -3  -4  -4  -2  -3  -3  -4  -3   1   5  -3   2   0  -3  -3  -2  -2  -1   1    0   0   0   0   0   0   0   0   0   1  97   0   0   1   0   0   0   0   0   1  0.58 0.05
   24 S     1  -1   0   0  -1   0   0  -1  -1  -3  -3  -1  -2  -3  -1   4   2  -3  -2  -2    0   2   0   1   1   0   1   0   0   0   0   0   0   0   0  83  12   0   0   0  0.52 0.05
   25 S     0   1   0  -1  -3   4   1  -1   0  -2  -2   3  -1  -3  -1   0   0  -3  -2  -1    7   1   2   0   0  33   1   2   1   0   3  38   0   0   0   7   2   0   0   5  0.32 0.03
   26 H    -2  -1   0  -2  -2   0  -1  -3   9  -4  -3  -1  -2  -2  -3  -1  -2  -3   1  -4    0   0   0   0   1   0   0   0  99   0   0   0   0   0   0   0   0   0   0   0  1.34 0.09
   27 N    -2  -1   7   1  -3   0  -1  -1   1  -4  -4  -1  -3  -4  -3   0   0  -4  -2  -3    0   0  97   0   0   0   0   0   2   0   0   0   0   0   0   1   0   0   0   0  0.98 0.07
   28 N    -2  -1   7   1  -3   0  -1  -1   0  -4  -4  -1  -3  -4  -3   0  -1  -4  -3  -4    0   0 100   0   0   0   0   0   0   0   0   0   0   0   0   0   0   0   0   0  1.03 0.07
   29 H    -2  -1   0  -2  -4   0  -1  -3   9  -4  -3  -1  -2  -1  -3  -2  -2  -2   2  -4    0   0   0   0   0   0   0   0  93   0   1   0   0   0   0   0   0   0   6   0  1.23 0.08
   30 M    -2  -2  -3  -4  -2  -1  -3  -3  -2   1   2  -2   8  -1  -3  -2  -1  -2  -2   0    0   0   0   0   0   0   0   0   0   0   0   0 100   0   0   0   0   0   0   0  0.79 0.08
   31 A     5  -2  -2  -2  -1  -1  -1   0  -2  -2  -2  -1  -1  -3  -1   1   0  -3  -2  -1   99   0   0   0   0   0   0   0   0   0   0   0   0   0   0   1   0   0   0   0  0.57 0.05
   32 K    -1   2  -1  -1  -4   1   0  -2  -1  -3  -3   6  -2  -4  -1   0  -1  -4  -2  -3    1   0   0   0   0   1   0   0   0   0   0  97   0   0   0   1   0   0   0   0  0.70 0.06
   33 V     1  -3  -3  -3  -1  -2  -3  -3  -2   2   0  -2   0   0  -3  -2   0  -3  -1   4   11   0   0   0   0   0   0   0   1   7   0   0   0   3   0   0   0   0   1  78  0.36 0.04
   34 L    -2  -3  -4  -4  -2  -3  -3  -4  -3   1   5  -3   2   0  -3  -3  -2  -2  -1   1    0   0   0   0   0   0   0   0   0   1  98   0   1   0   0   0   0   0   0   0  0.60 0.05
   35 T     0  -2   0  -1  -1  -1  -1  -2  -2  -1  -2  -1  -1  -3  -2   1   6  -3  -2  -1    0   0   2   0   0   0   0   0   0   0   0   1   0   0   0   3  95   0   0   0  0.66 0.06
   36 P    -1  -1  -2  -2  -2   0  -1  -3  -2  -1   1   0   1  -2   6  -1  -1  -3  -2  -1    1   2   0   0   0   4   1   0   0   0  30   8   4   1  47   1   1   0   0   1  0.71 0.03
   37 E     0  -1   0   4  -3   1   4  -2  -1  -3  -3   0  -3  -4  -1   0  -1  -4  -3  -2   14   0   0  44   0   0  40   0   0   0   0   0   0   0   1   1   0   0   0   0  0.59 0.04
   38 L    -2  -2  -3  -4  -2  -2  -3  -4  -3   2   3  -2   5   0  -3  -2  -1  -2  -1   1    0   0   0   0   0   0   0   0   0  21  33   0  46   0   0   0   0   0   0   1  0.43 0.04
   39 Y    -2  -2  -3  -4  -3  -2  -3  -4   1  -2  -2  -2  -2   3  -4  -2  -2   2   8  -2    0   0   0   0   0   0   0   0   0   0   0   0   0   0   0   0   0   0 100   0  1.24 0.08
   40 A     2   1   0   0  -2   1   2  -1  -1  -3  -3   3  -2  -3  -1   1   0  -3  -2  -2   25   4   1   2   0   4  22   2   0   0   0  32   0   0   0   6   2   0   0   0  0.29 0.02
   41 E    -1   3   1   0  -2   1   1  -2  -1  -3  -2   3  -1  -3  -2   0   0  -3  -2  -2    3  23   8   1   1   4   9   0   0   0   1  42   0   0   0   4   3   0   0   0  0.37 0.02
   42 L    -2  -3  -4  -4  -2  -3  -3  -4  -3   1   5  -3   2   0  -3  -3  -2  -2  -1   1    0   0   0   0   0   0   0   0   0   0  98   0   2   0   0   0   0   0   0   0  0.60 0.05
   43 R    -2   6  -1  -2  -4   1  -1  -3   1  -4  -3   2  -2  -3  -3  -1  -2  -3  -2  -3    1  95   0   0   0   0   0   0   3   0   0   1   0   0   0   0   0   0   0   0  0.93 0.06
   44 A     0  -1   1   5  -3   1   2   0  -1  -3  -3   0  -2  -3  -2   1   0  -4  -3  -3    8   1   1  47   0   3  17   5   0   0   1   1   0   0   0  14   2   0   0   0  0.48 0.03
   45 K    -1   4  -1  -1  -4   1   0  -2   0  -3  -3   5  -2  -3  -2  -1  -1  -3  -2  -3    0  25   0   0   0   1   0   0   1   0   1  73   0   0   0   0   0   0   0   0  0.63 0.05
   46 C     1   0   0   0   0   4   3  -2   0  -2  -2   1  -1  -3  -2   1   0  -3  -2  -1   10   1   0   0   3  43  23   0   1   0   0   1   1   1   0  11   0   0   0   4  0.37 0.03
   47 T     0  -2   0  -2  -1  -1  -1  -2  -2  -1  -2  -1  -1  -3  -2   1   6  -3  -2   0    0   0   0   0   0   0   0   0   0   0   0   0   0   0   0   0 100   0   0   0  0.71 0.07
   48 P    -1  -2  -2  -2  -3  -2  -1  -2  -2  -3  -3  -1  -3  -4   8   0  -1  -4  -3  -3    2   0   0   0   0   0   0   0   0   0   0   0   0   0  86  11   1   0   0   0  1.80 0.06
   49 S     1  -1   2   0  -1   0  -1  -1  -1  -3  -3  -1  -2  -3  -1   4   1  -3  -2  -2    0   0  14   0   1   0   0   0   0   0   0   0   0   0   0  84   1   0   0   0  0.53 0.05
   50 G     0  -3  -1  -2  -3  -2  -3   6  -3  -4  -4  -2  -3  -4  -3  -1  -2  -3  -4  -4    0   0   0   0   0   0   0 100   0   0   0   0   0   0   0   0   0   0   0   0  1.23 0.06
   51 F    -3  -3  -4  -4  -1  -4  -4  -4  -2   0   0  -4   0   7  -4  -3  -3   1   3  -1    0   0   0   0   1   0   0   0   0   0   0   0   0  95   0   0   0   0   1   2  0.97 0.06
   52 T     0  -2   0  -2  -1  -1  -1  -2  -2  -1  -2  -1  -1  -3  -2   1   6  -3  -2   0    2   0   0   0   0   0   0   0   0   1   0   0   0   0   0   1  97   0   0   0  0.67 0.06
   53 L    -1  -3  -4  -4  -1  -3  -3  -4  -3   2   4  -3   2   0  -3  -3  -1  -2  -1   2    1   0   0   0   0   0   0   0   0  16  71   0   0   0   0   0   0   0   0  12  0.44 0.03
   54 D    -2  -2   1   7  -4  -1   1  -2  -2  -4  -4  -1  -4  -4  -2  -1  -2  -5  -4  -4    0   0   0  99   0   0   1   0   0   0   0   0   0   0   0   0   0   0   0   0  1.16 0.06
   55 D    -2  -1   1   6  -4  -1   1   1  -2  -4  -4  -1  -3  -4  -2  -1  -1  -4  -3  -4    0   1   2  83   0   0   1  11   0   0   0   2   0   0   0   0   0   0   0   0  0.88 0.05
   56 A     0  -3  -3  -3   2  -3  -3  -3  -3   3   1  -3   0  -1  -3  -2   0  -3  -2   4    7   0   0   0   6   0   0   0   0  10   3   0   0   1   0   0   0   0   0  73  0.36 0.04
   57 I    -2  -4  -4  -4  -2  -3  -4  -4  -4   5   1  -3   1  -1  -3  -3  -1  -3  -2   2    0   0   0   0   0   0   0   0   0  99   0   0   1   0   0   0   0   0   0   0  0.60 0.06
   58 Q    -1   1   0  -1  -4   7   2  -2   0  -3  -3   1  -1  -4  -2  -1  -1  -3  -2  -3    0   0   0   0   0 100   0   0   0   0   0   0   0   0   0   0   0   0   0   0  0.95 0.08
   59 T     0  -2   0  -2  -1  -1  -1  -2  -2  -1  -2  -1  -1  -3  -1   1   6  -3  -2   0    1   0   0   0   0   0   0   0   0   0   0   0   0   0   1   0  98   0   0   0  0.68 0.06
   60 G     0  -3  -1  -2  -3  -2  -3   6  -3  -4  -4  -2  -3  -4  -3  -1  -2  -3  -4  -4    0   0   0   0   0   0   0 100   0   0   0   0   0   0   0   0   0   0   0   0  1.23 0.06
   61 V    -1  -3  -3  -4  -1  -3  -3  -4  -4   3   1  -3   0  -1  -3  -2   0  -3  -2   5    0   0   0   0   0   0   0   0   0  11   0   0   0   0   0   0   0   0   0  89  0.50 0.05
   62 D    -2  -2   1   7  -4  -1   1  -2  -2  -4  -4  -1  -4  -4  -2  -1  -2  -5  -3  -4    0   0   0  99   0   0   0   0   0   0   0   0   0   0   0   0   0   0   1   0  1.14 0.06
   63 N    -2  -1   7   1  -3   0  -1  -1   0  -4  -4  -1  -3  -4  -3   0   0  -4  -3  -3    0   0 100   0   0   0   0   0   0   0   0   0   0   0   0   0   0   0   0   0  1.01 0.07
   64 P    -1  -3  -3  -2  -3  -2  -2  -3  -3  -3  -3  -2  -3  -4   8  -1  -2  -4  -4  -3    0   0   0   0   0   0   0   0   0   0   1   0   0   0  99   0   0   0   0   0  2.19 0.07
   65 G     0  -3  -1  -2  -3  -2  -3   6  -3  -4  -4  -2  -3  -4  -3  -1  -2  -3  -4  -4    0   0   0   0   0   0   0 100   0   0   0   0   0   0   0   0   0   0   0   0  1.23 0.06
   66 H    -2  -1   0  -2  -4   0  -1  -3   9  -4  -3  -1  -2  -2  -3  -1  -2  -3   1  -4    0   0   0   0   0   0   0   0 100   0   0   0   0   0   0   0   0   0   0   0  1.33 0.08
   67 P    -1  -3  -3  -2  -3  -2  -2  -3  -3  -3  -4  -2  -3  -4   8  -1  -2  -4  -4  -3    0   0   0   0   0   0   0   0   0   0   0   0   0   0 100   0   0   0   0   0  2.23 0.07
   68 Y    -3  -3  -3  -4  -3  -3  -3  -4  -1  -1   0  -3  -1   7  -4  -3  -2   1   5  -1    0   0   0   0   0   0   0   0   0   0   0   0   0  81   0   0   0   0  19   0  0.93 0.06
   69 I    -2  -4  -4  -4  -2  -3  -4  -4  -4   5   1  -3   1  -1  -3  -3  -1  -3  -2   2    0   0   0   0   0   0   0   0   0  99   0   0   0   0   0   0   0   0   0   1  0.60 0.06
   70 M    -1  -2  -3  -4  -2  -1  -3  -3  -2   1   2  -1   7   0  -3  -2  -1  -2  -2   0    0   0   0   0   0   0   0   0   0   0   4   2  94   0   0   0   0   0   0   0  0.70 0.08
   71 T     0  -2   0  -2  -1  -1  -1  -2  -2  -1  -2  -1  -1  -3  -2   1   6  -3  -2   0    0   0   0   0   0   0   0   0   0   0   0   0   0   0   0   0 100   0   0   0  0.71 0.07
   72 V    -1  -3  -3  -4  -1  -3  -3  -4  -4   2   0  -3   0  -1  -3  -2   0  -3  -2   5    0   0   0   0   0   0   0   0   0   0   0   0   0   0   0   0   0   0   0 100  0.54 0.06
   73 G     0  -3  -1  -2  -3  -2  -3   6  -3  -4  -4  -2  -3  -4  -3  -1  -2  -3  -4  -4    0   0   0   0   0   0   0 100   0   0   0   0   0   0   0   0   0   0   0   0  1.23 0.06
   74 A     0  -4  -3  -4  10  -3  -4  -3  -4  -2  -2  -4  -2  -3  -3  -1  -1  -3  -3  -1    3   0   0   0  96   0   0   0   0   0   0   0   0   0   0   0   1   0   0   0  1.60 0.08
   75 V     0  -3  -3  -4  -1  -3  -3  -4  -4   2   0  -3   0  -1  -3  -2   0  -3  -2   5    1   0   0   0   0   0   0   0   0   0   0   0   0   0   0   0   0   0   0  99  0.53 0.05
   76 A     5  -2  -2  -2  -1  -1  -1   0  -2  -2  -2  -1  -1  -3  -1   1   0  -3  -2  -1  100   0   0   0   0   0   0   0   0   0   0   0   0   0   0   0   0   0   0   0  0.58 0.06
   77 G     0  -3  -1  -2  -3  -2  -3   6  -3  -4  -4  -2  -3  -4  -3  -1  -2  -3  -4  -4    0   0   0   0   0   0   0 100   0   0   0   0   0   0   0   0   0   0   0   0  1.23 0.06
   78 D    -2  -2   1   7  -4  -1   1  -2  -2  -4  -4  -1  -4  -4  -2  -1  -2  -5  -4  -4    0   0   0 100   0   0   0   0   0   0   0   0   0   0   0   0   0   0   0   0  1.17 0.06
   79 E    -1  -1  -1   1  -4   2   6  -3  -1  -4  -3   0  -3  -4  -2  -1  -1  -3  -3  -3    0   0   0   0   0   0 100   0   0   0   0   0   0   0   0   0   0   0   0   0  0.94 0.06
   80 E    -1   0  -1   2  -4   2   6  -3  -1  -4  -3   1  -3  -4  -2  -1  -1  -3  -3  -3    0   0   0   3   0   0  94   0   0   0   0   3   0   0   0   0   0   0   0   0  0.88 0.06
   81 S     0  -1   0  -1   3  -1  -1  -1  -2  -2  -2  -1  -1  -3  -1   3   4  -3  -2  -1    1   0   0   0  10   0   0   0   0   0   0   0   0   0   0  33  57   0   0   0  0.45 0.04
   82 Y    -2  -2  -3  -4  -3  -2  -3  -4   1  -2  -2  -2  -2   3  -4  -2  -2   2   8  -2    0   0   0   0   0   0   0   0   0   0   0   0   0   1   0   0   0   0  99   0  1.23 0.08
   83 D    -1  -1   0   4  -4   1   5  -2  -1  -3  -3   0  -3  -4  -2   0  -1  -4  -3  -2    0   0   0  26   0   0  69   0   0   1   0   1   0   0   0   0   1   0   0   2  0.71 0.04
   84 V    -1  -3  -3  -4  -1  -3  -3  -4  -4   2   0  -3   0  -1  -3  -2   0  -3  -2   5    0   0   0   0   0   0   0   0   0   0   0   0   0   0   0   0   4   0   0  96  0.50 0.05
   85 F    -3  -3  -4  -4  -3  -4  -4  -4  -2  -1   0  -4   0   7  -4  -3  -3   1   3  -1    0   0   0   0   0   0   0   0   0   0   0   0   0  99   0   0   0   0   1   0  1.04 0.07
   86 K    -1   2  -1  -1  -2   1   0  -1   0  -3  -3   5  -2  -3  -1   0  -1  -3  -2  -3    0   2   0   0   1   2   0   1   2   0   0  89   0   0   1   1   0   0   1   0  0.61 0.05
   87 D    -1  -1   0   4  -4   1   4  -2  -1  -4  -3   0  -3  -4  -1   0  -1  -4  -3  -3    2   0   0  40   0   0  55   1   0   0   1   1   0   0   1   0   0   0   0   0  0.72 0.04
   88 L    -2  -3  -4  -4  -2  -3  -3  -4  -3   1   5  -3   2   0  -3  -3  -2  -2  -1   1    0   0   0   0   0   0   0   0   0   1  97   0   0   1   0   0   0   0   0   2  0.58 0.05
   89 F    -2  -3  -4  -4  -2  -3  -3  -4  -3   1   4  -3   2   4  -4  -3  -2  -1   1   0    0   0   0   0   0   0   0   0   0   0  63   0   3  34   0   0   0   0   0   0  0.49 0.04
   90 D    -2  -2   1   7  -4  -1   1  -2  -2  -4  -4  -1  -4  -4  -2  -1  -1  -5  -4  -4    0   0   1  99   0   0   0   0   0   0   0   0   0   0   0   0   0   0   0   0  1.15 0.06
   91 P    -1  -2  -2  -2  -3  -2  -2  -3  -3  -2  -3  -1  -3  -4   8  -1  -1  -4  -3  -3    0   0   0   0   0   0   0   0   0   2   0   3   0   0  94   0   1   0   0   0  2.01 0.07
   92 I    -1  -3  -3  -4  -1  -3  -3  -4  -4   4   1  -3   1  -1  -3  -2  -1  -3  -2   4    0   0   0   0   0   0   0   0   0  31   0   0   0   0   0   0   0   0   0  69  0.46 0.04
   93 I    -2  -4  -4  -4  -2  -3  -4  -4  -4   5   1  -3   1  -1  -3  -3  -1  -3  -2   2    0   0   0   0   0   0   0   0   0 100   0   0   0   0   0   0   0   0   0   0  0.61 0.06
   94 E    -1   1   0   1  -4   3   5  -2   1  -4  -3   1  -2  -4  -2   0  -1  -3  -2  -3    0   4   0   0   0  20  69   0   2   0   0   2   0   0   0   3   0   0   0   0  0.67 0.04
   95 D    -1  -2   1   7  -4  -1   1  -2  -1  -4  -4  -1  -4  -4  -2  -1  -1  -5  -4  -4    3   0   0  96   0   0   1   0   1   0   0   0   0   0   0   0   0   0   0   0  1.08 0.06
   96 R    -2   6  -1  -2  -4   1  -1  -3  -1  -4  -3   2  -2  -3  -3  -1  -2   2  -2  -3    0  97   0   0   0   0   0   0   0   0   0   0   0   0   0   0   0   3   0   0  0.95 0.06
   97 H    -2  -1   0  -2  -4   0  -1  -3   9  -4  -3  -1  -2  -2  -3  -1  -2  -3   1  -4    0   0   0   0   0   0   0   0 100   0   0   0   0   0   0   0   0   0   0   0  1.33 0.08
   98 G     0  -3   0  -1  -3  -2  -2   6  -2  -4  -4  -2  -3  -4  -3   0  -2  -3  -3  -4    0   0   5   0   0   0   0  93   0   0   0   0   0   0   0   2   0   0   0   0  1.09 0.05
   99 G     0  -3  -1  -2  -3  -2  -3   6  -3  -4  -4  -2  -3  -4  -3  -1  -2  -3  -4  -4    0   0   0   0   0   0   0 100   0   0   0   0   0   0   0   0   0   0   0   0  1.23 0.06
  100 Y    -2  -2  -3  -4  -3  -2  -3  -4   1  -2  -2  -2  -2   3  -4  -2  -2   2   8  -2    0   0   0   0   0   0   0   0   0   0   0   0   0   0   0   0   0   0 100   0  1.24 0.08
  101 Q    -1   2  -1  -1  -4   1   0  -2  -1  -3  -3   6  -2  -4  -1  -1  -1  -3  -2  -3    0   0   0   0   0   1   0   0   0   0   1  98   0   0   0   0   0   0   0   0  0.70 0.06
  102 P    -1  -3  -2  -2  -3  -2  -2  -2  -3  -3  -3  -1  -3  -4   8  -1  -1  -4  -3  -3    3   0   0   0   0   0   0   0   0   0   0   0   0   0  94   3   0   0   0   0  2.02 0.07
  103 S     0  -1   0  -1  -1  -1  -1  -1  -2  -2  -2  -1  -1  -3  -1   3   5  -3  -2  -1    0   0   0   1   0   0   0   2   0   0   0   0   0   0   0  27  70   0   0   0  0.50 0.05
  104 D    -2  -2   1   7  -4  -1   1  -2  -2  -4  -4  -1  -4  -4  -2  -1  -2  -5  -4  -4    0   0   1  99   0   0   0   0   0   0   0   0   0   0   0   0   0   0   0   0  1.16 0.06
  105 E    -1   2   0  -1  -3   3   2  -2  -1  -3  -3   5  -1  -4  -1   0  -1  -3  -2  -2    0   0   1   0   0  15   8   0   0   0   0  73   1   0   0   0   2   0   0   1  0.54 0.04
  106 H    -2  -1   0  -2  -4   0  -1  -3   9  -4  -3  -1  -2  -2  -3  -1  -2  -3   1  -4    0   0   0   0   0   0   0   0 100   0   0   0   0   0   0   0   0   0   0   0  1.33 0.08
  107 K    -1   2  -1  -1  -4   1   0  -2  -1  -3  -3   6  -2  -4  -1  -1  -1  -4  -2  -3    0   3   0   0   0   0   0   0   0   0   0  97   0   0   0   0   0   0   0   0  0.72 0.06
  108 T     0  -2   0  -2  -1  -1  -1  -2  -2  -1  -2  -1  -1  -3  -2   1   6  -3  -2   0    0   0   0   0   0   0   0   0   0   0   0   0   0   0   0   0 100   0   0   0  0.71 0.07
  109 D    -2  -2   1   7  -4  -1   1  -2  -2  -4  -4  -1  -4  -4  -2  -1  -2  -5  -4  -4    0   0   0 100   0   0   0   0   0   0   0   0   0   0   0   0   0   0   0   0  1.17 0.06
  110 L    -2  -3  -4  -4  -2  -3  -3  -4  -3   2   4  -3   2   0  -3  -3  -2  -2  -1   1    0   0   0   0   0   0   0   0   0   4  95   0   1   0   0   0   0   0   0   0  0.57 0.04
  111 N    -2  -1   6   2  -3   0   0  -1   1  -4  -4   0  -3  -4  -2   0   0  -4  -2  -3    0   0  88   4   0   0   1   0   2   0   0   3   0   0   0   0   1   0   0   0  0.85 0.06
  112 P     1  -2  -1  -2  -2  -1  -1  -2   2  -3  -3  -1  -2  -1   6   1  -1   0  -1  -2   16   0   0   0   0   0   0   0   9   0   0   0   0   3  54  15   0   1   1   0  0.93 0.04
  113 D     0  -1   2   4  -3   0   3  -1  -1  -3  -3   0  -2  -3  -2   1  -1  -4  -3  -3   14   0   8  40   0   1  30   1   0   0   0   0   0   0   0   7   0   0   0   0  0.50 0.03
  114 N    -2  -1   6   1  -3   0  -1  -1   4  -4  -4   0  -3  -3  -3   0  -1  -4  -2  -3    0   0  84   0   0   0   0   0  15   0   0   1   0   0   0   1   0   0   0   0  0.83 0.06
  115 L    -2  -3  -4  -4  -2  -3  -3  -4  -3   1   5  -3   2   0  -3  -3  -2  -2  -1   1    0   0   0   0   0   0   0   0   0   0 100   0   0   0   0   0   0   0   0   0  0.61 0.05
  116 Q    -1   2   0  -1  -3   4   1  -2  -1  -3  -3   5  -1  -4  -1   0  -1  -3  -2  -2    0   0   0   0   0  31   1   0   0   0   0  67   0   0   0   0   0   0   0   1  0.59 0.05
  117 G     0  -3  -1  -2  -3  -2  -3   6  -3  -4  -4  -2  -3  -4  -3  -1  -2  -3  -4  -4    0   0   0   0   0   0   0 100   0   0   0   0   0   0   0   0   0   0   0   0  1.23 0.06
  118 G     0  -3  -1  -2  -3  -2  -3   6  -3  -4  -4  -2  -3  -4  -3  -1  -2  -3  -4  -4    0   0   0   0   0   0   0 100   0   0   0   0   0   0   0   0   0   0   0   0  1.23 0.06
  119 D    -2  -2   1   7  -4  -1   1  -2  -2  -4  -4  -1  -4  -4  -2  -1  -2  -5  -4  -4    0   0   0 100   0   0   0   0   0   0   0   0   0   0   0   0   0   0   0   0  1.17 0.06
  120 D    -2  -2   2   7  -4  -1   1  -2  -1  -4  -4  -1  -4  -4  -2  -1  -1  -5  -4  -4    0   0   4  96   0   0   0   0   0   0   0   0   0   0   0   0   0   0   0   0  1.10 0.06
  121 L    -2  -3  -4  -4  -2  -3  -3  -4  -3   1   5  -3   2   0  -3  -3  -2  -2  -1   1    0   0   0   0   0   0   0   0   0   0 100   0   0   0   0   0   0   0   0   0  0.61 0.05
  122 D    -2  -2   1   7  -4  -1   1  -2  -2  -4  -4  -1  -4  -4  -2  -1  -2  -5  -4  -4    0   0   0 100   0   0   0   0   0   0   0   0   0   0   0   0   0   0   0   0  1.17 0.06
  123 P    -1  -2  -2  -2  -3  -1  -1  -2  -3  -3  -3  -1  -3  -4   8   0  -1  -4  -3  -3    1   0   0   0   0   1   0   0   0   0   0   0   0   0  89  10   0   0   0   0  1.87 0.06
  124 N    -2  -1   6   2  -3   0   0  -1   0  -4  -4   0  -3  -4  -2   0  -1  -4  -3  -3    1   0  86   6   0   0   0   0   1   0   0   6   0   0   0   0   0   0   0   0  0.82 0.06
  125 Y    -2  -2  -3  -4  -3  -2  -3  -4   1  -2  -2  -2  -2   3  -3  -2  -2   2   8  -2    0   0   0   0   0   0   0   0   0   0   0   0   0   1   0   0   0   0  96   0  1.15 0.08
  126 V    -1  -3  -3  -4  -1  -3  -3  -4  -4   2   0  -3   0  -1  -3  -2   0  -3  -2   5    0   0   0   0   0   0   0   0   0   0   0   0   0   0   0   0   0   0   0 100  0.54 0.06
  127 L    -2  -3  -4  -4  -2  -2  -3  -4  -3   2   4  -3   2   0  -3  -3  -2  -2  -1   1    0   0   0   0   0   1   0   0   0   6  93   0   0   1   0   0   0   0   0   0  0.55 0.04
  128 S     1  -1   0  -1  -1   0  -1  -1  -1  -3  -3  -1  -2  -3  -1   5   1  -3  -2  -2    0   0   0   0   0   0   0   0   0   0   0   0   0   0   0 100   0   0   0   0  0.64 0.06
  129 S     1  -1   0  -1   0  -1  -1  -1  -1  -3  -3  -1  -2  -3  -1   5   1  -3  -2  -2    1   0   0   0   2   0   0   0   0   0   0   0   0   0   0  97   1   0   0   0  0.61 0.06
  130 R    -2   7  -1  -2  -4   1  -1  -3  -1  -4  -3   2  -2  -3  -3  -1  -2  -3  -2  -3    0 100   0   0   0   0   0   0   0   0   0   0   0   0   0   0   0   0   0   0  1.00 0.06
  131 V    -1  -3  -3  -4  -1  -3  -3  -4  -4   2   0  -3   0  -1  -3  -2   0  -3  -2   5    0   0   0   0   0   0   0   0   0   0   0   0   0   0   0   0   0   0   0 100  0.54 0.06
  132 R    -2   7  -1  -2  -4   1  -1  -3  -1  -4  -3   2  -2  -3  -3  -1  -2  -3  -2  -3    0 100   0   0   0   0   0   0   0   0   0   0   0   0   0   0   0   0   0   0  1.00 0.06
  133 T     0  -2   0  -2  -1  -1  -1  -2  -2  -1  -2  -1  -1  -3  -2   1   6  -3  -2   0    0   0   0   0   0   0   0   0   0   0   0   0   0   0   0   0 100   0   0   0  0.71 0.07
  134 G     0  -3  -1  -2  -3  -2  -3   6  -3  -4  -4  -2  -3  -4  -3  -1  -2  -3  -4  -4    0   0   0   0   0   0   0 100   0   0   0   0   0   0   0   0   0   0   0   0  1.23 0.06
  135 R    -2   7  -1  -2  -4   1  -1  -3  -1  -4  -3   2  -2  -3  -3  -1  -2  -3  -2  -3    0 100   0   0   0   0   0   0   0   0   0   0   0   0   0   0   0   0   0   0  1.00 0.06
  136 S     1  -1   0  -1  -1   0  -1  -1  -1  -3  -3  -1  -2  -3  -1   5   1  -3  -2  -2    0   0   0   0   0   0   0   0   0   0   0   0   0   0   0 100   0   0   0   0  0.64 0.06
  137 I    -2  -3  -4  -4  -2  -3  -4  -4  -4   5   1  -3   1  -1  -3  -3  -1  -3  -2   3    0   0   0   0   0   0   0   0   0  86   0   0   0   0   0   0   0   0   0  14  0.54 0.05
  138 R    -2   6  -1  -2   0   1   0  -3   0  -3  -3   3  -2  -3  -2  -1  -1  -3  -2  -3    0  79   0   0   4   0   0   0   1   1   0  16   0   0   0   0   0   0   0   0  0.75 0.05
  139 G     0  -3  -1  -2  -3  -2  -2   6  -2  -4  -4  -2  -3  -4  -3   0  -2  -3  -4  -4    1   0   1   0   0   0   0  97   0   0   0   1   0   0   0   1   0   0   0   0  1.16 0.05
  140 F    -3  -3  -3  -4  -3  -3  -4  -4  -1   0   0  -3   0   7  -4  -3  -2   1   4  -1    0   0   0   0   0   0   0   0   0   2   2   0   0  80   0   0   0   0  16   0  0.87 0.05
  141 C     0  -3  -2  -3   9  -3  -3  -2  -3  -2  -2  -3  -2  -3  -3   0   1  -3  -3  -1    3   0   0   0  79   0   0   1   0   0   0   0   0   0   0   5  12   0   0   0  1.17 0.07
  142 L    -2  -3  -4  -4  -2  -3  -3  -4  -3   1   5  -3   2   0  -3  -3  -2  -2  -1   1    0   0   0   0   0   0   0   0   0   0 100   0   0   0   0   0   0   0   0   0  0.61 0.05
  143 P    -1  -3  -3  -2  -3  -2  -2  -3  -3  -3  -4  -2  -3  -4   8  -1  -2  -4  -4  -3    0   0   0   0   0   0   0   0   0   0   0   0   0   0 100   0   0   0   0   0  2.23 0.07
  144 P    -1  -3  -2  -2  -3  -1  -1  -3  -3  -3  -3  -1  -3  -4   8  -1  -2  -4  -3  -3    0   0   0   0   0   3   0   0   0   0   0   0   0   0  97   0   0   0   0   0  2.13 0.07
  145 H    -2  -1   0  -2  -4   0  -1  -3   9  -4  -3  -1  -2  -2  -3  -1  -2  -3   1  -4    0   0   0   0   0   0   0   0 100   0   0   0   0   0   0   0   0   0   0   0  1.33 0.08
  146 C    -1  -4  -3  -4  10  -4  -4  -3  -4  -2  -2  -4  -2  -3  -3  -1  -1  -3  -3  -1    0   0   0   0  99   0   0   0   0   0   0   0   0   0   0   1   0   0   0   0  1.68 0.08
  147 S     1  -1   0  -1  -1   0  -1  -1  -1  -3  -3  -1  -2  -3  -1   5   1  -3  -2  -2    0   0   0   0   0   0   0   0   0   0   0   0   0   0   0  99   1   0   0   0  0.63 0.06
  148 R    -2   7  -1  -2  -4   1  -1  -3  -1  -4  -3   2  -2  -3  -3  -1  -2  -3  -2  -3    0 100   0   0   0   0   0   0   0   0   0   0   0   0   0   0   0   0   0   0  1.00 0.06
  149 G     0  -3  -1  -2  -3  -2  -3   6  -3  -4  -4  -2  -3  -4  -3  -1  -2  -3  -4  -4    1   0   0   0   0   0   0  99   0   0   0   0   0   0   0   0   0   0   0   0  1.21 0.05
  150 E    -1  -1  -1   1  -4   2   6  -3  -1  -4  -3   0  -3  -4  -2  -1  -1  -3  -3  -3    0   0   0   0   0   0 100   0   0   0   0   0   0   0   0   0   0   0   0   0  0.94 0.06
  151 R    -2   7  -1  -2  -4   1  -1  -3  -1  -4  -3   2  -2  -3  -3  -1  -2  -3  -2  -3    0 100   0   0   0   0   0   0   0   0   0   0   0   0   0   0   0   0   0   0  1.00 0.06
  152 R    -2   7  -1  -2  -4   1  -1  -3  -1  -4  -3   2  -2  -3  -3  -1  -2  -3  -2  -3    0 100   0   0   0   0   0   0   0   0   0   0   0   0   0   0   0   0   0   0  1.00 0.06
  153 A     4  -2  -2  -2  -1  -1  -1   1  -2  -2  -2  -1  -1  -3  -1   1   0  -3  -2  -1   85   0   0   0   0   0   1   9   0   0   2   0   1   0   0   0   1   0   0   1  0.45 0.04
  154 I    -1  -3  -4  -4  -1  -3  -3  -4  -4   4   1  -3   1  -1  -3  -2  -1  -3  -2   4    0   0   0   0   0   0   0   0   0  58   0   0   0   0   0   0   0   0   0  42  0.47 0.04
  155 E    -1  -1  -1   1  -4   2   6  -3  -1  -4  -3   0  -3  -4  -2  -1  -1  -3  -3  -3    0   0   0   0   0   0 100   0   0   0   0   0   0   0   0   0   0   0   0   0  0.94 0.06
  156 K    -1   1   2   0  -3   1   1  -1  -1  -3  -3   4  -1  -3  -1   0   0  -3  -2  -2    3   0  12   3   0   3   3   1   0   0   0  67   1   0   0   3   5   0   0   0  0.42 0.04
  157 L    -2  -3  -4  -4  -2  -2  -3  -4  -3   1   5  -3   2   0  -3  -3  -2  -2  -1   1    0   0   0   0   0   0   0   0   0   0  96   0   4   0   0   0   0   0   0   0  0.59 0.05
  158 A     2  -1   0  -1   0  -1  -1  -1  -1  -2  -3  -1  -2  -3  -1   4   1  -3  -2  -2   14   0   0   0   2   0   0   0   0   1   0   0   0   0   0  83   1   0   0   0  0.50 0.05
  159 V    -1  -3  -2  -3  -1  -2  -2  -4  -3   4   1  -3   1  -1  -3  -2   0  -3  -2   3    0   0   2   0   0   0   3   0   0  52   1   0   1   0   0   0   1   0   0  41  0.37 0.03
  160 E    -1   0   0   1  -4   2   5  -2   0  -4  -3   1  -2  -4  -2   0  -1  -3  -2  -3    0   1   2   3   0   8  79   0   0   0   0   6   0   0   0   0   1   0   0   0  0.73 0.05
  161 A     4  -2  -2  -2   0  -1  -1   0  -2  -2  -2  -1  -1  -3  -1   2   0  -3  -2   0   82   0   0   0   1   0   0   4   0   0   0   0   0   0   0  11   1   0   0   1  0.45 0.04
  162 L    -2  -3  -4  -4  -2  -3  -3  -4  -3   1   5  -3   2   0  -3  -3  -2  -2  -1   1    0   0   0   0   0   0   0   0   0   0  96   0   0   0   0   0   0   0   0   4  0.58 0.04
  163 S     2  -1   2   3  -2  -1   0   2  -1  -3  -3  -1  -2  -3  -1   2   0  -3  -3  -2   27   0  11  23   0   0   0  16   0   0   0   1   0   0   0  21   1   0   0   0  0.32 0.02
  164 S     2  -1   0  -1   0   0  -1  -1  -1  -2  -2   0  -1  -3  -1   4   1  -3  -2  -1   19   0   2   0   1   1   0   0   0   1   1   2   0   0   0  71   1   0   0   2  0.40 0.04
  165 L    -2  -3  -4  -4  -2  -3  -3  -4  -3   1   5  -3   2   0  -3  -3  -2  -2  -1   1    0   0   0   0   0   0   0   0   0   0 100   0   0   0   0   0   0   0   0   0  0.61 0.05
  166 D     0  -1   1   4  -2   0   2  -1  -1  -2  -3  -1  -2  -3  -1   2   2  -4  -3  -2    1   0   0  39   0   1  14   1   0   1   0   0   0   0   0  28  15   0   0   0  0.43 0.03
  167 G     0  -3  -1  -2  -3  -2  -2   6  -2  -4  -4  -2  -3  -4  -3  -1  -2  -3  -4  -4    0   0   0   0   0   0   2  98   0   0   0   0   0   0   0   1   0   0   0   0  1.18 0.05
  168 D    -2  -2   1   6  -4   0   3  -2  -1  -4  -4  -1  -3  -4  -2  -1  -1  -4  -3  -4    0   0   1  80   0   0  19   0   0   0   0   0   0   0   0   0   0   0   0   0  0.95 0.05
  169 L    -2  -3  -4  -4  -2  -3  -3  -4  -3   1   4  -3   2   3  -3  -3  -2  -1   0   0    0   0   0   0   0   0   0   0   0   0  82   0   0  18   0   0   0   0   0   0  0.51 0.04
  170 S     0   1   1  -1  -3   1   0  -2  -1  -3  -3   5  -2  -3  -1   0   0  -3  -2  -2    6   0   8   0   0   4   1   0   0   0   0  74   0   0   0   4   4   0   0   0  0.47 0.04
  171 G     0  -3  -1  -2  -3  -2  -3   6  -3  -4  -4  -2  -3  -4  -3  -1  -2   0  -3  -4    0   0   0   0   0   0   0  99   0   0   0   0   0   0   0   0   0   1   0   0  1.20 0.05
  172 R    -1   3  -1  -1  -4   1   0  -2  -1  -3  -3   5  -2  -4  -2  -1  -1  -3  -2  -3    0   9   0   0   0   1   0   0   0   0   0  88   0   0   0   0   2   0   0   0  0.65 0.05
  173 Y    -2  -2  -3  -4  -3  -2  -3  -4   1  -2  -2  -2  -2   3  -4  -2  -2   2   8  -2    0   0   0   0   0   0   0   0   0   0   0   0   0   0   0   0   0   0 100   0  1.24 0.08
  174 Y    -2  -2  -3  -4  -3  -2  -3  -4   1  -2  -2  -2  -2   3  -4  -2  -2   2   8  -2    0   0   0   0   0   0   0   0   0   0   0   0   0   1   0   0   0   0  99   0  1.22 0.08
  175 A     4  -2  -2  -2  -1  -1  -1   0  -2  -2  -2  -1  -2  -3   3   1   0  -3  -2  -1   81   0   0   1   0   0   0   0   0   0   0   0   0   0  15   2   0   0   0   0  0.53 0.04
  176 L    -2  -3  -4  -4  -2  -3  -3  -4  -3   1   5  -3   2   0  -3  -3  -2  -2  -1   1    0   0   0   0   0   0   0   0   0   0 100   0   0   0   0   0   0   0   0   0  0.61 0.05
  177 K    -1   2   0  -1  -4   1   0  -2  -1  -3  -3   5  -2  -4  -1   0  -1  -4  -2  -3    1   2   3   0   0   0   0   0   0   0   0  94   0   0   0   1   0   0   0   0  0.67 0.06
  178 S    -1  -1   6   2  -3   0   0   0   0  -3  -4   0  -2  -3  -2   1   0  -4  -3  -3    2   0  67  12   0   0   0   2   0   0   0   1   0   0   0  14   1   0   0   0  0.62 0.04
  179 M    -2  -2  -3  -4  -2  -1  -3  -3  -2   1   2  -2   8  -1  -3  -2  -1  -2  -2   0    0   0   0   0   0   0   0   0   0   0   0   0 100   0   0   0   0   0   0   0  0.79 0.08
  180 T     0  -1   0  -1  -1  -1  -1  -2  -2  -1  -2  -1  -1  -3  -1   2   5  -3  -2  -1    0   0   0   0   0   0   0   0   0   0   1   0   0   0   0  15  84   0   0   0  0.58 0.05
  181 E    -2  -1   0   5  -4   1   4  -2  -1  -4  -4   0  -3  -4  -2  -1  -1  -4  -3  -3    0   0   0  53   0   0  47   0   0   0   0   0   0   0   0   0   0   0   0   0  0.81 0.05
  182 A     3  -1  -1   0  -2   2   2  -1  -1  -2  -2   0  -1  -3  -1   0  -1  -3  -2  -1   54   0   0   3   0  14  24   1   0   0   0   4   0   0   0   1   0   0   0   0  0.33 0.03
  183 E    -1  -1  -1   1  -4   2   6  -3  -1  -4  -3   0  -3  -4  -2  -1  -1  -3  -3  -3    0   0   0   1   0   1  99   0   0   0   0   0   0   0   0   0   0   0   0   0  0.93 0.06
  184 Q    -1   1   0  -1  -4   7   2  -2   0  -3  -3   1  -1  -4  -2  -1  -1  -3  -2  -3    0   0   0   0   0 100   0   0   0   0   0   0   0   0   0   0   0   0   0   0  0.95 0.08
  185 Q    -1   1   0  -1  -4   7   2  -2   0  -3  -3   1  -1  -4  -2  -1  -1  -3  -2  -3    0   0   0   0   0  98   1   0   0   0   0   0   0   0   0   0   1   0   0   0  0.93 0.07
  186 Q    -1   1   0  -1  -3   7   1  -2   0  -3  -3   1  -1  -4  -2  -1  -1  -3  -2  -3    1   1   1   0   0  96   0   0   0   0   0   1   0   0   0   0   1   0   0   0  0.89 0.07
  187 L    -2  -3  -4  -4  -2  -3  -3  -4  -3   1   5  -3   2   0  -3  -3  -2  -2  -1   1    0   0   0   0   0   0   0   0   0   0 100   0   0   0   0   0   0   0   0   0  0.61 0.05
  188 I    -2  -4  -4  -4  -2  -3  -4  -4  -4   5   1  -3   1  -1  -3  -3  -1  -3  -2   2    0   0   0   0   0   0   0   0   0 100   0   0   0   0   0   0   0   0   0   0  0.61 0.06
  189 D    -2  -2   1   7  -4  -1   1  -2  -2  -4  -4  -1  -4  -4  -2  -1  -2  -5  -4  -4    0   0   0  99   0   0   1   0   0   0   0   0   0   0   0   0   0   0   0   0  1.16 0.06
  190 D    -2  -2   1   7  -4  -1   1  -2  -1  -4  -4  -1  -4  -3  -2  -1  -2  -4  -1  -4    0   0   0  97   0   0   0   0   0   0   0   0   0   0   0   0   0   0   3   0  1.09 0.06
  191 H    -2  -1   0  -2  -4   0  -1  -3   9  -4  -3  -1  -2  -2  -3  -1  -2  -3   1  -4    0   0   0   0   0   0   0   0 100   0   0   0   0   0   0   0   0   0   0   0  1.33 0.08
  192 F    -3  -3  -4  -4  -3  -4  -4  -4  -2  -1   0  -4   0   7  -4  -3  -3   1   3  -1    0   0   0   0   0   0   0   0   0   0   1   0   0  99   0   0   0   0   0   0  1.04 0.07
  193 L    -2  -3  -4  -4  -2  -3  -3  -4  -3   1   5  -3   2   0  -3  -3  -2  -2  -1   1    0   0   0   0   0   0   0   0   0   0 100   0   0   0   0   0   0   0   0   0  0.61 0.05
  194 F    -3  -3  -4  -4  -3  -4  -4  -4  -2  -1   0  -4   0   7  -4  -3  -3   1   3  -1    0   0   0   0   0   0   0   0   0   0   0   0   0 100   0   0   0   0   0   0  1.06 0.07
  195 D    -2  -2   1   7  -4  -1   1  -2  -2  -4  -4  -1  -4  -4  -2  -1  -2  -5  -4  -4    0   0   0 100   0   0   0   0   0   0   0   0   0   0   0   0   0   0   0   0  1.17 0.06
  196 K    -1   2  -1  -1  -4   1   0  -2  -1  -3  -3   6  -2  -4  -1  -1  -1  -4  -2  -3    0   0   0   0   0   0   0   0   0   0   0 100   0   0   0   0   0   0   0   0  0.74 0.06
  197 P    -1  -3  -3  -2  -3  -2  -2  -3  -3  -3  -4  -2  -3  -4   8  -1  -2  -4  -4  -3    0   0   0   0   0   0   0   0   0   0   0   0   0   0 100   0   0   0   0   0  2.23 0.07
  198 V    -1  -3  -3  -4  -1  -3  -3  -4  -4   3   1  -3   0  -1  -3  -2   0  -3  -2   5    0   0   0   0   0   0   0   0   0   3   1   0   0   0   0   0   0   0   0  96  0.52 0.05
  199 S     1  -1   0  -1  -1   0  -1  -1  -1  -3  -3  -1  -2  -3  -1   5   1  -3  -2  -2    0   0   0   0   0   0   0   0   0   0   0   0   0   0   0 100   0   0   0   0  0.64 0.06
  200 P    -1  -3  -3  -2  -3  -2  -2  -3  -3  -3  -4  -2  -3  -4   8  -1  -2  -4  -4  -3    0   0   0   0   0   0   0   0   0   0   0   0   0   0 100   0   0   0   0   0  2.23 0.07
  201 L    -2  -2  -4  -4  -2  -1  -3  -4  -3   1   5  -3   2   0  -3  -3  -2  -2  -1   0    0   0   0   0   0   3   0   0   0   0  97   0   0   0   0   0   0   0   0   0  0.56 0.05
  202 L    -2  -3  -4  -4  -2  -3  -3  -4  -3   1   5  -3   2   0  -3  -3  -2  -2  -1   1    0   0   0   0   0   0   0   0   0   0 100   0   0   0   0   0   0   0   0   0  0.61 0.05
  203 L    -2  -3  -4  -4  -2  -3  -3  -4  -3   1   5  -3   2   0  -3  -3  -1  -2  -1   1    0   0   0   0   0   0   0   0   0   0  99   0   0   0   0   0   1   0   0   0  0.60 0.05
  204 A     5  -2  -2  -2   1  -1  -1   0  -2  -2  -2  -1  -1  -3  -1   1   0  -3  -2  -1   93   0   0   0   3   0   0   0   0   0   0   0   0   0   0   4   0   0   0   0  0.52 0.05
  205 S     2  -1   0  -1  -1  -1  -1  -1  -1  -3  -3  -1  -2  -3  -1   5   1  -3  -2  -2   12   0   0   0   0   0   0   0   0   0   0   0   0   0   0  88   0   0   0   0  0.55 0.05
  206 G     0  -3  -1  -2  -3  -2  -3   6  -3  -4  -4  -2  -3  -4  -3  -1  -2  -3  -4  -4    0   0   0   0   0   0   0 100   0   0   0   0   0   0   0   0   0   0   0   0  1.23 0.06
  207 M    -2  -2  -3  -4  -2  -1  -3  -3  -2   1   2  -2   8  -1  -3  -2  -1  -2  -2   0    0   1   0   0   0   0   0   0   0   0   0   0  99   0   0   0   0   0   0   0  0.78 0.08
  208 A     4  -2  -2  -2  -1  -1  -1   2  -2  -2  -2  -1  -1  -3  -1   1   0  -3  -2  -1   88   0   0   0   0   0   0  12   0   0   0   0   0   0   0   0   0   0   0   0  0.51 0.05
  209 R    -2   7  -1  -2  -4   1  -1  -3  -1  -4  -3   2  -2  -3  -3  -1  -2  -3  -2  -3    0 100   0   0   0   0   0   0   0   0   0   0   0   0   0   0   0   0   0   0  1.00 0.06
  210 D    -2  -2   1   7  -4  -1   1  -2  -2  -4  -4  -1  -4  -4  -2  -1  -2  -5  -4  -4    0   0   0 100   0   0   0   0   0   0   0   0   0   0   0   0   0   0   0   0  1.17 0.06
  211 W    -3  -3  -4  -5  -3  -3  -4  -3  -3  -3  -2  -4  -2   0  -4  -3  -3  12   2  -4    0   0   0   0   0   0   0   0   0   0   0   0   0   0   0   0   0  99   0   0  2.78 0.10
  212 P    -1  -3  -3  -2  -3  -2  -2  -3  -3  -3  -3  -1  -3  -4   8  -1  -2  -4  -3  -3    0   0   0   0   0   0   0   0   0   0   0   0   0   0  99   0   0   0   0   0  2.18 0.07
  213 D    -2  -2   1   7  -4  -1   1  -2  -2  -4  -4  -1  -4  -4  -2  -1  -1  -5  -4  -4    0   0   0  99   0   0   0   0   0   0   0   0   0   0   0   0   0   0   0   0  1.14 0.06
  214 A     4  -2  -1  -2  -1  -1  -1   3  -2  -2  -2  -1  -2  -3  -1   1  -1  -3  -2  -1   71   0   0   0   0   0   0  27   0   0   0   0   0   0   0   1   0   0   0   0  0.48 0.04
  215 R    -2   6  -1  -2  -4   1   0  -3  -1  -3  -3   2  -2  -3  -3  -1  -2  -3  -2  -3    0  97   0   0   0   1   0   0   0   0   0   0   0   0   0   0   0   0   0   0  0.96 0.06
  216 G     0  -3  -1  -2  -3  -2  -3   6  -2  -4  -4  -2  -3  -4  -3  -1  -2  -3  -3  -4    0   0   0   0   0   0   0  99   0   0   0   0   0   0   0   0   0   0   0   0  1.19 0.05
  217 I    -2  -3  -4  -4  -2  -2  -3  -4  -4   5   1  -3   1  -1  -3  -3  -1  -3  -2   2    0   0   0   0   0   1   0   0   0  97   0   0   0   0   0   0   0   0   0   0  0.56 0.05
  218 W    -3  -3  -5  -5  -3  -3  -4  -3  -3  -3  -2  -4  -2   0  -5  -4  -3  12   2  -4    0   0   0   0   0   0   0   0   0   0   0   0   0   0   0   0   0 100   0   0  2.85 0.10
  219 H    -2  -1   0  -2  -4   0  -1  -3   9  -4  -3  -1  -2  -2  -3  -1  -2  -3   1  -4    0   0   0   0   0   0   0   0 100   0   0   0   0   0   0   0   0   0   0   0  1.33 0.08
  220 N    -2  -1   7   1  -3   0  -1  -1   0  -4  -4  -1  -3  -4  -3   0   0  -4  -3  -3    0   0 100   0   0   0   0   0   0   0   0   0   0   0   0   0   0   0   0   0  1.01 0.07
  221 D    -2  -2   2   6  -4  -1   2  -2  -1  -3  -4  -1  -3  -4  -2  -1  -1  -5  -3  -3    0   0   4  91   0   0   4   0   0   0   0   0   0   0   0   0   0   0   0   1  1.03 0.06
  222 N    -2  -1   6   1  -3   0   0   0   0  -3  -4   0  -2  -3  -2   1   0  -4  -2  -3    0   0  80   4   0   0   2   2   0   0   0   3   0   0   0   4   4   0   0   0  0.71 0.05
  223 K    -1   2  -1  -1  -4   1   0  -2  -1  -3  -3   6  -2  -4  -1  -1  -1  -4  -2  -3    0   0   0   0   0   0   0   0   0   0   0 100   0   0   0   0   0   0   0   0  0.74 0.06
  224 T     0  -2   0  -1  -1  -1  -1  -2  -2  -1  -2  -1  -1  -3  -2   1   6  -3  -2  -1    0   0   0   0   0   0   0   0   0   0   0   1   0   0   0   3  96   0   0   0  0.66 0.06
  225 F    -3  -3  -4  -4  -3  -4  -4  -4  -2  -1   0  -4   0   7  -4  -3  -3   1   3  -1    0   0   0   0   0   0   0   0   0   0   0   0   0 100   0   0   0   0   0   0  1.06 0.07
  226 L    -2  -3  -4  -4  -2  -3  -3  -4  -3   1   5  -3   2   0  -3  -3  -2  -2  -1   1    0   0   0   0   0   0   0   0   0   0 100   0   0   0   0   0   0   0   0   0  0.61 0.05
  227 V    -1  -3  -3  -4  -1  -3  -3  -4  -4   2   1  -3   0  -1  -3  -2   0  -3  -2   5    0   0   0   0   0   0   0   0   0   1   0   0   0   0   0   0   0   0   0  99  0.54 0.05
  228 W    -3  -3  -5  -5  -3  -3  -4  -3  -3  -3  -2  -4  -2   0  -5  -4  -3  12   2  -4    0   0   0   0   0   0   0   0   0   0   0   0   0   0   0   0   0 100   0   0  2.85 0.10
  229 I    -1  -3  -3  -4  -1  -3  -3  -4  -4   3   1  -3   1  -1  -3  -2   0  -3  -2   4    0   0   0   0   0   0   0   0   0  22   1   0   0   0   0   0   0   0   0  77  0.47 0.04
  230 N    -2  -1   7   1  -3   0  -1  -1   0  -4  -4  -1  -3  -4  -3   0   0  -4  -3  -3    0   0 100   0   0   0   0   0   0   0   0   0   0   0   0   0   0   0   0   0  1.01 0.07
  231 E    -1  -1  -1   1  -4   2   6  -3  -1  -4  -3   0  -3  -4  -2  -1  -1  -3  -3  -3    0   0   0   0   0   0 100   0   0   0   0   0   0   0   0   0   0   0   0   0  0.94 0.06
  232 E    -1  -1  -1   1  -4   2   6  -3  -1  -4  -3   0  -3  -4  -2  -1  -1  -3  -3  -3    0   0   0   0   0   0 100   0   0   0   0   0   0   0   0   0   0   0   0   0  0.94 0.06
  233 D    -2  -2   1   7  -4  -1   1  -2  -2  -4  -4  -1  -4  -4  -2  -1  -2  -5  -4  -4    0   0   0 100   0   0   0   0   0   0   0   0   0   0   0   0   0   0   0   0  1.17 0.06
  234 H    -2  -1   0  -2  -4   0  -1  -3   9  -4  -3  -1  -2  -2  -3  -1  -2  -3   1  -4    0   0   0   0   0   0   0   0 100   0   0   0   0   0   0   0   0   0   0   0  1.33 0.08
  235 L    -2  -3  -4  -4  -2  -3  -3  -4  -3   1   5  -3   2   0  -3  -3  -2  -2  -1   1    0   0   0   0   0   0   0   0   0   2  98   0   0   0   0   0   0   0   0   0  0.60 0.05
  236 R    -2   7  -1  -2  -4   1  -1  -3  -1  -4  -3   2  -2  -3  -3  -1  -2  -3  -2  -3    0 100   0   0   0   0   0   0   0   0   0   0   0   0   0   0   0   0   0   0  1.00 0.06
  237 V    -1  -3  -3  -4  -1  -3  -3  -4  -4   3   1  -3   0  -1  -3  -2   0  -3  -2   5    0   0   0   0   0   0   0   0   0   3   0   0   0   0   0   0   0   0   0  97  0.53 0.05
  238 I    -2  -3  -4  -4  -2  -3  -4  -4  -4   5   1  -3   1  -1  -3  -3   0  -3  -2   2    0   0   0   0   0   0   0   0   0  97   0   0   0   0   0   0   3   0   0   0  0.57 0.05
  239 S     1  -1   0  -1  -1   0  -1  -1  -1  -3  -3  -1  -2  -3  -1   5   1  -3  -2  -2    0   0   0   0   0   0   0   0   0   0   0   0   0   0   0 100   0   0   0   0  0.64 0.06
  240 M    -2  -2  -3  -4  -2  -1  -3  -3  -2   1   2  -2   8  -1  -3  -2  -1  -2  -2   0    0   0   0   0   0   0   0   0   0   0   0   0 100   0   0   0   0   0   0   0  0.79 0.08
  241 Q    -1   1   0  -1  -4   6   2  -2   0  -3  -3   1  -1  -4  -2  -1  -1  -3  -2  -3    0   0   0   0   0  95   5   0   0   0   0   0   0   0   0   0   0   0   0   0  0.90 0.07
  242 K    -1   2  -1  -1  -4   1   0  -2  -1  -3  -3   5  -2  -4  -1  -1  -1  -3  -2  -3    0   1   0   0   0   4   0   0   0   0   0  93   0   0   1   0   1   0   0   0  0.67 0.06
  243 G     0  -3  -1  -2  -3  -2  -3   6  -3  -4  -4  -2  -3  -4  -3  -1  -2  -3  -4  -4    0   0   0   0   0   0   0 100   0   0   0   0   0   0   0   0   0   0   0   0  1.23 0.06
  244 G     0  -3  -1  -2  -3  -2  -3   6  -3  -4  -4  -2  -3  -4  -3  -1  -2  -3  -4  -4    0   0   0   0   0   0   0 100   0   0   0   0   0   0   0   0   0   0   0   0  1.23 0.06
  245 N    -2  -1   7   1  -3   0  -1  -1   0  -4  -4   0  -3  -4  -3   0   0  -4  -3  -3    0   0  96   2   0   0   0   0   0   0   0   2   0   0   0   0   0   0   0   0  0.95 0.07
  246 M    -2  -2  -3  -4  -2  -1  -3  -3  -2   1   2  -2   8   0  -3  -2  -1  -2  -2   0    0   0   0   0   0   0   0   0   0   1   1   0  98   0   0   0   1   0   0   0  0.76 0.08
  247 K    -1   4  -1  -1  -4   1   0  -2  -1  -3  -3   5  -2  -4  -2  -1  -1  -3  -2  -3    0  26   0   0   0   0   0   0   0   0   0  74   0   0   0   0   0   0   0   0  0.65 0.05
  248 E    -1  -1  -1   2  -4   2   6  -3  -1  -4  -3   0  -3  -4  -2   0  -1  -3  -3  -3    0   0   0   2   0   0  96   0   0   0   0   0   0   0   0   1   1   0   0   0  0.89 0.06
  249 V    -1  -3  -3  -4  -1  -3  -3  -4  -4   2   0  -3   0  -1  -3  -2   0  -3  -2   5    0   0   0   0   0   0   0   0   0   0   0   0   0   0   0   0   0   0   0 100  0.54 0.06
  250 F    -3  -3  -4  -4  -3  -4  -4  -4  -2  -1   0  -4   0   7  -4  -3  -3   1   3  -1    0   0   0   0   0   0   0   0   0   0   0   0   0 100   0   0   0   0   0   0  1.06 0.07
  251 T    -1   1   3   0  -2   1   0  -2   0  -2  -2   1  -1  -3  -2   1   3  -3  -2  -1    1  10  25   1   0   5   1   0   2   0   0   7   0   0   0   2  46   0   0   0  0.33 0.03
  252 R    -2   6  -1  -2  -4   1  -1  -3   1  -4  -3   2  -2  -3  -3  -1  -2  -3  -2  -3    0  97   0   0   0   0   0   0   3   0   0   0   0   0   0   0   0   0   0   0  0.96 0.06
  253 F    -3  -3  -4  -4  -3  -4  -4  -4  -2  -1   0  -4   0   7  -4  -3  -3   1   3  -1    0   0   0   0   0   0   0   0   0   0   0   0   0 100   0   0   0   0   0   0  1.06 0.07
  254 C    -1  -4  -3  -4  10  -4  -4  -3  -4  -2  -2  -4  -2  -3  -4  -1  -1  -3  -3  -1    0   0   0   0 100   0   0   0   0   0   0   0   0   0   0   0   0   0   0   0  1.72 0.09
  255 T     0  -1   1   0  -1  -1   0  -2  -1  -1  -1  -1  -1  -2  -2   1   4  -3  -2   1    0   0   8   4   1   0   3   0   1   1   0   0   0   0   0   5  65   0   0  13  0.35 0.04
  256 G     0  -3  -1  -2  -3  -2  -3   6  -3  -4  -4  -2  -3  -4  -3  -1  -2  -3  -4  -4    0   0   0   0   0   0   0 100   0   0   0   0   0   0   0   0   0   0   0   0  1.23 0.06
  257 L    -2  -3  -4  -4  -2  -3  -3  -4  -3   1   5  -3   2   0  -3  -3  -2  -2  -1   1    0   0   0   0   0   0   0   0   0   0 100   0   0   0   0   0   0   0   0   0  0.61 0.05
  258 T     0  -1   0  -1  -1   2  -1  -2  -2  -1  -2   0  -1  -3  -1   1   5  -3  -2  -1    4   0   1   0   0  13   0   0   0   0   0   2   0   0   0   3  78   0   0   0  0.48 0.05
  259 Q    -1   2   0  -1  -3   3   1  -2  -1  -3  -3   5  -2  -4  -1   0  -1  -3  -2  -3    0   1   0   0   0  19   1   0   0   0   0  77   0   0   0   0   2   0   0   0  0.59 0.05
  260 I    -2  -3  -4  -4  -2  -3  -4  -4  -4   5   1  -3   1  -1  -3  -3   0  -3  -2   2    0   0   0   0   0   0   0   0   0  95   1   0   0   0   0   0   3   0   0   1  0.55 0.05
  261 E    -1  -1  -1   1  -4   2   6  -3  -1  -4  -3   0  -3  -4  -2  -1  -1  -3  -3  -3    0   0   0   0   0   0 100   0   0   0   0   0   0   0   0   0   0   0   0   0  0.94 0.06
  262 T     1  -1   1   1  -2   0   2   0  -1  -2  -2   0  -1  -3  -1   2   2  -3  -2  -2   11   0   8   5   0   0  20   4   1   0   0   3   3   0   0  28  17   0   0   0  0.25 0.02
  263 L    -2  -3  -4  -3  -2  -3  -3  -4  -3   2   4  -3   2   0  -3  -3  -1  -2  -1   1    0   0   0   1   0   0   0   0   0  16  78   0   0   0   0   0   0   0   0   5  0.48 0.03
  264 F    -3  -3  -4  -4  -3  -4  -4  -4  -2   0   0  -4   0   7  -4  -3  -3   1   3  -1    0   0   0   0   0   0   0   0   0   1   0   0   0  98   0   0   0   0   0   1  1.03 0.07
  265 K    -1   2  -1  -1  -4   1   0  -2  -1  -3  -3   6  -2  -4  -1  -1  -1  -4  -2  -3    0   2   0   0   0   0   0   0   0   0   0  97   0   0   0   0   0   0   0   1  0.70 0.06
  266 S     0   0   2   2  -3   2   3  -1   0  -3  -3   1  -2  -3  -1   1   0  -3  -2  -2    3   0  12  13   0  10  31   1   1   0   0   8   0   0   0  17   4   0   0   0  0.37 0.02
  267 K     0   4   0  -1  -3   1   0  -2   0  -3  -3   4  -2  -3  -2   0  -1  -3  -2  -2   10  30   2   1   0   2   2   0   1   0   0  51   0   0   0   1   0   0   0   0  0.46 0.03
  268 N     0  -2   3  -1  -3  -1  -2   5  -2  -4  -4  -1  -3  -3  -2   0  -1  -3  -3  -3    0   0  20   1   0   0   0  71   0   0   0   2   0   0   0   6   0   0   0   0  0.79 0.04
  269 Y    -2   0   0  -2  -2   0  -1  -3   8  -3  -3  -1  -2   1  -3  -1  -2  -1   4  -3    0   4   0   0   1   1   0   0  70   0   0   1   0   3   0   2   1   0  18   0  0.83 0.06
  270 E     1  -1  -1   1  -3   1   3  -1  -1  -2  -3   0  -2  -3   3   0  -1  -3  -2  -2   19   0   0   2   0   6  44   4   0   1   0   0   0   0  18   5   0   0   0   2  0.43 0.03
  271 F    -3  -3  -3  -4  -3  -4  -4  -4  -2  -1   0  -4   0   7  -4  -2  -2   1   3  -1    0   0   0   0   0   0   0   0   0   0   1   0   0  95   0   3   0   0   1   0  0.96 0.06
  272 M    -1  -2  -2  -3  -2  -1  -2  -3  -2   1   1  -2   7  -1  -3  -1  -1  -2  -2   0    0   0   0   0   0   0   0   0   0   0   0   0  93   0   0   7   0   0   0   0  0.67 0.08
  273 W    -3  -3  -5  -5  -3  -3  -4  -3  -3  -3  -2  -4  -2   0  -5  -4  -3  12   2  -4    0   0   0   0   0   0   0   0   0   0   0   0   0   0   0   0   0 100   0   0  2.85 0.10
  274 N    -2  -1   7   1  -3   0  -1  -1   0  -4  -4  -1  -3  -4  -2   1   0  -4  -3  -3    0   0  92   0   0   0   0   0   0   0   0   0   0   0   0   7   1   0   0   0  0.90 0.06
  275 P    -1   0  -1   1  -4   2   5  -2  -1  -4  -3   0  -2  -4   3   0  -1  -3  -3  -3    0   0   0   1   0   8  75   0   0   0   0   1   0   0  14   2   0   0   0   0  0.74 0.05
  276 H    -2  -1   0  -2  -4   0  -1  -3   9  -4  -3  -1  -2  -2  -3  -1  -2  -3   2  -4    0   0   0   0   0   0   0   0  97   0   0   0   0   0   0   0   0   0   3   0  1.28 0.08
  277 L    -2  -3  -4  -4  -2  -3  -3  -4  -3   1   5  -3   2   0  -3  -3  -2  -2  -1   1    0   0   0   0   0   0   0   0   0   0 100   0   0   0   0   0   0   0   0   0  0.61 0.05
  278 G     0  -3  -1  -2  -3  -2  -3   6  -3  -4  -4  -2  -3  -4  -3  -1  -2  -3  -4  -4    0   0   0   0   0   0   0 100   0   0   0   0   0   0   0   0   0   0   0   0  1.23 0.06
  279 Y    -2  -2  -3  -4  -3  -2  -3  -4   1  -2  -2  -2  -2   3  -4  -2  -2   2   8  -2    0   0   0   0   0   0   0   0   0   0   0   0   0   1   0   0   0   0  99   0  1.23 0.08
  280 I    -1  -3  -3  -4  -1  -3  -3  -4  -4   4   1  -3   1  -1  -3  -2  -1  -3  -2   4    0   0   0   0   0   0   0   0   0  44   0   0   0   0   0   0   0   0   0  56  0.46 0.04
  281 L    -2  -3  -4  -4  -2  -3  -3  -4  -3   1   5  -3   2   0  -3  -3  -2  -2  -1   1    0   0   0   0   0   0   0   0   0   0 100   0   0   0   0   0   0   0   0   0  0.61 0.05
  282 T     0  -2   0  -2  -1  -1  -1  -2  -2  -1  -2  -1  -1  -3  -2   1   6  -3  -2   0    0   0   0   0   0   0   0   0   0   0   0   0   0   0   0   0 100   0   0   0  0.71 0.07
  283 C    -1  -4  -3  -4  10  -4  -4  -3  -4  -2  -2  -4  -2  -3  -3  -1  -1  -3  -3  -1    0   0   0   0  97   0   0   0   0   0   0   0   0   0   0   0   0   0   0   0  1.62 0.08
  284 P    -1  -3  -3  -2  -3  -2  -2  -3  -3  -3  -4  -2  -3  -4   8  -1  -2  -4  -4  -3    0   0   0   0   0   0   0   0   0   0   0   0   0   0 100   0   0   0   0   0  2.23 0.07
  285 S     1  -1   0  -1  -1   0  -1  -1  -1  -3  -3  -1  -2  -3  -1   5   1  -3  -2  -2    0   0   0   0   0   0   0   0   0   0   0   0   0   0   0 100   0   0   0   0  0.64 0.06
  286 N    -2  -1   7   1  -3   0  -1  -1   0  -4  -4  -1  -3  -4  -3   0   0  -4  -3  -3    0   0 100   0   0   0   0   0   0   0   0   0   0   0   0   0   0   0   0   0  1.01 0.07
  287 L    -2  -3  -4  -4  -2  -3  -3  -4  -3   1   5  -3   2   0  -3  -3  -2  -2  -1   1    0   0   0   0   0   0   0   0   0   0 100   0   0   0   0   0   0   0   0   0  0.61 0.05
  288 G     0  -3  -1  -2  -3  -2  -3   6  -3  -4  -4  -2  -3  -4  -3  -1  -2  -3  -4  -4    0   0   0   0   0   0   0 100   0   0   0   0   0   0   0   0   0   0   0   0  1.23 0.06
  289 T     0  -2   0  -2  -1  -1  -1  -2  -2  -1  -2  -1  -1  -3  -2   1   6  -3  -2   0    0   0   0   0   0   0   0   0   0   0   0   0   0   0   0   0 100   0   0   0  0.71 0.07
  290 G     0  -3  -1  -2  -3  -2  -3   6  -3  -4  -4  -2  -3  -4  -3  -1  -2  -3  -4  -4    0   0   0   0   0   0   0 100   0   0   0   0   0   0   0   0   0   0   0   0  1.23 0.06
  291 L    -2  -3  -4  -4  -2  -3  -3  -4  -3   1   5  -3   2   0  -3  -3  -2  -2  -1   1    0   0   0   0   0   0   0   0   0   0 100   0   0   0   0   0   0   0   0   0  0.61 0.05
  292 R    -2   7  -1  -2  -4   1  -1  -3  -1  -4  -3   2  -2  -3  -3  -1  -2  -3  -2  -3    0 100   0   0   0   0   0   0   0   0   0   0   0   0   0   0   0   0   0   0  1.00 0.06
  293 A     4  -2  -1  -2  -1  -1  -2   3  -2  -2  -2  -1  -2  -3  -2   1  -1  -3  -3  -1   68   0   0   0   0   0   0  32   0   0   0   0   0   0   0   0   0   0   0   0  0.51 0.04
  294 G     0  -3  -1  -2  -3  -2  -3   6  -3  -4  -4  -2  -3  -4  -3  -1  -2  -3  -4  -4    0   0   0   0   0   0   0 100   0   0   0   0   0   0   0   0   0   0   0   0  1.23 0.06
  295 V    -1  -3  -3  -4   0  -3  -3  -4  -4   2   0  -3   0  -1  -3  -2   0  -3  -2   5    0   0   0   0   1   0   0   0   0   0   0   0   0   0   0   0   0   0   0  99  0.53 0.05
  296 H    -2  -1   0  -2  -4   0  -1  -3   9  -4  -3  -1  -2  -2  -3  -1  -2  -3   1  -4    1   0   0   0   0   0   0   0  99   0   0   0   0   0   0   0   0   0   0   0  1.30 0.08
  297 I    -1  -3  -3  -4   0  -3  -3  -4  -4   3   1  -3   1  -1  -3  -2   0  -3  -2   4    1   0   0   0   2   0   0   0   0  22   0   0   1   0   0   0   0   0   0  75  0.44 0.04
  298 K    -1   2  -1  -1  -4   1   0  -2  -1  -3  -3   6  -2  -4  -1  -1  -1  -3  -2  -3    0   1   0   0   0   2   0   0   0   0   0  97   0   0   0   0   0   0   0   0  0.71 0.06
  299 L    -2  -3  -4  -4  -2  -3  -3  -4  -3   2   4  -3   2   0  -3  -3  -1  -2  -1   1    0   0   0   0   0   0   0   0   0   6  93   0   0   0   0   0   1   0   0   0  0.56 0.04
  300 P     0  -3  -2  -2  -3  -1  -2  -2  -3  -3  -3  -1  -3  -4   8  -1  -1  -4  -3  -3    5   0   0   0   0   1   0   0   0   0   0   0   0   0  92   1   0   0   0   0  1.98 0.07
  301 H    -2  -1   6   0  -1   0  -1  -1   5  -4  -4   0  -2  -3  -2   0  -1  -4  -1  -3    0   0  71   0   1   0   0   0  24   0   0   2   0   0   0   1   0   0   0   0  0.73 0.05
  302 L    -2  -2  -3  -4  -2  -2  -3  -4  -3   1   4  -2   4   0  -1  -2  -1  -2  -1   1    0   0   0   0   0   0   0   0   0   1  67   0  23   0   3   0   0   0   0   6  0.43 0.04
  303 G     1  -1   0   0   1  -1  -1   2  -1  -3  -3  -1  -2  -3  -1   4   1  -3  -2  -2    2   0   0   3   3   0   0  15   0   0   0   0   0   0   0  77   0   0   0   0  0.46 0.04
  304 K    -1   2  -1  -1  -4   1   0  -2  -1  -3  -3   6  -2  -4  -1  -1  -1  -3  -2  -3    0   2   0   0   0   1   0   0   0   0   0  96   0   0   0   0   0   0   0   0  0.71 0.06
  305 H    -2  -1   2  -1  -4   0  -1  -2   8  -4  -3  -1  -2  -2  -3  -1  -2  -3   1  -4    0   0  14   1   0   1   0   0  82   0   0   0   0   0   0   1   0   0   2   0  1.02 0.07
  306 E     2   0   0   2  -2   1   3  -1  -1  -3  -3   0  -2  -3   1   0  -1  -3  -2  -2   30   3   0  14   0   0  42   1   0   0   0   3   0   0   7   0   0   0   0   0  0.38 0.03
  307 K    -1   2  -1  -1  -4   1   1  -1  -1  -3  -3   5  -2  -4  -1   0  -1  -3  -2  -3    0   1   0   1   0   4   2   2   0   0   1  90   0   0   0   1   0   0   0   0  0.63 0.05
  308 F    -3  -3  -4  -4  -3  -4  -4  -4  -2  -1   0  -4   0   7  -4  -3  -3   1   3  -1    0   0   0   0   0   0   0   0   0   0   0   0   1  99   0   0   0   0   0   0  1.04 0.07
  309 S     0  -1  -1   0  -3   0   3   4  -1  -4  -3   0  -3  -3  -1   0  -1  -3  -3  -3    7   0   0   1   0   0  42  47   0   0   0   1   0   0   1   1   0   0   0   0  0.55 0.03
  310 E    -1  -1   0   3  -4   1   5  -2   0  -4  -3   0  -3  -4  -2   0  -1  -4  -3  -3    0   0   0  21   0   1  78   0   1   0   0   0   0   0   0   0   0   0   0   0  0.80 0.05
  311 V    -1  -3  -3  -3  -1  -3  -3  -4  -4   4   1  -3   1  -1  -3  -2   0  -3  -2   4    1   0   0   0   0   0   0   0   0  54   0   0   0   0   0   0   2   0   0  43  0.43 0.04
  312 L    -2  -3  -4  -4  -2  -3  -3  -4  -3   1   5  -3   2   0  -3  -3  -2  -2  -1   1    0   0   0   0   0   0   0   0   0   0  99   0   0   0   0   0   0   0   0   1  0.60 0.05
  313 K    -1   2   0  -1  -3   1   1  -2  -1  -3  -3   5  -1  -3  -1   0   0  -3  -2  -2    0   0   0   0   0   2   1   0   1   0   0  86   1   0   0   1   8   0   0   0  0.58 0.05
  314 R    -2   6  -1  -2  -4   1   0  -3  -1  -3  -3   3  -2  -3  -2  -1  -1  -3  -2  -3    0  80   0   0   0   0   0   0   0   0   0  20   0   0   0   0   0   0   0   0  0.82 0.05
  315 L    -2  -3  -4  -4  -2  -2  -3  -4  -3   1   5  -3   2   0  -3  -3  -1  -2  -1   1    0   0   0   0   0   0   0   0   0   0  96   0   2   0   0   0   2   0   0   0  0.57 0.04
  316 R    -2   6  -1  -2  -4   1   0  -3  -1  -4  -3   2  -2  -3  -3  -1  -2  -3  -2  -3    0  98   0   0   0   0   0   0   0   0   0   2   0   0   0   0   0   0   0   0  0.98 0.06
  317 L    -2  -3  -4  -4  -2  -3  -3  -4  -3   1   5  -3   2   0  -3  -3  -2  -2  -1   1    0   0   0   0   0   0   0   0   0   0 100   0   0   0   0   0   0   0   0   0  0.61 0.05
  318 Q    -1   1   0  -1  -4   7   1  -2   1  -3  -3   1  -1  -4  -2  -1  -1  -3  -2  -3    0   0   0   0   0  97   0   0   3   0   0   0   0   0   0   0   0   0   0   0  0.91 0.07
  319 K    -1   2  -1  -1  -4   1   0  -2  -1  -3  -3   6  -2  -4  -1  -1  -1  -4  -2  -3    0   0   0   0   0   0   0   0   0   0   0  99   0   0   0   0   1   0   0   0  0.72 0.06
  320 R    -2   7  -1  -2  -4   1  -1  -3  -1  -4  -3   2  -2  -3  -3  -1  -2  -3  -2  -3    0 100   0   0   0   0   0   0   0   0   0   0   0   0   0   0   0   0   0   0  1.00 0.06
  321 G     0  -3  -1  -2  -3  -2  -3   6  -3  -4  -4  -2  -3  -4  -3  -1  -2  -3  -4  -4    0   0   0   0   0   0   0 100   0   0   0   0   0   0   0   0   0   0   0   0  1.23 0.06
  322 T     0  -2   0  -2  -1  -1  -1  -2  -2  -1  -2  -1  -1  -3  -2   1   6  -3  -2   0    0   0   0   0   0   0   0   0   0   0   0   0   0   0   0   0 100   0   0   0  0.71 0.07
  323 G     0  -1  -1  -2  -3  -2  -2   6  -2  -4  -4  -2  -3  -4  -3  -1  -2  -3  -4  -4    0   3   0   0   0   0   0  97   0   0   0   0   0   0   0   0   0   0   0   0  1.16 0.05
  324 G     0  -3  -1  -2  -3  -2  -3   6  -3  -4  -4  -2  -3  -4  -3  -1  -2  -3  -4  -4    0   0   0   0   0   0   0 100   0   0   0   0   0   0   0   0   0   0   0   0  1.23 0.06
  325 V    -1  -3  -3  -4  -1  -3  -3  -4  -4   2   0  -3   0  -1  -3  -2   0  -3  -2   5    0   0   0   0   0   0   0   0   0   0   0   0   0   0   0   0   0   0   0 100  0.54 0.06
  326 D    -2  -2   1   7  -4  -1   1  -2  -2  -4  -4  -1  -4  -4  -2  -1  -2  -5  -4  -4    0   0   0 100   0   0   0   0   0   0   0   0   0   0   0   0   0   0   0   0  1.17 0.06
  327 T     0  -2   0  -2  -1  -1  -1  -2  -2  -1  -2  -1  -1  -3  -2   1   6  -3  -2   0    0   0   0   0   0   0   0   0   0   0   0   0   0   0   0   0 100   0   0   0  0.71 0.07
  328 A     5  -2  -2  -2  -1  -1   0   0  -2  -2  -2  -1  -1  -3  -1   1   0  -3  -2  -1   94   0   0   1   0   0   4   1   0   0   0   0   0   0   0   0   0   0   0   0  0.51 0.05
  329 A     5  -2  -2  -2  -1  -1  -1   0  -2  -1  -2  -1  -1  -3  -1   1   0  -3  -2   0   97   0   0   0   0   0   0   0   0   0   0   0   0   0   0   0   0   0   0   3  0.54 0.05
  330 V    -1  -3  -3  -3  -1  -2  -2  -4  -3   2   0  -3   0  -1  -3  -2   0  -3  -2   5    0   0   0   0   0   0   2   0   0   0   0   0   0   0   0   0   0   0   0  95  0.46 0.05
  331 G     0  -3  -1  -1  -3  -2  -3   6  -3  -4  -4  -2  -3  -4  -3  -1  -2  -3  -4  -4    0   0   0   1   0   0   0  99   0   0   0   0   0   0   0   0   0   0   0   0  1.20 0.05
  332 G     0  -3  -1  -2  -3  -2  -2   6  -2  -4  -4  -2  -3  -4  -2   0  -2  -3  -3  -3    4   0   0   0   0   0   0  94   0   0   0   0   0   0   0   2   0   0   0   0  1.11 0.05
  333 V    -1  -3  -3  -3  -1  -2  -3  -4  -3   3   1  -3   0  -1  -3  -2   1  -3  -2   4    0   0   0   0   0   1   0   0   0   8   0   0   0   0   0   0   6   0   0  85  0.44 0.04
  334 F    -3  -3  -4  -4  -3  -4  -4  -4  -1  -1   0  -4   0   7  -4  -3  -3   1   3  -1    0   0   0   0   0   0   0   0   0   0   0   0   0  95   0   0   0   0   5   0  1.01 0.06
  335 D    -2  -2   1   7  -4  -1   1  -2  -2  -4  -4  -1  -4  -4  -2  -1  -2  -5  -4  -4    0   0   0 100   0   0   0   0   0   0   0   0   0   0   0   0   0   0   0   0  1.17 0.06
  336 V    -1  -3  -4  -4  -2  -3  -4  -4  -4   5   1  -3   1  -1  -3  -3  -1  -3  -2   3    0   0   0   0   0   0   0   0   0  81   0   0   1   0   0   0   0   0   0  18  0.52 0.05
  337 S     1  -1   0  -1  -1   0  -1  -1  -1  -3  -3  -1  -2  -3  -1   5   1  -3  -2  -2    0   0   0   0   0   0   0   0   0   0   0   0   0   0   0 100   0   0   0   0  0.64 0.06
  338 N    -2  -1   7   1  -3   0  -1  -1   0  -4  -4  -1  -3  -4  -3   0   0  -4  -3  -3    0   0 100   0   0   0   0   0   0   0   0   0   0   0   0   0   0   0   0   0  1.01 0.07
  339 A     5  -2  -2  -2  -1  -1  -1   0  -2  -2  -2  -1  -1  -3  -1   1   0  -3  -2  -1  100   0   0   0   0   0   0   0   0   0   0   0   0   0   0   0   0   0   0   0  0.58 0.06
  340 D    -2  -2   1   7  -4  -1   1  -2  -2  -4  -4  -1  -4  -4  -2  -1  -2  -5  -4  -4    0   0   0 100   0   0   0   0   0   0   0   0   0   0   0   0   0   0   0   0  1.17 0.06
  341 R    -2   7  -1  -2  -4   1  -1  -3  -1  -4  -3   2  -2  -3  -3  -1  -2  -3  -2  -3    0 100   0   0   0   0   0   0   0   0   0   0   0   0   0   0   0   0   0   0  1.00 0.06
  342 L    -2  -3  -4  -4  -2  -3  -3  -4  -3   1   5  -3   2   0  -3  -3  -2  -2  -1   1    0   0   0   0   0   0   0   0   0   2  98   0   0   0   0   0   0   0   0   0  0.60 0.05
  343 G     0  -3  -1  -2  -3  -2  -3   6  -3  -4  -4  -2  -3  -4  -3  -1  -2  -3  -4  -4    0   0   0   0   0   0   0 100   0   0   0   0   0   0   0   0   0   0   0   0  1.23 0.06
  344 F    -2  -3  -3  -4  -3  -3  -3  -3  -2  -1   0  -3   0   7  -4  -1  -2   0   3  -1    0   0   0   0   0   0   0   0   0   0   0   0   0  94   0   6   0   0   0   0  0.92 0.06
  345 S     1  -1   0  -1  -1  -1  -1  -1  -1  -3  -3  -1  -2  -2  -1   5   1  -3  -2  -2    0   0   0   0   0   0   0   0   0   0   0   0   0   1   0  99   0   0   0   0  0.63 0.06
  346 E    -1  -1  -1   1  -4   2   6  -3  -1  -4  -3   0  -3  -4  -2  -1  -1  -3  -3  -3    0   0   0   0   0   0 100   0   0   0   0   0   0   0   0   0   0   0   0   0  0.94 0.06
  347 V    -1  -3  -3  -4  -1  -3  -3  -4  -4   2   0  -3   0  -1  -3  -2   0  -3  -2   5    0   0   0   0   0   0   0   0   0   0   0   0   0   0   0   0   0   0   0 100  0.54 0.06
  348 E    -1  -1  -1   2  -4   2   6  -3  -1  -4  -3   0  -2  -4  -2   0  -1  -3  -3  -3    1   0   0   4   0   1  94   0   0   0   0   0   0   0   0   0   0   0   0   0  0.87 0.06
  349 L    -2  -2  -3  -3  -2   1  -2  -4  -2   1   4  -2   2   0  -3  -2  -1  -2  -1   0    0   0   0   0   0  16   0   0   0   0  84   0   0   0   0   0   0   0   0   0  0.42 0.04
  350 V    -1  -3  -3  -4  -1  -3  -3  -4  -4   2   1  -3   1  -1  -3  -2   0  -3  -2   5    0   0   0   0   0   0   0   0   0   0   0   0   2   0   0   0   0   0   0  98  0.52 0.05
  351 Q    -1   1   0  -1  -4   7   2  -2   0  -3  -3   1  -1  -4  -2  -1  -1  -3  -2  -3    0   0   0   0   0 100   0   0   0   0   0   0   0   0   0   0   0   0   0   0  0.95 0.08
  352 M    -1  -2  -2  -4  -2  -1  -3  -3  -2   1   2  -2   7   0  -3  -2  -1  -2  -2   0    0   0   1   0   0   0   0   0   0   0   6   0  92   0   0   0   1   0   0   0  0.69 0.08
  353 V     0  -3  -3  -4  -1  -3  -3  -3  -4   2   1  -3   1  -1  -3  -2   0  -3  -2   5    3   0   0   0   0   0   0   0   0   0   2   0   1   0   0   0   0   0   0  94  0.48 0.05
  354 V    -1  -3  -3  -4  -1  -3  -3  -4  -4   2   1  -3   0  -1  -3  -2   0  -3  -2   5    0   0   0   0   0   0   0   0   0   1   0   0   0   0   0   0   0   0   0  99  0.54 0.05
  355 D    -2  -2   1   7  -4  -1   1  -2  -2  -4  -4  -1  -4  -4  -2  -1  -2  -5  -4  -4    0   0   0 100   0   0   0   0   0   0   0   0   0   0   0   0   0   0   0   0  1.17 0.06
  356 G     0  -3  -1  -2  -3  -2  -3   6  -3  -4  -4  -2  -3  -4  -3  -1  -2  -3  -4  -4    0   0   0   0   0   0   0 100   0   0   0   0   0   0   0   0   0   0   0   0  1.23 0.06
  357 V    -1  -3  -3  -4  -1  -3  -3  -4  -4   3   1  -3   0  -1  -3  -2   0  -3  -2   5    0   0   0   0   0   0   0   0   0   7   1   0   0   0   0   0   0   0   0  91  0.50 0.05
  358 K    -1   2   1  -1  -4   1   0  -2  -1  -3  -3   5  -2  -4  -2   0  -1  -4  -2  -3    0   3   7   0   0   1   0   0   1   0   0  88   0   0   0   0   0   0   0   0  0.63 0.05
  359 L    -2  -3  -4  -4  -2  -3  -3  -4  -3   1   5  -3   2   0  -3  -3  -1  -2  -1   1    0   0   0   0   0   0   0   0   0   0  99   0   0   0   0   0   1   0   0   0  0.59 0.05
  360 L    -2  -2  -4  -4  -2  -2  -3  -4  -3   1   4  -3   3   0  -3  -3  -1  -2  -1   1    0   0   0   0   0   0   0   0   0   2  82   0  17   0   0   0   0   0   0   0  0.52 0.04
  361 I    -1  -3  -3  -3  -1  -3  -3  -4  -4   4   1  -3   1  -1  -3  -2   0  -3  -2   4    0   0   0   0   0   0   0   0   0  45   0   0   0   0   0   0   3   0   0  52  0.43 0.04
  362 E    -1  -1   0   3  -4   1   5  -2  -1  -4  -3   0  -3  -4  -2   0  -1  -4  -3  -3    0   0   0  16   0   1  81   0   0   0   0   1   0   0   0   0   0   0   0   0  0.80 0.05
  363 M    -2  -2  -3  -4  -2  -1  -3  -3  -2   1   2  -2   8  -1  -3  -2  -1  -2  -2   0    0   0   0   0   0   0   0   0   0   0   0   0 100   0   0   0   0   0   0   0  0.79 0.08
  364 E    -1  -1  -1   1  -4   2   6  -3  -1  -4  -3   0  -3  -4  -2  -1  -1  -3  -3  -3    0   0   0   0   0   0 100   0   0   0   0   0   0   0   0   0   0   0   0   0  0.94 0.06
  365 Q    -1   2  -1  -1  -4   1   0  -2  -1  -3  -3   5  -2  -4  -1  -1  -1  -3  -2  -3    0   3   0   0   0   3   0   0   0   0   0  94   0   0   0   0   0   0   0   0  0.69 0.06
  366 R    -1   5  -1  -2   2   1   0  -2   0  -3  -2   3  -2  -3  -2  -1  -1  -3  -2  -3    1  61   0   0   6   2   0   0   1   0   1  27   0   0   0   1   0   0   0   0  0.60 0.04
  367 L    -2  -3  -4  -4  -2  -3  -3  -4  -3   1   5  -3   2   0  -3  -3  -2  -2  -1   1    0   0   0   0   0   0   0   0   0   0 100   0   0   0   0   0   0   0   0   0  0.61 0.05
  368 E    -1  -1  -1   1  -4   2   6  -3  -1  -4  -3   0  -3  -4  -2  -1  -1  -3  -3  -3    0   0   0   0   0   0 100   0   0   0   0   0   0   0   0   0   0   0   0   0  0.94 0.06
  369 Q     0   1   0  -1  -3   2   1  -1  -1  -3  -3   5  -2  -3  -1   0  -1  -3  -2  -2    9   0   3   0   0   9   1   2   0   0   0  73   0   0   0   2   0   0   0   1  0.47 0.04
  370 G     0  -2   0  -1  -3  -2  -2   6  -2  -4  -4  -2  -3  -4  -3   0  -2  -3  -3  -4    0   1   3   1   0   0   0  94   0   0   0   0   0   0   0   1   0   0   0   0  1.11 0.05
  371 Q    -1   1   0   1  -3   6   2  -1   0  -3  -3   2  -1  -4  -2   0  -1  -3  -2  -3    2   1   0   6   0  73   6   4   0   0   0   8   0   0   0   0   1   0   0   0  0.63 0.05
  372 P     2  -1   0  -1   2  -1  -1   0  -2  -2  -2   0  -2  -3   2   3   1  -3  -2  -2   20   0   1   0   6   0   1   2   0   1   0   2   0   0  10  56   3   0   0   0  0.37 0.03
  373 I    -2  -3  -4  -4  -2  -3  -4  -4  -4   5   1  -3   1   0  -3  -3  -1  -3  -2   2    0   0   0   0   0   0   0   0   0  94   1   0   0   2   0   0   0   0   0   3  0.56 0.05
  374 D    -2  -2   1   6  -4   0   2  -2  -1  -4  -4  -1  -3  -4  -2   0  -1  -5  -3  -3    0   0   4  88   0   0   5   0   0   0   0   2   0   0   0   1   0   0   0   1  0.99 0.05
  375 D    -2  -2   1   6  -4  -1   1  -1  -1  -4  -4  -1  -4  -4  -2  -1  -1  -5  -4  -4    1   0   3  91   0   0   2   3   0   0   0   0   0   0   0   1   0   0   0   0  1.01 0.06
  376 L    -2  -3  -4  -4  -2  -2  -3  -4  -3   2   4  -3   3   0  -3  -3  -1  -2  -1   1    0   0   0   0   0   0   0   0   0   9  81   0   9   0   0   0   0   0   0   1  0.50 0.04
  377 M    -1  -2  -3  -4  -2  -2  -3  -4  -3   3   2  -2   5   0  -3  -2  -1  -2  -1   2    0   0   0   0   0   0   0   0   0  41   1   0  49   1   0   0   1   0   0   8  0.42 0.05
  378 P    -1  -3  -3  -2  -3  -2  -2  -3  -3  -3  -4  -2  -3  -4   8  -1  -2  -4  -4  -3    0   0   0   0   0   0   0   0   0   0   0   0   0   0 100   0   0   0   0   0  2.23 0.07
  379 A     4  -2  -1   0  -1   0   1   0  -2  -2  -2  -1  -1  -3  -1   1   0  -3  -2  -1   78   0   0   6   0   0  11   0   0   0   0   0   0   0   1   2   1   0   0   1  0.38 0.04
  380 Q    -1   1   0  -1  -3   7   1  -2   0  -3  -3   1  -1  -4  -1  -1  -1  -3  -2  -3    1   0   0   0   0  96   0   0   0   0   0   1   0   0   2   0   0   0   0   0  0.88 0.07
  381 K    -1   2  -1  -1  -4   1   0  -2  -1  -3  -3   6  -2  -4  -1  -1  -1  -4  -2  -3    0   0   0   0   0   0   0   0   0   0   0 100   0   0   0   0   0   0   0   0  0.74 0.06

                      K         Lambda
Standard Ungapped    0.1374     0.3183
Standard Gapped      0.0510     0.2670
PSI Ungapped         0.1666     0.3177
PSI Gapped           0.0510     0.2670
