
Last position-specific scoring matrix computed, weighted observed percentages rounded down, information per position, and relative weight of gapless real matches to pseudocounts
            A   R   N   D   C   Q   E   G   H   I   L   K   M   F   P   S   T   W   Y   V   A   R   N   D   C   Q   E   G   H   I   L   K   M   F   P   S   T   W   Y   V
    1 M    -1  -2  -3  -3  -2  -1  -2  -3  -2   2   2  -2   6   0  -3  -2  -1  -2  -1   1    0   0   0   0   0   0   0   0   0   8   0   0  89   0   0   0   0   0   0   3  0.40 0.02
    2 S     1  -1   0  -1  -1   0  -1  -1   0  -2  -2  -1  -1  -3  -1   4   3  -3  -2  -1    6   0   0   0   0   0   0   0   3   0   2   0   0   0   0  63  26   0   0   0  0.39 0.03
    3 C     0  -1   0  -1   5  -1  -1  -1  -2  -2  -1  -1  -1  -2  -2   3   1  -3  -2  -1    0   0   3   0  22   0   1   0   0   0   7   2   0   0   0  59   7   0   0   0  0.37 0.04
    4 E     0   1   0   0  -2   1   1  -2  -1  -1  -1   2  -1  -3  -1   1   2  -3  -2  -1    3   4   4   3   0   2  12   0   0   2   3  30   0   0   0   8  29   0   0   0  0.23 0.02
    5 S    -1  -1  -2  -2  -2  -1  -2  -3  -2   0   1  -1   8  -1  -3   1  -1  -3  -2  -1    2   1   0   2   0   0   0   0   0   0   0   2  76   0   0  15   1   0   0   0  0.79 0.18
    6 S     3  -2  -1  -2  -1  -1  -1   0  -2  -2  -2  -1  -2  -3   1   2   2  -3  -2  -1   48   0   0   0   0   0   0   4   0   0   0   0   0   0   6  20  22   0   0   0  0.41 0.09
    7 M    -2  -3  -4  -5  -3  -2  -4  -4  -3   1   1  -3   9  -1  -4  -3  -2  -3  -2   2    1   0   0   0   0   0   0   0   0   2   2   0  82   0   0   0   0   0   0  13  1.25 0.26
    8 V    -1  -2  -2  -3  -2  -1  -2  -3  -3   3   0   1   0  -2  -2   0   4  -3  -2   2    0   0   0   0   0   0   0   0   0  24   2  12   0   0   0   1  46   0   0  14  0.39 0.13
    9 L    -3  -3  -5  -5  -2  -3  -4  -5  -4   1   5  -4   1   0  -4  -4  -2  -3  -2   0    0   0   0   0   0   0   0   0   0   0  96   0   0   2   0   0   0   0   0   1  0.95 0.19
   10 G     1  -3  -2  -3  -3  -3  -3   6  -3  -4  -4  -3  -3  -4  -3  -1  -2  -4  -4  -3   15   0   0   0   0   0   0  84   0   0   0   0   0   0   0   0   0   0   0   1  1.25 0.19
   11 Y    -3  -2  -4  -5  -4  -3  -4  -5   0  -3  -3  -3  -3   2  -5  -3  -3   1   9  -3    0   1   0   0   0   0   0   0   0   0   0   0   0   0   0   0   0   0  99   0  1.97 0.30
   12 W    -4  -5  -6  -6  -4  -4  -5  -4  -4  -5  -4  -5  -3  -1  -6  -4  -4  12   0  -5    0   0   0   0   0   0   0   0   0   0   0   0   0   0   0   1   0  99   0   0  3.67 0.38
   13 D    -3  -3   2   7  -5  -1   1  -2  -2  -5  -5  -2  -4  -5  -3  -1  -2  -6  -4  -4    0   0   8  89   0   0   1   0   0   0   0   0   0   0   0   0   1   0   0   0  1.44 0.22
   14 I    -2  -4  -4  -4  -2  -4  -4  -5  -4   6   1  -4   0  -1  -4  -3  -2  -4  -2   2    1   0   0   0   0   0   0   0   0  85   6   0   0   1   0   1   0   0   0   7  0.90 0.19
   15 R    -3   7  -2  -3  -2   0  -1  -4  -1  -4  -3   1  -3  -4  -3  -2  -3  -4  -3  -4    0  97   0   0   1   0   0   0   1   0   1   0   0   0   1   0   0   0   0   0  1.47 0.25
   16 G    -1  -3  -2  -3  -4  -3  -3   7  -3  -5  -5  -3  -4  -5  -3  -1  -3  -4  -4  -5    1   1   0   0   0   0   0  97   0   0   0   0   0   0   0   0   0   0   0   0  1.57 0.22
   17 L    -3  -3  -5  -5  -2  -3  -4  -5  -4   1   5  -4   1  -1  -3  -4  -2  -3  -2   0    0   0   0   0   0   0   0   0   0   1  98   0   1   0   0   0   0   0   0   0  0.99 0.20
   18 A     5  -3  -2  -3   1  -2  -2   1  -3  -2  -3  -2  -2  -3  -2   0   1  -4  -3  -1   80   0   0   0   2   0   0   6   0   1   0   0   0   0   0   1   7   0   0   2  0.69 0.17
   19 H    -3  -1   0  -2  -5   3  -1  -4   9  -5  -3  -2  -3  -2  -4  -2  -3  -4   0  -4    0   0   1   0   0  19   0   0  78   0   2   0   0   0   0   0   0   0   0   0  1.61 0.27
   20 A     4  -3  -2  -3  -2  -2  -2  -1  -3  -3  -2  -2  -2  -4   5   1   0  -4  -3  -2   60   0   0   0   0   0   0   2   0   0   1   0   0   0  28   5   3   0   0   0  0.78 0.16
   21 I    -2  -4  -5  -4  -2  -4  -4  -5  -5   7   0  -4   0  -1  -4  -3  -2  -4  -3   2    3   0   0   0   0   0   0   0   0  93   0   0   0   0   0   0   1   0   0   4  1.04 0.22
   22 R    -3   7  -1  -3  -2   0  -1  -4   0  -4  -3   1  -3  -4  -3  -2  -3  -4  -3  -4    0  95   1   0   1   0   0   0   2   0   1   0   0   0   1   0   0   0   0   0  1.44 0.25
   23 L    -2  -3  -4  -5  -2  -2  -4  -5  -4   1   5  -3   3  -1  -4  -3  -2  -3  -2   0    0   0   0   0   0   1   0   0   0   1  90   0   8   0   0   0   1   0   0   0  0.88 0.18
   24 L    -3  -3  -5  -5  -2  -3  -4  -5  -4   1   5  -4   1   0  -4  -4  -2  -3  -2   0    0   0   0   0   0   0   0   0   0   2  95   0   1   2   0   0   0   0   0   0  0.95 0.19
   25 L    -3  -3  -5  -5  -3  -3  -4  -5  -4   1   6  -4   1  -1  -4  -4  -2  -3  -2   0    0   0   0   0   0   0   0   0   0   0 100   0   0   0   0   0   0   0   0   0  1.03 0.21
   26 E    -2  -1  -2   0  -5   1   7  -4  -1  -5  -4  -1  -3  -5  -3  -2  -2  -4  -4  -4    0   0   0   0   0   1  98   0   0   0   0   0   0   0   0   0   0   0   0   0  1.44 0.26
   27 F    -3  -3  -4  -5  -4  -3  -4  -5   1  -3  -2  -4  -2   4  -5  -3  -3   1   9  -3    0   0   0   0   0   0   0   0   1   0   0   0   0  10   0   0   0   0  88   0  1.78 0.28
   28 T    -1  -3  -1  -3  -2  -2  -2  -3  -3  -2  -3  -2  -2  -4  -3   0   7  -4  -3  -1    0   0   0   0   0   0   0   0   0   0   0   0   0   0   0   0 100   0   0   0  1.31 0.27
   29 D    -2  -3   1   6  -4  -1   1   3  -2  -4  -5  -2  -4  -5  -3  -1  -2  -5  -4  -4    0   0   2  63   0   0   8  25   0   0   0   0   0   0   0   0   0   0   0   0  0.98 0.17
   30 T     0  -2  -1  -2  -2  -2  -2  -2  -2  -3  -3  -2  -2  -4  -2   4   5  -4  -3  -2    0   0   0   0   0   0   0   0   0   0   0   0   0   0   0  48  52   0   0   0  0.81 0.20
   31 S     0  -1   3  -1  -1   0   0  -1   0  -3  -3   2  -2  -4   2   4   0  -4  -3  -3    4   0  17   1   1   2   1   1   3   0   0  14   0   0  10  46   0   0   0   0  0.44 0.12
   32 Y    -3  -3  -4  -5  -4  -3  -4  -5   0  -3  -3  -4  -3   2  -5  -3  -3   1   9  -3    0   0   0   0   0   0   0   0   0   0   0   0   0   1   0   0   0   1  98   0  2.01 0.31
   33 E    -2  -1  -1   0  -5   1   7  -4  -1  -4  -4   0  -3  -5  -3  -1  -2  -4  -3  -2    0   1   0   1   0   3  92   0   0   0   0   0   0   0   0   0   0   0   0   2  1.27 0.24
   34 E    -2  -2   0   3  -5   1   6  -3  -1  -5  -4  -1  -3  -5  -2  -1  -2  -4  -4  -4    0   0   2  17   0   0  81   0   0   0   0   0   0   0   0   0   0   0   0   0  1.16 0.22
   35 K    -2   1  -1  -2  -5   0   0  -3  -2  -4  -4   7  -3  -5  -2  -1  -2  -4  -3  -4    0   2   1   0   0   0   0   0   0   0   0  96   0   0   0   1   0   0   0   0  1.23 0.24
   36 R    -2   4  -1  -2  -4   1  -1  -3   0  -2   0   3   0   2  -2  -2  -1  -1  -1  -2    0  37   0   0   0   7   0   0   1   2  10  23   3  14   1   0   2   0   0   0  0.39 0.11
   37 Y    -3  -3  -4  -5  -4  -3  -4  -5   0  -2  -3  -4  -3   2  -5  -3  -3   1   9  -3    0   0   0   0   0   0   0   0   0   1   0   0   0   1   0   0   0   0  98   0  1.98 0.30
   38 T     0  -1  -1  -2  -2  -1  -2  -2  -2  -1  -2  -1   0  -2  -1   2   5  -3  -2   1    3   2   0   0   0   1   0   1   0   2   0   1   2   1   1  23  50   0   1  10  0.42 0.13
   39 C    -2  -3  -4  -4   7  -2  -3  -4  -3   0   0  -3   7  -1  -2  -2  -2  -2  -3  -1    0   1   0   0  35   0   1   0   0   2   4   0  52   1   2   1   1   0   0   1  1.06 0.22
   40 G    -1  -4  -2  -3  -4  -3  -3   7  -3  -5  -5  -3  -4  -5  -3  -2  -2  -4  -4  -5    0   0   0   0   0   0   1  98   0   0   0   0   0   0   0   0   1   0   0   0  1.61 0.23
   41 E    -2  -2   0   6  -5   0   4  -2   0  -4  -4  -1  -4  -5  -1  -1  -2  -5  -4  -4    0   0   1  57   0   0  36   1   1   0   0   1   0   0   1   0   1   0   0   0  1.01 0.18
   42 A     6  -3  -3  -3  -2  -2  -2  -1  -3  -3  -3  -2  -2  -4  -1   0  -1  -4  -3  -1   98   0   0   0   0   0   0   2   0   0   0   0   0   0   1   0   0   0   0   0  1.01 0.23
   43 P    -2  -4  -4  -3  -5  -3  -3  -4  -4  -4  -5  -3  -4  -5   9  -2  -3  -5  -5  -4    1   0   0   0   0   0   0   0   0   0   0   0   0   0  99   0   0   0   0   0  2.62 0.29
   44 D    -3  -3   3   7  -5  -1   1  -2  -2  -5  -5  -2  -4  -5  -3  -1  -2  -6  -4  -5    0   0  15  83   0   0   2   0   0   0   0   0   0   0   0   0   0   0   0   0  1.38 0.22
   45 Y    -3  -3  -3  -5  -1  -3  -4  -5   0  -2  -2  -3  -2   4  -5  -3  -3   1   8  -2    0   0   1   0   2   0   0   0   0   1   0   0   0  15   0   0   0   0  81   0  1.57 0.25
   46 D    -3  -3   0   8  -5  -2   0  -3  -3  -5  -5  -2  -5  -5  -3  -2  -2  -6  -5  -4    0   0   0  98   0   0   0   0   0   0   0   0   0   0   0   0   1   0   0   1  1.68 0.26
   47 R    -2   6  -1  -2  -4   2  -1  -3  -1  -3  -3   4  -2  -4  -2  -1  -1  -4  -3  -3    0  61   0   0   0   6   0   0   0   1   0  27   0   0   1   1   2   0   0   0  0.91 0.18
   48 S     0  -2   0  -2  -2  -1  -1  -2  -2  -4  -4  -1  -3  -4  -2   6   0  -4  -3  -3    1   0   0   0   0   0   0   0   0   0   0   1   0   0   0  97   1   0   0   0  1.09 0.25
   49 Q    -2  -1  -2  -2   5   7   0  -3   1  -4  -3   0  -2  -5  -3  -2  -2  -4  -3  -3    0   0   0   1  17  78   1   0   3   0   0   1   0   0   0   0   0   0   0   0  1.22 0.25
   50 W    -5  -5  -6  -6  -4  -4  -5  -4  -4  -5  -4  -5  -3  -1  -6  -5  -4  12   0  -5    0   0   0   0   0   0   0   1   0   0   0   0   0   0   0   0   0  98   0   0  3.68 0.39
   51 L    -2  -3  -4  -5  -2  -3  -4  -5  -4   1   5  -4   1   3  -4  -3  -1  -2  -1   0    0   0   0   0   0   0   0   0   0   5  75   0   0  16   0   0   4   0   0   0  0.69 0.15
   52 D    -2  -2   6   4  -4  -1  -1  -1  -1  -4  -4  -1  -3  -4  -3   2  -1  -5  -3  -4    0   0  48  28   0   0   0   2   0   0   0   2   0   0   0  19   0   0   0   0  0.80 0.16
   53 V    -2  -2  -2   2  -4   0   6  -3  -2  -2  -3  -1  -2  -4  -3  -1  -2  -4  -3   1    0   0   0   7   0   0  75   0   0   1   0   0   1   0   0   0   0   0   0  16  0.86 0.19
   54 K    -2   1  -2  -2  -5   0  -1  -3  -2  -4  -4   7  -3  -5  -2  -2  -2  -5  -3  -4    0   1   0   0   0   0   0   0   0   0   0  99   0   0   0   0   0   0   0   0  1.30 0.25
   55 F    -3  -3  -3  -3  -4  -2   1  -4   0  -2  -1  -3  -1   7  -1  -2  -2  -1   2  -2    1   0   0   0   0   1  13   0   3   0   0   0   0  73   3   2   1   0   3   0  0.95 0.19
   56 K    -2   1   0  -2  -4   0   0  -3  -2  -4  -4   7  -3  -4  -2  -1   0  -4  -3  -4    0   0   3   0   0   0   0   0   0   0   0  91   0   0   0   1   4   0   0   0  1.09 0.23
   57 L    -3  -3  -5  -5  -3  -3  -4  -5  -4   1   6  -4   1  -1  -4  -4  -2  -3  -2   0    0   0   0   0   0   0   0   0   0   0 100   0   0   0   0   0   0   0   0   0  1.04 0.21
   58 D    -1  -3  -1   2  -4  -3  -2   6  -3  -5  -5  -2  -4  -4  -3  -1  -3  -4  -4  -4    0   0   1  12   0   0   1  83   0   0   0   1   0   0   0   2   0   0   0   0  1.23 0.19
   59 L    -3  -3  -4  -5  -2  -3  -4  -5  -4   1   5  -3   4   0  -4  -3  -2  -3  -2   0    0   0   0   0   0   0   0   0   0   2  85   0  11   1   0   0   0   0   0   0  0.87 0.18
   60 D    -3  -3   0   8  -5  -2   0  -3  -3  -5  -5  -2  -5  -5  -3  -2  -2  -6  -4  -5    0   0   0  98   0   0   1   0   0   0   0   0   0   0   0   0   0   0   0   0  1.69 0.26
   61 F    -4  -4  -5  -5  -4  -5  -5  -5  -3  -1  -1  -5  -1   8  -5  -4  -4   0   2  -2    0   0   0   0   0   0   0   0   0   2   0   0   0  98   0   0   0   0   0   0  1.74 0.27
   62 P    -2  -4  -4  -3  -4  -3  -3  -4  -4  -4  -5  -3  -4  -5   8  -2  -3  -5  -5  -4    1   0   0   0   0   0   0   0   0   0   0   0   0   0  98   0   0   0   0   0  2.57 0.29
   63 N    -3  -2   8   0  -4  -1  -2  -2  -1  -5  -5  -2  -4  -5  -4  -1  -1  -5  -4  -5    0   0  99   0   0   0   0   0   0   0   0   0   0   0   0   1   0   0   0   0  1.67 0.28
   64 L    -3  -3  -5  -5  -3  -3  -4  -5  -4   1   6  -4   1  -1  -4  -4  -2  -3  -2   0    0   0   0   0   0   0   0   0   0   0 100   0   0   0   0   0   0   0   0   0  1.04 0.21
   65 P    -2  -4  -4  -3  -5  -3  -3  -4  -2  -4  -5  -3  -4  -5   8  -2  -3  -5  -5  -4    0   0   0   0   0   0   0   0   1   0   0   0   0   0  99   0   0   0   0   0  2.61 0.29
   66 Y    -3  -3  -4  -5  -1  -3  -4  -5   0  -3  -3  -4  -3   2  -5  -3  -3   1   9  -3    0   0   0   0   1   0   0   0   0   0   0   0   0   0   0   0   0   0  99   0  2.01 0.31
   67 L    -3  -3  -5  -5  -3  -3  -4  -5  -4   1   5  -4   1   1  -4  -4  -2  -3  -2   0    0   0   0   0   0   0   0   0   0   0  97   0   0   3   0   0   0   0   0   0  0.98 0.20
   68 L    -2  -3  -4  -3  -1  -3   0  -5  -4   5   1  -3   2  -1  -4  -3  -1  -4  -2   2    0   0   0   0   1   0  10   0   0  69   5   0   7   0   0   0   1   0   0   7  0.61 0.16
   69 D    -3  -3   0   8  -5  -2   0  -3  -3  -5  -5  -2  -5  -5  -3  -2  -2  -6  -5  -5    0   0   1  98   0   0   0   0   0   0   0   0   0   0   0   0   1   0   0   0  1.68 0.26
   70 G    -1  -4  -2  -3  -4  -3  -3   7  -3  -5  -5  -3  -4  -5  -4  -2  -3  -4  -5  -5    0   0   0   0   0   0   1  99   0   0   0   0   0   0   0   0   0   0   0   0  1.66 0.23
   71 K     2  -1   0   2  -2   0   1  -1  -2  -2  -3   1  -2  -3   2   2   2  -4  -3  -2   23   0   2  13   0   0   6   0   0   0   0  13   0   0   9  17  14   0   0   1  0.28 0.08
   72 N    -2   3   2  -2  -3   0  -1  -3   8  -3  -3  -1  -2  -3  -3  -1   0  -4   0  -2    0  22  12   0   0   1   0   0  52   1   0   0   0   0   0   1   6   0   1   3  0.88 0.18
   73 K    -2   3  -1  -2  -5   0   0  -3  -2  -4  -4   6  -3  -4  -2  -1  -2  -4  -3  -4    0  13   0   0   0   1   0   0   0   0   0  86   0   0   0   0   0   0   0   0  1.11 0.22
   74 I    -2  -4  -4  -4  -2  -4  -4  -5  -4   6   3  -4   1  -1  -4  -3  -2  -3  -2   2    1   0   0   0   0   0   0   0   0  68  27   0   0   0   0   0   0   0   0   4  0.76 0.16
   75 T    -1  -3  -2  -3  -1  -2  -2  -3  -2  -1  -2  -2  -2  -3  -3   0   6  -4  -3   1    0   0   0   0   1   0   0   0   1   0   0   0   0   0   0   1  85   0   0  13  0.95 0.22
   76 Q    -2  -1  -2  -2  -5   8   0  -3  -1  -5  -4   0  -2  -5  -3  -2  -2  -4  -3  -4    0   0   0   0   0  99   0   0   0   0   0   0   0   0   0   0   0   0   0   0  1.64 0.31
   77 S     0  -2  -1  -2  -2  -1  -2  -2  -2  -4  -4  -2  -3  -4  -2   6   0  -4  -3  -3    0   0   0   0   0   0   0   0   0   0   0   0   0   0   0 100   0   0   0   0  1.16 0.26
   78 N    -3  -2   8   0  -4  -1  -2  -2  -1  -5  -5  -1  -4  -5  -4  -1  -1  -5  -4  -5    0   0  98   0   0   0   0   0   0   0   0   1   0   0   0   0   0   0   0   0  1.63 0.28
   79 A     6  -3  -3  -3  -2  -2  -2  -1  -3  -3  -3  -2  -2  -4  -2   0  -1  -4  -3  -1   98   0   0   0   0   0   0   0   0   0   0   0   0   0   0   0   1   0   0   1  1.02 0.23
   80 I    -3  -5  -5  -5  -3  -4  -5  -5  -5   7   0  -4   0  -1  -4  -4  -2  -4  -3   1    0   0   0   0   0   0   0   0   0 100   0   0   0   0   0   0   0   0   0   0  1.22 0.24
   81 L    -2  -3  -4  -5  -2  -3  -4  -5  -4   1   5  -3   5  -1  -4  -3  -2  -3  -2   0    0   0   0   0   0   0   0   0   0   1  78   0  19   0   0   0   0   0   0   2  0.84 0.18
   82 R    -3   7  -2  -3  -2   0  -1  -4   2  -5  -4   1  -3  -4  -4  -2  -3  -4  -3  -4    0  94   0   0   1   0   0   0   4   0   0   0   0   0   0   1   0   0   0   0  1.45 0.25
   83 Y    -3  -3  -4  -5  -4  -3  -4  -5   1  -3  -3  -4  -3   2  -5  -3  -3   1   9  -3    0   0   0   0   0   0   0   0   2   0   0   0   0   0   0   0   0   0  98   0  2.01 0.31
   84 I    -3  -4  -5  -5  -2  -4  -4  -5  -4   6   2  -4   0  -1  -4  -4  -2  -4  -2   1    0   0   0   0   0   0   0   0   0  81  19   0   0   0   0   0   0   0   0   0  0.91 0.19
   85 A     6  -3  -3  -3  -2  -2  -2   1  -3  -3  -3  -2  -2  -4  -2   0  -1  -4  -3  -2   92   0   0   0   0   0   0   8   0   0   0   0   0   0   0   0   0   0   0   0  0.92 0.21
   86 R    -3   7  -2  -3  -4   0  -2  -4   0  -5  -4   1  -3  -4  -4  -2  -3  -4  -2  -4    0  98   0   0   0   0   0   0   1   0   0   0   0   0   0   0   0   0   1   0  1.55 0.26
   87 K    -2   1  -2  -2  -5   0  -1  -3  -2  -4  -4   7  -3  -5  -2  -2  -2  -5  -3  -4    0   2   0   0   0   0   0   0   0   0   0  98   0   0   0   0   0   0   0   0  1.28 0.25
   88 H    -3  -2   0  -3  -5  -1  -2  -4  10  -5  -5  -2  -3  -3  -3  -3  -3  -4   0  -5    0   0   2   0   0   0   0   0  97   0   0   0   0   0   1   0   0   0   1   0  2.19 0.32
   89 N    -3  -1   7   1  -4  -1  -1  -1   1  -5  -5   1  -4  -4  -3  -1  -1  -5  -3  -4    0   1  85   3   0   0   0   1   2   0   0   7   0   0   0   1   0   0   0   0  1.27 0.23
   90 M    -2  -3  -4  -5  -2  -3  -4  -5  -4   0   5  -3   6  -1  -4  -3  -2  -3  -2   0    0   0   0   0   0   0   0   0   0   0  64   0  36   0   0   0   0   0   0   0  0.89 0.19
   91 C    -2  -5  -4  -5  11  -5  -5  -4  -5  -3  -3  -5  -3  -4  -5  -2  -3  -4  -3  -2    1   0   0   0  97   0   0   0   0   0   0   0   0   0   0   0   0   0   1   1  2.57 0.33
   92 G    -1  -4  -2  -3  -4  -3  -3   7  -3  -5  -5  -3  -4  -5  -4  -2  -3  -4  -5  -5    1   0   0   0   0   0   1  99   0   0   0   0   0   0   0   0   0   0   0   0  1.64 0.23
   93 E    -2  -1  -1   1  -5   1   7  -3  -1  -5  -4   0  -3  -5  -3  -1  -2  -4  -3  -3    0   0   0   5   0   1  92   0   0   0   0   0   0   0   0   0   0   0   0   1  1.29 0.24
   94 T    -1  -3  -1  -2  -2  -2  -2  -3  -3  -2  -3  -2  -2  -4  -3   1   7  -4  -3  -1    0   0   0   0   0   0   0   0   0   0   0   1   0   0   0   2  96   0   0   0  1.22 0.26
   95 E    -2  -2  -2   1  -5   1   7  -3  -1  -5  -4  -1  -4  -5  -3  -2  -2  -4  -4  -4    0   0   0   1   0   0  99   0   0   0   0   0   0   0   0   0   0   0   0   0  1.44 0.26
   96 E    -2  -1  -1   3  -5   1   6  -3  -1  -4  -4   0  -3  -5  -2  -1  -2  -4  -3  -3    1   0   0  14   0   1  80   0   0   0   0   2   0   0   0   0   0   0   0   2  1.09 0.21
   97 E    -2  -1  -2   0  -5   1   7  -3  -1  -5  -4  -1  -3  -5  -3  -2  -2  -4  -4  -4    0   0   0   0   0   1  98   1   0   0   0   0   0   0   0   0   0   0   0   0  1.43 0.26
   98 K    -2   4  -1  -2  -4   1   0  -3  -2  -1  -3   5   0  -4  -2  -1  -1  -4  -3  -3    0  22   1   0   0   3   1   0   0   5   1  65   3   0   0   0   1   0   0   0  0.74 0.17
   99 I    -2  -4  -4  -4   0  -3  -4  -5  -3   6   1  -4   0  -1  -4  -3  -1  -4  -2   3    0   0   0   0   2   1   0   0   1  80   3   0   0   0   0   0   1   0   0  13  0.85 0.18
  100 R    -3   7  -2  -3  -4   0  -1  -4   1  -4  -3   1  -3  -4  -4  -2  -3  -2  -2  -4    0  93   0   0   0   1   0   0   3   0   1   0   0   0   0   0   0   0   0   0  1.40 0.24
  101 V    -1  -4  -4  -4  -2  -3  -3  -4  -4   2   0  -3   3  -2  -4  -3  -1  -4  -2   6    3   0   0   0   0   0   1   0   0   3   0   0   9   0   0   0   0   0   0  84  0.81 0.19
  102 D    -3  -3   0   8  -5  -2   0  -3  -2  -5  -5  -2  -5  -5  -3  -2  -3  -6  -5  -5    0   0   0  99   0   0   0   0   1   0   0   0   0   0   0   0   0   0   0   0  1.71 0.26
  103 I    -2  -4  -4  -4  -2  -4  -4  -5  -4   6   1  -4   3  -1  -4  -3  -1  -4  -2   2    0   0   0   0   0   0   0   0   0  77   4   0   9   0   0   0   2   0   0   8  0.82 0.18
  104 I    -2  -3  -4  -5  -2  -3  -4  -5  -4   1   5  -3   4   0  -4  -3  -2  -3  -2   1    0   0   0   0   0   0   0   0   0   2  77   0  12   0   0   0   1   0   0   8  0.74 0.16
  105 E    -2  -1  -2   0  -5   1   7  -4  -2  -5  -4   0  -3  -5  -3  -2  -2  -4  -4  -3    0   0   0   0   0   0  98   0   0   0   0   1   0   0   0   0   0   0   0   1  1.41 0.26
  106 N    -3  -2   8   0  -4  -1  -2  -2   0  -5  -5  -1  -4  -5  -3   0  -1  -5  -4  -4    0   0  95   0   0   0   0   0   1   0   0   2   0   0   0   3   0   0   0   0  1.52 0.26
  107 Q    -2   0  -1  -2  -5   8   2  -3   0  -4  -4   0  -2  -5  -3  -2  -2  -4  -3  -4    0   0   0   0   0  92   7   0   1   0   0   0   0   0   0   0   0   0   0   0  1.47 0.28
  108 V     3  -3  -3  -3  -1  -2  -2  -2  -3   2   1  -2   0  -1  -2   0   0  -3  -2   3   33   0   0   0   1   0   0   0   0  13   8   0   0   1   0   4   4   0   0  36  0.30 0.10
  109 M    -2  -3  -4  -5  -3  -2  -4  -4  -3   0   1  -2   9  -2  -4  -3  -1   0  -2   0    1   0   0   0   0   0   0   0   0   1   1   1  89   0   0   0   2   1   0   3  1.43 0.29
  110 D    -3  -3   0   7  -5  -2   0  -3  -2  -4  -5  -2  -4  -5  -3  -2  -2  -6  -4  -4    0   0   1  97   0   0   0   0   0   0   0   0   0   0   0   0   0   0   0   1  1.64 0.25
  111 F    -2  -3   1  -2  -2  -2  -3  -3  -2   0  -1  -2  -1   5  -3   0   3  -2   0   0    0   0   8   0   0   0   0   0   0   4   3   0   0  37   0   4  36   0   0   7  0.42 0.13
  112 R    -2   7  -2  -3  -1   0  -1  -3   1  -4  -3   1  -2  -3  -2   0  -2  -3  -3  -3    1  81   0   0   2   0   0   1   3   0   1   0   0   1   1   8   0   0   0   1  1.03 0.20
  113 T    -2  -2   3  -2  -3  -2  -3  -3  -2   1   1  -2   7   0  -3  -2  -1  -1  -2   0    0   1  25   0   0   0   0   0   0   7  11   1  46   2   0   0   2   1   0   2  0.54 0.17
  114 Q    -1  -1  -1   0  -3   6   1   2   2  -4  -3   0  -2  -3  -2   0  -2  -3   0  -3    1   0   1   3   0  54   5  18   4   0   1   1   0   0   0   7   0   0   3   1  0.58 0.15
  115 L    -3  -3  -3  -4  -2  -3  -4  -4  -2   0   4  -3   3   4  -4  -3  -2  -2   0   0    0   0   1   0   0   1   0   0   1   0  65   0   9  24   0   0   0   0   0   0  0.66 0.15
  116 I     3  -3  -3  -3  -2  -2  -2   1  -3   2  -1  -2   0  -2  -2  -1  -1  -3  -2   3   38   0   0   0   0   0   0   9   0  15   0   0   1   0   0   2   1   0   0  33  0.32 0.11
  117 R    -2   5  -2  -3  -2   0  -1  -3  -2   0  -1   1   5  -2  -3  -1   1  -2  -2  -1    1  43   1   0   0   2   1   0   0   4   1   3  32   0   0   2   9   0   0   1  0.53 0.16
  118 L    -2  -3  -4  -4  -2  -3  -3  -4  -4   3   3  -3   3  -1  -3  -3  -1  -3  -2   3    0   0   0   0   0   0   0   0   0  15  39   0  10   0   0   0   1   0   0  34  0.50 0.11
  119 C    -1  -5  -3  -5  11  -4  -5  -4  -5  -3  -3  -4  -3  -4  -4  -1  -2  -4  -4  -2    1   0   1   0  93   0   0   0   0   0   0   0   0   0   0   3   0   0   0   1  2.38 0.31
  120 Y    -3  -3  -4  -5  -1  -3  -4  -5   1  -3  -3  -3  -2   2  -4  -3  -3   1   9  -3    0   0   0   0   1   0   0   0   2   0   0   0   0   2   0   0   0   0  93   0  1.81 0.28
  121 S     0  -1   4   0  -2  -1  -1  -1  -1  -3  -3  -1  -2  -3  -2   4   0  -3  -2  -3    3   1  29   3   0   0   1   2   1   1   2   1   0   1   1  54   1   0   0   1  0.55 0.13
  122 S    -1  -3  -2  -2  -3  -2  -2  -3  -3  -3  -4  -2  -3  -4   8   1   1  -4  -4  -3    2   0   0   0   0   0   0   0   0   0   0   0   0   1  74   9  11   0   0   0  1.65 0.20
  123 D    -3  -3   1   7  -5  -1   2  -3  -2  -5  -5  -1  -4  -5  -3  -1  -2  -5  -4  -4    0   0   2  88   0   0   9   0   0   0   0   1   0   0   0   0   0   0   0   0  1.44 0.23
  124 H    -3  -4  -4  -5  -4  -4  -4  -4   2  -1   0  -4  -1   8  -5  -3  -3   0   3  -2    0   0   0   0   0   0   0   0   7   0   5   0   1  80   0   0   0   0   5   0  1.26 0.21
  125 E    -2  -1  -1   3  -5   1   6  -3  -1  -5  -4   0  -3  -5  -2  -1  -2  -4  -4  -4    0   0   0  14   0   0  84   0   0   0   0   1   0   0   0   0   0   0   0   0  1.21 0.22
  126 K    -2   1   0  -1  -4   0   0  -3  -2  -4  -4   7  -3  -5  -2  -1  -1  -4  -3  -4    0   1   3   1   0   1   0   0   0   0   0  90   0   0   0   1   1   0   0   0  1.08 0.22
  127 L    -2   0  -3  -4  -2   1  -2  -4  -3   1   4   0   3  -1  -3  -3  -2  -3  -2   0    0   6   0   0   0   8   0   0   0   3  65   7  10   0   0   0   0   0   0   1  0.46 0.13
  128 K    -2   2  -1  -2  -5   0   0  -3  -2  -4  -4   7  -3  -5  -2  -2  -2  -4  -3  -4    0   4   0   0   0   0   0   0   0   0   0  96   0   0   0   0   0   0   0   0  1.24 0.24
  129 P    -2  -4  -3  -3  -4  -2  -3  -3  -4  -4  -3  -2  -4  -5   8  -2  -2  -5  -4  -3    2   0   0   0   0   1   0   1   0   0   3   0   0   0  92   1   1   0   0   0  2.27 0.27
  130 Q    -1  -1  -1   1  -4   3   4   3  -1  -4  -4   1  -3  -4  -2  -1  -2  -4  -3  -3    3   1   0   8   0  15  42  27   0   0   0   5   0   0   0   0   0   0   0   0  0.58 0.13
  131 Y    -3  -3  -4  -5  -3  -3  -4  -5   0  -2  -2  -4  -2   5  -5  -3  -3   1   8  -3    0   0   0   0   0   0   0   0   0   0   1   0   0  20   0   0   0   0  79   0  1.61 0.26
  132 L    -3  -3  -5  -5  -2  -3  -4  -5  -4   1   5  -4   2  -1  -4  -4  -2  -3  -2   0    0   0   0   0   0   0   0   0   0   1  93   0   2   0   0   0   1   0   0   2  0.92 0.19
  133 E    -2   0  -1   0  -4   1   5  -3  -1  -4  -3   4  -3  -4  -2  -1  -2  -4  -3  -3    1   0   1   2   0   3  60   0   0   0   1  30   0   0   0   1   0   0   0   0  0.82 0.17
  134 E     0   0  -1   0  -3   3   2   3  -1  -3  -3   0   0  -3  -2   0   0  -3  -3  -2    7   2   0   2   0  26  13  30   0   0   0   5   4   0   0   3   5   0   0   3  0.36 0.10
  135 L    -3  -3  -5  -5  -2  -3  -4  -5  -4   3   5  -4   1  -1  -4  -4  -2  -3  -2   0    0   0   0   0   0   0   0   0   0  15  83   0   0   0   0   0   0   0   0   0  0.83 0.17
  136 P    -2  -4  -4  -3  -4  -3  -3  -4  -3  -4  -5  -3  -4  -5   8  -2  -2  -5  -5  -4    0   0   0   0   0   0   0   0   0   0   0   0   0   0  98   0   0   0   0   0  2.56 0.29
  137 G    -1  -2   0   3  -2   0   4   3  -2  -4  -4  -1  -3  -4  -2  -1  -2  -4  -3  -3    2   0   1  21   1   0  38  33   0   0   0   1   0   0   0   0   1   0   0   2  0.63 0.13
  138 Q    -2   1  -1  -2  -3   3   0  -3  -1  -1  -1   5   1  -3  -2  -1   1  -4  -3  -1    0   1   0   0   0  16   0   0   0   3   3  55   6   0   0   0  10   0   0   5  0.47 0.14
  139 L    -2  -3  -4  -5  -2  -2  -4  -4  -3   1   4  -3   6  -1  -4  -3  -2  -3  -2   1    0   0   0   0   0   0   0   0   0   2  54   0  38   0   0   0   0   0   0   5  0.79 0.18
  140 K    -2   2  -1  -2  -4   1   0  -3  -2  -4  -4   6  -3  -4  -2  -1  -1  -4  -3  -4    0   6   0   0   0   2   1   0   0   0   0  88   0   0   0   0   3   0   0   0  1.08 0.22
  141 Q    -2  -2  -3  -3  -2   4  -1  -4   0   0   4  -1   1  -1  -2  -2  -2  -3  -2  -1    0   0   0   0   1  29   1   0   2   1  63   1   0   1   1   0   0   0   0   0  0.52 0.16
  142 F    -3  -4  -4  -5  -4  -4  -4  -5  -1  -2  -1  -4  -1   7  -5  -3  -3   0   6  -2    0   0   0   0   0   0   0   0   0   0   2   0   0  63   0   0   0   0  35   0  1.36 0.22
  143 S     0  -2  -1  -2  -2  -1  -2  -2  -2  -4  -4  -2  -3  -4  -2   6   0  -4  -3  -3    1   0   0   0   0   0   0   0   0   0   0   0   0   0   0  99   0   0   0   0  1.14 0.26
  144 M    -1  -1   1   2  -4   5   3  -2  -1  -3  -1   0   0  -3  -2  -1  -1  -3  -3  -2    2   0   5  10   0  42  23   1   1   0   9   1   2   0   0   0   0   0   0   2  0.49 0.13
  145 F    -4  -4  -5  -5  -2  -5  -5  -5  -3  -2  -1  -5  -1   8  -5  -4  -4   0   2  -2    0   0   0   0   1   0   0   0   0   0   0   0   0  98   0   0   0   0   1   0  1.74 0.27
  146 L    -3  -3  -5  -5  -2  -3  -4  -5  -4   1   6  -4   1  -1  -4  -4  -2  -3  -2   0    0   0   0   0   0   0   0   0   0   0  98   0   0   0   0   0   0   0   0   0  1.01 0.20
  147 G    -1  -4  -2  -2  -4  -3  -3   7  -3  -5  -5  -3  -4  -5  -4  -2  -3  -4  -5  -5    1   0   0   0   0   0   1  99   0   0   0   0   0   0   0   0   0   0   0   0  1.63 0.23
  148 K    -2   1   0   3  -4   0   1  -3  -2  -4  -4   5  -2  -4  -2  -1   0  -4  -3  -3    0   1   2  20   0   1   4   0   0   0   0  67   0   0   0   0   4   0   0   0  0.74 0.17
  149 F    -2   6  -1  -3  -3   2  -1  -3   0  -4  -3   1  -2   1  -3  -2  -2  -1   0  -3    0  71   0   0   0   9   0   1   1   0   1   4   0   8   0   0   0   1   3   0  0.88 0.18
  150 S    -1  -1  -1  -2  -2  -1  -1  -3  -3  -3  -3   2  -3  -4   6   1   0  -4  -3  -3    0   0   1   0   1   1   0   0   0   0   2  22   0   0  52  16   6   0   0   0  1.05 0.16
  151 W    -5  -5  -6  -6  -4  -4  -5  -5  -4  -5  -4  -5  -3  -1  -6  -5  -5  12   0  -5    0   0   0   0   0   0   0   0   0   0   0   0   0   0   0   0   0  99   0   0  3.75 0.40
  152 F    -4  -4  -5  -5  -2  -5  -5  -5  -3  -2  -1  -5  -1   8  -5  -4  -4   0   2  -2    0   0   0   0   1   0   0   0   0   0   1   0   0  98   0   0   0   0   0   0  1.75 0.27
  153 A     6  -3  -3  -3  -2  -2  -2  -1  -3  -2  -2  -2  -2  -3  -2   0   0  -4  -3   0   90   0   0   0   0   0   0   0   0   0   0   0   0   0   0   0   2   0   0   7  0.85 0.20
  154 G    -1  -4  -2  -3  -4  -3  -3   7  -3  -5  -5  -3  -4  -5  -4  -2  -3  -4  -4  -5    1   0   0   0   0   0   1  98   0   0   0   0   0   0   0   0   0   0   0   0  1.63 0.23
  155 E    -2  -2   2   6  -5  -1   3  -2  -1  -4  -5  -1  -4  -5  -3  -1  -2  -5  -4  -4    0   0  11  66   0   0  21   1   1   0   0   0   0   0   0   1   0   0   0   0  1.06 0.18
  156 K    -2   1  -1  -2  -5   0   0  -3  -2  -4  -4   7  -3  -5  -2  -1  -1  -5  -3  -4    0   0   1   0   0   0   0   0   0   0   0  97   0   0   0   0   2   0   0   0  1.24 0.25
  157 L    -2  -4  -4  -4  -2  -4  -4  -5  -4   5   3  -4   1  -1  -4  -3  -1  -3  -2   2    0   0   0   0   0   0   0   0   0  63  32   0   0   0   0   0   1   0   0   3  0.74 0.16
  158 T    -1  -3  -1  -2  -2  -2  -2  -3  -3  -2  -3  -2  -2  -4  -3   0   7  -4  -3  -1    0   0   1   0   0   0   0   0   0   0   0   0   0   0   0   1  98   0   0   0  1.26 0.26
  159 F    -3  -4  -4  -5  -4  -4  -4  -5  -1  -1  -1  -4  -1   7  -5  -3  -3   0   6  -2    0   0   0   0   0   0   0   0   0   2   0   0   0  66   0   0   0   0  32   0  1.36 0.22
  160 V     0  -4  -4  -4  -2  -3  -4  -4  -4   1   0  -3  -1  -2  -4  -3  -1  -4  -3   6    8   0   0   0   0   0   0   0   0   0   0   0   0   0   0   0   0   0   0  92  0.91 0.21
  161 D    -3  -3   0   8  -5  -2   0  -3  -3  -5  -5  -2  -5  -5  -3  -2  -3  -6  -5  -5    0   0   1  99   0   0   0   0   0   0   0   0   0   0   0   0   0   0   0   0  1.73 0.26
  162 F    -4  -4  -5  -5  -4  -5  -5  -5  -3  -2  -1  -5  -1   8  -5  -4  -4   0   2  -2    0   0   0   0   0   0   0   0   0   0   0   0   0 100   0   0   0   0   0   0  1.81 0.28
  163 L    -2  -3  -4  -5  -1  -3  -4  -5  -1   3   5  -3   1   0  -3  -3  -2  -3  -2   1    0   0   0   0   1   0   0   0   2  15  76   0   0   0   0   0   0   0   0   5  0.69 0.15
  164 T     3  -2  -3  -3  -2  -2  -2  -2  -3   0   0  -2   4  -2  -2   0   1  -3  -2   2   45   0   0   0   0   0   0   0   0   1   2   0  22   0   0   0  13   0   0  17  0.39 0.14
  165 Y    -3  -3  -4  -5  -4  -3  -4  -5   0  -3  -3  -4  -3   2  -5  -3  -3   1   9  -3    0   0   0   0   0   0   0   0   0   0   0   0   0   4   0   0   0   0  95   0  1.93 0.30
  166 D    -3  -3   0   7  -5  -1   3  -3  -2  -5  -5  -2  -4  -5  -3  -1  -2  -5  -4  -4    0   0   0  82   0   0  17   0   0   0   0   0   0   0   0   0   0   0   0   0  1.37 0.22
  167 I    -1  -3  -4  -4  -2  -3  -4  -4  -4   3   2  -3   1  -1  -3  -3  -1  -3  -2   4    1   0   0   0   0   0   0   0   0  22  19   0   2   1   0   0   1   0   0  53  0.55 0.13
  168 L    -3  -3  -5  -5  -2  -3  -4  -5  -4   1   5  -4   1   0  -4  -4  -2  -3  -2   0    0   0   0   0   0   0   0   0   0   3  94   0   0   2   0   0   0   0   0   1  0.93 0.19
  169 D    -3  -3   0   7  -4  -1   2  -3  -2  -5  -5  -2  -4  -5  -3  -2  -2  -6  -4  -5    0   0   0  92   0   0   7   0   0   0   0   0   0   0   0   0   0   0   0   0  1.55 0.24
  170 Q    -2   1  -2  -2  -3   6   0  -2  -1  -1   1   0   1  -3  -3  -2  -1  -2  -2   0    0   8   0   0   0  56   2   2   0   2  15   2   5   0   0   0   1   1   0   8  0.53 0.16
  171 N    -3  -1   4  -1  -4   1  -1  -3   8  -3  -1  -1  -2  -2  -3  -1  -2  -3   1  -3    0   0  30   0   0   4   0   0  49   0   7   2   0   1   0   1   1   0   5   0  0.89 0.19
  172 R    -3   7  -2  -3  -1   2  -1  -4   0  -4  -2   1  -2  -4  -3  -2  -2  -4  -2  -4    0  84   0   0   1   7   0   0   2   0   2   0   0   0   0   1   0   0   1   0  1.16 0.22
  173 I    -2  -2  -3  -4  -2  -2  -4  -4  -3   4   2  -3   6  -1  -4  -2  -1  -3  -2   2    1   1   0   0   0   0   0   0   0  40   9   0  39   0   0   1   2   0   0   7  0.65 0.16
  174 F    -4  -4  -5  -5  -4  -5  -5  -5  -3  -1  -1  -5  -1   8  -5  -4  -4   0   2  -2    0   0   0   0   0   0   0   0   0   0   2   0   0  98   0   0   0   0   0   0  1.72 0.27
  175 D    -1  -1  -1   1  -5   2   6  -3   3  -4  -4   0  -3  -4  -2  -1  -2  -4  -3  -3    4   0   0   4   0   5  77   0   9   0   0   0   0   0   0   0   0   0   0   1  1.00 0.20
  176 P    -2  -4  -4  -3  -4  -3  -3  -4  -4  -4  -4  -3  -4  -5   8  -1  -3  -5  -5  -4    0   0   0   0   0   0   0   0   0   0   1   0   0   0  97   3   0   0   0   0  2.50 0.28
  177 K    -1   2  -1  -2  -4   0   0  -1  -1  -3  -3   6  -2  -4  -2   0   1  -4  -3  -3    1   4   1   0   0   0   1   4   1   0   0  70   0   0   0   4  14   0   0   0  0.69 0.17
  178 C    -2  -5  -4  -5  11  -5  -5  -4  -5  -3  -3  -5  -3  -4  -5  -1  -2  -4  -3  -3    0   0   0   0  96   0   0   0   0   0   0   0   0   0   0   3   0   0   1   0  2.53 0.32
  179 L    -3  -3  -5  -5  -3  -3  -4  -5  -4   1   6  -4   1   0  -4  -4  -2  -3  -2   0    0   0   0   0   0   0   0   0   0   0  99   0   0   0   0   0   0   0   0   0  1.03 0.20
  180 D    -3  -3   0   7  -5  -1   3  -3  -1  -5  -5  -2  -4  -5  -3  -1  -2  -5  -4  -4    0   0   0  85   0   0  14   0   1   0   0   0   0   0   0   0   0   0   0   0  1.41 0.22
  181 E     4  -2  -1   2  -2   0   2  -1  -2  -3  -3  -1  -2  -4   0   0  -1  -4  -3  -2   54   0   2  11   0   4  20   1   0   0   0   2   0   0   4   0   2   0   0   1  0.42 0.12
  182 F    -4  -4  -5  -5  -4  -5  -5  -5  -3  -2  -1  -5  -1   8  -5  -4  -4   0   2  -2    0   0   0   0   0   0   0   0   0   0   1   0   0  97   0   0   0   0   2   0  1.73 0.27
  183 P    -1  -1  -2  -2  -4   0  -2  -3  -3  -4  -4   2  -3  -5   7  -1  -2  -3  -4  -4    2   0   0   0   0   3   0   1   0   0   0  21   0   0  70   2   0   0   0   0  1.59 0.21
  184 N    -3  -2   8   0  -4  -1  -2  -2  -1  -5  -5  -1  -4  -5  -4  -1  -1  -5  -3  -4    1   0  96   0   0   0   0   0   0   0   0   1   0   0   0   1   1   0   0   0  1.55 0.27
  185 L    -3  -3  -5  -5  -2  -3  -4  -5  -4   1   6  -4   1  -1  -4  -4  -2  -3  -2   0    0   0   0   0   0   0   0   0   0   1  99   0   0   0   0   0   0   0   0   0  1.03 0.20
  186 K    -2   2  -1  -2  -4   1   0  -3  -2  -4  -4   6  -1  -4  -2  -1  -2  -4  -3  -4    0   4   0   0   0   3   0   1   0   0   0  89   1   0   0   1   1   0   0   0  1.07 0.22
  187 A     0  -3   0   7  -4  -1   2  -2  -2  -4  -4  -2  -4  -5  -3  -1  -2  -5  -4  -3   10   0   2  76   0   0  10   1   0   0   0   0   0   0   0   1   0   0   0   1  1.10 0.19
  188 F    -4  -4  -5  -5  -4  -5  -5  -5  -3  -1   0  -5  -1   8  -5  -4  -4   0   2  -2    0   0   0   0   0   0   0   0   0   0   6   0   0  93   0   0   0   0   1   0  1.58 0.25
  189 M    -2  -3  -4  -4  -2  -2  -4  -4  -2   3   3  -3   6  -1  -4  -3  -2  -3  -2   1    0   0   0   0   0   0   0   0   1  17  31   0  41   0   0   0   0   0   0   9  0.65 0.16
  190 C     3  -2  -1   3   4  -1  -1  -1  -2  -2  -3  -2  -2  -3  -2   2   0  -4  -3  -1   36   0   0  20  11   0   2   1   0   0   0   0   0   0   0  22   5   0   0   4  0.37 0.11
  191 R    -3   7  -1  -3  -1   0  -1  -4   2  -4  -3   1  -3  -4  -3  -2  -3  -4  -3  -4    0  91   1   0   2   1   0   0   5   0   0   0   0   0   1   0   0   0   0   0  1.36 0.24
  192 F    -4  -4  -5  -5  -4  -5  -5  -5  -3  -1  -1  -5  -1   8  -5  -4  -4   0   2  -2    0   0   0   0   0   0   0   0   0   1   1   0   0  97   0   0   0   0   0   1  1.69 0.26
  193 E    -2  -1  -2   0  -5   1   7  -1  -1  -5  -4  -1  -3  -5  -3  -1  -2  -4  -4  -4    0   0   0   0   0   1  95   4   0   0   0   0   0   0   0   0   0   0   0   0  1.33 0.25
  194 A     3  -3  -2  -2  -2  -2  -2   5  -2  -4  -4  -2  -3  -4  -3   0  -2  -4  -3  -2   40   0   0   1   0   0   1  56   0   0   0   0   0   0   0   0   1   0   0   0  0.84 0.16
  195 L    -3  -3  -5  -5  -3  -2  -4  -5  -4   1   6  -4   1  -1  -4  -4  -2  -3  -2   0    0   0   0   0   0   1   0   0   0   0  99   0   0   0   0   0   0   0   0   0  1.00 0.20
  196 E    -2   1  -1   0  -4   1   5  -3  -1  -4  -4   4  -3  -4   1  -1  -2  -4  -3  -3    0   2   0   3   0   1  48   0   0   0   0  40   0   0   5   0   0   0   0   0  0.75 0.16
  197 K    -2   2   0  -2  -4   1   0  -3  -2  -4  -4   7  -3  -5  -2  -1  -2  -4  -3  -4    0   4   2   0   0   2   1   0   0   0   0  90   0   0   0   0   0   0   0   0  1.11 0.22
  198 I    -3  -4  -5  -5  -3  -4  -5  -5  -5   7   0  -4   1  -1  -4  -4  -2  -4  -3   2    0   0   0   0   0   0   0   0   0  93   0   0   1   0   0   0   0   0   0   5  1.09 0.22
  199 A     4  -2  -1  -2  -2  -1  -1  -1  -2  -3  -3  -1  -2  -4  -2   5   0  -4  -3  -2   39   0   0   0   0   0   0   0   0   0   0   0   0   0   0  60   1   0   0   0  0.71 0.18
  200 A     6  -3  -1  -1  -2  -2  -2  -1  -3  -3  -3  -2  -2  -4  -2   0  -1  -4  -3  -1   90   0   2   3   0   0   1   1   0   0   0   0   0   0   0   1   2   0   0   1  0.83 0.20
  201 Y    -3  -3  -4  -5  -3  -3  -4  -5   0  -3  -3  -4  -3   2  -5  -3  -3   1   9  -3    0   0   0   0   0   0   0   0   0   0   0   0   0   2   0   0   0   0  98   0  1.98 0.30
  202 L    -3  -3  -4  -5  -3  -2  -4  -5  -3   1   1  -3   9  -2  -4  -3  -2  -3  -3   0    0   0   0   0   0   0   0   0   0   4   4   0  90   0   0   0   0   0   0   1  1.53 0.30
  203 Q    -2   2  -1  -2  -4   3   0  -3  -1  -4  -4   6  -2  -4  -2  -1  -2  -4  -3  -4    0   3   1   0   0  12   0   0   1   0   0  82   0   0   0   1   0   0   0   0  1.01 0.22
  204 S     0  -2  -1  -2  -2  -1  -1  -2  -2  -4  -4  -2  -3  -4  -2   6   2  -4  -3  -3    0   0   0   0   0   0   0   0   0   0   0   0   0   0   0  91   8   0   0   0  1.01 0.24
  205 D     0  -2   1   3  -3  -1   0   0  -2  -4  -4  -1  -3  -4  -1   5   0  -4  -3  -3    1   0   4  21   0   0   1   7   0   0   0   2   0   0   2  62   0   0   0   0  0.61 0.16
  206 Q    -3   7   0  -3   0   0  -1  -4   1  -4  -3   1  -3  -4  -3  -2  -2  -4  -3  -4    0  85   3   0   2   1   0   0   2   0   0   3   0   0   0   1   0   0   0   0  1.21 0.23
  207 F    -4  -4  -4  -5  -2  -5  -5  -5  -2  -2  -1  -5  -1   8  -5  -3  -3   0   3  -2    0   0   0   0   1   0   0   0   0   0   1   0   0  90   0   1   0   0   7   1  1.57 0.25
  208 C    -2  -1  -3  -4   0  -1  -3  -4  -1   2   4  -3   4   2  -4  -3  -2  -2   0   0    0   2   0   0   2   3   0   0   2  10  53   0  15   9   0   0   0   0   2   1  0.43 0.11
  209 K    -1   1  -2  -2  -3  -1  -1  -3  -2  -4  -4   4  -3  -4   6   0  -2  -4  -3  -3    3   8   0   0   0   0   0   0   0   0   0  37   0   0  45   5   0   0   1   0  1.02 0.17
  210 M    -1   2  -1  -2  -2   0  -1   1   0  -1  -1   1   3  -3  -2   0   3  -3  -2  -1    3  18   1   1   0   2   0  11   3   1   3   7  14   0   0   5  31   0   0   2  0.22 0.10
  211 P    -2  -4  -4  -3  -5  -2  -3  -4  -4  -4  -3  -3  -4  -5   8  -2  -3  -5  -5  -4    0   0   0   0   0   0   0   0   0   0   2   0   0   0  97   0   0   0   0   0  2.52 0.30
  212 I    -2  -3  -4  -4  -2  -3  -4  -4  -4   4   2  -3   2   0  -3  -3  -1  -3  -2   4    0   0   0   0   0   0   0   0   0  29  23   0   7   3   0   0   0   0   0  39  0.52 0.12
  213 N    -3  -3   5  -2  -3  -2  -3  -3   0  -2  -2  -3  -2   5  -4  -2  -2  -1   5  -3    0   0  35   0   0   0   0   0   0   0   0   0   0  37   0   0   0   0  27   0  0.87 0.19
  214 N     0  -2   4  -1  -2  -1  -2   0  -1  -2   1  -1  -1  -2  -2   1   2   1  -2  -1    5   0  33   0   0   0   0   6   0   0  18   0   1   0   1  12  19   2   0   1  0.28 0.10
  215 K    -2   2  -1  -2  -5   0  -1  -3  -2  -4  -4   7  -3  -5  -2  -1  -2  -4  -3  -4    1   4   1   0   0   0   0   0   0   0   0  93   0   0   0   0   1   0   0   0  1.18 0.24
  216 M    -1  -2  -2  -3  -3   0  -3  -4  -3   2   1  -2   7  -1  -2  -2   0  -2  -2   1    2   0   1   1   0   4   0   0   0  10   5   2  59   1   1   2   6   0   0   6  0.66 0.19
  217 A     6  -3  -3  -3  -2  -2  -2  -1  -3  -3  -3  -2  -2  -4  -2   0  -1  -4  -3  -1   98   0   0   0   0   0   0   0   0   0   0   0   0   0   0   1   0   0   0   1  1.06 0.24
  218 Q    -1   0  -1  -2  -2   2  -1  -3   1   0   0   3   1   0  -2  -1   2  -2  -1   1    2   1   0   0   0  10   0   0   5   1   8  30   6   4   0   1  16   0   1  15  0.17 0.09
  219 W    -5  -5  -6  -7  -5  -4  -5  -5  -5  -5  -4  -5  -4  -1  -6  -5  -5  13   0  -5    0   0   0   0   0   0   0   0   0   0   0   0   0   0   0   0   0 100   0   0  3.86 0.42
  220 G    -1  -3   1  -2   0  -3  -3   6  -3  -5  -5  -3  -4  -4  -3   0  -1  -4  -4  -4    1   0   7   1   3   0   0  83   0   0   0   0   0   0   0   3   2   0   0   1  1.21 0.19
  221 N    -2  -1   7   0  -2  -1  -1   0   0  -5  -5  -1  -3  -4  -1   1  -1  -5  -3  -4    1   1  78   1   1   1   0   4   2   0   0   1   0   0   2   7   1   0   1   0  1.08 0.22
  222 K    -2   1  -1  -2  -5   0  -1  -3  -2  -4  -4   7  -3  -5  -3  -2  -2  -5  -3  -4    0   1   0   0   0   0   0   0   0   0   0  99   0   0   0   0   0   0   0   0  1.32 0.26
  223 P    -1   3  -1  -2   2   1   0  -1  -1  -3  -3   5  -2  -4  -1   0  -1  -4  -2  -3    2  19   0   0   7   0   0   2   0   1   0  66   0   0   1   2   0   0   0   0  0.53 0.08
  224 V    -1  -3  -3  -3  -1  -3  -3  -4  -3   4   2  -3   1   0  -1  -2   0  -3  -1   2    0   0   0   0   0   0   0   0   0  55  26   0   0   0   2   0   5   0   0  12  0.32 0.01
  225 C    -1  -4  -3  -4  10  -3  -4  -3  -3  -1  -2  -3  -2  -3  -3  -1  -1  -3  -3  -1    0   0   0   0 100   0   0   0   0   0   0   0   0   0   0   0   0   0   0   0  1.35 0.03

                      K         Lambda
Standard Ungapped    0.1395     0.3238
Standard Gapped      0.0570     0.2670
PSI Ungapped         0.1863     0.3174
PSI Gapped           0.0570     0.2670
