
Last position-specific scoring matrix computed, weighted observed percentages rounded down, information per position, and relative weight of gapless real matches to pseudocounts
            A   R   N   D   C   Q   E   G   H   I   L   K   M   F   P   S   T   W   Y   V   A   R   N   D   C   Q   E   G   H   I   L   K   M   F   P   S   T   W   Y   V
    1 M    -3  -3  -4  -5  -3  -2  -4  -5  -3  -1   0  -3  10  -2  -4  -3  -2  -3  -3  -1    0   0   0   0   0   0   0   0   0   0   0   0 100   0   0   0   0   0   0   0  1.94 0.34
    2 A     4  -2  -2  -2  -2  -2  -2  -1  -2  -3  -3  -2  -2  -3  -2   4   0  -4  -3  -1   57   0   0   0   0   0   0   0   0   0   0   0   0   1   0  39   2   0   0   2  0.67 0.17
    3 T     3  -2   1  -2  -2  -2  -2   2  -2  -3  -3  -2  -2  -3  -2   2   3  -3  -3  -2   31   0   6   0   0   0   0  20   0   0   0   0   0   0   0  16  28   0   0   0  0.43 0.11
    4 N    -2  -2   5   1  -4  -1  -1  -1   6  -4  -4  -1  -3  -3   0   1  -1  -4  -1  -4    0   0  47   7   0   0   0   2  25   0   1   1   0   0   4  12   0   0   0   0  0.77 0.16
    5 D    -2   0   6   3  -4  -1   0   0  -1  -4  -4   0  -3  -4  -3   0   1  -5  -3  -4    0   4  53  23   0   0   2   5   0   0   0   3   0   0   0   2   9   0   0   0  0.76 0.15
    6 A     4  -3  -3  -3  -2  -2  -2  -2  -3  -3  -3  -2  -3  -4   5  -1   0  -4  -3  -1   56   0   0   0   0   0   0   0   0   0   0   0   0   0  38   0   4   0   0   2  0.99 0.18
    7 V    -1  -3  -3  -4  -2  -3  -3  -4  -4   2   2  -3   0  -1  -3   0  -1  -3  -2   4    1   0   0   0   0   0   0   0   0   4  23   0   0   0   1   9   2   0   0  60  0.48 0.13
    8 L    -3  -3  -5  -5  -3  -3  -4  -5  -4   0   6  -4   1  -1  -4  -4  -2  -3  -2   0    0   1   0   0   0   0   0   0   0   0  97   0   1   0   0   0   0   0   0   1  1.03 0.20
    9 K    -1   0   4   0  -3   0  -1  -1  -1  -2  -2   3   1  -2  -2   0  -1  -3  -2  -1    3   1  37   2   0   1   1   1   0   2   3  32   8   1   1   2   2   0   1   3  0.38 0.10
   10 R    -3   7  -2  -3  -5   0  -2  -4  -2  -4  -4   1  -3  -4  -4  -2  -3  -4  -3  -4    0  97   0   0   0   0   0   0   0   0   0   2   0   0   0   0   0   0   0   0  1.59 0.25
   11 L    -3  -3  -5  -5  -3  -3  -4  -5  -4   0   6  -4   1  -1  -4  -4  -2  -3  -2   0    0   0   0   0   0   0   0   0   0   0  99   0   0   0   0   0   0   0   0   0  1.07 0.21
   12 E    -2  -2  -2   0  -5   1   7  -4  -2  -5  -4  -1  -4  -5  -3  -2  -2  -4  -4  -4    0   0   0   1   0   0  98   0   0   0   0   0   0   0   0   0   0   0   0   0  1.49 0.26
   13 Q    -2   0  -2  -2  -5   8   0  -4  -1  -5  -4   0  -2  -5  -3  -2  -2  -4  -3  -4    0   1   0   0   0  98   0   0   0   0   0   0   0   0   0   0   0   0   0   0  1.68 0.30
   14 K    -2   5  -1  -2  -5   0  -1  -3  -2  -4  -4   6  -3  -4  -3  -2  -2  -4  -3  -4    0  38   0   0   0   0   0   0   0   0   0  62   0   0   0   0   0   0   0   0  1.06 0.20
   15 G     4  -3  -2  -2  -2  -2  -2   5  -3  -3  -3  -2  -3  -4  -2  -1  -1  -4  -3  -2   42   0   0   0   0   0   0  55   0   0   0   0   0   0   0   0   2   0   0   0  0.87 0.16
   16 A     5  -3  -2  -3  -2  -2  -2  -1  -3  -2  -2  -2  -1  -3  -2   1   1  -4  -3  -1   83   0   0   0   0   0   0   0   0   1   0   0   1   0   0   5   8   0   0   2  0.77 0.18
   17 E    -2  -2  -2   0  -5   1   7  -3  -2  -5  -4  -1  -3  -5  -3  -2  -2  -4  -3  -4    2   0   0   0   0   0  97   0   0   0   0   0   0   0   0   0   0   0   0   0  1.42 0.25
   18 A     6  -3  -3  -3  -2  -2  -2  -1  -3  -2  -3  -2  -2  -3  -2   0  -1  -4  -3  -1   96   0   0   0   0   0   0   0   0   0   0   0   0   0   0   0   0   0   0   2  1.02 0.22
   19 D    -3  -3   0   7  -5  -2   1  -3  -3  -5  -5  -2  -4  -5  -3  -2  -2  -6  -4  -5    0   0   0  96   0   0   2   0   0   0   0   0   0   0   0   0   0   0   0   0  1.69 0.25
   20 Q    -2   0  -1  -2  -4   8   1  -3   2  -4  -4   0  -2  -5  -3  -2  -2  -4  -3  -4    0   1   0   0   0  89   3   0   4   0   0   1   0   0   0   0   0   0   0   0  1.43 0.27
   21 I    -2  -4  -4  -4  -2  -4  -4  -4  -4   5   1  -4   0  -1  -4  -3  -1  -4  -2   4    0   0   0   0   0   0   0   0   0  57   6   0   0   0   0   0   0   0   0  35  0.75 0.16
   22 I    -3  -4  -5  -4  -3  -4  -5  -5  -5   7   0  -4   0  -1  -4  -4  -2  -4  -3   1    0   0   0   0   0   0   0   0   0  97   0   0   0   2   0   0   0   0   0   0  1.19 0.23
   23 E    -2  -1  -2   1  -5   1   7  -3  -2  -5  -4   0  -3  -5  -2  -1  -2  -4  -3  -4    0   0   0   3   0   0  93   1   0   0   0   1   0   0   0   0   0   0   0   0  1.34 0.24
   24 Y    -3  -3  -4  -4  -4  -3  -4  -5   1  -3  -3  -3  -3   2  -4  -3  -3   1   9  -3    0   0   0   1   0   0   0   0   1   0   0   0   0   3   0   0   0   0  93   0  1.90 0.28
   25 L    -3  -3  -5  -5  -2  -3  -4  -5  -4   0   6  -4   1  -1  -4  -4  -2  -3  -2   0    0   0   0   0   0   0   0   0   0   0  98   0   0   0   0   0   0   0   0   0  1.04 0.20
   26 K    -2   1  -2  -2  -4   0  -1  -3  -2  -4  -4   7  -2  -4  -2  -2  -2  -4  -3  -4    0   0   0   0   0   0   0   0   0   0   0  97   1   0   0   0   0   0   0   0  1.29 0.25
   27 Q    -2   0  -2  -2  -4   8   0  -3   0  -4  -3   0  -2  -5  -3  -1  -2  -4  -3  -4    0   1   0   0   0  93   0   0   1   0   1   2   0   0   0   1   0   0   0   0  1.52 0.28
   28 Q    -2  -1  -2  -2  -5   8   0  -3  -1  -4  -4   0  -2  -5  -3  -2  -2  -4  -3  -4    0   0   0   0   0  97   0   0   0   0   0   0   0   0   0   0   1   0   0   0  1.63 0.29
   29 V    -1  -4  -4  -4  -2  -3  -4  -4  -4   2   0  -4   0  -2  -4  -3  -1  -4  -2   6    0   0   0   0   0   0   0   0   0   4   1   0   0   0   0   0   0   0   0  93  1.02 0.21
   30 A     4  -1  -2  -2  -2   4  -1  -1  -1  -3  -2  -1  -2  -2  -2   0  -1  -3  -2  -1   59   0   1   0   0  30   0   0   1   0   3   0   0   1   0   2   0   0   0   1  0.58 0.16
   31 L    -3  -3  -4  -5  -2  -3  -4  -5  -4   1   5  -4   1   0  -4  -4  -2  -3  -2   0    0   0   0   0   0   0   0   0   0   0  96   0   0   1   0   0   0   0   0   1  0.99 0.19
   32 L    -3  -3  -4  -5  -2  -3  -4  -5  -4   0   6  -4   1  -1  -4  -4  -2  -3  -2   0    0   0   0   0   0   0   0   0   0   0  97   0   0   0   0   0   0   0   0   0  1.01 0.19
   33 K    -2   1  -2  -2  -4   0  -1  -3  -2  -4  -4   7  -3  -4  -2  -2  -2  -4  -3  -4    0   0   0   0   0   0   0   0   0   0   0  97   0   0   0   0   0   0   0   0  1.30 0.24
   34 E    -2  -1  -2   1  -5   1   7  -3  -1  -5  -4  -1  -3  -5  -2  -1  -2  -4  -3  -4    0   0   0   2   0   0  95   0   0   0   0   0   0   0   0   0   0   0   0   0  1.40 0.24
   35 K    -2   1  -2  -2  -4   0  -1  -3  -2  -4  -4   7  -3  -4  -2  -2  -2  -4  -3  -4    0   1   0   0   0   0   0   0   0   0   0  96   0   0   0   0   0   0   0   0  1.27 0.24
   36 A     6  -3  -3  -3  -2  -2  -2  -1  -3  -3  -3  -2  -2  -4  -2   0   0  -4  -3  -1   94   0   0   0   0   0   0   0   0   0   0   0   0   0   0   1   4   0   0   1  1.04 0.23
   37 I    -2  -4  -3  -4  -3  -4  -4  -5  -4   6   0  -3   1  -1  -4  -2  -1  -4  -3   2    0   0   1   0   0   0   0   0   0  83   0   1   4   0   0   2   1   0   0   8  0.95 0.21
   38 L    -1  -3  -4  -5  -2  -3  -4  -4  -4   1   5  -4   1  -1  -4  -3  -2  -3  -2   3    2   0   0   0   0   0   0   0   0   3  69   0   0   0   0   0   0   0   0  25  0.70 0.16
   39 Q    -3  -1  -2  -2  -5   8   0  -4  -1  -5  -4   0  -2  -5  -3  -2  -3  -4  -3  -4    0   0   0   0   0  99   0   0   0   0   0   1   0   0   0   0   0   0   0   0  1.78 0.32
   40 A     6  -2  -3  -3  -2  -2  -1  -1  -3  -3  -3  -2  -2  -4  -2   0   0  -4  -3  -2   94   0   0   0   0   0   2   0   0   0   0   0   0   0   0   1   3   0   0   0  1.03 0.23
   41 T    -1  -2   0  -2  -1  -2  -2  -2  -3  -3  -3  -2  -2  -4  -2   5   5  -4  -3  -2    0   0   1   0   1   0   0   0   0   0   0   0   0   0   0  56  42   0   0   0  0.84 0.21
   42 M    -2  -3  -4  -4  -2  -1  -3  -4  -4   1   4  -3   1  -1  -4  -3  -2  -3  -2   3    1   0   0   0   0   5   0   0   0   4  61   0   1   0   0   0   0   0   0  28  0.60 0.14
   43 R    -3   7  -2  -3  -5   0  -2  -4  -2  -5  -4   2  -3  -5  -4  -2  -3  -4  -3  -4    0  92   0   0   0   0   0   0   0   0   0   8   0   0   0   0   0   0   0   0  1.58 0.26
   44 E    -3  -2  -2   0  -5   0   7  -4  -2  -5  -5  -1  -4  -5  -3  -2  -3  -5  -4  -4    0   0   0   0   0   0 100   0   0   0   0   0   0   0   0   0   0   0   0   0  1.60 0.28
   45 E    -3  -2  -2   0  -5   1   7  -4  -2  -5  -5  -1  -4  -5  -3  -2  -3  -5  -4  -4    0   0   0   0   0   1  99   0   0   0   0   0   0   0   0   0   0   0   0   0  1.58 0.28
   46 K    -2   1  -2  -2  -5   0  -1  -3  -2  -4  -4   7  -3  -5  -3  -2  -2  -5  -4  -4    0   0   0   0   0   0   0   0   0   0   0 100   0   0   0   0   0   0   0   0  1.46 0.28
   47 K    -2   2  -2  -2  -5   0  -1  -3  -2  -4  -4   7  -3  -5  -3  -2  -2  -5  -3  -4    0   7   0   0   0   0   0   0   0   0   0  93   0   0   0   0   0   0   0   0  1.32 0.25
   48 L    -3  -4  -5  -5  -3  -4  -4  -5  -4   1   6  -4   1  -1  -4  -4  -3  -3  -2   0    0   0   0   0   0   0   0   0   0   2  98   0   0   0   0   0   0   0   0   0  1.12 0.22
   49 R    -2   6  -2  -3  -4   0  -2  -4  -2  -2  -1   0   5  -3  -2  -2  -2  -4  -3  -2    1  66   0   0   0   2   0   0   0   0   3   0  26   0   1   0   1   0   0   0  1.00 0.22
   50 V    -1  -4  -4  -5  -2  -4  -4  -5  -5   1   0  -4   0  -2  -4  -3  -1  -4  -3   6    3   0   0   0   0   0   0   0   0   0   1   0   1   0   0   0   0   0   0  95  1.11 0.24
   51 E    -3  -2  -2   0  -5   0   7  -4  -2  -5  -5  -1  -4  -5  -3  -2  -3  -5  -4  -4    0   0   0   0   0   0 100   0   0   0   0   0   0   0   0   0   0   0   0   0  1.60 0.28
   52 N    -3  -2   8   0  -5  -2  -2  -2  -1  -5  -5  -2  -4  -5  -4  -1  -2  -6  -4  -5    0   0 100   0   0   0   0   0   0   0   0   0   0   0   0   0   0   0   0   0  1.84 0.30
   53 A     6  -3  -3  -3  -2  -2  -2  -1  -3  -3  -3  -2  -2  -4  -2   0  -1  -4  -3  -1   94   0   0   0   0   0   1   0   0   0   0   0   0   0   0   1   1   0   0   3  1.03 0.23
   54 K    -2   1  -1  -2  -5   1  -1  -3  -2  -4  -4   7  -3  -5  -3  -2  -2  -5  -3  -4    0   0   1   0   0   2   0   0   0   0   0  97   0   0   0   0   0   0   0   0  1.38 0.27
   55 L    -3  -4  -5  -5  -3  -4  -4  -5  -4   0   6  -4   1  -1  -4  -4  -3  -3  -2   0    0   0   0   0   0   0   0   0   0   0 100   0   0   0   0   0   0   0   0   0  1.14 0.22
   56 K    -2   1  -2  -2  -5   0  -1  -3  -2  -4  -4   7  -3  -5  -3  -2  -2  -5  -3  -4    0   1   0   0   0   0   0   0   0   0   0  99   0   0   0   0   0   0   0   0  1.43 0.27
   57 K    -2   1   3  -2  -4   0   0  -3  -1  -4  -4   6  -2  -5  -3  -1  -2  -5  -3  -4    0   2  19   0   0   0   1   0   0   0   0  76   1   0   0   1   0   0   0   0  0.99 0.22
   58 E    -3  -2  -1   5  -5   0   6  -3  -2  -5  -5  -1  -4  -5  -3  -2  -2  -5  -4  -4    0   0   0  33   0   0  67   0   0   0   0   0   0   0   0   0   0   0   0   0  1.21 0.22
   59 I    -3  -5  -5  -5  -3  -4  -5  -5  -5   7   0  -4   0  -2  -4  -4  -2  -4  -3   2    0   0   0   0   0   0   0   0   0  94   0   0   1   0   0   0   1   0   0   3  1.23 0.24
   60 E    -2  -2  -2   1  -5   0   7  -4  -2  -5  -5  -1  -4  -5  -3  -2  -2  -5  -4  -4    0   0   0   3   0   0  96   0   0   0   0   0   0   0   0   0   0   0   0   1  1.50 0.27
   61 E    -1  -2  -1   2  -4   1   5   2  -2  -3  -4  -1  -3  -4  -2  -1  -1  -4  -3  -1    3   0   0  11   0   2  53  21   0   0   0   0   0   0   0   0   1   0   0   7  0.61 0.15
   62 L    -3  -4  -5  -5  -3  -4  -4  -5  -4   0   6  -4   1  -1  -4  -4  -3  -3  -2   0    0   0   0   0   0   0   0   0   0   0  99   0   1   0   0   0   0   0   0   0  1.12 0.22
   63 K    -2   1  -2  -2  -5   0  -1  -3  -2  -4  -4   7  -3  -5  -3  -2  -2  -5  -3  -4    0   1   0   0   0   0   0   0   0   0   0  99   0   0   0   0   0   0   0   0  1.43 0.27
   64 Q    -2   0   0  -1  -4   6   1  -3  -1  -4  -3   4  -2  -5  -3  -1  -2  -4  -3  -3    0   1   3   1   0  61   3   0   0   0   0  28   1   0   0   0   0   0   0   1  0.98 0.22
   65 E    -2  -1   0   0  -5   5   5  -3  -1  -4  -4   0  -3  -5  -3  -1  -2  -4  -3  -4    0   0   3   1   0  40  53   0   0   0   0   1   0   0   0   1   1   0   0   0  1.03 0.21
   66 L    -3  -4  -5  -5  -3  -4  -4  -5  -4   0   6  -4   1  -1  -4  -4  -3  -3  -2   0    0   0   0   0   0   0   0   0   0   1  99   0   0   0   0   0   0   0   0   0  1.13 0.22
   67 I    -2  -4  -5  -5  -2  -4  -4  -5  -4   5   3  -4   0  -1  -4  -4  -2  -3  -2   2    0   0   0   0   0   0   0   0   0  63  32   0   0   0   0   0   0   0   0   5  0.82 0.17
   68 L    -2  -1  -1   0  -5   6   5  -3  -1  -4  -3   1  -2  -4  -3  -1  -2  -4  -3  -4    1   0   0   2   0  48  40   0   1   0   2   5   0   0   0   0   1   0   0   0  0.96 0.20
   69 A     4  -1  -2  -3  -2  -1  -1  -1  -2  -2  -2   3   0  -3  -2   0   0  -4  -3  -2   62   1   0   0   0   0   0   0   0   2   0  28   3   0   0   0   3   0   0   0  0.57 0.17
   70 E    -3  -2  -2   0  -5   0   7  -4  -2  -5  -5  -1  -4  -5  -3  -2  -3  -5  -4  -4    0   0   0   0   0   0 100   0   0   0   0   0   0   0   0   0   0   0   0   0  1.60 0.28
   71 I    -2   0  -3  -3  -3  -2  -2  -4  -3   5   0   3   0  -2  -3  -3  -2  -4  -3   1    1   4   0   0   0   0   0   0   0  62   0  30   1   0   0   0   1   0   0   1  0.61 0.18
   72 H    -2   5  -1  -2  -4   4   0  -3   1  -3  -2   3  -1  -4  -3   0  -2  -4  -3  -3    0  50   1   0   0  22   0   0   3   1   2  14   2   0   0   5   0   0   0   0  0.76 0.16
   73 N    -3   4   7  -1  -4  -1  -2  -2  -1  -5  -4   0  -3  -4  -4  -1  -2  -5  -3  -4    0  31  67   0   0   0   0   0   1   0   0   2   0   0   0   0   0   0   0   0  1.19 0.23
   74 G    -1  -3  -2  -3  -4  -3  -4   7  -4  -5  -5  -3  -4  -5  -4  -2  -3  -4  -5  -5    0   1   0   0   0   0   0  99   0   0   0   0   0   0   0   0   0   0   0   0  1.76 0.25
   75 V    -2  -4  -4  -5  -2  -4  -3  -4  -5   1  -1  -4   0  -2  -4  -3  -1  -4  -3   6    0   0   0   0   0   0   1   0   0   0   0   0   1   0   0   0   0   0   0  97  1.14 0.24
   76 E    -2   3  -1  -2  -2   1   0  -3  -2  -3  -1   6  -1  -4  -1  -1  -2  -4  -3  -3    0  11   1   0   1   2   2   0   0   0   8  69   1   0   2   0   1   0   0   0  0.73 0.17
   77 Q    -1   0  -1   2  -3   6   2  -3   0  -4  -4   0  -2  -4  -2  -1  -2  -4  -3  -3    3   2   0  15   0  64  12   0   1   0   0   0   0   0   1   1   0   0   0   0  0.94 0.21
   78 V    -2  -4  -4  -4  -2  -4  -4  -5  -4   5   0  -4   0  -2  -4  -3  -1  -4  -2   4    0   0   0   0   0   0   0   0   0  53   0   0   0   0   0   0   1   0   0  45  0.86 0.18
   79 R     3  -2  -2  -2  -3  -2  -2  -1  -3  -3  -2  -2  -3  -4   6   1  -1  -4  -3  -2   35   2   0   2   0   1   0   2   0   0   2   0   0   0  43   9   2   0   0   0  0.90 0.16
   80 V    -2  -3  -4  -4   1  -3  -4  -4  -3   1   1  -3   5   4  -3  -3  -2  -2   0   3    1   0   0   0   4   0   0   0   0   4   9   0  28  21   0   0   0   0   0  34  0.52 0.14
   81 R    -2  -2  -3  -3  -4  -3  -3  -4  -4  -4  -3  -2  -4  -3   8  -2  -2  -5  -4  -3    1   2   0   0   0   0   0   0   0   0   1   0   0   1  89   2   2   0   0   1  2.20 0.27
   82 L     0  -2  -1  -1  -1  -1  -2  -2  -2  -3  -2  -2  -2  -3   3   4   2  -4  -3  -2    5   0   0   1   1   0   0   1   1   0   5   0   0   1  15  58  13   0   0   0  0.59 0.16
   83 S     2  -2  -1   1  -1  -2  -1   4  -2  -3  -3  -1  -3  -3  -2   2  -1  -3  -1  -2   18   0   0   8   1   0   1  45   0   0   0   1   0   1   0  19   1   0   2   1  0.53 0.11
   84 T     1  -2  -1   2  -2  -1   1   0  -2  -2  -3  -1  -2  -3   1   0   4  -3  -2  -1   12   1   1  15   0   0  13   5   0   2   0   1   0   0   6   1  41   0   1   1  0.35 0.11
   85 P     0  -2   0  -1  -2  -1  -1  -2  -2  -2   0  -1  -1  -3   4   2   3  -3  -2  -1    7   0   3   3   0   3   1   1   0   0  11   1   1   0  26  17  25   0   0   1  0.43 0.09
   86 L     0  -2  -1  -2  -1  -1  -2  -1  -2   1   2  -2   1  -1  -1   0  -1  -2  -1   2    9   1   2   1   1   2   1   5   1   9  32   1   3   1   3   6   1   0   0  21  0.13 0.05
   87 Q     0   0   0  -1  -2   5   0  -2   0  -1  -3   0  -2  -3  -1   3   0  -3  -2  -1    6   1   1   1   0  38   3   1   1   3   1   2   0   0   2  31   4   0   0   6  0.41 0.13
   88 T     3  -2  -1  -1   1  -1  -1  -1  -2   0  -1  -1  -1  -3  -1   1   2  -3  -2   1   32   0   1   3   3   2   3   1   0   4   1   0   1   0   1  12  21   0   0  14  0.23 0.09
   89 N     0  -1   3   1   2   1   1  -1  -1  -1  -2   0  -1  -2  -1   1   0  -3  -2  -1    4   2  25   7   6   7  12   2   1   2   3   3   0   1   2  11   6   0   1   6  0.19 0.05
   90 C     2  -3  -1  -2   6  -2  -2  -1  -3  -2  -3  -2  -2  -3   0   4   0  -4  -3  -1   19   0   1   0  24   0   0   1   0   0   1   0   0   0   4  43   2   0   0   5  0.60 0.15
   91 T     1  -2  -1  -1  -1  -1  -1  -1  -2   0  -1   0   0  -2   1   2   2  -3  -2   1   15   0   1   1   0   1   1   1   0   4   3   5   3   1   5  27  21   0   0  10  0.20 0.07
   92 A     1  -2  -2  -2   0  -1  -2  -2  -2   0   0  -1   0   3   1   2   1  -2   0   1    9   0   0   0   2   1   0   1   0   2   6   5   1  20   6  21   7   0   0  19  0.15 0.07
   93 S     0  -1  -1  -1   0  -1  -1  -2  -2  -3  -3   2  -2  -3   2   4   0  -4  -3  -2    4   0   0   1   2   0   0   0   0   0   2  20   0   0   8  59   2   0   0   1  0.56 0.16
   94 E    -1  -1  -1   2  -3   0   4  -2  -2  -3  -3   0  -2  -4   4   0   0  -4  -3  -1    4   0   1  12   0   2  38   1   0   1   0   4   1   0  22   2   8   0   0   4  0.56 0.12
   95 S     0  -1   4   2  -3  -1   0   0  -1  -2  -3   0  -2  -3   1   1   2  -4  -3  -2    7   0  27  15   0   1   1   6   0   1   0   5   0   0   8  14  15   0   0   1  0.35 0.09
   96 V     1  -3  -2  -2  -2  -2  -1  -3  -3   1   0  -2   0   0   4  -1   0  -3  -2   3   10   0   1   1   0   0   5   1   0   2   6   1   3   3  20   3   2   0   0  41  0.33 0.10
   97 V     0  -2  -2  -2  -2  -1  -1  -2  -3   2  -1  -1   0  -3   5   1   0  -4  -3   1    6   0   0   1   0   1   2   1   0  19   2   3   2   0  34  14   7   0   0   9  0.52 0.10
   98 Q    -1   0  -1  -1  -3   6   1  -3   0  -3  -3   2  -1  -4   2  -1  -1  -3  -3  -2    4   0   0   1   0  55   7   0   1   0   1  15   1   0   9   2   1   0   0   2  0.71 0.17
   99 S     0  -2  -2  -2  -3  -1  -1  -2  -2  -3  -3  -1  -2  -3   6   3   0  -4  -3  -2    7   0   0   1   0   2   0   0   0   0   1   1   1   1  41  39   5   0   0   1  0.90 0.17
  100 P     1  -1  -1  -2  -1  -1  -1  -1  -2   0  -1  -1   0  -2   3   2   3  -3  -2   0   15   4   0   1   1   1   2   2   0   8   3   1   2   0  13  16  25   0   0   7  0.24 0.07
  101 S     2  -2  -1  -1  -2  -1  -1   1  -2  -3  -3  -1  -2  -3   5   2   0  -4  -3  -2   28   1   1   2   0   1   1   9   0   0   1   1   0   0  32  17   4   0   0   2  0.60 0.11
  102 V     1  -3  -2  -3  -2  -2  -2  -2  -3   2   0  -2  -1  -2   3   0   0  -4  -2   3   16   0   1   0   0   0   0   1   0  19   3   1   0   0  19   7   4   0   0  29  0.35 0.09
  103 A     3  -1  -1  -1  -1  -1   0  -1  -2  -1  -1   0  -1  -2   3   1   1  -2  -2   0   36   2   2   2   0   2   3   2   1   2   3   3   1   1  16   6  13   0   1   4  0.27 0.06
  104 T     1  -2  -1  -2  -1  -1  -1  -1  -2  -1  -1  -1  -1  -2   3   2   3  -3  -2   0   13   1   1   1   1   1   2   2   0   2   3   1   0   0  16  15  33   0   0   8  0.33 0.08
  105 T     1  -2  -1  -1  -2  -1  -1  -1  -2  -1  -1  -1  -1  -2   2   2   3  -3  -2   0   16   0   0   1   0   1   1   1   0   1   5   0   1   1   9  23  31   0   0   7  0.30 0.09
  106 A     2  -2  -2  -2  -1  -1  -2  -1  -2   1  -1  -1   0  -2   3   2   1  -3  -2   1   23   0   0   1   0   0   0   2   0  13   2   1   2   0  17  23   6   0   0   9  0.29 0.08
  107 S     1  -2  -1  -1  -2  -1  -1   0  -2  -3  -2  -1  -2  -3   2   4   2  -4  -3  -2   12   0   0   1   0   0   0   4   0   0   2   0   0   0   9  59   9   0   0   2  0.54 0.15
  108 P     1  -2  -1  -1  -1  -1  -1   0  -2  -3  -2  -1  -2  -3   5   3   0  -3  -3  -2   15   0   1   2   1   0   1   5   0   0   2   1   0   1  35  30   2   0   0   2  0.66 0.12
  109 A     3  -2  -1   0  -2  -1  -1   4  -2  -3  -3   0  -2  -3   1   1   0  -3  -3  -1   32   1   0   4   0   0   1  33   1   0   1   5   0   0   8   6   5   0   0   3  0.40 0.09
  110 T     3  -1   0   0  -2  -1  -1  -1  -2  -2  -2   1  -2  -3   2   1   1  -3  -2  -1   39   0   3   5   0   0   1   2   0   1   2   9   0   0  11  11  11   0   0   3  0.29 0.09
  111 K     1   0   0  -1  -3   1   0  -1  -1  -3  -3   5  -2  -4  -1   0   0  -4  -3  -1   16   1   2   2   0   4   4   4   1   0   1  54   0   0   1   3   3   0   0   3  0.42 0.12
  112 E     0  -1   0   3  -3   1   4  -1  -1  -1  -2   0  -2  -3  -1   0   0  -4  -3   0    7   0   3  17   0   6  36   2   0   2   1   3   0   0   1   2   5   0   0  13  0.33 0.09
  113 Q    -1   0  -1  -1  -4   6   1  -2   1  -2  -3   1  -2  -4   1   0   0  -3  -3  -2    3   0   1   1   0  57   5   1   3   3   0   9   0   0   8   5   4   0   0   1  0.68 0.17
  114 I     0  -2  -1  -2  -2  -1   0   0  -3   3  -1   0   0  -2   3   1   0  -3  -2   1    4   0   1   1   0   2   6   6   0  32   0   5   2   0  14  13   4   0   0   9  0.19 0.08
  115 K     0   0   0  -1  -3   1   1   0  -2  -3  -3   4  -2  -4   4   0  -1  -4  -3  -2    7   1   4   2   0   4   8   6   0   0   1  40   0   0  21   2   2   0   0   1  0.49 0.11
  116 A     0   0  -1   0  -2  -1   0   4  -2  -3  -3   1  -3  -4   3   0  -1  -4  -3  -2    8   4   0   5   1   1   5  38   0   0   1  14   0   0  14   6   2   0   0   2  0.43 0.09
  117 G     0  -1   0   0  -4   0   3   3  -2  -4  -4   1  -3  -4   3   0  -1  -4  -3  -3    3   0   5   3   0   1  25  29   0   0   0  10   0   0  17   3   2   0   0   1  0.49 0.10
  118 E    -1   1   2   2  -3   0   2   2  -1  -3  -4   2  -3  -4  -1   0  -1  -4  -3  -3    3   4  12   9   0   0  21  18   0   1   0  23   0   0   1   6   2   0   0   0  0.35 0.09
  119 E    -1   0   0   3  -4   0   4   2  -1  -4  -4   2  -2  -4  -2  -1  -2  -4  -3  -3    2   1   3  15   0   0  41  15   0   0   0  18   1   0   0   2   0   0   0   0  0.53 0.12
  120 K    -2   0   0   2  -5   0   5  -2  -1  -4  -4   3  -3  -4  -1  -1  -2  -4  -3  -4    1   0   3   9   0   0  55   3   0   0   0  28   0   0   1   0   0   0   0   0  0.77 0.17
  121 K     0   0   0   0  -3   0   2   0  -2  -3  -3   4   0  -4   0   0  -1  -4  -3  -2    5   0   3   2   0   0  19   6   0   1   0  48   3   0   2   7   2   0   0   2  0.42 0.12
  122 V    -1   1  -1  -1  -4   1   1  -2  -2  -4  -4   6  -2  -4  -1  -1  -1  -4  -3  -2    1   1   1   1   0   2   6   1   0   0   0  79   1   0   1   1   2   0   0   3  0.89 0.20
  123 K    -2   1  -1   0  -4   0   2  -2  -2  -3  -3   6   0  -4  -2  -1  -1  -4  -3  -2    1   0   1   4   0   1  12   1   0   0   0  72   3   0   1   0   1   0   0   3  0.77 0.18
  124 E    -1   1  -1   0  -4   0   1  -3  -2  -2  -3   5   1  -4  -1  -1  -1  -4  -3   0    2   1   1   3   0   0   8   0   0   1   0  67   6   0   2   0   1   0   0   8  0.62 0.17
  125 K    -1   0  -1   1  -3   0   2  -1  -2  -1  -2   4  -1  -3   1  -1  -1  -4  -3   0    3   1   1   6   0   1  20   4   0   3   1  42   1   0   5   0   3   0   0   7  0.34 0.11
  126 T     0   0  -1   0  -4   1   3  -2  -2  -3  -3   3  -2  -4   3  -1   0  -4  -3  -2    5   1   1   4   0   2  32   0   0   1   0  33   1   0  14   0   4   0   0   2  0.50 0.12
  127 E     0   0  -1   0  -3   0   3  -2  -2  -1  -2   4  -2  -3   0  -1   0  -4  -3   0    6   0   0   4   0   1  28   1   0   3   1  38   0   0   3   0   7   0   0   8  0.37 0.12
  128 K    -1   1  -1  -1  -4   0   3  -1  -2  -2  -2   5  -2  -4  -2  -1  -1  -4  -3  -3    2   2   0   1   0   0  27   4   0   3   2  53   1   0   0   0   3   0   0   1  0.58 0.15
  129 K    -1   0  -1  -1  -4   0   2   2  -2  -3  -3   5  -1  -4   0  -1  -2  -4  -3  -3    1   1   0   1   0   0  17  18   0   1   0  55   2   0   3   0   0   0   0   1  0.58 0.15
  130 G    -1   0  -1   0  -4   0   2   3  -2  -4  -4   4  -3  -4  -2  -1  -1  -4  -3  -3    3   2   1   4   0   0  19  25   0   0   0  44   0   0   0   0   2   0   0   1  0.53 0.13
  131 E    -1   0  -1  -1  -4   0   2   4  -2  -4  -4   4  -3  -4  -2  -1  -2  -4  -3  -3    3   1   0   1   0   1  15  37   0   0   0  40   0   0   0   0   0   0   0   1  0.61 0.14
  132 K    -1   0  -1   0  -4   1   4   1  -1  -4  -4   4  -3  -4  -2  -1  -2  -4  -3  -3    3   0   0   2   0   1  39  13   0   0   0  38   0   0   1   0   1   0   0   1  0.58 0.14
  133 K    -1   1  -1  -1  -4   1   4   0  -2  -4  -3   5  -3  -4  -1  -1  -2  -4  -3  -3    3   1   0   1   0   1  31   6   0   0   0  53   0   0   1   0   0   0   0   0  0.68 0.16
  134 E     1   1  -1  -1  -3   1   3  -2  -2  -3  -3   5  -2  -4  -2  -1  -1  -4  -3  -2   14   1   1   0   0   2  21   1   0   0   1  55   0   0   0   1   2   0   0   1  0.57 0.14
  135 K    -2   0   0   0  -4   2   4  -3  -1  -4  -3   5  -2  -4  -2  -1  -2  -4  -3  -3    1   0   2   2   0   6  36   0   0   0   1  49   0   0   0   0   0   0   0   0  0.73 0.16
  136 Q    -2   1  -1  -1  -4   5   1  -2  -1  -3  -3   5  -2  -4  -1  -1  -2  -3  -2  -3    1   1   0   1   0  42   2   1   1   1   1  46   0   0   1   1   1   0   0   1  0.81 0.17
  137 Q    -1   0  -1  -2  -4   6   0  -3  -1  -3  -2   4  -2  -4   0  -1  -1  -3  -2  -3    2   0   0   0   0  54   1   1   1   0   2  30   0   0   4   1   1   0   0   1  0.79 0.18
  138 S     1  -1  -1  -2  -3   3  -1  -2  -2  -3  -3  -1  -2  -4   5   3   0  -4  -3  -3    9   1   0   0   0  23   0   1   0   0   0   1   0   0  35  27   4   0   0   0  0.79 0.16
  139 A     4  -2  -2  -3  -2  -2  -2  -1  -3   1  -1  -2  -1  -3  -1   1   0  -4  -3   1   58   0   0   0   0   1   1   2   0   7   3   0   0   0   2   6   5   0   0  15  0.40 0.13
  140 A     5  -3  -2  -3  -2  -1  -2   1  -3  -2  -3  -2  -2  -4   1   0   0  -4  -3  -1   75   0   0   0   0   1   0   7   0   0   0   0   0   0   6   2   5   0   0   2  0.69 0.17
  141 A     2  -3  -2  -2  -3  -2  -2   5  -3  -4  -4  -2  -3  -4   4   0  -1  -4  -4  -2   17   0   0   0   0   0   0  48   0   0   0   0   0   0  27   2   3   0   0   2  0.87 0.15
  142 S     0  -2   1   0  -2   0   1   1  -2  -3  -4  -1  -3  -4   1   5   0  -4  -3  -3    4   0   7   2   0   4   7   7   0   1   0   0   0   0   5  62   1   0   0   1  0.53 0.15
  143 T     2  -1   0   3  -3   3   1  -1  -1  -2  -3  -1  -2  -4  -1   2   0  -4  -3  -2   23   0   1  19   0  25   7   3   0   3   0   0   0   0   1  15   2   0   0   1  0.35 0.11
  144 D    -2  -2   0   6  -5  -1   4  -2  -2  -4  -5  -1  -4  -5  -3  -1  -2  -5  -4  -4    2   0   2  65   0   0  30   1   0   0   0   0   0   0   0   1   0   0   0   1  1.16 0.20
  145 S     2  -2  -1   2  -1  -1   1  -1  -2  -3  -3  -1  -2  -3  -1   4   0  -4  -3  -2   21   0   0  14   1   0  12   0   0   0   1   0   0   0   1  47   2   0   0   1  0.47 0.14
  146 K     2   1  -1  -2  -3   0   0  -2  -2  -3  -3   5  -2  -4  -2  -1  -1  -4  -3  -2   24   5   0   0   0   0   2   0   0   0   0  65   1   0   0   0   1   0   0   1  0.71 0.18
  147 P    -2  -1  -2  -2  -4  -2  -2  -3  -2  -4  -4   3  -3  -4   7  -2  -1  -4  -4  -3    1   1   0   0   0   0   0   0   0   0   1  24   0   0  67   1   2   0   0   0  1.54 0.21
  148 I    -2  -4  -4  -4  -2  -4  -4  -5  -4   3   1  -4   1  -2  -4  -3  -1  -4  -2   5    0   0   0   0   0   0   0   0   0  21   5   0   2   0   0   0   1   0   0  71  0.81 0.18
  149 D    -3  -3   0   8  -5  -2   0  -3  -1  -5  -5  -2  -5  -5  -3  -2  -3  -6  -5  -5    0   0   0  98   0   0   0   0   1   0   0   0   0   0   0   0   0   0   0   0  1.82 0.28
  150 A    -1  -4  -4  -5  -2  -4  -4  -5  -5   2  -1  -4  -1  -2  -4  -3  -1  -4  -3   6    3   0   0   0   0   0   0   0   0   2   0   0   0   0   0   0   0   0   0  95  1.11 0.24
  151 S     0  -2  -1  -2  -2  -2  -2  -2  -3  -4  -4  -2  -3  -4  -2   6   0  -5  -3  -3    1   0   0   0   0   0   0   0   0   0   0   0   0   0   0  99   1   0   0   0  1.25 0.27
  152 R    -3   7  -2  -3   3  -1  -2  -4   1  -4  -2   0  -3  -4  -4  -2  -3  -4  -2  -4    0  86   0   0   8   0   0   0   3   0   3   0   0   0   0   0   0   0   1   0  1.34 0.25
  153 L    -3  -4  -5  -5  -3  -4  -4  -5  -4   0   6  -4   1  -1  -4  -4  -3  -3  -2   0    0   0   0   0   0   0   0   0   0   0 100   0   0   0   0   0   0   0   0   0  1.15 0.22
  154 D    -3  -3   0   8  -5  -2   0  -2  -3  -5  -5  -2  -5  -5  -3  -2  -3  -6  -5  -5    0   0   2  97   0   0   0   1   0   0   0   0   0   0   0   0   0   0   0   0  1.79 0.27
  155 L    -3  -4  -5  -5  -3  -3  -4  -5  -4   0   6  -4   2   0  -4  -4  -3  -3  -2   0    0   0   0   0   0   0   0   0   0   0  95   0   4   2   0   0   0   0   0   0  1.05 0.21
  156 R    -3   8  -2  -3  -5  -1  -2  -3  -2  -5  -4   1  -3  -5  -4  -2  -3  -4  -3  -4    0  97   0   0   0   0   0   1   0   0   0   0   0   0   0   0   0   0   0   0  1.66 0.28
  157 I    -2  -4  -4  -5  -2  -4  -4  -5  -5   5   0  -4   0  -2  -4  -3  -1  -4  -3   5    0   0   0   0   0   0   0   0   0  43   0   0   0   0   0   0   0   0   0  57  0.89 0.19
  158 G    -1  -4  -2  -3  -4  -3  -4   7  -4  -5  -5  -3  -4  -5  -4  -2  -3  -4  -5  -5    0   0   0   0   0   0   0 100   0   0   0   0   0   0   0   0   0   0   0   0  1.77 0.25
  159 C    -2   4  -3  -4   9  -2  -3  -4  -3  -3  -3  -2  -3  -3  -4  -2  -3  -4  -4  -3    0  35   0   0  60   1   0   0   0   0   1   0   0   1   0   0   0   0   0   0  1.55 0.26
  160 I    -3  -5  -5  -5  -3  -4  -5  -5  -5   7   0  -4   0  -1  -4  -4  -2  -4  -3   1    0   0   0   0   0   0   0   0   0  98   0   0   0   0   0   0   1   0   0   1  1.30 0.25
  161 V    -2  -4  -4  -4  -2  -4  -4  -5  -4   6   1  -4   2  -1  -4  -3  -1  -4  -2   3    1   0   0   0   0   0   0   0   0  70   4   0   4   0   0   0   3   0   0  17  0.82 0.18
  162 T     0  -2   0  -2  -2  -2  -2  -3  -3  -2  -3  -1  -2  -4  -1   2   6  -4  -3  -2    4   0   3   0   0   0   0   0   0   0   0   1   1   0   1  17  73   0   0   0  0.87 0.21
  163 A     6  -3  -3  -3  -2  -2  -2  -1  -3  -3  -3  -2  -2  -4  -2   0  -1  -4  -3  -1   98   0   0   0   0   0   0   0   0   0   0   0   0   0   0   0   0   0   0   2  1.12 0.24
  164 K    -2   3  -1  -1  -5   1   4  -3  -1  -4  -4   4  -3  -4  -2  -1  -2  -4  -3  -4    0  14   1   0   0   3  41   0   0   0   0  41   0   0   0   0   0   0   0   0  0.79 0.17
  165 K    -2   1  -1  -2  -5   0   0  -3  -2  -4  -4   7  -3  -5  -3  -2  -2  -5  -3  -4    0   0   1   0   0   0   1   0   0   0   0  98   0   0   0   0   0   0   0   0  1.39 0.27
  166 H    -4  -2  -1  -3  -5  -1  -2  -4  10  -5  -5  -3  -4  -3  -3  -3  -4  -4   0  -5    0   0   0   0   0   0   0   0  99   0   0   0   0   0   1   0   0   0   0   0  2.47 0.35
  167 P    -3  -4  -4  -3  -5  -3  -3  -4  -4  -5  -5  -3  -4  -6   9  -3  -3  -6  -5  -4    0   0   0   0   0   0   0   0   0   0   0   0   0   0 100   0   0   0   0   0  2.74 0.32
  168 D    -3  -3   0   8  -5  -2   0  -3  -3  -5  -5  -2  -5  -5  -3  -2  -3  -6  -5  -5    0   0   0 100   0   0   0   0   0   0   0   0   0   0   0   0   0   0   0   0  1.88 0.28
  169 A     6  -3  -3  -3  -2  -2  -2  -1  -3  -3  -3  -2  -2  -4  -2   0  -2  -4  -3  -2  100   0   0   0   0   0   0   0   0   0   0   0   0   0   0   0   0   0   0   0  1.19 0.25
  170 D    -3  -3   0   8  -5  -2   0  -3  -3  -5  -5  -2  -5  -5  -3  -2  -3  -6  -5  -5    0   0   0 100   0   0   0   0   0   0   0   0   0   0   0   0   0   0   0   0  1.88 0.28
  171 S     0  -2  -1  -2  -2  -2  -2  -2  -2  -4  -4  -2  -3  -4  -2   6   2  -4  -3  -3    3   0   0   0   0   0   0   0   0   0   0   0   0   0   0  83  15   0   0   0  0.98 0.23
  172 L    -3  -4  -5  -5  -3  -4  -4  -5  -4   0   6  -4   1  -1  -4  -4  -3  -3  -2   0    0   0   0   0   0   0   0   0   0   0 100   0   0   0   0   0   0   0   0   0  1.15 0.22
  173 Y    -4  -4  -4  -5  -4  -3  -4  -5   1  -3  -3  -4  -3   2  -5  -4  -4   0   9  -3    0   0   0   0   0   0   0   0   1   0   0   0   0   1   0   0   0   0  98   0  2.17 0.33
  174 V    -2  -4  -4  -5  -2  -4  -4  -5  -5   2  -1  -4  -1  -2  -4  -3  -1  -4  -3   6    0   0   0   0   0   0   0   0   0   4   0   0   0   0   0   0   0   0   0  96  1.15 0.24
  175 E    -3  -2  -2   0  -5   0   7  -4  -2  -5  -5  -1  -4  -5  -3  -2  -3  -5  -4  -4    0   0   0   0   0   0 100   0   0   0   0   0   0   0   0   0   0   0   0   0  1.60 0.28
  176 E    -2  -1  -1   0  -5   5   5  -3  -1  -4  -4   0  -3  -4  -2  -1  -2  -4  -3  -4    0   0   0   0   0  38  59   0   0   0   0   1   0   0   0   0   0   0   0   0  1.09 0.21
  177 V    -2  -4  -4  -5  -2  -4  -4  -5  -5   2   0  -4  -1  -2  -4  -3  -1  -4  -3   6    0   0   0   0   0   0   0   0   0   8   0   0   0   0   0   0   0   0   0  92  1.09 0.23
  178 D    -3  -3   0   8  -5  -2   0  -3  -3  -5  -5  -2  -5  -5  -3  -2  -3  -6  -5  -5    0   0   1  99   0   0   0   0   0   0   0   0   0   0   0   0   0   0   0   0  1.84 0.28
  179 V    -2  -4  -4  -5  -2  -4  -4  -4  -5   1  -1  -4  -1  -2  -4  -3  -2  -4  -3   6    0   0   0   0   0   0   0   1   0   1   0   0   0   0   0   0   0   0   0  98  1.17 0.25
  180 G    -1  -4  -2  -3  -4  -3  -4   7  -4  -5  -5  -3  -4  -5  -4  -2  -3  -4  -5  -5    0   0   0   0   0   0   0 100   0   0   0   0   0   0   0   0   0   0   0   0  1.79 0.25
  181 E    -3  -2  -2   0  -5   0   7  -4  -2  -5  -5   0  -4  -5  -3  -2  -3  -5  -4  -4    0   0   0   0   0   0  99   0   0   0   0   1   0   0   0   0   0   0   0   0  1.56 0.28
  182 A     4  -2  -2  -2  -2  -2  -1   0  -3  -1  -2  -1  -2  -3   0   0   2  -4  -3  -1   62   0   0   0   0   0   3   5   0   3   0   3   0   0   4   2  17   0   0   1  0.49 0.15
  183 A     4  -2   2  -2  -1  -1  -2  -1  -2  -2  -2  -1  -2  -3  -2   3   1  -4  -3   0   44   0  10   0   1   0   0   0   0   1   0   1   0   0   0  32   5   0   0   6  0.45 0.14
  184 P    -2  -3  -4  -3  -4  -3  -3  -4  -4  -4  -2  -3  -4  -5   8  -2  -3  -5  -5  -4    1   1   0   0   0   0   0   0   0   0   5   0   0   0  93   1   0   0   0   0  2.38 0.29
  185 R    -3   8  -2  -3  -5  -1  -2  -4  -2  -5  -4   1  -3  -5  -4  -2  -3  -4  -3  -4    0  98   0   0   0   0   0   0   0   0   0   1   0   0   0   1   0   0   0   0  1.71 0.28
  186 T    -2  -3  -2  -3  -3  -2  -3  -3  -3  -2  -3  -2  -2  -4  -3   0   7  -4  -3  -2    0   0   0   0   0   0   0   0   0   0   0   0   1   0   0   0  99   0   0   0  1.43 0.29
  187 V    -2  -4  -5  -5  -2  -4  -4  -5  -5   1  -1  -4   0  -2  -4  -3  -2  -4  -3   6    0   0   0   0   0   0   0   0   0   0   0   0   1   0   0   0   0   0   0  98  1.19 0.25
  188 V    -1  -4  -5  -5  -2  -4  -4  -5  -5   1  -1  -4  -1  -2  -4  -3  -2  -4  -3   6    1   0   0   0   0   0   0   0   0   0   0   0   0   0   0   0   0   0   0  99  1.20 0.25
  189 S     0  -2  -1  -2  -3  -2  -2  -2  -3  -4  -4  -2  -3  -4  -2   6   0  -5  -3  -3    0   0   0   0   0   0   0   0   0   0   0   0   0   0   0 100   0   0   0   0  1.28 0.28
  190 G    -1  -4  -2  -3  -4  -3  -4   7  -4  -5  -5  -3  -4  -5  -4  -2  -3  -4  -5  -5    0   0   0   0   0   0   0 100   0   0   0   0   0   0   0   0   0   0   0   0  1.79 0.25
  191 L    -3  -4  -5  -5  -3  -4  -4  -5  -4   0   6  -4   1  -1  -4  -4  -3  -3  -2   0    0   0   0   0   0   0   0   0   0   0 100   0   0   0   0   0   0   0   0   0  1.15 0.22
  192 V    -2  -4  -5  -5  -2  -4  -4  -5  -5   1   0  -4  -1  -2  -4  -3  -2  -4  -3   6    0   0   0   0   0   0   0   0   0   0   1   0   0   0   0   0   0   0   0  99  1.20 0.25
  193 N    -2   0   4  -1  -4   0  -1  -3  -2  -4  -4   6  -3  -4  -3  -1  -2  -5  -3  -4    0   0  29   0   0   0   0   0   0   0   0  68   0   0   0   2   0   0   0   0  0.99 0.22
  194 H    -4  -2  -1  -3  -5  -1  -2  -4  10  -5  -5  -3  -3  -3  -4  -3  -4  -4   2  -5    0   0   0   0   0   0   0   0  94   0   0   0   0   0   0   0   0   0   6   0  2.30 0.33
  195 V    -2  -4  -4  -4  -2  -4  -4  -4  -4   4   0  -4   0  -2  -4  -3  -1  -4  -2   5    0   0   0   0   0   0   0   1   0  35   0   0   0   0   0   0   0   0   0  64  0.85 0.18
  196 P    -3  -4  -4  -3  -5  -3  -3  -4  -4  -5  -5  -3  -4  -5   8  -2  -3  -6  -5  -4    0   0   0   0   0   0   0   0   0   0   0   0   0   0  99   1   0   0   0   0  2.67 0.31
  197 L    -3  -3  -5  -5  -2  -3  -4  -5  -4   2   5  -4   1  -1  -4  -4  -2  -3  -2   1    0   0   0   0   0   0   0   0   0   8  88   0   0   0   0   0   0   0   0   4  0.93 0.19
  198 E    -3  -2  -1   5  -5   0   6  -3  -2  -5  -5  -1  -4  -5  -3  -1  -2  -5  -4  -4    0   0   0  38   0   0  62   0   0   0   0   0   0   0   0   1   0   0   0   0  1.18 0.22
  199 Q    -2  -1  -2  -2  -5   7   2  -3   1  -4  -4   1  -2  -5  -3  -1  -2  -4  -3  -4    0   0   0   0   0  80  12   0   2   0   0   4   0   0   0   1   0   0   0   0  1.32 0.26
  200 M    -3  -3  -4  -5  -3  -2  -4  -5  -4   0   0  -3  10  -2  -4  -3  -3  -3  -3  -1    0   0   0   0   0   0   0   0   0   1   1   0  98   0   0   0   0   0   0   0  1.98 0.35
  201 Q    -3  -1  -2  -2  -5   8   0  -4  -1  -5  -4   0  -2  -5  -3  -2  -3  -4  -3  -4    0   0   0   0   0  99   1   0   0   0   0   0   0   0   0   0   0   0   0   0  1.80 0.33
  202 N    -3  -2   8   0  -4  -2  -2  -2  -1  -5  -5  -1  -4  -5  -4  -1  -2  -6  -4  -5    0   0  97   0   0   0   0   0   0   0   0   1   0   0   0   1   0   0   0   0  1.72 0.29
  203 R    -3   8  -2  -3  -5   0  -2  -4   0  -5  -4   1  -3  -4  -4  -2  -3  -1  -3  -4    0  96   0   0   0   1   0   0   2   0   0   0   0   0   0   0   0   1   0   0  1.64 0.28
  204 M    -3  -3  -4  -5  -3  -2  -4  -5  -4  -1   1  -3  10  -2  -5  -3  -3  -3  -3  -1    0   0   0   0   0   0   0   0   0   0   4   0  96   0   0   0   0   0   0   1  1.90 0.34
  205 V     5  -3  -3  -3  -2  -2  -3  -1  -3   0  -2  -2  -1  -3  -2  -1  -1  -4  -3   3   63   0   0   0   0   0   0   2   0   0   0   0   0   0   0   0   0   0   0  35  0.65 0.18
  206 V    -2  -4  -4  -5  -2  -4  -4  -5  -5   5   0  -4   0  -2  -4  -3  -1  -4  -3   5    0   0   0   0   0   0   0   0   0  43   0   0   0   0   0   0   0   0   0  57  0.89 0.19
  207 L    -3  -3  -5  -5  -3  -3  -4  -5  -4   1   5  -4   2   1  -4  -4  -2  -3  -2   0    0   0   0   0   0   0   0   0   0   2  88   0   3   6   0   0   0   0   0   1  0.93 0.19
  208 L    -3  -3  -5  -5  -3  -3  -4  -5  -4   0   5  -4   3  -1  -4  -4  -2  -3  -2   0    0   0   0   0   0   0   0   0   0   0  93   0   7   0   0   0   0   0   0   0  1.05 0.21
  209 C    -2  -6  -5  -6  11  -5  -6  -5  -5  -3  -3  -5  -3  -4  -5  -3  -3  -4  -5  -3    0   0   0   0 100   0   0   0   0   0   0   0   0   0   0   0   0   0   0   0  2.93 0.36
  210 N    -3  -2   8   0  -5  -2  -2  -2  -1  -5  -5  -2  -4  -5  -4  -1  -2  -6  -4  -5    0   0 100   0   0   0   0   0   0   0   0   0   0   0   0   0   0   0   0   0  1.84 0.30
  211 L    -3  -4  -5  -5  -3  -4  -4  -5  -4   0   6  -4   1  -1  -4  -4  -3  -3  -2   0    0   0   0   0   0   0   0   0   0   0 100   0   0   0   0   0   0   0   0   0  1.15 0.22
  212 K    -2   1  -2  -2  -5   0  -1  -3  -2  -4  -4   7  -3  -5  -3  -2  -2  -5  -4  -4    0   0   0   0   0   0   0   0   0   0   0 100   0   0   0   0   0   0   0   0  1.46 0.28
  213 P    -1  -4  -4  -3  -5  -3  -3  -4  -1  -5  -5  -3  -4  -5   8  -2  -3  -6  -5  -4    3   0   0   0   0   0   0   0   1   0   0   0   0   0  96   0   0   0   0   0  2.54 0.30
  214 A     6  -3  -3  -3  -2  -2  -2  -1  -3  -2  -3  -2  -2  -4  -2   0  -1  -4  -3   0   93   0   0   0   0   0   0   0   0   1   0   0   0   0   0   0   0   0   0   6  1.01 0.23
  215 K    -2   1  -2  -2  -5   0  -1  -3  -2  -4  -4   7  -3  -5  -3  -2  -2  -5  -3  -4    0   3   0   0   0   0   0   0   0   0   0  97   0   0   0   0   0   0   0   0  1.39 0.27
  216 M    -3  -3  -4  -5  -3  -2  -4  -5  -4  -1   0  -3  10  -2  -5  -4  -3  -3  -3  -1    0   0   0   0   0   0   0   0   0   0   0   0 100   0   0   0   0   0   0   0  2.06 0.36
  217 R    -3   8  -2  -3  -5  -1  -2  -3  -2  -5  -4   1  -3  -5  -4  -2  -3  -4  -3  -4    0  99   0   0   0   0   0   1   0   0   0   0   0   0   0   0   0   0   0   0  1.72 0.28
  218 G    -1  -4  -2  -3  -4  -3  -4   7  -4  -5  -5  -3  -4  -5  -4  -2  -3  -4  -5  -5    0   0   0   0   0   0   0 100   0   0   0   0   0   0   0   0   0   0   0   0  1.79 0.25
  219 V    -1  -4  -4  -5  -2  -4  -4  -3  -5   2  -1  -4  -1  -2  -4  -3  -1  -4  -3   6    1   0   0   0   0   0   0   2   0   5   0   0   0   0   0   0   1   0   0  92  1.03 0.23
  220 L    -2  -4  -4  -5  -2  -3  -4  -5  -4   2   3  -4   0  -1  -4  -3  -1  -4  -2   5    0   0   0   0   0   0   0   0   0   7  33   0   0   0   0   0   0   0   0  60  0.70 0.16
  221 S     0  -2  -1  -2  -3  -2  -2  -2  -3  -4  -4  -2  -3  -4  -2   6   0  -5  -3  -3    0   0   0   0   0   0   0   0   0   0   0   0   0   0   0 100   0   0   0   0  1.28 0.28
  222 Q    -3  -1  -2  -2  -5   8   0  -4  -1  -5  -4   0  -2  -5  -3  -2  -3  -4  -3  -4    0   0   0   0   0  99   1   0   0   0   0   0   0   0   0   0   0   0   0   0  1.78 0.32
  223 A     6  -3  -3  -3  -2  -2  -2  -1  -3  -3  -3  -2  -2  -4  -2   0  -2  -4  -3  -2  100   0   0   0   0   0   0   0   0   0   0   0   0   0   0   0   0   0   0   0  1.19 0.25
  224 M    -3  -3  -4  -5  -3  -2  -4  -5  -4  -1   0  -3  10  -2  -5  -3  -2  -3  -3  -1    0   0   0   0   0   0   0   0   0   0   0   0  99   0   0   0   1   0   0   0  2.01 0.36
  225 V    -2  -4  -4  -5  -2  -4  -4  -5  -5   1   1  -4   0  -2  -4  -3  -1  -4  -3   6    0   0   0   0   0   0   0   0   0   0  10   0   0   0   0   0   0   0   0  90  1.03 0.22
  226 M    -3  -3  -4  -5  -3  -2  -4  -5  -4  -1   0  -3  10  -2  -5  -4  -3  -3  -3  -1    0   0   0   0   0   0   0   0   0   0   0   0 100   0   0   0   0   0   0   0  2.06 0.36
  227 C    -2  -6  -5  -6  11  -5  -6  -5  -5  -3  -3  -5  -3  -4  -5  -3  -3  -4  -5  -3    0   0   0   0 100   0   0   0   0   0   0   0   0   0   0   0   0   0   0   0  2.93 0.36
  228 A     6  -3  -3  -3  -2  -2  -2  -1  -3  -3  -3  -2  -2  -4  -2   0  -1  -4  -3  -2   99   0   0   0   0   0   0   0   0   0   0   0   0   0   0   0   1   0   0   0  1.15 0.25
  229 S     0  -2  -1  -2  -3  -2  -2  -2  -2  -4  -4  -2  -3  -4  -2   6   0  -5  -3  -3    0   0   1   0   0   0   0   0   0   0   0   0   0   0   0  99   0   0   0   0  1.26 0.28
  230 S     0  -2  -1  -2  -2  -2  -2  -2  -2  -4  -4  -2  -3  -4  -2   6   1  -4  -3  -3    0   0   0   0   0   0   0   0   0   0   0   0   0   0   0  95   5   0   0   0  1.17 0.26
  231 P    -2  -4  -4  -3  -5  -3  -3  -4  -4  -5  -4  -3  -4  -5   8  -2  -3  -6  -5  -4    1   0   0   0   0   0   0   0   0   0   0   0   0   0  97   1   0   0   0   0  2.60 0.31
  232 E    -2  -2  -1   4  -5   0   6  -3  -2  -5  -5  -1  -4  -5  -3  -2  -2  -5  -4  -4    0   0   0  29   0   0  71   0   0   0   0   0   0   0   0   0   0   0   0   0  1.21 0.22
  233 K    -2   1  -2  -2  -5   0  -1  -3  -2  -4  -4   7  -3  -5  -3  -2  -2  -5  -4  -4    0   0   0   0   0   0   1   0   0   0   0  99   0   0   0   0   0   0   0   0  1.44 0.27
  234 V    -2  -4  -5  -5  -2  -4  -4  -5  -5   2  -1  -4  -1  -2  -4  -3  -1  -4  -3   6    0   0   0   0   0   0   0   0   0   3   0   0   0   0   0   0   0   0   0  97  1.18 0.24
  235 E    -3  -2  -2   0  -5   0   7  -4  -2  -5  -5  -1  -4  -5  -3  -2  -3  -5  -4  -4    0   0   0   0   0   0 100   0   0   0   0   0   0   0   0   0   0   0   0   0  1.60 0.28
  236 I    -3  -5  -5  -5  -3  -4  -5  -5  -5   7   0  -4   0  -2  -4  -4  -2  -4  -3   1    0   0   0   0   0   0   0   0   0  98   1   0   0   0   0   0   0   0   0   1  1.33 0.25
  237 L    -3  -4  -5  -5  -3  -4  -4  -5  -4   1   6  -4   1  -1  -4  -4  -3  -3  -2   0    0   0   0   0   0   0   0   0   0   3  97   0   0   0   0   0   0   0   0   0  1.09 0.21
  238 A     3  -3  -1   5  -3  -2   0  -2  -3  -1  -3  -2  -3  -4  -2   0   0  -4  -3  -2   43   0   0  46   0   0   1   0   0   4   0   0   0   0   0   1   4   0   0   2  0.66 0.17
  239 P    -3  -4  -4  -3  -5  -3  -3  -4  -4  -5  -5  -3  -4  -6   9  -3  -3  -6  -5  -4    0   0   0   0   0   0   0   0   0   0   0   0   0   0 100   0   0   0   0   0  2.74 0.32
  240 P    -3  -4  -4  -3  -5  -3  -3  -4  -4  -5  -5  -3  -4  -6   9  -3  -3  -6  -5  -4    0   0   0   0   0   0   0   0   0   0   0   0   0   0 100   0   0   0   0   0  2.74 0.32
  241 N     0  -2   3   1  -3  -1  -1  -1  -1  -3  -4  -1  -3  -4   3   4   0  -4  -3  -3    3   0  21   7   0   0   1   2   1   1   0   1   0   0  14  44   3   0   0   0  0.53 0.14
  242 G    -1  -3  -2   0  -4  -3  -3   7  -3  -5  -5  -3  -4  -5  -4  -2  -3  -4  -5  -5    0   0   0   4   0   0   0  95   0   0   0   0   0   0   0   1   0   0   0   0  1.61 0.24
  243 S     4  -2  -2  -2  -2  -2  -2  -1  -3  -2  -3  -2  -2  -2  -2   3   0  -4  -3   0   56   0   0   0   0   0   0   0   0   0   0   0   0   1   0  36   2   0   0   5  0.64 0.17
  244 V     0  -4  -4  -4  -2  -3  -3  -4  -4   2   0  -3   0  -2  -4  -2  -1  -4  -3   6    8   0   0   0   0   0   1   0   0   3   2   0   1   0   0   1   1   0   0  83  0.82 0.20
  245 P     0  -4  -4  -3  -4  -3  -3  -4  -4  -4  -5  -3  -4  -5   8  -2  -3  -5  -5  -4    7   0   0   0   0   0   0   0   0   0   0   0   0   0  93   0   0   0   0   0  2.45 0.29
  246 G    -1  -4  -2  -3  -4  -3  -4   7  -4  -5  -5  -3  -4  -5  -4  -2  -3  -4  -5  -5    0   0   0   0   0   0   0 100   0   0   0   0   0   0   0   0   0   0   0   0  1.79 0.25
  247 D    -3  -3   0   7  -5  -2   2  -3  -2  -5  -5  -2  -5  -5  -3  -2  -3  -6  -5  -5    0   0   0  91   0   0   9   0   0   0   0   0   0   0   0   0   0   0   0   0  1.64 0.26
  248 R    -3   7  -2  -3  -5   0  -2  -4  -1  -5  -4   1  -3  -5  -4  -2  -3  -4  -3  -4    0  95   0   0   0   0   0   0   1   0   0   4   0   0   0   0   0   0   0   0  1.63 0.27
  249 I    -2  -4  -4  -4  -2  -4  -4  -5  -5   6   0  -3   0  -2  -4  -3  -2  -4  -3   4    0   0   0   0   0   0   0   0   0  61   2   1   0   0   0   0   0   0   0  36  0.88 0.18
  250 T    -1  -3  -2  -3  -2  -2  -2  -3  -3  -1  -2  -2  -2  -4  -3   1   7  -4  -3   0    1   0   0   0   0   0   0   0   0   3   0   0   0   0   0   4  87   0   0   6  1.09 0.24
  251 F    -4  -5  -5  -5  -2  -5  -5  -5  -3  -2  -1  -5  -2   8  -5  -4  -4  -1   1  -1    0   0   0   0   1   0   0   0   0   0   0   0   0  95   0   0   0   0   0   4  1.76 0.28
  252 D    -2  -1  -1   4  -5   5   4  -3   0  -4  -4   0  -3  -5  -2  -1  -2  -4  -3  -4    1   1   0  29   0  35  31   0   1   0   0   0   0   0   0   0   0   0   0   0  0.87 0.18
  253 A     3  -3  -1  -2  -3  -2  -3   6  -3  -4  -4  -2  -3  -4  -3   0  -2  -4  -4  -3   27   0   2   2   0   0   0  66   0   0   0   0   0   0   0   3   1   0   0   0  0.97 0.17
  254 F    -4  -4  -5  -5  -4  -5  -5  -5  -3  -2  -1  -5  -2   8  -5  -4  -4   0   3  -3    0   0   0   0   0   0   0   0   0   0   0   0   0  93   0   0   0   0   7   0  1.80 0.28
  255 P    -2  -4  -3  -3  -4  -3  -3  -4  -4  -4  -4  -3  -4  -5   8   0  -2  -5  -5  -4    1   0   0   0   0   0   0   0   0   0   0   0   0   0  89   9   1   0   0   0  2.29 0.28
  256 G    -1  -4  -2  -3  -4  -3  -4   7  -4  -5  -5  -3  -4  -5  -4  -2  -3  -4  -5  -5    0   0   0   0   0   0   0 100   0   0   0   0   0   0   0   0   0   0   0   0  1.79 0.25
  257 E    -2  -2  -1   3  -5   0   6  -3  -1  -4  -4  -1  -4  -5  -3  -2  -2  -5  -4  -4    0   0   0  20   0   0  79   0   0   0   0   0   0   0   0   0   0   0   0   0  1.25 0.23
  258 P    -2  -4  -4  -3  -5  -3  -3  -4  -4  -5  -5  -3  -4  -6   8  -3  -3  -6  -5  -4    0   0   0   0   0   0   0   0   0   0   0   0   0   0 100   0   0   0   0   0  2.71 0.32
  259 D    -3  -3   0   7  -5  -1   4  -3  -2  -5  -5  -2  -4  -5  -3  -2  -2  -5  -4  -4    0   0   0  73   0   0  27   0   0   0   0   0   0   0   0   0   0   0   0   0  1.37 0.23
  260 K    -2   1  -2  -2  -5   0  -1  -3  -2  -4  -4   7  -3  -5  -3  -2  -2  -5  -3  -4    0   1   0   0   0   0   0   0   0   0   0  99   0   0   0   0   0   0   0   0  1.42 0.27
  261 E    -3  -2  -2   1  -5   0   7  -4  -2  -5  -5  -1  -4  -5  -3  -2  -3  -5  -4  -4    0   0   0   2   0   0  98   0   0   0   0   0   0   0   0   0   0   0   0   0  1.56 0.28
  262 L    -3  -4  -5  -5  -3  -4  -4  -5  -4   0   6  -4   1  -1  -4  -4  -3  -3  -2   0    0   0   0   0   0   0   0   0   0   0  99   0   0   0   0   0   0   0   0   1  1.12 0.22
  263 N    -3  -2   8   0  -5  -2  -2  -2  -1  -5  -5  -2  -4  -5  -4  -1  -2  -6  -4  -5    0   0 100   0   0   0   0   0   0   0   0   0   0   0   0   0   0   0   0   0  1.84 0.30
  264 P    -3  -4  -4  -3  -5  -3  -3  -4  -4  -5  -5  -3  -4  -6   8  -3  -2  -6  -5  -4    0   0   0   0   0   0   0   0   0   0   0   0   0   0  99   0   1   0   0   0  2.70 0.31
  265 K    -2   1  -2  -2  -5   0  -1  -3  -2  -4  -4   7  -3  -5  -3  -2  -2  -5  -3  -4    0   0   0   0   0   0   0   0   0   0   0  99   0   0   0   0   0   0   0   0  1.42 0.27
  266 K    -2   1  -2  -2  -5   0  -1  -3  -2  -4  -4   7  -3  -5  -3  -2  -2  -5  -3  -4    0   1   0   0   0   0   0   0   0   0   0  98   0   0   0   0   0   0   0   0  1.40 0.27
  267 K    -2   1  -1  -2  -5   0  -1  -3  -2  -4  -4   7  -2  -5  -3  -2  -2  -5  -3  -4    0   1   0   0   0   0   0   0   0   0   0  98   1   0   0   0   0   0   0   0  1.39 0.27
  268 I    -2  -4  -4  -4  -2  -4  -4  -5  -4   5   0  -4   2  -2  -4  -3   0  -4  -2   4    0   0   0   0   0   0   0   0   0  56   0   0   4   0   0   0   4   0   0  35  0.77 0.17
  269 W    -5  -5  -6  -7  -5  -4  -5  -5  -5  -5  -4  -5  -4  -1  -6  -5  -5  12   0  -5    0   0   0   0   0   0   0   0   0   0   0   0   0   0   0   0   0 100   0   0  3.97 0.43
  270 E    -3  -2  -2   1  -5   0   7  -4  -2  -5  -5  -1  -4  -5  -3  -2  -2  -5  -4  -4    0   0   0   3   0   0  97   0   0   0   0   0   0   0   0   0   0   0   0   0  1.52 0.27
  271 Q    -2  -1  -2  -2  -5   8   0  -4  -1  -5  -4   0  -2  -5  -3  -2  -2  -4  -3  -4    1   0   0   0   0  98   0   0   0   0   0   0   0   0   0   0   0   0   0   0  1.76 0.32
  272 I    -2  -4  -5  -5  -2  -4  -4  -5  -5   6   0  -4   0  -2  -4  -3  -2  -4  -3   4    0   0   0   0   0   0   0   0   0  71   0   0   0   0   0   0   0   0   0  29  0.98 0.20
  273 Q    -3  -1  -2  -2  -5   8   0  -4  -1  -5  -4   0  -2  -5  -3  -2  -3  -4  -3  -4    0   0   0   0   0  99   0   0   0   0   0   0   0   0   0   0   0   0   0   0  1.78 0.33
  274 P    -3  -4  -4  -3  -5  -3  -3  -4  -4  -5  -5  -3  -4  -6   8  -2  -2  -6  -5  -4    0   0   0   0   0   0   0   0   0   0   0   0   0   0  99   1   1   0   0   0  2.66 0.31
  275 D    -3  -3   1   7  -5  -2   0  -3  -2  -5  -5  -2  -5  -5  -3  -2  -3  -6  -5  -5    0   0   3  95   0   0   2   0   0   0   0   0   0   0   0   0   0   0   0   0  1.73 0.27
  276 L    -3  -4  -5  -5  -3  -4  -4  -5  -4   0   6  -4   1  -1  -4  -4  -3  -3  -2   0    0   0   0   0   0   0   0   0   0   0  99   0   1   0   0   0   0   0   0   0  1.12 0.22
  277 H    -2   4  -1  -3   0   0  -2  -3   6  -3  -1   0  -2   0  -3  -2  -2  -2   4  -3    0  31   1   0   3   3   0   1  29   1   7   1   0   3   0   2   0   0  17   0  0.59 0.15
  278 T    -2  -3  -2  -3  -3  -2  -3  -3  -3  -2  -3  -2  -2  -4  -3   0   7  -4  -3  -2    0   0   0   0   0   0   0   0   0   0   0   0   0   0   0   0 100   0   0   0  1.45 0.29
  279 N    -3  -2   7   5  -4  -1  -1  -2  -1  -5  -5  -2  -4  -5  -3  -1  -2  -5  -4  -4    0   1  64  34   0   0   0   0   0   0   0   0   0   0   0   1   0   0   0   0  1.25 0.22
  280 A     0  -3   1   6  -4  -1   1   1  -2  -4  -4  -2  -4  -4  -3   0  -1  -5  -4  -4   10   0   3  62   0   0   8  13   0   0   0   0   0   0   0   2   1   0   0   0  0.86 0.16
  281 E    -2   0  -1   1  -5   6   4  -3  -1  -4  -3   0  -2  -4  -3  -1  -2  -4  -3  -3    0   2   0   4   0  56  33   1   0   0   1   1   0   0   0   0   0   0   0   2  0.96 0.21
  282 C    -2  -2  -5  -5  11  -5  -5  -4  -5  -3  -3  -5  -3  -4  -5  -3  -3  -4  -1  -3    0   3   0   0  94   0   0   0   0   0   0   0   0   0   0   0   0   0   2   0  2.58 0.34
  283 V    -2  -4  -4  -5  -2  -4  -4  -5  -5   2   0  -4   1  -2  -4  -3  -1  -4  -3   6    0   0   0   0   0   0   0   0   0   7   0   0   3   0   0   0   0   0   0  90  1.05 0.22
  284 A     6  -3  -3  -3  -2  -2  -2  -1  -3  -3  -3  -2  -2  -4  -2   0  -2  -4  -3  -2  100   0   0   0   0   0   0   0   0   0   0   0   0   0   0   0   0   0   0   0  1.19 0.25
  285 T    -1  -3  -1  -3  -3  -2  -2  -3  -3  -2  -3  -2  -1  -4  -3   0   7  -4  -3  -1    0   0   1   0   0   0   0   0   0   0   0   0   1   0   0   2  96   0   0   0  1.33 0.27
  286 Y    -4  -4  -4  -5  -4  -3  -4  -5   0  -3  -3  -4  -3   1  -5  -4  -4   0   9  -3    0   0   0   0   0   0   0   0   0   0   0   0   0   0   0   0   0   0 100   0  2.23 0.34
  287 K    -2   1  -2  -2  -5   0  -1  -3  -2  -4  -4   7  -3  -5  -3  -2  -2  -5  -3  -4    0   2   0   0   0   0   0   0   0   0   0  97   0   0   0   0   0   0   0   0  1.39 0.27
  288 G    -1  -4  -2  -3  -4  -3  -4   7  -4  -5  -5  -3  -4  -5  -4  -2  -3  -4  -5  -5    0   0   0   0   0   0   0 100   0   0   0   0   0   0   0   0   0   0   0   0  1.79 0.25
  289 A     4  -3  -3  -3  -2  -2  -2  -2  -3   0  -1  -2  -1  -3  -2   0   0  -4  -3   4   53   0   0   0   0   0   0   0   0   1   0   0   0   0   0   2   6   0   0  39  0.55 0.16
  290 P     3  -3  -3  -3  -2  -3  -2  -3  -3  -4  -4  -2  -3  -5   7  -1  -2  -5  -4  -3   33   0   0   0   1   0   0   0   0   0   0   0   0   0  65   0   0   0   0   0  1.60 0.23
  291 F    -4  -5  -5  -5  -4  -5  -5  -5  -3  -2  -1  -5  -2   8  -6  -4  -4  -1   1  -3    0   0   0   0   0   0   0   0   0   0   0   0   0 100   0   0   0   0   0   0  1.97 0.30
  292 E    -2  -2  -2   0  -5   1   7  -3  -2  -5  -5  -1  -4  -5  -3  -2  -2  -5  -4  -4    0   0   0   0   0   0  98   1   0   0   0   1   0   0   0   0   0   0   0   0  1.53 0.27
  293 V    -2  -4  -4  -5  -2  -4  -4  -5  -5   2  -1  -4  -1  -2  -4  -3  -1  -4  -3   6    0   0   0   0   0   0   0   0   0   4   0   0   0   0   0   0   0   0   0  96  1.15 0.24
  294 K     2   1  -1  -2  -3   0   0  -2  -2  -3  -3   5  -2  -3  -2   0   0  -4  -3  -2   24   1   1   0   0   1   2   0   0   0   0  62   0   0   0   3   3   0   0   2  0.63 0.17
  295 G    -1  -4  -2  -2  -4  -3  -4   7  -4  -5  -5  -3  -4  -5  -4  -2  -3  -4  -5  -5    0   0   0   1   0   0   0  99   0   0   0   0   0   0   0   0   0   0   0   0  1.76 0.25
  296 K    -2   1  -2  -2  -5   0  -1  -3  -2  -4  -4   7  -3  -5  -3  -2  -2  -5  -3  -4    0   1   0   0   0   0   0   0   0   0   0  99   0   0   0   0   0   0   0   0  1.43 0.27
  297 G    -1  -4  -2  -3  -4  -3  -4   7  -4  -5  -5  -3  -4  -5  -4  -2  -3  -4  -5  -5    0   0   0   0   0   0   0 100   0   0   0   0   0   0   0   0   0   0   0   0  1.78 0.25
  298 V    -1  -4  -4  -5  -2  -4  -4  -5  -5   2   0  -4   0  -2  -4  -3  -1  -4  -3   6    1   0   0   0   0   0   0   0   0   4   1   0   1   0   0   0   0   0   0  93  1.07 0.23
  299 C    -2  -5  -5  -6  11  -5  -6  -4  -5  -3  -3  -5  -3  -4  -5  -3  -3  -4  -4  -2    0   0   0   0  98   0   0   0   0   0   0   0   0   0   0   0   0   0   0   2  2.79 0.35
  300 R    -2   6  -2  -2  -4   0  -1  -3  -2  -4  -4   5  -3  -4  -3  -2  -2  -4  -3  -4    0  51   0   0   0   0   0   0   0   0   0  48   0   0   0   0   0   0   0   0  1.10 0.21
  301 A     6  -3  -3  -3  -2  -2  -2  -1  -3  -3  -3  -2  -2  -4  -2   0  -1  -4  -3  -1   98   0   0   0   0   0   0   0   0   0   0   0   0   0   0   1   0   0   0   1  1.11 0.24
  302 Q    -2  -1  -2  -1  -4   7   3  -3   0  -4  -3   0  -2  -5   0  -2  -2  -4  -3  -4    2   0   0   0   0  76  15   0   1   0   2   0   0   0   3   0   1   0   0   0  1.18 0.24
  303 T    -2  -3  -2  -3  -2  -2  -2  -3  -3  -2  -3  -2  -2  -4  -3   1   7  -4  -3  -2    0   0   0   0   0   0   0   0   0   0   0   0   0   0   0   3  97   0   0   0  1.36 0.27
  304 M    -3  -3  -4  -5  -3  -2  -4  -5  -4  -1   0  -3  10  -2  -5  -3  -3  -3  -3  -1    0   0   0   0   0   0   0   0   0   0   0   0 100   0   0   0   0   0   0   0  2.00 0.35
  305 A     3  -2   0  -2  -1  -1  -1  -1  -2  -3  -3  -1  -2  -3  -2   4   2  -4  -3  -1   41   0   3   0   0   0   0   1   0   0   0   0   0   0   0  42  11   0   0   1  0.55 0.15
  306 N    -3   0   8   0  -4  -1  -2  -2  -1  -5  -5   0  -4  -5  -4   0  -2  -5  -4  -4    0   3  90   0   0   0   0   0   0   0   0   4   0   0   0   3   0   0   0   0  1.46 0.25
  307 S     0  -2   0  -2  -2  -2  -2  -2  -2  -4  -4  -2  -3  -3  -2   6   0  -4  -3  -3    0   0   1   0   0   0   0   0   0   0   0   0   0   1   0  99   0   0   0   0  1.20 0.26
  308 G    -1  -4  -1  -3  -4  -3  -3   7  -3  -5  -5  -3  -4  -5  -4  -1  -3  -4  -5  -5    0   0   0   0   0   0   0  98   0   0   0   0   0   0   0   1   0   0   0   0  1.68 0.23
  309 I    -3  -5  -5  -5  -3  -4  -5  -5  -5   7   0  -4   0  -2  -4  -4  -2  -4  -3   1    0   0   0   0   0   0   0   0   0  99   0   0   0   0   0   0   0   0   0   1  1.30 0.24
  310 K    -2   1  -2  -2  -5   0  -1  -3  -2  -4  -4   7  -3  -5  -3  -2  -2  -5  -3  -4    0   1   0   0   0   0   0   0   0   0   0  99   0   0   0   0   0   0   0   0  1.38 0.26

                      K         Lambda
Standard Ungapped    0.1263     0.3101
Standard Gapped      0.0620     0.2670
PSI Ungapped         0.2026     0.3175
PSI Gapped           0.0620     0.2670
