
Last position-specific scoring matrix computed, weighted observed percentages rounded down, information per position, and relative weight of gapless real matches to pseudocounts
            A   R   N   D   C   Q   E   G   H   I   L   K   M   F   P   S   T   W   Y   V   A   R   N   D   C   Q   E   G   H   I   L   K   M   F   P   S   T   W   Y   V
    1 M    -1  -2  -2  -3  -2  -1  -2  -3  -2   1   2  -2   6   0  -3  -2  -1  -2  -1   1    0   0   0   0   0   0   0   0   0   0   0   0 100   0   0   0   0   0   0   0  0.41 0.02
    2 A     4  -1  -1   1  -1   0   1   0  -2  -2  -2  -1  -1  -3  -1   1   0  -3  -2  -1   79   0   0   8   0   0   9   0   0   0   0   0   0   0   0   0   5   0   0   0  0.31 0.01
    3 E    -1   1   0   1  -4   2   5   0   0  -3  -3   1  -2  -3  -1   0  -1  -3  -2  -3    0   4   0   0   0   0  83   8   0   0   0   4   0   0   0   0   0   0   0   0  0.60 0.01
    4 D     0  -2   0   3  -2  -1   1   3  -1  -3  -3  -1  -2  -3  -2   1   0  -3  -3  -3    4   0   0  34   0   0   4  38   0   0   0   0   0   0   0  15   4   0   0   0  0.44 0.01
    5 G     1  -1  -1  -1  -2  -1  -1   5  -2  -3  -3  -1  -2  -3  -2   0  -1  -2  -3  -2   14   4   0   0   0   0   4  71   0   0   1   4   0   0   0   0   0   0   0   0  0.63 0.01
    6 E    -1   0   0   2  -3   2   5  -2   0  -3  -3   1  -2  -3  -1   1  -1  -3  -2  -2    0   0   0   4   0  10  70   0   0   0   0   3   0   0   0  10   0   0   0   3  0.54 0.01
    7 E    -1   2   0   1  -4   1   4   1  -1  -4  -3   2  -2  -3  -2   0  -1  -3  -2  -3    0  11   0   0   0   0  63  15   0   0   0  12   0   0   0   0   0   0   0   0  0.49 0.02
    8 A     3  -1   0  -1  -1   0   2  -1  -1   0  -1  -1  -1  -2  -1   0   0  -3  -2   0   56   0   8   0   0   0  22   0   0  14   0   0   0   0   0   0   0   0   0   0  0.21 0.01
    9 E    -1  -1   0   1  -3   1   4   1  -1  -3  -3   0  -2   0  -2   1  -1  -3  -1  -3    0   0   0   0   0   0  68  10   0   0   0   0   0   8   0  14   0   0   0   0  0.44 0.02
   10 F    -3  -3  -3  -4  -3  -4  -4  -4  -2   0   1  -3   0   7  -4  -3  -2   1   3  -1    0   0   0   0   0   0   0   0   0   0   3   0   0  97   0   0   0   0   0   0  0.84 0.03
   11 H    -1   0  -1  -3   8   1  -1  -3   3  -2  -2  -1  -2  -3  -3  -1  -1  -3  -1  -2    0   8   0   0  62  14   0   0  16   0   0   0   0   0   0   0   0   0   0   0  0.71 0.03
   12 F    -2  -2  -3  -4  -2  -2  -3  -4   2   1   3  -3   1   5  -3  -2  -2   0   2   0    0   0   0   0   0   0   0   0  11   3  41   0   0  46   0   0   0   0   0   0  0.39 0.02
   13 A     2   2   0  -1  -1   0  -1  -1  -1  -2  -2   0  -1  -3  -1   3   3  -3  -2  -1   18  15   0   0   0   0   0   0   0   0   0   0   0   0   0  35  32   0   0   0  0.30 0.02
   14 A     4  -2  -2  -2  -1  -1  -1   0  -2   0  -1  -1  -1  -2  -1   1   0  -3  -2   0   77   0   0   0   0   0   0   0   0  11   3   0   0   0   0   7   3   0   0   0  0.32 0.02
   15 L    -1  -2  -3  -3  -2  -2  -3  -3  -3   2   4  -2   2   2  -3  -1  -1  -2   0   1    0   0   0   0   0   0   0   0   0   8  71   0   0  10   0  11   0   0   0   0  0.32 0.02
   16 Y    -2   1  -2  -3  -3   1  -1  -3   1  -1  -1  -1  -1   2  -3  -2  -2   1   7  -1    0  11   0   0   0  10   0   0   0   0   0   0   0   0   0   0   0   0  73   7  0.62 0.03
   17 I    -2  -3  -4  -4  -2  -3  -4  -4  -4   5   2  -3   1   0  -3  -3  -1  -3  -2   2    0   0   0   0   0   0   0   0   0  93   7   0   0   0   0   0   0   0   0   0  0.48 0.03
   18 S     1  -1   0  -1  -1  -1  -1  -1  -1  -2  -2  -1  -2  -1   1   4   1  -2   1  -2    0   0   0   0   0   0   0   0   0   3   0   0   0   0   7  76   4   0  11   0  0.37 0.03
   19 G     0  -1  -1  -2  -2  -1  -2   5   3  -2  -1  -1  -1  -2  -2  -1  -2  -2  -1  -2    1   3   0   0   0   3   0  63  13   0  10   0   0   0   0   0   0   0   0   3  0.49 0.02
   20 Q    -1   1   0  -1  -3   5   1  -2   0  -3  -2   2  -1  -3   0   0   1  -2  -2  -2    0   3   0   0   0  71   0   0   0   0   3  11   0   0   2   0  10   0   0   0  0.52 0.03
   21 W    -3  -2  -4  -4  -3  -2  -3  -2  -2  -1  -1  -3  -1   1  -4  -3  -2  11   4  -2    0   2   0   0   0   0   0   3   0   9   0   0   0   0   0   0   0  72  15   0  1.69 0.05
   22 P    -1   1  -2  -2  -3   1  -1  -3  -1  -3  -3   0  -2  -3   7  -1  -1  -3   0  -3    0   9   0   0   0  12   0   0   0   0   0   2   0   0  71   0   0   0   6   0  1.34 0.05
   23 R    -1   5  -1  -1   0   3   2  -1  -1  -3  -2   2  -1  -3  -2  -1  -1  -3  -2  -2    0  50   0   0   4  20  13   5   0   0   5   4   0   0   0   0   0   0   0   0  0.45 0.04
   24 L    -1   0  -1  -2  -2   0  -2  -2  -2   0   2  -1   1   0   3  -1   0  -2  -1   0    0   5   5   0   0   5   0   2   0   0  45   4   0   5  17   0   4   0   0   7  0.20 0.02
   25 R    -1   4  -1   0  -1   1   0  -2  -1  -1  -1   1  -1   0  -2   1   0  -2   1  -1    0  44   0   6   2   4   4   0   0   3   4   0   0   3   0  17   2   0   8   3  0.24 0.03
   26 A     3   0   0  -2  -1  -1  -1   1   0   0  -1  -1  -1  -2  -1   1   0  -3  -2   0   43   6   6   0   0   0   0  11   3  10   3   0   0   0   2   4   5   0   0   7  0.14 0.02
   27 D     0  -1   0   3   4   0   2  -1  -1  -2  -2   0  -2  -3   0   0   1  -3  -2  -2   10   0   0  27  17   2  14   2   1   0   3   3   0   0   3   6  12   0   0   0  0.27 0.03
   28 T     1  -1   1  -1  -2   0  -1  -1  -1  -2  -2  -1  -1   0   3   1   3  -2   0  -1   12   2   9   0   0   3   0   3   0   0   0   0   0   5  15  11  35   0   3   3  0.28 0.03
   29 D    -1  -1   2   5  -3   1   1  -2  -1  -3  -3  -1  -2  -3   0   1  -1  -4  -3  -2    5   0   7  58   0  11   3   0   0   0   2   0   0   0   3   8   0   0   0   3  0.54 0.04
   30 L    -1  -2  -3  -2   1  -2  -3  -2  -2   1   4  -2   1   1  -3  -1   0  -2   0   0    2   0   0   3   3   0   0   4   0   0  70   0   0   3   0   6   6   0   4   0  0.26 0.04
   31 Q    -1   2   0  -1  -3   4   1   0  -1  -1  -2   1  -1  -3   0   1   0  -3  -2  -1    0  10   0   0   0  50   0   8   0   5   0   4   0   0   4  15   2   0   0   3  0.35 0.05
   32 R     0   3   0  -1   6   0  -1  -2  -1  -2  -2   0  -2  -2   1   1  -1  -3  -2  -1    5  26   6   2  28   6   0   0   0   0   0   4   0   1   8  12   0   0   0   4  0.33 0.04
   33 L     0   0  -2  -2   1  -1  -1  -1  -2   0   1   0   0   0   2   0   0  -2  -1   1    5   5   0   0   3   2   0   5   0   2  20   5   2   3  11  14   4   0   0  19  0.08 0.01
   34 G     1  -1   0  -1   2   0  -1   3  -1  -2  -1  -1  -1  -1  -1   0   0  -3  -2  -1    9   3   3   1   7   7   3  36   2   0   6   1   0   3   2   7   8   0   0   2  0.22 0.02
   35 S     0   0  -1  -1   0   1   0  -2  -1  -1  -1   1  -1   0   3   2   1  -2   0  -1    0   1   0   0   3   9   3   0   1   0   3  10   0   8  16  25  10   0   3   7  0.19 0.02
   36 S     0   0   1  -1   3  -1   0  -1   0  -1  -2   0  -1  -2   1   2   1  -3  -2  -1    2   6  10   0  12   0   4   3   3   9   0   1   0   0   6  38   4   0   0   0  0.19 0.03
   37 A     2   1  -1  -1  -2   0   0   0   0  -2  -1   2   0  -2  -1   1   1  -3  -2  -1   34   7   0   3   0   0   4   5   3   0   3  18   3   0   0   6  14   0   0   1  0.16 0.02
   38 M    -2  -2  -3  -4  -2  -1  -3  -4  -3   0   1  -1   9  -1  -4  -2  -2  -3  -2   0    0   2   0   0   1   1   0   0   0   0   0   2  91   1   0   1   0   0   0   1  1.29 0.25
   39 A     5  -2  -2  -2  -1  -1  -2   0  -2  -2  -2  -1  -1  -3  -2   1   0  -3  -3  -1   74   0   1   0   0   0   0   5   0   0   0   2   2   0   0  10   4   0   0   3  0.54 0.13
   40 P     0  -1   1   1  -2  -1  -1  -1  -1  -2  -2  -1   0  -2   5   2   0  -3  -2  -2    3   1   7   8   0   1   1   4   1   1   2   1   6   1  36  21   3   0   1   1  0.55 0.07
   41 S     1  -1   1   0  -2   2   0   1  -1  -3  -3   0  -2  -3  -1   3   1  -3  -2  -2    8   0   6   2   0  14   4   7   0   0   1   2   0   0   1  42   9   0   0   1  0.32 0.09
   42 R    -3   8  -2  -3  -5   1  -2  -4  -2  -5  -4   1  -3  -5  -4  -2  -3  -4  -3  -4    0  97   0   0   0   3   0   0   0   0   0   0   0   0   0   0   0   0   0   0  1.65 0.30
   43 K    -2   2   0  -1  -4   0  -1  -3  -2  -3  -3   6   0  -4  -2  -1  -1  -4  -3  -3    0   9   3   1   0   0   0   0   0   1   0  78   3   0   0   3   2   0   0   0  0.91 0.22
   44 F    -4  -5  -5  -5  -4  -5  -5  -5  -3  -2  -1  -5  -2   8  -5  -4  -4  -1   2  -3    0   0   0   0   0   0   0   0   0   0   0   0   0 100   0   0   0   0   0   0  1.92 0.32
   45 F    -3  -4  -5  -5   2  -5  -5  -5  -3  -1  -1  -5  -1   8  -5  -4  -3   2   1   0    0   0   0   0   5   0   0   0   0   1   1   0   0  84   0   0   0   2   0   6  1.41 0.26
   46 V    -1  -4  -4  -4  -2  -3  -4  -4  -4   2   0  -4   1  -2  -4  -3  -1  -4  -2   6    0   0   0   0   0   0   0   0   0   4   0   0   2   0   0   0   0   0   0  92  1.01 0.24
   47 G    -1  -3  -2  -2   0  -3  -1   7  -3  -5  -5  -3  -4  -4  -3  -2  -3  -4  -4  -4    0   0   0   0   3   0   5  90   0   0   0   0   0   0   0   0   0   0   0   1  1.41 0.23
   48 G    -1  -2  -2  -3  -4  -3  -3   7  -3  -5  -4  -3  -4  -4  -3  -2  -3  -4  -4  -4    0   2   0   0   0   0   0  95   0   0   1   0   0   0   0   0   0   0   0   0  1.57 0.24
   49 N    -3  -2   8   0  -4  -2  -2  -2  -1  -5  -5  -1  -4  -5  -4  -1  -2  -5  -4  -4    0   0  97   0   0   0   0   0   0   0   0   1   0   0   0   0   0   0   0   0  1.69 0.30
   50 W    -4  -5  -6  -6  -4  -4  -5  -4  -4  -5  -4  -5  -3  -1  -6  -4  -4  12   0  -5    0   0   0   0   0   0   0   0   0   0   0   0   0   0   0   1   0  97   0   0  3.74 0.43
   51 K    -2   1  -2  -2  -5   0  -1  -3  -2  -4  -4   7  -3  -5  -2  -2  -2  -4  -3  -4    0   0   0   0   0   0   0   0   0   0   0  98   0   0   0   0   0   0   0   0  1.35 0.28
   52 M    -3  -3  -4  -5  -3  -2  -4  -5  -3  -1   1  -3  10  -2  -4  -3  -3  -3  -3  -1    0   0   0   0   0   0   0   0   0   0   3   0  94   0   0   0   0   0   0   0  1.83 0.37
   53 N    -3  -2   8   0  -4  -2  -2  -2   0  -5  -5  -2  -4  -5  -4  -1  -2  -5  -4  -5    0   0  98   0   0   0   0   0   1   0   0   0   0   0   0   0   0   0   0   0  1.78 0.33
   54 G    -1  -4  -1  -3  -4  -3  -4   7  -4  -5  -5  -3  -4  -5  -4  -2  -3  -4  -5  -5    0   0   1   0   0   0   0  98   0   0   0   0   0   0   0   0   0   0   0   0  1.71 0.27
   55 R    -1   2   3   4  -3   0   0  -2  -1  -3  -3   0  -2  -3  -2   2   1   1  -3  -2    0  14  18  28   0   2   0   0   0   0   2   4   0   0   0  18  11   2   0   1  0.41 0.12
   56 K    -2   2  -1  -2  -5   0   0  -3  -2  -4  -3   7  -3  -5  -3  -2  -2  -5  -3  -4    0   4   0   0   0   0   2   0   0   0   1  92   0   0   0   0   0   0   0   0  1.26 0.28
   57 Q     1   0   0   0  -2   2   2  -1  -1  -2  -3   4  -2  -4  -2   1  -1  -4  -3  -2   15   0   5   3   0  13  12   1   0   2   0  39   0   0   0   9   1   0   0   0  0.37 0.12
   58 S     0  -1   2   0   3   1   1   0  -2  -3  -3   0  -2  -3  -2   4   1  -4  -3  -2    5   0  13   2   7   5  10   5   0   0   0   2   0   0   0  45   4   0   0   1  0.39 0.13
   59 L    -2  -4  -1  -4  -2  -3  -4  -5  -4   5   4  -4   1  -1  -4  -3  -2  -3  -2   1    0   0   5   0   0   0   0   0   0  48  45   0   0   0   0   0   1   0   0   1  0.67 0.17
   60 G    -1  -2   1   4  -4  -1   1   4  -2  -4  -4  -1  -3  -4  -3   0  -1  -4  -4  -3    2   1   7  28   0   1   8  42   0   0   1   2   0   0   0   3   4   0   0   0  0.61 0.13
   61 E    -1  -1  -1   2  -4   1   5   2  -2  -4  -4   0  -3  -4  -2  -1  -2  -4  -3  -3    2   0   0  10   0   2  63  17   0   0   1   3   0   0   0   1   0   0   0   1  0.79 0.19
   62 L    -2  -4  -4  -5  -2  -4  -4  -5  -4   5   4  -4   1  -1  -4  -4  -2  -3  -2   1    0   0   0   0   0   0   0   0   0  46  51   0   1   0   0   0   0   0   0   3  0.76 0.17
   63 I    -1  -4  -4  -4   2  -3  -4  -4  -4   5   1  -3   1  -1  -4  -3  -2  -3  -2   3    4   0   0   0   6   0   0   1   0  59   9   0   3   1   0   0   0   0   0  17  0.60 0.15
   64 G     0   0   2   1   0   2   0   2   0  -3  -3   1  -1  -3  -2   1   1  -3  -2  -2   10   1  11   7   2  11   4  16   3   0   1  14   1   0   0   8  10   0   1   0  0.21 0.06
   65 T    -2  -3   0  -3  -1  -2  -3  -3  -2  -1   0  -2  -1   5  -3   0   4   0   0  -1    0   0   6   0   1   0   0   1   0   1   6   0   1  36   0   2  42   1   0   2  0.52 0.17
   66 L    -3  -3  -5  -5  -3  -2  -4  -5  -4   1   5  -4   3  -1  -4  -4  -2  -3  -2   0    0   0   0   0   0   2   0   0   0   4  87   0   7   0   0   0   0   0   0   0  0.91 0.20
   67 N    -1  -1   6   0  -3  -1  -1  -2   0  -4  -4   2  -2  -4  -3   1   1  -5  -3  -3    4   0  59   0   0   1   1   0   1   0   0  19   0   0   0   7   7   0   0   1  0.76 0.19
   68 A     3  -1   0   0  -2   0   0   1  -2  -2  -2   0  -2  -3  -2   1   2  -3  -2  -1   35   0   3   4   0   2   6  12   0   0   0   8   0   0   0   8  19   0   0   3  0.26 0.09
   69 A     4  -3  -1  -2  -2  -2  -2   4  -3  -3  -3  -2  -3  -4  -2   0  -1  -4  -3  -2   52   0   1   0   0   0   0  41   0   0   0   1   0   0   0   2   1   0   0   1  0.73 0.16
   70 K    -1   0   0   0  -3   0   0  -1  -1  -3  -3   4  -3  -4   5   1   0  -4  -3  -3    2   0   4   4   0   2   2   2   0   0   0  37   0   0  32  10   4   0   0   0  0.67 0.14
   71 V    -2  -3  -4  -4  -1  -3  -4  -4  -3   2   4  -3   1  -1  -3  -3  -2  -3  -2   3    1   0   0   0   1   0   0   0   0   7  64   0   0   0   1   0   0   0   0  25  0.60 0.15
   72 P    -2  -2   3   5  -4  -1   0  -2   2  -4  -4  -1  -3  -4   4   0  -2  -5  -3  -3    0   1  14  42   0   1   0   0   7   0   1   0   0   0  25   7   0   0   0   1  0.79 0.15
   73 A     3  -2  -1   1  -2  -1   1  -1  -2  -3  -3  -1  -3  -3   5   0  -1  -4  -2  -2   35   0   1   9   1   1   9   1   0   0   0   0   0   1  34   6   1   0   1   0  0.67 0.14
   74 D    -2  -1   5   4  -3   1   1  -2   1  -4  -4   0  -3  -3  -3   0  -1  -5  -3  -4    2   0  41  33   0   4   8   0   3   0   0   2   0   0   0   4   1   0   0   0  0.72 0.15
   75 T    -1  -2  -1  -3  -1  -2  -2  -3  -3   0  -2  -2  -1  -3  -2   0   6  -4  -3   2    3   0   1   0   0   0   0   1   0   3   0   0   0   0   0   0  71   0   0  21  0.72 0.19
   76 E    -2  -1  -1   3  -5   1   6  -3  -1  -5  -4  -1  -3  -5  -2  -1  -2  -4  -3  -4    0   0   0  14   0   1  85   0   0   0   0   0   0   0   0   0   0   0   0   0  1.22 0.23
   77 V    -1  -4  -4  -4  -2  -3  -4  -4  -4   2   0  -3   0  -2  -3  -3  -1  -4  -2   6    0   0   0   0   0   0   0   0   0   6   2   0   0   0   0   0   0   0   0  90  0.89 0.20
   78 V    -1  -4  -4  -4  -2  -3  -4  -4  -4   3   0  -3   0  -2  -3  -3  -1  -4  -2   6    1   0   0   0   0   0   0   0   0   9   2   0   0   0   0   0   0   0   0  87  0.85 0.19
   79 C    -1  -3  -4  -4   8  -3  -4  -4  -4   1   0  -4  -1  -2  -4  -2  -2  -3   0   4    0   1   0   0  46   0   0   0   0   3   3   0   0   1   0   0   0   0   3  41  0.94 0.18
   80 A     3  -3  -2  -2  -2  -2  -2   5  -3  -3  -4  -2  -3  -4  -2   1  -2  -3  -3  -3   37   0   0   0   0   0   0  54   0   0   0   0   0   0   0   7   0   0   0   0  0.78 0.15
   81 P     2  -3  -3  -3   4  -2  -2  -2  -3  -1  -1  -2  -2  -3   5  -1  -1  -4  -3   2   24   0   0   0  12   0   0   0   0   1   2   0   0   0  36   3   0   0   0  22  0.70 0.14
   82 P    -2  -4  -3  -3  -4  -3  -3  -4  -4  -4  -3  -2  -4  -5   8  -2  -2  -5  -4  -4    0   0   0   0   0   0   0   0   0   0   3   0   0   0  95   2   1   0   0   0  2.39 0.28
   83 T     3  -2   0  -2  -2   0  -1  -1  -2  -2  -2  -1  -2  -1   0   3   3  -3  -2  -1   35   0   2   0   0   3   1   0   0   0   0   0   0   3   2  30  23   0   0   0  0.40 0.12
   84 A     1  -3  -3  -4   3  -3  -3  -3  -4   5   0  -3   0  -2   0  -2  -1  -3  -2   2   20   0   0   0   8   0   1   0   0  54   3   0   0   0   4   0   2   0   0   9  0.42 0.13
   85 Y    -3  -3  -3  -5   0  -3  -4  -5   1  -3  -3  -3  -3   2  -5  -3  -3   1   9  -3    0   0   0   0   2   0   0   0   1   0   0   0   0   0   0   0   0   0  97   0  1.91 0.30
   86 I    -2  -3  -4  -5  -2  -3  -4  -5  -4   3   5  -4   2  -1  -4  -3  -2  -3  -2   1    0   0   0   0   0   0   0   0   0  26  71   0   2   0   0   0   0   0   0   0  0.74 0.16
   87 D    -2  -2   0   6  -4  -1   2  -2  -2  -3  -4  -1  -1  -4  -1   0   0  -5  -4  -3    2   0   1  64   0   1  13   2   0   0   0   1   2   0   1   6   5   0   0   1  0.83 0.16
   88 F    -3  -3  -3  -3  -3  -3  -3  -4   0  -2   0  -3   0   6  -4  -3  -3   1   6  -2    0   0   0   2   0   0   1   0   2   0   5   0   1  46   0   0   0   0  42   0  1.06 0.19
   89 A     3  -3  -3  -3   0  -2  -2  -2  -3   0  -1  -2  -1   0  -2   0   1  -3  -2   3   44   0   0   0   2   0   0   0   0   1   0   0   0   5   0   2  11   0   0  34  0.35 0.12
   90 R    -2   6  -1  -3   1   1  -1  -3  -1  -3  -3   3  -2  -4  -3  -2  -1   1  -3  -3    0  67   0   0   3   5   0   0   1   2   1  16   0   0   0   0   1   2   0   1  0.85 0.17
   91 Q     0  -1   1  -1  -1   4   2   0  -1  -3  -3   0  -2  -4  -2   3   0  -3  -3  -3    1   0   4   0   1  33  11   6   1   0   1   3   0   0   0  37   2   0   0   0  0.47 0.13
   92 K    -1   1   1  -2  -1   0  -1  -2   0   0  -1   5  -1  -3  -2   0  -1  -4  -2  -2    3   4   8   0   1   1   0   2   2   9   6  58   1   0   0   4   0   0   0   0  0.39 0.13
   93 L    -1  -3  -4  -5  -2  -3  -4  -4  -4   1   5  -3   3   0  -4  -3  -2  -3  -2   1    3   0   0   0   0   0   0   0   0   2  81   0   6   1   0   0   0   0   0   6  0.71 0.16
   94 D    -2  -2   1   5  -4  -1   0  -3  -2  -4  -4  -1  -4  -5   5  -1  -2  -5  -4  -4    1   0   6  52   0   0   0   0   0   0   0   2   0   0  34   2   1   0   0   0  1.07 0.17
   95 P     2  -1  -1  -1  -1   0  -1  -1  -2  -3  -2   0  -2  -3   5   1  -1  -4  -3  -2   26   1   3   1   1   3   2   2   0   0   4   8   0   0  36  12   1   0   0   0  0.61 0.11
   96 K    -2   2   4  -1  -4   0   0  -1  -1  -4  -4   4  -2  -4  -2   0   0  -4  -3  -3    0   9  26   0   0   1   3   2   0   0   0  48   0   0   0   6   4   0   0   0  0.56 0.14
   97 I    -2  -4  -4  -4  -2  -4  -4  -5  -4   5   1  -4   0   2  -4  -3  -1  -3  -1   3    0   0   0   0   0   0   0   0   0  63   3   0   0  10   0   0   1   0   0  23  0.68 0.15
   98 A     2  -2  -1  -1  -2   0   0   4   0  -3  -3  -1  -2  -3  -2   1  -1  -3  -2  -2   30   0   2   1   0   4   4  41   3   0   0   2   0   1   0  11   0   0   1   1  0.46 0.10
   99 V    -1  -4  -4  -4  -2  -3  -4  -4  -4   2   0  -3   1  -2  -3  -3   0  -4  -2   6    3   0   0   0   0   0   0   0   0   6   2   0   2   0   0   0   3   0   0  85  0.79 0.19
  100 A     5  -2  -2  -3  -2  -2  -2  -1  -3  -2  -3  -2  -2  -3  -2   2  -1  -4  -3  -1   83   0   0   0   0   0   0   1   0   0   0   0   0   0   0  14   0   0   0   2  0.78 0.19
  101 A     6  -3  -3  -3  -2  -2  -2   0  -3  -3  -3  -2  -2  -4  -2   0  -1  -4  -3  -1   95   0   0   0   0   0   0   5   0   0   0   0   0   0   0   0   0   0   0   0  0.95 0.22
  102 Q    -2   0  -2  -2  -5   8   1  -3  -1  -4  -4   0  -2  -5  -3  -2  -2  -4  -3  -4    0   0   0   0   0  99   1   0   0   0   0   0   0   0   0   0   0   0   0   0  1.63 0.31
  103 N    -3  -2   8   0  -4  -1  -2  -2  -1  -5  -5  -2  -4  -5  -4  -1  -1  -5  -4  -4    0   0  99   0   0   0   0   0   0   0   0   0   0   0   0   0   1   0   0   0  1.65 0.28
  104 C    -1  -5  -4  -5  10  -4  -5  -4  -5  -3  -3  -4  -3  -4  -4  -1  -1  -4  -4  -2    3   0   0   0  92   0   0   0   0   0   0   0   0   0   0   2   3   0   0   0  2.32 0.31
  105 Y    -3  -3  -4  -5  -4  -3  -4  -5   0  -3  -3  -3  -3   2  -5  -3  -3   1   9  -3    0   0   0   0   0   0   0   0   0   0   0   0   0   0   0   0   0   0 100   0  2.04 0.31
  106 K    -2   1  -1  -2  -4   0   0  -3  -2  -2  -4   7  -3  -4  -2  -2  -2  -4  -3  -3    0   0   0   0   0   0   0   0   0   3   0  96   0   0   0   0   1   0   0   0  1.17 0.24
  107 V     0  -3  -4  -4  -1  -3  -2  -4  -4   2   0  -2   0  -2  -3  -2  -1  -4  -2   6    4   0   0   0   0   0   3   0   0   1   1   1   0   0   0   0   2   0   0  86  0.74 0.19
  108 T     3  -2  -1   0  -2  -1   1  -1  -2  -2  -2  -1  -2  -3   4   1   2  -3  -3  -2   35   0   0   4   0   1  11   1   0   0   1   1   0   0  21   6  18   0   0   0  0.44 0.10
  109 N    -1   1   3  -1  -3   0   0  -2  -1  -4  -4   5  -2  -4  -2   1  -1  -4  -3  -3    0   0  22   0   0   1   0   1   0   0   0  60   0   0   0  14   0   0   0   0  0.67 0.16
  110 G    -1  -3  -2  -2  -4  -3  -3   7  -3  -5  -5  -3  -4  -4  -3  -1  -3  -4  -4  -4    0   0   0   0   0   0   0  98   0   0   0   0   0   0   0   0   0   0   0   0  1.58 0.22
  111 A     6  -3  -2  -2  -2  -2  -2   0  -3  -2  -3  -2  -2  -3  -2   0   0  -4  -3  -1   90   0   0   1   0   0   0   3   0   0   0   0   0   0   0   0   3   0   0   0  0.82 0.20
  112 F    -4  -4  -4  -5  -4  -4  -4  -4  -3  -1  -1  -4  -1   8  -5  -4  -3   0   2  -2    0   0   0   0   0   0   0   0   0   0   0   0   0  97   0   0   0   0   1   0  1.66 0.26
  113 T    -1  -2  -1  -2  -2  -2  -2  -3  -3  -2  -3  -2  -2  -3  -2   0   7  -4  -3  -1    0   0   0   0   0   0   0   0   0   0   0   0   0   0   0   0  98   0   0   0  1.22 0.25
  114 G    -1  -3  -2  -2  -4  -3  -3   7  -3  -5  -5  -3  -4  -4  -3  -1  -3  -4  -4  -4    1   0   0   0   0   0   0  97   0   0   0   0   0   0   0   0   0   0   0   0  1.56 0.22
  115 E    -2  -1  -1   2  -5   1   6  -2  -1  -4  -4   0  -3  -4  -2  -1  -2  -4  -3  -4    0   0   0   8   0   0  87   2   0   0   0   0   0   0   0   0   0   0   0   0  1.17 0.22
  116 I    -2  -4  -3  -4  -2  -4  -4  -5  -4   6   1  -4   0  -1  -4  -3  -1  -4  -2   2    0   0   1   0   0   0   0   0   0  92   1   0   0   0   0   0   2   0   0   2  0.99 0.21
  117 S     0  -2  -1  -2  -1  -1  -1  -1  -2  -4  -4  -1  -3  -4  -2   6   0  -4  -3  -3    1   0   0   0   1   0   0   0   0   0   0   0   0   0   0  96   0   0   0   0  1.04 0.24
  118 P    -1  -3  -3  -3  -4  -3  -2  -3  -3  -4  -3  -2  -3  -5   8  -2  -2  -5  -4  -3    5   0   0   0   0   0   0   0   0   0   3   0   0   0  89   1   0   0   0   1  2.16 0.25
  119 G     5  -2  -2  -2  -1  -1  -1   3  -2  -2  -2  -2  -2  -3  -2   0  -1  -3  -3  -1   67   0   1   1   1   1   1  21   0   0   1   0   0   0   0   2   1   0   0   1  0.57 0.15
  120 M    -2  -3  -4  -5  -3  -1  -3  -4  -3   0   1  -3   9  -2  -4  -3  -2  -3  -3  -1    0   0   0   0   0   1   0   0   0   1   1   0  95   0   0   0   0   0   0   0  1.61 0.31
  121 I    -2  -4  -4  -4  -2  -4  -4  -5  -4   6   2  -4   0  -1  -4  -3  -2  -3  -2   2    1   0   0   0   0   0   0   0   0  76  18   0   0   0   0   0   0   0   0   3  0.79 0.17
  122 K    -2   1  -1  -2  -4   0   0  -3  -2  -3  -1   6  -1  -4  -2  -1  -2  -4  -3  -2    1   2   1   0   0   0   0   0   0   1   6  85   1   0   0   1   1   0   0   2  0.86 0.20
  123 D    -3  -3   0   7  -5  -2   0  -3   0  -5  -5  -2  -5  -5  -3  -2  -2  -6  -4  -5    0   0   0  97   0   0   0   0   2   0   0   0   0   0   0   0   0   0   0   0  1.65 0.26
  124 C    -2  -4   1  -4   8  -3  -4  -4  -3   2   0  -3  -1  -2  -4  -2  -1  -3  -3   2    0   0   9   0  46   0   0   0   0  14  10   0   0   0   0   0   0   0   0  19  0.80 0.16
  125 G    -1  -2   0  -1  -3  -2  -2   6  -3  -5  -5  -2  -3  -4  -3  -1  -3  -4  -4  -4    0   2   3   2   0   1   1  89   0   0   0   0   0   0   0   0   0   0   0   0  1.32 0.20
  126 A     3  -3  -3  -3   4  -2  -3   0  -3   1   0  -2   0  -2  -2   0  -1  -3  -2   2   42   0   0   0  12   0   0   4   0  10   4   0   2   0   0   2   0   0   0  24  0.33 0.11
  127 T    -1  -1   3   2  -2   0   2  -1   0  -3  -3   0  -2  -4   1   0   3  -4  -3  -2    2   1  17  16   0   2  17   2   2   0   0   4   0   0   7   4  27   0   0   0  0.36 0.09
  128 W    -4  -5  -6  -6  -4  -4  -5  -4  -4  -3  -3  -5  -3   0  -6  -5  -4  12   1  -4    0   0   0   0   0   0   0   0   0   2   0   0   0   1   0   0   0  96   2   0  3.53 0.38
  129 V    -1  -4  -4  -5  -2  -4  -4  -5  -5   2   0  -4   0  -2  -4  -3  -1  -4  -3   6    1   0   0   0   0   0   0   0   0   1   0   0   0   0   0   0   0   0   0  98  1.04 0.23
  130 V    -2  -4  -4  -4  -2  -4  -4  -5  -4   6   0  -4   0  -1  -4  -3  -2  -4  -2   3    0   0   0   0   0   0   0   0   0  75   0   0   0   0   0   0   0   0   0  25  0.90 0.19
  131 L    -3  -3  -5  -5  -2  -3  -4  -5  -4   1   5  -4   1  -1  -4  -4  -2  -3  -2   0    0   0   0   0   0   0   0   0   0   4  96   0   0   0   0   0   0   0   0   0  0.97 0.20
  132 G    -1  -4  -2  -3  -4  -3  -3   7  -3  -5  -5  -3  -4  -5  -4  -2  -3  -4  -4  -5    0   0   0   0   0   0   0 100   0   0   0   0   0   0   0   0   0   0   0   0  1.67 0.23
  133 H    -3  -2  -1  -3  -5  -1  -2  -4  10  -5  -5  -2  -3  -3  -4  -3  -3  -4   0  -5    0   0   0   0   0   0   0   0 100   0   0   0   0   0   0   0   0   0   0   0  2.30 0.33
  134 S     0  -2  -1  -2  -2  -1  -1  -2  -2  -4  -4  -2  -3  -4  -2   6   0  -4  -3  -3    0   0   0   0   0   0   0   0   0   0   0   0   0   0   0  98   0   0   0   0  1.09 0.26
  135 E    -2  -1  -2   0  -5   1   7  -3  -1  -4  -4   0  -3  -4  -2  -1  -1  -4  -3  -4    0   0   0   0   0   0  95   0   0   0   0   0   0   0   0   0   3   0   0   0  1.31 0.24
  136 R    -3   7  -2  -3  -5   0  -1  -4  -2  -5  -4   1  -3  -4  -4  -2  -3  -4  -3  -4    0 100   0   0   0   0   0   0   0   0   0   0   0   0   0   0   0   0   0   0  1.61 0.27
  137 R    -3   7  -2  -3  -5   0  -1  -4  -2  -5  -4   1  -3  -4  -4  -2  -3  -4  -3  -4    0  98   0   0   0   0   0   0   0   0   0   2   0   0   0   0   0   0   0   0  1.55 0.26
  138 H    -2  -1   4  -1  -4   1  -1  -3   8  -4  -4  -1  -3  -3  -3  -1  -2  -2   0  -4    2   0  28   0   0   4   0   0  62   0   0   1   0   0   0   1   1   1   1   0  1.24 0.23
  139 V    -1  -4  -4  -4  -2  -3  -4  -4  -4   3   0  -3   0  -2  -4  -3  -1  -4  -2   5    0   0   0   0   0   0   0   0   0  20   0   1   0   0   0   0   0   0   0  78  0.83 0.19
  140 F    -4  -4  -5  -5  -4  -5  -5  -5  -3  -1   0  -5  -1   8  -5  -4  -4   0   2  -2    0   0   0   0   0   0   0   0   0   0   3   0   0  97   0   0   0   0   0   0  1.70 0.27
  141 G    -1  -2   0  -2  -4  -2  -2   6  -2  -5  -5  -1  -4  -4  -3  -1  -3  -4  -4  -4    0   1   3   0   0   1   1  90   0   0   0   3   0   0   0   0   0   0   0   0  1.36 0.20
  142 E    -2  -1  -2   0  -5   1   7  -4  -1  -5  -4  -1  -3  -5  -3  -2  -2  -4  -4  -4    0   0   0   0   0   0 100   0   0   0   0   0   0   0   0   0   0   0   0   0  1.46 0.26
  143 S     0  -2   1  -1   0  -1  -1  -1  -2  -3  -3  -1  -2  -4  -1   5   2  -4  -3  -3    0   0   6   1   2   0   0   3   0   0   0   2   0   0   2  72  12   0   0   0  0.66 0.18
  144 D    -3  -3   1   7  -5  -2   0  -3  -2  -5  -5  -2  -5  -5  -3  -1  -2  -6  -5  -5    0   0   4  95   0   0   1   0   0   0   0   0   0   0   0   0   0   0   0   0  1.61 0.25
  145 E    -1  -1  -1   1  -5   3   6  -3  -1  -4  -4   0  -3  -4  -2  -1  -1  -4  -3  -3    2   0   0   1   0  11  81   1   0   0   0   1   0   0   0   1   1   0   0   1  1.05 0.21
  146 L    -3  -3  -4  -5  -2  -2  -4  -5  -4   1   5  -3   1   0  -3  -4  -2  -3  -2   0    0   0   0   0   0   2   0   0   0   0  94   0   0   2   1   0   0   0   0   0  0.88 0.19
  147 I    -2  -4  -4  -4  -2  -4  -4  -5  -5   6   0  -4   0  -1  -4  -3  -1  -4  -3   2    0   0   0   0   0   0   0   0   0  91   0   0   0   0   0   0   1   0   0   8  1.04 0.22
  148 G     3  -3  -2  -2  -3  -2  -3   6  -3  -4  -4  -2  -3  -4  -3   0  -2  -4  -4  -3   27   0   0   0   0   0   0  70   0   0   0   0   0   0   0   4   0   0   0   0  1.02 0.17
  149 Q    -2  -1  -1   1  -4   6   4  -3   0  -4  -4   0  -2  -4  -2  -1  -2  -4  -3  -4    1   0   0   7   0  48  41   0   1   0   0   1   0   0   0   0   0   0   0   0  0.93 0.19
  150 K    -2   1  -2  -2  -4   0   0  -3  -2  -4  -4   7   0  -4  -2  -2  -2  -4  -3  -4    0   0   0   0   0   0   0   0   0   0   0  97   3   0   0   0   0   0   0   0  1.23 0.25
  151 V    -1  -3  -4  -4   1  -3  -3  -4  -4   2   0  -3   0  -2  -3  -2   1  -4  -2   5    1   0   0   0   2   0   0   0   0   6   0   0   0   0   0   1  10   0   0  80  0.70 0.18
  152 A     4  -1  -1  -2  -1   0   0   1  -2  -2  -3   1  -2  -3  -2   0  -1  -4  -3  -1   69   1   2   0   0   2   4   6   1   0   0  11   0   0   0   2   0   0   0   2  0.48 0.14
  153 H    -3  -2  -1  -3  -5  -1  -2  -4  10  -4  -4  -2  -3   1  -4  -2  -3  -3   1  -4    0   0   0   0   0   0   0   0  89   0   0   0   0   8   0   0   1   0   3   0  1.88 0.29
  154 A     6  -3  -3  -3   0  -2  -2   0  -3  -2  -3  -2  -2  -3  -2   0  -1  -4  -3  -1   94   0   0   0   1   0   0   3   0   0   0   0   0   0   0   1   0   0   0   2  0.92 0.21
  155 L    -3  -3  -4  -5  -2  -1  -4  -5  -4   1   5  -3   1  -1  -4  -3  -2  -3  -2   0    0   0   0   0   0   4   0   0   0   0  94   0   0   0   0   0   0   0   0   2  0.89 0.19
  156 A     2  -1   0   1  -3   1   4  -1  -1  -3  -3   0  -2  -3  -2   2   0  -3  -3  -2   20   0   1   7   0   3  40   1   0   0   1   1   0   0   0  23   2   0   0   0  0.44 0.11
  157 E     0  -1   2   0  -1   1   4  -1  -1  -3  -3   0  -2  -3  -2   2   0  -3  -2  -3    8   0  13   0   1   5  42   1   1   0   0   3   0   0   0  21   3   0   0   0  0.44 0.11
  158 G    -1  -2   0   1  -3  -2   0   6  -3  -4  -4  -2  -3  -4  -3  -1  -2  -3  -4  -4    0   1   2   9   0   0   6  78   0   0   0   0   0   0   0   2   0   0   0   0  1.05 0.16
  159 L    -2  -3  -4  -4  -2  -3  -4  -4  -4   1   5  -3   1  -1  -4  -3  -2  -3  -2   1    0   0   0   0   0   0   0   0   0   4  87   0   1   0   0   0   0   0   0   6  0.77 0.16
  160 G    -1   0   1   0  -2  -1  -1   4  -1  -3  -3   3  -3  -4  -2   0  -1  -3  -3  -3    2   1   7   3   1   0   0  41   1   1   0  33   0   0   0   7   1   0   0   0  0.49 0.11
  161 V    -1  -3  -4  -4  -2  -3  -3  -4  -4   2   0  -3   0  -2  -3  -3  -1  -4  -2   6    0   0   0   0   0   0   0   1   0   4   0   0   0   0   0   0   0   0   0  91  0.89 0.20
  162 I    -2  -4  -4  -4  -2  -4  -4  -5  -4   6   1  -4   0  -1  -4  -3  -2  -4  -2   2    0   0   0   0   0   0   0   0   0  89   1   0   1   0   0   0   0   0   0   5  0.96 0.20
  163 A     5  -2  -2  -3  -2  -2  -2  -1  -3  -2  -2  -2  -2  -3   2   0  -1  -4  -3  -1   80   0   0   0   0   0   0   1   0   0   0   0   0   0  11   0   2   0   0   3  0.72 0.17
  164 C    -2  -5  -4  -5  11  -4  -5  -4  -4  -3  -3  -4  -3  -4  -4  -2  -2  -4  -4  -2    0   0   0   0  96   0   0   0   0   0   0   0   0   0   0   0   0   0   0   0  2.47 0.31
  165 I    -2  -4  -4  -4  -2  -4  -4  -5  -4   6   0  -4   0  -1  -4  -3  -2  -4  -2   2    0   0   0   0   0   0   0   0   0  87   0   0   0   0   0   0   0   0   0   9  0.93 0.19
  166 G    -1  -3  -2  -2  -4  -3  -3   7  -3  -5  -5  -3  -4  -4  -3  -1  -3  -4  -4  -4    0   0   0   0   0   0   0  96   0   0   0   0   0   0   0   0   0   0   0   0  1.52 0.21
  167 E    -2  -1  -1   0  -5   1   7  -3  -1  -4  -4   0  -3  -4  -2  -1  -2  -4  -3  -4    0   0   0   0   0   0  96   0   0   0   0   0   0   0   0   0   0   0   0   0  1.33 0.24
  168 K    -2   1  -1  -2  -3   0  -1  -3  -2  -2   0   6  -2  -3  -2  -1   2  -4  -3  -2    0   0   0   0   0   1   0   0   0   0  10  71   0   0   0   0  15   0   0   0  0.65 0.17
  169 L    -2  -2  -4  -4  -2  -3  -4  -4  -4   1   5  -3   1   0  -4  -3  -2  -3  -2   0    0   2   0   0   0   0   0   0   0   1  93   0   0   1   0   0   0   0   0   0  0.85 0.18
  170 D    -2  -1   0   5  -4   1   5  -1  -1  -4  -4  -1  -3  -4  -2   0  -2  -4  -3  -3    1   0   3  38   0   3  47   3   0   0   1   0   0   0   0   3   0   0   0   0  0.79 0.15
  171 E    -2  -1  -1   0  -5   2   7  -3  -1  -4  -4   0  -3  -4  -2  -1  -2  -4  -3  -4    0   0   0   1   0   4  92   0   1   0   0   0   0   0   0   0   0   0   0   0  1.24 0.23
  172 R    -3   7  -2  -3  -4   0  -1  -3  -1  -4  -3   1  -3  -4  -3  -2  -2  -4  -3  -4    0  93   0   0   0   0   0   0   0   0   0   3   0   0   0   0   0   0   0   0  1.39 0.23
  173 E    -2  -1  -1   1  -5   1   7  -3  -1  -4  -4   0  -3  -4  -2  -1  -2  -4  -3  -4    0   0   0   1   0   1  94   0   0   0   0   0   0   0   0   0   0   0   0   0  1.28 0.23
  174 A     5  -1  -2  -2  -2  -1  -2   0  -2  -2  -3  -1  -2  -3   0   2  -1  -3  -3  -1   72   2   0   1   0   1   0   6   0   0   0   2   0   0   2  11   1   0   0   0  0.57 0.15
  175 G    -1  -3   0  -2  -3  -3  -3   6  -3  -5  -4  -2  -4  -4  -3  -1  -2  -3  -4  -4    0   1   5   1   0   0   1  89   0   0   0   1   0   0   0   0   0   0   0   0  1.33 0.19
  176 I    -1   1  -2  -2  -2   1  -1  -3  -2   3  -1   3  -1  -2  -2  -1   1  -3  -2   0    1   4   0   1   1   8   1   0   0  35   2  37   0   0   0   1   9   0   0   1  0.27 0.11
  177 T    -1  -2   0  -2  -2  -2  -2  -3  -3  -1  -2  -2  -2  -3  -2   0   6  -4  -3  -1    0   0   3   0   0   0   0   0   0   1   2   0   0   0   0   0  90   0   0   0  1.02 0.23
  178 E    -1  -1   0   1  -4   1   6  -3  -1  -4  -3   0  -1  -4  -2  -1   0  -4  -3  -3    2   0   4   6   0   4  75   0   0   0   0   0   2   0   0   0   5   0   0   0  0.88 0.18
  179 K     0   0  -1   1  -4   1   5  -2  -1  -4  -3   3  -2  -4  -2  -1  -1  -4  -3  -3    6   0   0   5   0   4  50   1   0   0   0  31   0   0   0   0   1   0   0   0  0.64 0.14
  180 V    -1  -4  -4  -4  -2  -3  -3  -4  -4   2   0  -3   0  -2  -3  -3  -1  -4  -2   6    0   0   0   0   0   0   0   0   0   1   0   0   0   0   0   0   0   0   0  95  0.95 0.21
  181 V    -1  -3  -4  -4   2  -3  -3  -4  -4   2   0  -3   0   0  -3  -3  -1  -3  -2   5    0   0   0   0   4   0   0   0   0   8   1   0   0   3   0   0   0   0   0  80  0.71 0.17
  182 F    -2  -3  -2  -4  -3  -4  -4  -4  -2  -1  -1  -4  -1   7  -4  -2  -3   0   4  -2    2   0   2   0   0   0   0   0   0   0   0   0   0  79   0   2   0   0  12   0  1.21 0.21
  183 E     1   4  -1   0  -2   1   2  -2   0  -3  -3   1  -2  -3  -2   0  -1  -3  -2  -2   21  36   1   4   1   3  19   1   2   0   0   6   0   0   0   3   3   0   0   0  0.38 0.09
  184 Q    -2   0  -1  -2  -4   8   1  -3  -1  -4  -3   0  -2  -4  -3  -1  -2  -3  -3  -3    0   0   0   0   0  95   1   0   0   0   0   0   0   0   0   0   0   0   0   1  1.46 0.28
  185 T    -1  -2  -2  -3  -2  -2  -2  -3  -3   0   0  -2   2  -3  -3   0   6  -4  -3  -1    0   0   0   0   0   0   0   0   0   3   7   1   9   0   0   0  78   0   0   0  0.80 0.21
  186 K    -1   1  -1  -1  -4   3   1  -3  -2  -4  -4   6  -2  -4  -2  -1  -2  -4  -3  -3    4   1   0   0   0  13   4   0   0   0   0  78   0   0   0   1   0   0   0   0  0.89 0.20
  187 V     4  -3  -3  -3  -1  -2  -2  -1  -1   0  -1  -2  -1  -2  -2  -1  -1  -3  -2   3   55   0   0   0   0   0   1   1   2   1   0   0   0   1   0   0   1   0   0  36  0.45 0.14
  188 I    -2  -4  -4  -4  -2  -4  -4  -5  -4   6   1  -4   0   0  -4  -3  -2  -3  -1   2    0   0   0   0   0   0   0   0   0  86   4   0   1   3   0   0   0   0   1   4  0.89 0.19
  189 A     5  -2  -2  -3  -1  -2  -2  -1  -3  -1  -2  -1  -2  -3  -2   1  -1  -4  -3   0   81   0   0   0   0   0   0   0   0   2   1   2   0   0   0   4   1   0   0   7  0.67 0.17
  190 D    -1  -2   1   6  -4  -1   2  -2  -2  -4  -4   0  -4  -4  -1  -1  -2  -5  -4  -4    5   0   2  69   0   0  11   2   0   0   0   5   0   0   3   2   0   0   0   0  0.94 0.17
  191 N    -2   0   6   0  -4   0  -1  -1   1  -4  -4   3  -3  -3  -3  -1  -1  -4  -3  -2    2   1  60   1   0   1   0   1   3   0   0  25   0   1   0   0   2   0   0   2  0.76 0.17
  192 V    -1  -4  -4  -4  -2  -3  -4  -4  -4   4   0  -3   0  -2  -3  -3  -1  -4  -2   5    0   0   0   0   0   0   0   0   0  26   0   0   1   0   0   0   1   0   0  70  0.75 0.17
  193 K    -1   1   0  -1  -2   0   0  -2  -2  -3  -3   5  -2  -4  -1   1   0  -4  -3  -3    2   0   3   1   0   1   1   1   0   1   0  67   0   0   2  13   7   0   0   1  0.60 0.16
  194 D    -2  -2   1   7  -4   0   1  -2  -2  -4  -5  -1  -4  -4  -3   0  -2  -5  -4  -4    0   0   4  83   0   2   1   0   0   0   0   1   0   0   0   7   0   0   0   0  1.25 0.21
  195 W    -4  -4  -5  -6  -4  -4  -4  -4  -4  -4  -2  -5  -3  -1  -5  -4  -4  12   0  -4    0   0   0   0   0   0   0   0   0   0   3   0   0   0   0   1   0  94   0   0  3.40 0.36
  196 S     0  -1   1   2  -1  -1   0   0  -2  -3  -3  -1  -3  -3  -2   4   1  -4  -3  -3    2   1   7  12   1   0   3   6   0   0   0   2   0   0   1  60   5   0   0   0  0.50 0.14
  197 K    -2   2   3  -1  -4   1   0  -2   0  -4  -4   5  -2  -4  -2   0  -1  -4  -3  -3    0   8  21   1   0   2   0   0   2   0   0  62   0   0   0   2   0   0   0   0  0.69 0.16
  198 V    -1  -4  -4  -4  -2  -3  -4  -4  -4   2   0  -3   0  -2  -3  -3  -1  -4  -2   6    1   0   0   0   0   0   0   0   0   1   0   0   0   0   0   0   0   0   0  96  0.97 0.22
  199 V    -1  -4  -4  -4  -2  -3  -4  -4  -4   2   0  -3   0  -2  -3  -3  -1  -4  -2   6    0   0   0   0   0   0   0   0   0   3   3   0   0   0   0   0   0   0   0  92  0.91 0.21
  200 L    -2  -3  -4  -4  -2  -3  -4  -4  -4   4   4  -3   1  -1  -4  -3  -2  -3  -2   1    0   0   0   0   0   0   0   0   0  29  64   0   0   0   0   0   0   0   0   5  0.65 0.14
  201 A     6  -3  -3  -3  -2  -2  -2  -1  -3  -2  -3  -2  -2  -3  -2   0   0  -4  -3  -1   95   0   0   0   0   0   0   0   0   0   0   0   0   0   0   0   3   0   0   0  0.94 0.21
  202 Y    -3  -3  -4  -5  -4  -3  -3  -4   0  -3  -3  -3  -2   2  -4  -3  -3   1   9  -3    0   0   0   0   0   0   0   0   0   0   0   0   0   0   0   0   0   0  98   0  1.93 0.30
  203 E    -2  -1  -2   0  -5   1   7  -3  -1  -4  -4   0  -3  -4  -2  -1  -2  -4  -3  -4    0   0   0   0   0   0  96   0   0   0   0   2   0   0   0   0   0   0   0   0  1.33 0.24
  204 P    -1  -4  -4  -3  -4  -3  -3  -4  -4  -4  -3  -3  -4  -5   8  -2  -3  -5  -4  -4    3   0   0   0   0   0   0   0   0   0   3   0   0   0  94   0   0   0   0   0  2.38 0.28
  205 V    -1  -4  -4  -4  -2  -3  -4  -1  -4   1   0  -4   0  -2  -4  -3  -1  -4  -3   6    0   0   0   0   0   0   0   6   0   0   0   0   1   0   0   0   0   0   0  94  0.90 0.22
  206 W    -5  -5  -6  -6  -4  -4  -5  -5  -4  -5  -4  -5  -3  -1  -6  -5  -4  12   0  -5    0   0   0   0   0   0   0   0   0   0   0   0   0   0   0   0   0 100   0   0  3.77 0.40
  207 A     6  -3  -3  -3  -2  -2  -2  -1  -3  -3  -3  -2  -2  -4  -2   0  -1  -4  -3  -1  100   0   0   0   0   0   0   0   0   0   0   0   0   0   0   0   0   0   0   0  1.05 0.23
  208 I    -3  -4  -5  -5  -3  -4  -5  -5  -5   7   0  -4   0  -1  -4  -4  -1  -4  -3   1    0   0   0   0   0   0   0   0   0  98   0   0   0   0   0   0   2   0   0   0  1.15 0.24
  209 G    -1  -4  -2  -3  -4  -3  -3   7  -3  -5  -5  -3  -4  -5  -3  -1  -3  -4  -4  -5    0   0   0   0   0   0   0  99   0   0   0   0   0   0   0   1   0   0   0   0  1.63 0.23
  210 T    -1  -3  -1  -2  -2  -2  -2  -3  -3  -2  -3  -2  -2  -4  -3   0   7  -4  -3  -1    0   0   0   0   0   0   0   0   0   0   0   0   0   0   0   0 100   0   0   0  1.30 0.27
  211 G    -1  -4  -1  -3  -2  -3  -3   7  -3  -5  -5  -3  -4  -5  -3  -2  -3  -4  -4  -5    0   0   1   0   1   0   0  99   0   0   0   0   0   0   0   0   0   0   0   0  1.63 0.23
  212 K    -2   1  -1  -2  -4   0   0  -3  -2  -4  -4   7  -2  -4  -2  -1  -2  -4  -3  -2    0   1   2   0   0   1   0   0   0   0   0  93   1   0   0   0   0   0   0   2  1.10 0.23
  213 T    -1  -3  -1  -2  -2  -2  -2  -3  -3  -2  -3  -2  -2  -4  -2   0   7  -4  -3  -1    2   0   0   0   0   0   0   0   0   0   0   0   0   0   0   2  94   0   0   3  1.14 0.25
  214 A     6  -3  -3  -3  -2  -2  -2  -1  -3  -3  -3  -2  -2  -4  -2   0  -1  -4  -3  -1  100   0   0   0   0   0   0   0   0   0   0   0   0   0   0   0   0   0   0   0  1.05 0.23
  215 T    -1  -2  -1  -2  -2  -2  -2  -2  -3  -2  -3  -2  -2  -3  -2   3   6  -4  -3  -2    0   0   0   0   0   0   0   0   0   0   0   0   0   0   0  31  69   0   0   0  0.88 0.21
  216 P    -2  -4  -4  -3   0  -3  -3  -4  -4  -4  -4  -3  -4  -5   8  -2  -3  -5  -5  -4    0   0   0   0   3   0   0   0   0   0   0   0   0   0  97   0   0   0   0   0  2.53 0.29
  217 Q    -1  -1  -1   1  -4   6   4  -3  -1  -4  -4   0  -2  -4  -2  -1  -2  -4  -3  -3    5   0   0   5   0  60  29   0   0   0   0   0   0   0   0   0   0   0   0   0  0.93 0.20
  218 Q    -2   0  -1  -2  -5   8   1  -3   1  -4  -4   0  -1  -5  -3  -2  -2  -4  -3  -4    0   0   0   0   0  93   3   0   3   0   0   0   1   0   0   0   0   0   0   0  1.47 0.29
  219 A     6  -3  -3  -3  -2  -2  -2  -1  -3  -2  -3  -2  -2  -4  -2   0  -1  -4  -3  -1   94   0   0   0   0   0   0   0   0   0   0   0   0   0   0   3   0   0   0   3  0.97 0.23
  220 Q    -2  -1  -2  -2  -5   8   0  -4  -1  -5  -4   0  -2  -5  -3  -2  -2  -4  -3  -4    0   0   0   0   0  98   0   0   0   0   0   2   0   0   0   0   0   0   0   0  1.65 0.32
  221 E    -2  -1  -1   2  -5   1   6  -3  -1  -5  -4   1  -3  -5  -2  -1  -2  -4  -3  -4    1   0   1   6   0   2  83   0   0   0   0   6   0   0   0   1   0   0   0   0  1.12 0.22
  222 V    -1  -4  -4  -5  -2  -4  -4  -5  -5   2   0  -4   0  -2  -4  -3  -1  -4  -3   6    0   0   0   0   0   0   0   0   0   8   1   0   1   0   0   0   0   0   0  90  0.98 0.22
  223 H    -3  -2  -1  -3  -5  -1  -2  -4  10  -5  -5  -2  -3  -1  -4  -3  -3  -4   0  -5    0   0   0   0   0   1   0   0  97   0   0   0   0   2   0   0   0   0   0   0  2.24 0.34
  224 E     1  -1  -1   1  -3   2   4  -1   1  -3  -2   1  -2  -4  -2   0  -1  -4  -3  -2   20   1   1   7   0   9  41   3   3   1   2  10   0   0   0   1   1   0   0   1  0.40 0.11
  225 K     0   1  -1  -1  -2   2   0  -2  -1  -3  -2   5  -2  -3  -2   1  -1  -4  -2  -3    8   1   0   1   0  12   0   0   1   1   2  63   0   0   0   8   0   0   1   0  0.59 0.16
  226 L    -2  -3  -5  -5  -2  -3  -4  -5  -4   1   5  -4   1   1  -4  -4  -2  -3  -2   1    0   0   0   0   0   0   0   0   0   5  86   0   0   3   0   0   0   0   0   5  0.84 0.18
  227 R    -3   7  -2  -3  -5   0  -2  -4  -2  -5  -4   1  -3  -4  -4  -2  -3   1  -3  -4    0  94   0   0   0   2   0   0   0   0   0   0   0   0   0   0   0   2   0   0  1.50 0.27
  228 G     0   0   0   0   0   2   2   2  -1  -3  -3   2  -1  -3  -2   0  -1  -3  -3  -2   10   2   3   5   3  15  15  22   1   0   1  16   2   0   0   1   2   0   0   1  0.27 0.07
  229 W    -5  -5  -6  -6  -3  -4  -5  -5  -4  -4  -3  -5  -3   1  -6  -5  -4  12   1  -5    0   0   0   0   0   0   0   0   0   0   0   0   0   4   0   0   0  94   2   0  3.52 0.40
  230 L    -2  -3  -4  -5  -2  -3  -4  -5  -3   1   5  -4   2   2  -4  -3  -2  -2   0   0    0   0   0   0   0   0   0   0   0   6  78   0   3   8   0   0   0   0   2   2  0.73 0.16
  231 K     1   2   0  -2  -1   0   0  -2  -2  -3  -3   4  -2  -4  -2   2   1  -4  -3  -2   10  12   2   0   2   0   2   0   0   0   0  45   0   0   0  17   8   0   0   1  0.41 0.12
  232 S     1  -1   0   2  -1   0   2  -1  -1  -3  -3   2  -2  -3  -2   2   2  -4  -3  -2   11   0   2  12   1   2  18   1   0   0   0  16   0   0   0  22  16   0   0   0  0.32 0.09
  233 N    -3  -1   7   0  -4  -1  -1  -2   2  -5  -5   1  -3  -4  -3  -1  -1  -5  -1  -4    0   0  82   0   0   0   0   0   6   0   0   7   0   0   0   1   1   0   2   0  1.23 0.24
  234 V    -1  -4  -4  -4  -2  -4  -4  -4  -4   3   0  -4   0  -2  -4  -3  -1  -4  -2   6    1   0   0   0   0   0   0   0   0  16   1   0   0   0   0   0   1   0   0  81  0.88 0.20
  235 S     0  -2   1  -1  -1  -1  -1  -1  -2  -4  -4  -1  -3  -3  -2   6   0  -4  -1  -3    0   0   6   1   1   0   0   1   0   0   0   1   0   0   0  87   0   0   2   0  0.91 0.23
  236 D     1  -1  -1   3  -3   1   4  -2  -2  -3  -3   0  -3  -2   3   0  -1  -4  -3  -2   17   0   0  20   0   3  34   0   0   0   0   4   0   2  16   2   0   0   0   1  0.52 0.12
  237 A     3  -1   0   3  -2   1   2  -1  -1  -3  -3   0  -2  -4   0   1   0  -4  -3  -2   39   0   2  20   0   5  15   1   0   0   0   4   0   0   2   7   4   0   0   0  0.36 0.10
  238 V    -1  -4  -4  -4  -2  -3  -4  -5  -4   2   0  -2   0  -2  -4  -3  -1  -4  -3   6    0   0   0   0   0   0   0   0   0   3   1   2   0   0   0   0   0   0   0  93  0.98 0.23
  239 A     5  -3  -2  -3  -2  -2  -2   0  -3  -3  -3  -2   0  -3  -2   2  -1  -4  -3  -1   83   0   0   0   0   0   0   3   0   0   0   0   2   0   0  12   0   0   0   0  0.81 0.20
  240 Q    -1   0   3   3  -4   4   2  -1  -1  -4  -4   2  -2  -4  -2   0  -1  -4  -3  -3    4   0  16  18   0  31  12   2   0   0   0  12   0   0   0   5   1   0   0   0  0.50 0.12
  241 S     0  -1   1  -1   0  -1  -1  -1  -1  -3  -3   1  -2  -3  -2   5   1  -4  -3  -3    3   0   5   1   2   1   2   1   1   0   0   9   0   0   0  69   6   0   0   0  0.59 0.17
  242 T    -1  -3  -2  -3  -1  -2  -3  -3  -3   2   1  -2   0  -2  -3  -1   4  -3  -2   3    0   0   0   0   1   0   0   0   0   9  12   0   1   0   0   0  43   0   0  32  0.44 0.14
  243 R    -3   7  -2  -3   0   0  -1  -2  -2  -4  -3   1  -3  -4  -1  -2  -2  -4  -3  -4    0  89   0   0   3   1   0   3   0   0   0   0   0   0   3   1   0   0   0   0  1.30 0.24
  244 I    -3  -4  -4  -4  -3  -4  -4  -5  -5   7   0  -4   0  -1  -4  -4  -2  -4  -3   1    0   0   0   0   0   0   0   0   0  97   1   0   0   0   0   0   0   0   0   0  1.19 0.24
  245 I    -2  -3  -2  -3  -2   1  -3  -4  -3   6   1  -3   0  -1  -3  -3  -2  -3  -2   2    0   0   2   0   0  12   0   0   0  72   7   0   1   0   0   0   0   0   0   4  0.65 0.17
  246 Y    -3  -3  -4  -5  -4  -3  -4  -5   0  -3  -3  -3  -3   2  -4  -3  -3   1   9  -3    0   0   0   0   0   0   0   0   0   0   0   0   0   0   0   0   0   0  98   0  2.01 0.32
  247 G    -1  -4  -2  -3  -4  -3  -3   7  -3  -5  -5  -3  -4  -4  -3  -2  -3  -4  -4  -4    0   0   0   0   0   0   0  98   0   0   0   0   0   0   0   0   0   0   0   0  1.63 0.24
  248 G    -1  -4  -2  -3  -4  -3  -4   7  -4  -5  -5  -3  -4  -5  -4  -2  -3  -4  -5  -5    0   0   0   0   0   0   0 100   0   0   0   0   0   0   0   0   0   0   0   0  1.72 0.25
  249 S     0  -2  -1  -2  -2  -2  -2  -2  -2  -4  -4  -2  -3  -4  -2   6   0  -4  -3  -3    0   0   0   0   0   0   0   0   0   0   0   0   0   0   0 100   0   0   0   0  1.20 0.28
  250 V    -2  -4  -4  -5  -2  -4  -4  -5  -5   1   0  -4  -1  -2  -4  -3  -1  -4  -3   6    0   0   0   0   0   0   0   0   0   0   0   0   0   0   0   0   0   0   0 100  1.15 0.25
  251 T    -1  -1   2  -2  -2  -2  -2  -2  -3  -2  -3  -2  -2  -4  -2   1   6  -4  -3  -2    0   3   9   0   0   0   0   1   0   0   0   0   0   0   0   7  80   0   0   0  0.92 0.22
  252 G     4  -2  -2  -3  -2  -2  -2   5  -3  -3  -3  -2  -3  -4  -1   0  -2  -4  -3  -2   46   2   0   0   0   0   0  49   0   0   0   0   0   0   2   2   0   0   0   0  0.79 0.17
  253 A     4  -2  -1   0  -2  -2  -1   3  -2  -3  -3   0  -2  -3  -2   1   0  -4  -3  -2   52   0   1   4   0   0   2  27   0   0   0   4   0   0   1   5   3   0   0   1  0.49 0.13
  254 T    -2  -2   6   0  -3  -1  -2  -2  -1  -4  -4  -2  -3  -4  -3   0   4  -5  -3  -3    0   0  66   0   0   0   0   0   0   0   0   0   0   0   0   3  31   0   0   0  1.04 0.23
  255 C     1  -5  -4  -5  10  -4  -5  -4  -4  -3  -3  -4  -3  -4  -4  -2  -2  -4  -1  -2   11   0   0   0  85   0   0   0   0   0   0   0   0   0   0   1   0   0   3   0  2.09 0.30
  256 K    -2   3  -1  -2  -4   1   0  -3  -1  -4  -4   6  -2  -4  -2  -1  -2  -4  -3  -3    1  15   1   0   0   5   0   0   1   0   0  76   0   0   0   0   0   0   0   1  0.94 0.20
  257 E    -2  -2  -1   2  -5   1   6  -3  -1  -5  -4  -1  -4  -5  -3  -1  -2  -4  -4  -4    0   0   1  11   0   0  88   0   0   0   0   0   0   0   0   0   0   0   0   0  1.29 0.24
  258 L    -3  -3  -5  -5  -3  -3  -4  -5  -4   0   6  -4   1  -1  -4  -4  -2  -3  -2   0    0   0   0   0   0   0   0   0   0   0 100   0   0   0   0   0   0   0   0   0  1.07 0.22
  259 A     6  -3  -3  -3  -2  -2  -2   1  -3  -3  -3  -2  -2  -4  -2   0  -1  -4  -3  -1   89   0   0   0   0   0   0   9   0   0   0   0   0   0   0   2   0   0   0   1  0.89 0.21
  260 S     1   0  -1  -1   1   0  -1   0  -2  -3  -3   3  -2  -3  -2   3   1  -4  -3  -2   12   3   0   0   4   3   1   4   0   0   0  25   0   0   0  42   7   0   0   0  0.38 0.12
  261 Q    -2   0   0  -1  -3   6   3  -3  -1  -4  -3   2   0  -4  -2  -1  -1  -3  -3  -3    0   0   2   0   1  62  16   1   0   0   0  14   2   0   0   1   2   0   0   0  0.90 0.20
  262 P     1  -1  -1  -1  -3  -1  -1   1  -1  -3  -3   2  -3  -4   6  -1  -1  -4  -3  -3   14   0   1   2   0   1   2  10   2   0   0  16   0   0  48   3   1   0   0   1  0.89 0.14
  263 D    -3  -3   0   7  -5  -2   0  -3   1  -5  -5  -2  -4  -5  -3  -2  -2  -6  -4  -5    0   0   0  95   0   0   0   0   4   0   0   0   0   0   0   0   0   0   0   0  1.61 0.26
  264 V    -2  -4  -4  -4  -2  -3  -4  -4  -4   5   0  -3   1  -1  -4  -3  -1  -4  -2   5    0   0   0   0   0   0   0   0   0  42   1   0   2   0   0   0   0   0   0  54  0.75 0.17
  265 D    -3  -3   0   7  -5  -2   0  -2  -3  -5  -5  -2  -5  -5  -3  -2  -2  -6  -5  -5    0   0   0  97   0   0   0   2   0   0   0   0   0   0   0   0   0   0   0   0  1.66 0.26
  266 G    -1  -4  -2  -3  -4  -3  -3   7  -3  -5  -5  -3  -4  -4  -3  -2  -3  -4  -4  -5    0   0   0   0   0   0   0  99   0   0   0   0   0   0   0   0   0   0   0   0  1.66 0.24
  267 F    -4  -4  -4  -5  -4  -4  -5  -4  -3  -2  -1  -4  -1   8  -5  -2  -3   0   2  -2    0   0   0   0   0   0   0   0   0   0   0   0   0  96   0   3   0   0   0   0  1.67 0.27
  268 L    -3  -3  -5  -5  -2  -3  -4  -5  -4   1   5  -4   1  -1  -4  -4  -2  -3  -2   0    0   1   0   0   0   0   0   0   0   3  95   0   0   0   0   0   0   0   0   0  0.96 0.20
  269 V    -1  -4  -4  -4  -2  -3  -4  -4  -4   2   0  -3   1  -2  -4  -3  -1  -4  -2   6    0   0   0   0   0   0   0   0   0   0   1   0   2   0   0   0   0   0   0  95  0.97 0.22
  270 G    -1  -3  -2  -2  -4  -3  -3   7  -3  -5  -5  -3  -4  -4  -3  -1  -3  -4  -4  -4    0   0   0   0   0   0   1  95   0   0   0   0   0   0   0   3   0   0   0   0  1.51 0.21
  271 G    -1  -3  -2  -2  -4  -3  -3   7  -3  -5  -5  -1  -4  -4  -3  -1  -3  -4  -4  -4    0   1   0   0   0   0   0  94   0   0   0   3   0   0   0   0   0   0   0   0  1.48 0.21
  272 A     6  -3  -3  -3  -2  -2  -2   0  -3  -2  -2  -2  -2  -3  -2   0  -1  -4  -3   0   90   0   0   0   0   0   0   3   0   0   0   0   0   0   0   0   1   0   0   4  0.84 0.20
  273 S     0  -2  -1  -2  -2  -1  -1  -2  -2  -4  -4  -1  -3  -4  -2   6   0  -4  -3  -3    1   0   0   0   0   0   0   0   0   0   0   0   0   0   0  97   0   0   0   0  1.07 0.24
  274 L    -3  -3  -4  -5  -2  -3  -4  -5  -4   1   5  -4   1  -1  -4  -4  -2  -3  -2   0    0   0   0   0   0   0   0   0   0   0  97   0   1   0   0   0   0   0   0   0  0.97 0.19
  275 K    -2   1  -1  -2  -4   0   0  -3  -2  -4  -4   7  -3  -4  -2  -1  -2  -4  -3  -4    0   0   0   0   0   0   0   0   0   0   0  98   0   0   0   0   0   0   0   0  1.25 0.24
  276 P    -1  -3  -3  -3  -4  -3  -3  -4  -4  -4  -4  -2  -4  -5   8  -2  -2  -5  -4  -4    4   1   0   0   0   0   0   0   0   0   0   2   0   0  93   0   0   0   0   0  2.37 0.27
  277 E    -2  -1  -1   4  -5   0   6  -3  -1  -5  -4   0  -3  -5  -2  -1  -2  -4  -4  -4    0   0   0  22   0   0  76   0   0   0   0   2   0   0   0   0   0   0   0   0  1.14 0.21
  278 F    -4  -4  -5  -5  -4  -5  -5  -5  -3  -1  -1  -5  -1   8  -5  -4  -4   0   2  -2    0   0   0   0   0   0   0   0   0   1   0   0   0  99   0   0   0   0   0   0  1.75 0.27
  279 V    -1  -4  -4  -4  -1  -3  -4  -4  -4   3   0  -3   0  -2  -4  -3  -1  -4  -2   5    1   0   0   0   0   0   0   0   0  16   3   0   1   0   0   0   0   0   0  78  0.77 0.18
  280 D    -2  -1   1   5  -4   3   2  -2   0  -4  -4   0  -3  -4  -2  -1  -1  -4  -3  -4    0   0   4  50   0  24  10   0   2   0   0   5   0   0   0   1   3   0   0   0  0.75 0.15
  281 I    -3  -4  -5  -5  -3  -4  -5  -5  -5   7   0  -4   0  -1  -4  -4  -2  -4  -2   1    0   0   0   0   0   0   0   0   0  99   0   0   0   0   0   0   0   0   1   0  1.17 0.24
  282 I    -2  -4  -4  -4  -1  -4  -4  -5  -4   6   0  -3   0  -1  -4  -3  -2  -4  -2   4    0   0   0   0   1   0   0   0   0  70   0   1   0   0   0   0   0   0   0  27  0.81 0.18
  283 N    -3  -2   8   0  -4   0  -2  -2   0  -5  -5  -1  -4  -5  -3  -1  -1  -5  -4  -4    0   0  95   1   0   3   0   0   0   0   0   1   0   0   0   0   0   0   0   0  1.53 0.26
  284 A     6  -3  -3  -3  -2  -2  -2  -1  -3  -3  -3  -2  -2  -4  -2   0  -1  -4  -3  -1   97   0   0   0   0   0   0   0   0   0   0   0   0   0   0   1   1   0   0   1  0.99 0.22
  285 K    -2   5   1  -2  -4   0  -1  -3  -1  -4  -3   5  -2  -4  -2  -1  -1  -4  -3  -3    0  40   5   0   0   1   0   0   0   0   0  50   0   0   0   2   2   0   0   0  0.81 0.17
  286 Q    -2   1   0  -1  -4   7   1  -3   2  -4  -3   2  -2  -4  -2  -1  -2  -3  -2  -3    0   2   4   0   0  76   1   0   5   0   0  12   0   0   0   0   0   0   0   0  0.96 0.17

                      K         Lambda
Standard Ungapped    0.1328     0.3162
Standard Gapped      0.0518     0.2670
PSI Ungapped         0.1692     0.3176
PSI Gapped           0.0518     0.2670
