
Last position-specific scoring matrix computed, weighted observed percentages rounded down, information per position, and relative weight of gapless real matches to pseudocounts
            A   R   N   D   C   Q   E   G   H   I   L   K   M   F   P   S   T   W   Y   V   A   R   N   D   C   Q   E   G   H   I   L   K   M   F   P   S   T   W   Y   V
    1 M    -1  -2  -3  -4  -2  -1  -3  -3  -2   2   2  -2   7  -1  -3  -2  -1  -2  -2   2    0   0   0   0   0   0   0   0   0   6   2   0  75   0   0   0   0   0   0  18  0.56 0.08
    2 P     0  -1  -1  -1  -2  -1  -1  -1  -2  -2  -2  -1  -2  -3   5   1   3  -3  -3  -1    5   1   0   0   0   2   1   2   0   0   0   0   0   0  37  11  41   0   0   0  0.71 0.06
    3 N    -2  -1   4   5  -4  -1   1  -1   0  -3  -4  -1  -3  -4  -2   0   0  -5  -3  -3    0   1  36  55   0   0   1   0   1   1   0   0   0   0   0   3   3   0   0   0  0.78 0.08
    4 S     0  -3  -2  -3   8  -2  -3   3  -3  -2  -2  -2  -2  -2  -3   1  -1  -3  -3  -2    4   0   0   0  48   1   0  28   0   0   1   0   0   1   0  16   1   0   0   0  0.73 0.08
    5 E    -1   0   0   2   0   4   4  -1   1  -3  -3   0  -2  -4  -2   0  -1  -3  -2  -3    1   0   0  15   3  31  36   4   2   0   0   1   0   0   0   5   0   0   0   1  0.49 0.06
    6 P     1  -2  -1  -1   0   1   0   2  -2  -2   0  -1  -1  -1   2   1   0  -3  -2  -1   18   0   0   2   2  11   2  23   0   0  13   0   0   2  12  11   3   0   0   1  0.20 0.03
    7 A     2   1  -1   0   2   0  -1   0  -2  -1  -1   1   0  -2  -2   1   0  -3  -2   0   25  10   1   6   6   1   0   5   0   0   6  13   5   0   0  11   3   0   0   5  0.09 0.02
    8 S     1  -1   1  -1  -2  -1  -1  -1  -1  -3  -3  -1  -2  -3  -2   4   3  -3  -2  -2    3   0   3   0   0   0   0   1   0   0   0   0   0   0   0  68  25   0   0   0  0.56 0.11
    9 L     0  -3  -3  -2  -3  -2  -2  -2  -3  -3  -3  -2  -3  -4   8  -1  -1  -4  -4  -2    8   0   0   0   0   0   0   1   0   0   2   0   0   0  83   2   3   0   0   1  1.79 0.14
   10 L    -1  -2  -3  -4  -2  -2  -3  -3  -3   1   4  -2   5   0  -3  -2  -1  -2  -2   0    2   0   0   0   0   1   0   1   0   1  53   0  39   0   1   0   0   0   0   2  0.53 0.10
   11 E    -1  -1  -1   2  -4   3   5  -2  -1  -4  -3   1  -2  -4  -2  -1  -1  -3  -2  -3    1   0   0  10   0  16  69   0   0   0   0   3   0   0   0   0   0   0   1   0  0.79 0.11
   12 L    -2  -3  -4  -3  -2  -3  -3  -4  -4   1   5  -3   2   0  -4  -3  -2  -2  -2   1    0   0   0   1   0   0   0   0   0   1  94   0   1   1   0   0   0   0   0   2  0.68 0.11
   13 F    -3  -2  -3  -4  -3  -3  -3  -4   0  -1  -1  -3  -1   6  -4  -3  -2   1   7  -2    0   1   0   0   0   0   0   0   0   0   1   0   0  42   0   0   0   0  55   0  1.05 0.13
   14 N    -1   0   3   1  -4   1   5  -1   1  -4  -3   1  -2  -4  -2   0  -1  -4  -2  -3    2   0  20   3   0   3  57   2   4   0   0   6   0   0   0   3   0   0   0   1  0.57 0.09
   15 S    -1   3   0  -1   0   2   0  -1  -1  -3  -3   3  -1  -3  -2   2   0  -3  -2  -2    0  20   3   0   2   9   2   1   0   1   0  35   1   0   0  23   1   0   0   1  0.36 0.06
   16 I    -1  -3  -4  -4  -2  -3  -3  -4  -4   3   3  -3   1   0  -3  -3  -1  -3  -2   3    0   0   0   0   0   0   0   0   0  27  46   0   0   0   0   0   1   0   0  25  0.45 0.07
   17 A     2  -1   2  -1  -1  -1  -1  -1  -2  -2  -2  -1  -1  -3  -2   1   4  -3  -2  -1   28   2  14   0   0   0   1   1   0   0   1   1   1   0   0   5  44   0   0   1  0.33 0.08
   18 T     4  -2  -2  -1   0   0   2   0  -2  -1  -1  -1  -1  -3  -1   1   0  -3  -2   0   60   0   0   1   1   1  17   2   0   0   4   0   0   0   0   3   3   0   0   7  0.30 0.07
   19 Q    -2   1  -1  -1  -4   7   1  -3   0  -4  -3   1  -1  -4  -2  -1  -2  -3  -2  -3    0   2   0   0   0  96   0   0   1   0   0   0   0   0   0   0   0   0   0   1  1.13 0.17
   20 G     0  -3  -1  -1  -3  -2   0   6  -2  -4  -4  -2  -3  -4  -3  -1  -2  -3  -4  -4    1   0   0   0   0   0  10  87   0   0   0   0   0   0   0   1   0   0   0   0  1.09 0.11
   21 E    -1  -1   0   4  -4   1   4  -2  -1  -4  -4   1  -3  -4  -2  -1  -1  -4  -3  -3    1   0   2  35   0   1  52   1   0   0   0   6   0   0   0   0   0   0   0   1  0.71 0.09
   22 L     0   2   0  -1  -2   1   0  -2   0  -1   0   3  -1  -2  -2   0   0  -3  -2  -1    4   8   2   0   0   6   4   1   3   1  16  39   0   0   0   3   9   0   0   5  0.18 0.04
   23 V    -1  -3  -3  -4  -1  -3  -3  -4  -4   2   0  -3   0  -1  -3  -1  -1  -3  -2   5    0   0   0   0   0   0   0   0   0   4   2   0   0   0   0   4   0   0   0  88  0.56 0.11
   24 R    -2   6  -1  -1  -4   0   0  -3  -1  -4  -3   2  -2  -4  -3  -1  -2  -3  -2  -3    0  89   0   4   0   0   2   0   0   0   0   2   0   0   0   1   0   0   0   0  0.98 0.13
   25 S     2  -2  -1   0   0  -1   0   0  -1  -1  -1  -1  -1  -3   0   2   1  -3  -2   0   32   0   0   5   1   0   2   4   1   1   3   0   0   0   4  30  12   0   0   4  0.23 0.05
   26 L    -2  -3  -4  -4  -2  -3  -3  -4  -3   1   5  -3   2   0  -3  -3  -2  -2  -2   0    0   0   0   1   0   0   0   0   0   1  96   0   0   0   0   0   0   0   0   1  0.68 0.11
   27 K    -1   2  -1  -1  -4   1   0  -2  -1  -3  -3   6  -2  -4  -2  -1  -1  -1  -2  -3    1   0   0   0   0   3   0   0   0   0   0  93   0   0   0   1   0   1   0   0  0.82 0.13
   28 A     3  -1  -1  -1  -1  -1  -1  -1  -2  -2  -2  -1  -1  -3  -1   2   3  -3  -2  -1   46   1   1   1   0   1   1   0   0   0   0   2   0   0   1  13  33   0   0   0  0.35 0.07
   29 G     2   1   0   0  -2   1   1   3  -1  -3  -3   0  -2  -3  -2   0  -1  -3  -2  -2   31   8   2   2   0   8  15  28   0   0   0   4   0   0   0   1   1   0   0   0  0.30 0.05
   30 N    -1   2   2  -1  -3   1   0  -2  -1  -3  -3   5  -2  -4  -1   0  -1  -4  -2  -3    2   2  10   0   0   3   2   0   0   0   0  74   0   0   1   5   0   0   0   0  0.59 0.10
   31 A     5  -2  -2  -2  -1  -1  -2   0  -2  -2  -2  -1  -1  -3  -1   1  -1  -3  -2   0   89   0   0   0   0   0   0   1   0   0   0   0   0   0   1   2   1   0   0   5  0.59 0.11
   32 S     0  -2   0   2  -3   0   2  -1  -2  -3  -3  -1  -2  -3   5   1   0  -4  -3  -2   10   0   2  14   0   2  17   2   0   0   1   0   0   0  32  16   2   0   0   1  0.56 0.05
   33 K    -1   2  -1  -1  -4   1   0  -2  -1  -3  -3   6  -2  -4   0  -1  -1  -2  -2  -3    2   1   0   0   0   3   2   0   0   0   0  86   0   0   3   1   1   0   0   0  0.70 0.11
   34 D     2  -2   0   4  -2  -1   1  -1  -2  -2  -3  -1  -2  -3  -1   0   0  -1  -3  -1   36   0   2  41   0   0   7   1   0   0   0   0   0   0   2   0   4   1   0   4  0.37 0.06
   35 E    -1  -1   0   3  -4   1   5  -1  -1  -4  -3   0  -3  -4  -2  -1  -1  -3  -3  -3    0   0   2  21   0   0  70   3   0   0   0   0   0   0   0   0   0   0   0   1  0.74 0.10
   36 I    -2  -3  -3  -3  -2  -3  -3  -4  -4   5   1  -3   1  -1  -3  -3  -1  -3  -2   3    0   0   0   0   0   0   0   0   0  77   2   0   1   0   0   0   2   0   0  15  0.55 0.09
   37 D    -2  -2   1   7  -4  -1   2  -2  -2  -4  -4  -1  -3  -4  -2  -1  -2  -5  -3  -3    2   0   0  87   0   0   7   0   0   0   0   2   0   0   0   0   0   0   0   1  1.07 0.12
   38 S     4  -1  -1  -1   1  -1  -1   0  -2  -2  -2  -1  -1  -3   0   2   1  -3  -2  -1   59   1   0   1   2   0   1   1   0   0   0   2   0   0   3  20   7   0   0   1  0.36 0.07
   39 A     5  -2  -2  -2  -1  -1  -1   0  -2  -2  -2  -1  -2  -3   0   1  -1  -3  -2  -1   95   0   0   0   0   0   0   1   0   0   0   0   0   0   2   0   0   0   0   0  0.66 0.12
   40 V    -1  -3  -3  -3  -1  -3  -2  -4  -4   2   1  -3   1  -1  -3  -2   0  -3  -2   5    0   0   0   0   0   0   2   0   0   4   3   0   1   0   0   0   1   0   0  88  0.55 0.11
   41 K    -1   2   0  -1  -3   5   1  -2   0  -3  -3   3  -1  -4   0  -1  -1  -3  -2  -3    0  11   1   0   0  48   4   0   0   0   0  31   0   0   3   0   0   0   0   0  0.58 0.09
   42 M    -2  -2  -3  -3  -2  -1  -1  -3  -2   1   4  -1   4   0  -3  -2  -1  -2  -1   0    0   0   0   0   0   3   3   0   0   3  54   5  28   0   0   1   0   0   0   1  0.37 0.07
   43 L    -2  -3  -4  -4  -2  -3  -3  -4  -3   1   5  -3   2   0  -3  -3  -2  -2  -2   0    0   0   0   0   0   0   0   0   0   0  96   0   0   1   0   0   0   0   0   0  0.65 0.10
   44 V    -2  -3  -4  -4   0  -2  -2  -4  -3   1   4  -3   2   0  -3  -2  -2  -2  -2   1    0   0   0   0   2   1   2   0   0   1  88   0   0   0   0   1   0   0   0   4  0.54 0.09
   45 S     0   1   0  -1  -2   1   0  -1  -1  -3  -3   3  -1  -3   0   3   0  -3  -2  -2    5   1   0   0   0   8   2   0   0   0   1  40   0   0   2  37   3   0   0   0  0.35 0.07
   46 L    -2  -3  -4  -4  -2  -2  -3  -4  -3   1   5  -3   3   0  -3  -3  -2  -2  -1   0    0   0   0   0   0   0   0   0   0   0  89   0   7   1   0   0   0   0   0   0  0.59 0.09
   47 K    -1   2  -1  -1  -4   1   0  -2  -1  -3  -3   6  -2  -4  -2   0  -1  -4  -3  -3    0   0   0   0   0   0   0   0   0   0   0  96   0   0   0   2   1   0   0   0  0.83 0.13
   48 M     0  -2  -3  -3  -1  -1  -2  -3  -3   1   2  -2   4  -1  -3  -1   1   1  -1   2    4   0   0   0   0   1   1   0   0   1  24   0  24   0   0   0  10   2   0  31  0.25 0.06
   49 S     0  -2   1   4   0   0   1  -1   0  -3  -3  -1  -2  -3  -2   3   0  -4  -2  -3    3   0   5  43   3   0   6   0   1   0   0   0   0   0   0  35   2   0   0   0  0.49 0.07
   50 Y    -3  -3  -3  -3   0  -2  -3  -4   1  -2  -2  -3  -2   3  -4  -2  -2   1   8  -2    0   0   0   2   2   0   0   0   0   0   0   0   0   4   0   0   0   0  91   0  1.26 0.15
   51 K    -1   2  -1  -1  -4   1   0  -2  -1  -3  -3   6  -1  -4  -2  -1  -1  -4  -2  -3    0   7   0   0   0   1   1   0   0   0   0  89   1   0   0   0   0   0   0   0  0.77 0.12
   52 A     2   1   0  -1  -2   3   0  -1   1  -2  -2   1  -1  -3  -1   1   2  -3  -2  -1   27   7   2   0   0  21   2   3   5   0   1   9   0   0   0   3  19   0   0   0  0.22 0.04
   53 A     2  -2  -2  -3  -1  -1  -2  -2  -2   1   1  -1   2  -1  -2   0   1  -3  -2   2   34   1   0   0   0   0   0   0   0   3  15   0  12   0   0   2  13   0   0  19  0.17 0.04
   54 A    -1  -2  -1  -2  -1  -1  -2  -2  -2   0  -1  -1   1  -2  -2   1   5  -3  -2   1    0   0   0   0   0   0   0   0   0   0   2   0   7   0   0   3  74   0   0  13  0.49 0.10
   55 G     0  -3  -1  -2  -3  -2  -3   6  -3  -4  -4  -2  -3  -4  -3  -1  -2  -3  -4  -4    0   0   0   1   0   0   0  97   0   0   0   0   0   0   0   1   0   0   0   0  1.26 0.11
   56 E    -1   0  -1   0  -4   6   3  -2   0  -4  -3   1  -1  -4  -2  -1  -1  -3  -2  -3    3   0   0   0   0  65  28   0   1   0   0   1   0   0   0   0   0   0   0   0  0.78 0.12
   57 D    -2  -1   1   6  -4   0   2  -2  -1  -4  -4  -1  -3  -4  -2  -1  -2  -5  -3  -4    1   2   2  80   0   3  11   0   0   0   0   0   0   0   0   0   0   0   0   0  0.99 0.11
   58 Y    -2  -3  -1  -4   0  -2  -3  -3   1  -2  -1  -3  -2   2  -4  -2  -2   1   8  -2    0   0   3   0   3   0   0   2   0   0   2   0   0   1   0   0   0   0  87   0  1.15 0.15
   59 K    -1   2   0  -1  -4   3   1  -2  -1  -3  -3   5  -2  -4  -2   0  -1  -3  -2  -3    2   4   1   0   0  13   2   0   0   0   0  73   0   0   0   3   0   0   0   0  0.64 0.11
   60 A     5  -2  -2  -2  -1  -1  -2  -1  -2  -1  -1  -1  -1  -3   1   1   0  -3  -2   0   82   0   0   0   0   0   0   0   0   0   2   0   0   0   5   3   1   0   0   7  0.52 0.11
   61 D    -1  -3   1   3  -3  -2  -1   5  -2  -4  -4  -2  -3  -4  -3  -1  -2  -4  -4  -4    2   0   7  22   0   0   1  69   0   0   0   0   0   0   0   0   0   0   0   0  0.86 0.10
   62 C    -1  -2  -2  -3   9  -2  -2  -3  -3  -1   0  -3  -1  -2  -3   1  -1  -3  -2  -1    1   2   1   0  64   0   2   0   0   1  11   0   2   1   0  13   0   0   0   2  0.97 0.13
   63 P    -1  -3  -3  -2  -3  -1  -1  -2  -3  -3  -3  -2  -3  -4   8  -1  -1  -4  -3  -2    2   0   0   0   0   1   2   3   0   0   0   0   0   1  86   1   2   0   0   2  1.87 0.16
   64 P    -1  -3  -3  -1  -3  -2  -2  -3  -3  -3  -2  -2  -2  -4   8   0  -2  -4  -4  -2    2   0   0   2   0   0   0   0   0   0   3   0   1   0  84   6   0   0   0   1  1.82 0.15
   65 G     1   0   0   0  -2   0   1   2  -1  -3  -3   1  -2  -2   1   2   1  -3  -2  -2    8   6   3   2   0   0   8  20   0   0   0   8   0   2   6  22  13   0   0   1  0.23 0.04
   66 N    -1  -1   3   3  -4   0   3  -2   1  -3  -4   0  -3  -2  -2   0  -1  -4  -2  -3    2   0  25  23   0   1  34   1   4   0   0   3   0   1   0   4   2   0   0   1  0.53 0.10
   67 P    -1  -2   3   1   1  -1  -1   0  -1  -1   0  -1   0  -1   3   0   0  -3  -2  -1    3   1  24   7   4   0   2   8   0   3  14   0   4   3  15   6   3   0   0   4  0.17 0.05
   68 A     2  -2   0  -1  -1  -1  -1  -1  -2   0   0  -1   0  -2  -1   2   1  -3  -2   1   25   0   3   3   0   1   2   2   0   3   5   1   2   0   2  19  11   0   0  22  0.14 0.05
   69 P     0  -1  -1  -1  -2   0   0  -2  -2   0   1  -1   0  -2   4   0   0  -2  -2   1   10   1   1   2   0   5   5   0   0   2  15   3   2   0  21   7   5   0   0  20  0.22 0.04
   70 T     1  -1   1   0  -1  -1   0   1  -2   1   0  -1   0  -2  -1   1   0  -3  -2   1   13   3  10   3   0   2   6  12   0  18   5   1   1   0   1  10   3   0   1  10  0.05 0.02
   71 S     0  -1   3   1  -2   2   0   0   0  -3  -2   0  -1  -3   2   2   0  -3  -2  -2    3   1  18   8   0  14   4   7   1   0   2   2   1   1  11  22   3   0   0   1  0.27 0.05
   72 N    -1  -1   4   3  -3   0   1   0   0  -2  -3   0  -1  -3  -2   1   0  -4  -3  -2    1   0  36  26   0   3   9   4   1   2   0   2   2   0   1   7   3   0   0   2  0.44 0.08
   73 H     0  -1   4   1  -1   0   0   2   2  -3  -2  -1  -2  -3  -2   1   0  -3  -1  -3    4   2  39   4   1   3   2  16   6   1   4   2   0   0   1  13   1   0   1   0  0.33 0.08
   74 G     0  -1   1   0  -2   0   0   4  -1  -2  -2   0  -2  -3   0   1  -1  -3  -2  -2    6   2   5   6   0   2   5  45   1   1   2   5   0   0   4  10   2   0   0   3  0.36 0.05
   75 P    -1  -1   0   1  -2   0   0  -1  -1  -1   0  -1  -1  -2   5   0   0  -3  -2  -1    3   1   2   9   0   4   7   5   1   3  12   2   1   0  34   8   5   0   0   2  0.45 0.05
   76 D     2  -1   2   2  -2   0   1   0  -1  -2  -2  -1  -1  -3  -1   1   1  -3  -2  -1   25   0  11  16   0   3  11   3   0   1   1   1   0   0   2   7  12   0   0   5  0.20 0.05
   77 A     2  -1   0  -1  -2   0   1   2  -2  -2  -2   0  -1  -3  -1   1   2  -3  -2  -1   34   0   2   1   0   2   9  14   0   1   0   5   0   0   2   6  19   0   0   3  0.22 0.06
   78 T     0  -1   1   3  -2   0   1   0  -1  -1  -2   1  -1  -3   0   0   1  -3  -2   0   11   0   8  21   0   2   5   6   1   3   1  12   0   0   2   3  17   0   1   7  0.16 0.04
   79 E     0  -1   1   2  -3   0   3   2  -1  -3  -3   0  -2  -3  -2   0   0  -3  -3  -2    8   0   6  11   0   1  38  22   0   1   0   3   0   0   0   2   4   0   0   4  0.36 0.08
   80 A     1  -1   1   3  -3   1   3   0  -1  -2  -3   0  -2  -3   1   0   0  -4  -3  -1   19   0   4  23   0   3  25   6   1   2   0   1   0   0   5   3   4   0   0   4  0.29 0.06
   81 E    -1  -1   1   4  -3   1   4   1  -1  -3  -4   0  -3  -4  -2   0  -1  -4  -3  -2    1   0   4  35   0   2  34  13   0   0   0   2   0   0   1   3   2   0   0   2  0.54 0.10
   82 E    -2  -1   0   4  -3   1   5  -1  -1  -4  -4   0  -3  -4  -2  -1  -1  -4  -3  -3    1   0   2  23   1   0  66   3   0   0   0   0   0   0   0   1   2   0   0   1  0.82 0.15
   83 D    -3  -3   0   7  -5  -1   1  -2  -2  -4  -5  -2  -4  -5  -3  -1  -2  -5  -4  -4    1   0   0  96   0   2   0   0   0   0   0   0   0   0   0   0   0   0   0   0  1.48 0.22
   84 F    -2  -2  -1  -2  -2  -1  -2  -3  -2   2   1  -2   1   4  -3  -2   1  -1   1   2    0   1   3   1   0   4   1   0   0  14   8   1   3  32   0   0  12   0   2  18  0.24 0.07
   85 V    -1  -4  -4  -4  -2  -3  -4  -4  -4   2   0  -3   0  -1  -3  -3  -1  -4  -2   6    0   0   0   1   0   0   0   0   0   1   0   0   0   1   0   0   0   0   0  97  0.89 0.20
   86 D    -2  -2   3   6  -4  -1   0  -2  -2  -4  -4  -2  -4  -4  -2  -1   1  -5  -4  -4    0   0  12  77   0   0   0   0   0   0   0   0   0   0   0   0  10   0   0   0  1.10 0.18
   87 P    -2  -3  -3  -3  -4  -3  -2  -3  -4  -3  -4  -2  -4  -5   8  -2  -2  -5  -4  -4    0   0   0   0   0   0   0   0   0   1   0   0   0   0  98   1   0   0   0   0  2.45 0.25
   88 W    -4  -4  -5  -6  -4  -4  -4  -4  -4  -4  -3  -5  -3  -1  -5  -5  -4  12   1  -5    0   0   0   0   0   0   1   0   0   0   0   0   0   0   0   0   0  99   0   0  3.55 0.35
   89 T    -2  -1   6   1  -3  -1   0  -2  -1  -3  -3  -1  -1  -4  -2   1   3  -4  -3  -2    0   0  55   3   0   0   5   0   0   1   0   0   2   0   0   5  29   0   0   0  0.67 0.15
   90 V    -1  -4  -4  -4  -2  -3  -4  -4  -4   2   0  -3   0  -2  -2  -3  -1  -4  -2   6    0   0   0   0   0   0   0   0   0   0   0   0   0   0   1   0   0   0   0  99  0.93 0.20
   91 Q     0   0   0  -1  -2   4   0  -2   0  -1  -2   0  -1  -3  -2   2   1  -3  -2   1    7   2   2   0   0  30   3   1   3   3   0   2   0   0   0  21   9   0   0  16  0.24 0.09
   92 T     0  -2  -1  -2  -2  -1  -1  -1  -2  -2  -3  -1  -2  -3  -2   3   5  -4  -3  -1    5   0   0   0   0   0   0   3   0   0   0   0   0   0   0  38  54   0   0   0  0.63 0.16
   93 S     0  -1   1  -1  -2   0  -1  -1   0  -2  -3   2  -2  -3  -2   4   2  -4  -2  -2    3   0   6   0   0   1   0   2   1   1   0  15   0   0   0  52  17   0   0   1  0.41 0.12
   94 S     0  -1   4   0  -2  -1  -1  -1  -1  -4  -4  -1  -3  -4  -2   5   0  -4  -3  -3    1   0  29   1   0   0   0   0   0   0   0   1   0   0   0  67   0   0   0   0  0.73 0.17
   95 A     4  -2  -1   2  -2   1   1  -1  -2  -2  -3  -1  -1  -3  -2   1   0  -4  -3  -1   62   0   2  13   0   5   9   0   0   0   0   0   1   0   0   3   3   0   0   1  0.42 0.12
   96 K    -1   1  -1  -1  -3   0   0  -2  -2  -3  -3   5  -2  -4  -2   0   2  -4  -3  -2    3   0   0   1   0   0   2   0   0   0   0  67   0   0   0   3  22   0   0   1  0.61 0.15
   97 G    -1  -3  -1  -2  -4  -3  -3   7  -3  -5  -5  -3  -4  -4  -3  -1  -3  -4  -4  -4    0   0   0   0   0   0   1  99   0   0   0   0   0   0   0   0   0   0   0   0  1.53 0.20
   98 I    -1  -4  -4  -4  -2  -3  -4  -4  -4   4   0  -3   1  -1  -3  -3  -1  -4  -2   5    0   0   0   0   0   0   0   0   0  36   0   0   1   0   0   0   0   0   0  62  0.69 0.15
   99 D    -3  -3   1   7  -5  -1   0  -2  -2  -4  -4  -2  -4  -5  -3  -1  -2  -5  -4  -3    1   0   2  96   0   0   0   0   0   0   1   0   0   0   0   0   0   0   0   1  1.45 0.21
  100 Y    -3  -3  -3  -5  -4  -3  -3  -5   1  -3  -2  -3  -2   2  -4  -3  -3   1   9  -3    0   0   0   0   0   0   0   0   0   0   1   0   0   0   0   0   0   0  99   0  1.81 0.27
  101 D    -2  -2   1   7  -4  -1   2  -2  -1  -4  -5  -2  -4  -5  -2  -1  -2  -5  -4  -4    3   0   3  86   0   0   7   0   1   0   0   0   0   0   0   1   0   0   0   0  1.25 0.19
  102 K    -2   1  -1  -1  -4   0   0  -3  -2  -4  -4   7  -3  -4  -2  -1  -2  -4  -3  -3    0   0   0   1   0   0   0   0   0   0   0  99   0   0   0   0   0   0   0   0  1.14 0.22
  103 L    -2  -3  -4  -5  -2  -3  -4  -5  -4   1   5  -3   1   0  -4  -3  -2  -3  -2   0    0   0   0   0   0   0   0   0   0   1  99   0   0   0   0   1   0   0   0   0  0.89 0.17
  104 I    -2  -4  -4  -4  -2  -4  -4  -5  -4   6   1  -4   0  -1  -4  -3  -1  -4  -2   2    0   0   0   0   0   0   0   0   0  97   1   0   0   0   0   0   1   0   0   0  0.99 0.20
  105 V    -1   0  -2  -1  -2   0  -1  -3  -3   1  -1   2  -1  -2  -3  -1  -1  -4  -2   4    1   4   1   4   0   2   2   0   0   1   1  24   0   0   0   1   1   0   0  59  0.31 0.12
  106 R    -2   7  -1  -2  -4   1  -1  -3  -1  -4  -3   3  -2  -4  -3  -2  -2  -4  -3  -4    0  83   0   0   0   4   0   0   1   0   0  12   0   0   0   0   0   0   0   0  1.14 0.19
  107 F    -4  -4  -4  -5  -4  -5  -5  -4  -2  -1  -1  -4  -1   8  -5  -4  -3   0   2  -2    0   0   0   0   0   0   0   0   0   0   0   0   0 100   0   0   0   0   0   0  1.62 0.24
  108 G    -1  -2  -1  -2  -4  -3  -3   7  -3  -5  -5  -2  -4  -4  -3  -1  -3  -4  -4  -4    0   2   0   0   0   0   0  98   0   0   0   0   0   0   0   0   0   0   0   0  1.49 0.20
  109 S     0  -2   0  -1   1  -1  -1  -1  -2  -4  -4  -1  -3  -4  -2   6   0  -4  -3  -3    0   0   0   0   4   0   0   0   0   0   0   0   0   0   0  96   0   0   0   0  0.94 0.22
  110 S     0  -1   1  -1  -2  -1  -1  -1  -2  -3  -3  -1  -2  -3  -2   5   1  -4  -3  -3    0   2   3   0   0   1   1   0   0   0   1   0   0   0   0  87   5   0   0   0  0.78 0.19
  111 K    -1   2  -1  -2  -4   0   0  -3  -2  -4  -4   6  -2  -4  -1  -1  -2  -4  -3  -3    2   4   0   0   0   0   1   0   0   0   0  91   0   0   1   1   0   0   0   0  0.98 0.20
  112 I    -2  -4  -4  -4  -2  -4  -4  -5  -4   6   1  -4   1  -1  -4  -3  -2  -4  -2   2    0   0   0   0   0   0   0   0   0  90   0   0   1   0   0   0   0   0   0   9  0.93 0.19
  113 D    -3  -2   0   7  -5  -1   2  -2  -2  -4  -5  -1  -4  -5  -3  -1  -2  -5  -4  -4    0   0   1  87   0   0   9   0   0   0   0   1   0   0   0   2   1   0   0   0  1.30 0.20
  114 K    -1   1   0   2  -3   3   2  -2  -1  -3  -3   3  -2  -4   0   0   1  -3  -3  -3    1   2   0  15   0  25   8   0   0   0   0  31   0   0   3   3  12   0   0   0  0.42 0.10
  115 E     0  -1  -1   3  -4   1   5  -2  -1  -3  -3   0  -3  -4  -2  -1  -1  -4  -3  -2    6   0   0  18   0   0  66   1   0   0   1   2   0   0   0   1   2   0   0   3  0.74 0.15
  116 L    -2  -3  -4  -5  -2  -3  -4  -5  -3   1   5  -3   1   0  -4  -3  -2  -3  -2   0    0   0   0   0   0   0   0   0   1   1  98   0   0   0   0   0   0   0   0   1  0.89 0.17
  117 I    -2  -3  -4  -4  -2  -3  -4  -4  -4   4   2  -3   1  -1  -3  -3  -1  -3  -2   3    0   0   0   0   0   0   0   0   0  43  24   0   1   0   0   0   0   0   0  32  0.54 0.11
  118 N     0  -1   3   5  -3   0   1  -2  -1  -2  -3   0  -3  -4  -2   0   0  -4  -3  -2    7   0  21  43   0   4   8   0   0   5   0   3   0   0   0   6   4   0   0   0  0.52 0.10
  119 R    -3   7  -2  -3  -5   0  -1  -4  -1  -4  -3   1  -2   0  -3  -2  -2  -4  -2  -4    0  92   0   0   0   0   1   0   0   0   0   2   0   5   0   0   0   0   1   0  1.25 0.21
  120 I    -2  -4  -4  -4  -2  -4  -4  -4  -3   5   1  -4   1   4  -4  -3  -2   1   0   1    0   0   0   0   0   0   0   0   0  61   6   0   4  26   0   0   0   1   0   2  0.62 0.14
  121 E    -1  -1  -1   0  -4   1   6  -2  -1  -4  -4   0  -3  -4  -2  -1  -2  -4  -3  -3    2   0   0   0   0   1  90   2   0   0   1   1   0   0   0   1   0   0   0   1  1.06 0.20
  122 R    -1   5   0  -2  -4   1   0  -2  -1  -3  -3   4  -2  -4  -2   0  -1  -4  -3  -3    2  40   1   0   0   2   1   0   0   0   0  47   0   0   0   4   2   0   0   0  0.70 0.14
  123 A     2  -3  -3  -3  -1  -3  -3  -3  -3   2   1  -3   0  -2  -3  -1  -1  -3  -2   4   25   0   0   0   0   0   0   0   0  14   8   0   0   0   0   0   1   0   0  51  0.39 0.11
  124 T    -1  -2  -1  -2  -1  -2  -2  -2  -3   2  -1  -2  -1  -3  -2   2   5  -3  -2   0    1   0   0   0   1   0   0   0   0  16   1   0   0   0   0  15  65   0   0   0  0.57 0.15
  125 G    -1  -2  -1  -2  -3  -1  -2   6  -2  -5  -5  -1  -4  -4  -3  -1  -2  -4  -4  -4    0   1   2   0   0   3   1  88   0   0   0   4   0   0   0   1   0   0   0   0  1.23 0.17
  126 Q    -2   1  -1  -1  -2   6   1  -3   2  -4  -3   4  -2  -4  -2  -1  -2  -3  -2  -3    0   2   0   0   1  53   0   0   7   0   0  36   0   0   0   0   0   0   0   0  0.79 0.17
  127 R    -1   2  -1  -1  -4   0   0  -3  -2  -3  -3   4  -2  -4   4  -1   0  -4  -3  -3    1  11   0   1   0   1   0   0   0   0   0  52   0   0  26   1   6   0   0   0  0.71 0.13
  128 P     2  -3  -3  -3  -1  -2  -2  -3  -3  -1  -2  -2  -2  -3   7  -1  -1  -4  -3   1   20   0   0   0   1   0   0   0   0   2   0   0   1   0  57   0   1   0   0  18  1.11 0.15
  129 H    -3  -2  -1  -3  -5  -1  -1  -4  10  -5  -4  -2  -3  -3  -4  -2  -3  -4   0  -5    0   0   0   0   0   0   0   0 100   0   0   0   0   0   0   0   0   0   0   0  2.09 0.29
  130 H    -3   5  -1  -2  -4   0  -1  -3   8  -4  -4   0  -3  -2  -2  -2  -3  -1   0  -4    0  40   0   0   0   2   0   0  54   0   0   0   0   1   1   0   0   1   1   0  1.08 0.20
  131 F    -3  -4  -4  -5  -3  -4  -4  -4  -2  -1   2  -4   0   7  -5  -3  -3   1   2  -1    0   0   0   0   0   0   0   0   0   0  20   0   1  77   0   0   0   1   1   0  1.10 0.18
  132 L    -2  -3  -4  -5  -2  -3  -4  -5  -4   1   5  -3   2   0  -4  -3  -2  -3  -2   0    0   0   0   0   0   0   0   0   0   4  95   0   1   0   0   0   0   0   0   0  0.86 0.17
  133 R    -2   7  -1  -3  -4   0  -1  -3   0  -4  -3   2  -2  -4  -3  -2  -2  -4  -3  -4    0  88   0   0   0   0   0   0   2   0   0   9   0   0   0   0   1   0   0   0  1.20 0.20
  134 R    -3   7  -2  -3  -5   0  -1  -4  -1  -4  -3   1  -3  -4  -3  -2  -2  -4  -3  -4    0 100   0   0   0   0   0   0   0   0   0   0   0   0   0   0   0   0   0   0  1.47 0.24
  135 G    -1  -3  -1  -2  -4  -3  -3   7  -3  -5  -5  -2  -4  -4  -3  -1  -3  -4  -4  -4    0   0   0   0   0   0   0  99   0   0   0   1   0   0   0   0   0   0   0   0  1.52 0.20
  136 I    -2  -4  -4  -4  -2  -4  -4  -5  -4   6   1  -3   1  -1  -4  -3  -1  -4  -2   2    0   0   0   0   0   0   0   0   0  86   1   1   3   1   0   0   1   0   0   8  0.83 0.17
  137 F    -3  -4  -4  -5  -4  -4  -5  -4  -2  -1  -1  -4  -1   8  -5  -4  -3   0   2  -1    0   0   0   0   0   0   0   0   0   1   0   0   0  96   0   0   0   0   0   3  1.50 0.23
  138 F    -3  -4  -4  -5  -4  -5  -5  -4  -2  -1  -1  -4  -1   8  -5  -4  -3   0   2  -2    0   0   0   0   0   0   0   0   0   0   0   0   1  99   0   0   0   0   0   1  1.58 0.24
  139 S     0  -2   0  -1  -2  -1  -1  -1  -2  -4  -4  -1  -3  -4  -2   6   0  -4  -3  -3    0   0   0   0   0   0   0   0   0   0   0   0   0   0   0 100   0   0   0   0  1.02 0.23
  140 H    -3  -1  -1  -2  -4   1  -1  -3  10  -5  -4  -2  -3  -3  -4  -2  -3  -4   0  -5    0   0   0   0   0   5   0   0  95   0   0   0   0   0   0   0   0   0   0   0  1.91 0.28
  141 R    -3   7  -2  -3  -5   0  -1  -4  -1  -4  -3   1  -3  -4  -3  -2  -2  -4  -3  -4    0 100   0   0   0   0   0   0   0   0   0   0   0   0   0   0   0   0   0   0  1.47 0.24
  142 D    -3  -3   0   7  -5  -1   2  -2  -2  -4  -5  -2  -4  -5  -3  -1  -2  -5  -4  -4    0   0   0  92   0   0   6   0   0   0   0   0   0   0   0   0   0   0   0   0  1.41 0.21
  143 M    -2  -3  -3  -4  -3  -2  -3  -4  -3   0   2  -3   8   0  -4  -3  -2  -3  -2   1    0   0   0   0   0   0   0   0   0   0   9   0  82   2   0   0   0   0   0   6  1.10 0.23
  144 N    -2  -1   3   2  -4   0   0  -2   8  -4  -4  -1  -3  -3  -3  -1  -1  -3   1  -4    0   0  21  11   0   1   2   0  58   0   0   1   0   0   0   1   2   0   2   0  0.97 0.17
  145 Q    -1   0   0  -1  -3   6   1  -2   0  -2  -2   1   0  -3  -2   0   1  -3  -2  -2    0   3   1   1   0  57   5   1   2   1   3   3   2   1   0   7  13   0   0   2  0.54 0.14
  146 V    -2  -4  -4  -4  -2  -3  -4  -4  -4   5   1  -3   0  -1  -3  -3  -1  -3  -2   4    0   0   0   0   0   0   0   0   0  58   2   0   0   0   0   0   0   0   0  38  0.67 0.14
  147 L    -2  -3  -4  -5  -2  -3  -4  -5  -4   1   5  -3   1   0  -4  -3  -2  -3  -2   0    0   0   0   0   0   0   0   0   0   0  98   0   0   0   0   0   0   0   0   0  0.88 0.17
  148 D    -2  -2   3   6  -4  -1   0  -2  -1  -4  -4  -1  -3  -4  -2   0   1  -5  -3  -3    1   0  21  60   0   0   1   0   0   0   0   3   0   0   0   2  11   0   0   0  0.82 0.14
  149 A     4   0  -1  -2  -1  -1  -1  -1  -2  -1   1  -1   1  -2  -2   0  -1  -3  -2   0   56   6   3   1   1   2   1   0   1   1  19   1   5   0   0   1   1   0   0   2  0.25 0.10
  150 Y    -2  -2  -3  -4   0  -2  -3  -4   3  -2  -2  -3  -2   2  -4  -3  -2   1   8   0    1   1   0   0   2   0   0   0   7   0   0   0   0   4   0   0   1   0  76   7  1.17 0.20
  151 E    -2  -1  -1   1  -5   1   7  -3  -1  -4  -4   0  -3  -4  -2  -1  -2  -4  -3  -4    0   0   0   1   0   0  96   0   0   0   0   1   0   0   0   1   0   0   0   0  1.25 0.22
  152 N     0   0   4   0  -3   3   1  -2   0  -3  -3   3  -2  -4  -2   0  -1  -3  -2  -3    7   0  30   0   0  25   3   0   0   0   0  27   0   0   0   5   2   0   0   0  0.47 0.11
  153 K    -1   1   2  -1  -4   2   0   3   1  -4  -3   4  -2  -4  -2  -1  -1  -3  -2  -3    0   1  10   0   0   9   1  24   4   0   0  50   0   0   0   0   0   0   0   0  0.50 0.12
  154 K    -2   1  -1  -2  -4   1   0  -3  -2  -4  -3   6  -2  -4  -2  -1  -2  -4  -3  -3    0   1   0   0   0   5   1   0   0   0   0  92   0   0   0   0   0   0   0   0  1.01 0.20
  155 P    -1  -2  -2  -2  -3  -2  -2  -2  -3  -4  -3  -1  -3  -3   7   2  -1  -4  -3  -3    1   1   0   0   0   0   0   1   0   0   0   1   0   1  66  27   0   0   0   0  1.42 0.18
  156 F    -3  -4  -4  -5  -4  -4  -4  -4  -2  -1  -1  -4  -1   8  -5  -4  -3   0   2  -2    0   0   0   0   0   0   0   0   0   0   0   0   0  98   0   0   0   0   0   0  1.55 0.23
  157 Y    -3  -3  -3  -4  -4  -3  -3  -4   0  -2  -2  -3  -2   4  -4  -3  -3   1   8  -2    0   0   0   0   0   0   0   0   0   0   0   0   0  17   0   0   0   0  81   0  1.47 0.22
  158 L    -2  -3  -4  -5  -2  -3  -4  -5  -4   1   5  -3   1   0  -4  -3  -2  -3  -2   0    0   0   0   0   0   0   0   0   0   2  96   0   1   0   0   0   0   0   0   0  0.85 0.17
  159 Y    -3  -3  -3  -4  -4  -3  -3  -4   1  -3  -2  -3  -2   2  -4  -3  -3   1   9  -2    0   0   0   0   0   0   0   0   0   0   0   0   0   2   0   0   0   0  96   0  1.75 0.26
  160 T    -1  -2  -1  -2  -2  -2  -2  -3  -3  -2  -2  -2   0  -3  -2   0   7  -4  -3  -1    0   0   0   0   0   0   0   0   0   0   0   0   2   0   0   0  97   0   0   0  1.07 0.22
  161 G     0  -3  -1  -2  -3  -3  -3   7  -3  -5  -5  -3  -4  -4  -3  -1  -3  -4  -4  -4    2   0   0   0   0   0   0  97   0   0   0   0   0   0   0   0   0   0   0   0  1.46 0.19
  162 R    -3   7  -2  -3  -5   0  -1  -3  -1  -4  -3   1  -2  -4  -3  -2  -2  -4  -3  -4    0  97   0   0   0   0   2   0   0   0   0   0   0   0   0   0   0   0   0   0  1.37 0.22
  163 G    -1  -3  -1  -2  -4  -3  -3   7  -3  -5  -5  -3  -4  -4  -3  -1  -3  -4  -4  -3    0   0   0   0   0   0   0  97   0   0   0   0   0   0   0   0   0   0   0   2  1.47 0.20
  164 P    -2  -3  -3  -3  -4  -3  -2  -3  -4  -4  -3  -2  -4  -5   8  -2  -2  -5  -4  -4    1   0   0   0   0   0   0   0   0   0   2   0   0   0  98   0   0   0   0   0  2.44 0.25
  165 S     0  -2   0  -1  -2  -1  -1  -1  -2  -3  -4  -1  -3  -3  -1   6   0  -4  -3  -3    0   0   0   0   0   0   0   0   0   0   0   0   0   0   2  96   0   0   0   0  0.94 0.21
  166 S     0  -2   0  -1  -2  -1  -1  -1  -1  -3  -3  -1  -2  -3  -2   6   1  -4  -3  -3    1   0   0   0   0   0   0   0   0   0   2   0   0   0   0  93   1   0   0   0  0.86 0.20
  167 E    -1  -1   0   2  -4   2   5  -1   0  -3  -3   0  -2  -4  -2   1   0  -3  -3  -3    1   0   1  10   0  12  55   4   1   0   0   2   0   0   0  10   3   0   0   1  0.58 0.11
  168 A     5  -2  -2  -2  -1  -1  -1  -1  -2  -2  -3  -1  -2  -3  -1   3   0  -3  -3  -1   71   0   0   0   0   0   0   0   0   0   0   0   0   0   2  25   0   0   0   0  0.61 0.15
  169 M    -2  -3  -3  -4   0  -2  -3  -4  -3   0   2  -3   9  -1  -4  -3  -2  -3  -2   0    0   0   0   0   2   0   0   0   0   2   7   0  87   0   0   0   0   0   0   0  1.22 0.25
  170 H    -3  -2  -1  -2  -4  -1  -1  -3  10  -4  -4  -2  -3  -3  -3  -2  -2  -4   0  -4    0   0   0   0   0   0   0   0  96   0   0   0   0   0   0   0   2   0   0   0  1.92 0.27
  171 V    -1  -3  -4  -4  -1  -3  -3  -4  -3   2   3  -3   3  -1  -3  -3  -1  -3  -2   4    0   0   0   0   1   0   0   0   0   4  33   0   9   0   0   0   0   0   0  51  0.47 0.11
  172 G    -1  -3  -1  -2  -3  -3  -3   6  -3  -4  -4  -2  -3  -4  -3  -1  -2  -3  -4  -3    0   0   0   0   0   0   0  94   0   0   0   0   0   0   0   0   0   0   0   2  1.38 0.18
  173 H    -3  -2  -1  -2  -4  -1  -1  -3  10  -5  -4  -2  -3  -3  -3  -2  -2  -4   0  -4    0   0   0   0   0   0   0   0  96   0   0   0   0   0   0   0   2   0   0   0  1.93 0.28
  174 L    -2  -2  -4  -4  -2  -3  -4  -4  -4   1   5  -3   2   0  -4  -2  -2  -3  -2   0    0   2   0   0   0   0   0   0   0   1  92   0   2   0   0   2   0   0   0   1  0.75 0.15
  175 I    -2  -2  -4  -4  -2  -3  -4  -4  -4   6   1  -3   0  -1  -4  -2  -2  -4  -2   2    0   2   0   0   0   0   0   0   0  87   1   0   0   0   0   2   0   0   0   7  0.79 0.17
  176 P    -2  -3  -3  -3  -4  -2  -2  -3  -3  -4  -4  -2  -4  -5   8  -2  -2  -5  -4  -4    0   0   0   0   0   0   0   0   0   0   0   0   0   0  97   1   0   0   0   0  2.41 0.25
  177 F    -3  -4  -4  -4  -3  -4  -4  -4  -2  -1   0  -4  -1   8  -4  -3  -3   0   2  -2    0   0   0   0   0   0   0   0   0   0   2   0   0  94   0   0   0   0   0   0  1.42 0.22
  178 I    -2  -3  -3  -3  -2  -1  -3  -4  -3   5   1  -3   4  -1  -3  -2  -1  -3  -2   2    0   0   0   0   0   2   0   0   0  62   5   0  15   1   0   2   2   0   0   9  0.50 0.12
  179 F    -3  -3  -4  -4  -2  -4  -4  -4  -2   0   0  -4   1   7  -4  -2  -3   0   2  -1    0   0   0   0   0   0   0   0   0   3   5   0   4  82   0   2   0   0   0   1  1.07 0.18
  180 T    -1  -2  -1  -2   5  -2  -2  -3  -3  -2  -2  -2  -2  -3  -2   1   6  -3  -3  -1    0   0   0   0  15   0   0   0   0   0   0   0   0   0   0   2  80   0   0   0  0.89 0.19
  181 K    -2   1   0  -2  -4   0   0  -3  -2  -4  -3   6  -2  -4  -2  -1  -1  -4  -3  -3    0   1   3   0   0   0   2   0   0   0   0  90   0   0   0   0   2   0   0   0  0.95 0.19
  182 W    -4  -4  -5  -5  -4  -3  -4  -4  -4  -4  -3  -4  -3   1  -1  -4  -4  12   1  -4    0   0   0   0   0   0   0   0   0   0   0   0   0   5   3   0   0  89   2   0  2.99 0.30
  183 L    -2  -3  -4  -4  -2  -3  -4  -4  -4   1   5  -3   1   1  -4  -3  -2  -2  -1   0    0   0   0   0   0   0   0   0   0   2  91   0   0   5   0   0   0   0   0   1  0.78 0.16
  184 Q    -2   0  -1  -2  -4   7   1  -3  -1  -4  -2   0  -1  -4  -1  -1  -2  -3  -3  -3    0   0   0   0   0  91   0   0   0   0   5   0   0   0   3   0   0   0   0   0  1.19 0.24
  185 D    -2  -2   0   6   0   0   4  -2  -2  -4  -4  -1  -4  -4  -2  -1  -2  -5  -4  -4    2   0   0  65   3   0  28   0   0   0   0   0   0   0   0   0   0   0   0   0  0.99 0.16
  186 V     0  -3  -3  -3  -2  -2  -3  -3  -3   1   0  -3   0  -2  -3  -1   3  -3  -2   5    5   0   0   0   0   0   0   0   0   2   1   0   0   0   0   0  23   0   0  68  0.50 0.14
  187 F    -3  -4  -4  -5  -3  -4  -4  -4  -2  -1   0  -4  -1   8  -5  -4  -3   0   2  -2    0   0   0   0   0   0   0   0   0   0   3   0   0  95   0   0   0   0   0   0  1.47 0.22
  188 N    -2  -2   4   6  -4  -1   0  -1  -1  -4  -4  -1  -4  -4  -2   0  -1  -5  -4  -4    0   0  28  65   0   0   0   1   1   0   0   0   0   0   0   3   0   0   0   0  1.01 0.16
  189 V    -1  -3  -4  -4  -1  -3  -3  -4  -4   3   0  -3   0  -2  -1  -3  -1  -4  -2   5    1   0   0   0   1   0   0   0   0  21   0   0   0   0   3   0   0   0   0  74  0.64 0.15
  190 P    -2  -3  -3  -3  -4  -2  -2  -3  -3  -4  -4  -2  -4  -5   8  -2  -2  -5  -4  -2    0   0   0   0   0   0   0   0   0   0   0   0   0   0  95   0   0   0   0   3  2.34 0.24
  191 L    -2  -3  -4  -4  -2  -2  -4  -4  -4   1   5  -3   1   0  -4  -3  -2  -3  -2   1    1   0   0   0   0   1   0   0   0   1  93   0   0   0   0   0   0   0   0   4  0.78 0.16
  192 V    -1  -3  -4  -4  -2  -3  -3  -4  -4   2   0  -3   0  -2  -3  -2  -1  -4  -2   6    0   0   0   0   0   0   0   0   0   4   0   0   0   0   0   3   0   0   0  92  0.78 0.18
  193 I    -2  -4  -4  -4  -2  -4  -4  -5  -4   6   1  -4   0  -1  -4  -3  -2  -4  -2   2    0   0   0   0   0   0   0   0   0  86   3   0   0   0   0   0   0   0   0   9  0.84 0.17
  194 Q    -2   1  -1  -2  -4   8   1  -3  -1  -4  -3   0  -2  -4  -3  -1  -2  -3  -3  -3    0   3   0   0   0  95   0   0   0   0   0   0   0   0   0   0   0   0   0   0  1.36 0.25
  195 M    -2  -3  -4  -4  -2  -2  -4  -4  -3   1   4  -3   6  -1  -4  -3  -2  -3  -2   0    0   0   0   0   0   0   0   0   0   3  63   0  34   0   0   0   0   0   0   0  0.75 0.16
  196 T    -1  -2  -1  -2  -2  -2  -2  -3  -3  -2  -2  -2  -2  -1  -2   1   6  -3  -2  -1    0   0   0   0   0   0   0   0   0   0   0   0   0   3   0   3  94   0   0   0  1.03 0.22
  197 D    -3  -3   0   7  -5  -1   0  -1  -2  -4  -5  -2  -4  -5  -3  -1  -2  -6  -4  -4    0   0   0  97   0   0   0   3   0   0   0   0   0   0   0   0   0   0   0   0  1.52 0.22
  198 D    -3  -3   0   7  -5  -1   0  -3  -2  -4  -5  -2  -4  -5  -1  -1  -2  -6  -4  -4    0   0   0  97   0   0   0   0   0   0   0   0   0   0   3   0   0   0   0   0  1.52 0.22
  199 E    -2  -1  -1   0  -5   1   6  -3  -1  -4  -3   0  -3  -4  -2  -1  -2  -4  -3  -3    0   0   0   0   0   0  95   0   0   0   3   2   0   0   0   0   0   0   0   0  1.20 0.22
  200 K    -2   1  -1  -2  -4   0   0  -3  -2  -4  -4   7  -3  -4  -2  -1  -2  -4  -3  -4    0   0   0   0   0   0   0   0   0   0   0 100   0   0   0   0   0   0   0   0  1.17 0.23
  201 Y    -1  -3  -3  -4   0  -3  -3  -3   0  -2  -1  -3  -2   5  -4  -2  -1   1   7  -2    5   0   0   0   3   0   0   0   0   0   0   0   0  26   0   2   4   0  58   0  0.92 0.16
  202 L    -2  -3  -4  -4  -2  -3  -4  -4  -4   2   5  -3   2   0  -4  -3  -2  -2  -2   0    0   0   0   0   0   0   0   0   0   6  89   0   2   1   0   0   0   0   0   0  0.75 0.15
  203 W    -4  -4  -5  -6  -4  -3  -4  -4  -4  -4  -3  -4  -3  -1  -5  -4  -4  12   1  -4    0   0   0   0   0   0   0   0   0   0   0   0   0   0   0   0   0  97   0   0  3.37 0.33
  204 K    -2   2  -1  -2  -4   0   0  -3  -2  -4  -3   6  -2  -4  -2  -1  -2  -4  -3  -3    0   4   0   0   0   0   0   0   0   0   0  94   0   0   0   0   0   0   0   0  1.04 0.20
  205 D    -3  -2   2   7  -4  -1   1  -2  -2  -4  -4  -2  -4  -4  -2  -1  -2  -5  -4  -4    0   0   8  87   0   0   1   1   0   1   0   0   0   0   0   1   0   0   0   0  1.29 0.19
  206 L    -2  -3  -4  -4  -2  -3  -3  -4  -3   2   4  -3   3   0  -3  -3  -2  -2  -2   1    0   0   0   0   0   0   0   0   0  13  74   0   8   1   0   0   0   0   0   1  0.62 0.13
  207 T    -1  -1  -1  -1  -2   0  -1  -2  -1  -2  -2   2  -2  -3  -2   2   5  -3  -2  -1    1   0   0   2   0   1   1   1   1   0   0  17   0   0   0  13  61   0   0   0  0.53 0.14
  208 L    -1  -3  -3  -4  -2  -2  -3  -4  -3   3   3  -3   2   0  -2  -2  -1  -2  -2   2    3   0   0   0   0   2   0   0   0  23  49   0   4   1   1   0   2   0   0  13  0.37 0.08
  209 D    -2  -1  -1   3  -4   1   6  -3  -1  -4  -4   0  -2  -4  -2  -1  -2  -4  -3  -3    0   0   0  19   0   0  78   0   0   0   0   1   1   0   0   0   0   0   0   0  1.00 0.18
  210 Q    -2   0   0   3  -4   3   4  -2  -1  -3  -3   2  -2  -4  -2  -1  -1  -3  -3  -3    0   0   0  21   0  21  41   0   0   0   0  11   0   0   0   1   2   0   0   1  0.62 0.12
  211 A     4  -2  -2  -3   6  -2  -2  -1  -3  -2  -2  -2  -2  -3  -2   0   0  -3  -3   0   57   0   0   0  26   0   0   1   0   0   1   0   0   0   0   2   6   0   0   5  0.59 0.13
  212 Y    -2   0   3  -1  -2   1  -1  -3   6  -1  -2   0  -1  -1  -3  -1  -1  -2   4  -2    0   5  18   0   1   7   1   0  35   8   2   3   0   0   0   0   1   0  18   0  0.48 0.12
  213 S    -1   4  -1  -1  -4   2   1   1   1  -3  -3   3  -2  -2  -2   0  -1  -3  -2  -3    0  37   0   0   0   7  11  11   5   0   0  23   0   2   0   3   0   0   1   0  0.44 0.09
  214 Y    -2  -3  -3  -4  -2  -3  -3  -4  -1   0   2  -3   2   4  -4  -3  -2   0   5   0    1   0   0   0   0   0   0   0   0   1  32   0   8  22   0   0   0   0  33   2  0.58 0.12
  215 A     5  -2  -2  -2  -1  -2  -2  -1  -2  -2  -2  -2  -2  -3  -2   1   1  -3  -3   0   82   0   0   0   0   0   0   1   0   0   0   0   0   0   0   5   8   0   0   3  0.64 0.15
  216 V    -1   0  -3  -3  -2  -2  -2  -4   1   2   0  -1   0   1  -3  -2  -1  -1   4   3    0   8   0   0   0   0   0   0   4   8   5   2   1   5   0   1   1   0  22  42  0.29 0.09
  217 E    -1   0   0   1  -4   1   6  -3  -1  -4  -4   0  -3  -4  -2  -1  -2  -4  -3  -3    3   3   2   1   0   1  89   0   0   0   0   0   0   0   0   0   0   0   0   0  1.08 0.19
  218 N    -3  -1   7   0  -4  -1  -1  -1   0  -4  -4  -1  -3  -4  -3   0  -1  -5  -3  -4    0   0  96   0   0   0   0   0   0   0   0   0   0   0   0   0   0   0   0   0  1.37 0.22
  219 A     5  -2  -2  -3  -1  -2  -2  -1  -3  -1  -2  -2  -1  -3  -2   0   0  -3  -3   0   84   0   0   0   0   0   0   0   0   3   0   0   1   0   0   2   2   0   0   6  0.64 0.16
  220 K    -2   2  -1  -2  -4   0   0  -3  -2  -4  -2   6  -2  -4  -2  -1  -2  -4  -3  -3    0   7   0   0   0   0   0   0   0   0   3  90   0   0   0   0   0   0   0   0  0.98 0.20
  221 D    -3  -3   0   7  -5  -1   1  -3  -2  -4  -5  -2  -4  -5  -3  -1  -2  -6  -4  -4    0   0   0  99   0   0   1   0   0   0   0   0   0   0   0   0   0   0   0   0  1.58 0.23
  222 I    -2  -4  -4  -4  -2  -4  -4  -5  -4   6   1  -4   0   1  -4  -3  -2  -3  -2   2    0   0   0   0   0   0   0   0   0  95   0   0   0   5   0   0   0   0   0   0  0.96 0.20
  223 I    -2  -4  -4  -4  -2  -4  -4  -5  -4   6   1  -4   0   1  -4  -3  -2  -3  -2   2    0   0   0   0   0   0   0   0   0  93   0   0   0   5   0   0   0   0   0   2  0.93 0.19
  224 A     6  -2  -3  -3  -1  -2  -2  -1  -3  -2  -3  -2  -2  -3  -2   1  -1  -4  -3  -1   97   0   0   0   0   0   0   0   0   0   0   0   0   0   0   3   0   0   0   0  0.89 0.20
  225 C    -2  -4  -4  -5  10  -4  -5  -4  -4   0   0  -4  -1  -2  -4  -2  -2  -3  -1   0    0   0   0   0  77   0   0   0   0   6  10   0   1   1   0   0   0   0   2   3  1.59 0.22
  226 G    -1  -3  -1  -2  -4  -3  -3   7  -3  -5  -5  -3  -4  -4  -3  -1  -3  -4  -4  -4    0   0   0   0   0   0   0  98   0   0   0   0   0   0   0   0   0   0   0   0  1.51 0.20
  227 F    -3  -4  -4  -5  -4  -4  -4  -4  -2  -1   0  -4  -1   8  -5  -4  -3   0   2  -2    0   0   0   0   0   0   0   0   0   0   1   0   0  97   0   0   0   0   1   0  1.52 0.23
  228 D    -3  -2   1   7  -4  -1   1  -2  -2  -4  -5  -1  -4  -5  -3  -1  -2  -5  -4  -4    0   0   5  92   0   0   0   0   0   0   0   1   0   0   0   1   0   0   0   0  1.39 0.21
  229 I    -1  -3  -3  -3  -2  -2  -3  -3  -3   3   1  -1   1  -1   2  -2  -1  -3  -2   4    0   0   0   0   0   1   1   1   0  28   4   3   3   0  11   1   0   0   0  47  0.40 0.10
  230 N    -2  -1   6   2  -4   0   2  -2  -1  -4  -4   0  -3  -4  -2   0   0  -4  -3  -3    1   0  58   9   0   0  21   0   0   0   0   4   0   0   0   3   2   0   0   0  0.73 0.14
  231 K    -2   1   0  -2  -4   0   0  -3  -2  -4  -4   6  -2  -4  -2  -1  -2  -4  -3  -3    0   2   3   0   0   0   0   0   0   0   0  94   0   0   0   0   0   0   0   0  1.03 0.20
  232 T    -1  -2  -1  -2  -2  -2  -2  -3  -3  -2  -2  -2  -2  -3  -2   0   7  -4  -3  -1    0   0   0   0   0   0   0   0   0   0   0   0   0   0   0   0  98   0   0   0  1.11 0.23
  233 F    -3  -4  -4  -5  -4  -4  -4  -4  -2  -1  -1  -4  -1   8  -5  -4  -3   0   2  -2    0   0   0   0   0   0   0   0   0   0   1   0   0  98   0   0   0   0   0   0  1.54 0.23
  234 I    -2  -4  -4  -4  -2  -4  -4  -5  -4   6   1  -4   1  -1  -4  -3  -2  -4  -2   2    0   0   0   0   0   0   0   0   0  95   1   0   1   0   0   0   0   0   0   1  0.95 0.19
  235 F    -3  -4  -4  -5  -4  -4  -4  -4  -2  -1  -1  -4  -1   8  -5  -4  -3   0   2  -2    0   0   0   0   0   0   0   0   0   0   0   0   0  98   0   0   0   0   0   0  1.56 0.23
  236 S     0  -2   0  -1   1  -1  -1  -1  -2  -3  -3  -1  -2  -3  -2   6   1  -4  -3  -3    2   0   1   0   3   0   0   0   0   0   0   1   0   0   0  91   1   0   0   0  0.85 0.20
  237 D    -3  -2   2   7  -4  -1   0  -2  -2  -4  -5  -2  -4  -5  -3  -1  -2  -5  -4  -4    0   0  10  88   0   0   0   0   0   0   0   0   0   0   0   0   0   0   0   0  1.34 0.20
  238 L    -2  -3  -4  -4  -2  -3  -4  -4  -3   1   4  -3   2   4  -4  -3  -2  -2   0   0    0   0   0   0   0   0   0   0   0   2  68   0   3  21   0   1   1   0   1   2  0.58 0.12
  239 D    -2  -2   1   6  -4   0   3  -2  -1  -4  -4  -1  -3  -4  -2  -1   0  -4  -3  -4    1   0   4  65   0   3  18   1   1   0   0   1   0   0   0   1   5   0   0   0  0.89 0.14
  240 Y    -3  -3  -3  -4  -4  -3  -3  -4   3  -2  -2  -3  -2   4  -4  -3  -3   1   8  -2    0   0   0   0   0   0   0   0   6   0   0   0   0  14   0   0   0   0  78   0  1.37 0.21
  241 M    -2  -3  -3  -4  -2  -2  -3  -4  -3   3   2  -3   6  -1  -3  -3  -1  -3  -2   1    0   0   0   0   0   0   0   0   0  30  14   0  47   1   0   0   3   0   0   5  0.61 0.15
  242 G     0  -3  -1  -2  -3  -3  -3   6  -3  -5  -4  -2  -4  -4  -3   0  -2  -3  -4  -4    2   0   0   0   0   0   0  92   0   0   0   0   0   0   0   3   1   0   0   0  1.33 0.18
  243 M     1   0   1  -1  -1   3   0  -1  -1  -2  -2   0   2  -3  -2   2   1  -3  -2  -2   10   2   7   0   1  28   2   2   0   0   1   1  11   0   0  23  11   0   0   0  0.28 0.09
  244 S     0  -1   1  -2   6  -1  -1  -2  -2  -3  -3  -1  -2  -3  -2   4   0  -3  -3  -2    1   2   6   0  26   0   1   0   0   1   0   0   0   0   0  59   2   0   0   0  0.66 0.15
  245 S     0  -1  -2  -2  -3  -2  -2  -2  -3  -3  -3  -1  -3  -4   7   0   1  -4  -3  -3    6   3   0   0   0   0   0   1   0   0   1   2   0   0  71   6   9   0   0   1  1.48 0.17
  246 G     1  -1   0   1  -3   1   3   3  -1  -3  -3   0  -2  -4  -1   0  -1  -3  -3  -3   16   0   3   6   0   4  34  29   0   0   0   1   0   0   1   4   1   0   0   0  0.41 0.08
  247 F    -4  -4  -4  -5  -4  -5  -5  -4  -2  -1  -1  -4  -1   8  -5  -4  -3   0   2  -2    0   0   0   0   0   0   0   0   0   0   0   0   0  99   0   0   0   0   1   0  1.60 0.24
  248 Y    -3  -3  -3  -5  -4  -3  -3  -5   1  -3  -2  -3  -2   2  -4  -3  -3   1   9  -3    0   0   0   0   0   0   0   0   1   0   0   0   0   0   0   0   0   0  99   0  1.83 0.27
  249 K    -2   5  -1  -2  -4   3   0  -3  -1  -4  -3   4  -1  -4  -2  -1  -2  -2  -2  -3    1  45   0   0   0  19   1   0   1   0   0  31   2   0   0   0   0   0   0   0  0.71 0.14
  250 N    -3  -2   7   0  -4  -1  -1  -2  -1  -4  -4  -1  -2  -4  -3   0   0  -5  -3  -4    0   0  94   0   0   0   0   0   0   0   1   0   1   0   0   0   5   0   0   0  1.33 0.23
  251 V    -1  -3  -4  -4  -2  -3  -3  -4  -4   3   1  -3   5  -1  -3  -3  -1  -3  -2   4    0   0   0   0   0   0   0   0   0  21   1   0  27   0   0   0   0   0   0  52  0.60 0.15
  252 V    -1  -3  -4  -4   3  -3  -3  -4  -4   3   1  -3   0  -2  -3  -2  -1  -4  -2   5    1   0   0   0   9   0   0   0   0  14   6   1   0   0   0   0   0   0   0  68  0.56 0.13
  253 K    -2   5  -1  -2  -4   1   0  -3  -1  -4  -3   5  -2  -4  -2  -1  -2  -4  -3  -3    0  35   0   0   0   3   1   0   0   0   0  62   0   0   0   0   0   0   0   0  0.87 0.16
  254 I    -2  -4  -4  -4  -2  -4  -4  -5  -4   6   1  -4   0  -1  -4  -3  -1  -4  -2   3    0   0   0   0   0   0   0   0   0  74   0   0   0   1   0   0   0   0   0  25  0.77 0.16
  255 Q    -2   0  -1  -1  -4   7   1  -3   0  -4  -4   0  -2  -5  -3  -1  -2  -3  -3  -4    0   1   0   0   0  93   4   1   1   0   0   0   0   0   0   1   0   0   0   0  1.31 0.25
  256 K    -2   3  -1  -2  -4   0   0  -3  -2  -4  -4   6  -2  -4  -2  -1  -2  -4  -3  -3    0   9   0   0   0   0   0   0   0   0   0  91   0   0   0   0   0   0   0   0  1.04 0.20
  257 H    -2  -2  -1  -3   6  -1  -2  -3   8  -3  -2  -2  -2  -3  -3   0  -2  -3   0  -3    1   1   1   0  26   0   0   1  58   0   4   0   0   0   0   8   0   0   0   0  1.06 0.20
  258 V    -1  -4  -4  -4   1  -3  -4  -4  -4   2   0  -3   0  -2  -4  -3  -1  -4  -2   6    0   0   0   0   3   0   0   0   0   1   0   0   0   0   0   0   0   0   0  96  0.88 0.20
  259 T    -1  -2  -1  -2  -2  -2  -2  -3  -3  -2  -2  -2  -2   0  -2   1   6  -3  -2  -1    0   0   1   0   0   0   0   0   0   0   0   0   0   5   0   3  91   0   0   0  0.95 0.21
  260 F    -3  -4  -4  -5  -3  -4  -4  -4  -2   0  -1  -4  -1   8  -5  -4  -3   0   3  -1    0   0   0   0   0   0   0   0   0   3   0   0   0  89   0   0   0   0   6   2  1.36 0.21
  261 N    -3  -2   8   0  -4  -1  -1  -2  -1  -2  -4  -1  -3  -4  -3  -1  -1  -5  -3  -4    0   0  97   0   0   0   0   0   0   3   0   0   0   0   0   0   0   0   0   0  1.41 0.24
  262 Q    -2   1  -1  -2  -4   8   1  -3  -1  -4  -4   0  -2  -5  -3  -1  -2  -3  -3  -4    0   3   0   0   0  97   0   0   0   0   0   0   0   0   0   0   0   0   0   0  1.41 0.26
  263 V    -1  -4  -4  -4  -2  -3  -3  -4  -4   2   0  -3   0  -2  -3  -3  -1  -4  -2   6    3   0   0   0   0   0   0   0   0   2   3   0   0   0   0   0   0   0   0  92  0.81 0.18
  264 K    -2   2  -1  -2  -4   0   0  -3  -2  -4  -4   7  -3  -4  -2  -1  -2  -4  -3  -3    0   2   0   0   0   0   0   0   0   0   0  98   0   0   0   0   0   0   0   0  1.13 0.22
  265 G    -1  -3  -1  -2  -4  -3  -3   7  -3  -5  -5  -3  -4  -4  -3  -1  -3  -4  -4  -4    0   0   1   0   0   0   0  98   0   0   0   0   0   0   0   1   0   0   0   0  1.51 0.20
  266 I    -2  -4  -3  -4  -1  -4  -4  -5  -4   6   1  -4   0  -1  -4  -2  -2  -4  -2   2    0   0   1   0   1   0   0   0   0  96   0   0   0   0   0   3   0   0   0   0  0.93 0.20
  267 F    -3  -4  -4  -5  -4  -4  -5  -4  -2  -1   0  -4  -1   8  -5  -4  -3   0   2  -2    0   0   0   0   0   0   0   0   0   0   3   0   0  97   0   0   0   0   0   0  1.53 0.23
  268 G     0  -3  -1  -2  -4  -3  -3   7  -3  -5  -5  -3  -4  -4  -3  -1  -3  -4  -4  -4    3   0   0   0   0   0   0  97   0   0   0   0   0   0   0   0   0   0   0   0  1.49 0.20
  269 F    -3  -4  -4  -5  -4  -4  -5  -4  -2  -1   0  -4  -1   8  -5  -4  -3   0   2  -2    0   0   0   0   0   0   0   0   0   0   3   0   0  97   0   0   0   0   0   0  1.53 0.23
  270 T    -1  -2   0   1  -2   0  -1   3  -2  -2  -3  -2  -2  -3  -2   1   4  -3  -3  -2    0   0   1   8   0   3   0  32   0   0   0   0   0   0   0   5  50   0   0   1  0.53 0.13
  271 D    -3  -3   1   7  -5  -1   1  -2  -2  -4  -5  -2  -4  -5  -3  -1  -1  -5  -4  -4    0   0   3  88   0   0   6   1   0   0   0   0   0   0   0   0   3   0   0   0  1.30 0.20
  272 S     0  -2   0  -1  -2  -1  -1  -1  -2  -3  -3  -1  -2  -3  -2   6   1  -4  -3  -2    1   0   0   0   0   0   0   1   0   0   0   0   0   0   0  94   1   0   0   3  0.89 0.21
  273 D    -2  -3   0   7  -4  -1   0  -2  -2  -4  -4  -2  -4  -4  -2   0   1  -5  -4  -3    0   0   0  87   0   0   0   0   0   0   0   0   0   0   0   3   9   0   0   1  1.23 0.20
  274 C     0  -4  -2  -3   9  -3  -3  -3  -2  -1  -2  -3  -2  -3   1   1  -1  -4  -3   0    4   0   2   0  63   0   0   0   1   2   0   0   0   0   7  13   0   0   0  10  1.12 0.18
  275 I    -2  -4  -4  -4  -2  -4  -4  -5  -4   6   1  -4   0  -1  -4  -3  -2  -4  -2   2    0   0   0   0   0   0   0   0   0  95   3   0   0   0   0   0   0   0   0   2  0.98 0.20
  276 G     0  -2  -1  -2  -4  -3  -2   6  -3  -5  -5  -2  -4  -4  -3  -1  -3  -4  -4  -4    3   1   0   0   0   0   3  93   0   0   0   0   0   0   0   0   0   0   0   0  1.36 0.19
  277 K    -2   1  -1  -2  -4   0   0  -3  -2  -4  -4   7  -3  -4  -2  -1  -2  -4  -3  -4    0   0   0   0   0   0   0   0   0   0   0 100   0   0   0   0   0   0   0   0  1.17 0.23
  278 I    -1  -4  -4  -4  -2  -4  -4  -5  -4   6   1  -4   0  -1  -4  -3  -2  -4  -2   2    3   0   0   0   0   0   0   0   0  92   0   0   0   0   0   1   0   0   0   4  0.90 0.19
  279 S     2  -2   0  -1  -1  -1  -1   0  -2  -3  -3  -1  -1  -3  -2   5   0  -4  -3  -2   21   0   1   0   1   0   0   3   0   0   0   0   1   0   0  73   0   0   0   0  0.65 0.16
  280 F    -3  -2  -4  -5  -4  -4  -4  -4  -2  -1  -1  -4  -1   8  -5  -3  -3   0   2  -2    0   3   0   0   0   0   0   0   0   0   0   0   0  95   0   0   0   0   0   0  1.45 0.22
  281 P    -2  -3  -3  -3  -4  -3  -2  -3  -3  -4  -4  -2  -4  -5   8  -2  -2  -5  -4  -4    0   0   0   0   0   0   0   0   0   0   0   0   0   0  99   0   0   0   0   0  2.50 0.25
  282 A     5  -2  -2  -3  -1  -2  -2  -1  -3  -2  -3  -2  -2  -3   1   1  -1  -4  -3  -1   86   0   0   0   0   0   0   0   0   0   0   0   0   0   6   8   0   0   0   0  0.74 0.17
  283 I    -2  -3  -4  -4  -2  -3  -3  -4  -4   5   1  -2   0  -1  -3  -2   1  -4  -2   3    0   0   0   0   0   0   0   0   0  72   0   3   0   1   1   0   8   0   0  16  0.61 0.15
  284 Q    -2   0  -1  -2  -4   8   1  -3  -1  -4  -4   0  -2  -5  -3  -1  -2  -3  -3  -4    1   0   0   0   0  99   0   0   0   0   0   0   0   0   0   0   0   0   0   0  1.46 0.27
  285 A     6  -2  -2  -3  -1  -2  -2  -1   0  -2  -3  -2  -2  -3  -2   0  -1  -4  -3  -1   96   0   0   0   0   0   0   0   3   0   0   0   0   0   0   0   1   0   0   0  0.86 0.19
  286 A     5  -2  -2  -3  -1  -2  -2  -1   0  -2  -2  -2  -2  -3  -2   0   1  -4  -3  -1   86   0   0   0   0   0   0   0   3   0   1   0   0   0   0   1   8   0   0   1  0.68 0.17
  287 P    -2  -3  -3  -3  -4  -3  -2  -3  -3  -4  -4  -2  -4  -5   8  -2  -2  -5  -4  -4    0   0   0   0   0   0   0   0   0   0   0   0   0   0  97   0   1   0   0   0  2.41 0.25
  288 S     2  -2  -1  -2   2  -1  -1  -1  -2  -3  -2  -1  -2  -3  -1   5   1  -4  -3  -2   15   0   0   0   6   0   0   0   0   0   3   0   0   0   1  72   2   0   0   0  0.59 0.16
  289 F    -2  -4  -4  -4  -3  -4  -4  -3  -2   0   1  -4  -1   7  -4  -3  -3   0   2  -1    3   0   0   0   0   0   0   1   0   4  10   0   0  79   0   1   0   0   0   1  1.01 0.18
  290 S     0  -1   0  -1   0  -1  -1  -1  -2  -3  -3  -1  -2  -2  -2   6   1  -4  -3  -3    0   1   0   0   2   0   0   0   0   0   1   0   0   1   0  91   3   0   0   0  0.83 0.20
  291 N     0  -2   4   0   0  -1  -1   0  -1  -3  -3  -1  -2  -3   0   3   2  -4  -3  -2    1   0  34   0   2   0   0   3   0   0   1   0   0   0   3  41  14   0   0   0  0.51 0.13
  292 S     0  -2   0  -1  -2  -1  -1  -1  -2  -3  -3  -1  -2  -3  -2   6   1  -4  -3  -3    2   0   0   0   0   0   0   1   0   0   0   0   1   0   0  90   5   0   0   0  0.84 0.20
  293 F    -3  -4  -4  -5  -4  -4  -4  -4  -2  -1   0  -4  -1   8  -5  -3  -3   0   2  -2    0   0   0   0   0   0   0   0   0   0   3   0   0  95   0   1   0   0   0   0  1.45 0.23
  294 P    -2  -3  -3  -3  -4  -2  -2  -3  -3  -4  -4  -2  -4  -3   8  -2  -2  -5  -4  -3    0   0   0   0   0   0   0   0   0   0   0   0   0   1  94   0   0   0   0   0  2.29 0.24
  295 Q    -2   0  -1   0  -4   5   1  -3   3  -3  -2   0  -1   3  -2  -1  -2  -2   0  -3    1   3   0   5   0  50   3   0  11   0   2   1   0  19   1   2   0   0   0   0  0.49 0.14
  296 I    -2  -4  -4  -4  -2  -4  -4  -5  -4   6   1  -4   0   1  -4  -3  -2  -3  -2   2    0   0   0   0   0   0   0   0   0  93   1   0   0   4   0   0   0   0   0   1  0.93 0.20
  297 F    -3  -4  -4  -5  -4  -4  -4  -4  -2  -1   0  -4  -1   8  -5  -4  -3   0   2  -2    0   0   0   0   0   0   0   0   0   1   3   0   0  95   0   0   0   0   0   0  1.46 0.23
  298 R    -1   1   3   0  -3   0  -1   4  -1  -3  -3   2  -2  -2  -2   0  -1  -3  -3  -2    1   8  24   2   0   3   1  36   0   0   0  18   0   1   0   1   0   0   0   3  0.42 0.09
  299 D    -1  -2   2   4  -3  -1   1   4  -2  -4  -4  -1  -3  -4  -2   0  -1  -4  -3  -3    2   0  12  31   0   0   6  41   0   0   0   0   0   0   0   5   2   0   0   0  0.61 0.10
  300 R    -1   5  -1  -2  -4   1   0  -3  -1  -3  -3   4  -2  -4  -2  -1  -1  -2  -2  -3    5  46   1   0   0   2   3   0   1   0   0  38   0   0   0   0   1   0   0   1  0.68 0.13
  301 T     0   1  -1   0  -3   1   1  -2  -1  -3  -3   4  -2  -4  -2   0   2  -4  -2  -2    9   1   1   3   0   4   8   0   1   0   0  52   0   0   0   4  18   0   0   0  0.42 0.11
  302 D    -2  -1   3   5  -3  -1   1  -1  -1  -3  -3   0  -3  -3  -2  -1   0  -3  -3  -3    1   2  16  56   0   1   3   2   0   1   1   6   0   1   1   1   4   0   0   1  0.62 0.10
  303 I    -2  -4  -4  -4  -2  -3  -4  -4  -4   5   2  -3   0  -1  -3  -3  -1  -3  -1   4    0   0   0   0   0   0   0   0   0  52  10   0   0   0   0   0   0   0   1  36  0.60 0.13
  304 Q    -2  -1  -1  -2  -4   6   0  -3   2  -4  -3   0  -2  -4   5  -1  -2  -4  -3  -3    1   0   2   0   0  54   0   0   5   0   0   0   0   0  37   0   0   0   0   0  1.07 0.19
  305 C    -1  -5  -4  -5  11  -4  -5  -4  -5  -3  -3  -5  -3  -4  -4  -2  -2  -4  -4  -2    1   0   0   0  99   0   0   0   0   0   0   0   0   0   0   0   0   0   0   0  2.43 0.29
  306 L    -2  -3  -4  -5  -2  -3  -4  -5  -4   1   5  -4   1   0  -4  -3  -2  -3  -2   0    0   0   0   0   0   0   0   0   0   0  98   0   0   1   0   0   0   0   0   1  0.90 0.18
  307 I    -2  -4  -4  -4  -2  -4  -4  -5  -5   7   1  -4   0  -1  -4  -4  -2  -4  -2   2    0   0   0   0   0   0   0   0   0 100   0   0   0   0   0   0   0   0   0   0  1.06 0.21
  308 P    -2  -3  -3  -3  -4  -3  -2  -4  -4  -4  -4  -2  -4  -5   8  -2  -2  -5  -4  -4    0   0   0   0   0   0   0   0   0   0   0   0   0   0 100   0   0   0   0   0  2.55 0.26
  309 C    -2  -5  -4  -5  11  -4  -5  -4  -5  -3  -3  -5  -3  -4  -4  -2  -2  -4  -4  -2    0   0   0   0 100   0   0   0   0   0   0   0   0   0   0   0   0   0   0   0  2.49 0.30
  310 A     6  -3  -3  -3  -1  -2  -2   0  -3  -2  -3  -2  -2  -3  -2   0  -1  -4  -3  -1   97   0   0   0   0   0   0   3   0   0   0   0   0   0   0   0   0   0   0   0  0.88 0.20
  311 I    -2  -4  -4  -4  -2  -4  -4  -5  -5   7   1  -4   0  -1  -4  -4  -2  -4  -2   2    0   0   0   0   0   0   0   0   0 100   0   0   0   0   0   0   0   0   0   0  1.06 0.21
  312 D    -3  -3   0   7  -5  -1   1  -3  -2  -4  -5  -2  -4  -5  -3  -1  -2  -6  -4  -4    0   0   0 100   0   0   0   0   0   0   0   0   0   0   0   0   0   0   0   0  1.61 0.23
  313 Q    -2   0  -1  -2  -4   8   1  -3  -1  -4  -4   0  -2  -5  -3  -1  -2  -3  -3  -4    0   0   0   0   0 100   0   0   0   0   0   0   0   0   0   0   0   0   0   0  1.49 0.27
  314 D    -3  -3   0   7  -4  -1   1  -2  -2  -4  -5  -2  -4  -4  -2  -1  -2  -5  -4  -4    0   0   0  92   0   0   5   0   0   0   0   0   0   0   0   0   0   0   0   0  1.40 0.20
  315 P    -2  -3  -3  -3  -4  -2  -2  -3  -3  -3  -4  -2  -3  -4   8  -2  -2  -5  -4  -1    0   0   0   0   0   0   0   0   0   0   0   0   0   0  92   0   1   0   0   5  2.18 0.23
  316 Y    -3  -3  -3  -4  -3  -3  -3  -4   0  -2  -1  -3  -2   2  -4  -3  -3   1   8  -2    0   0   0   0   0   0   0   0   0   0   5   0   0   1   0   0   0   0  91   0  1.54 0.24
  317 F    -3  -3  -4  -4  -3  -1  -4  -4  -2  -1  -1  -4  -1   8  -4  -3  -3   0   2  -2    0   0   0   0   0   5   0   0   0   0   0   0   0  92   0   0   0   0   0   0  1.34 0.21
  318 R    -2   7  -1  -3  -4   0  -1  -3  -1  -4  -3   1  -2  -4  -3  -2  -2  -4  -3  -4    0  97   0   0   0   0   0   0   0   0   0   0   0   0   0   0   0   0   0   0  1.37 0.22
  319 M    -2  -3  -3  -4  -3  -2  -3  -4  -3   0   1  -3   9  -1  -4  -3  -2  -3  -2  -1    0   0   0   0   0   0   0   0   0   0   5   0  92   0   0   0   0   0   0   0  1.34 0.26
  320 T     0  -2  -1  -2  -2  -2  -2  -2  -3  -2  -2  -2  -1  -3  -2   1   6  -3  -3  -1    6   0   0   0   0   0   0   0   0   0   0   0   1   0   0   2  89   0   0   0  0.92 0.20
  321 R    -2   7  -1  -3  -4   0  -1  -3   2  -4  -3   1  -2  -4  -3  -2  -2  -4  -2  -4    0  92   0   0   0   0   0   0   5   0   0   0   0   0   0   0   0   0   0   0  1.26 0.21
  322 D    -3  -3   0   7  -4  -1   1  -2  -2  -4  -4  -2  -4  -4  -2   0  -2  -5  -4  -4    0   0   0  92   0   0   0   0   0   0   0   0   0   0   0   5   0   0   0   0  1.37 0.20
  323 V    -1  -3  -3  -4  -2  -3  -3  -4  -4   2   0  -3   0  -2  -3  -1  -1  -4  -2   6    0   0   0   0   0   0   0   0   0   2   0   0   0   0   0   5   0   0   0  91  0.74 0.17
  324 A     5  -2  -2  -3   3  -2  -2  -1  -3  -2  -2  -2  -2  -3  -2   0  -1  -3  -3  -1   89   0   0   0   6   0   0   0   0   0   0   0   0   0   0   1   1   0   0   1  0.75 0.17
  325 P    -2  -3  -3  -3  -4  -2  -2  -3  -3  -3  -2  -2  -3  -4   8  -2  -2  -5  -4  -3    0   0   0   0   0   0   0   0   0   0   6   0   0   0  91   0   0   0   0   0  2.16 0.22
  326 R    -2   7  -1  -2  -4   0  -1  -3  -1  -4  -3   2  -2  -4  -3  -2   0  -4  -3  -3    0  86   0   0   0   0   0   0   0   0   0   6   0   0   0   0   5   0   0   0  1.13 0.19
  327 I    -2  -3  -4  -4  -2  -3  -4  -4  -4   5   3  -3   2  -1  -3  -3  -1  -3  -2   1    0   0   0   0   0   0   0   0   0  54  37   0   3   0   0   0   2   0   0   1  0.56 0.12
  328 G    -1  -3   1  -1  -3  -2  -2   6  -2  -4  -2  -1  -3  -4  -3  -1  -2  -3  -3  -3    0   0   5   1   0   1   0  81   1   0   5   2   0   0   0   2   0   0   0   0  1.00 0.15
  329 Y    -2  -3  -3  -4   3  -1  -3  -4   1  -2   0  -3   0   4  -4  -2  -2   1   6  -2    1   0   0   0  10   4   0   0   2   0   6   0   1  22   0   0   0   0  51   1  0.80 0.15
  330 P    -1  -2  -2  -2  -2   1  -1  -3   0  -2  -2  -1  -1  -2   7  -1  -1  -3   0  -2    1   1   0   1   1   8   0   0   3   1   4   1   1   1  66   2   2   0   5   1  1.26 0.15
  331 K    -2   1  -1  -2  -4   0   0  -3  -2  -4  -3   6  -2  -4   1  -1  -2  -4  -3  -3    0   0   0   0   0   0   0   0   0   0   0  92   0   0   5   0   0   0   0   0  0.99 0.20
  332 P    -2  -3  -3  -3  -4  -2  -2  -3  -3  -4  -4  -2  -4  -5   8  -2  -2  -5  -4  -4    0   0   0   0   0   0   0   0   0   0   0   0   0   0  97   0   0   0   0   0  2.41 0.24
  333 A     5  -2  -2  -3  -1   0  -2  -1  -2  -2  -2  -1  -2  -2  -2   1  -1  -3  -2  -1   87   0   0   0   1   5   0   0   0   0   0   0   0   2   0   2   1   0   0   1  0.69 0.16
  334 L    -2  -3  -4  -4  -2  -3  -4  -4  -4   1   5  -3   1   0  -4  -3  -2  -2  -2   0    0   0   0   0   0   0   0   0   0   0  97   0   0   0   0   0   0   0   0   0  0.85 0.17
  335 L    -2  -3  -4  -4  -2  -3  -3  -4  -3   2   4  -3   2   0  -3  -1  -2  -2  -2   1    0   0   0   0   0   0   0   0   0  14  74   0   4   0   0   5   0   0   0   1  0.56 0.12
  336 H    -3  -2  -1   0  -4  -1  -1  -3  10  -4  -4  -2  -3  -2  -3  -2  -3  -4   0  -4    0   0   0   5   0   0   0   0  91   0   1   0   0   1   0   0   0   0   0   0  1.73 0.25
  337 S     0  -2   0  -1  -1  -1  -1  -1  -2  -3  -3  -1  -2  -3  -2   6   1  -4  -3  -2    2   0   0   0   1   0   0   0   0   0   0   0   0   0   0  89   5   0   0   0  0.82 0.19
  338 T     0  -1  -1  -2  -1  -1  -1  -2  -2   0  -1   0   0  -2  -2   1   5  -3  -2   1    5   1   0   0   1   1   1   0   0   4   1   4   1   0   0   9  56   0   0  15  0.39 0.11
  339 F    -3  -4  -4  -4  -3  -4  -4  -4  -2  -1  -1  -4  -1   8  -5  -3  -3   0   2  -2    0   0   0   0   0   0   0   0   0   0   0   0   0  97   0   0   0   0   0   0  1.50 0.23
  340 F    -3  -1  -4  -4  -3  -4  -4  -4  -2   0   0  -3  -1   8  -4  -3  -3   0   2  -1    0   5   0   0   0   0   0   0   0   3   2   0   0  87   0   0   0   0   0   1  1.20 0.20
  341 P    -2  -3  -3  -3  -4  -2  -2  -1  -3  -4  -4  -2  -4  -5   8  -2  -2  -5  -4  -3    0   0   0   0   0   0   0   5   0   0   0   0   0   0  92   0   0   0   0   0  2.22 0.23
  342 A     5  -2  -2  -3  -1  -2  -2  -1  -3  -2  -2  -2  -2  -3   1   0  -1  -3  -3  -1   92   0   0   0   0   0   0   0   0   0   0   0   0   0   5   1   0   0   0   0  0.79 0.18
  343 L    -2  -3  -4  -4  -2  -3  -3  -4  -3   1   5  -3   1   0  -3  -1  -2  -2  -2   0    0   0   0   0   0   0   0   0   0   0  92   0   0   0   0   5   0   0   0   0  0.74 0.15
  344 Q    -2   0  -1  -1  -4   7   1  -1  -1  -4  -3   0  -2  -4  -2  -1  -2  -3  -3  -3    0   0   0   0   0  92   0   5   0   0   0   0   0   0   0   0   0   0   0   0  1.25 0.24
  345 G    -1  -3  -1  -2  -4  -3  -3   7  -3  -5  -5  -3  -4  -3  -3  -1  -3  -3   0  -4    0   0   0   0   0   0   0  95   0   0   0   0   0   0   0   0   0   0   5   0  1.42 0.19
  346 A     5  -2  -2  -2  -1  -2  -2  -1  -2  -2  -3  -2  -2  -3  -1   2   0  -4  -3  -1   84   0   0   0   1   0   0   0   0   0   0   0   0   0   1  13   2   0   0   0  0.71 0.17
  347 Q    -2   0   0   0  -4   6   1  -3   0  -4  -3   2  -1  -4  -2  -1  -1  -3  -3  -3    0   1   2   5   0  73   0   0   1   0   0  13   2   0   0   1   1   0   0   1  0.89 0.19
  348 T    -1  -2   1  -2  -2  -2  -2  -2  -3  -2  -2  -2  -1  -3  -2   2   6  -4  -3  -1    0   0   5   0   0   0   0   1   0   0   0   0   0   0   0  10  85   0   0   0  0.88 0.20
  349 K    -2   1  -1  -2  -4   0   0  -3  -2  -4  -4   6  -2  -4  -2   0  -2  -4  -3  -3    0   0   0   0   0   0   0   0   0   0   0  95   0   0   0   5   0   0   0   0  1.06 0.21
  350 M    -2  -3  -3  -4  -3   0  -3  -4  -3   0   1  -3   9  -1  -4  -3  -2  -3  -2  -1    0   0   0   0   0   5   0   0   0   0   0   0  95   0   0   0   0   0   0   0  1.44 0.28
  351 S     0  -2  -1  -1   2  -1  -1  -1  -2  -3  -4  -1  -3  -4  -2   6   0  -4  -3  -3    0   0   0   0   5   0   0   2   0   0   0   0   0   0   0  93   0   0   0   0  0.89 0.21
  352 A     5  -2  -2  -3  -1  -2  -2   0  -3  -2  -2  -2  -2   0  -2   1   0  -3  -2  -1   88   0   0   0   0   0   0   2   0   0   0   0   0   5   0   4   2   0   0   0  0.71 0.17
  353 S     0  -1   0  -1  -2  -1  -1  -1  -2  -4  -4  -1  -3  -4   1   6   0  -4  -3  -3    0   2   0   0   0   0   0   0   0   0   0   0   0   0   5  93   0   0   0   0  0.89 0.21
  354 D    -2  -2   0   7  -4  -1   1  -2  -2  -4  -5  -2  -4  -4  -2   0  -2  -5  -4  -4    0   0   1  88   0   0   5   0   0   0   0   0   0   0   0   5   0   0   0   0  1.29 0.19
  355 P     2  -2  -1  -2  -2  -1  -1  -2  -2  -2  -3  -1  -2  -3   6   1   0  -4  -3  -2   23   0   3   0   0   1   3   1   0   0   1   0   0   1  49   8   7   0   0   2  0.90 0.12
  356 N    -2  -2   7   1  -3  -1  -1  -2  -1  -4  -4  -1  -3  -4  -3   0   0  -5  -3  -3    0   0  88   5   0   0   0   0   0   0   1   0   0   0   0   1   3   0   0   1  1.20 0.21
  357 S     0  -2   0  -1  -2  -1  -1  -1  -2  -3  -3  -1   1  -3  -2   5   2  -4  -3  -2    0   0   0   0   0   0   0   0   0   0   0   0   5   0   0  80  14   0   0   0  0.71 0.18
  358 S     1  -2   1  -1  -1  -1  -1  -1  -2  -3  -3  -1  -2  -2  -2   5   2  -3  -2  -2   10   0   5   0   1   0   0   0   0   0   0   0   0   2   0  73   8   0   0   0  0.60 0.15
  359 I    -2  -4  -4  -4  -2  -4  -4  -5  -4   6   1  -4   0  -1  -4  -3  -2   3  -2   2    0   0   0   0   0   0   0   0   0  90   1   0   0   0   0   0   0   5   0   2  0.89 0.18
  360 F    -3  -4  -3  -4  -3  -4  -4  -4  -2  -1  -1  -4  -1   8  -5  -3  -3   0   3  -2    0   0   1   0   0   0   0   0   0   0   1   0   0  90   0   0   0   0   7   0  1.37 0.21
  361 L    -2  -3  -4  -4   0  -3  -4  -4  -3   1   5  -3   1   1  -4  -3  -2  -2  -1   0    0   0   0   0   2   0   0   0   0   0  88   0   1   5   0   0   0   0   0   3  0.71 0.15
  362 T    -1  -2   1  -2  -1  -2  -2  -2   1  -1  -2  -2  -2  -3  -2   1   6  -3  -2  -1    0   0   5   0   0   0   0   0   5   3   0   0   0   0   0   3  82   0   0   0  0.78 0.18
  363 D    -3  -3   1   7  -4  -1   0  -2  -2  -4  -4  -2  -4  -4  -2  -1   0  -5  -4  -4    0   0   2  91   0   0   0   0   0   0   0   0   0   0   0   0   5   0   0   0  1.35 0.20
  364 T    -1  -2  -1  -2  -2  -2  -2  -2  -3  -2  -2  -2  -2   0  -2   2   6  -3  -2  -1    0   0   0   0   0   0   1   0   0   0   0   0   0   5   0  10  83   0   0   0  0.82 0.19
  365 A     2  -2  -2   0  -3  -1  -2  -2   1  -3  -3  -1  -2  -4   7  -1  -2  -4  -3  -2   28   0   1   4   0   1   0   1   5   0   1   1   0   0  56   0   0   0   0   0  1.12 0.15
  366 K    -1   1   1  -1  -4   0   0   0  -2  -4  -3   6  -2  -4  -2  -1  -1  -4  -3  -3    2   0   7   0   0   0   1   5   0   0   0  81   0   0   0   1   0   0   0   0  0.77 0.17
  367 Q    -2   1  -1  -1  -4   7   1  -3  -1  -3  -3   0  -1  -4  -2  -1  -2  -3  -3  -3    1   5   0   2   0  87   1   0   0   1   0   1   0   0   0   0   0   0   0   0  1.15 0.22
  368 I    -1  -4  -4  -4  -2  -3  -4  -4  -4   6   1  -3   0  -1  -3  -3  -2  -3  -2   2    5   0   0   0   0   0   0   0   0  84   5   0   0   0   0   0   0   0   0   5  0.74 0.16
  369 K    -2   1  -1  -2  -4   0   0  -2  -2  -4  -3   6  -2  -4  -2   0  -2  -4  -3  -3    0   0   0   0   0   0   1   0   0   0   0  92   0   0   0   5   0   0   0   0  0.99 0.20
  370 T    -1  -1   5   1  -3  -1  -1  -2  -1  -3  -3   0  -2  -3  -2   1   3  -4  -3  -2    1   0  49   6   0   0   1   0   0   0   0   3   0   0   0   9  31   0   0   0  0.61 0.13
  371 K    -2   1  -1  -2  -4   0   0  -1  -2  -4  -3   6  -1  -4  -2  -1  -2  -4  -3  -3    0   0   0   0   0   0   0   5   0   0   0  92   2   0   0   0   0   0   0   0  0.95 0.20
  372 V    -2  -4  -4  -4  -2  -3  -4  -4  -4   5   1  -3   0  -1  -3  -3  -1  -3  -2   4    0   0   0   0   0   0   0   0   0  58   0   0   0   0   0   0   0   0   0  40  0.68 0.14
  373 N    -3  -1   7   0  -4  -1  -1  -1   0  -4  -4  -1  -3  -4  -3   0  -1  -5  -3  -4    0   0  95   0   0   0   0   0   0   0   1   0   0   0   0   1   0   0   0   0  1.33 0.22
  374 K    -2   1  -1  -2  -4   0   0  -2  -2  -4  -3   6  -2  -4  -2  -1  -2  -4  -3  -3    0   2   0   0   0   0   0   1   0   0   0  94   0   0   0   0   0   0   0   0  1.01 0.20
  375 H    -3  -2  -1  -3  -4  -1  -2  -3   9  -4  -3  -2  -2   0  -3  -2  -3  -1   5  -3    0   0   0   0   0   0   0   0  69   0   0   1   0   0   0   1   0   0  26   0  1.36 0.21
  376 A     5  -2  -2  -2  -1  -2  -2  -1  -3  -2  -2  -2  -2  -3  -1   0  -1  -3  -3  -1   93   0   0   1   0   0   0   0   0   0   0   0   0   0   1   0   0   0   0   2  0.78 0.18
  377 F    -3  -3  -4  -4  -3  -4  -4  -4  -2  -1  -1  -4  -1   8  -4  -3  -3   0   3  -2    0   1   0   0   0   0   0   0   0   0   0   0   0  93   0   0   0   0   3   0  1.38 0.21
  378 S     0  -2   0  -1  -2  -1  -1  -1  -2  -3  -3  -1  -2  -3  -2   6   1  -4  -3  -3    0   0   0   0   0   0   0   0   0   0   0   0   0   0   0  96   1   0   0   0  0.91 0.20
  379 G    -1  -3  -1  -2  -3  -3  -3   7  -3  -5  -4  -2  -4  -4  -3  -1  -2  -3  -4  -4    0   0   0   0   0   0   0  96   0   0   0   0   0   0   0   0   0   0   0   0  1.43 0.18
  380 G    -1  -3  -1  -2  -3  -3  -3   7  -3  -5  -4  -2  -4  -4  -3  -1  -2  -3  -4  -4    0   0   0   0   0   0   0  96   0   0   0   0   0   0   0   0   1   0   0   0  1.43 0.18
  381 R    -1   4  -1  -2  -2   3   0   1  -1  -4  -3   4  -2  -4  -2  -1  -2  -3  -3  -3    0  29   0   0   1  23   0  14   0   0   0  33   0   0   0   0   0   0   0   0  0.56 0.12
  382 D     2  -2   0   5  -3  -1   0  -1  -2  -3  -3  -1  -2  -4  -1   0   0  -4  -3  -2   27   0   0  55   0   1   1   0   0   1   0   0   1   0   2   3   7   0   0   1  0.59 0.12
  383 T    -1  -2  -1  -2  -2  -2  -2  -2  -3  -2  -2  -2  -2  -3  -2   1   6  -4  -3  -1    0   0   0   0   0   0   0   1   0   0   0   0   0   0   0   7  90   0   0   0  0.95 0.20
  384 I    -1  -3  -4  -4  -2  -3  -3  -4  -4   4   1  -3   0  -1  -3  -3  -1  -3  -2   5    0   0   0   0   0   0   2   0   0  33   2   0   0   0   0   0   1   0   0  61  0.60 0.13
  385 E    -2  -1  -1   1  -5   1   6  -3   0  -4  -4   0  -3  -4  -2  -1  -2  -4  -3  -4    1   0   0   1   0   0  96   0   1   0   0   0   0   0   0   0   0   0   0   0  1.23 0.21
  386 E    -2  -1  -1   2  -5   1   6  -3  -1  -4  -4   0  -3  -4  -2  -1  -1  -4  -3  -3    0   0   0   5   0   0  92   0   0   0   0   0   0   0   0   0   1   0   0   0  1.15 0.20
  387 H    -3  -1  -1  -2  -4  -1  -1  -3  10  -5  -4  -2  -3  -3  -3  -2  -3  -4   0  -4    0   1   0   0   0   0   0   0  97   0   0   0   0   0   0   0   0   0   0   0  1.93 0.27
  388 R    -2   7  -1  -2  -4   1  -1  -3  -1  -4  -3   2  -2  -4  -3  -2  -2  -4  -3  -3    0  87   0   0   0   2   0   0   0   0   0   9   0   0   0   0   1   0   0   0  1.18 0.20
  389 Q     0   2  -1  -1  -4   3   3  -2   0  -3  -3   4  -2  -4  -2  -1  -1  -3  -2  -3    5   6   0   0   0  22  25   0   1   0   0  39   0   0   0   0   0   0   0   0  0.55 0.12
  390 F    -2  -1  -2  -3  -2  -1  -2  -3   2  -1   1   2   0   3  -1  -2  -2   0   4  -1    0   1   1   0   0   0   0   0   7   2  19  23   2  16   2   0   0   0  27   0  0.31 0.09
  391 G    -1  -3  -1  -2  -4  -3  -3   7  -3  -5  -5  -3  -4  -4  -2  -1  -3  -4  -4  -4    0   0   1   0   0   0   0  97   0   0   0   0   0   0   1   0   0   0   0   0  1.46 0.19
  392 G    -1  -3  -1  -2  -4  -3  -3   7  -3  -5  -5  -3  -4  -4  -3  -1  -3  -4  -4  -4    0   0   0   0   0   0   0  98   0   0   0   0   0   0   0   1   0   0   0   0  1.49 0.19
  393 N    -3  -2   7   2  -1  -1  -1  -2  -1  -4  -5  -1  -3  -4  -3   0  -1  -5  -3  -4    0   0  86  12   1   0   0   0   0   0   0   0   0   0   0   0   0   0   0   0  1.21 0.21
  394 C    -1  -4  -4  -4   9  -3  -4  -3  -4  -2  -3  -3  -3  -4   4  -2  -1  -2  -4  -2    2   0   0   0  71   0   0   0   0   1   0   0   0   0  21   0   2   0   0   1  1.59 0.22
  395 D    -2  -2   0   6  -4   0   3  -2  -2  -4  -4  -1  -4  -4  -1  -1  -2  -5  -4  -4    1   1   1  72   0   0  19   1   0   0   0   1   0   0   2   2   0   0   0   0  1.01 0.16
  396 V    -1  -3  -4  -4  -2  -3  -3  -4  -4   3   0  -3   0  -2  -3  -2   0  -4  -2   5    0   0   0   0   0   0   0   0   0  16   1   0   0   0   0   0   2   0   0  80  0.69 0.15
  397 D    -3  -3   0   7  -5  -1   1  -2  -2  -4  -4  -2  -4  -5  -3  -1  -2  -5  -4  -4    0   0   0  96   0   0   2   0   0   0   1   0   0   0   0   0   0   0   0   0  1.45 0.21
  398 V    -1  -3  -4  -4  -2  -3  -3  -4  -4   4   0  -3   0  -1  -3  -3  -1  -4  -2   5    0   0   0   0   0   0   0   0   0  31   0   0   0   0   0   0   1   0   0  67  0.67 0.15
  399 S     2  -2   0  -1   0   0  -1  -1  -2  -3  -3  -1  -2  -3   0   5   0  -4  -3  -2   12   0   1   0   1   2   0   0   0   0   0   0   0   0   3  80   0   0   0   0  0.68 0.17
  400 F    -3  -3  -3  -3  -3  -3  -3  -4   0   0  -1  -3  -1   6  -4  -3  -3   1   6  -2    0   0   0   2   0   0   0   0   1   4   0   0   0  52   0   0   0   0  39   0  1.03 0.17
  401 M    -2  -1  -2  -3  -3   5  -1  -3  -1  -1   0   0   7  -1  -3  -2  -1  -2  -1  -1    0   0   0   0   0  40   0   0   0   0   0   2  51   1   0   0   2   0   2   0  0.73 0.20
  402 Y    -3  -3  -3  -4  -4  -3  -3  -4   0  -3  -2  -3  -2   2  -4  -3  -3   4   8  -2    0   0   0   0   0   0   0   0   0   0   0   0   0   2   0   0   0   6  91   0  1.64 0.24
  403 L    -2  -3  -4  -4  -2  -2  -4  -4  -4   1   5  -3   1   0  -4  -3  -2  -3  -2   0    0   0   0   0   0   2   0   0   0   0  96   0   1   0   0   0   0   0   0   0  0.82 0.16
  404 T    -1   3   0  -2  -2  -1  -1  -3  -2  -2  -2   1  -1  -3  -2   0   5  -3  -2  -1    0  21   2   0   0   0   0   0   0   0   0   5   0   0   0   2  68   0   0   0  0.63 0.16
  405 F    -3  -4  -4  -5  -3  -4  -4  -4  -2  -1  -1  -4  -1   8  -5  -3  -2   0   3  -2    0   0   0   0   0   0   0   0   0   0   0   0   0  94   0   0   2   0   2   0  1.42 0.22
  406 F    -3  -4  -4  -4  -3  -4  -4  -2  -2  -1   0  -4  -1   8  -4  -3  -3   0   2  -2    0   0   0   0   0   0   0   2   0   0   3   0   0  91   0   0   0   0   1   0  1.31 0.21
  407 L    -2  -3  -4  -4  -2  -3  -3  -4  -3   1   5  -3   3   0  -3  -3  -2   1  -2   0    0   0   0   0   0   0   0   0   0   1  80   0  12   1   0   1   0   2   0   0  0.67 0.14
  408 E    -2  -1  -1   2  -4   1   6  -3  -1  -4  -4   0  -3  -4  -2  -1  -2  -4  -3  -3    1   0   0   8   0   2  86   0   0   0   0   0   0   0   0   0   0   0   0   0  1.05 0.19
  409 D    -3  -2   1   7  -4  -1   1  -2  -2  -4  -4  -2  -4  -4  -2  -1  -2  -5  -4  -4    0   0   2  92   0   0   2   0   0   0   0   0   0   0   0   0   0   0   0   0  1.37 0.20
  410 D    -3  -3   0   7  -4  -1   1  -2  -2  -4  -4  -2  -4  -4  -2  -1  -2  -5  -4  -4    0   0   0  92   0   0   1   1   0   0   2   0   0   0   0   3   0   0   0   0  1.34 0.20
  411 D    -1  -1   0   4  -3   1   5  -2  -1  -4  -3   0  -3  -3  -2  -1  -2  -4  -3  -3    4   0   1  29   0   3  55   1   0   0   1   3   0   1   0   1   0   0   0   1  0.71 0.13
  412 K    -1   4  -1  -1  -4   3   1  -2  -1  -3  -3   4  -2  -4  -2   0  -1  -3  -2  -3    0  36   0   0   0  22   3   0   0   0   0  32   0   0   0   4   0   0   0   0  0.63 0.12
  413 L    -2  -2  -4  -4  -2  -3  -3  -4  -3   1   5  -3   2   0  -4  -3  -2  -2  -2   0    0   2   0   0   0   0   0   0   0   1  93   0   1   0   0   0   0   0   0   0  0.76 0.16
  414 E    -1  -1  -1   1  -4   1   6  -3  -1  -4  -3   0  -2  -4  -1  -1  -2  -4  -3  -3    4   0   0   2   0   2  82   0   0   0   2   3   0   0   2   1   0   0   0   1  0.90 0.17
  415 Q    -1   1  -1  -1  -4   5   2  -2  -1  -3  -2   4  -2  -4  -2  -1  -1  -3  -2  -3    0   0   0   1   0  45  12   0   0   0   3  34   0   0   0   2   1   0   0   0  0.65 0.14
  416 I    -2  -4  -4  -4  -2  -3  -4  -4  -4   6   2  -3   1  -1  -3  -3  -1  -3  -2   2    0   0   0   0   0   0   0   0   0  82  10   0   0   0   0   0   0   0   0   4  0.72 0.15
  417 R    -2   6  -1  -2  -3   1   0  -3  -1  -4  -3   3  -2  -3  -2  -1  -2   1  -2  -3    0  64   0   0   0   1   3   1   0   0   0  26   0   0   0   0   0   2   0   0  0.84 0.15
  418 K    -1   1  -1  -1  -4   5   1  -2  -1  -3  -3   4  -1  -4  -2  -1  -1  -3  -2  -3    1   3   0   0   0  48   5   1   0   0   0  38   0   0   0   2   0   0   0   0  0.71 0.15
  419 D     0  -2   1   6  -4  -1   1   0  -2  -4  -4  -1  -3  -4  -2   0  -1  -5  -4  -3   11   1   4  71   0   1   2   6   0   0   0   0   0   0   0   2   3   0   0   0  0.86 0.15
  420 Y    -3  -3  -3  -5  -4  -3  -3  -4   1  -3  -2  -3  -2   2  -4  -3  -3   1   9  -3    0   0   0   0   0   0   0   0   0   0   0   0   0   0   0   0   0   0  99   0  1.81 0.28
  421 T     0  -2   0  -2  -2  -1  -1  -2  -2  -2  -2  -1  -2  -3  -2   3   5  -4  -3  -1    4   1   1   0   0   0   1   0   0   0   1   0   0   0   0  35  58   0   0   0  0.64 0.16
  422 S     0  -2   0  -1  -1  -1  -1  -1  -2  -4  -4  -1  -3  -4  -2   6   0  -4  -3  -3    1   1   1   0   1   0   0   1   0   0   0   1   0   0   0  96   0   0   0   0  0.93 0.22
  423 G    -1  -3  -1  -2  -1  -3  -3   7  -3  -5  -5  -3  -4  -4  -3  -1  -3  -4  -4  -4    0   0   0   0   2   0   0  98   0   0   0   0   0   0   0   0   0   0   0   0  1.51 0.20
  424 A     4  -1  -1   0  -2   0   3  -1  -2  -3  -3   1  -2  -3  -2   0  -1  -4  -3  -1   51   1   1   4   0   1  31   0   0   0   0   9   0   0   0   0   0   0   0   1  0.43 0.12
  425 M    -2  -3  -4  -4  -2  -2  -4  -4  -3   2   4  -3   5   0  -4  -3  -2  -3  -2   0    0   0   0   0   0   0   0   0   0   7  66   0  27   0   0   0   0   0   0   0  0.70 0.15
  426 L    -3  -3  -5  -5  -2  -3  -4  -5  -4   1   5  -4   2  -1  -4  -4  -2  -3  -2   0    0   0   0   0   0   0   0   0   0   0  99   0   1   0   0   0   0   0   0   0  0.95 0.19
  427 T    -1  -2  -1  -2  -2  -2  -2  -3  -3  -2  -3  -2  -2  -3  -2   0   7  -4  -3  -1    0   0   0   0   0   0   0   0   0   0   0   0   0   0   0   1  99   0   0   0  1.20 0.25
  428 G    -1  -4  -2  -3  -4  -3  -3   7  -3  -5  -5  -3  -4  -4  -3  -1  -3  -4  -4  -4    0   0   0   0   0   0   0 100   0   0   0   0   0   0   0   0   0   0   0   0  1.61 0.22
  429 E    -2  -1  -1   1  -5   1   6  -3   2  -4  -4   0  -3   0  -2  -1  -2  -3   0  -3    0   0   0   1   0   0  83   0   5   0   0   0   0   6   0   1   0   0   4   0  0.98 0.20
  430 L    -3  -3  -5  -5  -2  -3  -4  -5  -4   1   5  -4   1  -1  -4  -4  -2  -3  -2   0    0   0   0   0   0   0   0   0   0   4  96   0   0   0   0   0   0   0   0   0  0.91 0.18
  431 K    -2   1  -1  -2  -4   0   0  -3  -2  -4  -4   7  -3  -4  -2  -1  -2  -4  -3  -4    0   0   0   0   0   0   0   0   0   0   0 100   0   0   0   0   0   0   0   0  1.23 0.24
  432 K    -1   1  -1  -2  -4   1   0  -3  -2  -4  -4   6  -2  -4  -2  -1  -2  -4  -3  -3    2   0   1   0   0   3   0   0   0   0   0  92   1   0   0   0   0   0   0   0  1.04 0.22
  433 A     0  -1  -2  -1   0   0   3  -3  -2   2   0  -1   0  -1  -2  -1   0  -3  -1   1    7   1   0   1   2   0  31   0   0  23   8   2   1   1   0   2   7   0   2  10  0.15 0.07
  434 L    -3  -3  -5  -5  -2  -3  -4  -5  -4   1   5  -4   1  -1  -4  -4  -2  -3  -2   0    0   0   0   0   0   0   0   0   0   0 100   0   0   0   0   0   0   0   0   0  0.96 0.19
  435 I    -2  -4  -4  -4  -2  -4  -4  -5  -5   7   1  -4   0  -1  -4  -4  -1  -4  -3   2    0   0   0   0   0   0   0   0   0  96   0   0   0   0   0   0   1   0   0   3  1.05 0.22
  436 E    -1  -1   0   3  -4   1   5  -1  -1  -4  -4   0  -3  -4  -2   0   0  -4  -3  -3    1   0   1  22   0   1  59   4   0   0   0   1   0   0   0   3   6   0   0   2  0.71 0.15
  437 V    -1  -3  -2  -3  -2  -2  -3  -3  -3   3   0  -2   0  -2  -3  -1   4  -3  -2   3    0   0   0   0   0   0   0   0   0  19   4   0   0   0   0   0  42   0   0  34  0.45 0.13
  438 L    -2  -3  -4  -5  -2  -3  -4  -5  -4   1   5  -3   2   0  -4  -3  -2  -3  -2   0    0   0   0   0   0   0   0   0   0   3  92   0   4   0   0   0   0   0   0   1  0.86 0.17
  439 Q    -2   0  -1  -2  -4   7   1  -3   0  -3  -3   0  -2  -4  -3  -1   1  -3  -3  -3    0   0   0   0   0  86   0   0   1   0   0   1   0   0   0   0  11   0   0   0  1.20 0.25
  440 P    -1  -1  -2  -2  -4  -1  -1  -2  -3  -4  -4   2  -3  -5   7  -1  -1  -5  -4  -3    2   3   0   0   0   2   1   1   0   0   0  17   0   0  72   1   2   0   0   0  1.58 0.20
  441 L    -2  -3  -4  -4  -2  -3  -4  -4  -3   3   4  -3   5   0  -4  -3  -2  -3  -2   1    0   1   0   0   0   0   0   0   0  23  48   0  23   1   0   0   0   0   0   4  0.57 0.13
  442 I    -2  -4  -4  -4  -1  -3  -4  -5  -4   5   1  -3   0  -1  -4  -3  -1  -4  -2   4    0   0   0   0   0   0   0   0   0  57   3   0   0   0   0   0   0   0   0  39  0.71 0.15
  443 A     4  -2  -2  -2  -2   0  -1   1  -2  -2  -2  -1  -1  -3  -2   1   2  -3  -3  -1   65   1   0   0   0   4   0   8   1   0   1   1   0   0   0   4  13   0   0   1  0.45 0.13
  444 E     2  -1   0   1  -3   2   4  -1  -1  -3  -3   0  -2  -4  -2   0   0  -3  -3  -2   28   1   2   6   0  14  38   1   0   0   1   2   0   0   0   4   3   0   0   0  0.41 0.11
  445 H    -3  -2  -1  -3  -5   0  -2  -4  10  -2  -4  -2  -3  -3  -4  -2  -3  -4   0  -4    0   0   0   0   0   1   0   0  96   3   0   0   0   0   0   0   0   0   0   0  1.97 0.30
  446 Q    -2   1  -1  -2  -4   8   1  -3  -1  -4  -4   0  -2  -5  -3  -1  -2  -3  -3  -4    0   6   0   0   0  93   0   0   0   1   0   0   0   0   0   0   0   0   0   0  1.37 0.27
  447 A     1  -1  -1   1  -4   2   5  -2  -1  -3  -3   0  -2  -4  -2  -1  -1  -4  -3  -2   19   1   1   2   0   6  66   0   0   0   0   2   0   0   0   0   2   0   0   1  0.70 0.16
  448 R    -1   6   0  -2  -3   0  -1  -2  -1  -4  -3   2  -2  -4  -3  -1  -2  -4  -3  -3    5  78   5   0   0   1   1   2   0   0   1   7   0   0   0   1   0   0   0   0  0.96 0.18
  449 R    -3   7  -2  -3  -5   0  -1  -4  -1  -4  -3   2  -3  -4  -3  -2  -2  -4  -3  -4    0  95   0   0   0   0   0   0   0   0   0   5   0   0   0   0   0   0   0   0  1.43 0.24
  450 K     1   1  -1  -2  -2   1   0  -2  -2  -3  -3   5  -2  -4  -2   1  -1  -4  -3  -3   13   1   1   0   0   4   0   1   0   0   0  69   0   0   0   8   2   0   0   0  0.62 0.16
  451 E     0   0   0   0  -3   4   3  -2   0  -3  -1   2  -1  -3  -1   0   0  -3  -2  -2    5   0   3   1   0  34  21   0   2   0   6  20   1   0   1   1   5   0   0   1  0.42 0.11
  452 V    -1  -4  -4  -4  -2  -3  -4  -4  -4   4   0  -3   0  -2  -3  -3  -1  -4  -2   5    0   0   0   0   0   0   0   0   0  23   2   0   0   0   0   0   0   0   0  75  0.75 0.17
  453 T    -1  -2  -1  -1  -2  -2  -2  -3  -3  -2  -3  -2  -2  -3  -2   1   7  -4  -3  -1    0   0   1   2   0   0   0   0   0   0   0   0   0   0   0   3  94   0   0   0  1.09 0.24
  454 D    -2  -2   1   6  -4  -1   2  -2  -2  -4  -4  -1  -3  -4  -1  -1  -2  -5  -4  -4    0   0   2  77   0   0  14   0   0   0   1   1   1   0   2   1   0   0   0   1  1.11 0.19
  455 E    -2  -1   0   4  -5   1   6  -3  -1  -4  -4   0  -3  -4  -2  -1  -2  -4  -3  -4    0   0   1  25   0   1  72   0   0   0   0   1   0   0   0   0   0   0   0   0  1.04 0.19
  456 I    -1  -2  -2  -2  -1  -2  -1  -3  -3   3   1  -2   3  -1  -3  -1   2  -3  -2   3    0   0   0   1   0   0   4   0   0  27   6   1  13   0   0   0  21   0   0  26  0.30 0.10
  457 V    -1  -3  -4  -4  -2  -3  -4  -4  -4   3   1  -3   0  -2  -3  -3  -1  -4  -2   5    2   0   0   0   0   0   0   0   0  10  11   0   0   0   0   0   0   0   0  77  0.68 0.16
  458 K    -1   3  -1  -1  -4   1   0  -3  -1  -4  -3   6  -1  -3  -2  -1  -1  -4  -3  -3    2  11   1   2   0   4   1   0   1   0   1  75   2   0   0   1   1   0   0   0  0.76 0.17
  459 E    -1   1  -1   0  -4   6   4  -3   0  -4  -2   1  -2  -4  -2  -1  -1  -3  -3  -3    2   3   0   1   0  55  29   0   1   0   3   4   0   0   0   1   2   0   0   0  0.77 0.17
  460 F    -3  -4  -4  -5  -4  -4  -4  -4  -2  -1  -1  -4  -1   8  -5  -4  -3   0   4  -2    0   0   0   0   0   0   0   0   0   0   0   0   0  91   0   0   0   0   9   0  1.53 0.24
  461 M    -2  -3  -4  -5  -3  -2  -4  -4  -3   0   1  -3   9  -1  -4  -3  -1  -3  -2  -1    0   0   0   0   0   0   0   0   0   0   0   0  96   1   0   0   2   0   0   1  1.56 0.31
  462 T    -1   0  -1  -2  -2  -1  -2  -3  -3  -1  -2   0  -1  -3  -2   1   6  -4  -3  -1    1   5   0   0   0   1   0   0   0   2   1   5   0   0   0   3  80   0   0   2  0.76 0.19
  463 P    -2  -3  -3  -3  -4  -3  -2  -4  -4  -3  -3  -2  -3  -5   8  -2  -2  -5  -4  -3    0   0   0   0   0   0   0   0   0   1   2   1   0   0  94   1   0   0   0   1  2.33 0.26
  464 R    -3   7  -2  -3  -5   0  -1  -4  -1  -4  -4   1  -3  -4  -3  -2  -2   0  -3  -4    0  98   0   0   0   0   0   0   0   0   0   0   0   0   0   0   0   2   0   0  1.46 0.25
  465 K    -1   1  -1   0  -4   1   0  -2  -2  -4  -4   5  -3  -4   4  -1  -2  -4  -3  -3    1   1   0   6   0   4   1   0   0   0   0  60   0   0  25   1   0   0   0   0  0.80 0.16
  466 L    -3  -3  -5  -5  -2  -3  -4  -5  -4   1   5  -4   2  -1  -4  -4  -2  -3  -2   0    0   0   0   0   0   0   0   0   0   0  97   0   3   0   0   0   0   0   0   0  0.94 0.19
  467 S     1   0   3   1  -2   0   0   0   1  -2  -3   2  -2  -1  -2   1   0  -3  -2  -2   16   1  24   9   0   1   1   6   3   2   0  21   0   3   0  12   1   0   0   1  0.24 0.07
  468 F    -3  -4  -4  -5  -2  -4  -4  -4  -1  -1  -1  -4  -1   7  -5  -3  -2   0   5  -2    0   0   0   0   1   0   0   0   0   0   0   0   0  73   0   0   1   0  23   1  1.24 0.20
  469 D    -1   0   3   4  -4   0   2  -1   1  -4  -4   1  -3  -4  -2   0  -1  -4  -3  -3    2   5  24  34   0   0  11   1   3   0   0  13   0   0   0   4   2   0   0   0  0.50 0.09
  470 F    -3  -2  -4  -4  -3  -3  -4  -4  -1  -1   1  -3  -1   6  -4  -3  -3   0   5  -1    0   1   0   0   0   0   0   0   0   1  13   0   0  57   0   1   0   0  27   0  0.89 0.14
  471 Q    -1   1   0   0  -3   6   2  -2   0  -3  -3   2  -1  -4  -2   0  -1  -2  -2  -3    0   0   0   0   0  87   3   0   0   0   0  10   0   0   0   0   0   0   0   0  0.70 0.04

                      K         Lambda
Standard Ungapped    0.1359     0.3199
Standard Gapped      0.0522     0.2670
PSI Ungapped         0.1705     0.3176
PSI Gapped           0.0522     0.2670
