
Last position-specific scoring matrix computed, weighted observed percentages rounded down, information per position, and relative weight of gapless real matches to pseudocounts
            A   R   N   D   C   Q   E   G   H   I   L   K   M   F   P   S   T   W   Y   V   A   R   N   D   C   Q   E   G   H   I   L   K   M   F   P   S   T   W   Y   V
    1 M    -4  -4  -5  -6  -4  -4  -5  -6  -5   4   4  -4   7  -2  -5  -4  -3  -4  -3  -1    0   0   0   0   0   0   0   0   0  24  37   0  39   0   0   0   0   0   0   0  1.29 0.41
    2 D     0  -4  -4   2  -5  -3  -2  -4  -4  -5  -3  -2  -1  -6   7  -1  -2  -6  -5  -3    7   0   0  11   0   0   2   0   0   0   2   2   2   0  68   5   1   0   0   1  1.70 0.45
    3 T     0   1   1   0  -3   0  -1  -2   1  -2  -3   1  -1  -4  -2   3   4  -4  -3  -2    9   6   7   6   0   3   2   1   4   2   1   7   1   0   1  23  29   0   0   0  0.37 0.21
    4 V     1   3  -3  -3   0  -1   0  -3   1  -1  -1  -1   3  -2   4  -1   0  -4  -2  -1   12  17   0   0   2   1   8   1   5   3   6   1  10   1  21   2   5   0   1   5  0.36 0.21
    5 N     1  -3   1   3  -4  -1   1  -1   1  -5  -5  -1  -4  -5  -3   4  -1  -6  -4  -4   12   0   5  19   0   1   7   4   3   0   0   3   0   0   0  41   3   0   0   0  0.72 0.37
    6 N    -1  -2   1   3  -5   3   2  -1  -1  -5  -5   1  -4  -5  -3   2   1  -5  -4  -4    3   0   5  20   0  16  14   5   1   0   0  10   0   0   0  17   8   0   0   0  0.56 0.31
    7 Y    -4  -5  -5  -7  -3  -5  -6  -7   0  -2   5  -6  -2   4  -5  -4  -1  -4   3  -3    1   0   0   0   0   0   0   0   3   0  66   0   0  16   0   1   4   0   9   0  1.28 0.51
    8 R    -3   2  -1  -4  -2   2  -3  -5  -1   2  -2   3  -2  -4  -4  -2   0  -5  -3   4    1  13   3   0   1   9   0   0   1  13   1  18   0   0   0   1   7   0   1  31  0.56 0.33
    9 V     4  -1  -2   3  -3  -2   1  -2  -3  -4  -3   0  -4  -5   4  -1  -2  -6  -5  -2   33   2   1  19   0   0   7   2   0   1   2   6   0   0  20   3   1   0   0   2  0.65 0.34
   10 L    -3  -6  -6  -7   1  -6  -6  -6  -4  -3   2  -6  -3   7  -5  -1  -5  -3   6  -4    2   0   0   0   3   0   0   0   0   0  21   0   0  46   0   4   0   0  24   0  1.55 0.56
   11 E    -2   0   4   4  -5   0   2   1   0  -5  -6   2  -5  -6  -3   0  -1  -6  -5  -5    2   4  20  23   0   3  15  12   2   0   0  11   0   0   1   6   2   0   0   0  0.64 0.31
   12 H    -3  -4   5  -2  -6  -2  -4  -4   9  -6  -3  -4  -5  -4  -5  -1  -5  -5   4  -6    2   0  26   2   0   1   0   1  46   0   3   1   0   0   0   4   0   0  14   0  1.82 0.64
   13 K     5  -3  -4  -5  -4   4  -3  -2  -4  -4  -5   1  -4  -6  -4  -1  -1  -6  -5   1   52   1   0   0   0  21   0   2   0   0   0   8   0   0   0   3   4   0   0   8  0.99 0.48
   14 A     6  -5  -6  -6  -4  -5  -5  -4  -6  -3  -4  -5  -4  -5  -5  -3  -4  -6  -5   4   66   0   0   0   0   0   0   0   0   0   0   0   0   0   0   0   0   0   0  34  1.62 0.64
   15 A     7  -6  -5  -6  -5  -5  -5   1  -6  -6  -6  -5  -5  -6  -5  -3  -4  -7  -6  -4   91   0   0   0   0   0   0   9   0   0   0   0   0   0   0   0   0   0   0   0  2.06 0.74
   16 G    -4  -7  -5  -6  -7  -6  -6   8  -6  -8  -8  -6  -7  -7  -6  -5  -6  -7  -7  -7    0   0   0   0   0   0   0  99   0   0   0   0   0   0   0   0   0   0   0   0  2.76 0.83
   17 H    -7  -5  -4  -6  -8  -3  -5  -7  11  -8  -8  -6  -7  -6  -7  -6  -7  -7  -3  -8    0   0   0   0   0   1   0   0  99   0   0   0   0   0   0   0   0   0   0   0  4.13 1.11
   18 D     3  -5  -3   7  -6  -2   2  -5  -5  -7  -7  -4  -6  -7  -3  -4  -5  -7  -6  -6   22   0   0  61   0   2  14   0   0   0   0   0   0   0   1   0   0   0   0   0  1.67 0.63
   19 G    -4  -7  -5  -6  -7  -6  -7   8  -7  -8  -8  -6  -7  -8  -7  -5  -6  -7  -8  -8    0   0   0   0   0   0   0 100   0   0   0   0   0   0   0   0   0   0   0   0  2.81 0.85
   20 T    -2  -5  -2  -5   2  -5  -5  -6  -6   1  -2  -5  -2  -5  -1  -2   4  -6  -5   5    1   0   2   0   5   0   0   0   0   7   1   0   0   0   3   1  31   0   0  49  1.14 0.50
   21 L    -5   1  -6  -7  -5  -1  -6  -7  -4  -2   5  -5   6  -1  -6  -2  -4  -5  -3  -3    0   7   0   0   0   2   0   0   0   0  67   0  17   2   0   3   1   0   1   0  1.38 0.56
   22 T    -2  -3  -4  -5   7  -1  -4  -5  -5  -5  -5  -4  -4  -6  -5   5   3  -6  -5  -3    2   1   0   0  26   3   0   0   0   0   1   0   0   0   0  44  21   0   0   2  1.45 0.60
   23 D    -5  -5   1   7  -6  -4  -2  -5  -2  -5  -5  -4   1  -6  -5   0   2  -7  -6  -5    0   0   4  69   0   0   1   0   1   0   1   0   4   0   0   5  13   0   0   0  1.71 0.62
   24 G     2  -2  -3  -1  -4  -1   4  -1  -3  -2  -2  -1  -3  -4   3  -1  -1  -5  -4   1   21   2   1   2   0   1  27   5   0   2   3   4   0   0  15   4   3   0   0   9  0.43 0.27
   25 D    -1  -5   0   6  -5  -2  -1  -4  -3  -6  -6  -3  -4  -6  -5   5   0  -7  -6  -6    3   0   3  40   0   1   4   0   0   0   0   1   0   0   0  43   5   0   0   0  1.30 0.56
   26 G    -4  -5   1  -4  -7  -3   0   7  -6  -8  -8  -5  -7  -7  -6  -4  -5  -7  -7  -7    0   0   5   1   0   1   6  86   0   0   0   0   0   0   0   0   0   0   0   0  2.17 0.71
   27 L     2  -3  -2  -1  -3  -1   4  -2  -2  -3  -1  -2  -3  -5  -3   3   0  -5  -3  -3   15   1   0   3   0   1  34   2   1   1   7   2   0   0   0  26   5   0   0   1  0.60 0.36
   28 L    -4  -6  -7  -7  -5  -6  -6  -7  -6   2   6  -6   1   1  -6  -6  -4  -5  -3   2    1   0   0   0   0   0   0   0   0   8  69   0   2   5   0   0   0   0   0  14  1.35 0.51
   29 I    -5  -6  -7  -7  -5  -6  -6  -7  -6   4   1  -6  -2   6  -6  -6  -4  -4  -2   3    0   0   0   0   0   0   0   0   0  28  12   0   0  37   0   0   0   0   0  23  1.37 0.51
   30 F     1  -6  -6  -6  -4  -6  -6  -6  -6   6  -1  -6  -2   3  -6  -4  -3  -5  -3   3   12   0   0   0   0   0   0   0   0  51   2   0   0  14   0   1   1   0   0  20  1.24 0.49
   31 K    -5  -2  -5  -5  -8  -3  -4  -6  -5  -7  -7   8  -6  -8  -6  -5  -5  -8  -7  -7    0   0   0   0   0   0   0   0   0   0   0 100   0   0   0   0   0   0   0   0  2.84 0.93
   32 P    -4  -6  -7  -6  -7  -6  -6  -7  -7  -7  -1  -6  -7  -8   9  -5  -6  -8  -8  -6    1   0   0   0   0   0   0   0   0   0   6   0   0   0  92   0   0   0   0   0  3.08 0.95
   33 A     1  -7  -6  -7  11  -7  -7  -6  -7  -5  -3  -7  -5  -7  -7  -1   2  -7  -4  -4   12   0   0   0  70   0   0   0   0   0   2   0   0   0   0   4  11   0   1   1  2.73 0.83
   34 F    -3  -4   1  -4  -3  -3  -4  -4  -2  -3   0   0  -4  -4  -5  -2   6  -6  -4   0    0   0   7   0   0   0   0   1   1   0  11   7   0   1   0   2  61   0   0   8  1.18 0.55
   35 P     1  -1  -2   0  -5   6   0  -4  -2  -5  -3   0  -4  -5   4  -1  -2  -6  -4  -4   13   3   1   4   0  37   4   1   1   0   2   5   0   0  23   3   2   0   0   1  0.91 0.45
   36 Q     4   0  -3  -3  -4   5  -1  -3  -1  -5  -4   0  -4  -6  -3   2   1  -6  -5  -3   36   5   1   1   0  27   2   0   1   0   1   4   0   0   1  13   8   0   0   1  0.80 0.43
   37 E    -6  -5  -5  -3  -9  -3   8  -7  -5  -8  -8  -4  -7  -8  -6  -5  -6  -8  -7  -7    0   0   0   0   0   0 100   0   0   0   0   0   0   0   0   0   0   0   0   0  2.84 0.95
   38 L    -2  -6  -7  -7  -5  -6  -6  -7  -7   6   2  -5  -2  -3  -6  -5  -3  -6  -5   4    2   0   0   0   0   0   0   0   0  55  14   0   0   0   0   0   0   0   0  27  1.48 0.54
   39 E     3  -3  -1   5  -5   0   3  -3  -3  -5  -5  -1  -5  -6  -4  -1  -2  -6  -5  -4   26   0   2  39   0   3  18   0   0   0   1   3   0   0   0   4   2   0   0   1  0.96 0.44
   40 F    -7  -8  -8  -8  -7  -8  -8  -8  -6  -5  -4  -8  -5  10  -9  -7  -7  -2  -2  -6    0   0   0   0   0   0   0   0   0   0   0   0   0 100   0   0   0   0   0   0  3.46 0.99
   41 Y    -7  -7  -7  -8  -8  -7  -7  -8  -3  -6  -5  -7  -6  -2  -8  -7  -7  -3  10  -6    0   0   0   0   0   0   0   0   0   0   1   0   0   0   0   0   0   0  99   0  3.73 1.10
   42 K    -3  -2   0  -2  -6   5   6  -5   0  -6  -6   0  -3  -6  -4  -3   1  -6  -4  -5    2   1   4   1   0  23  51   0   2   0   0   5   1   0   0   1   8   0   0   0  1.23 0.53
   43 A     1  -2   0  -1  -4   1   1  -2  -2  -4  -4  -1  -4  -4  -3   5   1  -5  -3  -3    8   2   3   2   0   7  10   2   0   1   1   2   0   0   0  50   8   0   1   1  0.73 0.39
   44 I     2  -2  -2  -2   0  -2  -2  -2  -3   2   0  -2  -1  -2  -2   1   2  -3  -2   2   18   1   1   1   1   1   1   2   0  11   9   1   0   1   1  12  17   0   1  19  0.28 0.17
   45 Q     1   0   1  -1  -2   3   0  -1   1  -1   0  -1  -1  -2  -2   0   1  -2  -1   0   15   4   9   2   1  18   3   3   3   3   8   3   1   2   2   7  10   0   1   7  0.16 0.11
   46 V     2   1   0  -1  -1   1   0  -1  -1  -1   1  -1  -1  -2  -1   0   1  -2  -1  -1   20  10   3   3   1   7   5   4   1   2  15   2   1   1   2   7   8   0   2   3  0.08 0.07
   47 R    -1   2   0   1  -1   1   0  -1   2  -1  -1   1  -1  -1   0   0   0  -1   0  -1    5  17   5   8   1   6   6   5   7   3   6   6   1   2   3   6   4   1   2   5  0.10 0.03
   48 D     0   0   0   1   0   0   1   0   0  -1  -1   0   0  -1   1   0   0   0   0   0    6   5   5   9   2   5   8   6   2   4   7   5   2   3   7   7   7   1   4   5  0.04 0.00
   49 V     0   0   0   0  -1   0   0   0   0   0   0   0   0   0   0   0   0   0   0   0   11   4   5   5   2   5   5   6   2   5  10   5   4   4   5   7   6   1   3   8  0.01 0.00
   50 S     0   0   0   0  -1   0   0   0   0   0   0   0   0   0   0   1   0   0   0   0    8   5   5   7   2   4   6   6   2   4   9   5   2   4   4  10   6   1   3   6  0.02 0.00
   51 R     0   0   1   0  -1   1   1   0   0  -1  -1   0   0  -1   0   0   0   0   0   0    7   6   6   6   2   5   8   6   3   4   8   6   2   3   4   8   5   1   3   6  0.03 0.00
   52 R     0   0   0   0  -1   0   0   0   0   0   0   0   0  -1   1   0   0   0   0   0    8   6   5   7   2   5   6   7   2   5   8   5   2   3   5   9   6   1   3   5  0.03 0.00
   53 K     0   0   0   1  -1   0   1   0   0  -1  -1   1   0  -1   0   0   0  -1   0   0    8   5   4   9   1   3   8   6   2   4   7   9   2   3   5   8   6   1   2   6  0.04 0.00
   54 S     0   0   0   1   0   0   1   0   0  -1  -1   0  -1  -1   1   1   0  -1  -1   0    7   5   3  10   2   3  10   5   2   4   7   5   2   3   6  10   6   1   2   7  0.05 0.01
   55 S     0   0   0   1  -1   0   1   0  -1  -1  -1   0  -1  -1   0   2   0  -1  -1  -1    6   3   5   7   1   4   8   6   1   4   6   4   1   4   4  21   6   1   2   5  0.07 0.03
   56 A     2   0   1   0   0   0   0  -1   1   0   0   0  -1  -1   0   0   0  -1  -1   0   21   4   6   7   2   3   4   4   5   7   8   3   1   2   4   6   5   1   2   6  0.05 0.03
   57 D     2  -1   0   2  -1   1   1  -1  -1  -1  -1   1  -1  -2   0   1   0  -2  -1  -1   21   3   5  11   1   5   7   4   1   2   5   8   1   2   5   9   4   1   1   3  0.11 0.06
   58 G     0  -1   0   1  -2   0   1   1  -1  -1   0  -1  -1  -1   0   1   0  -2  -1  -1    7   2   4   7   1   5  13  13   1   2  12   3   1   2   3  15   4   0   2   3  0.10 0.07
   59 D    -4  -4  -3   2  -6  -3  -1   0  10  -6  -3  -2  -5  -1  -5  -4  -5  -5   0  -6    1   0   0  11   0   0   3   8  63   0   3   2   0   3   0   1   0   0   2   0  2.04 0.66
   60 A     0  -2  -5  -4  -5  -2  -3  -4  -5  -2  -2  -3  -2  -4   7   1  -2  -6  -1  -1    9   2   0   1   0   2   1   1   0   2   3   1   1   1  57  10   2   0   2   6  1.38 0.53
   61 P     0  -1   0   4  -5  -1   3  -3   2  -5  -2   1  -3  -5   2  -1  -1  -5  -4  -4    8   3   3  28   0   2  22   1   5   0   4   9   0   0  10   2   2   0   0   0  0.58 0.31
   62 L    -6  -6  -7  -7  -6  -6  -7  -7  -6  -1   4  -7  -2   7  -7  -6  -5  -4  -2  -3    0   0   0   0   0   0   0   0   0   2  44   0   0  52   0   0   0   0   0   1  1.89 0.64
   63 C     4   1  -3  -3  -2   2   0  -2  -1  -1  -2  -1  -1  -2  -4   0  -2  -3   2  -1   44  10   1   1   1   9   5   1   1   3   3   2   1   1   0   6   1   0   7   4  0.49 0.32
   64 S     1   0  -1   3  -2   0   3  -3   2  -3  -3   0  -2  -4   2   1  -1  -5  -1  -3   15   4   1  15   1   3  21   1   6   2   1   4   1   0   9   9   2   0   3   1  0.37 0.23
   65 W    -5  -6  -6  -7  -4  -5  -6  -7   5   1   2  -6  -3   4  -7  -6  -5   9   4  -3    0   0   0   0   0   0   0   0  12   8  18   0   0  15   0   0   0  29  15   1  1.63 0.57
   66 M    -5  -6  -7  -8  -6  -5  -7  -7  -6   4   1  -6  10  -4  -7  -6  -2  -6  -5  -1    0   0   0   0   0   0   0   0   0  18   8   0  66   0   0   0   3   0   0   4  2.38 0.80
   67 P    -4  -7  -7  -6  -4  -6  -6  -7  -7  -8  -8  -6  -8  -9   9  -5  -6  -9  -8  -7    1   0   0   0   1   0   0   0   0   0   0   0   0   0  98   0   0   0   0   0  3.44 1.04
   68 T    -1  -1  -2  -4  -2  -3  -2  -4  -5   0   1   0  -1  -4  -5  -2   6  -5  -5   0    5   3   1   0   1   0   3   1   0   5  15   5   1   0   0   1  52   0   0   6  0.85 0.44
   69 Y    -6  -7  -7  -8  -5  -7  -7  -7   0  -5  -4  -7  -3   8  -8  -6  -6  -3   7  -5    0   0   0   0   0   0   0   0   2   0   0   0   0  65   0   0   0   0  31   0  2.61 0.80
   70 L    -5  -5  -6  -7   0  -5  -6  -7  -5   3   3  -5   8   1  -6  -5  -4  -3   3  -1    0   0   0   0   2   0   0   0   0  16  22   0  42   5   0   0   0   0   9   3  1.46 0.56
   71 G    -4  -7  -5  -6  -4  -6  -7   8  -6  -8  -8  -6  -7  -8  -7  -5  -6  -7  -8  -8    0   0   0   0   0   0   0  99   0   0   0   0   0   0   0   0   0   0   0   0  2.78 0.85
   72 V    -3  -2  -3  -3  -4   0  -2  -5  -5  -1  -4  -3  -3  -5  -5   2   6  -6  -5   1    1   2   1   1   0   5   2   0   0   2   1   1   1   0   0  16  59   0   0   9  1.20 0.55
   73 L    -6  -6  -7  -8  -5  -6  -7  -8  -7  -1   7  -7   0  -4  -7  -7  -5  -6  -5  -3    0   0   0   0   0   0   0   0   0   2  95   0   2   0   0   0   0   0   0   1  2.12 0.72
   74 N    -1   0   0   0  -4   3   0  -4  -2  -4  -4  -1  -2  -5  -4   4   3  -5  -4  -3    5   5   3   5   0  15   6   0   0   1   1   3   1   0   0  34  20   0   0   1  0.65 0.38
   75 E    -3  -1  -4  -3  -5   2   1  -6  -2  -2   5  -4  -2  -3   0  -1  -4  -5  -4  -2    1   3   1   1   0   9  10   0   1   1  62   0   0   0   5   5   0   0   0   1  0.89 0.44
   76 G     0  -3   3   0  -4  -2   0   4   0  -5  -4  -3  -4  -5  -4   2   1  -5  -5  -4    6   0  15   4   0   1   5  35   2   0   1   1   0   0   0  19   9   0   0   1  0.69 0.34
   77 A     2  -1  -1   2  -3   1   1   2  -1  -2  -2  -1  -3  -3  -1   1   0  -4  -3   0   22   2   2  12   0   6   8  15   1   2   3   2   0   1   3   8   5   0   0   6  0.21 0.16
   78 K     0  -1   1   3  -4   2   0  -2  -1  -1  -3   0  -3  -4   3   2   1  -5  -4  -2    6   2   7  17   0  12   5   2   1   5   1   4   0   0  13  15   7   0   0   2  0.36 0.22
   79 I     1  -1  -1  -1  -3   3   0  -2  -1   1   0   0  -1  -2   0   0   1  -3  -2   1   12   1   2   3   0  16   6   2   1   7  10   6   1   1   5   5   9   0   0  12  0.13 0.13
   80 E    -1  -1   1   3  -4   3   3  -2  -1  -4  -3   1  -3  -4   1   0   0  -4  -4  -2    4   2   6  18   0  13  19   2   1   1   2   9   0   0   8   5   5   0   0   4  0.41 0.23
   81 Q     2  -2  -1   0  -3   2   2  -2  -2  -1  -1  -1  -2  -3   2   0   2  -4  -3   0   20   1   2   3   0  10  13   3   1   2   5   2   0   1  10   6  15   0   0   6  0.25 0.18
   82 S     2  -2   0   0  -2   0  -1   0  -3  -1  -2  -2  -2  -3   1   2   2  -4  -3  -1   23   1   4   6   1   5   4   5   0   3   3   1   1   0   7  20  11   0   0   5  0.27 0.19
   83 G     2  -1   1   0  -3   1   0   2  -1  -2  -2   1  -2  -3   0   1   0  -3  -2  -2   17   2   7   5   0   6   6  17   1   2   4  11   1   1   3   8   7   0   1   2  0.18 0.12
   84 D     2  -2   0   3  -3   0   2  -1  -1   0  -3  -1  -3  -4   2   0   0  -4  -3  -1   20   1   4  15   0   2  16   4   1   5   1   2   0   0  10   7   5   0   0   4  0.29 0.19
   85 A     3  -2  -1  -1  -1   2   1  -1   0  -1  -2  -1  -2  -3   0   0   1  -4  -3   0   28   1   2   3   1   9   7   4   3   4   3   2   1   1   5   6  11   0   0   8  0.21 0.17
   86 A     2  -2  -2  -1  -2  -1   0   0  -2   2   0  -2  -1  -2   1   0   1  -2  -3   1   23   1   2   4   1   2   6   6   1  17   7   1   1   1   6   5   8   0   0   9  0.15 0.13
   87 L     1  -2  -2  -1  -2   0   0  -1  -2   1   1  -1   0  -2   2   0   1  -3  -2   2   15   2   1   3   0   5   5   3   1   6  12   2   2   1   9   6   9   0   0  17  0.13 0.11
   88 L     2  -2  -1  -1  -2   0   0  -1   0   0   0  -1   0  -1   2   0   1  -3  -2   0   23   1   1   3   0   5   7   3   2   7  11   2   2   2   9   7   7   0   1   5  0.12 0.10
   89 K     1  -1   0   0  -3   0   1  -1  -1  -2  -1   1  -2  -3   2   1   1  -3  -2  -1   13   2   5   4   0   3  11   4   1   2   5   9   1   0  11  13  11   0   1   4  0.18 0.12
   90 I     1  -2  -1  -1  -1  -1  -1  -1   0   2   0  -2   0  -1   1   0   0  -3  -2   2   12   1   2   4   1   3   5   4   3  13  10   1   1   2   6   8   7   0   0  19  0.09 0.09
   91 D     1   0   0   2  -3   0   1  -1  -1  -1  -2   0  -2  -3   2   1   1  -4  -3  -1   15   4   2  14   0   4  10   4   1   3   4   4   0   1  10   9  11   0   0   3  0.20 0.13
   92 E     0  -2  -1   1  -3   1   3   1   0  -2  -3   0  -2  -3   1   1   1  -4  -3  -1    8   1   2   9   0   6  21   9   2   3   2   5   1   1   7  11   8   0   0   4  0.23 0.15
   93 R     0   0   0   1  -3   2   1   0   0  -2  -1   0  -1  -2   1   1   1  -3  -2  -1    8   3   4   6   0  12  12   8   2   2   5   3   2   1   6   9   8   0   0   6  0.13 0.11
   94 L     0  -2  -2  -2  -2  -1  -1  -2  -2   2   1  -1   1  -2   0   0   1  -3  -2   2   10   1   1   2   0   2   3   3   1  16  14   3   3   1   5   6  11   0   0  17  0.16 0.13
   95 S     2  -2   0  -1  -2   1   0  -1  -1   0  -2   0  -2  -3   1   2   2  -4  -3  -1   22   1   5   3   0   6   6   2   2   7   1   5   0   0   8  14  13   0   1   4  0.22 0.17
   96 D     1  -1   1   2  -3   2   1   0   0  -2  -2   0  -2  -3   2   1   1  -4  -3  -2   12   2   5  10   0  11   9   6   3   3   2   6   1   1  10   8  10   0   0   2  0.21 0.14
   97 S     2  -2  -1   0  -3   0   1  -1   2   0  -1  -1  -2  -3   1   2   1  -4  -2   0   23   0   1   4   0   4   8   4   5   5   5   3   0   0   6  14  10   0   1   6  0.19 0.16
   98 T     1  -2   0   1  -3   1   0  -2  -2   0  -1   0  -2  -3   1   1   2  -4  -2   0   16   1   3   8   0   7   5   2   1   4   4   5   0   0   8   9  17   0   1   9  0.18 0.15
   99 D     0  -1   0   3  -4   0   2   0   0  -1  -2   1  -2  -3   1   0  -1  -4  -3  -1    8   2   4  22   0   5  12   9   3   4   4   7   0   0   8   5   4   0   0   4  0.24 0.15
  100 N     0  -1   3   2  -3   0   1   0   1  -2  -2   0  -2  -3   1   0   1  -3  -1  -1    9   2  15  10   0   3   8   8   4   2   4   7   0   1   6   6  10   0   2   4  0.17 0.12
  101 L     0  -1   0  -1  -2   1   1  -1  -2   1   0   0  -1  -2   0   0   0  -2  -2   2    7   1   6   3   0   7   8   4   1  11  11   6   1   1   4   6   7   0   0  16  0.07 0.09
  102 D     0  -1   1   2  -4   1   2  -1   0  -2  -3   1  -2  -3   1   0   2  -4  -3  -1    7   2   5  10   0   6  18   5   3   1   1   8   1   1   7   7  14   0   0   4  0.26 0.17
  103 S    -2   2  -1  -2  -5  -1  -1  -2  -2  -3  -2  -2  -3  -3   0   0  -2  10  -2   0    4  12   4   3   0   3   3   4   1   1   5   2   1   1   5   9   2  37   0   6  1.12 0.44
  104 I     0  -2  -2  -2  -3  -1  -2  -2  -3   2   2   0   0  -2  -2  -1   1  -4  -1   4    6   1   1   2   0   2   2   2   0  10  18   8   2   0   1   3   8   0   2  31  0.29 0.19
  105 P    -2  -1  -1  -3  -3  -2  -1  -3   5  -5  -4  -1  -3  -4   7  -1  -3  -5  -4  -2    2   3   2   1   0   2   3   2  15   1   1   4   0   1  54   4   1   0   0   3  1.42 0.51
  106 V    -1  -3   2  -1  -4  -2  -1   3  -3  -2  -2  -1  -1  -4  -3   3   1  -4  -4   0    4   1  10   2   0   1   2  26   0   2   4   2   1   0   1  28   9   0   0   7  0.46 0.27
  107 K    -2   1   2  -1  -5   1  -1   2   1  -4  -4   5  -4  -5  -2   0  -1  -3  -4  -3    2   6  10   3   0   5   2  16   3   1   2  39   0   0   2   5   2   0   0   1  0.61 0.31
  108 S     0   0   0   0  -4  -2  -2   4  -2  -4  -4   3  -3  -5  -1   0   1  -5  -4  -3    7   5   4   5   0   0   1  32   1   1   1  21   0   0   2   8  10   0   0   1  0.51 0.27
  109 E    -1   1   1  -1  -2  -1   0   0  -1   1   1   3  -1  -3   0  -1  -2  -4  -3  -1    3   7   7   4   1   1   6   9   1  12  17  21   0   0   5   2   1   0   0   2  0.17 0.16
  110 K     0   1   0   2  -5  -1   1  -2   0  -4  -4   5  -3  -3  -1   0  -1  -5  -4  -2    7   6   4  12   0   1   6   3   3   0   0  40   0   1   3   6   4   0   0   3  0.55 0.30
  111 S    -3  -2  -1   2  -3  -3  -1  -2  -4  -1  -4  -3  -4  -6  -5  -1   7  -6  -5  -4    1   2   2  11   0   0   5   3   0   4   1   1   0   0   0   3  67   0   0   0  1.34 0.58
  112 K    -3  -3   2   5  -6   0   2   2  -4  -5  -6   3  -5  -6  -4  -2  -2  -6  -5  -5    1   0   9  36   0   3  13  13   0   1   0  18   0   0   0   2   2   0   0   0  0.88 0.39
  113 Q    -3   1  -2  -3   0   3   1  -4  -3  -1   2   2  -1  -3  -1  -1   2  -4  -3  -2    0   8   1   1   2  14   9   1   0   2  27  14   1   1   3   3  12   0   0   1  0.35 0.25
  114 Y     4  -4  -3  -5   2  -4  -4  -3   4  -3  -3  -4  -4  -2  -4   3  -3  -4   4  -3   42   0   1   0   5   0   0   1   9   1   2   0   0   1   0  21   0   0  15   1  0.90 0.45
  115 L    -5  -7  -7  -7  -5  -6  -7  -7  -7   7   2  -6  -2  -4  -6  -6  -4  -6  -5   4    0   0   0   0   0   0   0   0   0  60  14   0   0   0   0   0   0   0   0  25  1.70 0.59
  116 V    -2  -7  -7  -8   2  -7  -7  -7  -8  -2  -4  -7  -3  -5  -7  -6  -4  -7  -6   8    3   0   0   0   4   0   0   0   0   0   0   0   0   0   0   0   0   0   0  93  2.34 0.80
  117 L    -6  -6  -8  -8  -6  -6  -7  -8  -7  -2   7  -7   0  -4  -7  -7  -5  -6  -5  -3    0   0   0   0   0   0   0   0   0   1  97   0   1   0   0   0   0   0   0   0  2.21 0.75
  118 E    -3  -4  -3   0  -7   2   7  -3  -3  -7  -5  -2  -3  -7  -5  -1  -5  -7  -6  -5    1   0   1   4   0   7  75   2   1   0   1   1   1   0   0   5   0   0   0   1  1.74 0.68
  119 N    -6  -5   9  -2  -8  -5  -5  -5  -4  -8  -8  -5  -7  -8  -7  -3  -5  -9  -7  -8    0   0  98   1   0   0   0   0   0   0   0   0   0   0   0   1   0   0   0   0  3.20 1.00
  120 L     2  -5  -4  -5  -1  -3  -4  -5  -5   3   3  -4  -2  -3  -5  -1  -2  -5  -4   4   21   0   0   0   1   1   0   0   0  16  25   0   0   0   0   4   2   0   0  30  0.71 0.35
  121 L     3  -4  -4  -4  -3  -3  -1  -3  -4  -3   1  -4  -3  -4  -4   2   4  -5   0  -2   31   0   0   0   0   0   4   1   0   1  14   0   0   0   0  16  26   0   4   2  0.63 0.38
  122 Y     3  -3  -1  -3   0  -2  -4  -2   7  -5  -3  -2  -4   2  -5   1  -4  -2   5  -5   22   1   2   1   2   1   0   2  30   0   2   1   0   7   0   9   0   0  17   0  0.99 0.45
  123 G    -3  -4  -3  -5  -7  -6  -6   7  -4  -8  -8  -4  -7  -7  -1  -2  -4  -7  -7  -6    1   1   1   0   0   0   0  89   0   0   0   1   0   0   3   2   1   0   0   0  2.26 0.74
  124 F    -7  -7  -8  -8  -3  -8  -8  -8  -5  -5  -3  -8  -5   9  -8  -7  -7  -3   4  -5    0   0   0   0   1   0   0   0   0   0   2   0   0  84   0   0   0   0  13   0  2.92 0.87
  125 S    -2   2   0  -3  -3   1  -2  -4  -1  -2  -2   5  -4  -5  -4   0   1  -6  -4   1    2   9   4   0   0   5   1   0   2   1   3  45   0   0   0   7   8   0   0  11  0.70 0.38
  126 K    -4   4  -1  -4  -1   0  -3  -5   4  -7  -6   6  -5  -7  -5  -1  -4  -7  -5  -6    0  19   2   0   2   3   1   0   9   0   0  58   0   0   0   5   0   0   0   0  1.48 0.59
  127 P     0  -7  -7  -6  -8  -6  -6  -7  -7  -8  -8  -6  -7  -8   9  -5  -6  -9  -8  -7    7   0   0   0   0   0   0   0   0   0   0   0   0   0  93   0   0   0   0   0  3.19 0.98
  128 N    -5  -5   8  -3   5  -5  -5  -5  -3  -7  -8  -5  -7  -7  -6   1  -4  -8  -7  -7    0   0  80   0  11   0   0   0   0   0   0   0   0   0   0   8   0   0   0   0  2.49 0.84
  129 I    -5  -7  -7  -7  -5  -7  -7  -8  -7   7  -3  -7  -3   0  -7  -6  -4  -6  -5   5    0   0   0   0   0   0   0   0   0  58   0   0   0   3   0   0   0   0   0  38  1.88 0.65
  130 L    -5  -6  -7  -8  -5  -6  -7  -8  -7   0   6  -6   4  -3  -7  -6  -5  -6  -5  -1    0   0   0   0   0   0   0   0   0   4  82   0  10   0   0   0   0   0   0   4  1.82 0.64
  131 D    -7  -6  -3   9  -8  -5  -3  -6  -6  -8  -9  -5  -8  -8  -6  -5  -6  -9  -8  -8    0   0   0 100   0   0   0   0   0   0   0   0   0   0   0   0   0   0   0   0  3.15 0.96
  132 I    -1  -6  -6  -7  -3  -6  -6  -6  -6   4   2  -6  -2  -4  -6  -5  -3  -6  -5   6    6   0   0   0   0   0   0   0   0  21  21   0   0   0   0   0   0   0   0  52  1.27 0.50
  133 K    -5  -2  -5  -5  -8  -3  -4  -6  -5  -8  -7   8  -6  -8  -6  -5  -5  -8  -7  -7    0   0   0   0   0   0   0   0   0   0   0 100   0   0   0   0   0   0   0   0  2.87 0.94
  134 L    -6  -6  -8  -8  -6  -6  -7  -8  -7  -3   7  -7   1  -4  -7  -7  -5  -6  -5  -3    0   0   0   0   0   0   0   0   0   0  97   0   3   0   0   0   0   0   0   0  2.23 0.75
  135 G    -4  -7  -5  -6  -7  -6  -7   8  -7  -8  -8  -6  -7  -8  -7  -5  -6  -7  -8  -8    0   0   0   0   0   0   0 100   0   0   0   0   0   0   0   0   0   0   0   0  2.84 0.87
  136 K     4  -1  -3  -4  -2  -3  -3  -4  -4  -1  -3   2  -2  -5  -4   0   2  -5  -4   2   40   4   1   0   0   0   0   0   0   3   1  15   0   0   0   7  11   0   0  17  0.62 0.36
  137 T    -5   7  -4  -5  -5   4  -4  -6  -4   1  -4   0  -4  -6  -6  -4  -3  -6  -5   1    0  58   0   0   0  17   0   0   0   9   1   4   0   0   0   0   2   0   0  10  1.47 0.59
  138 L    -6  -7  -8  -8  -6  -7  -7  -8  -7  -3   7  -7  -2  -4  -7  -7  -6  -6  -5  -3    0   0   0   0   0   0   0   0   0   0 100   0   0   0   0   0   0   0   0   0  2.33 0.78
  139 Y    -7  -7  -8  -9  -7  -7  -7  -8   1  -7  -6  -7  -6   1  -8  -7  -3  12   6  -3    0   0   0   0   0   0   0   0   4   0   0   0   0   4   0   0   2  66  22   2  3.53 1.00
  140 D     5  -6  -3   7  -6  -5  -3  -4  -4  -6  -7  -4  -6  -7  -5  -4  -5  -8  -7  -6   44   0   0  54   0   0   0   0   0   0   0   0   0   0   0   0   0   0   0   0  1.82 0.69
  141 S    -6  -5  -1   8  -8  -3   3  -5  -3  -7  -8  -4  -7  -8  -3  -2  -5  -8  -5  -7    0   0   2  74   0   1  20   0   0   0   0   0   0   0   1   2   0   0   0   0  2.13 0.73
  142 K    -1  -4   2   7  -6  -1   0  -1  -1  -6  -5  -1  -6  -3  -5  -1   0  -7  -4  -6    5   0  10  57   0   2   5   5   1   0   1   4   0   1   0   3   5   0   1   0  1.21 0.49
  143 A     7  -6  -5  -6  -5  -5  -5  -4  -6  -5  -5  -5  -5  -6  -5  -1   1  -7  -6  -1   85   0   0   0   0   0   0   0   0   0   0   0   0   0   0   3   8   0   0   4  1.86 0.72
  144 S    -1  -2  -3  -4  -6  -4  -4  -5   0  -5  -5   2  -5  -7   7   3   1  -7  -6  -4    3   2   1   1   0   0   0   0   3   1   1  11   0   0  51  19   8   0   0   1  1.40 0.56
  145 L     0  -4  -3  -1  -5   2   3  -5  -3  -2   1  -2  -1  -5   6  -3  -3  -6  -5  -3   10   0   1   3   0   9  17   0   0   1  17   2   2   0  35   1   1   0   0   1  0.82 0.40
  146 E     2  -4  -3   2  -6   2   6  -4  -4  -6  -6  -2  -5  -7  -4  -1  -2  -6  -6  -5   20   0   0   9   0   8  55   0   0   0   0   1   0   0   0   3   2   0   0   0  1.25 0.55
  147 K    -5  -2  -5  -5  -8  -3  -4  -6  -5  -8  -7   8  -6  -8  -6  -5  -5  -8  -7  -7    0   0   0   0   0   0   0   0   0   0   0 100   0   0   0   0   0   0   0   0  2.87 0.94
  148 R    -1   7  -4  -5  -7  -1  -4  -5  -4  -2  -6   5  -4  -7  -5  -4  -5  -7  -6  -3    5  54   0   0   0   2   0   0   0   3   0  34   0   0   0   0   0   0   0   2  1.65 0.63
  149 E     4   0  -1   0  -4   3   2  -4  -3  -1  -2   0  -3  -5  -4  -1   0  -5  -4  -2   35   6   2   5   0  15  16   0   0   4   3   5   0   0   0   1   5   0   0   2  0.51 0.32
  150 R    -6   8  -5  -6  -8  -3  -4  -7  -5  -7  -7   4  -6  -7  -6  -5  -5  -7  -6  -7    0  76   0   0   0   0   0   0   0   0   0  24   0   0   0   0   0   0   0   0  2.40 0.80
  151 M    -5  -6  -7  -7  -5  -6  -7  -7  -6  -2   6  -6   4   5  -7  -6  -5  -5  -3  -3    0   0   0   0   0   0   0   0   0   0  67   0   8  25   0   0   0   0   0   0  1.72 0.62
  152 K    -2  -3   0   7  -7   1   1  -1  -5  -3  -6   0  -6  -7  -5  -2  -2  -7  -6  -6    2   1   3  65   0   6   7   5   0   2   0   4   0   0   0   1   2   0   0   0  1.48 0.57
  153 R     2   0  -1   1  -6   1   2  -4  -4  -5  -5   6  -3  -6  -4  -2  -2  -6  -5  -4   16   3   2   7   0   5  12   0   0   0   0  51   0   0   0   1   2   0   0   1  1.00 0.46
  154 V    -3  -6  -4  -4  -5  -4  -6  -7  -7   4  -2  -6  -2  -4  -6  -4  -1  -7  -5   7    1   0   1   1   0   1   0   0   0  22   2   0   0   0   0   1   4   0   0  68  1.61 0.60
  155 S     4  -5  -4  -5  -5  -4  -4  -4  -5  -6  -6  -4  -5  -6  -5   5   2  -7  -6  -5   37   0   0   0   0   0   0   0   0   0   0   0   0   0   0  52  11   0   0   0  1.44 0.63
  156 E     3   1   1   1  -3   0   2  -2  -2  -5  -4   2  -3  -5  -4   1  -2  -5  -4  -4   27   9   7   8   0   4  16   2   0   0   1  12   0   0   0  12   1   0   0   0  0.47 0.29
  157 T    -1  -1   1   0  -6   1   6  -4  -3  -4  -6   0  -5  -6  -4   1   1  -6  -4  -4    4   2   5   3   0   6  53   0   0   1   0   5   0   0   0  10   8   0   0   1  0.97 0.46
  158 T    -5  -6  -5  -6  -6  -5  -6  -6  -6  -5  -6  -5  -5  -7  -6   0   8  -7  -6  -5    0   0   0   0   0   0   0   0   0   0   0   0   0   0   0   4  96   0   0   0  2.67 0.93
  159 T    -5  -6  -5  -6  -6  -5  -6  -6  -7  -5  -6  -5  -5  -7  -6  -3   8  -7  -6  -5    0   0   0   0   0   0   0   0   0   0   0   0   0   0   0   0  99   0   0   0  2.82 0.97
  160 S    -4  -5  -3  -5  -3  -4  -4  -5   7  -7  -7  -5  -6  -6  -5   7  -2  -7  -5  -6    0   0   0   0   0   0   0   0  24   0   0   0   0   0   0  73   2   0   0   0  2.12 0.80
  161 G    -1   1  -3  -4  -4  -3  -4   6  -2  -6  -2   3  -5  -3  -5   1  -4  -6  -5  -5    4   7   0   0   0   0   0  53   1   0   5  19   0   1   0   9   0   0   0   0  1.06 0.45
  162 S    -2  -4   0   0  -4  -3   0  -3  -2  -5  -5   0  -4  -6   2   6   0  -6  -5  -5    2   0   4   5   0   0   6   1   1   0   1   6   0   0  11  57   6   0   0   0  1.02 0.51
  163 L    -5  -6  -7  -7  -5  -6  -7  -7  -1  -2   6  -6   0   1  -7  -5  -1  -5  -2  -3    0   0   0   0   0   0   0   0   2   0  85   0   2   5   0   0   5   0   1   0  1.70 0.63
  164 G    -3  -6   1  -5  -3  -6  -6   7   2  -8  -8  -5  -7  -7  -6  -2  -5  -7  -7  -7    1   0   8   0   1   0   0  84   4   0   0   0   0   0   0   2   0   0   0   0  2.16 0.71
  165 F    -6  -7  -7  -8  -4  -7  -7  -8  -5  -1  -1  -7   0   9  -8  -7  -6  -1   2  -1    0   0   0   0   0   0   0   0   0   3   5   0   2  79   0   0   0   0   6   4  2.42 0.75
  166 R    -6   9  -5  -6  -8  -4  -5  -7  -5  -8  -7  -3  -6  -8  -7  -6  -6  -8  -7  -7    0 100   0   0   0   0   0   0   0   0   0   0   0   0   0   0   0   0   0   0  3.14 0.98
  167 I    -5  -7  -7  -7  -5  -7  -7  -8  -7   7   0  -7   1  -4  -7  -6  -5  -7  -5   3    0   0   0   0   0   0   0   0   0  74   8   0   2   0   0   0   0   0   0  16  1.97 0.65
  168 C     6  -6  -6  -6   7  -5  -4  -4  -6  -5  -5  -5  -5  -6  -5  -2   1  -7  -6  -4   70   0   0   0  19   0   1   0   0   0   0   0   0   0   0   1   9   0   0   0  1.78 0.68
  169 G    -4  -7  -5  -6  -7  -6  -7   8  -7  -8  -8  -6  -7  -8  -7  -5  -6  -7  -8  -8    0   0   0   0   0   0   0 100   0   0   0   0   0   0   0   0   0   0   0   0  2.84 0.87
  170 M    -6  -7  -7  -8  -7  -4  -7  -8  -7  -4  -2  -7  11   2  -8  -7  -6  -6  -5  -4    0   0   0   0   0   0   0   0   0   0   1   0  90   9   0   0   0   0   0   0  3.52 1.07
  171 K    -5   6  -3  -5  -7   1  -1  -6  -1  -7  -6   6  -5  -7  -5  -4  -4  -7  -6  -6    0  41   0   0   0   6   3   0   1   0   0  48   0   0   0   0   1   0   0   0  1.72 0.64
  172 I    -3  -6  -6  -6  -4  -5  -6  -6  -6   3  -1  -6   0  -4  -6  -4   3  -6  -5   6    1   0   0   0   0   0   0   0   0  17   5   0   2   0   0   0  18   0   0  58  1.37 0.54
  173 Q    -6  -3  -7  -7  -4   1  -3  -7  -1  -4  -6  -5  -5   2  -5  -6  -6  10   7  -4    0   2   0   0   0   6   2   0   1   1   0   1   0   6   0   0   0  45  34   1  2.60 0.81
  174 K    -2   3   2   1  -3   4  -1  -3   3  -3  -3   3  -1  -5  -4  -2   0  -5  -3  -2    3  14  10   9   0  20   1   1   6   1   2  20   2   0   0   2   6   0   0   3  0.53 0.30
  175 N    -2  -4   3  -2  -5  -4  -3   6  -2  -5  -5  -3  -5  -5  -2  -1  -3  -5  -4  -5    3   0  15   2   0   0   1  68   1   0   1   1   0   0   2   3   1   0   1   1  1.47 0.50
  176 P     1  -2  -1   1  -3   0   1  -1   2  -3  -3   0  -3  -3   2   3   0  -4  -3  -2   11   1   2   6   0   4   9   5   5   1   2   6   0   1  12  26   5   0   0   3  0.31 0.19
  177 S     0  -1   0   2  -2   0   2   1  -1  -3  -3   1  -2  -3   0   2   2  -3  -2  -2    5   3   4  10   1   4  15   9   1   1   2   7   0   1   4  15  14   0   1   2  0.22 0.14
  178 V     2  -1   0   3  -2  -1   0   0  -1  -1  -1   0   0  -3  -1   0   0  -2  -2   0   20   2   4  19   1   1   5   6   1   3   5   7   2   1   3   7   6   0   1   8  0.16 0.11
  179 L     1  -1   0  -1  -1   0   1  -1  -1   0   0   1   0  -2   2   0   0  -2  -1   0   16   1   3   3   1   3  11   4   1   4   8   9   2   1  11   5   5   0   3   7  0.10 0.07
  180 N     1  -1   0   1  -1  -1   1   2  -1  -2  -2   0  -2  -2   1   2   1  -3  -2  -2    9   3   4   8   1   1  10  16   1   2   4   4   1   1   6  18   8   0   1   2  0.19 0.11
  181 Q    -1  -1   0   1  -2   1   3   1   0  -2  -2   0  -1  -2   1   0   0  -2  -2  -1    4   3   4   9   1   8  24  10   2   2   3   6   1   2   7   5   5   0   1   4  0.21 0.11
  182 L     0  -1   0   0  -1  -1   1   0  -1   0   2   0   0  -1   0   0  -1   0  -1   0    7   2   4   6   1   2   9   6   1   4  28   5   1   2   5   6   3   1   1   5  0.07 0.07
  183 S    -1  -1   0   4  -2  -1   1   0   0  -1   0   0  -1  -2   0   0  -1  -2  -2  -1    5   2   4  27   1   2   9   8   2   3   9   6   1   1   4   7   3   0   1   4  0.21 0.10
  184 L     0   0   0   1  -2   0   2   0   0  -1  -1   1  -1  -1   1   0   0  -2  -1   0    7   4   3   7   1   4  14   8   3   4   6  10   2   3   7   6   4   0   2   6  0.08 0.04
  185 E     0  -1   0   2  -2   0   4  -1  -1  -2  -1   1  -2  -2   0   0   0  -2  -2  -2    6   3   3  10   1   3  29   5   1   2   5   9   1   2   4   7   4   1   1   3  0.24 0.11
  186 Y     0   0   0   0  -1   0   0   0   2  -1  -1   1   0   1   0   0   0  -1   1   0    6   3   3   5   1   2   7   7   8   3   7   9   2   7   3   5   5   1   8   6  0.04 0.02
  187 Y     0  -1   0  -1   0   0   0   0   1   0   0  -1   0   0   0   0   0   0   2   0    7   3   4   3   2   3   6   8   6   5   8   4   4   4   4   4   5   1  10  11  0.02 0.02
  188 E     0   0   0   1  -1   0   3  -1   0  -1  -1   1  -1  -1   0   0   0  -2   0  -1    5   3   4   7   2   3  26   4   2   4   4   8   1   4   3   6   5   1   3   5  0.15 0.07
  189 E     0  -1   0   1  -1   0   1  -1   0   0   0   0  -1  -1   1   0   0  -2  -1   1    6   3   4  11   1   4  10   5   2   4   7   6   1   3   6   5   4   1   2  15  0.04 0.03
  190 E     0  -1   0   2  -2   0   2  -1   0   1  -1   0  -1  -2  -1   0   0  -2  -1   0    5   2   3  14   1   2  16   5   2  13   6   4   2   1   2   7   4   0   3   8  0.10 0.07
  191 A     0  -1   0   2  -2   0   3   1  -1  -1  -2   0  -1  -1  -1   0   0  -2  -2  -1    8   2   4  13   1   2  21  10   1   3   3   7   1   2   2   7   5   1   1   5  0.17 0.09
  192 D     0  -1   0   3  -3   0   2  -1  -1  -2  -1   3  -2  -3  -1   0  -1  -3  -2  -2    7   2   4  21   0   3  15   3   1   2   6  18   1   1   2   7   3   0   1   2  0.30 0.15
  193 S    -1  -2   2   4  -2  -1   2   2   0  -3  -3  -1  -2  -3  -1   0   0  -3  -3  -3    3   1   8  28   1   2  13  15   2   1   2   3   1   1   3   7   5   0   1   2  0.42 0.18
  194 D    -3  -3   0   2  -3  -3   1   6  -3  -5  -5  -1  -2  -5  -4  -2  -4  -5  -3  -4    1   1   4  13   1   1  11  57   1   0   1   3   1   0   0   2   0   0   1   1  1.11 0.43
  195 Y    -4  -6  -5  -7  -5  -6  -6  -7  -2  -5  -5  -6  -5   4  -1  -3  -5   0   9  -5    1   0   1   0   0   0   0   0   0   0   0   0   0  14   3   2   0   1  75   0  2.58 0.82
  196 I    -3   3  -4  -1  -4  -1  -3  -5  -3   2   0   5  -1  -4  -4  -3  -1   5  -4   0    0  19   0   4   0   2   0   0   0  14   7  33   1   0   0   0   4   7   0   7  0.69 0.36
  197 F    -2   1   0  -4  -1  -3  -2  -3  -2   4   0   0  -2   1  -4   0   0  -4  -2   3    1   8   4   0   1   0   2   1   1  23   6   6   0   6   0   7   6   0   0  26  0.35 0.23
  198 I    -6  -6  -6  -7  -6  -6  -6  -7  -1   0  -3  -6  -5   4  -7  -6  -1  -2   9  -1    0   0   0   0   0   0   0   0   1   5   1   0   0  17   0   0   4   0  66   5  2.24 0.75
  199 N    -5  -5   5   7  -7  -4  -3  -2  -4  -7  -7  -3  -6  -7   0  -1  -3  -8  -7  -7    0   0  31  56   0   0   0   2   0   0   0   1   0   0   5   4   1   0   0   0  1.77 0.65
  200 K    -5   0  -4  -5  -8  -3  -4  -5  -5  -7  -7   8  -6  -8  -5  -4  -5  -8  -6  -7    0   3   0   0   0   0   0   1   0   0   0  95   0   0   0   0   0   0   0   0  2.62 0.87
  201 L    -3  -3   2   3  -5  -1  -2  -5   2  -3   0  -3   4   4  -4  -1  -2   5   2  -4    1   1  10  19   0   2   2   0   6   0   7   1  11  20   0   5   2   8   5   0  0.62 0.33
  202 Y    -7  -7  -7  -8  -7  -6  -7  -8  -1  -6  -5  -7  -6   3  -8  -7  -6   4  10  -6    0   0   0   0   0   0   0   0   1   0   0   0   0  11   0   0   0   4  84   0  3.11 0.94
  203 G    -4  -7  -5  -6  -4  -6  -7   8  -7  -8  -8  -6  -7  -8  -7  -5  -6  -7  -8  -8    0   0   0   0   0   0   0 100   0   0   0   0   0   0   0   0   0   0   0   0  2.82 0.86
  204 R    -6   8  -5  -6  -8   0  -4  -7  -5  -7  -7   2  -6  -7  -6  -4  -5  -7  -3  -7    0  85   0   0   0   3   0   0   0   0   0  11   0   0   0   1   0   0   1   0  2.48 0.82
  205 S     0  -2   0  -2  -4   1  -1   0  -3  -3  -4   2   0  -4  -4   4   3  -3  -4  -2    5   1   3   1   0   6   3   6   0   1   1  14   2   0   0  37  16   0   0   3  0.55 0.34
  206 R    -5   1  -6  -7  -5  -5  -6  -6  -5   2   3  -5  -1   6  -6  -5  -4  -4  -1   3    0   7   0   0   0   0   0   0   0   9  30   0   1  36   0   0   0   0   0  18  1.10 0.45
  207 T    -3  -3   5   0  -5  -1  -3  -3  -1  -4  -5   1  -5  -6  -4   2   5  -6  -5  -4    1   0  32   4   0   2   0   1   1   1   0   9   0   0   0  13  35   0   0   0  1.03 0.49
  208 D     3  -2   0   2  -3   0   2  -3  -2  -2  -3   2  -3  -5   1  -1   1  -5  -4   0   27   1   4  10   0   3  14   0   1   1   2  13   0   0   7   3   8   0   0   6  0.35 0.24
  209 Q    -1  -3   0   5  -6   1   4  -1   2  -6  -6  -1  -5  -6  -4   0  -2  -3  -4  -4    6   1   3  35   0   5  29   4   4   0   0   4   0   0   0   6   2   0   0   1  0.90 0.41
  210 N    -5  -5   7   3  -6  -1  -2  -4  -3  -7  -7  -4  -6  -7  -6  -2   3  -8  -6  -6    0   0  62  13   0   2   1   0   0   0   0   0   0   0   0   1  20   0   0   0  1.82 0.68
  211 V    -3  -6  -7  -7  -2  -6  -6  -7  -7   4   0  -6  -1  -3  -6  -6  -4  -6  -5   6    2   0   0   0   1   0   0   0   0  22   7   0   1   0   0   0   0   0   0  67  1.67 0.60
  212 S    -1   1  -1  -1  -3  -1  -1  -3   2   1   0   3  -1  -3   0   0  -1  -4  -2   2    5   7   3   3   0   1   4   1   7   7  10  20   1   0   4   5   4   0   0  19  0.18 0.17
  213 D    -3  -2  -1   6  -7   3   4  -3  -2  -6  -7  -1  -6  -7  -5  -2  -3  -7  -6  -5    1   1   2  45   0  13  29   1   1   0   0   3   0   0   0   1   1   0   0   0  1.35 0.54
  214 A     4  -5  -1  -4  -5  -4   0   5  -3  -6  -6  -4  -4  -6  -5   0  -3  -6  -6  -5   34   0   2   0   0   0   7  50   0   0   0   0   0   0   0   5   1   0   0   0  1.26 0.51
  215 I    -6  -7  -7  -8  -3  -7  -7  -8  -6   2   0  -7  -2   9  -8  -7  -6  -4  -2  -1    0   0   0   0   1   0   0   0   0  12   7   0   1  77   0   0   0   0   0   3  2.36 0.74
  216 E     0   4  -1  -1  -3   0   4  -2  -2  -4  -3   3  -3  -5  -4   0   0  -2  -4  -2    8  23   2   3   0   3  26   2   0   0   2  17   1   0   0   5   5   1   0   3  0.57 0.31
  217 L     0   1   1   1  -2  -1   2  -3   0  -2   0   2   0  -4  -3   0   2  -5  -3  -2    9   6   7   6   0   2  13   0   2   2  12  15   3   0   0   5  17   0   0   1  0.24 0.20
  218 Y    -7  -7  -7  -8  -7  -7  -7  -8  -4  -5  -4  -7  -5   8  -8  -7  -6  -3   7  -5    0   0   0   0   0   0   0   0   0   0   1   0   0  67   0   0   0   0  32   0  2.75 0.84
  219 F    -5  -6  -7  -7  -5  -6  -7  -7  -4   4   2  -6  -2   7  -7  -6  -5  -4  -2   1    0   0   0   0   0   0   0   0   0  22  20   0   0  49   0   0   0   0   0   9  1.55 0.55
  220 N     2  -1   0  -1   1  -2  -1   0  -1  -3  -1  -3  -3   5   1  -1  -2  -3  -1  -3   18   4   5   4   3   1   3   7   1   0   6   0   0  31   8   5   2   0   1   0  0.42 0.27
  221 N    -1  -2   5  -2  -3  -2  -3   2   2  -4  -2  -1  -2  -1   1   2  -2  -5  -3  -2    4   1  28   1   0   1   0  17   6   0   5   2   1   3   7  20   1   0   1   2  0.52 0.29
  222 P     4  -3   1   1  -4  -1  -1   0  -2  -3  -3  -3  -3  -4   2   0   0  -5  -4  -1   46   1   6  10   0   3   2   6   1   0   2   0   0   0   9   4   6   0   0   4  0.57 0.33
  223 H     0   0   0   0  -4   0   0   5   1  -5  -4   3  -4  -5  -3   0  -2  -5  -4  -4    6   5   3   4   0   4   5  42   3   0   1  17   0   0   0   5   2   0   0   1  0.65 0.31
  224 L     0  -2  -3  -3  -3  -2  -3  -2  -3   4   3   0   0  -1  -3  -3  -1  -4  -3   2    9   1   1   1   0   1   1   4   0  27  29   7   1   1   1   1   2   0   0  12  0.44 0.24
  225 S    -2  -3   0   4  -5  -2  -1   2  -3  -5  -5  -1  -5  -6   1   3   2  -6  -4  -3    2   1   4  27   0   1   3  16   0   0   0   3   0   0   8  22  11   0   0   1  0.64 0.34
  226 D    -1   0   0   1  -4   1   3  -3  -3  -4  -3   3  -4  -4   3   0  -1  -5  -4  -3    5   4   3   6   0   6  21   1   0   1   2  24   0   0  17   5   3   0   0   2  0.55 0.30
  227 A     1  -1  -1   4  -5   0   4  -1   0  -2  -5   1  -4  -5  -1  -1  -2  -6  -5  -4   10   3   2  24   0   4  33   4   2   2   0   9   0   0   2   3   2   0   0   1  0.67 0.34
  228 R    -4   5  -3  -2  -4   2  -2  -5   0   0   3  -1   0  -2  -2  -2  -2  -5  -2  -2    0  35   1   2   0   9   2   0   2   5  30   2   3   2   2   2   1   0   1   1  0.65 0.35
  229 K     3   1  -3  -4  -3   0  -2   3  -3  -1  -1   0   1  -3  -3   1  -2  -5  -4  -1   25   7   0   0   0   4   1  26   0   4   6   6   5   1   0  10   1   0   0   4  0.39 0.25
  230 H     0   5  -2  -2  -6   1   0  -3   1  -4  -2   5  -3  -3  -4  -2  -3  -3  -3  -4    7  32   1   2   0   6   4   1   4   1   4  33   0   1   0   2   0   0   0   0  0.85 0.40
  231 Q     1   0  -2   0  -1   1   2  -3  -1   0   1   1   1   0   0  -1   0  -2  -2  -1   13   5   0   4   1   7  13   1   1   5  20  10   3   4   4   1   4   0   1   2  0.12 0.13
  232 L    -4  -6  -7  -7  -2  -6  -6  -7  -7   5   3  -6  -2  -4  -6  -5  -4  -6  -5   5    0   0   0   0   1   0   0   0   0  27  24   0   0   0   0   0   0   0   0  48  1.38 0.52
  233 K     3  -4  -5  -5   5  -4  -4  -4  -5   3   3   0  -2  -3  -4  -2  -2  -3  -2   1   26   0   0   0  11   0   0   0   0  19  26   5   0   0   0   2   2   0   1   7  0.59 0.32
  234 K     1   2   0   0  -4   3   3   0   0  -4  -4   2  -3  -5  -2   1   0  -5  -3  -3   12  11   4   3   0  14  19   6   2   0   0  12   0   0   1   8   5   0   0   1  0.39 0.24
  235 T     2   5   1  -4  -4  -2  -3  -2  -3  -2  -2  -2   0  -1  -4  -2   1  -5   1  -2   22  36   8   0   0   0   1   2   0   3   4   1   2   2   0   2  11   0   6   2  0.62 0.36
  236 F    -4  -7  -7  -8  -4  -7  -7  -7  -6   2   1  -7  -1   8  -7  -6  -3  -2  -2  -3    1   0   0   0   0   0   0   0   0   9  13   0   1  72   0   0   2   0   0   1  2.11 0.69
  237 L     2  -1  -4  -4  -3  -1  -1  -4   2   2   3  -2  -1  -1  -4  -3  -2  -1   0   1   17   4   0   0   0   2   4   0   5  11  36   1   0   2   0   1   1   1   3  11  0.39 0.25
  238 K     1   3   0   1  -4   2   2   0  -1  -3  -4   1  -3  -5  -4  -1   0  -5  -4  -3   14  18   4   8   0  10  16   8   1   2   1   9   0   0   0   2   6   0   0   1  0.38 0.24
  239 R    -1   4  -3   6  -7  -2   4  -4  -3  -6  -6   0  -6  -7  -5  -4  -3  -7  -6  -5    4  20   0  41   0   1  28   1   0   0   0   4   0   0   0   0   1   0   0   0  1.27 0.52
  240 L    -4  -6  -7  -7  -2  -6  -6  -7  -7   2   5  -6  -2  -3  -6  -6  -4  -6  -5   4    1   0   0   0   1   0   0   0   0   9  65   0   0   0   0   0   0   0   0  25  1.43 0.54
  241 Q     0   3  -3  -2  -2   4   2  -2  -1  -4  -5   3  -1  -5  -4  -1   1  -5  -4  -4    9  19   0   2   1  23  14   3   1   1   0  16   1   0   0   2   8   0   0   0  0.64 0.35
  242 L    -1   3   0   3  -3  -1   1   0   0  -2   1   1  -1  -3  -4   0  -2  -2  -4  -3    4  18   4  16   0   1  10   9   2   2  16   6   1   0   0   7   1   1   0   0  0.26 0.20
  243 F    -1  -5  -6  -6  -2  -5  -6  -6  -6   5   3  -5   1   3  -6  -5  -3  -5  -3   3    5   0   0   0   1   0   0   0   0  33  24   0   2  12   0   0   0   0   0  23  0.97 0.39
  244 Y    -4   3  -4  -3  -6   6   2  -5  -1  -2  -1   0  -3  -1  -5  -4  -3  -4   4  -3    0  13   0   1   0  35  15   0   1   3   6   5   0   2   0   0   1   0  17   1  0.91 0.45
  245 N     1   0   4   1  -5   1   3  -2   2  -4  -4   0  -3  -3  -4   0  -2  -4   1  -4   12   5  21   8   0   6  22   1   4   0   1   5   0   1   0   5   1   0   5   1  0.47 0.27
  246 T     1  -5  -5  -5   4  -3  -5  -5  -5   2  -2  -5   1  -4  -5  -2   2  -6  -4   5   11   0   0   0   9   1   0   0   0  11   1   0   3   0   0   2  16   0   0  47  0.96 0.43
  247 M    -5  -6  -7  -7  -5  -6  -6  -7  -6   3   6  -6   2   3  -6  -6  -5  -3  -4  -2    0   0   0   0   0   0   0   0   0  13  71   0   4  10   0   0   0   0   0   1  1.48 0.54
  248 L     0  -3  -4  -3  -6  -1   6  -4  -4  -4   2  -3  -3  -5  -5   1  -2  -6  -5  -4    7   1   0   0   0   2  57   1   0   1  18   0   0   0   0  10   2   0   0   0  1.09 0.51
  249 E     0   2   3   2  -4   0   1   0   0  -5  -5   2  -3  -5  -3   2   0  -5  -4  -4    7  11  17  12   0   2   8   6   2   0   0  12   0   0   0  16   4   0   0   0  0.43 0.25
  250 E    -3  -3  -1  -3  -4   4   5  -5   4  -2  -2   1  -3  -5  -4   0  -1  -5   1  -2    1   0   2   0   0  17  40   0   8   3   3  10   1   0   0   5   3   0   5   2  0.79 0.40
  251 E    -5  -4  -3  -1  -8  -2   8  -5   0  -7  -7  -3  -6  -7  -5  -5  -5  -7  -6  -7    0   0   1   2   0   0  93   0   2   0   0   0   0   0   0   0   0   0   0   0  2.50 0.86
  252 V    -2  -5  -2  -4  -2  -4  -4  -4  -5   0  -1  -4   0  -4  -5   6   1  -6  -5   2    1   0   1   0   1   0   0   0   0   4   5   0   3   0   0  61   8   0   0  16  1.12 0.54
  253 R    -6   9  -5  -6  -8  -3  -5  -7  -5  -7  -7  -2  -6  -7  -7  -5  -6  -7  -6  -6    0  97   0   0   0   0   0   0   0   0   0   1   0   0   0   0   0   0   0   1  2.97 0.92
  254 M    -6  -6  -7  -8  -6  -5  -7  -7  -6   1  -2  -6  11  -3  -7  -6  -5  -6  -6  -3    0   0   0   0   0   0   0   0   0   8   2   0  87   1   0   0   0   0   0   0  3.29 1.00
  255 I    -5   0  -6  -7  -6  -5  -6  -7  -3   2  -4  -6  -4   3  -7  -6  -5  -3   9   0    0   6   0   0   0   0   0   0   0  12   0   0   0  10   0   0   0   0  65   7  2.07 0.71
  256 S    -2  -5  -4  -5  -5  -4  -5   0  -5  -7  -7  -5  -6  -7  -5   7  -3  -7  -6  -6    2   0   0   0   0   0   0   6   0   0   0   0   0   0   0  91   0   0   0   0  2.18 0.82
  257 S     5  -5  -4  -5  -2  -4  -4   2  -5  -5  -5  -4  -5  -6  -4   4  -1  -6  -5  -4   54   0   0   0   1   0   0  12   0   0   0   0   0   0   0  28   4   0   0   0  1.23 0.54
  258 S    -3  -5  -4  -5  -5  -5  -5  -5  -5  -7  -7  -5  -6  -7  -5   8  -3  -7  -6  -6    0   0   0   0   0   0   0   0   0   0   0   0   0   0   0  99   0   0   0   0  2.52 0.91
  259 L    -4  -6  -7  -7  -5  -6  -6  -7  -6   3   6  -6  -1  -2  -6  -6  -4  -5  -4   2    0   0   0   0   0   0   0   0   0  15  69   0   0   1   0   0   0   0   0  14  1.42 0.52
  260 L    -5  -6  -7  -7  -5  -6  -7  -7  -7  -2   7  -6  -2  -1  -7  -6  -5  -6  -5  -3    0   0   0   0   0   0   0   0   0   0  96   0   0   2   0   0   0   0   0   0  2.15 0.73
  261 F    -5  -6  -7  -7  -4  -6  -7  -7  -5   3   1  -6   3   8  -7  -6  -5  -3  -2  -1    0   0   0   0   0   0   0   0   0  14  12   0   8  62   0   0   0   0   0   3  1.83 0.61
  262 I    -3  -6  -7  -7  -1  -6  -6  -7  -7   4  -2  -6  -1  -4  -6  -5  -3  -6  -5   7    1   0   0   0   1   0   0   0   0  21   1   0   1   0   0   0   1   0   0  73  1.80 0.63
  263 Y    -6  -6  -7  -7  -5  -6  -7  -7  -3  -4  -5  -6  -4   5  -7  -6  -6  -1   9  -4    0   0   0   0   0   0   0   0   0   1   0   0   0  24   0   0   0   0  72   1  2.81 0.86
  264 E    -6  -5  -5  -3  -9  -3   8  -7  -5  -8  -8  -4  -7  -8  -6  -5  -6  -8  -7  -7    0   0   0   0   0   0 100   0   0   0   0   0   0   0   0   0   0   0   0   0  2.84 0.95
  265 G    -1  -6   1  -5  -4  -6  -6   7  -6  -8  -8  -6  -7  -7  -6  -2  -4  -7  -7  -7    5   0   5   0   0   0   0  86   0   0   0   0   0   0   0   3   1   0   0   0  2.20 0.72
  266 D    -6  -6  -1   8  -8  -5  -2  -5  -2  -8  -8  -5  -8  -8  -6  -5  -6  -9  -8  -8    0   0   2  96   0   0   1   0   1   0   0   0   0   0   0   0   0   0   0   0  2.91 0.91
  267 P     0  -2  -2  -3  -4  -2  -1   4  -4  -2  -2  -2  -3  -5   4  -1  -2   3  -4   0    8   2   1   1   0   1   5  33   0   2   5   1   1   0  22   5   1   4   0   8  0.61 0.31
  268 E     1  -2   0   3  -5   1   5  -2   0  -4  -5   1  -3  -5  -3   0  -1  -6  -4  -2   11   1   3  18   0   4  36   3   2   1   0  10   0   0   1   5   2   0   0   4  0.64 0.33
  269 R     5   3  -3  -4  -4  -2   0  -2  -3  -4  -5   0  -4  -6  -4  -1  -1  -6  -5  -3   57  19   1   0   0   1   7   2   0   1   0   5   0   0   0   2   4   0   0   1  1.02 0.48
  270 W    -1  -2  -6  -7  -5  -5  -6  -6  -5  -2   5  -5   3   2  -6  -5  -5   8   3  -3    5   3   0   0   0   0   0   0   0   0  49   0   6   8   0   0   0  19   9   0  1.33 0.51
  271 E     0   4  -1   3  -6   1   4  -3  -2  -6  -5   1  -4  -5  -4  -2  -3  -6  -5  -5    7  24   2  18   0   6  29   1   1   0   0   9   0   0   0   2   0   0   0   0  0.81 0.38
  272 L     2   0   0   0  -3   1   3  -2   0  -3  -2   2  -2  -3  -2   1   0  -4  -2  -2   21   3   5   4   0   6  20   1   2   1   4  12   1   0   1   9   6   0   1   3  0.28 0.20
  273 L     5  -3  -3  -2  -3  -2  -2   0  -4  -3   1  -2  -1  -3  -4  -1   0  -5  -4  -1   54   1   1   2   0   1   2   8   0   1  14   1   1   1   0   2   7   0   0   3  0.69 0.37
  274 N    -2  -2   0   0  -3  -1  -1  -3  -1   3   2   1   3   2  -4  -2  -2  -2  -2   0    1   1   6   6   0   3   3   1   1  21  22   8  10   9   0   1   1   0   0   4  0.30 0.20
  275 D     0  -2   0   3  -5   1   5  -1  -3  -4  -4   1  -2  -4  -3  -1  -2  -5  -1  -3    8   1   5  18   0   6  37   5   0   1   1   7   1   0   1   3   2   0   2   2  0.61 0.31
  276 V     0  -1   0   1  -4   1   4  -2  -1   0  -2   1  -1  -3  -3  -1   1   0  -2   0    7   3   3   6   0   6  32   3   1   6   4   8   1   1   1   3   8   1   1   6  0.29 0.19
  277 D     0  -2   3   3  -4  -1   4  -3   0  -3   0  -1  -2  -3  -1  -1  -2  -3  -4  -3   10   1  14  16   0   2  30   2   2   1  10   3   0   1   2   3   1   0   0   1  0.47 0.26
  278 K     0   1   2  -1  -2   2   1  -1  -1  -2  -3   3  -2  -4   1   1   0  -2  -1  -3    7   6  13   2   1   8  10   3   1   2   1  19   1   0   5  12   5   1   2   1  0.27 0.17
  279 L     1   1  -1  -1  -2   0   1  -1  -1   0   1   1  -1  -2  -2   0   0  -3  -1   0   14   8   2   3   0   3  13   3   1   8  14  11   1   1   1   7   4   0   2   4  0.09 0.09
  280 M     1   0  -1  -1  -2   0  -1  -2  -1   1   1   0   1   0   0   0   0  -2   0   0   14   5   2   3   0   3   4   2   1   9  20   5   3   5   4   7   4   0   2   5  0.05 0.06
  281 R     0   2   0  -1  -2   0   0  -1   0   0   0   1   0  -2   2  -1   0  -3  -1   0    9  17   4   3   0   2   5   4   2   8   8   8   2   1   9   3   6   0   2   7  0.10 0.08
  282 D     1  -1   0   4  -3   1   2  -1  -2  -3  -3  -1  -3  -4   1   0   0  -4  -3  -2   16   2   3  22   0   6  16   4   1   1   2   3   0   0   8   7   5   0   0   3  0.36 0.21
  283 D     1   1   0   2  -3   1   1  -1  -1  -2  -2   0  -1  -3   1   1   1  -3  -2  -2   15   7   3  11   0   5  11   5   2   1   4   6   2   1   7  10   8   0   1   3  0.16 0.11
  284 F     0   0  -2   0  -2   0   1  -1   0   0   0  -1  -1   2   0   0  -1  -2  -1   0    7   7   1   5   1   2  14   4   2   5  12   2   1  11   5   8   4   0   1   8  0.06 0.08
  285 I     1  -1  -1   0  -2   0   2  -1  -1   1   0   0  -1  -1   1   0   0  -1  -1   1   11   3   3   5   0   3  15   3   1  10   9   4   1   2   6   5   5   1   1  12  0.07 0.07
  286 D     1   0   1   3  -2   1   2   0  -1  -1  -2   0  -2  -3  -1   0   0  -3  -1  -2   12   5   6  17   1   6  16   9   1   3   3   5   1   1   2   4   4   0   2   3  0.21 0.14
  287 D    -1   1   0   2  -2   1   3   0  -1  -1  -2   1  -1  -3  -1   0  -1  -1  -1  -2    5   8   4  11   1   6  22   7   1   4   2   7   2   0   3   9   3   1   2   2  0.21 0.14
  288 D     1   0   0   3  -2   0   2   1  -1  -2  -2   0  -1  -3  -1   0   0  -4  -3  -2   11   4   3  21   1   4  15  10   1   2   3   4   2   1   2   7   6   0   0   1  0.27 0.16
  289 D     0   0   0   3  -3   1   3   0   0  -2  -2  -1  -2  -3   1   1  -1  -4  -2  -2    6   4   3  19   0   7  18   7   2   2   4   2   1   1   8  10   3   0   1   2  0.28 0.17
  290 D     1   0  -1   3  -3   0   3  -1  -2  -2  -2   0  -3  -3   0   0   0  -3  -3  -2   13   6   2  19   0   3  21   5   1   2   3   4   0   1   3   8   5   0   1   3  0.30 0.18
  291 D     0   0   0   3  -3   0   2   0   1  -1  -2   0  -2  -2  -1   1   0  -3  -1  -1    9   5   4  16   0   3  19   6   4   3   2   4   1   2   2   9   4   0   2   6  0.19 0.12
  292 D     0   1   0   3  -2   0   2   0  -2  -2  -1  -1   0  -3  -1   0  -1  -2  -2  -2    6  10   3  20   1   3  17   8   1   1   5   3   3   1   3   8   3   0   1   3  0.24 0.15
  293 D     0  -1   0   3  -2   0   3   0  -1  -1  -1  -1  -1  -2  -2   1   1  -3  -3  -1    5   3   3  17   1   3  22   7   1   5   5   3   1   2   2  10   7   0   1   3  0.22 0.14
  294 N     0   0   0   3  -1   0   2   1  -1  -1  -2   0  -2  -3  -1   0   1  -3  -2  -1    6   4   5  16   1   2  16   9   1   3   3   6   0   1   2   8  10   0   1   6  0.17 0.12
  295 D     0  -1  -1   3  -2  -1   2   1  -1  -1  -2   0   0  -2  -1   0   0  -3  -2  -1    7   3   2  19   1   2  18  10   1   5   4   7   2   2   3   6   6   0   2   3  0.19 0.13
  296 D    -1   1   0   3  -3   0   2   0  -2  -1  -2  -1  -1  -2   1   0   0  -3  -2  -1    5   9   4  18   0   3  16   7   1   4   4   2   1   2   6   6   6   0   1   5  0.19 0.12
  297 D    -1  -2   1   3  -3   0   3   0  -1  -1  -1  -1  -1  -1  -1  -1   0  -3  -2   0    4   2   5  21   0   4  19   7   1   3   6   3   1   3   2   3   6   0   1   8  0.22 0.14
  298 D    -1  -1   0   4  -3  -1   2   1  -2  -1  -2  -1  -1  -2  -1   0   0  -2  -2  -1    5   3   5  25   0   1  18   9   1   5   4   2   2   2   3   6   4   0   1   4  0.28 0.16
  299 D    -1  -2   0   3  -3   0   3   0  -1  -2  -1  -1  -2  -1  -1   1  -1  -2  -2  -1    5   1   4  21   0   3  20   8   1   3   6   3   0   3   3  10   4   0   2   4  0.24 0.14
  300 D    -1  -1   0   3  -3   1   3   1  -1  -1  -2  -1  -1  -2  -2   0  -1  -3  -1  -1    4   2   4  19   0   5  22  13   1   4   3   2   2   1   2   5   4   0   2   5  0.29 0.16
  301 D    -1  -2   1   3  -3  -1   3  -1   0   1  -1  -1  -1  -1  -1   0  -1  -3  -1  -1    4   2   6  20   0   2  20   6   2  11   5   2   1   2   3   5   4   0   2   3  0.23 0.14
  302 A     1  -2  -1   3  -2  -1   3   1  -1  -1  -2  -1  -1  -1   0  -1  -1  -3  -1  -1   11   2   2  16   1   2  24  10   1   4   4   3   2   3   4   4   3   0   2   4  0.24 0.15
  303 E    -2  -2   0   4  -3   1   3  -1  -1  -1   0   0  -1  -3  -2  -1  -2  -3  -2  -2    3   1   3  26   1   6  24   4   1   4   9   4   1   1   2   5   2   0   2   2  0.40 0.21
  304 G    -1  -2  -1   4  -2   0   3   1  -1  -2  -2  -1  -1  -2  -1   0  -1  -3   0  -2    5   1   2  27   1   2  21   9   1   3   5   2   2   1   3   5   3   0   3   3  0.37 0.19
  305 S    -1  -2  -1   5  -3   0   3  -1  -1  -2  -1  -2  -1  -1  -2   0  -1  -3  -1  -2    5   1   2  30   0   3  23   4   2   2   5   2   1   3   2   6   3   0   2   3  0.45 0.22
  306 S    -2  -2  -1   5  -3  -1   4  -1  -2  -2  -2  -2  -2  -2  -3   1  -2  -4  -3  -2    2   1   2  30   1   2  30   5   1   2   5   1   1   2   1   9   2   0   1   2  0.65 0.29
  307 E    -1  -3  -1   5  -4  -1   4  -2  -1  -2  -2  -2  -2  -3  -3  -1  -1  -4  -3  -3    4   1   2  37   0   3  26   4   1   2   4   2   1   1   1   5   3   0   1   2  0.74 0.31
  308 G    -2  -2   0   5  -4  -2   4   0  -2  -2  -1  -1  -3  -3  -3  -1  -2  -3  -2  -2    3   2   3  34   0   1  25   6   1   3   7   2   0   1   1   5   2   0   2   3  0.62 0.27
  309 P    -2  -3  -1   5  -4  -1   4  -2  -2  -3  -2  -1  -3  -2   0   0  -2  -4  -2  -3    2   1   2  31   0   2  30   3   0   2   4   2   0   2   5   7   2   0   1   1  0.70 0.30
  310 K    -2  -3  -1   5  -4   0   5  -2  -3  -3  -4   0  -1  -3  -2  -1  -2  -1  -3  -3    3   1   2  31   0   3  35   3   0   2   2   4   1   1   2   4   2   1   1   1  0.83 0.34
  311 D    -2  -3  -1   5  -4   0   4  -2  -3  -3  -1  -1  -2  -3  -3  -1  -3  -4  -4  -3    3   1   2  34   0   3  32   4   0   1   6   4   1   1   1   3   1   0   0   2  0.83 0.37
  312 K    -2  -2  -2   3  -5  -1   5  -1   0  -3  -3   0  -2  -4  -2  -2  -2  -5  -4  -1    3   1   1  18   0   2  46   5   2   1   3   5   1   1   2   2   2   0   0   4  0.77 0.37
  313 K    -1  -2   0   2  -3   0   4  -2  -2  -2  -2   0  -3  -3   1   1  -1  -4  -3   0    5   1   3  12   0   4  30   2   0   2   4   7   0   1   7  11   3   0   1   7  0.36 0.23
  314 T     0   1   0   1  -2   1   2  -1  -1  -1  -2   1  -2  -3   0   1   1  -4  -2   0    8   7   4  10   0   6  13   4   1   4   3   7   0   1   4  14   8   0   1   7  0.14 0.12
  315 T    -1  -2  -1  -2  -2  -1  -1   0  -2   0   2  -1  -1   1   3  -1   0  -1  -2   1    4   2   4   2   1   2   5   8   1   3  23   4   1   7  16   3   5   1   0   9  0.18 0.15
  316 G     0  -2  -3  -4  -6   1  -4  -2  -1  -3  -5   0  -5  -5   7  -2  -1  -7  -4  -4    7   2   1   0   0   6   0   4   2   2   1   5   0   0  61   3   3   0   1   1  1.53 0.61
  317 S    -1   1  -2  -4  -1   2  -2  -4   0  -4  -4   6  -2  -6   3  -2  -2  -6  -5  -2    5   5   1   0   2   7   1   0   2   1   1  50   1   0  16   2   2   0   0   2  1.02 0.49
  318 L    -2  -6  -6  -6  -4  -5  -6  -6  -6   5   4  -6  -2  -3  -1  -5  -2  -6  -4   4    3   0   0   0   0   0   0   0   0  29  33   0   0   0   3   0   2   0   0  28  1.07 0.45
  319 S     0  -4  -4  -4   0   2  -1  -5   5  -5  -3  -4  -4   2  -5   2  -1  -2   6  -4    9   0   0   0   2   9   5   0  13   0   3   0   0   9   0  19   4   0  26   1  0.82 0.44
  320 S     2  -1  -2   3  -1  -2   1  -2  -3  -3  -2  -1  -4  -5  -4   3   1  -6  -5   0   17   3   1  18   1   1   7   2   0   0   3   2   0   0   0  28  10   0   0   6  0.47 0.31
  321 M    -3  -6  -7  -7  -3  -6  -6  -7  -6   1   4  -6   4  -4  -6  -6  -3  -6  -5   5    1   0   0   0   0   0   0   0   0   5  45   0  12   0   0   0   1   0   0  35  1.31 0.54
  322 S    -3   4  -1  -5  -7  -3  -4  -6   0  -7  -7   7  -6  -7  -5   1  -3  -7  -5  -6    1  20   3   0   0   0   0   0   2   0   0  62   0   0   0   9   1   0   0   0  1.64 0.67
  323 L    -5  -6  -7  -8  -5  -6  -7  -8  -7   0   6  -6   6   0  -7  -6  -5  -6  -5   1    0   0   0   0   0   0   0   0   0   3  68   0  18   4   0   0   0   0   0   7  1.65 0.63
  324 I    -6  -8  -8  -8  -6  -8  -8  -9  -8   9  -3  -8  -4  -5  -8  -7  -6  -8  -6  -2    0   0   0   0   0   0   0   0   0 100   0   0   0   0   0   0   0   0   0   0  3.05 0.97
  325 D    -7  -7  -4   9  -9  -5  -3  -7  -6  -8  -9  -6  -8  -9  -7  -5  -6 -10  -8  -8    0   0   0 100   0   0   0   0   0   0   0   0   0   0   0   0   0   0   0   0  3.25 1.05
  326 F    -7  -8  -8  -9  -8  -8  -8  -8  -6  -5  -5  -8  -5  10  -9  -8  -7  -4  -2  -6    0   0   0   0   0   0   0   0   0   0   0   0   0 100   0   0   0   0   0   0  3.59 1.04
  327 A     7  -6  -6  -7  -5  -6  -6  -4  -6  -6  -6  -5  -6  -7  -6  -3  -5  -7  -7  -5   99   0   0   0   0   0   0   1   0   0   0   0   0   0   0   0   0   0   0   0  2.48 0.89
  328 H    -7  -6  -5  -7  -9  -5  -6  -8  11  -9  -8  -6  -7  -7  -8  -6  -7  -8  -4  -9    0   0   0   0   0   0   0   0 100   0   0   0   0   0   0   0   0   0   0   0  4.36 1.22
  329 S     7  -6  -5  -6  -5  -5  -5  -4  -6  -6  -6  -5  -5  -7  -5   2   0  -7  -6  -5   79   0   0   0   0   0   0   0   0   0   0   0   0   0   0  15   5   0   0   0  1.83 0.73
  330 E     0   2  -1  -2  -5   2   2  -4  -3  -5  -5   3  -4  -3  -4   2   3  -5  -4  -4    9  11   3   1   0   9  15   0   0   0   0  18   0   1   0  16  17   0   0   0  0.57 0.34
  331 I    -7  -8  -9  -9  -7  -7  -8  -8  -2  -2  -2  -8  -6   4  -9  -8  -5  12   1  -2    0   0   0   0   0   0   0   0   1   3   4   0   0  13   0   0   1  71   4   3  3.49 1.02
  332 T    -1  -3  -5  -5  -5  -2  -3  -5  -1  -2  -5  -2  -5  -6  -5  -3   7  -7  -6   2    5   1   0   0   0   2   1   0   2   1   0   2   0   0   0   0  71   0   0  14  1.64 0.69
  333 P    -5  -5  -7  -2  -8  -6  -3  -7  -7  -8  -8  -1  -7  -9   9  -5  -5  -9  -8  -7    0   0   0   3   0   0   2   0   0   0   0   4   0   0  89   0   0   0   0   0  2.97 0.96
  334 G    -4  -5  -5  -5  -7  -6  -6   8  -7  -9  -8  -6  -7  -8  -7  -4  -5  -7  -8  -8    0   1   0   0   0   0   0  97   0   0   0   0   0   0   0   1   1   0   0   0  2.71 0.86
  335 K    -1  -1  -3  -2  -6   7   2  -6  -1  -4  -1   2   1  -6  -5  -3  -4  -4  -5  -5    4   2   1   1   0  52  12   0   1   1   7  13   4   0   0   1   0   0   0   0  1.28 0.58
  336 G    -4  -7  -5  -5  -7  -7  -7   8  -7  -9  -9  -6  -8  -8  -7  -3  -6  -7  -8  -8    0   0   0   1   0   0   0  98   0   0   0   0   0   0   0   1   0   0   0   0  2.80 0.88
  337 Y    -3  -2  -4  -6  -7  -4  -6  -7   0  -6  -6  -2  -5  -6   8  -3  -5  -6   4  -6    2   3   1   0   0   0   0   0   2   0   1   2   0   0  74   2   0   0  12   0  2.30 0.80
  338 D    -7  -7  -4   9  -9  -5  -3  -6  -6  -8  -9  -6  -8  -9  -7  -5  -6  -9  -8  -8    0   0   0 100   0   0   0   0   0   0   0   0   0   0   0   0   0   0   0   0  3.22 1.01
  339 E    -6  -4  -5  -2  -8  -1   8  -6  -3  -8  -5  -3  -5  -8  -5  -5  -4  -8  -6  -6    0   0   0   1   0   1  92   0   0   0   1   1   0   0   0   0   1   0   0   1  2.47 0.89
  340 N    -6  -5   9  -3  -8  -5  -4   1  -4  -8  -8  -5  -7  -8  -7  -3  -5  -9  -7  -8    0   0  89   0   0   0   0   9   0   0   0   0   0   0   0   1   0   0   0   0  2.82 0.93
  341 V     2  -5  -3  -5  -4  -4  -5  -5  -5   2   0  -5   2  -4  -5   0   0  -6  -4   5   18   0   1   0   0   0   0   0   0  12   9   0   6   0   0   9   6   0   0  39  0.75 0.38
  342 I    -5  -6  -7  -7  -5  -6  -7  -8  -7   4   6  -6  -2  -4  -7  -6  -4  -6  -5   1    0   0   0   0   0   0   0   0   0  20  71   0   0   0   0   0   0   0   0   9  1.63 0.60
  343 E    -3   1  -2  -2  -1   2   0  -4   4  -1   0   3   2  -2  -4  -2   1  -5  -2   0    1   8   1   2   1  11   5   0  11   2   9  22   6   1   0   1  11   0   1   9  0.37 0.26
  344 G    -3  -7  -5  -6  -7  -7  -7   8  -7  -9  -8  -6  -7  -8  -7  -5  -6  -7  -8  -8    2   0   0   0   0   0   0  98   0   0   0   0   0   0   0   0   0   0   0   0  2.79 0.88
  345 V    -4  -6  -7  -7  -5  -6  -7  -7  -7   4   1  -6   3  -4  -6  -6  -4  -6  -5   6    0   0   0   0   0   0   0   0   0  23  10   0   7   0   0   0   0   0   0  60  1.60 0.59
  346 E    -5   7  -3  -1  -7   0   3  -5  -4  -7  -6   2  -5  -7  -6  -3  -5  -7  -6  -6    0  60   1   4   0   3  18   1   0   0   0  12   0   0   0   1   0   0   0   0  1.65 0.63
  347 T    -3  -4   6  -4  -3  -4  -4  -4  -3  -7  -7  -4  -6  -7  -5   6   0  -7  -5  -6    1   0  31   0   1   0   0   0   0   0   0   0   0   0   0  60   5   0   0   0  1.71 0.71
  348 L    -1  -5  -6  -6  -3  -5  -6  -6  -6   1   4  -5   1  -3  -6  -4   2  -5  -4   4    4   0   0   0   0   0   0   0   0   6  46   0   3   0   0   0  13   0   0  27  0.98 0.43
  349 L     1  -1  -3  -4  -4  -3   1  -3  -4   4   2  -2   2  -3  -5  -3  -2  -5  -4   1   15   4   1   0   0   0  10   1   0  27  23   2   5   0   0   1   1   0   0  10  0.49 0.29
  350 D    -1   3   1   2  -4   0   1  -1  -3  -5  -5   4  -4  -6  -4   0  -1  -5  -5  -5    6  18   5  12   0   4   7   4   0   0   0  32   0   0   0   6   3   0   0   0  0.65 0.34
  351 I    -3  -6  -7  -7  -2  -3  -6  -7  -7   7   3  -5   0  -2  -6  -5  -3  -6  -5   2    1   0   0   0   1   2   0   0   0  58  22   1   2   1   0   0   1   0   0  12  1.43 0.53
  352 F    -6  -6  -7  -8  -6  -6  -7  -7  -6  -1   4  -7   2   7  -7  -6  -5  -3  -2  -2    0   0   0   0   0   0   0   0   0   2  45   0   4  48   0   0   0   0   0   1  1.80 0.63
  353 M    -2   2  -1   2  -1   2   5  -1  -1  -6  -5   3  -2  -6  -4  -2  -2  -6  -5  -5    2   9   2  11   1   7  40   4   1   0   1  16   1   0   0   1   2   0   0   0  0.80 0.39
  354 K    -3   1   0   3  -6   3   5  -1  -3  -6  -6   2  -3  -6  -4  -1  -2  -6  -5  -4    1   5   4  15   0  12  35   5   0   0   0  15   0   0   0   4   2   0   0   1  0.78 0.38
  355 F    -5  -6  -7  -7  -5  -6  -7  -7  -6   1   6  -6   5   0  -7  -6  -5  -5  -4  -3    0   0   0   0   0   0   0   0   0   5  76   0  15   4   0   0   0   0   0   0  1.73 0.61

                      K         Lambda
Standard Ungapped    0.1344     0.3138
Standard Gapped      0.0582     0.2670
PSI Ungapped         0.1900     0.3177
PSI Gapped           0.0582     0.2670
