
Last position-specific scoring matrix computed, weighted observed percentages rounded down, information per position, and relative weight of gapless real matches to pseudocounts
            A   R   N   D   C   Q   E   G   H   I   L   K   M   F   P   S   T   W   Y   V   A   R   N   D   C   Q   E   G   H   I   L   K   M   F   P   S   T   W   Y   V
    1 M    -2  -2  -3  -4  -2  -1  -3  -3  -2   1   2  -2   8  -1  -3  -2  -1  -2  -2   0    0   0   0   0   0   0   0   0   0   0   0   0 100   0   0   0   0   0   0   0  0.80 0.09
    2 A     2  -1   0  -1  -1  -1  -1  -1  -2  -2  -2  -1  -2  -3  -1   4   3  -3  -2  -1   12   0   0   0   0   0   0   0   0   0   0   0   0   0   0  63  23   0   0   2  0.43 0.04
    3 D    -2  -2   1   6  -4   0   2  -2  -1  -4  -4  -1  -3  -4  -2  -1  -1  -5  -3  -4    0   0   1  86   0   0  12   0   1   0   0   0   0   0   0   0   0   0   0   0  0.99 0.06
    4 Q    -1   5   0  -1  -4   4   1  -2   1  -3  -3   3  -1  -3  -2  -1  -1  -3  -2  -3    0  47   1   0   0  32   0   0   3   0   0  17   0   0   0   0   0   0   0   0  0.59 0.04
    5 A     2  -2  -1  -1  -2  -1  -1   4  -2  -3  -3  -1  -2  -3  -2   2   0  -3  -3  -2   30   0   0   0   0   0   2  41   0   0   0   0   0   0   0  22   5   0   0   1  0.44 0.03
    6 P     2  -2  -1  -2  -2  -1  -1  -1  -2  -2  -2  -1  -2  -3   5   1   1  -3  -2  -1   33   0   0   1   0   1   0   2   0   0   1   0   0   0  36   8  14   0   0   4  0.60 0.03
    7 F    -3  -3  -4  -4  -3  -4  -4  -4  -2   0   0  -4   0   7  -4  -3  -3   1   3  -1    0   0   0   0   0   0   0   0   0   3   0   0   0  97   0   0   0   0   0   0  1.01 0.07
    8 D    -2  -2   1   6  -4   0   2  -2  -1  -4  -4  -1  -3  -4  -2  -1  -1  -5  -3  -4    0   0   2  86   0   0  12   0   0   0   0   0   0   0   0   0   0   0   0   0  1.01 0.06
    9 T     0  -2   0  -2  -1  -1  -1  -2  -2  -1  -2  -1  -1  -3  -2   1   6  -3  -2   0    0   0   0   0   0   0   0   0   0   0   0   0   0   0   0   0  99   0   0   1  0.70 0.07
   10 D    -2  -1   6   4  -3   0   0  -1   0  -4  -4  -1  -3  -4  -2   0  -1  -5  -3  -4    0   0  65  35   0   0   0   0   0   0   0   0   0   0   0   0   0   0   0   0  0.81 0.05
   11 V     0  -3  -3  -4  -1  -3  -3  -4  -3   3   1  -3   2  -1  -3  -2   0  -3  -2   4    2   0   0   0   0   0   0   0   0  13   0   0   6   0   0   0   0   0   0  78  0.43 0.04
   12 N    -1  -2  -1  -3  -1  -2  -2  -3  -3   3   1  -2   1  -1  -3   0   0  -3  -2   3    0   0   6   0   0   1   0   0   0  25  11   0   0   0   0   8   3   0   0  46  0.23 0.02
   13 T     0  -2   0  -2  -1  -1  -1  -2  -2  -1  -2  -1  -1  -3  -2   1   6  -3  -2   0    0   0   0   0   0   0   0   0   0   0   0   0   0   0   0   0 100   0   0   0  0.71 0.07
   14 L    -1  -3  -4  -4  -1  -2  -3  -4  -3   2   4  -3   3   0  -3  -3  -1  -2  -1   2    0   0   0   0   0   0   0   0   0   3  65   0  12   0   0   0   0   0   0  20  0.42 0.03
   15 T     0  -2   0  -2  -1  -1  -1  -2  -2  -1  -2  -1  -1  -3  -2   1   6  -3  -2  -1    0   0   1   0   0   0   0   0   0   0   0   0   0   0   0   0  99   0   0   0  0.70 0.07
   16 R    -2   7  -1  -2  -4   1  -1  -3  -1  -4  -3   2  -2  -3  -3  -1  -1  -3  -2  -3    0  98   0   0   0   0   0   0   0   0   0   0   0   0   0   0   2   0   0   0  0.97 0.07
   17 F    -3  -3  -4  -4  -3  -4  -4  -4  -2  -1   0  -4   0   7  -4  -3  -3   1   3  -1    0   0   0   0   0   0   0   0   0   0   0   0   0  96   0   0   0   0   4   0  1.02 0.07
   18 V    -1  -3  -3  -4  -1  -3  -3  -4  -4   2   1  -3   1  -1  -3  -2   0  -3  -2   5    0   0   0   0   0   0   0   0   0   1   6   0   0   0   0   0   0   0   0  93  0.49 0.05
   19 M    -1  -2  -3  -4  -2  -1  -3  -4  -2   1   3  -2   6   0  -3  -2  -1  -2  -1   1    0   0   0   0   0   1   0   0   0   1  34   0  60   0   0   0   2   0   0   1  0.49 0.05
   20 E    -1   0  -1   1  -4   2   6  -3   0  -4  -3   0  -3  -4  -2  -1  -1  -3  -3  -3    0   0   0   0   0   2  97   0   1   0   0   0   0   0   0   0   0   0   0   0  0.92 0.06
   21 E    -1   0  -1   1  -4   3   5  -2   0  -4  -3   1  -2  -4  -2   0  -1  -3  -2  -3    0   2   0   1   0   9  79   1   1   0   0   8   0   0   0   0   0   0   0   0  0.72 0.05
   22 G     0  -3  -1  -2  -3  -2  -3   6  -3  -4  -4  -2  -3  -4  -3  -1  -2  -3  -4  -4    0   0   0   0   0   0   0 100   0   0   0   0   0   0   0   0   0   0   0   0  1.23 0.06
   23 R    -2   6  -1  -2  -4   1  -1  -3  -1  -2  -2   2  -1  -3  -3  -1  -2  -3  -2  -3    0  94   0   0   0   1   0   0   0   3   0   2   1   0   0   0   0   0   0   0  0.89 0.06
   24 K    -1   3  -1  -1  -4   2   0  -2  -1  -3  -3   5  -2  -4  -2  -1  -1  -3  -2  -3    0  19   0   0   0   4   0   0   0   0   0  77   0   0   0   0   0   0   0   0  0.63 0.05
   25 A     5  -2  -2  -2  -1  -1  -1   0  -2  -1  -1  -1  -1  -3  -1   1   0  -3  -2   0   93   0   0   0   0   0   0   0   0   1   1   0   0   0   0   0   0   0   0   6  0.49 0.05
   26 R    -1   3   0  -1  -4   2   0  -1   1  -3  -3   4  -2  -3  -2   0  -1  -3  -2  -3    0  17   1   0   0   8   0   4   5   0   0  64   0   0   0   1   1   0   0   0  0.49 0.04
   27 G     0  -3  -1  -2  -3  -2  -3   6  -2  -4  -4  -2  -3  -4  -3   0  -2  -3  -4  -4    2   0   0   0   0   0   0  95   0   0   0   0   0   0   0   2   0   0   0   0  1.14 0.05
   28 T     0  -2   0  -2  -1  -1  -1  -2  -2  -1  -2  -1  -1  -3  -2   1   6  -3  -2   0    0   0   0   0   0   0   0   0   0   0   0   0   0   0   0   0 100   0   0   0  0.71 0.07
   29 G     0  -3  -1  -2  -3  -2  -3   6  -3  -4  -4  -2  -3  -4  -3  -1  -2  -3  -4  -4    0   0   0   0   0   0   0 100   0   0   0   0   0   0   0   0   0   0   0   0  1.23 0.06
   30 E    -1  -1  -1   1  -4   2   6  -3  -1  -4  -3   0  -3  -4  -2  -1  -1  -3  -3  -3    0   0   0   0   0   0 100   0   0   0   0   0   0   0   0   0   0   0   0   0  0.95 0.07
   31 L    -2  -2  -4  -4  -2  -2  -3  -4  -3   1   4  -3   4   1  -3  -3  -1  -2  -1   1    0   0   0   0   0   0   0   0   0   0  76   0  18   6   0   0   0   0   0   0  0.49 0.04
   32 T     0  -2   0  -2  -1  -1  -1  -2  -2  -1  -2  -1  -1  -3  -2   1   6  -3  -2   0    0   0   0   0   0   0   0   0   0   0   0   0   0   0   0   1  99   0   0   0  0.70 0.07
   33 Q    -1   0   1  -1  -2   5   1  -2  -1  -2  -2   0  -1  -3  -2   0   3  -3  -2  -1    1   2   5   0   0  50   0   0   0   0   0   0   0   0   0   0  43   0   0   0  0.47 0.05
   34 L    -2  -3  -4  -4  -2  -3  -3  -4  -3   1   5  -3   2   0  -3  -3  -2  -2  -1   1    0   0   0   0   0   0   0   0   0   0 100   0   0   0   0   0   0   0   0   0  0.61 0.05
   35 L    -2  -3  -4  -4  -2  -3  -3  -4  -3   2   5  -3   2   0  -3  -3  -2  -2  -1   1    0   0   0   0   0   0   0   0   0   2  98   0   0   0   0   0   0   0   0   0  0.60 0.05
   36 N    -2  -1   7   1  -3   0  -1  -1   0  -4  -4  -1  -3  -3  -3   0   0  -4  -2  -3    0   0  96   0   0   0   0   0   0   0   0   0   0   0   0   2   1   0   1   0  0.93 0.07
   37 S     2  -1   0  -1  -1  -1  -1  -1  -1  -3  -3  -1  -2  -3  -1   4   1  -3  -2  -2   18   0   0   0   0   0   0   0   0   0   0   0   0   0   0  82   0   0   0   0  0.52 0.05
   38 L    -2  -2  -3  -4  -2  -2  -3  -4  -3   2   4  -3   4   0  -3  -2  -1  -2  -1   1    0   0   0   0   0   0   0   0   0  13  55   0  25   0   0   0   1   0   0   6  0.41 0.03
   39 C    -1  -4  -3  -4   9  -3  -4  -2  -4  -1   0  -4  -1  -3  -3  -2  -1  -3  -3  -1    0   0   0   0  87   0   0   2   0   0  11   0   0   0   0   0   0   0   0   0  1.34 0.08
   40 T     0  -2   0  -2  -1  -1  -1  -2  -2  -1  -2  -1  -1  -3  -2   1   6  -3  -2   0    1   0   0   0   0   0   0   0   0   0   0   0   0   0   0   1  99   0   0   0  0.69 0.07
   41 A     5  -2  -2  -2  -1  -1  -1   0  -2  -2  -2  -1  -1  -3  -1   1   0  -3  -2   0   96   0   0   0   0   0   0   0   0   0   0   0   0   0   0   2   0   0   0   2  0.54 0.05
   42 V    -1  -3  -4  -4  -1  -3  -3  -4  -4   4   1  -3   1  -1  -3  -2  -1  -3  -2   4    0   0   0   0   0   0   0   0   0  38   1   0   0   0   0   0   0   0   0  61  0.46 0.04
   43 K    -1   2  -1  -1  -4   1   0  -2  -1  -3  -3   6  -2  -4  -1  -1  -1  -4  -2  -3    0   0   0   0   0   0   0   0   0   0   0 100   0   0   0   0   0   0   0   0  0.74 0.06
   44 A     5  -2  -2  -2  -1  -1  -1   0  -2  -2  -2  -1  -1  -3  -1   1   0  -3  -2  -1   99   0   0   0   0   0   0   0   0   0   0   0   0   0   0   0   1   0   0   0  0.57 0.06
   45 I    -2  -4  -4  -4  -2  -3  -4  -4  -4   5   1  -3   1  -1  -3  -3  -1  -3  -2   2    0   0   0   0   0   0   0   0   0  99   0   0   0   0   0   0   1   0   0   0  0.60 0.06
   46 S     1  -1   0  -1  -1  -1  -1  -1  -1  -3  -3  -1  -2  -3  -1   5   1  -3  -2  -2    1   0   0   0   0   0   0   0   0   0   0   0   0   0   0  99   0   0   0   0  0.64 0.06
   47 S     1  -1   0  -1   2  -1  -1  -1  -2  -2  -2  -1  -2  -3  -1   4   3  -3  -2  -1    0   0   0   0   4   0   0   0   0   0   0   0   0   0   0  65  30   0   0   0  0.46 0.05
   48 A     5  -2  -2  -2  -1  -1  -1   0  -2  -2  -2  -1  -1  -3  -1   1   0  -3  -2  -1  100   0   0   0   0   0   0   0   0   0   0   0   0   0   0   0   0   0   0   0  0.58 0.06
   49 V    -1  -3  -3  -4  -1  -3  -3  -4  -4   2   0  -3   0  -1  -3  -2   0  -3  -2   5    0   0   0   0   0   0   0   0   0   0   0   0   0   0   0   0   0   0   0 100  0.54 0.06
   50 R    -2   7  -1  -2  -4   1  -1  -3  -1  -4  -3   2  -2  -3  -3  -1  -2  -3  -2  -3    0 100   0   0   0   0   0   0   0   0   0   0   0   0   0   0   0   0   0   0  1.01 0.07
   51 K    -1   2  -1  -1  -4   1   1  -2  -1  -3  -3   6  -2  -4  -1  -1  -1  -4  -2  -3    0   0   0   0   0   3   0   0   0   0   0  97   0   0   0   0   0   0   0   0  0.71 0.06
   52 A     5  -2  -2  -2  -1  -1  -1   0  -2  -2  -2  -1  -1  -3  -1   1   0  -3  -2  -1  100   0   0   0   0   0   0   0   0   0   0   0   0   0   0   0   0   0   0   0  0.58 0.06
   53 G     0  -3  -1  -2  -3  -2  -3   6  -3  -4  -4  -2  -3  -4  -3  -1  -2  -3  -4  -4    0   0   0   0   0   0   0 100   0   0   0   0   0   0   0   0   0   0   0   0  1.23 0.06
   54 I    -2  -3  -4  -4  -2  -3  -4  -4  -4   5   2  -3   1   0  -3  -3  -1  -3  -2   2    0   0   0   0   0   0   0   0   0  78  22   0   0   0   0   0   0   0   0   0  0.50 0.05
   55 A     5  -2  -2  -2  -1  -1  -1   0  -2  -2  -2  -1  -1  -3  -1   1   0  -3  -2   0   99   0   0   0   0   0   0   0   0   0   0   0   0   0   0   0   0   0   0   1  0.57 0.06
   56 H    -2  -1   4   0  -3   1   0  -2   7  -4  -4  -1  -2  -2  -2  -1  -1  -3   0  -4    0   0  38   1   0   8   1   0  52   0   0   0   0   0   0   0   0   0   0   0  0.73 0.05
   57 L    -2  -3  -4  -4  -2  -2  -3  -4  -3   1   4  -3   3   0  -3  -3  -2  -2  -1   1    0   0   0   0   0   0   0   0   0   0  92   0   8   0   0   0   0   0   0   0  0.56 0.05
   58 Y    -2  -2  -3  -4  -2  -2  -3  -4   1  -2  -1  -2  -1   3  -4  -2  -2   2   8  -2    0   0   0   0   1   0   0   0   0   0   1   0   0   6   0   0   0   0  92   0  1.12 0.07
   59 G     0  -3  -1  -2  -3  -2  -3   6  -3  -4  -4  -2  -3  -4  -3  -1  -2  -3  -4  -4    0   0   0   0   0   0   0 100   0   0   0   0   0   0   0   0   0   0   0   0  1.23 0.06
   60 I    -2  -4  -4  -4  -2  -3  -4  -4  -4   5   1  -3   1  -1  -3  -3  -1  -3  -2   2    0   0   0   0   0   0   0   0   0  98   1   0   1   0   0   0   0   0   0   0  0.59 0.06
   61 A     5  -2  -2  -2  -1  -1  -1   0  -2  -2  -2  -1  -1  -3  -1   1   0  -3  -2  -1   93   0   0   1   0   0   0   0   0   0   0   0   0   0   0   6   0   0   0   0  0.52 0.05
   62 G     0  -3  -1  -2  -3  -2  -3   6  -3  -4  -4  -2  -3  -4  -3  -1  -2  -3  -4  -4    0   0   0   0   0   0   0 100   0   0   0   0   0   0   0   0   0   0   0   0  1.23 0.06
   63 S     1  -1   1  -1  -1  -1  -1   0  -1  -3  -3  -1  -2  -3  -1   4   2  -3  -2  -2    0   0   5   0   0   0   0   3   0   0   0   0   0   0   0  83   9   0   0   0  0.51 0.05
   64 T     0  -2  -1  -2  -1  -1  -1  -2  -2   0  -1  -1   0  -2  -2   1   5  -3  -2   1    0   0   0   0   0   0   0   0   0   3   1   0   1   0   0   0  86   0   0   8  0.54 0.06
   65 N    -2  -1   7   1  -3   0  -1  -1   0  -4  -4  -1  -3  -4  -3   0   0  -4  -3  -4    0   0 100   0   0   0   0   0   0   0   0   0   0   0   0   0   0   0   0   0  1.01 0.07
   66 V    -1  -3  -3  -4  -1  -3  -3  -4  -4   3   1  -3   0  -1  -3  -2   0  -3  -2   5    0   0   0   0   0   0   0   0   0   2   0   0   0   0   0   0   1   0   0  96  0.52 0.05
   67 T     0  -2   0  -2  -1  -1  -1  -2  -2  -1  -2  -1  -1  -3  -2   1   6  -3  -2   0    0   0   0   0   0   0   0   0   0   0   0   0   0   0   0   0 100   0   0   0  0.71 0.07
   68 G     0  -3  -1  -2  -3  -2  -3   6  -3  -4  -4  -2  -3  -4  -3  -1  -2  -3  -4  -4    0   0   0   0   0   0   0 100   0   0   0   0   0   0   0   0   0   0   0   0  1.23 0.06
   69 D    -2  -2   1   7  -4  -1   1  -2  -2  -4  -4  -1  -4  -4  -2  -1  -2  -5  -4  -4    0   0   0 100   0   0   0   0   0   0   0   0   0   0   0   0   0   0   0   0  1.17 0.07
   70 Q    -1   1   0  -1  -4   7   2  -2   0  -3  -3   1  -1  -4  -2  -1  -1  -3  -2  -3    0   0   0   0   0  93   7   0   0   0   0   0   0   0   0   0   0   0   0   0  0.89 0.07
   71 V    -1  -3  -3  -4  -1  -2  -3  -4  -4   2   0  -3   0  -1  -3  -2   0  -3  -2   5    0   0   0   0   0   1   0   0   0   0   0   0   0   0   0   0   0   0   0  99  0.53 0.06
   72 K    -1   2  -1  -1  -4   1   0  -2  -1  -3  -3   6  -2  -4  -1  -1  -1  -4  -2  -3    0   0   0   0   0   0   0   0   0   0   0 100   0   0   0   0   0   0   0   0  0.74 0.06
   73 K    -1   2  -1  -1  -4   1   0  -2  -1  -3  -3   6  -2  -4  -1  -1  -1  -4  -2  -3    0   0   0   0   0   0   0   0   0   0   0 100   0   0   0   0   0   0   0   0  0.74 0.06
   74 L    -2  -3  -4  -4  -2  -3  -3  -4  -3   1   5  -3   2   0  -3  -3  -2  -2  -1   1    0   0   0   0   0   0   0   0   0   0 100   0   0   0   0   0   0   0   0   0  0.61 0.05
   75 D    -2  -2   1   7  -4  -1   1  -2  -2  -4  -4  -1  -4  -4  -2  -1  -2  -5  -4  -4    0   0   0 100   0   0   0   0   0   0   0   0   0   0   0   0   0   0   0   0  1.17 0.07
   76 V    -1  -3  -4  -4  -1  -3  -3  -4  -4   4   1  -3   1  -1  -3  -2  -1  -3  -2   4    0   0   0   0   0   0   0   0   0  43   0   0   0   0   0   0   0   0   0  57  0.46 0.04
   77 L    -2  -3  -4  -4  -2  -3  -3  -4  -3   1   5  -3   2   0  -3  -3  -2  -2  -1   1    0   0   0   0   0   0   0   0   0   0  98   0   0   0   0   0   0   0   0   2  0.60 0.05
   78 S     1  -1   0  -1  -1  -1  -1  -1  -1  -3  -3  -1  -2  -3  -1   5   1  -3  -2  -2    1   0   0   0   0   0   0   0   0   0   0   0   0   0   0  98   1   0   0   0  0.62 0.06
   79 N    -2  -1   7   1  -3   0  -1  -1   0  -4  -4  -1  -3  -4  -3   0   0  -4  -3  -4    0   0 100   0   0   0   0   0   0   0   0   0   0   0   0   0   0   0   0   0  1.01 0.07
   80 D    -2  -2   1   7  -4  -1   1  -2  -1  -4  -4  -1  -3  -4  -2   0  -1  -5  -3  -3    0   0   1  92   0   0   1   0   1   0   0   0   0   0   0   5   0   0   0   1  1.03 0.06
   81 L    -2  -3  -4  -4  -2  -2  -3  -4  -3   1   5  -3   3   0  -3  -3  -2  -2  -1   1    0   0   0   0   0   0   0   0   0   0  93   0   7   0   0   0   0   0   0   0  0.57 0.05
   82 V    -1  -3  -3  -4  -1  -3  -3  -4  -4   3   1  -3   1  -1  -3  -2   0  -3  -2   5    0   0   0   0   1   0   0   0   0   6   1   0   2   1   0   0   0   0   0  90  0.48 0.05
   83 M    -2  -3  -4  -4  -2  -3  -4  -4  -4   5   1  -3   2  -1  -3  -3  -1  -3  -2   3    0   0   0   0   0   0   0   0   0  85   0   0   4   0   0   0   1   0   0  10  0.52 0.05
   84 N    -2  -1   7   1  -3   0  -1  -1   0  -4  -4  -1  -3  -4  -3   0   0  -4  -3  -4    0   0 100   0   0   0   0   0   0   0   0   0   0   0   0   0   0   0   0   0  1.01 0.07
   85 M    -1  -2  -3  -4  -2  -1  -3  -3  -2   1   2  -2   8  -1  -3  -2  -1  -2  -2   1    0   0   0   0   0   0   0   0   0   0   3   0  92   0   0   0   1   0   0   3  0.69 0.08
   86 L    -2  -3  -4  -4  -2  -3  -3  -4  -3   3   4  -3   2   0  -3  -3  -1  -2  -1   2    0   0   0   0   0   0   0   0   0  40  60   0   0   0   0   0   0   0   0   0  0.46 0.04
   87 K    -1   2  -1  -1  -4   2   1  -2  -1  -3  -3   5  -2  -4  -1  -1  -1  -3  -2  -3    0   1   0   0   0   9   1   0   0   0   0  87   0   0   0   0   2   0   0   0  0.64 0.05
   88 S     1  -1   0  -1  -1  -1  -1  -1  -1  -3  -3  -1  -2  -3  -1   5   1  -3  -2  -2    4   0   0   0   0   0   0   0   0   0   0   0   0   0   0  96   0   0   0   0  0.61 0.06
   89 S     1  -1   0  -1  -1  -1  -1  -1  -1  -3  -3  -1  -2  -3  -1   5   1  -3  -2  -2    0   0   0   0   0   0   0   0   0   0   0   0   0   0   0 100   0   0   0   0  0.64 0.06
   90 F    -3  -3  -3  -4  -3  -3  -4  -4  -1  -1   0  -3   0   7  -4  -3  -3   1   5  -1    0   0   0   0   0   0   0   0   0   0   1   0   0  80   0   0   0   0  19   0  0.91 0.06
   91 A     2  -1   0  -1  -1  -1  -1   0  -2  -2  -2  -1  -1  -3  -1   3   4  -3  -2  -1   17   0   0   0   0   0   0   5   0   0   0   0   0   0   0  27  52   0   0   0  0.39 0.04
   92 T     0  -1   0  -1  -1  -1  -1  -1  -2  -2  -2  -1  -1  -3  -1   4   4  -3  -2  -1    1   0   0   0   1   0   0   0   0   0   0   0   0   0   0  52  47   0   0   0  0.48 0.05
   93 C    -1  -4  -3  -4  10  -4  -4  -3  -4  -2  -2  -4  -2  -3  -4  -1  -1  -3  -3  -1    0   0   0   0 100   0   0   0   0   0   0   0   0   0   0   0   0   0   0   0  1.73 0.09
   94 V     0  -3  -3  -4  -1  -3  -3  -4  -4   2   1  -3   1  -1  -3  -2   0  -3  -2   5    3   0   0   0   0   0   0   0   0   2   1   0   2   0   0   0   0   0   0  92  0.48 0.05
   95 L    -2  -3  -4  -4  -2  -3  -3  -4  -3   2   4  -3   2   0  -3  -3  -1  -2  -1   1    0   0   0   0   0   0   0   0   0   8  89   0   3   0   0   0   0   0   0   0  0.54 0.04
   96 V    -1  -3  -3  -4  -1  -3  -3  -4  -4   3   1  -3   1  -1  -3  -2   0  -3  -2   5    0   0   0   0   0   0   0   0   0   3   0   0   2   0   0   0   0   0   0  95  0.52 0.05
   97 S     1  -1   0  -1  -1  -1  -1  -1  -1  -3  -3  -1  -2  -3  -1   5   2  -3  -2  -2    0   0   0   0   0   0   0   0   0   0   0   0   0   0   0  90  10   0   0   0  0.58 0.06
   98 E    -1  -1  -1   1  -4   2   6  -3  -1  -4  -3   0  -3  -4  -2  -1  -1  -3  -3  -3    0   0   0   0   0   0 100   0   0   0   0   0   0   0   0   0   0   0   0   0  0.95 0.07
   99 E    -1  -1  -1   1  -4   2   6  -3  -1  -4  -3   0  -3  -4  -2  -1  -1  -3  -3  -3    0   0   0   0   0   0 100   0   0   0   0   0   0   0   0   0   0   0   0   0  0.95 0.07
  100 D    -2  -1   5   4  -4   0   0  -1   1  -4  -4  -1  -3  -4  -2   0  -1  -4  -3  -4    0   0  59  39   0   0   0   0   2   0   0   0   0   0   0   0   0   0   0   0  0.77 0.05
  101 K    -1   1   0   2  -4   2   4  -2  -1  -3  -3   3  -2  -4   0   0   0  -3  -2  -3    0   0   1  13   0   3  41   0   0   0   0  36   0   0   3   0   4   0   0   0  0.48 0.03
  102 H    -1   2   2   1  -3   1   2  -2   4  -3  -3   3  -2  -3  -2   0  -1  -3  -1  -3    0   9  14   9   0   2  14   0  20   0   0  29   0   0   0   1   2   0   0   0  0.37 0.02
  103 A     5  -2  -2  -2  -1  -1  -1   0  -2  -1  -2  -1  -1  -3  -1   1   0  -3  -2   0   95   0   0   0   0   0   0   0   0   1   0   0   0   0   0   0   0   0   0   4  0.52 0.05
  104 I    -2  -3  -4  -4  -2  -3  -4  -4  -4   5   2  -3   1   0  -3  -3  -1  -3  -2   2    0   0   0   0   0   0   0   0   0  84  12   0   0   0   0   0   0   0   0   5  0.51 0.05
  105 I    -2  -4  -4  -4  -2  -3  -4  -4  -4   5   1  -3   1  -1  -3  -3  -1  -3  -2   3    0   0   0   0   0   0   0   0   0  94   1   0   0   0   0   0   0   0   0   5  0.58 0.06
  106 V    -1  -3  -3  -3  -1  -3  -3  -4  -3   3   1  -3   1  -1  -3  -2   1  -3  -2   4    0   0   0   0   0   0   0   0   0  22   0   0   0   0   0   0   9   0   0  69  0.40 0.04
  107 E    -1  -1   0   2  -4   1   5  -2  -1  -4  -3   0  -3  -4   2   0  -1  -4  -3  -3    0   0   0  10   0   1  79   0   0   0   0   0   0   0   9   1   0   0   0   0  0.76 0.05
  108 P     0  -2  -1  -1  -3   0  -1  -2  -2  -3  -3   0  -3  -4   7  -1  -1  -4  -3  -3    7   0   3   1   0   3   1   0   0   0   0   8   0   0  73   2   2   0   0   0  1.40 0.05
  109 E    -2  -1   0   4  -4   1   5  -2  -1  -4  -4   0  -3  -4  -2  -1  -1  -4  -3  -3    0   0   0  35   0   0  65   0   0   0   0   0   0   0   0   0   0   0   0   0  0.79 0.05
  110 K    -1   3   0  -1  -3   1   0  -2  -1  -2  -2   4  -1  -3  -2   0   1  -3  -2  -2    1  15   1   0   0   4   0   0   0   1   1  58   2   0   0   6  12   0   0   0  0.40 0.03
  111 R    -1   6  -1  -2  -4   2   0  -3  -1  -3  -3   2  -1  -3  -2  -1  -1  -3  -2  -3    1  85   0   0   0  11   0   0   0   0   0   1   1   0   0   1   0   0   0   0  0.82 0.06
  112 G     0  -3  -1  -2  -3  -2  -3   6  -3  -4  -4  -2  -3  -4  -3  -1  -2  -3  -4  -4    0   0   0   0   0   0   0 100   0   0   0   0   0   0   0   0   0   0   0   0  1.23 0.06
  113 K    -1   2  -1  -1  -4   1   0  -2  -1  -3  -3   6  -2  -4  -1  -1  -1  -4  -2  -3    0   0   0   0   0   0   0   0   0   0   0  99   0   0   0   0   1   0   0   0  0.73 0.06
  114 Y    -2  -2  -3  -4  -3  -2  -3  -4   1  -2  -2  -2  -2   3  -4  -2  -2   2   8  -2    0   0   0   0   0   0   0   0   0   0   0   0   0   0   0   0   0   0 100   0  1.24 0.08
  115 V    -1  -3  -4  -4  -1  -3  -3  -4  -4   4   1  -3   1  -1  -3  -2  -1  -3  -2   4    0   0   0   0   0   0   0   0   0  48   0   0   0   0   0   0   0   0   0  52  0.46 0.04
  116 V    -1  -3  -3  -4  -1  -3  -3  -4  -4   2   1  -3   0  -1  -3  -2   0  -3  -2   5    0   0   0   0   0   0   0   0   0   1   0   0   0   0   0   0   0   0   0  99  0.54 0.06
  117 C    -1  -4  -3  -4  10  -4  -4  -3  -4  -2  -2  -4  -2  -3  -4  -1  -1  -3  -3  -1    0   0   0   0 100   0   0   0   0   0   0   0   0   0   0   0   0   0   0   0  1.73 0.09
  118 F    -3  -3  -4  -4  -3  -4  -4  -4  -2   0   0  -4   1   7  -4  -3  -3   0   3  -1    0   0   0   0   0   0   0   0   0   4   0   0   3  92   0   0   0   0   0   0  0.92 0.06
  119 D    -2  -2   1   7  -4  -1   1  -2  -2  -4  -4  -1  -4  -4  -2  -1  -2  -5  -4  -4    0   0   0 100   0   0   0   0   0   0   0   0   0   0   0   0   0   0   0   0  1.17 0.07
  120 P    -1  -3  -3  -2  -3  -2  -2  -3  -3  -3  -4  -2  -3  -4   8  -1  -2  -4  -4  -3    0   0   0   0   0   0   0   0   0   0   0   0   0   0 100   0   0   0   0   0  2.23 0.08
  121 L    -2  -3  -4  -4  -2  -3  -3  -4  -3   1   5  -3   2   0  -3  -3  -2  -2  -1   1    0   0   0   0   0   0   0   0   0   0 100   0   0   0   0   0   0   0   0   0  0.61 0.05
  122 D    -2  -2   1   7  -4  -1   1  -2  -2  -4  -4  -1  -4  -4  -2  -1  -2  -5  -4  -4    0   0   0 100   0   0   0   0   0   0   0   0   0   0   0   0   0   0   0   0  1.17 0.07
  123 G     0  -3  -1  -2  -3  -2  -3   6  -3  -4  -4  -2  -3  -4  -3  -1  -2  -3  -4  -3    0   0   0   0   0   0   0  98   0   0   0   0   0   0   0   0   0   0   0   2  1.18 0.06
  124 S     1  -1   0  -1  -1  -1  -1  -1  -1  -3  -3  -1  -2  -3  -1   5   1  -3  -2  -2    0   0   0   0   0   0   0   0   0   0   0   0   0   0   0 100   0   0   0   0  0.64 0.06
  125 S     1  -1   0  -1  -1  -1  -1  -1  -1  -3  -3  -1  -2  -3  -1   5   1  -3  -2  -2    0   0   0   0   0   0   0   0   0   0   0   0   0   0   0 100   0   0   0   0  0.64 0.06
  126 N    -2  -1   7   1  -3   0  -1  -1   0  -4  -4  -1  -3  -4  -3   0   0  -4  -3  -4    0   0 100   0   0   0   0   0   0   0   0   0   0   0   0   0   0   0   0   0  1.01 0.07
  127 I    -2  -4  -4  -4  -2  -3  -4  -4  -4   5   1  -3   1  -1  -3  -3  -1  -3  -2   2    0   0   0   0   0   0   0   0   0 100   0   0   0   0   0   0   0   0   0   0  0.61 0.06
  128 D    -2  -2   1   7  -4  -1   1  -2  -2  -4  -4  -1  -4  -4  -2  -1  -2  -5  -4  -4    0   0   0  99   0   0   1   0   0   0   0   0   0   0   0   0   0   0   0   0  1.16 0.07
  129 C    -1  -4  -3  -4  10  -4  -4  -3  -4  -2  -2  -4  -2  -3  -4  -1  -1  -3  -3  -1    0   0   0   0 100   0   0   0   0   0   0   0   0   0   0   0   0   0   0   0  1.73 0.09
  130 L    -2  -3  -4  -4  -2  -3  -3  -4  -3   1   5  -3   2   0  -3  -3  -2  -2  -1   1    0   0   0   0   0   0   0   0   0   0 100   0   0   0   0   0   0   0   0   0  0.61 0.05
  131 V     2  -2  -3  -3  -1  -2  -2  -2  -3   2   0  -2   0  -2  -2  -1   0  -3  -2   4   35   0   0   0   0   0   0   0   0   0   0   0   0   0   0   0   0   0   0  65  0.31 0.04
  132 S     1  -1   0  -1  -1  -1  -1  -1  -1  -3  -3  -1  -2  -3   0   5   1  -3  -2  -2    0   0   0   0   0   0   0   0   0   0   0   0   0   0   2  98   0   0   0   0  0.62 0.06
  133 V    -2  -4  -4  -4  -2  -3  -4  -4  -4   5   1  -3   1  -1  -3  -3  -1  -3  -2   2    0   0   0   0   0   0   0   0   0  98   0   0   0   0   0   0   0   0   0   2  0.60 0.06
  134 G     0  -3  -1  -2  -3  -2  -3   6  -3  -4  -4  -2  -3  -4  -3  -1  -2  -3  -4  -4    0   0   0   0   0   0   0 100   0   0   0   0   0   0   0   0   0   0   0   0  1.23 0.06
  135 T     0  -2   0  -2  -1  -1  -1  -2  -2  -1  -2  -1  -1  -3  -2   1   6  -3  -2  -1    0   0   0   0   0   0   0   0   0   0   0   0   0   0   0   3  97   0   0   0  0.68 0.07
  136 I    -2  -4  -4  -4  -2  -3  -4  -4  -4   5   1  -3   1  -1  -3  -3  -1  -3  -2   2    0   0   0   0   0   0   0   0   0 100   0   0   0   0   0   0   0   0   0   0  0.61 0.06
  137 F    -3  -3  -4  -4  -3  -4  -4  -4  -2  -1   0  -4   0   7  -4  -3  -3   1   3  -1    0   0   0   0   0   0   0   0   0   0   0   0   0 100   0   0   0   0   0   0  1.06 0.07
  138 G     4  -2  -1  -2  -1  -1  -1   3  -2  -2  -2  -1  -2  -3  -1   1   0  -3  -2  -1   67   0   0   0   0   0   0  26   0   0   0   0   0   0   0   7   0   0   0   0  0.46 0.04
  139 I    -2  -4  -4  -4  -2  -3  -4  -4  -4   5   1  -3   1  -1  -3  -3  -1  -3  -2   3    0   0   0   0   0   0   0   0   0  92   0   0   0   0   0   0   0   0   0   8  0.56 0.05
  140 Y    -2  -2  -3  -4  -3  -2  -3  -4   2  -2  -2  -2  -2   3  -4  -2  -2   2   8  -2    0   0   0   0   0   0   0   0   1   0   0   0   0   1   0   0   0   0  98   0  1.21 0.08
  141 R    -1   5  -1  -2  -4   1   0  -2  -1  -3  -3   4  -1  -3  -2  -1  -1  -3  -2  -3    0  58   0   0   0   0   0   0   0   0   0  41   1   0   0   0   0   0   0   0  0.70 0.05
  142 K    -1   2  -1  -1  -4   1   0  -2  -1  -3  -3   6  -2  -4  -1  -1  -1  -4  -2  -3    0   2   0   0   0   0   0   0   0   0   0  98   0   0   0   0   0   0   0   0  0.73 0.06
  143 K     0  -1   0  -1   1   0   0  -2  -2   0  -1   0   0  -2  -2   1   4  -3  -2   0    6   0   5   2   4   1   4   0   0   2   0   9   2   0   0   5  50   0   1  10  0.22 0.03
  144 S     0  -1   1  -1  -1  -1  -1  -1  -2  -2  -2  -1  -1  -3  -1   3   4  -1  -2  -1    0   0   3   0   0   0   0   0   0   0   0   0   0   0   0  36  58   1   0   0  0.46 0.04
  145 T    -1  -1   1   5  -3   0   2  -1  -1  -3  -3  -1  -3  -3   1   0   1  -4  -3  -2    3   0   1  54   0   0  16   1   0   0   0   1   0   0   5   3  16   0   0   0  0.55 0.03
  146 D    -1  -2   1   5  -3  -1   1   3  -2  -3  -4  -1  -3  -4  -2   0   0  -4  -3  -3    0   0   2  54   0   0   4  26   0   0   0   0   0   0   0   6   7   0   0   0  0.57 0.03
  147 E     0  -1  -1   2  -4   1   6  -2  -1  -4  -3   0  -2  -4  -2   0  -1  -3  -2  -3    6   0   0   4   0   0  88   0   0   0   0   1   0   0   0   0   0   0   0   0  0.77 0.05
  148 P    -1  -3  -3  -2  -3  -2  -2  -3  -3  -3  -3  -2  -3  -4   8  -1  -2  -4  -4  -3    0   0   0   0   0   0   0   0   0   0   0   0   0   0  99   0   0   0   0   0  2.20 0.07
  149 S     0  -2   1  -1   6  -1  -1  -1  -2  -2  -2  -1  -1  -3  -2   3   1  -3  -2  -2    0   0   6   0  32   0   1   0   0   0   0   0   1   0   0  53   6   0   0   1  0.50 0.04
  150 E    -1  -1  -1   1  -4   2   6  -2  -1  -4  -3   0  -2  -4  -2   0  -1  -3  -3  -3    3   0   0   0   0   1  93   2   0   0   0   0   0   0   0   0   1   0   0   1  0.82 0.06
  151 K    -1   2   0  -1  -3   2   1  -2  -1  -3  -3   5  -2  -4  -1   0  -1  -3  -2  -3    1   2   4   0   0   5   2   0   0   0   0  84   0   0   0   1   1   0   0   0  0.59 0.05
  152 D    -2  -2   1   7  -4  -1   1  -2  -1  -4  -4  -1  -4  -4  -2  -1  -2  -5  -3  -4    0   0   0  98   0   0   0   0   1   0   0   0   0   0   0   0   0   0   1   0  1.13 0.06
  153 A     5  -2  -2  -2  -1  -1  -1   0  -2  -2  -2  -1  -1  -3  -1   1   0  -3  -2   0   97   0   0   0   0   0   0   1   0   0   0   0   0   0   0   0   1   0   0   2  0.55 0.06
  154 L    -2  -3  -4  -4  -2  -3  -3  -4  -3   1   5  -3   2   0  -3  -3  -2  -2  -1   1    0   0   0   0   0   0   0   0   0   0 100   0   0   0   0   0   0   0   0   0  0.61 0.05
  155 Q    -1   1  -1  -1  -4   7   1  -2   0  -3  -2   1  -1  -4  -2  -1  -1  -3  -2  -2    0   1   0   0   0  95   0   0   1   0   2   1   0   0   0   0   0   0   0   1  0.86 0.07
  156 P    -1  -3  -2  -2  -3  -2  -2  -2  -3  -3  -3  -1  -3  -4   8   0  -1  -4  -3  -3    2   0   0   0   0   0   0   0   0   0   0   0   0   0  90   9   0   0   0   0  1.90 0.07
  157 G     0  -3  -1  -2  -3  -2  -3   6  -3  -4  -4  -2  -3  -4  -3  -1  -2  -3  -4  -4    0   0   0   0   0   0   0 100   0   0   0   0   0   0   0   0   0   0   0   0  1.23 0.06
  158 R    -2   6  -1  -2  -4   1   0  -3  -1  -4  -3   2  -2  -3  -3  -1  -1  -3  -2  -3    0  95   0   0   0   2   0   0   0   0   0   1   0   0   0   0   1   0   0   0  0.94 0.06
  159 N    -1   0   6   2  -3   0   0  -1   1  -4  -4   0  -2  -3  -2   0   0  -4  -2  -3    1   1  72   9   0   1   0   0   3   0   0   6   0   0   0   3   3   0   0   0  0.65 0.05
  160 L    -2  -3  -4  -4  -2  -3  -3  -4  -3   3   4  -3   2   0  -3  -3  -1  -2  -1   1    0   0   0   0   0   0   0   0   0  37  61   0   1   0   0   0   0   0   0   0  0.46 0.04
  161 V    -1  -3  -3  -4  -1  -3  -3  -4  -4   2   1  -3   0  -1  -3  -2   0  -3  -2   5    0   0   0   0   0   0   0   0   0   1   0   0   0   0   0   0   0   0   0  99  0.54 0.06
  162 A     5  -2  -2  -2  -1  -1  -1   0  -2  -2  -2  -1  -1  -3  -1   1   0  -3  -2   0   98   0   0   0   0   0   0   0   0   0   0   0   0   0   0   1   0   0   0   1  0.56 0.06
  163 A     5  -2  -2  -2  -1  -1  -1   0  -2  -2  -2  -1  -1  -3  -1   1   0  -3  -2  -1   99   0   0   0   0   0   0   0   0   0   0   0   0   0   0   1   0   0   0   0  0.57 0.06
  164 G     0  -3  -1  -2  -3  -2  -3   6  -3  -4  -4  -2  -3  -4  -3  -1  -2  -3  -4  -4    0   0   0   0   0   0   0 100   0   0   0   0   0   0   0   0   0   0   0   0  1.23 0.06
  165 Y    -2  -2  -3  -4  -3  -2  -3  -4   1  -2  -2  -2  -2   3  -4  -2  -2   2   8  -2    0   0   0   0   0   0   0   0   0   0   0   0   0   0   0   0   0   0 100   0  1.24 0.08
  166 A     5  -2  -2  -2  -1  -1  -1   0  -2  -2  -2  -1  -1  -3  -1   1   0  -3  -2   0   98   0   0   0   0   0   0   0   0   0   0   0   0   0   0   0   1   0   0   2  0.55 0.06
  167 L    -2  -3  -4  -4  -2  -3  -3  -4  -3   1   5  -3   2   0  -3  -3  -2  -2  -1   1    0   0   0   0   0   0   0   0   0   0  99   0   0   0   0   0   0   0   0   1  0.60 0.05
  168 Y    -2  -2  -3  -4  -3  -2  -3  -4   1  -2  -2  -2  -2   3  -4  -2  -2   2   8  -2    0   0   0   0   0   0   0   0   0   0   0   0   0   0   0   0   0   0 100   0  1.24 0.08
  169 G     0  -3  -1  -2  -3  -2  -3   6  -3  -4  -4  -2  -3  -4  -3  -1  -2  -3  -4  -4    0   0   0   0   0   0   0 100   0   0   0   0   0   0   0   0   0   0   0   0  1.23 0.06
  170 S     1  -1   0  -1  -1  -1  -1  -1  -1  -3  -3  -1  -2  -3  -1   5   1  -3  -2  -2    0   0   0   0   0   0   0   0   0   0   0   0   0   0   0 100   0   0   0   0  0.64 0.06
  171 A     5  -2  -2  -2  -1  -1  -1   0  -2  -2  -2  -1  -1  -3  -1   1   0  -3  -2  -1  100   0   0   0   0   0   0   0   0   0   0   0   0   0   0   0   0   0   0   0  0.58 0.06
  172 T     0  -2   0  -2  -1  -1  -1  -2  -2  -1  -2  -1  -1  -3  -2   1   6  -3  -2   0    0   0   0   0   0   0   0   0   0   0   0   0   0   0   0   1  99   0   0   0  0.70 0.07
  173 M    -1  -2  -3  -4  -2  -1  -3  -3  -2   1   2  -2   7   0  -3  -2  -1  -2  -2   0    1   0   0   0   0   0   0   0   0   1  13   0  85   0   0   0   0   0   0   1  0.64 0.07
  174 L    -1  -2  -3  -4  -2  -2  -3  -4  -3   2   3  -2   4   0  -3  -2  -1  -2  -1   2    0   0   0   0   0   0   0   0   0  12  44   0  26   0   0   0   0   0   0  17  0.38 0.03
  175 V     1  -3  -3  -3  -1  -2  -3  -3  -3   2   0  -2   0  -1  -3  -1   0  -3  -2   5   10   0   0   0   0   0   0   0   0   0   0   0   0   0   0   0   2   0   0  88  0.42 0.05
  176 L    -2  -3  -4  -4  -2  -3  -3  -4  -3   2   4  -3   2   0  -3  -3  -2  -2  -1   1    0   0   0   0   0   0   0   0   0   8  92   0   0   0   0   0   0   0   0   0  0.56 0.04
  177 A     3  -1   0  -1  -1  -1  -1   0  -2  -2  -2  -1  -2  -3  -1   4   1  -3  -2  -1   37   0   0   0   0   0   0   0   0   0   0   0   0   0   0  61   2   0   0   0  0.44 0.04
  178 M    -1  -2  -1  -1  -1  -1  -1  -2  -2   0   0  -1   3  -2  -2   1   5  -3  -2   0    1   0   0   1   0   0   0   1   0   2   4   0  16   0   0   1  73   0   0   1  0.41 0.05
  179 D     0  -2   0   1  -3   0   1   5  -2  -3  -3  -1  -3  -3  -2   0  -1  -3  -3  -3    5   0   1  10   0   2  14  63   0   1   0   0   0   0   0   2   0   0   0   2  0.61 0.03
  180 C     0   0   1  -1   5   4   1  -2   1  -3  -2   0  -1  -3  -2   1  -1  -3  -1  -2    3   2  10   0  18  50   1   0   4   0   0   1   0   1   0   9   1   0   1   0  0.41 0.04
  181 G     0  -3  -1  -2  -3  -2  -3   6  -3  -4  -4  -2  -3  -4  -3   0  -2  -3  -4  -4    0   0   0   0   0   0   0  99   0   0   0   0   0   0   0   1   0   0   0   0  1.20 0.06
  182 V    -1  -3  -3  -4  -1  -3  -3  -4  -4   2   0  -3   0  -1  -3  -2   0  -3  -2   5    0   0   0   0   0   0   0   0   0   0   0   0   0   0   0   0   0   0   0 100  0.54 0.06
  183 N    -2  -1   7   2  -3   0   0  -1   0  -4  -4  -1  -3  -4  -3   0  -1  -4  -3  -4    0   0  92   8   0   0   0   0   0   0   0   0   0   0   0   0   0   0   0   0  0.92 0.06
  184 C    -1  -4  -3  -4   9  -3  -4   0  -3  -2  -2  -3  -2  -3  -3  -1  -1  -3  -3  -1    0   0   0   0  87   0   0   9   0   0   2   0   0   0   0   2   0   0   0   0  1.34 0.08
  185 F    -3  -3  -4  -4  -3  -4  -4  -4  -2  -1   0  -4   0   7  -4  -3  -3   1   3  -1    0   0   0   0   0   0   0   0   0   0   0   0   0 100   0   0   0   0   0   0  1.06 0.07
  186 M    -2  -2  -3  -4  -2  -1  -2  -3  -2   1   2  -2   8  -1  -3  -2  -1  -2  -2   0    0   0   0   0   0   0   1   0   0   0   0   0  99   0   0   0   0   0   0   0  0.77 0.09
  187 L    -2  -3  -4  -4  -2  -3  -3  -4  -3   1   5  -3   2   0  -3  -3  -2  -2  -1   1    0   0   0   0   0   0   0   0   0   0  99   0   1   0   0   0   0   0   0   0  0.60 0.05
  188 D    -2  -2   1   7  -4  -1   1  -2  -2  -4  -4  -1  -4  -4  -2  -1  -2  -5  -4  -4    0   0   0 100   0   0   0   0   0   0   0   0   0   0   0   0   0   0   0   0  1.17 0.07
  189 P    -1  -3  -3  -2  -3  -2  -2  -3  -3  -3  -4  -2  -3  -4   8  -1  -2  -4  -4  -3    0   0   0   0   0   0   0   0   0   0   0   0   0   0 100   0   0   0   0   0  2.23 0.08
  190 A     5  -2  -2  -2  -1  -1  -1   0  -2  -2  -2  -1  -1  -3  -1   2   0  -3  -2  -1   87   0   0   0   0   0   0   1   0   0   0   0   0   0   0  12   0   0   0   0  0.50 0.05
  191 I    -2  -3  -4  -4  -2  -3  -4  -4  -4   5   2  -3   1   0  -3  -3  -1  -3  -2   3    0   0   0   0   0   0   0   0   0  83  11   0   0   0   0   0   0   0   0   6  0.51 0.05
  192 G     0  -3  -1  -2  -3  -2  -3   6  -3  -4  -4  -2  -3  -4  -3  -1  -2  -3  -4  -4    0   0   0   0   0   0   0 100   0   0   0   0   0   0   0   0   0   0   0   0  1.23 0.06
  193 E    -1  -1  -1   1  -4   2   6  -3  -1  -4  -3   0  -3  -4  -2  -1  -1  -3  -3  -3    0   0   0   0   0   0 100   0   0   0   0   0   0   0   0   0   0   0   0   0  0.95 0.07
  194 F    -3  -3  -4  -4  -3  -4  -4  -4  -2  -1   0  -4   0   7  -4  -3  -3   1   3  -1    0   0   0   0   0   0   0   0   0   0   0   0   0 100   0   0   0   0   0   0  1.06 0.07
  195 I    -2  -4  -4  -4  -2  -3  -4  -4  -4   5   1  -3   1  -1  -3  -3  -1  -3  -2   2    0   0   0   0   0   0   0   0   0  95   3   0   0   0   0   0   0   0   0   2  0.57 0.06
  196 L    -2  -3  -4  -4  -2  -3  -3  -4  -3   1   5  -3   2   0  -3  -3  -2  -2  -1   1    0   0   0   0   0   0   0   0   0   0  98   0   2   0   0   0   0   0   0   0  0.60 0.05
  197 V    -1  -3  -3  -4  -1  -3  -3  -4  -4   2   0  -3   0  -1  -3  -2   0  -3  -2   5    0   0   0   0   0   0   0   0   0   0   0   0   0   0   0   0   3   0   0  97  0.51 0.06
  198 D    -2  -2   2   6  -4   0   2  -2  -1  -4  -4  -1  -3  -4  -2   0  -1  -5  -3  -4    0   0  12  74   0   0  13   0   0   0   0   0   0   0   0   0   0   0   0   0  0.87 0.05
  199 K    -2   5  -1  -2  -4   1   0  -2   0  -3  -3   4  -2  -3  -2  -1  -1  -3  -2  -3    0  65   0   0   0   3   0   0   1   0   0  31   0   0   0   1   0   0   0   0  0.71 0.05
  200 D    -2  -2   3   6  -4  -1   1  -1  -1  -4  -4  -1  -3  -4  -2   0  -1  -5  -3  -4    0   0  23  76   0   0   0   1   0   0   0   0   0   0   0   0   0   0   0   0  0.91 0.05
  201 V    -1  -3  -3  -4  -1  -3  -3  -4  -4   2   1  -3   1  -1  -3  -2   0  -3  -2   5    0   0   0   0   0   0   0   0   0   2   4   0   1   0   0   0   0   0   0  92  0.49 0.05
  202 K    -1   3   0  -1  -4   1   0  -2  -1  -3  -3   5  -2  -4  -2  -1  -1  -3  -2  -3    0  15   1   0   0   1   0   0   0   0   0  83   0   0   0   0   0   0   0   0  0.65 0.05
  203 I    -2  -3  -4  -4  -2  -3  -4  -4  -4   5   1  -3   2  -1  -3  -3  -1  -3  -2   2    0   0   0   0   0   0   0   0   0  95   1   0   4   0   0   0   0   0   0   1  0.57 0.06
  204 K    -1   2   0  -1  -4   1   0  -2  -1  -3  -3   6  -2  -4  -2  -1  -1  -4  -2  -3    0   1   2   0   0   0   0   0   0   0   0  97   0   0   0   0   0   0   0   0  0.71 0.06
  205 K    -1   2   0  -1  -4   1   1  -2  -1  -3  -3   5  -2  -4   1  -1  -1  -4  -2  -3    0   0   2   0   0   1   3   0   0   0   0  89   0   0   4   0   1   0   0   0  0.63 0.06
  206 K    -1   4  -1  -1  -4   1   0  -2  -1  -3  -3   5  -2  -4  -2  -1  -1  -3  -2  -3    0  29   0   0   0   0   0   0   0   0   0  71   0   0   0   0   0   0   0   0  0.65 0.05
  207 G     0  -3  -1  -2  -3  -2  -3   6  -3  -4  -4  -2  -3  -4  -3  -1  -2  -3  -4  -4    0   0   0   0   0   0   0 100   0   0   0   0   0   0   0   0   0   0   0   0  1.23 0.06
  208 K    -1   1   4   0  -3   1   0  -1   0  -3  -3   4  -2  -4  -2   0   0  -4  -2  -3    0   0  37   0   0   0   0   0   0   0   0  58   0   0   0   4   1   0   0   0  0.51 0.05
  209 I    -2  -4  -4  -4  -2  -3  -4  -4  -4   5   1  -3   1  -1  -3  -3  -1  -3  -2   2    0   0   0   0   0   0   0   0   0  97   2   0   0   0   0   0   0   0   0   1  0.59 0.06
  210 Y    -2  -2  -3  -4  -3  -2  -3  -4   1  -2  -2  -2  -2   3  -4  -2  -2   2   8  -2    0   0   0   0   0   0   0   0   0   0   0   0   0   2   0   0   0   0  98   0  1.21 0.08
  211 S     1  -1   0  -1  -1   0  -1  -1  -1  -3  -3  -1  -2  -3  -1   5   1  -3  -2  -2    0   2   0   0   0   0   0   0   0   0   0   0   0   0   0  98   0   0   0   0  0.62 0.06
  212 L    -2  -3  -4  -4  -1  -3  -3  -4  -3   2   4  -3   2   0  -3  -3  -1  -2  -1   1    0   0   0   0   1   0   0   0   0   6  88   0   0   0   0   0   1   0   0   4  0.52 0.04
  213 N    -2  -1   7   1  -3   0  -1  -1   0  -4  -4  -1  -3  -4  -3   0   0  -4  -3  -4    0   0 100   0   0   0   0   0   0   0   0   0   0   0   0   0   0   0   0   0  1.01 0.07
  214 E    -1  -1  -1   1  -4   2   6  -3  -1  -4  -3   0  -3  -4  -2  -1  -1  -3  -3  -3    0   0   0   0   0   0 100   0   0   0   0   0   0   0   0   0   0   0   0   0  0.95 0.07
  215 G     0  -3  -1  -2  -3  -2  -3   6  -3  -4  -4  -2  -3  -4  -3  -1  -2  -3  -4  -4    0   0   0   0   0   0   0 100   0   0   0   0   0   0   0   0   0   0   0   0  1.23 0.06
  216 Y    -2  -2  -3  -4  -3  -2  -3  -4   1  -2  -2  -2  -2   3  -4  -2  -2   2   8  -2    0   0   0   0   0   0   0   0   0   0   0   0   0   0   0   0   0   0 100   0  1.24 0.08
  217 A     5  -2  -2  -2  -1  -1  -1   0  -2  -2  -2  -1  -1  -3  -1   1   0  -3  -2  -1   95   0   0   0   0   0   0   0   0   0   0   0   0   0   0   4   1   0   0   0  0.54 0.05
  218 R    -1   2   0  -1  -3   3   1  -2  -1  -2  -2   4   0  -3  -2   0   0  -3  -2  -2    2   2   1   0   0  17   0   0   0   0   2  65   5   0   0   1   3   0   0   1  0.43 0.04
  219 D    -2  -2  -1   2  -3   0   0  -3   5  -2  -2  -2  -2   2  -3  -2  -2   1   6  -2    0   0   0  19   0   3   2   0  20   0   0   0   0   3   0   0   0   0  54   0  0.60 0.05
  220 F    -3  -3  -3  -4  -2  -4  -4  -4  -2  -1   0  -4   0   7  -4  -2  -2   1   3  -1    0   0   0   0   1   0   0   0   0   0   1   0   0  96   0   2   0   0   0   0  0.97 0.07
  221 D    -2  -2   1   6  -4   0   2  -2   0  -3  -3  -1  -3  -2  -2  -1  -1  -2   2  -3    1   0   1  73   0   0   9   0   1   0   0   0   0   0   0   0   0   0  14   0  0.74 0.05
  222 P     0  -2  -2  -2  -3  -1  -1  -2  -3  -3  -3  -1  -3  -4   8  -1  -1  -4  -3  -3    6   0   1   0   0   2   1   0   0   0   1   0   0   0  90   0   0   0   0   0  1.89 0.07
  223 A     4  -2  -1   1  -1  -1  -1   0  -2  -2  -2  -1  -1  -3  -1   1   0  -3  -2   0   82   0   0  13   0   0   0   0   0   0   0   0   0   0   0   0   0   0   0   3  0.41 0.04
  224 V    -1  -3  -3  -3  -1  -3  -3  -4  -3   3   1  -3   1  -1  -3  -2   0  -3  -2   4    0   0   0   1   0   0   0   0   0  15   1   0   2   0   0   0   2   0   0  78  0.41 0.04
  225 T     0  -1   1  -1  -1  -1  -1  -2  -2  -1  -1  -1  -1  -3  -1   1   5  -3  -2   0    4   0   4   0   0   0   0   0   0   1   1   1   0   0   0   5  82   0   0   0  0.51 0.05
  226 E    -1  -1  -1   1  -4   2   6  -3  -1  -4  -3   0  -3  -4  -2  -1  -1  -3  -3  -3    0   0   0   1   0   0  98   0   0   0   0   0   0   0   0   0   0   0   0   0  0.91 0.06
  227 Y    -2  -2  -3  -4  -3  -2  -3  -4   1  -2  -2  -2  -2   3  -4  -2  -2   2   8  -2    0   0   0   0   0   0   0   0   0   0   0   0   0   0   0   0   0   0  99   0  1.20 0.08
  228 I    -1  -3  -4  -4  -1  -3  -3  -4  -3   3   4  -3   2   0  -3  -3  -1  -2  -1   2    0   0   0   0   0   0   0   0   0  17  66   0   0   0   0   0   0   0   0  16  0.42 0.03
  229 Q    -1   1   0  -1  -3   6   2  -2   1  -3  -3   2  -1  -4  -2  -1  -1  -3  -2  -3    0   1   2   0   0  79   1   0   4   0   0  12   0   0   0   0   0   0   0   0  0.71 0.06
  230 R    -1   4   1  -1  -3   1   0  -2  -1  -3  -3   5  -1  -3  -2  -1  -1  -3  -2  -3    1  23   5   0   0   2   0   0   0   0   0  67   1   0   0   0   0   0   0   0  0.55 0.04
  231 K    -1   2  -1  -1  -4   1   0  -2  -1  -3  -3   6  -2  -4  -1  -1  -1  -3  -2  -3    0   0   0   0   0   0   0   0   0   0   0  99   0   0   0   0   0   0   0   0  0.72 0.06
  232 K    -1   2  -1  -1  -4   1   0  -2  -1  -3  -3   6  -2  -4  -1  -1  -1  -3  -2  -3    0   0   0   0   0   2   0   0   0   0   0  97   0   0   0   0   0   0   0   0  0.70 0.06
  233 F    -3  -3  -3  -4  -3  -4  -4  -4  -1  -1   0  -4   0   7  -4  -3  -3   1   4  -1    0   0   0   0   0   0   0   0   1   0   1   0   0  90   0   0   0   0   8   0  0.96 0.06
  234 P    -1  -3  -3  -2  -2  -2  -2  -3  -3  -3  -3  -2  -3  -4   8  -1  -2  -4  -4  -3    0   0   0   0   1   0   0   0   0   0   2   0   0   0  98   0   0   0   0   0  2.14 0.07
  235 P    -1   0  -1   1  -4   3   4  -2  -1  -3  -3   1  -2  -4   3   0  -1  -3  -2  -3    0   1   0   1   0  26  47   0   0   0   1   3   0   0  17   2   2   0   0   0  0.60 0.04
  236 D    -2  -2   1   7  -4  -1   1  -2  -2  -4  -4  -1  -4  -4  -2  -1  -2  -5  -4  -4    0   0   0  98   0   0   1   1   0   0   0   0   0   0   0   0   0   0   0   0  1.14 0.07
  237 N     0  -2   2  -1  -3  -2  -2   6  -2  -4  -4  -2  -3  -4  -3   0  -2  -3  -3  -4    0   0  17   0   0   0   0  82   0   0   0   0   0   0   0   1   0   0   0   0  0.95 0.05
  238 S     1  -1   0  -1  -1  -1  -1  -1  -1  -3  -3  -1  -2  -3  -1   5   2  -3  -2  -2    1   1   0   0   0   0   0   0   0   0   0   0   0   0   0  86  13   0   0   0  0.55 0.05
  239 A     3  -1  -1   0  -1   0   2  -1  -1  -2  -2   0  -2  -3  -1   2   0  -3  -2  -1   46   0   0   0   0   1  23   0   1   0   0   0   0   0   1  27   1   0   0   0  0.33 0.03
  240 P    -1  -3  -3  -2  -3  -2  -2  -3  -3  -3  -4  -2  -3  -4   8  -1  -2  -4  -4  -3    2   0   0   0   0   0   0   0   0   0   0   0   0   0  98   0   0   0   0   0  2.18 0.07
  241 Y    -2  -2  -3  -4  -3  -2  -3  -4   1  -2  -2  -2  -2   3  -4  -2  -2   2   8  -2    0   0   0   0   0   0   0   0   0   0   0   0   0   2   0   0   0   0  98   0  1.22 0.08
  242 G     0  -2   1  -1  -3  -2  -2   6  -2  -4  -4  -2  -3  -4  -2   0  -1  -3  -3  -3    2   0   9   0   0   0   0  81   0   0   0   0   0   0   0   7   0   0   0   1  0.90 0.04
  243 A     4  -2  -1  -2  -1  -1  -1   2  -2  -2  -2  -1  -2  -3  -1   2   0  -3  -2  -1   62   0   0   0   0   0   0  16   0   0   0   0   0   0   0  21   1   0   0   0  0.41 0.04
  244 R    -2   7  -1  -2  -4   1  -1  -3  -1  -4  -3   2  -2  -3  -3  -1  -2  -3  -2  -3    0 100   0   0   0   0   0   0   0   0   0   0   0   0   0   0   0   0   0   0  1.01 0.07
  245 Y    -2  -2  -3  -4  -3  -2  -3  -4   1  -2  -2  -2  -2   3  -4  -2  -2   2   8  -2    0   0   0   0   0   0   0   0   0   0   0   0   0   0   0   0   0   0 100   0  1.24 0.08
  246 V    -1  -3  -3  -4  -1  -3  -3  -4  -4   4   1  -3   1  -1  -3  -2  -1  -3  -2   4    0   0   0   0   0   0   0   0   0  31   0   0   2   0   0   0   0   0   0  67  0.45 0.04
  247 G     0  -3  -1  -2  -3  -2  -3   6  -3  -4  -4  -2  -3  -4  -3  -1  -2  -3  -4  -4    0   0   0   0   0   0   0 100   0   0   0   0   0   0   0   0   0   0   0   0  1.23 0.06
  248 S     1  -1   0  -1  -1  -1  -1  -1  -1  -3  -3  -1  -2  -3  -1   5   1  -3  -2  -2    0   0   0   0   0   0   0   0   0   0   0   0   0   0   0 100   0   0   0   0  0.64 0.06
  249 M    -2  -2  -3  -4  -2  -1  -3  -3  -2   1   2  -2   8  -1  -3  -2  -1  -2  -2   0    0   0   0   0   0   0   0   0   0   0   0   0 100   0   0   0   0   0   0   0  0.80 0.09
  250 V    -1  -3  -3  -4  -1  -3  -3  -4  -4   2   0  -3   0  -1  -3  -2   0  -3  -2   5    0   0   0   0   0   0   0   0   0   0   0   0   0   0   0   0   0   0   0 100  0.54 0.06
  251 A     5  -2  -2  -2  -1  -1  -1   0  -2  -2  -2  -1  -1  -3  -1   1   0  -3  -2  -1  100   0   0   0   0   0   0   0   0   0   0   0   0   0   0   0   0   0   0   0  0.58 0.06
  252 D    -2  -2   1   7  -4  -1   1  -2  -2  -4  -4  -1  -4  -4  -2  -1  -2  -5  -4  -4    0   0   0 100   0   0   0   0   0   0   0   0   0   0   0   0   0   0   0   0  1.17 0.07
  253 V    -1  -3  -3  -4  -1  -3  -3  -4  -4   3   1  -3   0  -1  -3  -2   0  -3  -2   5    0   0   0   0   0   0   0   0   0   3   0   0   0   0   0   0   0   0   0  97  0.53 0.06
  254 H    -2  -1   0  -2  -4   0  -1  -3   9  -4  -4  -1  -2  -2  -3  -1  -2  -3   1  -4    0   0   0   0   0   0   0   0 100   0   0   0   0   0   0   0   0   0   0   0  1.34 0.09
  255 R    -2   7  -1  -2  -1   1  -1  -3   0  -4  -3   2  -2  -3  -3  -1  -2  -3  -2  -3    0  97   0   0   2   0   0   0   1   0   0   0   0   0   0   0   0   0   0   0  0.95 0.07
  256 T     0  -2   0  -2  -1  -1  -1  -2  -2  -1  -2  -1  -1  -3  -2   1   6  -3  -2   0    0   0   0   0   0   0   0   0   0   0   0   0   0   0   0   0 100   0   0   0  0.71 0.07
  257 L    -2  -3  -4  -4  -2  -3  -3  -4  -3   1   5  -3   2   0  -3  -3  -2  -2  -1   1    0   0   0   0   0   0   0   0   0   0 100   0   0   0   0   0   0   0   0   0  0.61 0.05
  258 V    -1  -3  -3  -4  -1  -2  -3  -3  -3   2   1  -2   4  -1  -3  -2   0  -3  -2   4    1   0   0   0   0   0   0   0   0   2   0   0  26   0   0   0   1   0   0  70  0.40 0.05
  259 Y    -2  -2  -3  -4  -3  -2  -3  -4   1  -2  -2  -2  -2   3  -4  -2  -2   2   8  -2    0   0   0   0   0   0   0   0   0   0   0   0   0   0   0   0   0   0 100   0  1.24 0.08
  260 G     0  -3  -1  -2  -3  -2  -3   6  -3  -4  -4  -2  -3  -4  -3  -1  -2  -3  -4  -4    0   0   0   0   0   0   0 100   0   0   0   0   0   0   0   0   0   0   0   0  1.23 0.06
  261 G     0  -3  -1  -2  -3  -2  -3   6  -3  -4  -4  -2  -3  -4  -3  -1  -2  -3  -4  -4    0   0   0   0   0   0   0 100   0   0   0   0   0   0   0   0   0   0   0   0  1.23 0.06
  262 I    -2  -4  -4  -4  -2  -3  -4  -4  -4   5   1  -3   1  -1  -3  -3  -1  -3  -2   3    0   0   0   0   0   0   0   0   0  96   0   0   0   0   0   0   0   0   0   4  0.58 0.06
  263 F    -3  -3  -4  -4  -3  -4  -4  -4  -2  -1   0  -4   0   7  -4  -3  -3   1   3  -1    0   0   0   0   0   0   0   0   0   0   0   0   0 100   0   0   0   0   0   0  1.06 0.07
  264 L    -2  -2  -4  -4  -2  -2  -3  -4  -3   1   4  -3   3   0  -3  -3  -1  -2  -1   1    0   0   0   0   0   0   0   0   0   2  86   0  12   0   0   0   0   0   0   0  0.54 0.04
  265 Y    -2  -2  -3  -4  -3  -2  -3  -4   1  -2  -2  -2  -2   3  -4  -2  -2   2   8  -2    0   0   0   0   0   0   0   0   0   0   0   0   0   0   0   0   0   0 100   0  1.24 0.08
  266 P    -1  -3  -3  -2  -3  -2  -2  -3  -3  -3  -4  -2  -3  -4   8  -1  -2  -4  -4  -3    0   0   0   0   0   0   0   0   0   0   0   0   0   0 100   0   0   0   0   0  2.23 0.08
  267 A     4  -2  -2  -2  -1  -1  -1   3  -2  -2  -2  -1  -2  -3  -1   1  -1  -3  -2  -1   76   0   0   0   0   0   0  24   0   0   0   0   0   0   0   0   0   0   0   0  0.50 0.04
  268 N    -2  -1   7   1  -3   0  -1  -1   0  -4  -4  -1  -3  -4  -3   0   0  -4  -3  -3    0   0  99   0   0   0   0   0   0   0   0   0   0   0   0   0   1   0   0   0  1.00 0.07
  269 K     0   0  -1  -1  -1   1   0  -2  -2   1  -1   2   0  -2  -2   1   1  -3  -2   2    7   0   0   0   1   5   6   0   0   1   2  23   1   0   0  10  11   0   0  35  0.11 0.02
  270 K    -1   2   0  -1  -4   1   0  -2  -1  -3  -3   6  -2  -4  -1  -1  -1  -4  -2  -3    0   1   2   0   0   1   0   0   0   0   0  96   0   0   0   0   1   0   0   0  0.70 0.06
  271 S     1  -1   2   0  -1   0  -1  -1  -1  -3  -3  -1  -2  -3  -1   5   1  -3  -2  -2    0   0   7   0   0   0   0   0   0   0   0   0   0   0   0  93   0   0   0   0  0.59 0.06
  272 P    -1  -2  -3  -2  -3  -2  -2  -3  -3  -3  -4  -1  -3  -4   8  -1  -2  -4  -4  -3    0   1   0   0   0   1   0   0   0   0   0   0   0   0  99   0   0   0   0   0  2.18 0.07
  273 N    -1   1   1   0  -3   2   1  -2   0  -3  -3   5  -2  -4  -1   0  -1  -3  -2  -3    0   0   8   3   0   6   5   0   1   0   0  70   0   0   0   5   1   0   0   0  0.48 0.04
  274 G     0  -3  -1  -2  -3  -2  -3   6  -3  -4  -4  -2  -3  -4  -3  -1  -2  -3  -4  -4    0   0   0   0   0   0   0 100   0   0   0   0   0   0   0   0   0   0   0   0  1.23 0.06
  275 K    -1   2  -1  -1  -4   1   0  -2  -1  -3  -3   6  -2  -4  -1  -1  -1  -4  -2  -3    0   0   0   0   0   0   0   0   0   0   0 100   0   0   0   0   0   0   0   0  0.74 0.06
  276 L    -2  -3  -4  -4  -2  -3  -3  -4  -3   1   5  -3   2   0  -3  -3  -2  -2  -1   1    0   0   0   0   0   0   0   0   0   0 100   0   0   0   0   0   0   0   0   0  0.61 0.05
  277 R    -2   7  -1  -2  -4   1  -1  -3  -1  -4  -3   2  -2  -3  -3  -1  -2  -3  -2  -3    0 100   0   0   0   0   0   0   0   0   0   0   0   0   0   0   0   0   0   0  1.01 0.07
  278 L    -2  -3  -4  -4  -2  -3  -3  -4  -3   1   5  -3   2   0  -3  -3  -2  -2  -1   1    0   0   0   0   0   0   0   0   0   0 100   0   0   0   0   0   0   0   0   0  0.61 0.05
  279 L    -2  -3  -4  -4  -2  -3  -3  -4  -3   1   5  -3   2   0  -3  -3  -2  -2  -1   1    0   0   0   0   0   0   0   0   0   0 100   0   0   0   0   0   0   0   0   0  0.61 0.05
  280 Y    -2  -2  -3  -4  -3  -2  -3  -4   1  -2  -2  -2  -2   3  -4  -2  -2   2   8  -2    0   0   0   0   0   0   0   0   0   0   0   0   0   0   0   0   0   0 100   0  1.24 0.08
  281 E    -1  -1  -1   1  -4   2   6  -3  -1  -4  -3   0  -3  -4  -2  -1  -1  -3  -3  -3    0   0   0   0   0   0 100   0   0   0   0   0   0   0   0   0   0   0   0   0  0.95 0.07
  282 C    -1  -4  -3  -4   9  -3  -4   2  -3  -2  -2  -3  -2  -3  -3  -1  -1  -3  -3  -1    0   0   0   0  81   0   0  18   0   0   0   0   0   0   0   0   0   0   0   1  1.25 0.07
  283 N    -2  -1   7   1  -3   0  -1  -1   0  -3  -4  -1  -3  -4  -3   0   0  -4  -3  -3    0   0  98   0   0   0   0   0   0   1   0   1   0   0   0   0   0   0   0   0  0.97 0.07
  284 P    -1  -3  -3  -2  -3  -2  -2  -3  -3  -3  -4  -2  -3  -4   8  -1  -2  -4  -4  -3    0   0   0   0   0   0   0   0   0   0   0   0   0   0 100   0   0   0   0   0  2.23 0.08
  285 M    -2  -2  -3  -4  -2  -1  -3  -3  -2   2   2  -2   7   0  -3  -2  -1  -2  -2   1    0   0   0   0   0   0   0   0   0   8   0   0  91   0   0   0   0   0   0   1  0.69 0.08
  286 A     5  -2  -2  -2  -1  -1  -1   0  -2  -2  -2  -1  -1  -3  -1   1   0  -3  -2  -1   98   0   0   0   0   0   0   0   0   0   0   0   0   0   0   2   0   0   0   0  0.56 0.06
  287 Y    -3  -3  -3  -4  -3  -3  -3  -4   0  -1   0  -3  -1   6  -4  -3  -2   1   5  -1    0   0   0   0   0   0   0   0   0   0   0   0   0  66   0   0   0   0  34   0  0.89 0.06
  288 V    -1  -3  -4  -4  -2  -3  -4  -4  -4   5   1  -3   1  -1  -3  -3  -1  -3  -2   3    0   0   0   0   0   0   0   0   0  76   2   0   0   0   0   0   0   0   0  22  0.50 0.04
  289 M    -1  -2  -3  -4  -2  -2  -3  -4  -3   3   2  -2   6   0  -3  -2  -1  -2  -2   2    0   0   0   0   0   0   0   0   0  33   1   0  59   0   0   0   0   0   0   7  0.46 0.05
  290 E    -1  -1  -1   1  -4   2   6  -3  -1  -4  -3   0  -2  -4  -2  -1  -1  -3  -3  -2    0   0   0   0   0   0  98   0   0   0   0   0   0   0   0   0   0   0   0   2  0.90 0.06
  291 K    -1   2   0  -1  -4   5   1  -2   0  -3  -3   3  -1  -4  -2  -1  -1  -3  -2  -3    0   3   0   0   0  65   0   0   0   0   0  32   0   0   0   0   0   0   0   0  0.67 0.06
  292 A     5  -2  -2  -2  -1  -1  -1   0  -2  -2  -2  -1  -1  -3  -1   1   0  -3  -2  -1  100   0   0   0   0   0   0   0   0   0   0   0   0   0   0   0   0   0   0   0  0.58 0.06
  293 G     0  -3  -1  -2  -3  -2  -3   6  -3  -4  -4  -2  -3  -4  -3  -1  -2  -3  -4  -4    0   0   0   0   0   0   0 100   0   0   0   0   0   0   0   0   0   0   0   0  1.23 0.06
  294 G     0  -3  -1  -2  -3  -2  -3   6  -3  -4  -4  -2  -3  -4  -3  -1  -2  -3  -4  -4    0   0   0   0   0   0   0 100   0   0   0   0   0   0   0   0   0   0   0   0  1.23 0.06
  295 M    -1  -2  -3  -4  -2  -1  -3  -3  -2   2   3  -2   6   0  -3  -2  -1  -2  -1   1    1   1   0   0   0   0   0   0   1   9  22   2  61   0   0   0   0   0   0   4  0.43 0.05
  296 A     5  -2  -2  -2  -1  -1  -1   0  -2  -2  -2  -1  -1  -3  -1   1   0  -3  -2  -1  100   0   0   0   0   0   0   0   0   0   0   0   0   0   0   0   0   0   0   0  0.58 0.06
  297 T     0  -1   0  -1  -1  -1  -1  -2  -2  -1  -2  -1  -1  -3  -1   2   5  -3  -2  -1    0   0   0   0   0   0   0   0   0   0   0   0   0   0   0  22  78   0   0   0  0.56 0.05
  298 T    -1  -2   1  -1  -1  -1  -1  -2  -2  -1  -2  -1  -1  -3  -2   1   6  -3  -2  -1    0   0   6   1   0   0   0   0   0   0   0   0   0   0   0   0  93   0   0   0  0.62 0.06
  299 G     0  -3  -1  -2  -3  -2  -3   6  -3  -4  -4  -2  -3  -4  -3  -1  -2  -3  -4  -4    0   0   0   0   0   0   0 100   0   0   0   0   0   0   0   0   0   0   0   0  1.23 0.06
  300 K     0   0   0   0  -2   0  -1  -1   0  -1   0   1  -1   1  -1   1   1  -2   1  -1    7   1   4   3   0   0   1   1   2   1  11  20   0  10   1  15  17   0   6   2  0.08 0.01
  301 E    -1   0  -1   0  -2   3   4  -1   0  -2  -2   1   2  -3  -2  -1  -1  -3  -2  -2    0   2   0   0   1  20  55   3   0   1   0   2  13   0   0   0   1   0   0   2  0.44 0.04
  302 A     2   0   4   1  -1  -1  -1  -1   0  -3  -3  -1  -2  -3   2   1   0  -4  -2  -2   29   3  42   6   1   0   0   0   1   0   0   0   0   0  11   3   4   0   0   0  0.36 0.03
  303 V    -1  -3  -4  -4  -1  -3  -3  -4  -4   4   1  -3   1  -1  -3  -2  -1  -3  -2   4    0   0   0   0   0   0   0   0   0  41   2   0   0   0   0   0   0   0   0  56  0.45 0.04
  304 L    -2  -3  -4  -4  -2  -3  -3  -4  -3   1   5  -3   2   0  -3  -3  -2  -2  -1   1    0   0   0   0   0   0   0   0   0   0 100   0   0   0   0   0   0   0   0   0  0.61 0.05
  305 D    -2  -2   1   7  -4  -1   1  -2  -2  -4  -4  -1  -4  -4  -2  -1  -2  -5  -4  -4    0   0   0  99   0   0   1   0   0   0   0   0   0   0   0   0   0   0   0   0  1.16 0.07
  306 V    -1  -3  -4  -4  -2  -3  -4  -4  -4   5   1  -3   1  -1  -3  -3  -1  -3  -2   3    0   0   0   0   0   0   0   0   0  78   0   0   1   0   0   0   0   0   0  21  0.51 0.05
  307 I    -1   0  -1  -1  -1   4   1  -3   0   0  -1   1   0  -2  -2  -1  -1  -3  -2   1    0   1   1   0   1  51   3   0   1   8   1  11   2   0   0   0   0   0   0  20  0.30 0.04
  308 P    -1  -3  -3  -2  -3  -2  -2  -3  -3  -3  -4  -2  -3  -4   8  -1  -2  -4  -4  -3    0   0   0   0   0   0   0   0   0   0   0   0   0   0 100   0   0   0   0   0  2.23 0.08
  309 T    -1  -1   0   2  -3   1   4  -2   0  -2  -2   1  -2  -3  -2   0   2  -3  -2  -1    1   0   1  12   0   3  42   0   1   1   0   5   0   0   0   1  29   0   0   4  0.36 0.03
  310 D     0  -1   3   3  -1   0   1   0  -1  -3  -3  -1  -2  -3  -2   3   1  -4  -2  -2    2   0  20  22   1   0   4   2   0   0   0   0   0   0   0  43   6   0   0   0  0.39 0.03
  311 I    -2  -4  -4  -4  -2  -3  -4  -4  -4   5   2  -3   1   0  -3  -3  -1  -3  -2   2    0   0   0   0   0   0   0   0   0  95   5   0   0   0   0   0   0   0   0   0  0.58 0.06
  312 H    -2  -1   0  -2  -4   0  -1  -3   9  -4  -4  -1  -2  -2  -3  -1  -2  -3   1  -4    0   0   0   0   0   0   0   0 100   0   0   0   0   0   0   0   0   0   0   0  1.34 0.09
  313 Q    -1   1   0  -1  -4   6   2  -2   0  -3  -3   1  -1  -4  -2  -1  -1  -3  -2  -3    0   0   0   0   0  91   9   0   0   0   0   0   0   0   0   0   0   0   0   0  0.87 0.07
  314 R    -2   6  -1  -2  -4   1   0  -3  -1  -4  -3   2  -2  -3  -3  -1  -2  -3  -2  -3    0  93   0   0   0   0   0   0   0   0   0   7   0   0   0   0   0   0   0   0  0.94 0.06
  315 A     3  -2  -2  -3   0  -2  -2  -1  -3   1   0  -2   1  -2  -2   0   0  -3  -2   3   40   0   0   0   2   0   0   0   0   0   1   0   7   0   0   6   2   0   0  43  0.22 0.03
  316 P    -1  -3  -3  -2  -3  -2  -2  -3  -3  -3  -4  -2  -3  -4   8  -1  -2  -4  -4  -3    0   0   0   0   0   0   0   0   0   0   0   0   0   0 100   0   0   0   0   0  2.23 0.08
  317 V    -1  -3  -3  -4   0  -3  -3  -4  -4   3   1  -3   1   0  -3  -2  -1  -3  -1   4    0   0   0   0   1   0   0   0   0  17   9   0   1   2   0   0   0   0   0  70  0.40 0.04
  318 I     2  -3  -3  -3  -1  -2  -2  -2  -3   3   0  -2   0  -1  -2  -1   0  -3  -2   3   27   0   0   0   0   0   0   0   0  28   0   0   0   0   0   0   0   0   0  44  0.28 0.03
  319 L    -2  -2  -3  -4  -2  -2  -3  -4  -3   1   4  -3   4   0  -3  -3  -1  -2  -1   1    0   0   0   0   0   0   0   0   0   0  68   0  29   0   0   0   0   0   0   2  0.50 0.05
  320 G     0  -3  -1  -2  -3  -2  -3   6  -3  -4  -4  -2  -3  -4  -3  -1  -2  -3  -4  -4    0   0   0   0   0   0   0 100   0   0   0   0   0   0   0   0   0   0   0   0  1.24 0.06
  321 S     1  -1   0  -1  -1  -1  -1  -1  -1  -3  -3  -1  -2  -3  -1   5   1  -3  -2  -2    0   0   0   0   0   0   0   0   0   0   0   0   0   0   0 100   0   0   0   0  0.66 0.07
  322 P    -1  -1  -2  -2  -3  -1  -1  -2  -2  -3  -3  -1  -3  -4   8   0   0  -4  -3  -2    0   3   0   0   0   0   0   0   0   0   1   2   0   0  81   8   4   0   0   1  1.63 0.06
  323 D    -2  -1   1   6  -4   0   4  -2  -1  -3  -4   0  -3  -4  -2   0  -1  -4  -3  -3    0   0   0  65   0   0  33   0   0   0   0   0   0   0   0   1   0   0   0   1  0.83 0.05
  324 D    -2  -2   1   7  -4  -1   1  -2  -2  -4  -4  -1  -4  -4  -2  -1  -2  -5  -4  -4    0   0   0  99   0   0   1   0   0   0   0   0   0   0   0   0   0   0   0   0  1.18 0.07
  325 V    -1  -3  -3  -4  -1  -3  -3  -4  -4   2   0  -3   0  -1  -3  -2   0  -3  -2   5    0   0   0   0   0   0   0   0   0   0   0   0   0   0   0   0   0   0   0 100  0.56 0.06
  326 L    -1   1   1  -1  -3   4   1  -2  -1  -1   1   2   0  -2  -2  -1   0  -3  -2  -1    1   2   7   0   0  40   7   0   0   0  22  16   1   0   0   1   4   0   0   0  0.26 0.03
  327 E    -1  -1  -1   2  -4   2   6  -3  -1  -4  -4   0  -3  -4  -2  -1  -1  -4  -3  -3    0   0   0   5   0   0  95   0   0   0   0   0   0   0   0   0   0   0   0   0  0.91 0.07
  328 F    -2  -2  -3  -4  -3  -2  -3  -4   1  -1  -1  -3  -1   5  -4  -2  -2   2   7  -2    0   0   0   0   0   0   0   0   0   0   1   0   0  24   0   0   0   0  75   0  1.01 0.07
  329 L    -2  -3  -4  -4  -2  -3  -3  -4  -3   4   3  -3   2   0  -3  -2  -1  -2  -2   2    0   0   0   0   0   0   0   0   0  46  41   1   4   0   0   1   1   0   0   6  0.39 0.03
  330 K     3  -1   0   2  -2   0   2  -1  -1  -2  -3   0  -2  -3  -1   2   0  -3  -2  -1   41   1   1  14   0   1  20   0   0   0   0   1   0   0   0  19   2   0   0   0  0.30 0.03
  331 V    -2  -3  -4  -4   3  -3  -4  -4  -4   4   2  -3   1   1  -3  -3  -1  -3  -1   2    0   0   0   0   9   0   0   0   0  69   8   0   1   5   0   0   1   0   0   7  0.41 0.04
  332 Y    -1  -3  -3  -4   6  -2  -3  -3   0   0  -1  -3  -1   3  -3  -1  -1   0   5   1    1   0   0   0  27   0   0   0   1   0   0   0   0  13   0   2   0   0  36  21  0.48 0.04
  333 E    -1   2   0  -1  -4   3   1  -2   0  -3  -3   5  -2  -4  -2  -1  -1  -3  -2  -3    0   5   1   0   0  25   2   1   2   0   0  65   0   0   0   0   0   0   0   0  0.56 0.05
  334 K    -1   2  -1  -1  -4   1   1  -2  -1  -3  -3   6  -2  -4  -2  -1  -1  -4  -2  -3    0   1   0   0   0   1   3   0   0   0   0  96   0   0   0   0   0   0   0   0  0.72 0.07
  335 H    -2  -1   0  -1  -2   0  -1  -3   9  -4  -3  -1  -2  -1  -3  -1  -2  -3   2  -4    0   0   0   1   1   1   0   0  90   0   1   0   0   0   0   3   0   0   4   0  1.15 0.08
  336 S     3  -1   0  -1  -2   2   0   0   2  -2  -2   0  -1  -1  -1   1   0  -3  -1  -1   43   1   4   0   0  15   1   4   7   0   0   5   0   2   1  12   3   0   1   2  0.21 0.02
  337 A     2   1   0  -1  -2   0   0   0  -1  -2  -2   4  -2  -3   0   0   0  -3  -2  -1   24   2   1   1   0   0   0   7   0   0   0  52   0   0   3   4   4   0   0   2  0.29 0.03
  338 Q    -1   2   1  -1  -4   1   0  -2  -1  -3  -3   5  -2  -4  -1   0  -1  -3  -2  -3    0   6   4   0   0   2   0   0   0   0   0  88   0   0   0   0   0   0   0   0  0.61 0.04

                      K         Lambda
Standard Ungapped    0.1358     0.3182
Standard Gapped      0.0495     0.2670
PSI Ungapped         0.1617     0.3174
PSI Gapped           0.0495     0.2670
