
Last position-specific scoring matrix computed, weighted observed percentages rounded down, information per position, and relative weight of gapless real matches to pseudocounts
            A   R   N   D   C   Q   E   G   H   I   L   K   M   F   P   S   T   W   Y   V   A   R   N   D   C   Q   E   G   H   I   L   K   M   F   P   S   T   W   Y   V
    1 M    -1  -2  -3  -3  -2  -1  -2  -3  -2   1   2  -2   6   0  -3  -2  -1  -2  -1   1    0   0   0   0   0   0   0   0   0   0  10   0  87   0   0   0   0   0   0   3  0.41 0.02
    2 S     1  -1   0  -1  -1  -1  -1   1  -1  -3  -3  -1  -2  -3   3   3   1  -3  -2  -2    3   0   0   0   0   0   0   8   0   0   0   0   0   0  19  64   5   0   0   0  0.47 0.01
    3 K    -1   3   0  -1  -3   2   1  -2  -1  -3  -2   5   0  -3  -1   0  -1  -3  -2  -2    0   7   0   0   0   8   0   0   0   0   0  80   5   0   0   0   0   0   0   0  0.48 0.02
    4 P    -1  -2  -1  -1  -2   0  -1  -2   0  -2  -3  -1  -2  -3   7   0   1  -3  -2  -2    0   0   0   0   0   4   2   0   4   0   0   0   0   0  66   7  15   0   0   0  1.17 0.02
    5 H    -1   0   0   0  -3   1   0  -1   8  -3  -3   0  -2  -2  -2  -1  -2  -3   1  -2    2   0   0   3   0   2   0   2  77   0   0   7   0   0   0   3   0   0   0   4  0.66 0.03
    6 S     1   0   0   0   1   0   0  -1   2  -2  -2   0  -1  -2  -1   3   2  -3  -1  -1    0   3   0   3   4   0   0   0  10   0   0   0   0   0   0  65  12   0   0   2  0.31 0.02
    7 E    -1  -1   0   5  -4   1   4  -2  -1  -3  -3   0  -3  -3  -1   0  -1  -3  -3  -3    0   0   0  45   0   3  50   0   0   0   0   0   0   0   0   0   0   0   0   0  0.67 0.02
    8 A     3  -2  -2  -2  -1  -1  -2  -1  -2   1   1  -1   3  -1  -2   0   0  -2  -1   1   46   0   0   0   0   0   0   0   0   2   8   0  26   0   0   0   0   0   0  13  0.17 0.01
    9 G     1  -2   0  -1  -2  -2  -2   6  -2  -3  -3  -2  -3  -3  -2   0  -1  -3  -3  -3    7   0   2   0   0   0   0  85   0   0   0   0   0   0   0   0   2   0   0   0  0.85 0.02
   10 T     0  -1   0  -1   0  -1  -1  -1  -1  -1  -2  -1  -1  -1  -1   3   4  -2  -1  -1    0   0   0   2   2   0   0   0   0   0   0   0   0   4   0  33  53   0   2   0  0.31 0.02
   11 A     4  -1  -1  -2  -1  -1  -1   0  -2  -2  -2  -1  -1  -3  -1   1   1  -3  -2   0   87   2   0   0   0   0   0   0   0   0   0   0   0   0   0   4   7   0   0   0  0.40 0.02
   12 F    -2  -3  -2  -3  -3  -3  -3  -3  -1   0   0  -3   0   6  -4  -2  -1   1   3  -1    2   0   2   0   0   0   0   0   0   0   0   0   0  88   0   0   5   0   2   0  0.69 0.03
   13 I    -2  -3  -4  -4  -1  -3  -4  -4  -4   5   2  -3   1   0  -3  -3  -1  -3  -2   3    0   0   0   0   0   0   0   0   0  91   6   0   0   0   0   0   0   0   0   4  0.44 0.03
   14 Q    -1   1   0  -1  -3   6   2  -2   0  -3  -3   1  -1  -4   0   0  -1  -2  -2  -3    0   0   0   0   0  93   0   0   0   0   0   2   0   0   4   0   0   0   0   0  0.72 0.04
   15 T     0  -1   1   0  -1   0  -1  -2  -2  -1  -2  -1  -1  -3  -1   1   5  -3  -2   0    0   2   8   2   0   2   0   0   0   0   0   0   0   0   0   0  86   0   0   0  0.45 0.03
   16 Q    -1   1   0  -1  -3   6   2  -2   0  -3  -2   1  -1  -4  -2   0   0  -2  -2  -2    0   0   0   0   0  98   0   0   0   0   0   0   0   0   0   0   2   0   0   0  0.75 0.04
   17 Q    -1   1   0  -1  -3   6   2  -2   0  -3  -2   1  -1  -4  -2   0  -1  -2  -2  -3    0   0   0   0   0  98   0   0   0   0   0   0   0   0   0   0   0   0   0   0  0.74 0.04
   18 L    -2  -2  -4  -4  -2  -2  -3  -4  -3   2   4  -3   2   0  -3  -3  -1  -2  -1   1    0   0   0   0   0   0   0   0   0   0 100   0   0   0   0   0   0   0   0   0  0.52 0.02
   19 H    -2  -1   3  -1  -3   0  -1  -1   7  -3  -3  -1  -2   0  -2   0  -1  -2   2  -3    0   0  20   0   0   0   0   2  62   0   0   0   0   6   0   4   0   0   6   0  0.59 0.03
   20 A     4  -2  -2  -2  -1  -1  -1   0  -2  -1  -2  -1  -1  -2  -1   1   0  -3  -2   0   96   0   0   0   0   0   0   0   0   0   0   0   0   0   0   0   0   0   0   4  0.44 0.03
   21 A     4  -2  -2  -2  -1  -1  -1   0  -2  -2  -2  -1  -1  -3  -1   1   0  -3  -2   0   97   0   0   0   0   0   0   0   0   0   0   0   0   0   0   3   0   0   0   0  0.46 0.03
   22 M    -1  -2  -2  -3  -2  -1  -2  -3  -2   1   2  -2   7   0  -3  -1   0  -2  -1   0    0   0   0   0   0   0   0   0   0   0   0   0  90   0   0   1   8   0   0   0  0.43 0.04
   23 A     5  -2  -2  -2  -1  -1  -1   0  -2  -2  -2  -1  -1  -3  -1   1   0  -3  -2   0  100   0   0   0   0   0   0   0   0   0   0   0   0   0   0   0   0   0   0   0  0.47 0.03
   24 D    -2  -2   2   6  -4   0   1  -2   0  -4  -4  -1  -3  -4  -2   0  -1  -5  -3  -4    0   0   3  95   0   0   0   0   2   0   0   0   0   0   0   0   0   0   0   0  0.97 0.03
   25 T     0  -1   0  -1  -1  -1  -1  -2  -2  -1  -2  -1  -1  -2  -1   2   5  -3  -2   0    4   0   0   0   0   0   0   0   0   0   0   0   0   0   0   5  90   0   0   0  0.51 0.03
   26 F    -3  -3  -2  -4  -3  -3  -4  -3  -1   0   0  -3   0   7  -4  -3  -2   1   3  -1    0   0   2   0   0   0   0   0   0   0   0   0   0  98   0   0   0   0   0   0  0.83 0.03
   27 L    -2  -2  -4  -4  -1  -2  -3  -4  -3   2   4  -3   2   0  -3  -3  -1  -2  -1   1    0   0   0   0   0   0   0   0   0   0 100   0   0   0   0   0   0   0   0   0  0.52 0.02
   28 E    -1   0   0   2  -4   2   6  -2   0  -4  -3   1  -2  -4  -1   0  -1  -3  -2  -3    0   0   0   2   0   0  98   0   0   0   0   0   0   0   0   0   0   0   0   0  0.81 0.03
   29 H    -2  -1   0  -1  -3   0   0  -2   9  -4  -3  -1  -2  -2  -3  -1  -2  -3   2  -4    0   0   0   0   0   0   0   0 100   0   0   0   0   0   0   0   0   0   0   0  1.07 0.05
   30 M    -1  -2  -3  -3  -2  -1  -2  -3  -2   1   2  -1   6   0  -3  -2  -1  -2  -1   0    0   0   0   0   0   0   0   0   0   0  16   3  81   0   0   0   0   0   0   0  0.43 0.04
   31 C    -1  -4  -3  -4  10  -3  -4  -2  -3  -2  -2  -3  -2  -3  -3  -1  -1  -3  -3  -1    0   0   0   0  99   0   0   1   0   0   0   0   0   0   0   0   0   0   0   0  1.40 0.05
   32 R    -2   5  -1  -2  -1   0  -1  -3   0  -1   1   1   0  -2  -3  -1  -1  -3  -2  -1    0  71   0   0   2   0   0   0   2   0  25   0   0   0   0   0   0   0   0   0  0.45 0.02
   33 L    -2  -2  -4  -4  -2  -2  -3  -4  -3   2   4  -3   2   0  -3  -3  -1  -2  -1   1    0   0   0   0   0   0   0   0   0   0 100   0   0   0   0   0   0   0   0   0  0.52 0.03
   34 D    -2  -2   1   6  -4  -1   1  -2  -1  -4  -4  -1  -3  -4  -2   0  -1  -5  -3  -4    0   0   0 100   0   0   0   0   0   0   0   0   0   0   0   0   0   0   0   0  1.03 0.04
   35 I    -1  -3  -4  -4  -1  -3  -4  -4  -4   5   1  -3   1   0  -3  -3  -1  -3  -2   3    0   0   0   0   0   0   0   0   0  94   0   0   0   0   0   0   0   0   0   6  0.46 0.03
   36 D    -2  -2   1   6  -4  -1   1  -2  -1  -4  -4  -1  -3  -4  -2   0  -1  -5  -3  -4    0   0   0 100   0   0   0   0   0   0   0   0   0   0   0   0   0   0   0   0  1.03 0.04
   37 S     1  -1   0  -1  -1   0   0  -1  -1  -3  -3   0  -2  -1  -1   4   1  -3  -2  -2    0   0   0   0   0   0   0   0   0   0   0   0   0   3   0  97   0   0   0   0  0.48 0.03
   38 P     0  -1  -1   0  -3   1   4  -2  -1  -3  -3   0  -2  -3   5   0   0  -3  -3  -2   10   0   0   0   0   0  48   0   0   0   0   0   0   0  36   0   3   0   0   3  0.71 0.02
   39 P    -1  -2  -2  -2  -3  -2  -1  -2  -3  -3  -3  -1  -3  -4   8  -1  -1  -4  -3  -3    0   0   0   0   0   0   0   0   0   0   0   0   0   0  98   0   2   0   0   0  2.06 0.04
   40 I    -1  -3  -2  -3  -1  -2  -2  -3  -3   4   1  -2   1  -1  -1  -1   2  -3  -2   2    0   0   0   0   0   0   0   0   0  64   0   0   0   0   2   0  32   0   0   2  0.27 0.02
   41 T     0  -2   0  -2  -1  -1  -1  -2  -2   1  -1  -1   0  -2  -2   1   4  -3  -2   1    0   0   2   0   0   0   0   0   0   7   0   0   3   0   0   2  69   0   0  17  0.32 0.02
   42 A     5  -2  -2  -2  -1  -1  -1   0  -2  -2  -2  -1  -1  -3  -1   1   0  -3  -2   0  100   0   0   0   0   0   0   0   0   0   0   0   0   0   0   0   0   0   0   0  0.48 0.03
   43 R    -2   6  -1  -2   1   1   0  -3  -1  -3  -2   2  -2  -3  -3  -1  -1   2  -2  -3    0  91   0   0   4   0   0   0   0   0   0   0   0   0   0   0   0   4   0   0  0.73 0.03
   44 N    -2  -1   6   1  -3   0   0  -1   0  -4  -4   0  -3  -3  -2   0   0  -4  -2  -3    0   0 100   0   0   0   0   0   0   0   0   0   0   0   0   0   0   0   0   0  0.85 0.04
   45 T     0  -1   0  -1  -1  -1  -1  -2  -2  -1  -1  -1   0  -2  -1   1   5  -3  -2   0    0   0   0   0   0   0   0   0   0   0   0   0   2   0   0   0  98   0   0   0  0.55 0.03
   46 G     0  -2  -1  -1  -3  -2  -2   6  -2  -4  -4  -2  -3  -3  -2   0  -2  -3  -3  -3    0   0   0   0   0   0   0  94   0   0   0   0   0   0   0   6   0   0   0   0  1.03 0.03
   47 I    -2  -3  -4  -4  -1  -3  -4  -4  -4   5   1  -3   1   0  -3  -3  -1  -3  -2   3    0   0   0   0   0   0   0   0   0 100   0   0   0   0   0   0   0   0   0   0  0.48 0.03
   48 I    -2  -3  -4  -4  -1  -3  -4  -4  -4   5   1  -3   1   0  -3  -3  -1  -3  -2   3    0   0   0   0   0   0   0   0   0  98   0   0   0   0   0   0   0   0   0   2  0.47 0.03
   49 C    -1  -4  -3  -4  10  -3  -4  -3  -3  -2  -2  -4  -2  -3  -3  -1  -1  -3  -3  -1    0   0   0   0 100   0   0   0   0   0   0   0   0   0   0   0   0   0   0   0  1.44 0.05
   50 T     0  -1   0  -1  -1  -1  -1  -2  -2  -1  -1  -1  -1  -2  -1   1   5  -3  -2   0    0   0   0   0   0   0   0   0   0   0   0   0   0   0   0   0 100   0   0   0  0.57 0.04
   51 I    -2  -3  -4  -4  -1  -3  -4  -4  -4   5   2  -3   1   0  -3  -3  -1  -3  -2   3    0   0   0   0   0   0   0   0   0  98   2   0   0   0   0   0   0   0   0   0  0.47 0.03
   52 G     0  -3  -1  -2  -3  -2  -2   6  -2  -4  -4  -2  -3  -3  -2   0  -2  -3  -3  -4    0   0   0   0   0   0   0 100   0   0   0   0   0   0   0   0   0   0   0   0  1.12 0.03
   53 P    -1  -2  -2  -2  -3  -2  -1  -3  -3  -3  -3  -1  -3  -4   8  -1  -1  -4  -3  -3    0   0   0   0   0   0   0   0   0   0   0   0   0   0 100   0   0   0   0   0  2.13 0.04
   54 A     4  -2  -2  -2  -1  -1  -1   0  -2  -1  -2  -1  -1  -2  -1   1   0  -3  -2   0   95   0   0   0   0   0   0   0   0   0   0   0   0   0   0   0   0   0   0   5  0.43 0.03
   55 S     1  -1   0   0  -1   0   0   0  -1  -3  -3   0  -2  -3  -1   5   1  -3  -2  -2    0   0   0   0   0   0   0   0   0   0   0   0   0   0   0 100   0   0   0   0  0.53 0.03
   56 R    -2   6  -1  -2  -4   1   0  -3   0  -3  -2   2  -2  -3  -2  -1  -1  -3  -2  -3    0  97   0   0   0   3   0   0   0   0   0   0   0   0   0   0   0   0   0   0  0.83 0.03
   57 S     1  -1   0   0  -1   0   0  -1  -1  -3  -2   0  -2  -3  -1   4   1  -3  -2  -2    2   0   0   2   0   0   0   0   0   0   2   0   0   0   0  94   0   0   0   0  0.47 0.03
   58 V     0  -3  -3  -4  -1  -3  -3  -4  -3   3   1  -3   1  -1  -3  -2   0  -3  -1   4    0   0   0   0   0   0   0   0   0   0   2   0   0   0   0   0   0   0   0  98  0.42 0.03
   59 E    -1   0   0   3  -4   2   5  -2   0  -4  -3   0  -2  -4  -1   0  -1  -3  -2  -3    0   0   0  13   0   0  85   2   0   0   0   0   0   0   0   0   0   0   0   0  0.72 0.03
   60 T    -1  -1  -1  -2  -2  -1  -1  -2  -2   1   1   1   4  -1  -2   0   3  -2  -2   0    0   0   0   0   0   0   0   0   0   8   0  12  45   0   0   0  35   0   0   0  0.21 0.02
   61 L    -2  -2  -4  -4  -2  -2  -3  -4  -3   2   4  -3   2   0  -3  -3  -1  -2  -1   1    0   0   0   0   0   0   0   0   0   0 100   0   0   0   0   0   0   0   0   0  0.52 0.03
   62 K    -1   2   0  -1  -3   2   1  -2  -1  -3  -3   5  -2  -3  -1   0  -1  -3  -2  -3    0   0   0   0   0   3   0   0   0   0   0  97   0   0   0   0   0   0   0   0  0.60 0.03
   63 E    -1   0   0   1  -4   2   6  -2   0  -4  -3   1  -2  -4  -1   0  -1  -3  -2  -3    0   0   0   0   0   0 100   0   0   0   0   0   0   0   0   0   0   0   0   0  0.82 0.03
   64 M    -1  -2  -3  -4  -2  -1  -2  -3  -2   1   2  -2   7   0  -3  -2  -1  -2  -1   0    0   0   0   0   0   0   0   0   0   0   0   0 100   0   0   0   0   0   0   0  0.54 0.05
   65 I    -2  -3  -4  -4  -1  -3  -4  -4  -4   5   1  -3   1   0  -3  -3  -1  -3  -2   3    0   0   0   0   0   0   0   0   0 100   0   0   0   0   0   0   0   0   0   0  0.48 0.03
   66 K    -1   2   0   0  -3   1   1  -2  -1  -3  -3   5  -2  -3  -1   0  -1  -3  -2  -3    2   1   0   2   0   0   1   0   0   0   0  94   0   0   0   0   0   0   0   0  0.56 0.03
   67 S     2  -1   0  -1  -1   0   0   0  -1  -3  -3   0  -2  -3  -1   4   1  -3  -2  -2   13   0   0   0   0   0   0   0   0   0   0   0   0   0   0  87   0   0   0   0  0.47 0.03
   68 G     0  -3  -1  -2  -3  -2  -2   6  -2  -4  -4  -2  -3  -3  -2   0  -2  -3  -3  -4    0   0   0   0   0   0   0 100   0   0   0   0   0   0   0   0   0   0   0   0  1.12 0.03
   69 M    -1  -2  -3  -4  -2  -1  -2  -3  -2   1   2  -2   7   0  -3  -2  -1  -2  -1   1    0   0   0   0   0   0   0   0   0   3   0   0  97   0   0   0   0   0   0   0  0.52 0.05
   70 N    -2  -1   6   1  -3   0   0  -1   1  -4  -4   0  -2  -3  -2   0   0  -4  -2  -3    0   0  97   0   0   0   0   0   3   0   0   0   0   0   0   0   0   0   0   0  0.82 0.04
   71 V    -1  -3  -3  -3  -1  -3  -3  -4  -3   3   1  -3   1  -1  -3  -2   0  -3  -1   4    0   0   0   0   0   0   0   0   0  19   0   0   0   0   0   0   0   0   0  81  0.40 0.02
   72 A     5  -2  -2  -2  -1  -1  -1   0  -2  -2  -2  -1  -1  -3  -1   1   0  -3  -2   0  100   0   0   0   0   0   0   0   0   0   0   0   0   0   0   0   0   0   0   0  0.48 0.03
   73 R    -2   6  -1  -2  -4   1   0  -3   1  -3  -3   2  -2  -3  -2  -1  -1  -3  -2  -3    0  98   0   0   0   0   0   0   2   0   0   0   0   0   0   0   0   0   0   0  0.83 0.03
   74 L    -2  -2  -3  -4  -2  -2  -3  -4  -3   1   4  -2   3   0  -3  -3  -1  -2  -1   1    0   0   0   0   0   0   0   0   0   0  81   0  19   0   0   0   0   0   0   0  0.45 0.02
   75 N    -2  -1   6   1  -3   0   0  -1   0  -4  -4   0  -2  -3  -2   1   0  -4  -2  -3    0   0  96   0   0   0   0   0   0   0   0   0   0   0   0   4   0   0   0   0  0.80 0.04
   76 F    -3  -3  -3  -4  -3  -4  -4  -4  -2   0   0  -4   0   7  -4  -3  -2   1   3  -1    0   0   0   0   0   0   0   0   0   0   0   0   0 100   0   0   0   0   0   0  0.88 0.04
   77 S     1  -1   0  -1  -1   0   0  -1  -1  -3  -3   0  -2  -1  -1   4   1  -3  -2  -2    0   0   0   0   0   0   0   0   0   0   0   0   0   4   0  96   0   0   0   0  0.47 0.03
   78 H    -2  -1   0  -1  -3   0   0  -2   9  -4  -3  -1  -2  -2  -3  -1  -2  -3   2  -4    0   0   0   0   0   0   0   0 100   0   0   0   0   0   0   0   0   0   0   0  1.08 0.05
   79 G     0  -3  -1  -1  -3  -2  -2   6  -2  -4  -4  -2  -3  -3  -2   0  -2  -3  -3  -4    0   0   0   0   0   0   2  98   0   0   0   0   0   0   0   0   0   0   0   0  1.08 0.03
   80 T     0  -1   0  -1  -1  -1  -1  -1  -2  -1  -2  -1  -1  -2  -1   3   5  -3  -2  -1    0   0   0   0   0   0   0   0   0   0   0   0   0   0   0  25  75   0   0   0  0.47 0.03
   81 H    -2  -1   1  -1  -3   0   0  -2   8  -4  -3  -1  -2  -2  -3  -1  -2  -3   2  -4    0   0   2   0   0   0   0   0  98   0   0   0   0   0   0   0   0   0   0   0  1.04 0.05
   82 E    -1   0   0   1  -4   2   6  -2   0  -4  -3   1  -2  -4  -1   0  -1  -3  -2  -3    0   0   0   0   0   0 100   0   0   0   0   0   0   0   0   0   0   0   0   0  0.82 0.03
   83 Y    -2  -2  -2  -4  -3  -2  -2  -3   2  -2  -1  -2  -1   3  -3  -2  -2   2   8  -2    0   0   0   0   0   0   0   0   0   0   0   0   0   0   0   0   0   0 100   0  1.03 0.04
   84 H    -2  -1   0  -1  -3   0   0  -2   9  -4  -3  -1  -2  -2  -3  -1  -2  -3   2  -4    0   0   0   0   0   0   0   0 100   0   0   0   0   0   0   0   0   0   0   0  1.08 0.05
   85 A     4   0  -1  -1  -1  -1   0   1  -2  -2  -2  -1  -1  -3  -1   1   0  -3  -2  -1   74   5   0   0   0   0   9   8   0   0   0   0   0   0   0   2   3   0   0   0  0.32 0.02
   86 E    -1  -1   0   2  -4   1   5   2  -1  -4  -3   1  -2  -4  -2   0  -1  -3  -3  -3    0   0   0   9   0   0  70  18   0   0   0   3   0   0   0   0   0   0   0   0  0.57 0.02
   87 T     0  -1   0  -1  -1  -1  -1  -2  -2   0  -1  -1  -1  -2  -1   1   5  -3  -2   0    0   0   0   0   0   0   0   0   0   3   0   0   0   0   0   0  97   0   0   0  0.53 0.03
   88 I    -2  -3  -4  -4  -1  -3  -4  -4  -4   5   1  -3   1   0  -3  -3  -1  -3  -2   3    0   0   0   0   0   0   0   0   0 100   0   0   0   0   0   0   0   0   0   0  0.48 0.03
   89 K    -1   2   0  -1  -3   1   1  -2  -1  -3  -3   5  -2  -3  -1   0  -1  -3  -2  -3    0   0   0   0   0   0   0   0   0   0   0 100   0   0   0   0   0   0   0   0  0.61 0.03
   90 N    -2  -1   6   1  -3   0   0  -1   0  -4  -4   0  -3  -3  -2   0   0  -4  -2  -3    0   0  98   2   0   0   0   0   0   0   0   0   0   0   0   0   0   0   0   0  0.83 0.04
   91 V     0  -3  -3  -4  -1  -2  -3  -4  -3   3   1  -3   1  -1  -3  -2   0  -3  -1   4    0   0   0   0   0   0   0   0   0   5   0   0   2   0   0   0   0   0   0  93  0.41 0.03
   92 R    -2   6  -1  -2   0   1   0  -3   0  -3  -2   2  -2  -3  -1  -1  -1  -3  -2  -3    0  91   0   0   4   0   0   0   2   0   0   0   0   0   2   0   0   0   0   0  0.73 0.03
   93 T     1  -1  -1   1  -2   1   4  -2  -1  -2  -2   0  -1  -3  -1   1   2  -3  -2  -1   19   0   0   2   0   3  48   0   0   0   0   0   0   0   0   0  26   0   0   3  0.33 0.02
   94 A     5  -2  -2  -2  -1  -1  -1   0  -2  -2  -2  -1  -1  -3  -1   1   0  -3  -2   0  100   0   0   0   0   0   0   0   0   0   0   0   0   0   0   0   0   0   0   0  0.48 0.03
   95 T     0  -2   0  -2   3  -1  -1  -2  -2  -1  -1  -1  -1  -2  -1   1   5  -3  -2   0    5   0   0   0  11   0   0   0   0   0   0   0   0   0   0   0  83   0   0   0  0.46 0.03
   96 E    -1   0   0   1  -4   2   6  -2   0  -4  -3   1  -2  -4  -1   0  -1  -3  -2  -3    2   0   0   0   0   0  98   0   0   0   0   0   0   0   0   0   0   0   0   0  0.80 0.03
   97 S     1  -1   1   0  -1   0   0   0  -1  -3  -3   0  -2  -3  -1   4   1  -3  -2  -2    0   0   2   0   0   0   0   2   0   0   0   0   0   0   0  97   0   0   0   0  0.51 0.03
   98 F    -2  -3  -3  -4  -3  -3  -3  -4  -1   0   0  -3   0   7  -4  -3  -2   1   3  -1    0   0   0   0   0   0   0   0   0   0   3   0   0  90   0   0   0   0   5   1  0.79 0.03
   99 A     4  -1  -1  -1  -1   0   1   0  -2  -2  -2   0  -1  -3  -1   1   0  -3  -2  -1   78   0   0   0   0   0  13   2   0   0   0   2   0   0   0   1   4   0   0   0  0.34 0.02
  100 S     1  -1   0   0  -1   0   0   0  -1  -3  -3  -1  -2  -3   2   4   1  -3  -2  -2   11   0   1   1   0   0   0   2   0   0   0   0   0   0  11  72   0   0   0   0  0.43 0.02
  101 D    -1  -2   3   5  -3  -1   1   1  -1  -4  -4  -1  -3  -4  -2   0  -1  -4  -3  -3    0   0  21  63   0   0   0  15   0   0   0   0   0   0   0   1   0   0   0   0  0.67 0.02
  102 P    -1  -2  -2  -2  -3  -1  -1  -2  -2  -3  -3  -1  -2  -4   7   1  -1  -4  -3  -2    0   0   0   0   0   0   0   0   0   0   2   0   0   0  82  17   0   0   0   0  1.60 0.03
  103 I    -1  -3  -4  -4  -1  -3  -4  -4  -4   5   1  -3   1   0  -3  -3  -1  -3  -2   3    0   0   0   0   0   0   0   0   0  95   0   0   0   0   0   0   0   0   0   5  0.46 0.03
  104 L    -1  -1  -1  -2  -2   0  -1  -3   3   0   3  -1   1   0  -1   0   0  -2   0   0    0   0   0   0   0   7   0   0  15   0  53   4   0   2   2   9   4   0   2   0  0.14 0.01
  105 Y    -2  -2  -2  -3  -3  -2  -2  -3   2  -2  -1  -2  -1   3  -3  -2  -2   2   7  -1    0   0   0   0   0   0   0   0   0   0   0   0   0   0   0   0   0   0  97   0  0.97 0.04
  106 R    -2   6  -1  -2  -4   1   0  -3   0  -3  -2   2  -2  -3  -2  -1  -1   2  -2  -3    0  91   0   0   0   2   0   0   0   0   0   0   0   0   0   0   0   4   0   0  0.75 0.03
  107 P    -1  -2  -2  -2  -3  -2  -1  -2  -2  -3  -3  -1  -3  -4   8  -1  -1  -4  -3  -3    0   0   0   0   0   0   0   0   0   0   0   0   0   0  97   0   0   0   0   0  2.03 0.04
  108 V     0  -3  -3  -3  -1  -2  -3  -3  -3   3   1  -2   1  -1  -3  -2   0  -3  -1   4    0   0   0   0   0   0   0   0   0  17   0   0   2   0   0   0   0   0   0  78  0.36 0.02
  109 A     4  -2  -1  -2  -1  -1  -1   2  -2  -2  -2  -1  -1  -2  -1   1   0  -3  -2  -1   84   0   0   0   0   0   0  12   0   0   0   0   0   0   0   2   0   0   0   0  0.40 0.02
  110 V    -1  -3  -3  -3  -1  -2  -3  -3  -3   3   1  -2   1  -1  -3  -2   0  -3  -1   4    0   0   0   0   0   0   0   0   0  26   0   0   4   0   0   0   0   0   0  68  0.35 0.02
  111 A     4  -2  -2  -2  -1  -1  -1   0  -2  -2  -2  -1  -1  -2  -1   1   0  -3  -2   0   97   0   0   0   0   0   0   0   0   0   0   0   0   0   0   0   0   0   0   0  0.45 0.03
  112 L    -2  -2  -4  -4  -1  -2  -3  -4  -3   1   4  -3   2   0  -3  -3  -1  -2  -1   1    0   0   0   0   0   0   0   0   0   0  97   0   0   0   0   0   0   0   0   0  0.48 0.02
  113 D    -2  -2   1   6  -4   0   1  -2  -1  -3  -4  -1  -3  -4  -2   0  -1  -4  -3  -3    0   0   0  97   0   0   0   0   0   0   0   0   0   0   0   0   0   0   0   0  0.98 0.03
  114 T     0  -1   0  -1  -1  -1  -1  -2  -2  -1  -1  -1  -1  -2  -1   1   5  -3  -2   0    0   0   0   0   0   0   0   0   0   0   0   0   0   0   0   0  97   0   0   0  0.54 0.03
  115 K    -1   2   0  -1  -3   1   1  -2  -1  -3  -3   5  -2  -3  -1   0  -1  -3  -2  -2    0   0   0   0   0   0   0   0   0   0   0  97   0   0   0   0   0   0   0   0  0.58 0.03
  116 G     0  -2  -1  -1  -3  -2  -2   6  -2  -4  -4  -2  -3  -3  -2   0  -2  -3  -3  -3    0   0   0   0   0   0   0  97   0   0   0   0   0   0   0   0   0   0   0   0  1.06 0.03
  117 P    -1  -2  -2  -2  -3  -2  -1  -2  -2  -3  -3  -1  -3  -4   8  -1  -1  -4  -3  -3    0   0   0   0   0   0   0   0   0   0   0   0   0   0  97   0   0   0   0   0  2.03 0.04
  118 E    -1   0   0   1  -4   2   5  -2   0  -3  -3   1  -2  -3  -1   0  -1  -3  -2  -3    0   0   0   0   0   0  97   0   0   0   0   0   0   0   0   0   0   0   0   0  0.78 0.03
  119 I    -2  -3  -3  -3  -1  -3  -3  -4  -3   5   1  -3   1   0  -3  -3  -1  -3  -2   3    0   0   0   0   0   0   0   0   0  97   0   0   0   0   0   0   0   0   0   0  0.44 0.03
  120 R    -2   6  -1  -2  -4   1   0  -2   0  -3  -2   2  -2  -3  -1  -1  -1  -3  -2  -3    0  93   0   0   0   0   0   0   0   0   0   0   0   0   2   0   0   0   0   0  0.74 0.03
  121 T     0  -1   0  -1  -1  -1  -1  -2  -2  -1  -1  -1  -1  -2  -1   1   5  -3  -2   0    0   0   0   0   0   0   0   0   0   0   0   0   0   0   0   0  97   0   0   0  0.54 0.03
  122 G     0  -2  -1  -1  -3  -2  -2   6  -2  -4  -4  -2  -3  -3  -2   0  -2  -3  -3  -3    0   0   0   0   0   0   0  97   0   0   0   0   0   0   0   0   0   0   0   0  1.06 0.03
  123 L    -2  -2  -4  -4  -1  -2  -3  -4  -3   1   4  -3   2   0  -3  -3  -1  -2  -1   1    0   0   0   0   0   0   0   0   0   0  97   0   0   0   0   0   0   0   0   0  0.48 0.02
  124 I    -2  -3  -4  -4  -1  -3  -4  -4  -4   5   2  -3   2   0  -3  -3  -1  -3  -2   3    0   0   0   0   0   0   0   0   0  96   0   0   4   0   0   0   0   0   0   0  0.46 0.03
  125 K    -1   2   0  -1  -3   1   1  -2  -1  -3  -3   5  -2  -3  -1   0  -1  -3  -2  -3    0   2   0   0   0   0   0   0   0   0   0  98   0   0   0   0   0   0   0   0  0.60 0.03
  126 G     0  -2  -1  -1  -3  -2  -2   6  -2  -4  -4  -2  -3  -3  -2   0  -2  -3  -3  -3    0   0   0   0   0   0   0  97   0   0   0   0   0   0   0   0   0   0   0   0  1.06 0.03
  127 S     1  -1   0   0  -1   0   0   0  -1  -3  -3   0  -2  -3  -1   5   1  -3  -2  -2    0   0   0   0   0   0   0   0   0   0   0   0   0   0   0  97   0   0   0   0  0.50 0.03
  128 G     0  -2  -1  -1  -3  -2  -2   6  -2  -4  -4  -2  -3  -3  -2   0  -2  -3  -3  -3    0   0   0   0   0   0   0  95   0   0   0   0   0   0   0   3   0   0   0   0  1.02 0.03
  129 T     0  -1   0  -1  -1  -1  -1  -2  -2  -1  -1  -1  -1  -2  -1   1   5  -3  -2   0    0   0   0   0   0   0   0   0   0   0   0   0   0   0   0   0  97   0   0   0  0.54 0.03
  130 A     4  -2  -2  -2  -1  -1  -1   0  -2  -2  -2  -1  -1  -2  -1   1   0  -3  -2   0   97   0   0   0   0   0   0   0   0   0   0   0   0   0   0   0   0   0   0   0  0.45 0.03
  131 E    -1   0   0   1  -4   2   5  -2   0  -3  -3   1  -2  -3  -1   0  -1  -3  -2  -3    0   0   0   0   0   0  94   0   0   0   0   4   0   0   0   0   0   0   0   0  0.75 0.03
  132 V     0  -3  -3  -3  -1  -2  -3  -3  -3   3   1  -2   1  -1  -3  -2   0  -3  -1   4    0   0   0   0   0   0   0   0   0   0   0   0   3   0   0   0   0   0   0  95  0.38 0.03
  133 E    -1   0   0   1  -4   2   5  -2   0  -3  -3   1  -2  -3  -1   0  -1  -3  -2  -3    0   0   0   0   0   0  97   0   0   0   0   0   0   0   0   0   0   0   0   0  0.78 0.03
  134 L    -2  -2  -4  -4  -1  -2  -3  -4  -3   1   4  -3   2   0  -3  -3  -1  -2  -1   1    0   0   0   0   0   0   0   0   0   0  97   0   0   0   0   0   0   0   0   0  0.48 0.02
  135 K    -1   2   0  -1  -3   1   1  -2  -1  -3  -3   5  -2  -3  -1   0  -1  -3  -2  -2    0   0   0   0   0   2   0   0   0   0   0  96   0   0   0   0   0   0   0   0  0.57 0.03
  136 K    -1   2   0  -1  -3   1   1  -2  -1  -3  -3   5  -2  -3  -1   0  -1  -3  -2  -3    0   0   0   0   0   0   0   0   0   0   0 100   0   0   0   0   0   0   0   0  0.61 0.03
  137 G     0  -3  -1  -2  -3  -2  -2   6  -2  -4  -4  -2  -3  -3  -2   0  -2  -3  -3  -4    0   0   0   0   0   0   0 100   0   0   0   0   0   0   0   0   0   0   0   0  1.12 0.03
  138 A     3  -1   2  -1  -1  -1   0   0  -1  -2  -2  -1  -1  -3  -1   1   0  -3  -2  -1   67   0  21   0   0   0   2   1   0   0   0   0   0   0   0   6   2   0   0   0  0.32 0.02
  139 T     0  -1   0  -1  -1   0  -1  -2  -1  -1  -1   0   0  -2   0   1   4  -3  -2   0    3   0   0   0   0   3   1   0   2   2   0   6   4   0   2   5  74   0   0   0  0.36 0.02
  140 L    -2  -2  -4  -4  -2  -2  -3  -4  -3   2   4  -2   2   0  -3  -3  -1  -2  -1   1    0   2   0   0   0   0   0   0   0  15  82   0   2   0   0   0   0   0   0   0  0.43 0.02
  141 K    -1   2   0  -1  -3   1   1  -2  -1  -3  -3   5  -2  -3  -1   0  -1  -3  -2  -3    0   5   0   0   0   0   0   0   0   0   0  95   0   0   0   0   0   0   0   0  0.60 0.03
  142 I    -1  -3  -3  -4  -1  -3  -3  -4  -3   4   2  -3   1   0  -3  -2  -1  -3  -1   3    0   0   0   0   0   0   0   0   0  53  10   0   0   0   0   0   0   0   0  36  0.37 0.02
  143 T     0  -1   0  -1  -1  -1  -1  -2  -2  -1  -1  -1   0  -2  -1   1   5  -3  -2   0    0   0   0   0   0   0   0   0   0   0   0   0   4   0   0   2  94   0   0   0  0.52 0.03
  144 L    -2  -2  -4  -4  -2  -2  -3  -4  -3   2   4  -3   2   0  -3  -3  -1  -2  -1   1    0   0   0   0   0   0   0   0   0   0  98   0   2   0   0   0   0   0   0   0  0.51 0.02
  145 D    -2  -2   1   6  -4   0   2  -2  -1  -4  -4  -1  -3  -4  -2   0  -1  -5  -3  -4    0   0   0  97   0   0   3   0   0   0   0   0   0   0   0   0   0   0   0   0  1.01 0.03
  146 N    -2  -1   5   5  -3   0   1  -1   0  -4  -4  -1  -3  -4  -2   0  -1  -4  -3  -3    0   0  50  48   0   0   2   0   0   0   0   0   0   0   0   0   0   0   0   0  0.71 0.02
  147 A     4  -1  -1  -2  -1  -1  -1   0  -2  -2  -2  -1  -1  -3  -1   2   1  -3  -2  -1   83   0   2   0   0   0   0   0   0   0   0   2   0   0   0   9   4   0   0   0  0.38 0.02
  148 Y    -2  -2  -3  -4   0  -2  -3  -3   1  -1  -1  -2  -1   5  -3  -2  -2   2   7  -1    0   0   0   0   3   0   0   0   0   0   0   0   0  28   0   0   0   0  69   0  0.79 0.03
  149 M    -1  -1  -2  -3  -2   1  -1  -3  -1   1   1   0   6  -1  -3  -1  -1  -2  -1   0    0   0   0   0   0  12   0   0   0   0   2   9  78   0   0   0   0   0   0   0  0.34 0.04
  150 E    -1   0   0   2  -4   2   5  -2   0  -4  -3   1  -2  -4  -1   0  -1  -3  -2  -3    0   0   2   6   0   0  92   0   0   0   0   0   0   0   0   0   0   0   0   0  0.77 0.03
  151 K    -1   2   2   0  -3   1   1  -2   0  -3  -3   5  -2  -3  -1   0  -1  -3  -2  -3    0   0  13   0   0   0   0   0   1   0   0  82   0   0   0   4   0   0   0   0  0.48 0.03
  152 C    -1  -4  -3  -4  10  -3  -4  -3  -3  -2  -2  -4  -2  -3  -3  -1  -1  -3  -3  -1    0   0   0   0 100   0   0   0   0   0   0   0   0   0   0   0   0   0   0   0  1.44 0.05
  153 D    -2  -2   1   6  -4  -1   1  -2  -1  -4  -4  -1  -3  -4  -2   0  -1  -5  -3  -4    0   0   0  98   0   0   0   0   0   0   0   0   0   0   0   2   0   0   0   0  1.01 0.03
  154 E    -1   0   0   2  -4   2   5  -2   0  -4  -3   1  -2  -4  -1   0  -1  -3  -2  -3    0   0   0   6   0   0  94   0   0   0   0   0   0   0   0   0   0   0   0   0  0.78 0.03
  155 N    -1  -1   6   2  -3   0   0  -1   0  -3  -4   0  -2  -3  -2   1   0  -4  -2  -3    1   0  84   5   0   0   3   0   0   0   0   3   0   0   0   2   2   0   0   0  0.68 0.03
  156 I    -1  -3  -2  -3  -1  -2  -3  -3  -3   3   1  -2   1  -1  -2  -1   2  -3  -2   3    0   0   2   0   0   0   0   0   0  49   0   0   2   0   0   0  19   0   0  29  0.27 0.02
  157 L    -2  -2  -4  -4  -2  -2  -3  -4  -3   2   4  -3   2   0  -3  -3  -1  -2  -1   1    0   0   0   0   0   0   0   0   0   0  98   0   2   0   0   0   0   0   0   0  0.51 0.02
  158 W    -3  -3  -4  -5  -3  -2  -3  -3  -3  -3  -2  -3  -2   1  -4  -3  -3  11   2  -3    0   0   0   0   0   0   0   0   0   0   0   0   0   0   0   0   0  98   0   0  2.48 0.06
  159 L    -1  -3  -4  -4  -1  -2  -3  -4  -3   2   3  -3   2   0  -3  -2  -1  -2  -1   2    0   0   0   0   0   0   0   0   0   0  66   0   0   0   0   0   0   0   0  34  0.38 0.02
  160 D    -2  -2   1   6  -4  -1   1  -2  -1  -4  -4  -1  -3  -4  -2   0  -1  -5  -3  -4    0   0   0 100   0   0   0   0   0   0   0   0   0   0   0   0   0   0   0   0  1.03 0.04
  161 Y    -2  -2  -2  -4  -3  -2  -2  -3   2  -2  -1  -2  -1   3  -3  -2  -2   2   8  -2    0   0   0   0   0   0   0   0   0   0   0   0   0   0   0   0   0   0 100   0  1.03 0.04
  162 K    -1   3   0  -1  -3   1   1  -2  -1  -3  -3   5  -2  -3  -1   0  -1  -3  -2  -3    0   5   0   0   0   0   0   0   0   0   0  95   0   0   0   0   0   0   0   0  0.59 0.03
  163 N    -2  -1   6   2  -3   0   0  -1   0  -4  -4   0  -3  -3  -1   0   0  -4  -2  -3    0   0  92   6   0   0   0   0   0   0   0   0   0   0   2   0   0   0   0   0  0.77 0.03
  164 I    -2  -3  -4  -4   0  -3  -3  -4  -3   4   2  -3   1   0  -3  -3  -1  -3  -1   2    0   0   0   0   2   0   0   0   0  72  26   0   0   0   0   0   0   0   0   0  0.39 0.02
  165 C    -1  -3  -2  -3   8  -2  -3  -3  -3   0  -1  -2  -1  -2  -1   0   3  -3  -2   0    0   0   0   0  53   0   0   0   0   9   0   0   0   0   2   0  35   0   0   1  0.62 0.03
  166 K    -1   2   0  -1  -3   1   1  -2  -1  -3  -3   5  -2  -3  -1   0  -1  -3  -2  -3    0   5   2   0   0   0   0   0   0   0   0  92   0   0   0   0   0   0   0   0  0.56 0.03
  167 V     0  -3  -3  -3  -1  -2  -3  -3  -3   3   1  -2   1  -1  -3  -2   0  -3  -1   4    0   0   0   0   0   0   0   0   0   0   0   0   0   0   0   0   0   0   0  98  0.40 0.03
  168 V     0  -3  -3  -3  -1  -2  -3  -3  -3   3   1  -2   1  -1  -3  -2   0  -3  -1   4    0   0   0   0   0   0   0   0   0   0   2   0   0   0   0   0   0   0   0  96  0.40 0.03
  169 E    -1   0   0   4  -4   2   4  -2  -1  -3  -3   1  -2  -3  -1   0  -1  -3  -2  -2    2   0   0  26   0   3  62   0   0   0   0   3   0   0   0   0   0   0   0   3  0.58 0.02
  170 V     0  -2  -3  -3  -1  -2  -2  -3  -2   2   1  -2   0  -1   1  -2   0  -3  -1   4    5   0   0   0   0   0   0   0   2  10   4   2   0   0   7   0   0   0   0  71  0.27 0.02
  171 G     0  -3  -1  -1  -3  -2  -2   6  -2  -4  -4  -2  -3  -3  -2   0  -2  -3  -3  -3    0   0   0   2   0   0   0  95   0   0   0   0   0   0   0   2   0   0   0   0  1.04 0.03
  172 S     1  -1   1   0  -1   0   0   0  -1  -3  -2   0  -2  -3  -1   4   1  -3  -2  -2    0   0   1   0   0   0   0   5   0   0   2   0   0   0   0  91   0   0   0   0  0.46 0.03
  173 K    -1   2   0  -1  -3   1   1  -2  -1  -3  -3   5  -2  -3  -1   0  -1  -3  -2  -3    2   2   2   0   0   0   0   0   0   0   0  94   0   0   0   0   0   0   0   0  0.56 0.03
  174 I    -1  -3  -4  -3  -1  -3  -3  -4  -4   4   1  -3   1   0  -3  -3  -1  -3  -1   3    0   0   0   0   0   0   0   0   0  83   0   0   0   2   0   0   0   0   0  15  0.42 0.02
  175 Y    -2  -2  -2  -3  -3  -2  -2  -3   1  -2  -1  -2  -1   3  -3  -2  -2   2   7  -1    0   0   0   0   0   0   2   0   0   0   0   0   0   7   0   0   0   0  91   0  0.93 0.04
  176 V    -1  -3  -3  -3  -1  -2  -3  -3  -3   3   1  -2   1  -1  -3  -2   0  -3  -1   4    0   0   0   0   0   0   0   0   0  16   3   0   2   0   0   0   0   0   0  77  0.35 0.02
  177 D    -2  -2   1   6  -4   0   1  -2   0  -3  -4  -1  -3  -4  -2   0  -1  -4  -3  -3    0   0   0  95   0   0   0   0   2   0   0   0   0   0   0   0   0   0   0   0  0.94 0.03
  178 D    -2  -2   1   6  -4  -1   1  -1  -1  -3  -4  -1  -3  -3  -2   0  -1   0  -3  -3    0   0   2  89   0   0   0   4   0   0   0   0   0   0   0   0   0   2   0   0  0.86 0.03
  179 G     0  -1  -1  -2  -3  -2  -2   6  -2  -4  -4  -1  -3  -3  -2   0  -2  -3  -3  -3    2   3   0   0   0   0   0  92   0   0   0   0   0   0   0   0   0   0   0   0  0.98 0.03
  180 L    -2  -2  -4  -4  -1  -2  -3  -4  -3   1   4  -3   2   1  -3  -3  -1  -2  -1   1    0   0   0   0   0   0   0   0   0   0  93   0   0   4   0   0   0   0   0   0  0.46 0.02
  181 I    -1  -3  -3  -3  -1  -3  -3  -4  -3   5   1  -3   1   0  -3  -3  -1  -3  -2   3    0   0   0   0   0   0   0   0   0  94   0   0   0   0   0   0   0   0   0   3  0.43 0.03
  182 S     1  -1   0   0  -1   0   0   0  -1  -3  -3   0  -2  -3  -1   4   1  -3  -2  -2    2   0   0   0   0   0   0   0   0   0   0   0   0   0   0  95   0   0   0   0  0.49 0.03
  183 L    -2  -2  -4  -4  -1  -2  -3  -4  -3   1   4  -3   2   1  -3  -3  -1  -2  -1   1    0   0   0   0   0   0   0   0   0   0  93   0   0   4   0   0   0   0   0   0  0.46 0.02
  184 Q    -1   1  -1  -1  -2   4   1  -2  -1   0   2   1   1  -1  -1  -1  -1  -2  -1  -1    0   5   0   0   0  47   0   0   0   0  33   6   0   0   2   0   0   0   0   3  0.24 0.02
  185 V     0  -3  -3  -3  -1  -2  -3  -3  -3   2   1  -2   1  -1  -2  -2   0  -3  -1   4    2   0   0   0   0   0   0   0   0   0   3   0   0   0   0   0   0   0   0  94  0.37 0.03
  186 K    -1   2   0  -1  -3   2   1  -2  -1  -2  -1   5  -1  -3  -1   0   0  -3  -2  -2    0   0   0   0   0   6   0   0   0   0   7  83   0   0   0   0   2   0   0   0  0.44 0.03
  187 Q    -1   0   0   1  -4   3   5  -2   1  -3  -3   1  -2  -3  -1   0  -1  -3  -2  -3    2   0   0   0   0  22  71   0   2   0   0   0   0   0   0   0   0   0   0   0  0.63 0.02
  188 K    -1   1  -1  -1  -3   0   0  -2  -1   1  -1   4  -1  -2  -2  -1   0  -3  -2   0    0   0   0   0   0   0   0   0   0  22   3  68   0   0   0   0   5   0   0   1  0.26 0.02
  189 G     0  -3  -1  -2  -3  -2  -2   6  -2  -4  -4  -2  -3  -3  -2   0  -2  -3  -3  -3    2   0   0   0   0   0   0  96   0   0   0   0   0   0   0   0   0   0   0   0  1.04 0.03
  190 A     3  -1  -1  -1  -1   0  -1   0  -2  -2  -2   0  -1  -3   3   2   0  -3  -2  -1   57   0   0   2   0   2   0   0   0   0   0   1   0   0  15  23   0   0   0   0  0.39 0.02
  191 D    -2  -2   3   6  -4   0   1  -1  -1  -4  -4  -1  -3  -4  -2   0  -1  -5  -3  -3    0   0  17  80   0   0   0   3   0   0   0   0   0   0   0   0   0   0   0   0  0.83 0.03
  192 F    -2  -2  -3  -4  -3  -2  -3  -3   1  -1   0  -3  -1   5  -4  -2  -2   1   6  -1    0   0   0   0   0   0   0   0   3   0   2   0   0  53   0   0   0   0  42   0  0.71 0.03
  193 L    -1  -3  -3  -4   5  -3  -3  -4  -3   1   3  -3   1   0   0  -2  -1  -2  -2   1    0   0   0   0  19   0   0   0   0   4  65   0   0   0   4   0   0   0   0   8  0.36 0.02
  194 V    -1  -3  -3  -1  -1  -2  -2  -3  -3   3   2  -2   2  -1  -3  -2  -1  -3  -1   3    0   0   0   4   0   0   0   0   0  21  10   0  12   0   0   0   0   0   0  53  0.28 0.01
  195 T     0  -2  -1  -2   5  -1  -2  -2  -2  -1  -1  -1   0  -2  -2   1   4  -3  -2   0    0   0   0   0  22   0   0   0   0   0   0   0   3   0   0   0  75   0   0   0  0.48 0.03
  196 E    -1   0   0   2  -4   2   6  -2   0  -4  -3   1  -2  -4  -1   0  -1  -3  -2  -3    0   0   0   2   0   0  98   0   0   0   0   0   0   0   0   0   0   0   0   0  0.81 0.03
  197 V    -1  -3  -3  -3  -1  -3  -3  -4  -3   3   1  -3   1  -1  -3  -2   0  -3  -1   4    0   0   0   0   0   0   0   0   0  25   0   0   0   0   0   0   0   0   0  75  0.39 0.02
  198 E    -1   0   0   1  -4   2   6  -2   0  -4  -3   1  -2  -4  -1   0  -1  -3  -2  -3    0   0   0   0   0   0 100   0   0   0   0   0   0   0   0   0   0   0   0   0  0.82 0.03
  199 N    -2  -1   6   1  -3   0   0  -1   0  -4  -4   0  -3  -3  -2   0   0  -4  -2  -3    0   0 100   0   0   0   0   0   0   0   0   0   0   0   0   0   0   0   0   0  0.85 0.04
  200 G     0  -3   0   0  -3  -2  -2   6  -2  -4  -4  -2  -3  -3  -2   0  -2  -3  -3  -3    0   0   0   4   0   0   0  93   0   0   0   0   0   0   0   3   0   0   0   0  0.99 0.03
  201 G     0  -2  -1  -2  -3  -2  -2   6  -2  -4  -4  -2  -3  -3  -2   0  -2  -3  -3  -4    0   2   0   0   0   0   0  98   0   0   0   0   0   0   0   0   0   0   0   0  1.08 0.03
  202 S     1  -1   0  -1  -1   0  -1  -1  -1  -1  -1  -1   2  -1  -1   4   2  -3  -2  -1    0   0   0   0   0   0   0   0   0   1   0   0  17   2   0  67  13   0   0   0  0.29 0.02
  203 L    -2  -2  -4  -4  -2  -2  -3  -4  -3   2   4  -3   2   0  -3  -3  -1  -2  -1   1    0   0   0   0   0   0   0   0   0   0 100   0   0   0   0   0   0   0   0   0  0.52 0.03
  204 G     0  -3  -1  -2  -3  -2  -2   6  -2  -4  -4  -2  -3  -3  -2   0  -2  -3  -3  -4    0   0   0   0   0   0   0 100   0   0   0   0   0   0   0   0   0   0   0   0  1.12 0.03
  205 S     1  -1   0   0  -1   0   0   0  -1  -3  -3   0  -2  -3  -1   5   1  -3  -2  -2    0   0   0   0   0   0   0   0   0   0   0   0   0   0   0 100   0   0   0   0  0.53 0.03
  206 K    -1   2   0  -1  -3   1   1  -2  -1  -3  -3   5  -2  -3  -1   0  -1  -3  -2  -3    0   0   0   0   0   0   0   0   0   0   0 100   0   0   0   0   0   0   0   0  0.61 0.03
  207 K    -1   2   0  -1  -3   1   1  -2  -1  -3  -3   5  -2  -3  -1   0  -1  -3  -2  -3    0   0   0   0   0   0   0   0   0   0   0 100   0   0   0   0   0   0   0   0  0.61 0.03
  208 G     0  -3  -1  -1  -3  -2  -2   6  -2  -4  -4  -2  -3  -3  -2   0  -2  -3  -3  -4    0   0   0   0   0   0   2  98   0   0   0   0   0   0   0   0   0   0   0   0  1.08 0.03
  209 V     0  -3  -3  -4  -1  -3  -3  -4  -4   3   1  -3   1  -1  -3  -2   0  -3  -1   5    0   0   0   0   0   0   0   0   0   0   0   0   0   0   0   0   0   0   0 100  0.43 0.03
  210 N    -2  -1   6   1  -3   0   0  -1   0  -4  -4   0  -3  -3  -2   0   0  -4  -2  -3    0   0 100   0   0   0   0   0   0   0   0   0   0   0   0   0   0   0   0   0  0.85 0.04
  211 L    -2  -2  -4  -4  -2  -2  -3  -4  -3   2   4  -3   2   0  -3  -3  -1  -2  -1   1    0   0   0   0   0   0   0   0   0   0 100   0   0   0   0   0   0   0   0   0  0.52 0.03
  212 P    -1  -2  -2  -2  -3  -2  -1  -3  -3  -3  -2  -1  -2  -4   8  -1  -1  -4  -3  -3    0   0   0   0   0   0   0   0   0   0   3   0   0   0  97   0   0   0   0   0  2.00 0.04
  213 G     0  -1  -1  -2  -3  -2  -2   6  -2  -4  -4  -1  -3  -3  -2   0  -2  -3  -3  -3    0   5   0   0   0   0   0  95   0   0   0   0   0   0   0   0   0   0   0   0  1.03 0.03
  214 A     5  -2  -2  -2  -1  -1  -1   0  -2  -2  -2  -1  -1  -3  -1   1   0  -3  -2   0  100   0   0   0   0   0   0   0   0   0   0   0   0   0   0   0   0   0   0   0  0.48 0.03
  215 A     5  -2  -2  -2  -1  -1  -1   0  -2  -2  -2  -1  -1  -3  -1   1   0  -3  -2   0  100   0   0   0   0   0   0   0   0   0   0   0   0   0   0   0   0   0   0   0  0.48 0.03
  216 V     0  -3  -3  -3  -1  -2  -3  -3  -3   3   1  -3   1  -1  -3  -2   0  -3  -1   4    0   0   0   0   0   0   0   0   0   0   0   0   0   0   0   0   0   0   0  96  0.38 0.03
  217 D    -2  -2   1   6  -4  -1   1  -2  -1  -4  -4  -1  -3  -4  -2   0  -1  -5  -3  -4    0   0   0 100   0   0   0   0   0   0   0   0   0   0   0   0   0   0   0   0  1.03 0.04
  218 L    -2  -2  -4  -4  -2  -2  -3  -4  -3   2   4  -3   2   0  -3  -3  -1  -2  -1   1    0   0   0   0   0   0   0   0   0   0 100   0   0   0   0   0   0   0   0   0  0.52 0.03
  219 P    -1  -2  -2  -2  -3  -2  -1  -3  -3  -3  -3  -1  -3  -4   8  -1  -1  -4  -3  -3    0   0   0   0   0   0   0   0   0   0   0   0   0   0 100   0   0   0   0   0  2.13 0.04
  220 A     5  -2  -2  -2  -1  -1  -1   0  -2  -2  -2  -1  -1  -3  -1   1   0  -3  -2   0  100   0   0   0   0   0   0   0   0   0   0   0   0   0   0   0   0   0   0   0  0.48 0.03
  221 V     0  -3  -3  -4  -1  -2  -3  -4  -3   3   1  -3   1  -1  -3  -2   0  -3  -1   4    0   0   0   0   0   0   0   0   0   0   0   0   2   0   0   0   0   0   0  98  0.42 0.03
  222 S     1  -1   0  -1  -1   0   0  -1  -1  -2  -2   0  -1  -2  -1   4   1  -3  -2  -2    0   0   0   0   0   0   0   0   0   0   4   0   0   0   0  94   0   0   0   0  0.46 0.03
  223 E     0   0   0   2  -3   2   5  -2   0  -3  -3   1  -2  -3  -1   0   0  -3  -2  -2    4   2   0   3   0  11  75   0   0   0   0   0   0   0   0   2   3   0   0   0  0.61 0.02
  224 K    -1   2   0  -1  -3   1   1  -2  -1  -3  -3   5  -2  -3  -1   0  -1  -3  -2  -3    0   0   0   0   0   0   0   0   0   0   0 100   0   0   0   0   0   0   0   0  0.61 0.03
  225 D    -2  -2   1   6  -4  -1   1  -1  -1  -4  -4  -1  -3  -4  -2   0  -1  -5  -3  -4    0   0   0  98   0   0   0   2   0   0   0   0   0   0   0   0   0   0   0   0  0.99 0.03
  226 I    -1  -3  -3  -3  -1  -3  -3  -4  -1   4   1  -3   1   0  -3  -2  -1  -3  -1   3    0   0   0   0   0   0   0   0   2  85   0   0   0   0   0   0   0   0   0  13  0.41 0.02
  227 Q    -1   1   0  -1  -3   6   2  -2   0  -3  -3   2  -1  -4   0   0  -1  -2  -2  -2    0   0   0   0   0  83   0   0   0   0   0   9   0   0   2   4   1   0   0   0  0.62 0.03
  228 D    -2  -2   1   6  -4  -1   1  -1  -1  -4  -4  -1  -3  -4  -2   0  -1  -5  -3  -4    0   0   2  95   0   0   0   2   0   0   0   0   0   0   0   0   0   0   0   0  0.97 0.03
  229 L    -2  -2  -4  -4  -2  -2  -3  -4  -3   2   4  -3   2   0  -3  -3  -1  -2  -1   1    0   0   0   0   0   0   0   0   0   0 100   0   0   0   0   0   0   0   0   0  0.52 0.03
  230 K    -1   2   0  -1  -3   3   1  -2   1  -3  -2   4  -1  -3  -1   0  -1  -3  -2  -2    0   0   1   0   0  28   2   0   4   0   1  63   0   0   0   0   0   0   0   0  0.47 0.02
  231 F    -3  -3  -3  -4  -3  -4  -4  -4  -2   0   1  -3   0   7  -4  -3  -2   1   3  -1    0   0   0   0   0   0   0   0   0   0   3   0   0  97   0   0   0   0   0   0  0.84 0.04
  232 G     0  -3  -1  -2  -3  -2  -2   6  -2  -4  -4  -2  -3  -3  -2   0  -2  -3  -3  -4    0   0   0   0   0   0   0 100   0   0   0   0   0   0   0   0   0   0   0   0  1.12 0.03
  233 V     0  -3  -3  -4  -1  -2  -3  -4  -3   3   1  -3   1  -1  -3  -2   0  -3  -1   4    0   0   0   0   0   0   0   0   0   0   9   0   0   0   0   0   0   0   0  91  0.39 0.03
  234 E     0   0   0   2  -4   2   5  -2   0  -3  -3   1  -2  -4  -1   0  -1  -3  -2  -3    7   0   0   5   0   0  88   0   0   0   0   0   0   0   0   0   0   0   0   0  0.69 0.03
  235 Q    -1   1   0  -1  -3   6   2  -2   1  -3  -2   1   1  -3  -2   0  -1  -2  -2  -2    0   0   0   0   0  91   0   0   2   0   0   0   8   0   0   0   0   0   0   0  0.65 0.04
  236 D    -1  -2   2   5  -3  -1   1   3  -1  -3  -4  -1  -3  -4  -2   0  -1  -4  -3  -3    0   0   9  59   0   0   4  26   0   0   0   0   0   0   0   0   0   0   0   3  0.60 0.02
  237 V     0  -3  -3  -4  -1  -3  -3  -4  -4   3   1  -3   1  -1  -3  -2   0  -3  -1   5    0   0   0   0   0   0   0   0   0   0   0   0   0   0   0   0   0   0   0 100  0.43 0.03
  238 D    -2  -2   1   6  -4  -1   1  -2  -1  -4  -4  -1  -3  -4  -2   0  -1  -5  -3  -4    0   0   2  98   0   0   0   0   0   0   0   0   0   0   0   0   0   0   0   0  1.01 0.03
  239 M    -1  -2  -3  -4  -2  -1  -2  -3  -2   1   2  -2   7   0  -3  -2  -1  -2  -1   1    0   0   0   0   0   0   0   0   0   2   0   0  98   0   0   0   0   0   0   0  0.52 0.05
  240 V     0  -3  -3  -3  -1  -2  -3  -3  -3   3   1  -3   1  -1  -3  -2   0  -3  -1   4    2   0   0   0   0   0   0   0   0   4   0   0   0   0   0   0   0   0   0  94  0.40 0.03
  241 F    -3  -3  -3  -4  -3  -4  -4  -4  -2   0   0  -4   0   7  -4  -3  -2   1   3  -1    0   0   0   0   0   0   0   0   0   0   0   0   0 100   0   0   0   0   0   0  0.88 0.04
  242 A     5  -2  -2  -2  -1  -1  -1   0  -2  -2  -2  -1  -1  -3  -1   1   0  -3  -2   0  100   0   0   0   0   0   0   0   0   0   0   0   0   0   0   0   0   0   0   0  0.48 0.03
  243 S     1  -1   0   0  -1   0   0   0  -1  -3  -3   0  -2  -3  -1   5   1  -3  -2  -2    0   0   0   0   0   0   0   0   0   0   0   0   0   0   0 100   0   0   0   0  0.53 0.03
  244 F    -3  -3  -3  -4  -3  -4  -4  -4  -2   0   0  -4   0   7  -4  -3  -2   1   3  -1    0   0   0   0   0   0   0   0   0   0   0   0   0 100   0   0   0   0   0   0  0.88 0.04
  245 I    -2  -3  -4  -4  -1  -3  -4  -4  -4   5   1  -3   1   0  -3  -3  -1  -3  -2   3    0   0   0   0   0   0   0   0   0 100   0   0   0   0   0   0   0   0   0   0  0.48 0.03
  246 R    -2   6  -1  -2   1   1   0  -3   1  -3  -2   2  -1  -3  -2  -1  -1  -3  -2  -3    0  87   0   0   5   0   0   0   4   0   4   0   0   0   0   0   0   0   0   0  0.66 0.03
  247 K    -1   2   0  -1  -3   1   1  -2  -1  -3  -3   5  -2  -3  -1   0  -1  -3  -2  -3    0   0   0   0   0   0   0   0   0   0   0 100   0   0   0   0   0   0   0   0  0.61 0.03
  248 A     4  -2  -2  -2  -1  -1  -1   0  -2  -2  -2  -1  -1  -2  -1   1   0  -3  -2   0   94   0   0   0   0   0   0   0   0   0   0   0   0   0   0   4   0   0   0   0  0.44 0.03
  249 S     3  -1  -1   1  -1   0   0   0  -1  -2  -2  -1  -1  -3  -1   2   0  -3  -2  -1   62   0   0  10   0   2   0   0   0   0   0   0   0   0   0  24   0   0   0   0  0.32 0.02
  250 D    -2  -2   1   6  -4   0   1  -2  -1  -3  -4  -1  -3  -4  -2   0  -1  -4  -3  -3    0   0   0  98   0   0   0   0   0   0   0   0   0   0   0   0   0   0   0   0  0.99 0.03
  251 V     0  -3  -3  -3  -1  -2  -3  -3  -3   3   1  -2   1  -1  -3  -2   0  -3  -1   4    0   0   0   0   0   0   0   0   0   0   0   0   2   0   0   0   0   0   0  95  0.39 0.03
  252 H    -2   0   1  -1  -3   1   0  -2   8  -4  -3  -1  -2  -2  -2  -1  -2  -3   1  -3    0   0   2   0   0   2   0   0  94   0   0   0   0   0   0   0   0   0   0   0  0.98 0.04
  253 E     3  -1  -1   0  -2   1   4  -1  -1  -2  -2   0  -2  -3  -1   1   0  -3  -2  -1   48   0   0   0   0   0  48   0   0   0   0   0   0   0   0   0   2   0   0   0  0.37 0.02
  254 V     0  -3  -3  -3  -1  -2  -3  -3  -3   3   1  -2   1  -1  -3  -2   0  -3  -1   4    0   0   0   0   0   0   0   0   0   0   0   0   0   0   0   0   0   0   0  98  0.40 0.03
  255 R    -2   6  -1  -2  -4   1   0  -3   0  -3  -2   2  -2  -3  -2  -1  -1  -3  -2  -3    0  98   0   0   0   0   0   0   0   0   0   0   0   0   0   0   0   0   0   0  0.82 0.03
  256 K    -1   2   0   0  -3   2   2  -2  -1  -3  -3   4  -2  -3  -1   0  -1  -3  -2  -2    2   4   1   0   0   5  12   0   0   0   0  75   0   0   0   0   0   0   0   0  0.47 0.02
  257 V     0  -3  -3  -3  -1  -2  -3  -3  -3   3   1  -2   1  -1  -2  -2   0  -3  -1   4    3   0   0   0   0   0   0   0   0   4   0   0   0   0   0   0   0   0   0  92  0.37 0.03
  258 L    -2  -2  -4  -4  -1  -2  -3  -4  -3   1   4  -3   2   0  -3  -3  -1  -2  -1   1    0   0   0   0   0   0   0   0   0   0  98   0   0   0   0   0   0   0   0   0  0.49 0.02
  259 G     0  -2  -1  -2  -3  -2  -2   6  -2  -4  -4  -2  -3  -3  -2   0  -2  -3  -3  -3    0   1   0   0   0   0   0  97   0   0   0   0   0   0   0   0   0   0   0   0  1.05 0.03
  260 E    -1   0   0   2  -4   2   5  -2   0  -3  -3   1  -2  -3  -1   0  -1  -3  -2  -3    0   0   0   4   0   0  94   0   0   0   0   0   0   0   0   0   0   0   0   0  0.77 0.03
  261 K    -1   2   0  -1  -3   1   1  -2  -1  -3  -3   5  -2  -3  -1   0  -1  -3  -2  -3    0   0   0   0   0   0   0   0   0   0   0  98   0   0   0   0   0   0   0   0  0.58 0.03
  262 G     0  -3  -1  -2  -3  -2  -2   6  -2  -4  -4  -2  -3  -3  -2   0  -2  -3  -3  -3    0   0   0   0   0   0   0  98   0   0   0   0   0   0   0   0   0   0   0   0  1.07 0.03
  263 K    -1   2   0  -1  -3   1   1  -2  -1  -3  -3   5  -2  -3  -1   0  -1  -3  -2  -2    3   2   0   0   0   0   0   0   0   0   0  93   0   0   0   0   0   0   0   0  0.55 0.03
  264 N    -2   0   6   1  -3   0   0  -1   1  -4  -4   0  -2  -3  -2   0   0  -4  -2  -3    0   2  96   0   0   0   0   0   2   0   0   0   0   0   0   0   0   0   0   0  0.79 0.04
  265 I    -2  -3  -4  -4  -1  -3  -4  -4  -4   5   1  -3   1   0  -3  -3  -1  -3  -2   3    0   0   0   0   0   0   0   0   0 100   0   0   0   0   0   0   0   0   0   0  0.48 0.03
  266 K    -1   2   0  -1  -3   1   1  -2  -1  -3  -2   5  -1  -3  -1   0  -1  -3  -2  -2    0   0   0   0   0   0   0   0   0   0   0  97   3   0   0   0   0   0   0   0  0.57 0.03
  267 I    -2  -3  -3  -3  -1  -3  -3  -4  -4   5   1  -3   1   0  -3  -2   0  -3  -2   3    0   0   0   0   0   0   0   0   0  97   0   0   0   0   0   0   3   0   0   0  0.45 0.03
  268 I    -2  -3  -4  -4  -1  -3  -4  -4  -4   5   1  -3   1   0  -3  -3  -1  -3  -2   3    0   0   0   0   0   0   0   0   0 100   0   0   0   0   0   0   0   0   0   0  0.48 0.03
  269 S     1   0   0   0  -1   0   0  -1  -1  -3  -3   0  -2  -3  -1   5   1  -3  -2  -2    0   2   0   0   0   0   0   0   0   0   0   0   0   0   0  98   0   0   0   0  0.51 0.03
  270 K    -1   2   0  -1  -3   1   1  -2  -1  -3  -3   5  -2  -3  -1   0  -1  -3  -2  -3    0   0   0   0   0   0   0   0   0   0   0 100   0   0   0   0   0   0   0   0  0.61 0.03
  271 I    -2  -3  -4  -4  -1  -3  -4  -4  -4   4   2  -3   1   0  -3  -3  -1  -3  -2   2    0   0   0   0   0   0   0   0   0  85  15   0   0   0   0   0   0   0   0   0  0.43 0.03
  272 E    -1   0   0   1  -4   2   6  -2   0  -4  -3   1  -2  -4  -1   0  -1  -3  -2  -3    0   0   0   0   0   0 100   0   0   0   0   0   0   0   0   0   0   0   0   0  0.82 0.03
  273 N    -2  -1   6   1  -3   0   0  -1   0  -4  -4   0  -3  -3  -2   0   0  -4  -2  -3    0   0 100   0   0   0   0   0   0   0   0   0   0   0   0   0   0   0   0   0  0.85 0.04
  274 H    -2  -1   0  -1  -3   0   0  -2   9  -4  -3  -1  -2  -2  -3  -1  -2  -3   2  -4    0   0   0   0   0   0   0   0 100   0   0   0   0   0   0   0   0   0   0   0  1.08 0.05
  275 E    -1   0   0   1  -4   2   6  -2   0  -4  -3   1  -2  -4  -1   0  -1  -3  -2  -3    0   0   0   0   0   0 100   0   0   0   0   0   0   0   0   0   0   0   0   0  0.82 0.03
  276 G     0  -3  -1  -2  -3  -2  -2   6  -2  -4  -4  -2  -3  -3  -2   0  -2  -3  -3  -4    0   0   0   0   0   0   0 100   0   0   0   0   0   0   0   0   0   0   0   0  1.12 0.03
  277 V     0  -3  -3  -4  -1  -3  -3  -4  -3   3   1  -3   1   0  -3  -2   0  -3  -1   4    0   0   0   0   0   0   0   0   0   2   0   0   0   3   0   0   0   0   0  95  0.40 0.03
  278 R    -2   6  -1  -2  -4   1   0  -3   0  -3  -2   2  -2  -3  -2  -1  -1   1  -2  -3    0  94   0   0   0   4   0   0   0   0   0   0   0   0   0   0   0   2   0   0  0.79 0.03
  279 R    -2   6  -1  -2  -4   1   0  -3   0  -3  -3   2  -2  -3  -2  -1  -1  -3  -2  -3    0 100   0   0   0   0   0   0   0   0   0   0   0   0   0   0   0   0   0   0  0.86 0.04
  280 F    -3  -3  -3  -4  -3  -4  -4  -4  -2   0   0  -4   0   7  -4  -3  -2   1   3  -1    0   0   0   0   0   0   0   0   0   0   0   0   0 100   0   0   0   0   0   0  0.88 0.04
  281 D    -2  -2   2   6  -4  -1   1  -2  -1  -3  -4  -1  -3  -4  -2   0  -1  -5  -3  -3    2   0   3  95   0   0   0   0   0   0   0   0   0   0   0   0   0   0   0   0  0.96 0.03
  282 E    -1   0   0   1  -4   2   6  -2   0  -4  -3   1  -2  -4  -1   0  -1  -3  -2  -3    0   0   0   0   0   0 100   0   0   0   0   0   0   0   0   0   0   0   0   0  0.82 0.03
  283 I    -2  -3  -4  -4  -1  -3  -4  -4  -4   5   1  -3   1   0  -3  -3  -1  -3  -2   3    0   0   0   0   0   0   0   0   0  98   0   0   0   0   0   0   0   0   0   2  0.47 0.03
  284 L    -2  -2  -3  -4  -2  -2  -3  -4  -3   1   4  -2   4   0  -3  -2  -1  -2  -1   1    0   0   0   0   0   0   0   0   0   0  79   0  21   0   0   0   0   0   0   0  0.45 0.02
  285 E    -1   0   0   2  -4   2   5  -2   0  -3  -3   1  -2  -4  -1   0  -1  -3  -2  -3    4   0   0   2   0   0  94   0   0   0   0   0   0   0   0   0   0   0   0   0  0.76 0.03
  286 A     5  -2  -2  -2  -1  -1  -1   0  -2  -2  -2  -1  -1  -3  -1   1   0  -3  -2   0  100   0   0   0   0   0   0   0   0   0   0   0   0   0   0   0   0   0   0   0  0.48 0.03
  287 S     1   0   1   0  -1   0   0   0  -1  -3  -3   0  -2  -3  -1   4   1  -3  -2  -2    0   2   2   0   0   0   0   0   0   0   0   0   0   0   0  92   0   0   0   0  0.47 0.03
  288 D    -2  -2   1   6  -4   0   1  -2  -1  -3  -4  -1  -3  -4  -2   0  -1  -4  -3  -3    0   0   0  97   0   0   0   0   0   0   0   0   0   0   0   0   0   0   0   0  0.97 0.03
  289 G     0  -2  -1  -1  -3  -2  -2   6  -2  -4  -4  -2  -3  -3  -2   0  -2  -3  -3  -3    0   0   0   0   0   0   0  97   0   0   0   0   0   0   0   0   0   0   0   0  1.05 0.03
  290 I    -1  -3  -3  -3  -1  -3  -3  -4  -3   5   1  -3   1   0  -3  -3  -1  -3  -2   3    0   0   0   0   0   0   0   0   0  97   0   0   0   0   0   0   0   0   0   0  0.44 0.03
  291 M    -1  -2  -3  -4  -2  -1  -2  -3  -2   1   2  -2   7   0  -3  -2  -1  -2  -1   0    0   0   0   0   0   0   0   0   0   0   0   0 100   0   0   0   0   0   0   0  0.54 0.05
  292 V     0  -3  -3  -4  -1  -3  -3  -4  -4   3   1  -3   1  -1  -3  -2   0  -3  -1   5    0   0   0   0   0   0   0   0   0   0   0   0   0   0   0   0   0   0   0 100  0.43 0.03
  293 A     5  -2  -2  -2  -1  -1  -1   0  -2  -2  -2  -1  -1  -3  -1   1   0  -3  -2   0  100   0   0   0   0   0   0   0   0   0   0   0   0   0   0   0   0   0   0   0  0.48 0.03
  294 R    -2   6  -1  -2  -4   1   0  -3   0  -3  -3   2  -2  -3  -2  -1  -1  -3  -2  -3    0 100   0   0   0   0   0   0   0   0   0   0   0   0   0   0   0   0   0   0  0.86 0.04
  295 G     0  -3  -1  -2  -3  -2  -2   6  -2  -4  -4  -2  -3  -3  -2   0  -2  -3  -3  -4    0   0   0   0   0   0   0 100   0   0   0   0   0   0   0   0   0   0   0   0  1.12 0.03
  296 D    -2  -2   1   6  -4  -1   1  -2  -1  -4  -4  -1  -3  -4  -2   0  -1  -5  -3  -4    0   0   0 100   0   0   0   0   0   0   0   0   0   0   0   0   0   0   0   0  1.03 0.04
  297 L    -2  -1  -4  -4  -2  -2  -3  -4  -3   1   4  -2   2   0  -3  -3  -1  -2  -1   1    0   4   0   0   0   0   0   0   0   0  96   0   0   0   0   0   0   0   0   0  0.47 0.02
  298 G     0  -3  -1  -2  -3  -2  -2   6  -2  -4  -4  -2  -3  -3  -2   0  -2  -3  -3  -4    0   0   0   0   0   0   0 100   0   0   0   0   0   0   0   0   0   0   0   0  1.12 0.03
  299 I    -2  -3  -4  -4  -1  -3  -4  -4  -4   5   1  -3   1   0  -3  -3  -1  -3  -2   3    0   0   0   0   0   0   0   0   0 100   0   0   0   0   0   0   0   0   0   0  0.48 0.03
  300 E    -1   0   0   2  -4   2   5  -2   0  -4  -3   1  -2  -4  -1   0  -1  -3  -2  -3    3   0   0   3   0   0  94   0   0   0   0   0   0   0   0   0   0   0   0   0  0.76 0.03
  301 I    -2  -3  -4  -4  -1  -3  -4  -4  -4   5   1  -3   1   0  -3  -3  -1  -3  -2   3    0   0   0   0   0   0   0   0   0 100   0   0   0   0   0   0   0   0   0   0  0.48 0.03
  302 P    -1  -2  -2  -2  -3  -2  -1  -3  -3  -3  -3  -1  -3  -4   8  -1  -1  -4  -3  -3    0   0   0   0   0   0   0   0   0   0   2   0   0   0  98   0   0   0   0   0  2.05 0.04
  303 A     4  -2  -1  -2  -1  -1  -1   0  -2  -1  -2  -1  -1  -2  -1   1   2  -3  -2   0   78   0   0   0   0   0   0   2   0   0   0   0   0   0   0   2  18   0   0   0  0.37 0.02
  304 E    -1   0   0   1  -4   2   6  -2   0  -4  -3   1  -2  -4  -1   0  -1  -3  -2  -3    0   0   0   0   0   0 100   0   0   0   0   0   0   0   0   0   0   0   0   0  0.82 0.03
  305 K    -1   2   0  -1  -3   1   1  -2  -1  -3  -3   5  -2  -3  -1   0  -1  -3  -2  -2    0   0   0   0   0   0   0   0   0   0   0  96   0   0   0   0   0   0   0   0  0.56 0.03
  306 V     0  -3  -3  -3  -1  -2  -3  -3  -3   3   1  -2   1  -1  -2  -2   0  -3  -1   4    0   0   0   0   0   0   0   0   0   0   0   0   0   0   0   0   0   0   0  97  0.39 0.03
  307 F    -2  -3  -3  -4  -3  -3  -3  -3  -1   0   0  -3   0   7  -4  -3  -2   1   3  -1    0   0   0   0   0   0   0   0   0   0   0   0   0  97   0   0   0   0   0   0  0.82 0.03
  308 L    -2  -2  -4  -4  -1  -2  -3  -4  -3   2   4  -3   2   0  -3  -3  -1  -2  -1   1    0   0   0   0   0   0   0   0   0   2  95   0   0   0   0   0   0   0   0   0  0.47 0.02
  309 A     4  -2  -2  -2  -1  -1  -1   0  -2  -2  -2  -1  -1  -2  -1   1   0  -3  -2   0   97   0   0   0   0   0   0   0   0   0   0   0   0   0   0   0   0   0   0   0  0.45 0.03
  310 Q    -1   1   0  -1  -3   6   2  -2   0  -3  -2   1  -1  -3  -1   0  -1  -2  -2  -2    0   0   0   0   0  97   0   0   0   0   0   0   0   0   0   0   0   0   0   0  0.74 0.04
  311 K    -1   2   0  -1  -3   1   1  -2  -1  -3  -3   5  -2  -3  -1   0  -1  -3  -2  -2    0   0   0   0   0   0   0   0   0   0   0  97   0   0   0   0   0   0   0   0  0.57 0.03
  312 M    -1  -2  -2  -3  -2  -1  -2  -3  -2   1   2  -2   7   0  -3  -2  -1  -2  -1   0    0   0   0   0   0   0   0   0   0   0   0   0  97   0   0   0   0   0   0   0  0.50 0.04
  313 M    -1  -2  -2  -3  -2  -1  -2  -3  -2   1   2  -2   7   0  -3  -2  -1  -2  -1   0    0   0   0   0   0   0   0   0   0   0   0   0  97   0   0   0   0   0   0   0  0.50 0.04
  314 I    -1  -3  -3  -3  -1  -3  -3  -4  -2   4   1  -3   1   0  -3  -2   0  -3  -1   2    0   0   0   0   0   0   0   0   2  89   0   0   0   0   0   0   7   0   0   0  0.35 0.03
  315 G     0  -2  -1  -1  -3  -2  -2   6  -2  -4  -4  -2  -3  -3  -2   0  -2  -3  -3  -3    0   0   0   0   0   0   0  97   0   0   0   0   0   0   0   0   0   0   0   0  1.06 0.03
  316 R    -2   6  -1  -2  -4   2   0  -2   0  -3  -2   2  -2  -3  -2  -1  -1  -3  -2  -3    0  91   0   0   0   6   0   0   0   0   0   0   0   0   0   0   0   0   0   0  0.76 0.03
  317 C    -1  -4  -3  -4   9  -3  -4  -3  -3  -2  -2  -3  -2  -3  -3  -1  -1  -3  -3  -1    0   0   0   0  97   0   0   0   0   0   0   0   0   0   0   0   0   0   0   0  1.36 0.04
  318 N    -2  -1   6   1  -3   0   0  -1   0  -3  -4   0  -2  -3  -2   1   0  -4  -2  -3    0   0  94   0   0   0   0   0   0   0   0   0   0   0   0   3   0   0   0   0  0.77 0.03
  319 R    -2   6  -1  -2  -4   1   0  -2   0  -3  -2   2  -2  -3  -2  -1  -1  -3  -2  -3    0  87   0   0   0   2   0   0   0   0   0   7   0   0   0   0   0   0   0   0  0.74 0.03
  320 A     4  -2  -2  -2  -1  -1  -1   0  -2  -1  -1  -1  -1  -2  -1   1   0  -3  -2   1   88   0   0   0   0   0   0   0   0   0   0   0   0   0   0   0   0   0   0   9  0.38 0.02
  321 G     0  -2  -1  -1  -3  -2  -2   6  -2  -4  -4  -2  -3  -3  -2   0  -2  -3  -3  -3    0   0   0   0   0   0   0  97   0   0   0   0   0   0   0   0   0   0   0   0  1.06 0.03
  322 K    -1   2   0  -1  -3   1   1  -2  -1  -3  -3   5  -2  -3  -1   0  -1  -3  -2  -2    0   0   0   0   0   0   0   0   0   0   0  97   0   0   0   0   0   0   0   0  0.57 0.03
  323 P    -1  -2  -2  -2  -3  -2  -1  -2  -2  -3  -3  -1  -3  -4   8  -1  -1  -4  -3  -3    0   0   0   0   0   0   0   0   0   0   0   0   0   0  97   0   0   0   0   0  2.02 0.04
  324 V    -1  -3  -3  -3  -1  -2  -3  -3  -3   3   1  -3   1  -1  -3  -2   0  -3  -1   4    0   0   0   0   0   0   0   0   0  28   0   0   0   0   0   0   0   0   0  69  0.36 0.02
  325 I    -1  -3  -3  -3  -1  -2  -3  -3  -3   4   1  -2   1  -1  -3  -2   1  -3  -2   2    0   0   0   0   0   0   0   0   0  82   0   0   0   0   0   0  15   0   0   0  0.33 0.02
  326 C    -1  -4  -3  -4   9  -3  -4  -3  -3  -2  -2  -3  -2  -3  -3  -1  -1  -3  -3  -1    0   0   0   0  97   0   0   0   0   0   0   0   0   0   0   0   0   0   0   0  1.36 0.04
  327 A     4  -2  -2  -2  -1  -1  -1   0  -2  -2  -2  -1  -1  -2  -1   1   0  -3  -2   0   97   0   0   0   0   0   0   0   0   0   0   0   0   0   0   0   0   0   0   0  0.45 0.03
  328 T     0  -1   0  -1  -1  -1  -1  -2  -2  -1  -1  -1  -1  -2  -1   1   5  -3  -2   0    0   0   0   0   0   0   0   0   0   0   0   0   0   0   0   0  97   0   0   0  0.54 0.03
  329 Q    -1   1   0  -1  -3   6   2  -2   0  -3  -2   1  -1  -3  -1   0  -1  -2  -2  -2    0   0   0   0   0  97   0   0   0   0   0   0   0   0   0   0   0   0   0   0  0.74 0.04
  330 M    -1  -2  -3  -4  -2  -1  -2  -3  -2   1   2  -2   7   0  -3  -2  -1  -2  -1   0    0   0   0   0   0   0   0   0   0   0   0   0 100   0   0   0   0   0   0   0  0.54 0.05
  331 L    -2  -2  -4  -4  -2  -2  -3  -4  -3   2   4  -3   2   0  -3  -3  -1  -2  -1   1    0   0   0   0   0   0   0   0   0   0 100   0   0   0   0   0   0   0   0   0  0.52 0.03
  332 E    -1   0   0   1  -4   2   6  -2   0  -4  -3   1  -2  -4  -1   0  -1  -3  -2  -3    0   0   0   0   0   0 100   0   0   0   0   0   0   0   0   0   0   0   0   0  0.82 0.03
  333 S     1  -1   0   0  -1   0   0   0  -1  -3  -3   0  -2  -3  -1   5   1  -3  -2  -2    0   0   0   0   0   0   0   0   0   0   0   0   0   0   0 100   0   0   0   0  0.53 0.03
  334 M    -1  -2  -3  -4  -2  -1  -2  -3  -2   1   2  -2   7   0  -3  -2  -1  -2  -1   0    0   0   0   0   0   0   0   0   0   0   0   0 100   0   0   0   0   0   0   0  0.54 0.05
  335 I    -2  -3  -4  -4  -1  -3  -4  -4  -4   5   1  -3   1   0  -3  -3  -1  -3  -2   3    0   0   0   0   0   0   0   0   0 100   0   0   0   0   0   0   0   0   0   0  0.48 0.03
  336 K    -1   2   0  -1  -3   1   1  -2  -1  -3  -3   5  -2  -3  -1   0  -1  -3  -2  -3    0   0   0   0   0   0   0   0   0   0   0 100   0   0   0   0   0   0   0   0  0.61 0.03
  337 K    -1   2   0  -1  -3   1   1  -2  -1  -3  -3   5  -2  -3  -1   0  -1  -3  -2  -3    0   4   0   0   0   0   0   0   0   0   0  96   0   0   0   0   0   0   0   0  0.60 0.03
  338 P    -1  -2  -2  -2  -3  -2  -1  -3  -3  -3  -3  -1  -3  -4   8  -1  -1  -4  -3  -3    0   0   0   0   0   0   0   0   0   0   0   0   0   0 100   0   0   0   0   0  2.13 0.04
  339 R    -2   6  -1  -2   0   1   0  -3  -1  -3  -2   2  -2  -3  -2  -1  -1  -3  -2  -3    0  96   0   0   4   0   0   0   0   0   0   0   0   0   0   0   0   0   0   0  0.79 0.03
  340 P    -1  -2  -2  -2  -3  -2  -1  -3  -3  -3  -3  -1  -3  -4   8  -1  -1  -4  -3  -3    0   0   0   0   0   0   0   0   0   0   0   0   0   0 100   0   0   0   0   0  2.13 0.04
  341 T     0  -1   0  -1  -1  -1  -1  -2  -2  -1  -1  -1  -1  -2  -1   1   5  -3  -2   0    0   0   0   0   0   0   0   0   0   0   0   0   0   0   0   0 100   0   0   0  0.57 0.04
  342 R    -2   6  -1  -2   0   1   0  -3   0  -3  -2   2  -2  -3  -2  -1  -1   0  -2  -3    0  91   0   0   3   4   0   0   0   0   0   0   0   0   0   0   0   2   0   0  0.73 0.03
  343 A     4  -2  -2  -2  -1  -1  -1   0  -2  -2  -2  -1  -1  -2  -1   1   0  -3  -2   0   98   0   0   0   0   0   0   0   0   0   0   0   0   0   0   0   0   0   0   0  0.45 0.03
  344 E    -1   0   0   1  -4   2   6  -2   0  -3  -3   1  -2  -3  -1   0  -1  -3  -2  -3    0   0   0   0   0   0  98   0   0   0   0   0   0   0   0   0   0   0   0   0  0.80 0.03
  345 G     0  -3  -1  -2  -3  -2  -2   6  -2  -4  -4  -2  -3  -3  -2   0  -2  -3  -3  -3    2   0   0   0   0   0   0  97   0   0   0   0   0   0   0   0   0   0   0   2  1.05 0.03
  346 S     1  -1   0   0  -1   0   0   0  -1  -3  -3   0  -2  -3  -1   5   1  -3  -2  -2    0   0   0   0   0   0   0   0   0   0   0   0   0   0   0 100   0   0   0   0  0.53 0.03
  347 D    -2  -2   1   6  -4  -1   1  -2  -1  -3  -4  -1  -3  -3  -2   0  -1  -4  -2  -3    0   0   0  98   0   0   0   0   0   0   0   0   0   0   0   0   0   0   2   0  0.99 0.03
  348 V     0  -3  -3  -4  -1  -3  -3  -4  -4   3   1  -3   1  -1  -3  -2   0  -3  -1   5    0   0   0   0   0   0   0   0   0   0   0   0   0   0   0   0   0   0   0 100  0.43 0.03
  349 A     4  -2  -2  -2  -1  -1  -1   0  -2  -2  -2  -1  -1  -3  -1   1   0  -3  -2   0   98   0   0   0   0   0   0   0   0   0   0   0   0   0   0   0   2   0   0   0  0.46 0.03
  350 N    -2  -1   6   1  -3   0   0  -1   0  -3  -4   0  -2  -3  -2   0   0  -4  -2  -3    0   0  96   0   0   0   0   0   0   0   0   0   0   0   0   0   4   0   0   0  0.80 0.04
  351 A     5  -2  -2  -2  -1  -1  -1   0  -2  -2  -2  -1  -1  -3  -1   1   0  -3  -2   0  100   0   0   0   0   0   0   0   0   0   0   0   0   0   0   0   0   0   0   0  0.48 0.03
  352 V     0  -3  -3  -4  -1  -3  -3  -4  -4   3   1  -3   1  -1  -3  -2   0  -3  -1   4    0   0   0   0   0   0   0   0   0   2   0   0   0   0   0   0   0   0   0  98  0.42 0.03
  353 L    -2  -2  -4  -4  -2  -2  -3  -4  -3   2   4  -3   2   0  -3  -3  -1  -2  -1   1    0   0   0   0   0   0   0   0   0   0 100   0   0   0   0   0   0   0   0   0  0.52 0.03
  354 D    -2  -2   1   6  -4  -1   1  -2  -1  -4  -4  -1  -3  -4  -2   0  -1  -5  -3  -4    0   0   0 100   0   0   0   0   0   0   0   0   0   0   0   0   0   0   0   0  1.03 0.04
  355 G     0  -3  -1  -2  -3  -2  -2   6  -2  -4  -4  -2  -3  -3  -2   0  -2  -3  -3  -4    0   0   0   0   0   0   0 100   0   0   0   0   0   0   0   0   0   0   0   0  1.12 0.03
  356 A     4  -2  -2  -2  -1  -1  -1   0  -2  -1  -2  -1  -1  -2  -1   1   0  -3  -2   0   97   0   0   0   0   0   0   0   0   0   0   0   0   0   0   0   0   0   0   3  0.45 0.03
  357 D    -2  -2   1   6  -4  -1   1   0  -1  -4  -4  -1  -3  -4  -2   0  -1  -5  -3  -4    0   0   0  96   0   0   0   4   0   0   0   0   0   0   0   0   0   0   0   0  0.97 0.03
  358 C    -1  -4  -3  -4  10  -3  -4  -3  -3  -2  -2  -4  -2  -3  -3  -1  -1  -3  -3  -1    0   0   0   0 100   0   0   0   0   0   0   0   0   0   0   0   0   0   0   0  1.44 0.05
  359 I    -2  -3  -4  -4  -1  -3  -4  -4  -4   5   1  -3   1   0  -3  -3  -1  -3  -2   3    0   0   0   0   0   0   0   0   0 100   0   0   0   0   0   0   0   0   0   0  0.48 0.03
  360 M    -1  -2  -2  -3  -2  -1  -2  -3  -2   1   2  -2   7   0  -3  -2   0  -2  -1   0    0   0   0   0   0   0   0   0   0   0   0   0  96   0   0   0   4   0   0   0  0.49 0.05
  361 L    -2  -2  -4  -4  -2  -2  -3  -4  -3   2   4  -3   2   0  -3  -3  -1  -2  -1   1    0   0   0   0   0   0   0   0   0   0 100   0   0   0   0   0   0   0   0   0  0.52 0.03
  362 S     1  -1   0   0  -1   0   0   0  -1  -3  -3   0  -2  -3  -1   5   1  -3  -2  -2    0   0   0   0   0   0   0   0   0   0   0   0   0   0   0 100   0   0   0   0  0.53 0.03
  363 G     0  -2  -1  -2  -3  -2  -2   6  -2  -4  -4  -2  -3  -3  -2   0  -2  -3  -3  -4    0   2   0   0   0   0   0  98   0   0   0   0   0   0   0   0   0   0   0   0  1.08 0.03
  364 E    -1   0   0   1  -4   2   5  -2   0  -3  -3   1  -2  -3  -1   0  -1  -3  -2  -3    0   0   0   0   0   0  96   0   0   0   0   0   0   0   0   0   0   0   0   0  0.75 0.03
  365 T     0  -1   0  -1  -1  -1  -1  -2  -2  -1  -1  -1  -1  -2  -1   1   5  -3  -2   0    0   0   0   0   0   0   0   0   0   0   0   0   0   0   0   0 100   0   0   0  0.57 0.04
  366 A     5  -2  -2  -2  -1  -1  -1   0  -2  -2  -2  -1  -1  -3  -1   1   0  -3  -2   0  100   0   0   0   0   0   0   0   0   0   0   0   0   0   0   0   0   0   0   0  0.48 0.03
  367 K    -1   2   0  -1  -3   1   1  -2  -1  -3  -3   5  -2  -3  -1   0  -1  -3  -2  -3    0   0   0   0   0   0   0   0   0   0   0 100   0   0   0   0   0   0   0   0  0.61 0.03
  368 G     0  -3  -1  -2  -3  -2  -2   6  -2  -4  -4  -2  -3  -3  -2   0  -2  -3  -3  -4    0   0   0   0   0   0   0 100   0   0   0   0   0   0   0   0   0   0   0   0  1.12 0.03
  369 D    -2  -2   2   6  -4   0   1  -2  -1  -4  -4  -1  -3  -4  -2   0  -1  -5  -3  -4    0   0   5  95   0   0   0   0   0   0   0   0   0   0   0   0   0   0   0   0  0.98 0.03
  370 Y    -2  -2  -2  -4  -3  -2  -2  -3   2  -2  -1  -2  -1   3  -3  -2  -2   2   8  -2    0   0   0   0   0   0   0   0   0   0   0   0   0   0   0   0   0   0 100   0  1.03 0.04
  371 P    -1  -1  -2  -2  -3  -1  -1  -3  -2  -3  -3  -1  -3  -4   8  -1  -1  -4  -3  -3    0   2   0   0   0   0   0   0   0   0   0   0   0   0  98   0   0   0   0   0  2.05 0.04
  372 L    -2  -2  -4  -4  -1  -2  -3  -4  -3   2   4  -3   2   0  -3  -3  -1  -2  -1   1    0   0   0   0   0   0   0   0   0   0  91   0   0   0   0   0   0   0   0   9  0.47 0.02
  373 E    -1   0   0   1  -4   2   6  -2   0  -4  -3   1  -2  -4  -1   0  -1  -3  -2  -3    0   0   0   0   0   0 100   0   0   0   0   0   0   0   0   0   0   0   0   0  0.82 0.03
  374 A     4  -2  -2  -2  -1  -1  -1   0  -2  -1  -2  -1  -1  -2  -1   1   0  -3  -2   0   97   0   0   0   0   0   0   0   0   0   0   0   0   0   0   0   0   0   0   3  0.44 0.03
  375 V     0  -3  -3  -4  -1  -2  -3  -4  -3   3   1  -3   1  -1  -3  -2   0  -3  -1   4    0   0   0   0   0   0   0   0   0   0   0   0   4   0   0   0   0   0   0  96  0.41 0.03
  376 R    -2   5  -1  -2   1   2   0  -3   2  -3  -2   2  -2  -3  -2  -1  -1  -3  -2  -3    0  78   0   0   6   6   0   0   6   0   0   4   0   0   0   0   0   0   0   0  0.62 0.03
  377 M    -1  -2  -2  -3  -2  -1  -2  -3  -2   1   2  -2   6   0  -3  -1   1  -2  -1   0    0   0   0   0   0   0   0   0   0   0   0   0  83   0   0   0  17   0   0   0  0.39 0.04
  378 Q    -1   1   0  -1  -3   6   2  -2   0  -3  -3   1  -1  -4  -2   0  -1  -2  -2  -3    0   0   0   0   0 100   0   0   0   0   0   0   0   0   0   0   0   0   0   0  0.78 0.04
  379 H    -2  -1   0  -1  -3   0   0  -2   9  -4  -3  -1  -2  -2  -3  -1  -2  -3   2  -4    0   0   0   0   0   0   0   0 100   0   0   0   0   0   0   0   0   0   0   0  1.08 0.05
  380 L     1  -2  -3  -3  -1  -2  -2  -2  -2   1   3  -1   3   0  -1  -1  -1  -2  -1   0   20   0   0   0   0   0   0   0   0   0  59   3  14   0   3   0   0   0   0   0  0.23 0.01
  381 I    -2  -3  -4  -4  -1  -3  -4  -4  -4   5   1  -3   1   0  -3  -3  -1  -3  -2   3    0   0   0   0   0   0   0   0   0 100   0   0   0   0   0   0   0   0   0   0  0.48 0.03
  382 A     5  -2  -2  -2  -1  -1  -1   0  -2  -2  -2  -1  -1  -3  -1   1   0  -3  -2   0  100   0   0   0   0   0   0   0   0   0   0   0   0   0   0   0   0   0   0   0  0.48 0.03
  383 R    -2   6  -1  -2  -4   1   0  -3   0  -3  -2   2  -1  -3  -2   0  -1  -3  -2  -3    0  91   0   0   0   0   0   0   2   0   3   0   0   0   0   4   0   0   0   0  0.72 0.03
  384 E    -1   0   0   1  -4   2   6  -2   0  -4  -3   1  -2  -4  -1   0  -1  -3  -2  -3    0   0   0   0   0   0 100   0   0   0   0   0   0   0   0   0   0   0   0   0  0.82 0.03
  385 A     4  -2  -2  -2  -1  -1  -1   0  -2  -2  -2  -1  -1  -3  -1   1   0  -3  -2   0   98   0   0   0   0   0   0   0   0   0   0   0   0   0   0   0   2   0   0   0  0.46 0.03
  386 E    -1   0   0   1  -4   2   6  -2   0  -4  -3   1  -2  -4  -1   0  -1  -3  -2  -3    0   0   0   0   0   0 100   0   0   0   0   0   0   0   0   0   0   0   0   0  0.82 0.03
  387 A     4  -2  -2  -2  -1  -1  -1   0  -2  -2  -2  -1  -1  -3  -1   1   0  -3  -2   0   98   0   0   0   0   0   0   0   0   0   0   0   0   0   0   0   2   0   0   0  0.46 0.03
  388 A     5  -2  -2  -2  -1  -1  -1   0  -2  -2  -2  -1  -1  -3  -1   1   0  -3  -2   0  100   0   0   0   0   0   0   0   0   0   0   0   0   0   0   0   0   0   0   0  0.48 0.03
  389 I    -1  -3  -3  -3  -1  -2  -3  -4  -3   4   2  -2   3   0  -3  -2   0  -3  -1   2    0   0   0   0   0   0   0   0   0  63   0   0  25   0   0   0   3   0   0   9  0.34 0.02
  390 Y    -2  -3  -3  -4  -1  -3  -3  -3   0  -1   0  -3  -1   6  -4  -2  -2   1   6  -1    0   0   0   0   2   0   0   0   0   0   0   0   0  54   0   0   0   0  44   0  0.74 0.03
  391 H    -2   0   0  -1  -3   0   0  -2   8  -4  -3  -1  -2  -1  -3  -1  -2  -2   2  -3    0   2   0   0   0   0   0   0  95   0   0   0   0   0   0   0   0   0   3   0  1.00 0.04
  392 L    -1   4  -1  -2  -2   0  -1  -3   0   0   2   1   0  -1  -3  -1   0  -2  -2  -1    0  50   0   0   0   0   0   0   2   2  37   0   0   0   0   3   6   0   0   0  0.28 0.02
  393 Q    -1   1   0  -1  -3   6   2  -2   0  -3  -3   2  -1  -4  -2   0  -1  -2  -2  -3    0   0   0   0   0  92   0   0   0   0   0   8   0   0   0   0   0   0   0   0  0.72 0.04
  394 L    -2  -2  -4  -4  -2  -1  -3  -4  -3   1   4  -3   2   0  -3  -3  -1  -2  -1   1    0   0   0   0   0   3   0   0   0   0  94   0   0   0   0   0   0   0   0   3  0.46 0.02
  395 F    -3  -3  -3  -4  -3  -4  -4  -4  -2   0   0  -4   0   7  -4  -3  -2   1   3  -1    0   0   0   0   0   0   0   0   0   0   0   0   0 100   0   0   0   0   0   0  0.88 0.04
  396 E    -1   0   0   1  -4   2   6  -2   0  -4  -3   1  -2  -4  -1   0  -1  -3  -2  -3    2   0   0   0   0   0  98   0   0   0   0   0   0   0   0   0   0   0   0   0  0.79 0.03
  397 E    -1   0   0   2  -4   2   5  -2   0  -4  -3   1  -2  -4  -1   0  -1  -3  -2  -3    0   0   0   3   0   0  95   2   0   0   0   0   0   0   0   0   0   0   0   0  0.77 0.03
  398 L    -2  -2  -4  -4  -2  -2  -3  -4  -3   2   4  -3   2   0  -3  -3  -1  -2  -1   1    0   0   0   0   0   0   0   0   0   1  99   0   0   0   0   0   0   0   0   0  0.51 0.02
  399 R    -2   5  -1  -2   0   1  -1  -3   2  -2  -2   1  -1   1  -3  -1  -1  -2   0  -1    0  69   0   0   4   2   0   0   8   0   0   0   0  10   0   0   0   0   2   6  0.44 0.02
  400 R    -2   6  -1  -2   0   1   0  -3   1  -3  -2   2  -1  -3  -2  -1  -1  -3  -2  -3    0  88   0   0   4   0   0   0   5   0   3   0   0   0   0   0   0   0   0   0  0.67 0.03
  401 L     0  -2  -2  -3   0  -2  -2  -2   1   1   3  -2   1   0  -3  -1  -1  -2  -1   1    8   0   0   0   1   0   0   3   6   3  67   0   0   0   0   7   1   0   0   4  0.21 0.01
  402 A     3  -1   0  -1  -1  -1   0   0  -1  -2  -2  -1  -1  -2  -1   3   2  -3  -2  -1   43   0   3   0   0   0   2   0   0   0   0   0   0   0   0  32  19   0   0   2  0.30 0.01
  403 P     0  -1  -2  -2  -3   0  -1  -2  -1  -2  -2   0  -2  -3   7   0  -1  -4  -3  -2    5   2   0   0   0   3   0   0   2   0   3   5   0   0  68   9   0   0   0   3  1.21 0.02
  404 I    -1  -2  -1  -2  -2  -2  -2  -2   2   3   2  -2   2   0  -3  -1  -1  -2  -1   2    0   0   5   0   0   0   0   2   9  44  23   0   7   2   0   4   0   0   0   3  0.16 0.01
  405 T     0  -1   1  -1  -1  -1  -1  -1  -2  -1  -2  -1  -1  -2  -1   2   4  -3  -2   0    0   0   7   0   0   0   0   0   0   3   0   0   0   0   0  25  65   0   0   0  0.39 0.02
  406 S     0   3   1  -1  -2   1   0  -1   1  -3  -3   2  -1  -3  -2   2   1  -3  -1  -2    0  30   9   0   0   7   0   0   3   0   0  11   0   0   0  32   7   0   2   0  0.30 0.01
  407 D    -2  -2   1   6  -4   0   2  -2   0  -4  -4  -1  -3  -4  -2   0  -1  -5  -3  -4    0   0   2  96   0   0   1   0   2   0   0   0   0   0   0   0   0   0   0   0  0.98 0.03
  408 P    -1  -2  -2  -2  -3  -2  -1  -3  -3  -3  -2  -1  -2  -4   8  -1  -1  -4  -3  -2    0   0   0   0   0   0   0   0   0   0   6   0   0   0  94   0   0   0   0   0  1.92 0.04
  409 T     1  -1   0  -1  -1  -1  -1  -1  -2  -1  -1  -1   0  -2  -1   2   4  -3  -2   0    9   0   0   0   0   0   0   0   0   0   0   0   6   0   0  18  66   0   0   1  0.37 0.02
  410 E    -1   0   0   2  -4   2   5  -2   0  -4  -3   1  -2  -4  -1   0  -1  -3  -2  -3    0   0   0   7   0   0  93   0   0   0   0   0   0   0   0   0   0   0   0   0  0.78 0.03
  411 A     4  -2  -2  -2  -1  -1  -1   0  -2  -1  -2  -1  -1  -2  -1   1   0  -3  -2   0   93   0   0   0   0   0   0   0   0   0   0   0   0   0   0   2   3   0   0   2  0.43 0.03
  412 T     2  -2  -1  -2  -1  -1  -1  -1  -2   0   0  -1   2  -2  -2   1   2  -3  -2   1   41   0   0   0   0   0   0   0   0   5   0   0  17   0   0   2  24   0   0  11  0.18 0.01
  413 A     4  -2  -2  -2  -1  -1  -1   0  -2  -2  -2  -1  -1  -3  -1   1   0  -3  -2   0   95   0   0   0   0   0   0   0   0   0   0   0   0   0   0   0   5   0   0   0  0.44 0.03
  414 V     0  -3  -3  -3  -1  -2  -3  -3  -3   3   1  -2   2  -1  -3  -2   0  -3  -1   4    3   0   0   0   0   0   0   0   0  21   2   0   8   0   0   0   0   0   0  66  0.33 0.02
  415 G     0  -3  -1  -2  -3  -2  -2   6  -2  -4  -4  -2  -3  -3  -2   0  -2  -3  -3  -4    0   0   0   0   0   0   0 100   0   0   0   0   0   0   0   0   0   0   0   0  1.12 0.03
  416 A     4  -2  -2  -2  -1  -1  -1   0  -2  -2  -2  -1  -1  -3  -1   1   0  -3  -2   0   93   0   0   0   0   0   0   2   0   0   0   0   0   0   0   6   0   0   0   0  0.44 0.03
  417 V     0  -3  -3  -4  -1  -2  -3  -4  -3   3   1  -3   1  -1  -3  -2   0  -3  -1   4    0   0   0   0   0   0   0   0   0   0   0   0   4   0   0   0   0   0   0  96  0.41 0.03
  418 E    -1   0   0   1  -4   2   6  -2   0  -4  -3   1  -2  -4  -1   0  -1  -3  -2  -3    0   0   0   0   0   2  98   0   0   0   0   0   0   0   0   0   0   0   0   0  0.81 0.03
  419 A     4  -2  -1  -2  -1  -1  -1   0  -2  -2  -2  -1  -1  -3  -1   2   0  -3  -2   0   84   0   0   0   0   0   0   0   0   0   0   0   0   0   0  13   2   0   0   0  0.41 0.02
  420 S     1  -1   0   0  -1   0   0   0  -1  -3  -3   0  -2  -3  -1   5   1  -3  -2  -2    1   0   0   0   0   0   0   0   0   0   0   0   0   0   0  99   0   0   0   0  0.52 0.03
  421 F    -2  -3  -3  -4  -3  -3  -4  -4  -1   0   0  -3   0   7  -4  -3  -2   1   3  -1    0   0   0   0   0   0   0   0   0   0   0   0   0  93   0   0   0   0   6   1  0.82 0.03
  422 K    -1   2   0  -1  -3   1   1  -2  -1  -3  -3   5  -2  -3  -1   0  -1  -3  -2  -3    0   0   0   0   0   0   0   0   0   0   0 100   0   0   0   0   0   0   0   0  0.61 0.03
  423 C    -1  -2  -3  -4   9  -3  -4  -3  -3  -1  -1  -3  -2  -3  -3  -1  -1  -3  -3  -1    0   3   0   0  94   0   0   0   0   3   0   0   0   0   0   0   0   0   0   0  1.29 0.04
  424 C    -1  -3  -3  -3   8  -3  -3  -2  -3  -1   1  -3   0  -1  -3  -1  -1  -2  -2  -1    0   0   0   0  69   0   0   2   0   0  22   0   0   1   0   3   0   0   0   0  0.80 0.03
  425 S     3  -1   0  -1  -1  -1  -1   0  -1  -2  -2  -1  -1  -2  -1   3   1  -3  -2  -1   45   0   0   0   0   0   0   0   0   0   0   0   0   0   0  52   0   0   0   0  0.36 0.02
  426 G     1  -2   0  -1  -2  -1  -1   5  -2  -3  -3  -1  -2  -3   0   2   0  -3  -3  -2   15   0   0   0   0   0   0  55   0   0   0   2   0   0   5  21   0   0   0   0  0.53 0.01
  427 A     4  -2  -2  -2  -1  -1  -1   0  -2  -2  -2  -1  -1  -2  -1   1   0  -3  -2   0   95   0   0   0   0   0   0   0   0   0   0   0   0   0   0   2   0   0   0   0  0.44 0.03
  428 I    -1  -3  -3  -3  -1  -3  -3  -4  -3   4   2  -3   1   1  -3  -2  -1  -2  -1   2    0   0   0   0   0   0   0   0   0  68  19   0   0   5   0   0   0   0   0   5  0.34 0.02
  429 I    -1  -3  -3  -3  -1  -3  -3  -4  -3   4   2  -3   1   0  -3  -2  -1  -3  -1   3    0   0   0   0   0   0   0   0   0  87   4   0   2   0   0   0   0   0   0   3  0.40 0.02
  430 V     0  -3  -3  -3  -1  -2  -3  -3  -3   3   1  -2   1  -1  -2  -2   0  -3  -1   4    0   0   0   0   0   0   0   0   0   4   0   0   0   0   0   0   0   0   0  93  0.38 0.03
  431 L    -2  -2  -4  -4  -2  -2  -3  -4  -3   1   4  -3   2   0  -2  -3  -1  -2  -1   1    0   0   0   0   0   0   0   0   0   0  93   0   2   0   2   0   0   0   0   0  0.44 0.02
  432 T     0  -1   0  -1  -1  -1  -1  -2  -2  -1  -1  -1  -1  -2  -1   1   5  -3  -2   0    0   0   0   0   0   0   0   0   0   0   0   0   0   0   0   2  98   0   0   0  0.56 0.04
  433 K    -1   2   0   0  -3   1   2  -1  -1  -3  -3   5  -2  -3  -1   0  -1  -3  -2  -3    0   0   0   3   0   0  16   3   0   0   0  78   0   0   0   0   0   0   0   0  0.48 0.02
  434 S     1  -1   0  -1   1   0  -1  -1  -1  -2  -2  -1  -2  -1  -1   4   2  -3  -2  -2    0   0   0   0   4   0   0   0   0   0   0   0   0   3   0  82  11   0   0   0  0.41 0.03
  435 G     0  -3  -1  -2  -3  -2  -2   6  -2  -4  -4  -2  -3  -3  -2   0  -2  -3  -3  -4    0   0   0   0   0   0   0 100   0   0   0   0   0   0   0   0   0   0   0   0  1.12 0.03
  436 R    -2   6  -1  -2  -4   1   0  -3   0  -3  -3   2  -2  -3  -2  -1  -1  -3  -2  -3    0  97   0   0   0   0   0   0   0   0   0   0   0   0   0   3   0   0   0   0  0.82 0.03
  437 S     1  -1   1   0  -1   0   0  -1  -1  -3  -3   0  -2  -2  -1   4   1  -3   0  -2    0   0   2   0   0   0   0   0   0   0   0   0   0   0   0  94   0   0   4   0  0.47 0.03
  438 A     5  -2  -2  -2  -1  -1  -1   0  -2  -2  -2  -1  -1  -3  -1   1   0  -3  -2   0  100   0   0   0   0   0   0   0   0   0   0   0   0   0   0   0   0   0   0   0  0.48 0.03
  439 H    -2  -1   0  -1  -3   0   0  -2   8  -4  -3  -1  -2  -1  -3  -1  -2  -2   2  -3    0   0   0   0   0   0   0   0  96   0   0   0   0   2   0   0   0   0   2   0  1.02 0.05
  440 Q    -1   0  -1  -2  -2   4   0  -3  -1   0   2   0   1  -1  -2  -1  -1  -2  -1  -1    0   0   0   0   0  51   0   0   0   0  48   0   1   0   0   0   0   0   0   0  0.30 0.02
  441 V    -1  -3  -3  -4  -1  -3  -3  -4  -3   3   2  -3   1  -1  -3  -2   0  -3  -1   4    0   0   0   0   0   0   0   0   0  14  13   0   0   0   0   0   0   0   0  72  0.36 0.02
  442 A     3  -1   0  -1  -1  -1  -1   0  -1  -2  -2  -1  -1  -3  -1   3   1  -3  -2  -1   49   0   0   0   0   0   0   0   0   0   0   0   0   0   0  51   0   0   0   0  0.39 0.02
  443 R    -2   6  -1  -2  -4   1   0  -3   0  -3  -2   2  -2  -3  -2  -1  -1  -3  -2  -3    0  96   0   0   0   2   0   0   0   0   0   2   0   0   0   0   0   0   0   0  0.82 0.03
  444 Y    -2  -2  -2  -4  -3  -2  -2  -3   2  -2  -1  -2  -1   3  -3  -2  -2   2   7  -2    0   0   0   0   0   0   0   0   0   0   0   0   0   3   0   0   0   0  97   0  1.00 0.04
  445 R    -2   6  -1  -2  -4   1   0  -3   1  -3  -3   2  -2  -3  -2  -1  -1  -3  -2  -3    0  96   0   0   0   0   0   0   4   0   0   0   0   0   0   0   0   0   0   0  0.81 0.03
  446 P    -1  -2  -2  -2  -3  -2  -1  -3  -3  -3  -3  -1  -3  -4   8  -1  -1  -4  -3  -3    0   0   0   0   0   0   0   0   0   0   0   0   0   0 100   0   0   0   0   0  2.13 0.04
  447 R    -2   6  -1  -2  -1   1   0  -3   0  -3  -2   2  -2  -3  -2  -1  -1  -3  -2  -3    0  94   0   0   2   2   0   0   2   0   0   0   0   0   0   0   0   0   0   0  0.77 0.03
  448 A     5  -2  -2  -2  -1  -1  -1   0  -2  -2  -2  -1  -1  -3  -1   1   0  -3  -2   0  100   0   0   0   0   0   0   0   0   0   0   0   0   0   0   0   0   0   0   0  0.48 0.03
  449 P    -1  -2  -2  -2  -3  -2  -1  -2  -2  -3  -3  -1  -3  -4   8  -1  -1  -4  -3  -3    0   0   0   0   0   0   0   0   0   0   0   0   0   0  98   2   0   0   0   0  2.06 0.04
  450 I    -2  -3  -4  -4  -1  -3  -4  -4  -4   5   1  -3   1   0  -3  -3  -1  -3  -2   3    0   0   0   0   0   0   0   0   0 100   0   0   0   0   0   0   0   0   0   0  0.48 0.03
  451 I    -2  -3  -4  -4  -1  -3  -4  -4  -4   5   2  -3   1   0  -3  -3  -1  -3  -2   3    0   0   0   0   0   0   0   0   0  98   2   0   0   0   0   0   0   0   0   0  0.47 0.03
  452 A     5  -2  -2  -2  -1  -1  -1   0  -2  -2  -2  -1  -1  -3  -1   1   0  -3  -2   0   98   0   0   0   0   0   0   0   0   0   0   0   0   0   0   2   0   0   0   0  0.47 0.03
  453 V     0  -3  -3  -4  -1  -3  -3  -4  -3   3   1  -3   1  -1  -3  -2   0  -3  -1   4    0   0   0   0   0   0   0   0   0   0   2   0   0   0   0   0   0   0   0  98  0.42 0.03
  454 T     0  -1   0  -1  -1  -1  -1  -2  -2  -1  -1  -1   0  -2  -1   1   5  -3  -2   0    0   0   0   0   0   0   0   0   0   0   0   0   4   0   0   2  92   0   0   0  0.50 0.03
  455 R    -2   6  -1  -2  -4   1   0  -3  -1  -3  -2   2  -2  -3  -1  -1  -1   2  -2  -3    0  91   0   0   0   0   0   0   0   0   0   0   0   0   2   0   0   4   0   0  0.74 0.03
  456 N    -1  -1   6   1   1   0   0  -1   0  -3  -3   0  -2  -3  -2   1   0  -4  -2  -3    0   0  81   1   5   2   2   0   0   0   0   0   0   0   0   6   0   0   0   0  0.61 0.03
  457 P     1  -2  -1  -1  -2  -1  -1   3   3  -3  -3  -1  -2  -3   5   0  -1  -3  -2  -2   12   0   0   2   0   0   3  34  13   0   0   0   0   0  35   0   0   0   0   0  0.65 0.01
  458 Q    -1   1   0  -1  -3   6   2  -2   0  -3  -2   1  -1  -3  -2   0  -1  -2  -2  -2    0   0   0   0   0  95   0   0   0   0   0   0   0   0   0   0   0   0   0   2  0.71 0.04
  459 T     1  -1   0  -1  -1  -1  -1  -2  -2  -1  -1  -1  -1  -2  -1   1   5  -3  -2   0   12   0   0   0   0   0   0   0   0   0   0   0   0   0   0   0  86   0   0   0  0.46 0.03
  460 A     4  -2  -2  -2  -1  -1  -1   0  -2  -1  -2  -1  -1  -2  -1   1   0  -3  -2   0   96   0   0   0   0   0   0   0   0   0   0   0   0   0   0   0   0   0   0   2  0.43 0.03
  461 R    -2   6  -1  -2  -4   1   0  -3   1  -3  -2   2  -2  -3  -1  -1  -1  -3  -2  -3    0  93   0   0   0   0   0   0   3   0   0   0   0   0   2   0   0   0   0   0  0.75 0.03
  462 Q    -1   1   0  -1  -3   6   2  -2   0  -3  -2   1  -1  -3  -1   0  -1  -2  -2  -2    0   0   0   0   0  95   0   0   0   0   0   0   0   0   0   0   0   0   0   0  0.72 0.04
  463 A     4  -2  -2  -2  -1  -1  -1   0  -2  -1  -2  -1  -1  -2  -1   1   0  -3  -2   0   92   0   0   0   0   0   0   0   0   0   0   0   0   0   0   2   0   0   0   2  0.41 0.02
  464 H    -2   0   0  -1  -3   0   0  -2   8  -4  -3  -1  -2  -2  -2  -1  -2  -3   2  -3    0   0   0   0   0   0   0   0  97   0   0   0   0   0   0   0   0   0   0   0  1.02 0.04
  465 L    -2  -2  -4  -4  -1  -2  -3  -4  -3   1   4  -3   2   0  -3  -3  -1  -2  -1   1    0   0   0   0   0   0   0   0   0   0  98   0   0   0   0   0   0   0   0   0  0.49 0.02
  466 Y    -2  -2  -2  -3  -3  -2  -2  -3   2  -2  -1  -2  -1   3  -3  -2  -2   2   7  -1    0   0   0   0   0   0   0   0   0   0   0   0   0   2   0   0   0   0  95   0  0.96 0.04
  467 R    -2   6  -1  -2   2   1   0  -3  -1  -3  -2   2  -2  -3  -2  -1  -1  -3  -2  -3    0  91   0   0   7   0   0   0   0   0   0   0   0   0   0   0   0   0   0   0  0.72 0.03
  468 G     0  -3  -1  -2  -3  -2  -2   6  -2  -4  -4  -2  -3  -3  -2   0  -2  -3  -3  -3    0   0   0   0   0   0   0  97   0   0   0   0   0   0   0   0   0   0   0   0  1.07 0.03
  469 I    -1  -3  -3  -3  -1  -3  -3  -4  -3   5   1  -3   1   0  -3  -2  -1  -3  -2   3    0   0   0   0   0   0   0   0   0  88   0   0   0   0   0   0   0   0   0   9  0.42 0.03
  470 F    -2  -3  -3  -4  -3  -3  -3  -3  -1   0   0  -3   0   7  -4  -3  -2   1   3  -1    0   0   0   0   0   0   0   0   0   0   0   0   0  97   0   0   0   0   0   0  0.83 0.03
  471 P    -1  -2  -2  -2  -3  -2  -1  -2  -2  -3  -3  -1  -3  -4   8  -1  -1  -4  -3  -3    0   0   0   0   0   0   0   0   0   0   0   0   0   0  97   0   0   0   0   0  2.04 0.04
  472 V     0  -3  -3  -3  -1  -2  -3  -2  -3   2   1  -2   1  -1  -3  -2   0  -3  -1   4    0   0   0   0   0   0   0   4   0   2   0   0   0   0   0   0   0   0   0  92  0.34 0.03
  473 L    -1  -2  -4  -4  -2  -2  -3  -4  -3   2   4  -3   2   1  -1  -2  -1  -2  -1   1    0   0   0   0   0   0   0   0   0   0  75   0   2   8   3   0   0   0   0  12  0.37 0.02
  474 C    -1  -3  -3  -4   8  -3  -3  -3  -1  -1  -1  -3  -1   1  -3  -1  -1   0   4  -1    0   0   0   0  68   0   0   0   0   0   0   0   0   6   0   0   0   0  26   0  0.90 0.03
  475 K    -1   2   2  -1  -3   1   0  -2  -1  -3  -3   4  -2  -3  -1   0   0  -3  -2  -2    0   3  13   0   0   0   0   0   0   0   0  75   0   0   0   3   6   0   0   0  0.44 0.02
  476 D    -1   0   1   5  -4   1   3  -2  -1  -3  -3   1  -2  -4   0   0  -1  -4  -3  -3    2   0   0  49   0   6  26   0   0   0   0  13   0   0   2   0   2   0   0   0  0.56 0.02
  477 P     1  -2  -2  -2  -2  -1  -1  -2  -2  -3  -3  -1  -2  -4   7   0  -1  -4  -3  -2   21   0   0   0   0   0   0   0   0   0   0   0   0   0  78   0   1   0   0   0  1.51 0.03
  478 V     1  -2  -2  -3  -1  -2  -2  -2  -3   2   0  -2   0  -1   0   0   1  -3  -2   3   22   0   0   0   0   0   0   0   0   7   0   0   0   0   3   2   7   0   0  59  0.22 0.02
  479 Q    -1   0   2   0  -3   4   1  -2   6  -2  -1   0  -1  -2  -2  -1  -1  -3   0  -2    0   0  11   2   0  37   0   0  38   0  11   0   0   0   0   0   0   0   0   0  0.41 0.02
  480 E    -1  -1   1   4  -4   2   4  -2  -1  -3  -3   0  -2  -4  -1   0  -1  -4  -3  -3    2   0   2  42   0   6  47   0   0   0   0   0   0   0   0   0   0   0   0   0  0.64 0.02
  481 A     3  -2  -2  -2  -1  -1  -1  -1  -2   0  -1  -1  -1  -2  -1   1   0  -3  -2   2   62   0   0   0   0   0   0   0   0   0   0   0   0   0   0  10   0   0   0  27  0.26 0.02
  482 W    -3  -3  -4  -5  -3  -2  -3  -3  -3  -3  -2  -3  -2   1  -4  -3  -3  12   2  -3    0   0   0   0   0   0   0   0   0   0   0   0   0   0   0   0   0 100   0   0  2.57 0.06
  483 A     4  -2  -2  -2  -1  -1  -1   0  -2  -2  -2  -1  -1  -3  -1   1   0  -3  -2   0   98   0   0   0   0   0   0   0   0   0   0   0   0   0   0   2   0   0   0   0  0.46 0.03
  484 E    -1   0   0   2  -4   2   5  -2   0  -4  -3   1  -2  -4  -1   0  -1  -3  -2  -3    0   0   0   4   0   0  96   0   0   0   0   0   0   0   0   0   0   0   0   0  0.80 0.03
  485 D    -2  -2   1   6  -4  -1   1  -2  -1  -4  -4  -1  -3  -4  -2   0  -1  -5  -3  -4    0   0   0 100   0   0   0   0   0   0   0   0   0   0   0   0   0   0   0   0  1.03 0.04
  486 V     0  -3  -3  -4  -1  -3  -3  -4  -4   3   1  -3   1  -1  -3  -2   0  -3  -1   4    0   0   0   0   0   0   0   0   0   3   0   0   0   0   0   0   0   0   0  97  0.42 0.03
  487 D    -2  -2   1   6  -4   0   2  -2  -1  -4  -4  -1  -3  -4  -2   0  -1  -5  -3  -4    0   0   0  98   0   0   2   0   0   0   0   0   0   0   0   0   0   0   0   0  1.01 0.03
  488 L    -2  -1  -3  -4   0  -2  -3  -4  -1   1   4  -2   2   1  -1  -2  -1  -2  -1   0    0   5   0   0   1   0   0   0   2   0  83   0   1   3   3   2   0   0   0   0  0.34 0.02
  489 R    -2   6  -1  -2  -1   1   0  -3   0  -3  -2   2  -2  -3  -2  -1  -1  -3  -2  -3    0  94   0   0   2   4   0   0   0   0   0   0   0   0   0   0   0   0   0   0  0.78 0.03
  490 V     0  -3  -3  -4  -1  -3  -3  -4  -4   3   1  -3   1  -1  -3  -2   0  -3  -1   5    0   0   0   0   0   0   0   0   0   0   0   0   0   0   0   0   0   0   0 100  0.43 0.03
  491 N    -2  -1   6   1  -3   0   0  -1   1  -4  -4   0  -2  -3  -2   1   0  -4  -2  -3    0   0  95   0   0   0   0   0   1   0   0   0   0   0   0   3   0   0   0   0  0.80 0.04
  492 F    -2  -3  -3  -4   0  -3  -3  -4  -2   1   3  -3   1   5  -3  -3  -2   0   1   0    0   0   0   0   3   0   0   0   0   0  49   0   0  46   0   0   0   0   0   3  0.43 0.02
  493 A     4  -2  -2  -2  -1  -1  -1   2  -2  -2  -2  -1  -1  -3  -1   1   0  -3  -2   0   82   0   0   0   0   0   0  16   0   0   0   0   0   0   0   0   0   0   0   2  0.41 0.02
  494 M    -1  -2  -3  -4  -2  -1  -2  -3  -2   1   2  -2   7   0  -3  -2  -1  -2  -1   1    0   0   0   0   0   0   0   0   0   2   0   0  98   0   0   0   0   0   0   0  0.53 0.05
  495 N    -2  -1   5   4  -3   0   2  -1   0  -4  -4   0  -3  -3  -2   0  -1  -4  -3  -3    0   0  54  27   0   0  17   0   0   0   0   3   0   0   0   0   0   0   0   0  0.59 0.02
  496 V    -1  -3  -2  -3  -1  -2  -3  -3  -3   3   1  -3   1  -1  -3  -2   0  -3  -1   4    0   0   1   0   0   0   0   0   0  13   0   0   3   0   0   0   0   0   0  82  0.37 0.02
  497 G     1  -3  -1  -2  -3  -2  -2   6  -2  -4  -4  -2  -3  -3  -2   0  -2  -3  -3  -3    6   0   0   0   0   0   0  94   0   0   0   0   0   0   0   0   0   0   0   0  1.03 0.03
  498 K    -1   2   1  -1  -3   1   1  -2  -1  -3  -3   5  -2  -3  -1   0  -1  -3  -2  -3    0   0   6   0   0   0   0   0   0   0   0  94   0   0   0   0   0   0   0   0  0.56 0.03
  499 A     4  -2  -2  -2  -1  -1  -1   0  -2  -1  -2  -1  -1  -2  -1   1   1  -3  -2   0   90   0   0   0   0   0   0   0   0   0   0   0   0   0   0   2   7   0   0   2  0.41 0.03
  500 R    -2   6  -1  -2  -4   1   0  -3   1  -3  -2   2  -2  -3  -2  -1  -1  -3  -2  -3    0  92   0   0   0   2   0   0   4   0   0   0   0   0   0   0   0   0   0   0  0.76 0.03
  501 G     0  -2  -1  -2  -3  -2  -2   6  -2  -4  -4  -2  -3  -3  -2   0  -2  -3  -3  -4    0   2   0   0   0   0   0  98   0   0   0   0   0   0   0   0   0   0   0   0  1.08 0.03
  502 F    -2  -3  -3  -4   1  -4  -4  -4  -2   0   0  -3   0   7  -4  -3  -2   1   3  -1    0   0   0   0   4   0   0   0   0   4   0   0   0  92   0   0   0   0   0   0  0.76 0.03
  503 F    -3  -3  -3  -4  -3  -4  -4  -4  -2   0   0  -3   0   7  -4  -3  -2   1   3  -1    0   0   0   0   0   0   0   0   0   2   2   0   0  96   0   0   0   0   0   0  0.82 0.03
  504 K    -1   2   0  -1  -3   1   1  -2  -1  -3  -3   5  -2  -3  -1   0  -1  -3  -2  -3    0   0   0   0   0   0   0   0   0   0   0 100   0   0   0   0   0   0   0   0  0.61 0.03
  505 K     0   1   0  -1  -2   0   0  -1  -1  -2  -2   3  -1  -3   0   2   2  -3  -2  -2    2   0   0   0   0   0   2   0   0   0   0  43   0   0   3  22  28   0   0   0  0.30 0.02
  506 G     0  -3  -1   0   0  -2  -2   6  -2  -4  -4  -2  -3  -3  -2   0  -2  -3  -3  -3    0   0   0   4   2   0   0  94   0   0   0   0   0   0   0   0   0   0   0   0  1.01 0.03
  507 D    -2  -2   1   6  -4  -1   1  -2  -1  -3  -4  -1  -3  -3  -2   0  -1  -4  -2  -3    0   0   2  96   0   0   0   0   0   0   0   0   0   0   0   0   0   0   3   0  0.96 0.03
  508 V    -1  -3  -3  -4   1  -2  -3  -4  -3   2   2  -3   1  -1  -3  -2   0  -3  -1   4    0   0   0   0   3   0   0   0   0   3  13   0   2   0   0   0   0   0   0  79  0.34 0.02
  509 V     0  -3  -3  -3  -1  -2  -3  -4  -3   3   1  -3   1  -1  -3  -2   0  -3  -1   4    0   0   0   0   0   0   0   0   0   3   0   0   0   0   0   0   1   0   0  96  0.41 0.03
  510 I    -2  -3  -4  -4  -1  -3  -4  -4  -4   5   1  -3   1   0  -3  -3  -1  -3  -2   3    0   0   0   0   0   0   0   0   0 100   0   0   0   0   0   0   0   0   0   0  0.48 0.03
  511 V     0  -3  -3  -4  -1  -2  -3  -4  -3   3   1  -3   1  -1  -3  -2   0  -3  -1   4    0   0   0   0   0   0   0   0   0   0   4   0   2   0   0   0   0   0   0  94  0.40 0.03
  512 L    -2  -2  -4  -4  -1  -2  -3  -4  -3   2   4  -3   2   0  -3  -3  -1  -2  -1   1    0   0   0   0   0   0   0   0   0   0  98   0   0   0   0   0   0   0   0   2  0.51 0.02
  513 T     0  -1   1  -1  -1  -1  -1  -2  -2  -1  -2  -1  -1  -3  -1   1   5  -3  -2   0    0   0   9   0   0   0   0   0   0   0   0   0   0   0   0   0  91   0   0   0  0.51 0.03
  514 G     0  -3  -1  -2  -3  -2  -2   6  -2  -4  -4  -2  -3  -3  -2   0  -2  -3  -3  -4    0   0   0   0   0   0   0 100   0   0   0   0   0   0   0   0   0   0   0   0  1.12 0.03
  515 W    -3  -3  -4  -5  -3  -2  -3  -3  -3  -3  -2  -3  -2   1  -4  -3  -3  12   2  -3    0   0   0   0   0   0   0   0   0   0   0   0   0   0   0   0   0 100   0   0  2.57 0.06
  516 R    -2   6  -1  -2  -4   1   0  -3   1  -3  -3   2  -2  -3  -2  -1  -1  -3  -2  -3    0  93   0   0   0   3   0   0   3   0   0   1   0   0   0   0   0   0   0   0  0.79 0.03
  517 P    -1  -2  -2  -2  -3  -2  -1  -3  -3  -3  -3  -1  -3  -4   8  -1  -1  -4  -3  -3    0   0   0   0   0   0   0   0   0   0   0   0   0   0 100   0   0   0   0   0  2.13 0.04
  518 G     0  -3  -1  -1  -3  -2  -2   6  -2  -4  -4  -2  -3  -3  -2   0  -2  -3  -3  -4    0   0   0   2   0   0   0  98   0   0   0   0   0   0   0   0   0   0   0   0  1.08 0.03
  519 S     1  -1   0  -1  -1   0   0  -1  -1  -3  -3   0  -2  -3   2   4   1  -3  -2  -2    0   0   0   0   0   0   0   0   0   0   0   0   0   0   9  91   0   0   0   0  0.51 0.03
  520 G     0  -3  -1  -2  -3  -2  -2   6  -2  -4  -4  -2  -3  -3  -2   0  -2  -3  -3  -3    0   0   0   0   0   0   0  96   0   0   0   0   0   0   0   4   0   0   0   0  1.06 0.03
  521 F    -2  -3  -3  -4  -3  -3  -3  -3   0  -1   0  -3   0   6  -4  -2  -2   1   5  -1    0   0   0   0   0   0   0   0   0   0   0   0   0  64   0   2   0   0  34   0  0.73 0.03
  522 T     0  -1   0  -1  -1  -1  -1  -2  -2  -1  -1  -1  -1  -2  -1   1   5  -3  -2   0    0   0   0   0   0   0   0   0   0   0   0   0   0   0   0   0 100   0   0   0  0.57 0.04
  523 N    -2  -1   6   1  -3   0   0  -1   0  -4  -4   0  -3  -3  -2   0   0  -4  -2  -3    0   0 100   0   0   0   0   0   0   0   0   0   0   0   0   0   0   0   0   0  0.85 0.04
  524 T     0  -1   0  -1  -1  -1  -1  -2  -2  -1  -1  -1  -1  -2  -1   1   5  -3  -2   0    0   0   0   0   0   0   0   0   0   0   0   0   0   0   0   0 100   0   0   0  0.57 0.04
  525 M    -1  -2  -3  -4  -2  -1  -2  -3  -2   1   2  -2   7   0  -3  -2  -1  -2  -1   1    0   0   0   0   0   0   0   0   0   0   0   0  98   0   0   0   0   0   0   2  0.53 0.05
  526 R    -1   6  -1  -2  -1   1   0  -2   0  -3  -2   2  -2  -3  -2   0  -1  -3  -2  -3    0  88   0   0   2   0   0   0   2   0   0   0   0   0   0   8   0   0   0   0  0.69 0.03
  527 V     0  -3  -3  -3  -1  -2  -3  -3  -3   2   1  -2   1  -1  -3  -2   0  -3  -1   4    7   0   0   0   0   0   0   0   0   1   0   0   0   0   0   0   0   0   0  92  0.37 0.03
  528 V     0  -3  -3  -4  -1  -2  -3  -4  -3   3   2  -3   1  -1  -3  -2   0  -3  -1   4    0   0   0   0   0   0   0   0   0   2  13   0   0   0   0   0   0   0   0  85  0.38 0.02
  529 P     0  -2  -2  -2  -3  -1  -1  -2  -2  -3  -2  -1  -2  -3   8  -1  -1  -4  -3  -2    4   0   0   0   0   2   0   0   0   0   5   0   0   0  88   0   0   0   0   0  1.74 0.03
  530 V     0  -3  -3  -4  -1  -3  -3  -4  -4   3   1  -3   1  -1  -3  -2   0  -3  -1   4    0   0   0   0   0   0   0   0   0   0   0   0   0   0   0   0   0   0   0 100  0.43 0.03
  531 P    -1  -2  -2  -2  -3  -2  -1  -2  -3  -3  -3  -1  -3  -4   8  -1  -1  -4  -3  -3    0   0   0   0   0   0   0   0   0   0   0   0   0   0 100   0   0   0   0   0  2.12 0.04

                      K         Lambda
Standard Ungapped    0.1346     0.3186
Standard Gapped      0.0443     0.2670
PSI Ungapped         0.1448     0.3173
PSI Gapped           0.0443     0.2670
