
Last position-specific scoring matrix computed, weighted observed percentages rounded down, information per position, and relative weight of gapless real matches to pseudocounts
            A   R   N   D   C   Q   E   G   H   I   L   K   M   F   P   S   T   W   Y   V   A   R   N   D   C   Q   E   G   H   I   L   K   M   F   P   S   T   W   Y   V
    1 M    -1  -2  -3  -4  -2  -1  -3  -3  -2   1   2  -2   7   0  -3  -2  -1  -2  -1   1    0   0   0   0   0   0   0   0   0   0   0   0  91   0   0   0   0   0   0   9  0.62 0.07
    2 A     3  -1   0  -1  -1  -1  -1   0  -2  -2  -1  -1  -1  -2  -1   3   1  -3  -2  -1   42   0   0   0   0   0   0   0   0   0   5   0   0   0   0  53   0   0   0   0  0.37 0.04
    3 S     0   0   2   3  -2   0   0   1  -1  -2  -2   0   0  -3  -2   2   1  -3  -2  -2    3   3   9  25   0   3   3   9   0   0   0   0   8   0   0  31   5   0   0   0  0.27 0.02
    4 N     1   0   1   0  -2   2   0  -1  -1  -2  -2   1  -1  -3  -1   2   3  -3  -2  -2   10   4   8   3   0  18   0   2   0   0   0   9   0   0   0  17  29   0   0   0  0.27 0.04
    5 E    -1  -1  -1   3  -4   1   6  -3  -1  -4  -4   0  -3  -4  -2  -1  -2  -4  -3  -3    1   0   0  21   0   1  77   0   0   0   0   0   0   0   0   0   0   0   0   0  0.92 0.11
    6 V     0  -1  -1  -2  -2   4   0  -2  -1   0  -1   0  -1  -2  -2   1   2  -3  -2   2    1   1   0   0   0  37   0   0   1   2   0   1   0   2   0  11  14   0   0  30  0.26 0.07
    7 L    -2  -3  -4  -4  -2  -2  -3  -4  -3   1   5  -3   4   0  -4  -3  -2  -2  -2   0    0   0   0   0   0   0   0   0   0   0  83   0  17   0   0   0   0   0   0   0  0.67 0.10
    8 V    -1  -2  -2  -3  -1  -2  -3  -3  -2   3   0  -2   1  -1  -3  -1   2  -3  -2   4    1   2   1   0   0   1   0   0   1  21   0   0   2   0   0   2  17   0   0  52  0.33 0.07
    9 L    -2  -3  -4  -4  -2  -2  -3  -4  -1   1   4  -3   2   1  -4  -3  -2  -2   1   0    0   0   0   0   0   1   1   0   2   1  83   0   3   2   0   0   0   0   5   2  0.55 0.09
   10 R    -2   7  -1  -2  -4   0  -1  -3  -1  -4  -2   3  -2  -4  -3  -1  -2  -4  -3  -3    0  88   0   0   0   0   0   0   0   0   2  11   0   0   0   0   0   0   0   0  1.06 0.13
   11 G    -1  -3  -1  -2  -3  -3  -3   7  -3  -5  -5  -2  -4  -4  -3  -1  -2  -3  -4  -4    0   0   0   0   0   0   0 100   0   0   0   0   0   0   0   0   0   0   0   0  1.41 0.13
   12 T    -1  -2  -1  -2  -2  -1  -1  -2  -2  -1  -2  -1  -1  -3  -2   1   6  -3  -2  -1    1   0   0   0   0   1   2   0   0   0   1   0   0   0   0   6  88   0   0   2  0.76 0.13
   13 L    -2  -3  -4  -3  -2  -3  -4  -4  -4   1   5  -3   2   0  -4  -3  -2  -2  -2   0    0   0   0   1   0   0   0   0   0   0  97   0   2   0   0   0   0   0   0   0  0.73 0.11
   14 E    -1   0  -1   1  -4   2   5  -2  -1  -3  -3   2  -2  -4  -1   0   0  -4  -3  -2    4   0   0   1   0   3  66   0   0   0   0  20   0   0   1   1   3   0   0   2  0.65 0.09
   15 G     0  -3  -1  -2  -3  -3  -3   6  -3  -5  -5  -2  -4  -4  -3  -1  -2  -3  -4  -4    1   0   0   0   0   0   0  98   0   0   0   0   0   0   0   1   0   0   0   0  1.38 0.12
   16 H    -3  -1   0  -2  -4  -1  -1  -3  10  -4  -4  -2  -3  -2  -3  -2  -3  -4   1  -4    0   0   0   0   0   0   0   0 100   0   0   0   0   0   0   0   0   0   0   0  1.77 0.19
   17 N     0   0   5   0  -3  -1  -1   1  -1  -3  -4   1  -2  -3  -2   2   0  -4  -3  -3    2   1  49   0   0   0   0   8   0   0   0   8   0   0   0  28   4   0   0   0  0.51 0.08
   18 G    -1  -3   1   0  -3  -2  -2   6  -2  -4  -4  -2  -3  -4  -3  -1  -2  -3  -4  -4    0   0  10   4   0   0   0  86   0   0   0   0   0   0   0   0   0   0   0   0  1.10 0.10
   19 W    -3  -4  -5  -4  -4  -3  -4  -4  -4  -4  -3  -4  -3   0  -5  -4  -4  12   1  -4    1   0   0   1   0   0   0   0   0   0   0   0   0   0   0   0   0  97   0   0  3.12 0.21
   20 V    -1  -3  -4  -4  -2  -3  -3  -4  -4   2   0  -3   0  -2  -3  -2  -1  -4  -2   5    0   0   0   0   0   0   0   0   0   3   0   0   0   0   0   0   0   0   0  96  0.71 0.12
   21 T    -1  -2  -1  -2  -2  -1  -2  -2  -3  -2  -2  -1  -1  -3  -2   1   6  -3  -2  -1    0   0   1   0   0   0   0   0   0   0   0   0   0   0   0   0  98   0   0   0  0.92 0.14
   22 S     2  -1  -1  -1   3   1  -1  -1  -2  -3  -3  -1  -2  -3  -2   4   0  -3  -2  -2   28   0   0   0   9  11   0   0   0   0   0   0   0   0   0  52   0   0   0   0  0.42 0.08
   23 L    -2  -3  -4  -4  -2  -3  -4  -4  -3   3   4  -3   1   0  -3  -3  -2  -2  -1   1    0   0   0   0   0   0   0   0   0  32  66   0   0   0   0   0   0   0   1   1  0.55 0.08
   24 A     5  -2  -2  -2  -1  -1  -2  -1  -2  -2  -2  -1  -2  -3  -2   1  -1  -3  -3  -1   95   0   0   0   0   0   0   0   0   0   0   0   0   0   0   4   0   0   0   0  0.70 0.12
   25 T    -1  -2  -1  -2  -2  -2  -2  -2  -3  -2  -2  -2  -1  -2  -2   1   6  -3  -2  -1    0   0   0   0   0   0   0   0   0   0   0   0   0   1   0   0  98   0   0   0  0.91 0.14
   26 S     0  -2   0  -1  -2  -1  -1  -1  -2  -2  -3  -1  -2  -3  -2   4   4  -3  -2  -2    0   0   1   0   0   0   0   0   0   0   0   0   0   0   0  57  41   0   0   0  0.59 0.10
   27 A     1  -2  -1  -1  -2   1  -1  -2  -2  -1   1  -1   1  -2   5   1  -1  -3  -2  -1   16   0   1   1   0   8   1   0   0   1  19   0   6   0  34  13   0   0   0   0  0.48 0.06
   28 G     1  -1  -1   0  -2   2   4   0  -1  -3  -3   0  -2  -3  -2   0   0  -3  -2  -2   17   0   0   0   0   9  55   6   0   0   0   0   1   0   0   5   3   0   0   3  0.45 0.07
   29 Q     0   0   5   0  -3   2   0  -1   2  -3  -3   0  -2   0  -2   0  -1  -3   0  -2    7   1  48   2   0  17   0   0   7   0   0   3   0   5   0   4   0   0   4   1  0.42 0.07
   30 P    -2  -3  -3  -2  -4  -2  -2  -3  -2  -4  -4  -2  -3  -5   8  -2  -2  -5  -4  -3    0   0   0   0   0   0   0   0   1   0   0   0   0   0  98   0   0   0   0   0  2.34 0.16
   31 N    -2  -2   5   5  -4  -1   0  -1  -1  -4  -4  -1  -3  -4  -2   0  -1  -5  -3  -4    0   0  41  57   0   0   0   2   0   0   0   0   0   0   0   0   0   0   0   0  0.93 0.11
   32 L    -2  -2  -3  -4  -2  -2  -3  -4  -3   2   3  -2   7  -1  -3  -2  -1  -2  -2   0    0   0   0   0   0   0   0   0   0   7  34   0  56   0   0   0   2   0   0   1  0.63 0.11
   33 L    -2  -3  -4  -4  -2  -3  -3  -4  -3   3   4  -3   1   0  -3  -3  -2  -2  -2   2    0   0   0   0   0   0   0   0   0  16  74   0   0   0   0   0   0   0   0   9  0.55 0.08
   34 L    -2  -3  -4  -4  -2  -3  -4  -4  -4   1   5  -3   1   0  -4  -3  -2  -2  -2   1    0   0   0   0   0   0   0   0   0   1  93   0   0   0   0   0   0   0   0   5  0.70 0.10
   35 S     0  -2   0  -1  -2  -1  -1  -1  -2  -3  -3  -1  -2  -3  -2   5   1  -4  -3  -2    0   0   0   0   0   0   0   0   0   0   0   0   0   0   0  93   6   0   0   0  0.77 0.13
   36 A     4  -2  -1  -2  -2  -2  -2   4  -2  -3  -3  -2  -2  -3  -2   1  -1  -3  -3  -2   58   0   0   0   0   0   0  36   0   0   0   0   0   0   0   5   0   0   0   0  0.58 0.08
   37 S     0  -2   0  -1  -2  -1  -1  -1  -2  -3  -3  -1  -2  -3  -2   6   1  -4  -3  -3    0   0   0   0   0   0   0   0   0   0   0   0   0   0   0  99   0   0   0   0  0.84 0.14
   38 R    -2   7  -1  -3  -3   0  -1  -3  -1  -4  -3   1  -2  -4  -3  -2  -2  -4  -3  -4    0  99   0   0   1   0   0   0   0   0   0   0   0   0   0   0   0   0   0   0  1.26 0.15
   39 D    -3  -3   1   7  -5  -1   1  -2  -2  -4  -5  -2  -4  -5  -2  -1  -2  -5  -4  -4    0   0   0 100   0   0   0   0   0   0   0   0   0   0   0   0   0   0   0   0  1.43 0.15
   40 K    -2   2  -1  -2  -4   1   0  -2  -2  -4  -3   6  -2  -4  -2  -1  -2  -4  -3  -3    0   1   0   0   0   1   0   1   0   0   0  97   0   0   0   0   0   0   0   0  0.95 0.14
   41 T     0  -2  -1  -2  -2  -1  -1  -2  -2  -2  -2  -1  -2  -3  -2   3   5  -3  -2  -1    0   0   0   0   0   0   1   0   0   0   0   1   0   0   0  27  72   0   0   0  0.68 0.11
   42 L    -2  -3  -4  -4  -2  -3  -4  -4  -4   3   4  -3   1   0  -4  -3  -2  -3  -2   1    0   0   0   0   0   0   0   0   0  24  71   0   0   0   0   0   0   0   0   4  0.58 0.08
   43 I    -2  -4  -4  -4  -2  -3  -4  -5  -4   6   1  -4   0  -1  -4  -3  -1  -3  -2   2    0   0   0   0   0   1   0   0   0  96   2   0   0   1   0   0   0   0   0   1  0.80 0.13
   44 S     0  -1  -2  -3  -1  -2  -2  -3  -3   3   0  -2   2  -1  -3   0   2  -3  -2   3    3   3   0   0   0   0   0   0   0  27   0   1   9   0   0   6  15   0   0  35  0.25 0.05
   45 W    -4  -4  -5  -6  -4  -3  -4  -4  -4  -4  -3  -4  -3   0  -5  -4  -4  12   1  -4    0   0   0   0   0   0   0   0   0   0   0   0   0   0   0   0   0 100   0   0  3.31 0.23
   46 K    -2   1   4   1  -4   2   0  -2   2  -4  -3   3  -2  -4  -2   0  -1  -4  -2  -3    0   3  36   4   0  10   1   0   7   0   0  37   0   0   0   2   0   0   0   0  0.50 0.08
   47 L    -2  -3  -4  -5  -2  -3  -4  -5  -4   1   5  -3   1   0  -4  -3  -2  -2  -2   0    0   0   0   0   0   0   0   0   0   0 100   0   0   0   0   0   0   0   0   0  0.79 0.11
   48 T    -1  -2  -1  -2  -2  -2  -2  -2  -3  -1  -2  -2  -2  -3  -2   1   6  -3  -3  -1    0   0   0   0   0   0   0   0   0   1   0   0   0   0   0   3  96   0   0   0  0.91 0.14
   49 G    -1   6  -1  -2  -4   0  -1   3  -1  -4  -3   1  -2  -4  -1  -1  -2  -3  -3  -3    1  72   0   0   0   0   0  24   0   0   0   1   0   0   2   0   0   0   0   0  0.80 0.11
   50 D    -2  -2   1   6  -4   0   3  -1  -2  -4  -4  -1  -4  -4  -2  -1  -2  -5  -4  -4    0   0   4  76   0   1  16   3   0   0   0   0   0   0   0   1   0   0   0   0  1.01 0.11
   51 D    -2  -1   0   5  -4   0   5  -2  -1  -4  -4   0  -3  -4  -2  -1  -2  -4  -3  -4    0   0   0  47   0   0  52   1   0   0   0   0   0   0   0   0   0   0   0   0  0.92 0.11
   52 Q     0  -1   1   0  -2   3   1  -1   0  -1  -2   0  -1  -3  -2   1   3  -3  -2  -1    3   1   9   3   0  23   7   2   2   1   1   0   1   0   0  10  30   0   0   6  0.25 0.05
   53 K     1   0   4   0  -3   3   0  -1   0  -3  -3   0  -2  -3  -2   2   0  -3  -2  -3   11   0  32   1   0  28   2   2   1   0   0   3   0   0   0  19   2   0   0   0  0.42 0.07
   54 F    -3  -3  -3  -4  -2  -2  -3  -4   1  -2  -2  -3  -2   3  -4  -3  -3   1   8  -2    0   0   0   0   1   0   0   0   1   0   0   0   0   5   0   0   0   0  93   0  1.46 0.16
   55 G    -1  -3  -1  -2  -3  -3  -3   7  -3  -5  -5  -2  -4  -4  -3  -1  -2  -3  -4  -4    0   0   0   0   0   0   0 100   0   0   0   0   0   0   0   0   0   0   0   0  1.43 0.13
   56 V    -1  -3  -3  -4  -2  -2  -3  -4  -1   2   0  -2   0   0  -3  -2  -1  -1   4   4    0   0   0   0   0   1   0   0   1  13   1   1   0   1   0   0   1   0  22  59  0.43 0.08
   57 P     0  -3  -3  -2  -4  -2  -2  -3  -3  -4  -4  -2  -3  -5   8  -2  -2  -5  -4  -3    7   0   0   0   0   0   0   0   0   0   0   0   0   0  93   0   0   0   0   0  2.17 0.15
   58 V    -1   3  -1  -2  -3   2   0  -2  -1  -2  -2   4  -1  -2  -2  -1  -1  -3  -1   0    0  17   0   0   0  12   0   0   1   0   0  57   0   2   0   0   0   0   1  11  0.47 0.08
   59 R    -2   6  -1  -2  -4   1   0  -3  -1  -4  -3   4  -2  -4  -2  -1  -2  -4  -3  -3    0  63   0   0   0   0   0   0   0   0   0  37   0   0   0   0   0   0   0   0  0.89 0.11
   60 S     1  -1   0  -1   1  -1  -1  -1  -2  -1  -3  -1  -2  -3  -2   5   1  -4  -2  -2   10   2   0   0   2   0   0   0   0   6   0   0   0   0   0  80   0   0   0   0  0.55 0.11
   61 F    -2  -3  -4  -4  -2  -3  -4  -4  -3   1   4  -3   1   4  -4  -3  -2  -1   0   0    0   0   0   0   0   0   0   0   0   0  74   0   0  26   0   0   0   0   0   0  0.63 0.09
   62 K    -2   2   0  -2  -2   1   0  -2   5  -1  -1   3  -1  -2  -2  -1   1  -3  -1  -2    0  12   2   0   1   2   2   0  31   3   4  29   0   0   0   0  11   0   0   2  0.36 0.07
   63 G    -1  -3  -1  -2  -3  -3  -3   7  -3  -5  -5  -2  -4  -4  -3  -1  -2  -3  -4  -4    0   0   0   0   0   0   0 100   0   0   0   0   0   0   0   0   0   0   0   0  1.43 0.13
   64 H    -3  -1   0  -2  -4  -1  -1  -3  10  -4  -4  -2  -3  -2  -3  -2  -3  -4   1  -4    0   0   0   0   0   0   0   0 100   0   0   0   0   0   0   0   0   0   0   0  1.79 0.19
   65 S     0  -1   4   0  -2  -1  -1   0  -1  -3  -4  -1  -2  -3  -2   4   0  -4  -3  -3    1   0  28   0   0   0   1   3   0   0   0   0   0   0   0  67   0   0   0   0  0.61 0.11
   66 H    -3  -1   0  -2  -4  -1  -1  -3  10  -4  -4  -2  -3  -2  -3  -2  -3  -4   1  -4    0   0   0   1   0   0   0   0  98   0   0   0   0   0   0   1   0   0   0   0  1.72 0.18
   67 I    -2  -4  -4  -4  -2  -4  -4  -4  -3   5   1  -4   0   5  -4  -3  -2  -2   0   1    1   0   0   0   0   0   0   0   0  64   0   0   0  35   0   0   0   0   0   0  0.62 0.10
   68 V    -1  -3  -4  -4  -2  -3  -3  -4  -4   3   0  -3   0  -1  -3  -2  -1  -4  -2   5    0   0   0   0   0   0   0   0   0  10   0   0   0   0   0   0   0   0   0  90  0.70 0.11
   69 Q     0   0   0  -1  -2   5   1  -2  -1  -3  -3   0  -2  -4  -2   4   0  -3  -2  -3    0   0   0   0   0  43   6   0   0   0   0   0   0   0   0  51   0   0   0   0  0.60 0.11
   70 D    -3  -3   1   7  -4  -1   1  -2  -2  -4  -5  -2  -4  -5  -2  -1  -2  -5  -4  -4    0   0   0  99   0   0   0   0   0   0   0   0   0   0   0   1   0   0   0   0  1.40 0.15
   71 C     0  -4  -4  -4   7  -3  -4  -3  -4   1   0  -3  -1  -2  -3  -2  -1  -3  -2   3    4   0   0   0  43   0   0   0   0   6   1   0   0   0   0   0   0   0   0  46  0.76 0.10
   72 T     1  -2  -2  -3   0  -2  -2  -2  -3   1   0  -2   0  -2  -2  -1   2  -3  -2   4   17   0   0   0   2   0   0   0   0   0   0   0   0   0   0   0  23   0   0  56  0.33 0.08
   73 L    -2  -3  -4  -4  -2  -3  -4  -4  -4   5   2  -3   1  -1  -3  -3  -1  -3  -2   2    0   0   0   0   0   0   0   0   0  80  10   0   3   0   0   0   0   0   0   5  0.62 0.10
   74 T     0  -2   0  -1  -2  -1  -1  -1  -2  -3  -3  -1  -2  -3  -2   5   2  -3  -2  -2    0   0   0   0   0   0   0   0   0   0   0   0   0   0   0  87  11   0   0   0  0.71 0.12
   75 A     2  -1   0  -1  -2   0   0  -1   0  -3  -3  -1  -2  -3   1   4   1  -3  -2  -2   20   0   2   0   0   1   2   0   2   0   0   0   0   0   7  64   1   0   0   1  0.47 0.09
   76 D    -3  -2   1   7  -4  -1   1  -2  -2  -4  -4  -2  -4  -4  -2  -1  -2  -5  -4  -4    0   0   0  97   0   0   0   0   0   0   0   0   0   0   0   0   0   0   0   0  1.33 0.14
   77 G    -1  -3  -1  -2  -3  -3  -3   6  -3  -4  -4  -2  -3  -4  -3  -1  -2  -3  -4  -4    0   0   0   0   0   0   0  97   0   0   0   0   0   0   0   0   0   0   0   0  1.33 0.12
   78 A     3  -1  -1  -2  -2   4   0  -1  -1  -2  -1   0   0  -3  -2   0  -1  -3  -2  -1   48   0   0   0   0  36   1   0   0   0   4   4   2   0   0   2   0   0   0   0  0.38 0.08
   79 Y    -3  -3  -3  -4  -3  -3  -3  -4   0  -2  -1  -3  -1   6  -4  -3  -3   1   7  -2    0   0   0   0   0   0   0   0   0   0   0   0   0  41   0   0   0   0  56   0  1.07 0.12
   80 A     5  -2  -2  -2  -1  -2  -2  -1  -2  -2  -2  -1  -2  -3  -2   0  -1  -3  -3  -1   96   0   0   0   0   0   0   0   0   0   0   0   0   0   0   0   0   0   0   1  0.71 0.12
   81 L    -2  -3  -4  -4  -2  -3  -3  -4  -3   1   5  -3   2   0  -3  -3  -2  -2  -2   0    0   0   0   0   0   0   0   0   0   5  90   0   1   1   0   0   0   0   0   0  0.65 0.10
   82 S     0  -2   0  -1  -2  -1  -1  -1  -2  -3  -3  -1  -2  -3  -2   6   1  -4  -3  -2    0   0   0   0   0   0   0   0   0   0   0   0   0   0   0  97   0   0   0   0  0.80 0.14
   83 A     4  -2  -2  -2  -1  -1  -1   2  -2  -2  -2  -1  -2  -3  -2   2  -1  -3  -2  -1   68   0   0   0   0   0   0  16   0   0   1   0   0   0   0  12   0   0   0   0  0.48 0.08
   84 S     0  -2   0  -1  -2  -1  -1  -1  -2  -3  -3  -1  -2  -3  -2   6   1  -4  -3  -2    1   0   0   0   0   0   0   0   0   0   0   0   0   0   0  98   0   0   0   0  0.82 0.14
   85 W    -4  -4  -5  -5  -4  -3  -4  -4  -4  -4  -3  -4  -3   0  -5  -4  -4  12   1  -4    0   0   0   0   0   0   0   0   0   0   0   0   0   0   0   0   0  98   0   0  3.20 0.22
   86 D    -3  -2   1   7  -4  -1   1  -2  -2  -4  -4  -2  -4  -4  -2  -1  -2  -5  -4  -4    0   0   0  98   0   0   0   0   0   0   0   0   0   0   0   0   0   0   0   0  1.37 0.14
   87 K    -1   3   0  -1  -4   1   0  -1   1  -3  -3   5  -2  -4  -2   0  -1  -4  -2  -3    1  10   1   0   0   1   0   5   5   0   0  74   0   0   0   2   0   0   0   0  0.62 0.10
   88 T    -1  -2   0  -2  -2  -1  -2  -2  -3  -2  -2  -1  -2  -3  -2   1   6  -3  -3  -1    0   0   1   0   0   0   0   0   0   0   0   0   0   0   0   6  94   0   0   0  0.88 0.14
   89 L    -2  -3  -4  -4  -2  -3  -4  -5  -4   1   5  -3   2   0  -4  -3  -2  -2  -2   0    0   0   0   0   0   0   0   0   0   1  97   0   1   0   0   0   0   0   0   1  0.76 0.11
   90 R    -2   7  -1  -3  -4   0  -1  -3  -1  -4  -3   1  -2  -4  -3  -2  -2  -4  -3  -4    0 100   0   0   0   0   0   0   0   0   0   0   0   0   0   0   0   0   0   0  1.28 0.15
   91 L    -2  -3  -4  -5  -2  -3  -4  -5  -4   1   5  -3   1   0  -4  -3  -2  -2  -2   0    0   0   0   0   0   0   0   0   0   0 100   0   0   0   0   0   0   0   0   0  0.79 0.11
   92 W    -4  -4  -5  -6  -4  -3  -4  -4  -2  -4  -3  -4  -3   0  -5  -4  -4  12   1  -4    0   0   0   0   0   0   0   0   1   0   0   0   0   0   0   0   0  99   0   0  3.27 0.23
   93 D    -2  -2   2   6  -4   0   4  -2  -1  -4  -4  -1  -3  -4  -2  -1  -2  -5  -3  -4    0   0   7  61   0   0  31   0   0   0   0   0   0   0   0   0   0   0   0   0  0.92 0.10
   94 V    -2  -3  -4  -4  -2  -3  -4  -4  -4   1   5  -3   1   0  -4  -3  -2  -2  -2   1    0   0   0   0   0   0   0   0   0   2  92   0   0   0   0   0   0   0   0   6  0.70 0.10
   95 A     2  -1   3   0  -2   0   2  -1   0  -3  -3   0  -2  -3  -2   2   1  -3  -2  -2   19   0  25   0   0   2  17   0   1   0   0   2   0   0   0  29   5   0   0   0  0.35 0.06
   96 T     0  -2   0   0  -2  -1  -1  -2  -2  -2  -2  -1  -2  -3  -2   2   5  -3  -2  -1    2   0   2   3   0   0   0   0   0   0   2   0   0   0   0  22  69   0   0   0  0.59 0.10
   97 G    -1  -3  -1  -2  -3  -3  -3   7  -3  -5  -5  -2  -4  -4  -3  -1  -2  -3  -4  -4    0   0   0   0   0   0   0 100   0   0   0   0   0   0   0   0   0   0   0   0  1.43 0.13
   98 E     0   0   1   0  -2   2   3  -2  -1  -1  -1   1  -1  -3  -2   0   2  -3  -2   0    7   1   8   0   1  11  26   0   0   1   3  12   1   0   0   2  19   0   0   9  0.22 0.04
   99 T    -1  -2  -1  -2   4  -2  -2  -2  -3  -2  -2  -2  -2  -3  -2   1   6  -3  -3  -1    0   0   0   0  13   0   0   0   0   0   0   0   0   0   0   7  79   0   0   0  0.74 0.12
  100 Y    -1  -2  -1  -2  -2  -2  -2  -3  -2   0  -1  -2  -1  -2  -2   1   6  -3   1  -1    1   0   0   0   0   0   0   0   0   5   4   0   0   0   0   2  81   0   6   0  0.62 0.12
  101 Q    -2   6  -1  -2  -4   3   0  -3   0  -3  -3   3  -2  -4  -2  -1  -2  -3  -2  -3    0  66   0   0   0  16   0   0   1   2   0  14   0   0   0   0   0   0   0   0  0.79 0.10
  102 R    -2   6  -1  -2  -4   2  -1  -3  -1  -3  -3   1  -2  -4  -3  -1   1  -3  -2  -3    0  80   1   0   0   8   0   0   0   0   1   0   0   0   0   0  10   0   0   0  0.89 0.12
  103 F    -3  -4  -4  -5  -3  -4  -4  -4  -2  -1   0  -4  -1   8  -5  -3  -3   0   2  -2    0   0   0   0   0   0   0   0   0   0   0   0   0 100   0   0   0   0   0   0  1.40 0.15
  104 V    -1  -3  -2  -2  -1  -3  -3  -4  -4   2   0  -3   0  -2  -3  -2   0  -4  -1   5    0   1   1   2   1   0   0   0   0   2   1   0   0   0   0   0   2   0   1  88  0.57 0.11
  105 G    -1  -3  -1  -2  -3  -3  -3   7  -3  -5  -5  -2  -4  -4  -3  -1  -2  -3  -4  -4    0   0   0   1   0   0   0  99   0   0   0   0   0   0   0   0   0   0   0   0  1.40 0.13
  106 H    -3  -1   0  -2  -4  -1  -1  -3  10  -4  -4  -2  -3  -2  -3  -2  -3  -4   1  -4    0   0   0   0   0   0   0   0 100   0   0   0   0   0   0   0   0   0   0   0  1.79 0.19
  107 K    -1  -1   1   0  -2   0   0  -1  -2  -2  -2   1  -2  -3  -2   1   5  -3  -2  -1    0   0   5   5   0   1   5   2   0   0   0  14   0   0   0   4  65   0   0   0  0.46 0.09
  108 S    -1  -1   4   0  -3  -1  -1   3  -1  -4  -4   1  -3  -4  -2   2  -1  -4  -3  -3    1   0  36   0   0   0   0  29   0   0   0  14   0   0   0  20   0   0   0   0  0.50 0.07
  109 D    -3  -3   1   7  -5  -1   1  -2  -2  -4  -5  -2  -4  -5  -2  -1  -2  -5  -4  -4    0   0   0 100   0   0   0   0   0   0   0   0   0   0   0   0   0   0   0   0  1.43 0.15
  110 V    -1  -3  -4  -4  -2  -3  -3  -4  -4   2   0  -3   0  -2  -3  -3  -1  -4  -2   6    0   0   0   0   0   0   0   0   0   3   0   0   0   0   0   0   0   0   0  97  0.75 0.13
  111 M    -2  -3  -4  -4  -2  -2  -3  -4  -3   1   5  -3   4   0  -4  -3  -1  -2  -2   0    0   0   0   0   0   0   0   0   0   1  83   0  15   0   0   0   1   0   0   0  0.66 0.10
  112 S     0  -2   0  -1  -2  -1  -1  -1  -2  -3  -3  -1  -2  -3  -2   6   1  -4  -3  -3    0   0   0   0   0   0   0   0   0   0   0   0   0   0   0  99   1   0   0   0  0.85 0.14
  113 V    -1  -3  -4  -4   0  -3  -3  -4  -4   2   0  -3   0  -2  -3  -2  -1  -4  -2   6    0   0   0   0   1   0   0   0   0   0   0   0   0   0   0   0   0   0   0  99  0.75 0.13
  114 D     2  -2   0   0  -2  -1  -1  -1  -2  -3  -3  -1  -2  -3  -2   5   1  -4  -2  -2   17   0   0   3   0   0   0   0   0   0   0   0   0   0   0  78   2   0   0   0  0.61 0.11
  115 I    -3  -4  -4  -4  -3  -4  -4  -4  -3   3   0  -4   0   7  -4  -3  -2   0   2   0    0   0   0   0   0   0   0   0   0  31   0   0   0  69   0   0   0   0   0   0  0.85 0.11
  116 D     2  -2   0   2  -2  -1  -1  -1  -2  -3  -3  -1  -2  -3  -2   4   0  -4  -3  -2   19   0   0  11   0   0   0   0   0   0   0   0   0   0   0  70   0   0   0   0  0.55 0.10
  117 K     4   0  -1  -2  -2   0  -1  -1  -2  -2  -2   2  -2  -3   3   0  -1  -3  -2  -1   56   5   1   0   0   1   0   0   0   0   0  18   0   0  14   3   0   0   0   1  0.41 0.07
  118 K    -2  -1   3   6  -4  -1   1  -1  -1  -4  -4   0  -3  -4  -2  -1  -1  -5  -4  -4    0   3  19  70   0   0   0   2   0   0   0   6   0   0   0   0   0   0   0   0  0.91 0.10
  119 A     0  -1   6   0  -3  -1  -1  -1  -1  -2   0  -1  -2  -3  -3   1  -1  -4  -3  -2   11   0  69   0   0   0   0   0   0   0  13   0   0   0   0   7   0   0   0   0  0.62 0.10
  120 S    -2   7  -1  -2  -4   0  -1  -3  -1  -4  -3   1  -2  -4  -3   0  -1  -4  -3  -3    0  89   0   0   0   0   0   0   0   0   0   0   0   0   0   8   3   0   0   0  1.03 0.13
  121 M    -2   0  -1  -1  -4   7   1  -3  -1  -3  -3   1   1  -4  -2  -1  -2  -3  -2  -3    0   0   0   0   0  92   0   0   0   0   0   1   6   0   0   0   0   0   0   0  1.10 0.16
  122 I    -2  -4  -4  -4  -2  -4  -4  -5  -4   6   1  -4   0  -1  -4  -3  -2  -4  -2   2    0   0   0   0   0   0   0   0   0  99   0   0   0   0   0   0   0   0   0   1  0.86 0.13
  123 I    -1  -3  -4  -4  -2  -3  -3  -4  -4   3   0  -3   0  -2  -3  -2  -1  -4  -2   5    0   0   0   0   0   0   0   0   0   7   0   0   0   0   0   0   0   0   0  93  0.72 0.12
  124 S     0  -2   0  -1  -2  -1  -1  -1  -2  -3  -3  -1  -2  -3  -2   6   1  -4  -3  -3    0   0   0   0   0   0   0   0   0   0   0   0   0   0   0 100   0   0   0   0  0.86 0.14
  125 G     3  -3  -1  -2  -2  -2  -2   5  -3  -3  -3  -2  -3  -4  -2   0  -2  -3  -3  -2   33   0   0   0   0   0   0  65   0   0   0   0   0   0   0   1   0   0   0   0  0.83 0.09
  126 S     0  -2   0  -1  -2  -1  -1   0  -2  -3  -3  -1  -2  -3  -2   5   1  -4  -3  -3    1   0   0   0   0   0   0   3   0   0   0   0   0   0   0  96   0   0   0   0  0.79 0.14
  127 R    -2   7  -1  -3  -4   0  -1  -3  -1  -4  -3   1  -2  -4  -3  -2  -2  -4  -3  -4    0 100   0   0   0   0   0   0   0   0   0   0   0   0   0   0   0   0   0   0  1.28 0.15
  128 D    -3  -3   1   7  -5  -1   1  -2  -2  -4  -5  -2  -4  -5  -2  -1  -2  -5  -4  -4    0   0   0 100   0   0   0   0   0   0   0   0   0   0   0   0   0   0   0   0  1.43 0.15
  129 K    -2   5  -1  -2  -4   1   0  -3  -1  -4  -3   5  -2  -4  -2  -1  -2  -4  -3  -3    0  38   0   0   0   0   0   0   0   0   0  62   0   0   0   0   0   0   0   0  0.81 0.11
  130 T     0  -2  -1  -2  -2  -1  -1  -2  -2  -2  -2  -1  -2  -3  -2   2   6  -3  -2  -1    0   0   0   0   0   2   0   0   0   0   0   0   0   0   0  19  79   0   0   0  0.72 0.12
  131 I    -2  -4  -4  -4  -2  -3  -4  -4  -4   5   1  -3   1  -1  -3  -3  -1  -3  -2   3    0   0   0   0   0   0   0   0   0  74   0   0   0   0   0   0   0   0   0  26  0.67 0.10
  132 K    -2   2  -1  -2  -4   1   0  -2  -2  -4  -3   6  -2  -4  -2  -1  -2  -4  -3  -3    0   1   0   0   0   0   0   0   0   0   0  99   0   0   0   0   0   0   0   0  0.98 0.14
  133 V    -2  -3  -4  -4  -2  -3  -3  -4  -4   2   4  -3   1   0  -3  -3  -1  -3  -2   3    0   0   0   0   0   0   0   0   0   2  66   0   0   0   0   0   0   0   0  33  0.53 0.08
  134 W    -4  -4  -5  -6  -4  -3  -4  -4  -4  -4  -3  -4  -3   0  -5  -4  -4  12   1  -4    0   0   0   0   0   0   0   0   0   0   0   0   0   0   0   0   0 100   0   0  3.31 0.23
  135 T    -2  -1   7   0  -4  -1  -1  -1   0  -4  -4  -1  -3  -4  -3   0   1  -5  -3  -4    0   0  94   0   0   0   0   0   0   0   0   0   0   0   0   0   6   0   0   0  1.17 0.15
  136 I    -1  -2  -1  -2  -2  -2  -2  -3  -3   0  -2  -2  -1  -3  -2   1   6  -3  -2   0    2   0   0   0   0   0   0   0   0   8   0   0   0   0   0   0  89   0   0   1  0.77 0.13
  137 K    -2  -2  -4  -4  -2  -2  -3  -4  -3   3   4  -1   1   0  -3  -3  -2  -3  -2   1    0   0   0   0   0   0   0   0   0  23  68   6   0   0   0   0   0   0   0   3  0.48 0.08
  138 G     0  -3  -1  -2  -3  -3  -3   7  -3  -5  -5  -2  -4  -4  -3  -1  -2  -3  -4  -4    1   0   0   0   0   0   0  99   0   0   0   0   0   0   0   0   0   0   0   0  1.40 0.13
  139 Q    -1  -1   0   4  -4   1   4  -2  -1  -2  -2   0  -2  -3  -2  -1  -1  -4  -3  -1    1   0   0  36   0   6  44   0   0   1   2   1   0   0   0   0   2   0   0   8  0.58 0.08
  140 C    -1  -5  -4  -5  10  -4  -5  -4  -4  -2  -2  -4  -3  -4  -4  -2  -2  -4  -4  -2    0   0   0   0 100   0   0   0   0   0   0   0   0   0   0   0   0   0   0   0  2.20 0.19
  141 L    -1   1  -1  -2  -3   0   0  -3  -2  -2   0   5   4  -3  -2  -1  -1  -3  -2  -1    0   0   0   0   0   0   0   0   0   0   6  71  20   0   0   0   0   0   0   3  0.53 0.11
  142 A     0  -2  -2  -3  -3   0  -1  -3   1  -1  -1  -2  -1   4  -3  -1  -2   0   6  -1   11   0   1   0   0   7   3   0   3   0   0   1   0  29   0   1   0   0  40   5  0.51 0.08
  143 T    -1  -2   3   0  -2  -1  -1  -2  -2  -2  -2  -1  -2  -3  -2   1   5  -4  -3  -1    0   0  18   5   0   1   0   0   0   0   0   0   0   0   0   0  75   0   0   1  0.65 0.11
  144 L    -2  -3  -4  -4  -2  -3  -4  -4  -4   5   3  -3   2   0  -3  -3  -1  -3  -1   2    0   0   0   0   0   0   0   0   0  61  31   0   3   2   0   0   0   0   1   2  0.53 0.08
  145 L    -1  -1   0  -1  -2   3   0  -2  -2  -1   0   0  -1  -3  -1   1   4  -3  -2  -1    0   1   2   0   0  19   3   0   0   1  11   3   0   0   1   4  55   0   0   0  0.37 0.08
  146 G     0  -3  -1  -2  -1  -2  -3   6  -3  -5  -4  -2  -3  -4  -3   0  -2  -3  -4  -4    0   0   0   1   1   0   0  93   0   0   0   0   0   0   0   4   0   0   0   0  1.26 0.12
  147 H    -3  -1   0  -2  -4  -1  -1  -3  10  -4  -4  -2  -3  -2  -3  -2  -3  -4   1  -4    0   0   0   0   0   0   0   0 100   0   0   0   0   0   0   0   0   0   0   0  1.79 0.19
  148 N     0  -1   2  -1  -2  -1  -1  -1  -1  -2  -3   0  -2  -3  -2   3   4  -3  -2  -2    0   1  13   0   0   0   0   2   0   0   0   3   0   0   0  41  39   0   0   0  0.46 0.08
  149 D    -2  -2   0   5  -4   0   4  -2  -1  -4  -4  -1  -3  -4  -2  -1  -2  -4  -3  -4    0   0   0  55   0   0  45   0   0   0   0   0   0   0   0   0   0   0   0   0  0.96 0.11
  150 W    -4  -4  -5  -6  -4  -3  -4  -4  -4  -4  -3  -4  -3   0  -5  -4  -4  12   1  -4    0   0   0   0   0   0   0   0   0   0   0   0   0   0   0   0   0 100   0   0  3.31 0.23
  151 V     0  -3  -4  -4  -2  -3  -3  -4  -4   2   0  -3   0  -2  -3  -2   0  -4  -2   5    3   0   0   0   0   0   0   0   0   3   0   0   0   0   0   0   2   0   0  91  0.65 0.11
  152 S     0  -2   0  -1  -2  -1  -1  -1  -2  -3  -3  -1  -2  -3  -2   6   1  -4  -3  -3    0   0   0   0   0   0   0   0   0   0   0   0   0   0   0 100   0   0   0   0  0.86 0.14
  153 Q     1  -3   0  -3   9   0  -2  -2  -1  -2  -2  -2  -2  -3  -3   0   0  -3  -3  -2   16   0   4   0  61   8   0   0   2   0   0   0   0   0   0   6   3   0   0   0  0.95 0.11
  154 V    -1  -3  -4  -4  -2  -3  -3  -4  -4   2   0  -3   0  -2  -3  -3  -1  -4  -2   6    0   0   0   0   0   0   0   0   0   0   0   0   0   0   0   0   0   0   0 100  0.78 0.13
  155 R    -2   7  -1  -3   0   0  -1  -3  -1  -4  -3   2  -2  -4  -3  -2  -2  -4  -3  -3    0  96   0   0   3   0   0   0   0   0   0   1   0   0   0   0   0   0   0   0  1.18 0.14
  156 V    -3  -4  -4  -4  -3  -4  -4  -4  -2   1   0  -4  -1   7  -4  -3  -3   0   2   0    0   0   0   0   0   0   0   0   0   9   0   0   0  85   0   0   0   0   0   6  1.04 0.13
  157 V     1  -2   0  -1  -2  -1  -1  -1  -2  -3  -3  -1  -2  -3  -2   5   1  -4  -2  -1    6   0   0   0   0   0   0   0   0   0   0   0   0   0   0  89   0   0   0   5  0.69 0.12
  158 P    -2  -3  -3  -3  -4  -2  -2  -3  -3  -4  -4  -2  -4  -5   8  -2  -2  -5  -4  -3    0   0   0   0   0   0   0   0   0   0   0   0   0   0 100   0   0   0   0   0  2.42 0.17
  159 N    -1  -1   6   1  -3   0   0  -1   0  -4  -4   0  -3  -3  -2   1   0  -4  -3  -3    1   0  74   2   0   0   3   0   0   0   0   3   0   0   0  12   2   0   0   0  0.78 0.10
  160 E    -1  -2  -1   0  -3  -1   2  -2  -2  -3  -3  -1  -2  -3   6   0   0  -3  -3  -2    1   1   3   4   0   1  19   1   0   1   1   2   0   0  55   6   4   0   0   1  1.02 0.07
  161 K     1   0   0   0  -2   4   1  -1   0  -2  -2   1  -1  -2   0   1   0  -2  -1  -1   18   1   4   3   0  34   3   2   1   1   2   7   1   1   2  14   3   0   1   2  0.24 0.04
  162 A     1   0   0   0   0   0   0   0   0   0   0   0   0  -1   1   0   0   0   0   0   12   4   4   5   2   4   7   6   2   4   8   6   2   3   6   8   7   1   3   7  0.03 0.02
  163 D     0   0   1   1  -1   0   0   0   0  -1  -1   0   0  -1   0   0   0   0   0  -1    8   4   9  13   2   4   7   6   2   4   7   5   2   3   4   7   5   1   3   5  0.04 0.00
  164 D     0   0   1   2  -1   0   0   0   0  -1  -1   0  -1  -1   0   0   0  -1  -1  -1    6   4   7  22   1   3   5   6   2   4   7   7   2   3   4   5   4   1   2   6  0.08 0.00
  165 D     0   0   2   2  -1   0   1   0   0  -1  -1   0   0  -1   0   0   0  -1  -1  -1    5   3  12  14   1   3  11   7   1   3   7   4   3   2   5   7   5   1   2   4  0.08 0.00
  166 S    -1  -1   6   0  -2   0  -1  -1   0  -3  -3  -1  -2  -3  -1   1   1  -3  -1  -2    3   0  64   0   0   1   0   0   0   0   1   0   0   0   2  12  12   0   2   2  0.60 0.09
  167 V    -1  -3  -2  -2  -3  -2  -2  -2  -3  -2  -3  -2  -2  -4   7   1  -1  -4  -3   0    3   0   0   0   0   0   0   0   0   0   0   0   0   0  71  14   0   0   0  11  1.42 0.11
  168 T    -1  -2  -2  -3  -1  -2  -2  -3  -3   2   0  -2   0  -2  -2  -1   3  -3  -2   4    1   2   1   0   0   0   0   0   0  12   4   1   0   0   0   0  28   0   0  50  0.33 0.07
  169 I    -2  -4  -4  -4  -2  -3  -4  -4  -4   5   1  -3   1  -1  -3  -3  -1  -3  -2   3    0   0   0   0   0   0   0   0   0  71   2   0   0   0   0   0   0   0   0  27  0.64 0.10
  170 I    -1  -3  -4  -4  -2  -3  -3  -4  -4   4   1  -3   0  -1  -3  -3  -1  -4  -2   5    0   0   0   0   0   0   0   0   0  31   1   0   0   0   0   0   0   0   0  68  0.60 0.10
  171 S     0  -2   0  -1  -2  -1  -1  -1  -2  -3  -3  -1  -2  -3  -2   6   1  -4  -3  -2    0   0   0   0   0   0   0   0   0   0   0   0   0   0   0  97   1   0   0   0  0.82 0.14
  172 A     4  -2  -2  -2   4  -2  -2   1  -2  -2  -2  -2  -2  -3  -2   1  -1  -3  -3  -1   63   0   0   0  14   0   0  10   0   0   0   0   0   0   0  11   0   0   0   1  0.47 0.08
  173 G     0  -3  -1  -2  -3  -2  -2   6  -3  -4  -4  -2  -3  -4  -3   1  -2  -3  -4  -4    0   0   0   0   0   0   0  83   0   0   0   0   0   0   0  16   0   0   0   0  1.07 0.10
  174 N    -3  -4  -2  -5  -3  -3  -4  -4  -3  -3  -2  -4   2   0  -5  -4  -3  12   1  -3    0   0   3   0   0   0   0   0   0   0   0   0   8   0   0   0   0  88   0   0  2.68 0.20
  175 D    -3  -2   1   7  -4  -1   1  -2  -2  -4  -5  -2  -4  -4  -2  -1  -2  -5  -4  -4    0   0   0  99   0   0   0   0   0   0   0   0   0   0   0   0   0   0   0   0  1.38 0.14
  176 K    -2   2  -1  -2  -4   1   0  -2  -1  -4  -3   6  -2  -4  -2  -1  -1  -4  -3  -3    0   6   0   0   0   0   0   0   0   0   0  92   0   0   0   0   0   0   0   0  0.89 0.13
  177 M    -1  -2  -3  -3  -1  -2  -3  -3  -2   1   3  -2   3   0  -3  -2   1  -2   0   2    1   1   0   0   1   0   0   0   1   3  45   0  10   1   0   0  14   0   4  20  0.28 0.05
  178 V    -1  -3  -4  -4  -2  -3  -3  -4  -4   2   0  -3   0  -2  -3  -2  -1  -4  -2   6    0   0   0   0   0   0   0   0   0   1   0   0   0   0   0   0   0   0   0  97  0.73 0.12
  179 K    -2   1  -1  -2  -4   1   0  -2  -2  -4  -3   6  -2  -4  -2  -1  -1  -4  -3  -3    0   0   0   0   0   0   0   0   0   0   0  99   0   0   0   0   0   0   0   0  0.96 0.14
  180 A     1  -3  -2  -3  -1  -2  -2  -3  -3   2   0  -2   0  -2  -2   1   0  -3  -2   4    8   0   0   0   0   0   0   0   0   2   0   0   0   0   0  19   1   0   0  70  0.38 0.09
  181 W    -4  -4  -5  -6  -4  -3  -4  -4  -4  -4  -3  -4  -3   0  -5  -4  -4  12   1  -4    0   0   0   0   0   0   0   0   0   0   0   0   0   0   0   0   0 100   0   0  3.31 0.23
  182 N    -2  -1   3   5  -4   0   4  -1  -1  -4  -4  -1  -3  -4  -2   0  -1  -4  -3  -4    0   0  19  40   0   0  35   4   0   0   0   0   0   0   0   1   0   0   0   0  0.71 0.08
  183 L    -2  -3  -4  -4  -1  -3  -4  -4  -4   1   5  -3   1   0  -4  -2  -2  -2  -2   1    0   0   0   0   1   0   0   0   0   4  90   0   0   0   0   2   0   0   0   3  0.65 0.10
  184 N     2  -1   2   0  -2   1   0  -1   0  -2  -2   0  -1  -3  -2   2   2  -3  -2  -1   21   0  17   2   0   8   1   1   1   2   1   2   0   0   0  24  19   0   0   1  0.25 0.05
  185 Q    -1   0   3   2  -3   1   1  -1  -1  -3  -3   2  -2  -3  -2   2   1  -3  -2  -2    0   2  17  11   0   6   5   0   0   0   1  26   0   0   0  22  11   0   0   0  0.32 0.05
  186 F    -1  -4  -3  -4   8  -3  -4  -3  -2  -2  -1  -3  -2   3  -1  -2  -2  -1   4  -2    1   0   0   0  53   0   0   2   0   0   4   0   0  17   3   0   0   0  20   0  0.93 0.11
  187 Q     0   3   0  -1  -3   2   0  -2  -1  -3  -3   4  -2  -4  -2   0   0  -3  -2  -3    4  21   3   0   0   9   2   0   0   0   0  50   0   0   0   8   3   0   0   0  0.49 0.07
  188 I    -1  -3  -4  -4  -1  -3  -3  -4  -4   3   4  -3   1   0  -3  -3  -1  -3  -2   2    2   0   0   0   1   0   0   0   0  30  58   0   0   0   0   0   1   0   0   8  0.48 0.07
  189 E    -1   3   2   0  -3   4   2  -2   0  -3  -3   3  -1  -3  -2   0   0  -3  -2  -3    0  16  12   0   0  30  13   0   0   2   0  21   1   0   0   0   5   0   0   0  0.44 0.06
  190 A     3  -2  -1  -2  -1  -1  -2  -1  -2  -2  -2  -1  -1  -3  -2   1   5  -3  -2  -1   34   0   0   0   0   0   0   2   0   0   0   0   0   0   0   1  63   0   0   0  0.55 0.10
  191 D    -2  -2   5   6  -4  -1   0  -2  -1  -4  -4  -1  -4  -4  -2  -1  -1  -5  -4  -4    0   0  37  63   0   0   0   0   0   0   0   0   0   0   0   0   0   0   0   0  1.01 0.11
  192 F    -3  -2   0  -2  -4  -1  -2  -3   8  -3  -2  -2  -2   4  -3  -2  -3  -1   3  -3    0   0   3   0   0   0   0   0  61   0   0   0   0  31   0   0   0   0   5   0  1.00 0.13
  193 I    -2  -3  -3  -4  -2  -3  -3  -4  -3   5   1  -3   0   1  -3  -2   0  -2   1   2    1   0   0   0   0   0   0   0   0  72   2   0   0   5   0   3   3   0   8   5  0.47 0.09
  194 G    -1  -3  -1  -2  -3  -3  -3   7  -3  -5  -5  -2  -4  -4  -3  -1  -2  -3  -4  -4    0   0   0   0   0   0   0 100   0   0   0   0   0   0   0   0   0   0   0   0  1.43 0.13
  195 H    -3  -1   0  -2  -4  -1  -1  -3  10  -4  -4  -2  -3  -2  -3  -2  -3  -4   1  -4    0   0   0   0   0   0   0   0 100   0   0   0   0   0   0   0   0   0   0   0  1.79 0.19
  196 N    -1  -2   3  -1  -2   0  -1  -2  -2  -2  -2  -1  -2  -3  -1   1   5  -3  -2  -1    0   0  17   1   0   2   0   1   0   1   0   1   0   0   1   4  71   0   0   2  0.57 0.10
  197 S     0  -3   1  -2  -3  -2  -3   6  -2  -5  -4  -2  -3  -4  -3   0  -2  -3  -4  -4    1   0   8   0   0   0   0  88   0   0   0   0   0   0   0   3   0   0   0   0  1.17 0.11
  198 N    -3  -3  -1  -4  -4  -2  -3  -4   1  -2  -2  -3  -2   2  -4  -3  -3   1   8  -2    0   0   3   0   0   0   0   0   0   0   0   0   0   1   0   0   0   0  96   0  1.49 0.17
  199 I    -2  -3  -4  -4  -2  -3  -4  -4  -4   5   2  -3   1  -1  -3  -3  -1  -3  -2   3    0   0   0   0   0   0   0   0   0  64  10   0   0   0   0   0   0   0   0  26  0.58 0.09
  200 N    -1  -1   6   0  -3  -1  -1  -1   0  -4  -4  -1  -3  -4  -2   2   0  -4  -3  -3    0   0  74   0   0   0   0   0   0   0   0   0   0   0   0  24   1   0   0   0  0.89 0.12
  201 T     0  -2   0  -2   5  -2  -2  -2  -2  -2  -2  -2  -2  -3  -2   1   5  -3  -3  -1    5   0   3   0  18   0   0   0   0   0   0   0   0   0   0   4  69   0   0   1  0.64 0.11
  202 L    -1  -3  -4  -4  -2  -3  -3  -4  -4   4   1  -3   0  -1  -3  -2  -1  -3  -2   4    1   0   0   0   0   0   0   0   0  28   6   0   0   0   0   0   0   0   0  64  0.54 0.09
  203 T    -1  -2  -1  -2  -2  -2  -2  -2  -3  -2  -2  -2  -2  -3  -2   1   6  -3  -3  -1    0   0   0   0   0   0   0   0   0   0   0   0   0   0   0   2  98   0   0   0  0.94 0.15
  204 A     0  -3  -4  -4  -2  -3  -3  -4  -4   4   1  -3   1  -1  -1  -2  -1  -3  -2   3    8   0   0   0   0   0   0   0   0  59   4   0   1   0   3   0   0   0   0  26  0.45 0.08
  205 S     1  -2   0  -1  -2  -1  -1  -1  -2  -3  -3  -1  -2  -3  -2   6   1  -4  -3  -3    1   0   0   0   0   0   0   0   0   0   0   0   0   0   0  99   0   0   0   0  0.85 0.14
  206 P    -2  -3  -3  -3  -4  -2  -2  -3  -3  -4  -4  -2  -4  -5   8  -2  -2  -5  -4  -3    0   0   0   0   0   0   0   0   0   0   0   0   0   0 100   0   0   0   0   0  2.42 0.17
  207 D    -3  -3   1   7  -5  -1   1  -2  -2  -4  -5  -2  -4  -5  -2  -1  -2  -5  -4  -4    0   0   0 100   0   0   0   0   0   0   0   0   0   0   0   0   0   0   0   0  1.43 0.15
  208 G    -1  -3  -1  -2  -3  -3  -3   7  -3  -5  -5  -2  -4  -4  -3  -1  -2  -3  -4  -4    0   0   0   0   0   0   0 100   0   0   0   0   0   0   0   0   0   0   0   0  1.43 0.13
  209 T     0  -2   0  -1  -2  -1  -1  -1  -2  -3  -3  -1  -2  -3  -2   5   2  -4  -3  -2    0   0   0   0   0   0   0   0   0   0   0   0   0   0   0  90  10   0   0   0  0.75 0.13
  210 L    -2  -3  -4  -4  -2  -3  -4  -5  -4   1   5  -3   1   0  -4  -3  -2  -2  -2   0    0   0   0   0   0   0   0   0   0   3  97   0   0   0   0   0   0   0   0   0  0.76 0.11
  211 I    -1  -4  -1  -4  10  -4  -4  -3  -4   0  -2  -4  -2  -1  -4  -2  -2  -3  -3   0    1   0   4   0  80   0   0   0   0   6   0   0   0   3   0   0   0   0   0   5  1.45 0.15
  212 A     5  -2  -2  -3  -1  -2  -2  -1  -2  -2  -2  -2  -2  -3  -2   1  -1  -3  -3  -1   99   0   0   0   0   0   0   0   0   0   0   0   0   0   0   1   0   0   0   0  0.78 0.13
  213 S     0  -2   0  -1  -2  -1  -1  -1  -2  -3  -3  -1  -2  -3  -2   6   1  -4  -3  -2    0   0   0   0   0   0   0   0   0   0   0   0   0   0   0  97   3   0   0   0  0.83 0.14
  214 A     3  -3  -1  -2  -2  -2  -2   5  -3  -3  -3  -2  -3  -4  -2   0  -2  -3  -3  -2   32   0   0   0   0   0   0  67   0   0   0   0   0   0   0   1   0   0   0   0  0.86 0.09
  215 G    -1  -3  -1  -2  -3  -3  -3   7  -3  -5  -5  -2  -4  -4  -3  -1  -2  -3  -4  -4    0   0   0   0   0   0   0 100   0   0   0   0   0   0   0   0   0   0   0   0  1.43 0.13
  216 K    -2   1  -1  -2  -4   1   0  -2  -2  -4  -3   6  -2  -4  -2  -1  -2  -4  -3  -3    0   0   0   0   0   0   0   0   0   0   0 100   0   0   0   0   0   0   0   0  0.99 0.14
  217 D    -3  -3   1   7  -5  -1   1  -2  -2  -4  -5  -2  -4  -5  -2  -1  -2  -5  -4  -4    0   0   0 100   0   0   0   0   0   0   0   0   0   0   0   0   0   0   0   0  1.43 0.15
  218 G    -1  -3  -1  -2  -3  -3  -3   7  -3  -5  -5  -2  -4  -4  -3  -1  -2  -3  -4  -4    0   0   0   0   0   0   0  98   0   0   0   0   0   0   0   2   0   0   0   0  1.39 0.13
  219 E     0  -1   0  -1  -2   2   0  -2  -2   1  -1  -1   0  -2  -2   0   3  -3  -2   2    1   0   4   2   0  15   5   0   0  12   0   0   0   0   0   5  27   0   0  29  0.19 0.05
  220 I     1  -2  -2  -2  -1  -2  -2  -3  -3   3   0  -2   0  -2  -2   0   4  -3  -2   2   12   0   0   0   0   0   0   0   0  34   0   0   0   0   0   0  44   0   0  10  0.34 0.08
  221 M    -2  -3  -3  -4  -2  -2  -3  -4  -3   3   1  -3   8  -1  -4  -3  -2  -3  -2   0    0   0   0   0   0   0   0   0   0  23   0   0  77   0   0   0   0   0   0   0  0.88 0.15
  222 L    -2  -3  -4  -5  -2  -3  -4  -5  -4   1   5  -3   1   0  -4  -3  -2  -2  -2   0    0   0   0   0   0   0   0   0   0   0 100   0   0   0   0   0   0   0   0   0  0.79 0.11
  223 W    -4  -4  -5  -6  -4  -3  -4  -4  -4  -4  -3  -4  -3   0  -5  -4  -4  12   1  -4    0   0   0   0   0   0   0   0   0   0   0   0   0   0   0   0   0 100   0   0  3.31 0.23
  224 N    -2  -2   3   7  -4  -1   1  -2  -2  -4  -4  -1  -4  -4  -2  -1  -2  -5  -4  -4    0   0  13  82   0   0   4   0   0   0   0   0   0   0   0   0   0   0   0   0  1.13 0.12
  225 L    -2  -3  -4  -4  -2  -3  -4  -5  -4   1   5  -3   2   0  -4  -3  -2  -2  -2   0    0   0   0   0   0   0   0   0   0   0  98   0   2   0   0   0   0   0   0   0  0.77 0.11
  226 A    -1  -1   7   0  -3  -1  -1  -1   0  -3  -4   0  -3  -4  -3   1   0  -4  -3  -3    5   0  82   0   0   0   0   0   0   2   0   3   0   0   0   4   5   0   0   0  0.90 0.12
  227 A     0  -1   0   3  -3   1   5  -2  -1  -3  -3   0  -2  -4  -2   1  -1  -4  -3  -2    5   0   2  14   0   1  61   0   0   0   0   1   0   0   0  12   1   0   0   3  0.60 0.08
  228 K     0  -1   2   0  -2   0  -1   3   0  -3  -3   1  -2  -2  -1   3   0  -3  -1  -3    2   0  11   1   0   3   0  26   1   0   0  13   0   2   2  37   0   0   2   0  0.33 0.06
  229 K    -1   1  -1  -1  -4   1   0  -2  -1  -2  -3   6  -2  -4  -2   0  -1  -4  -3  -3    1   1   1   1   0   1   2   0   0   3   1  84   0   0   0   3   2   0   0   0  0.69 0.11
  230 A     0  -1   0  -2  -3  -1  -1  -2   8  -3  -3  -2  -2  -2  -1  -1   2  -3   0  -2   10   0   0   0   0   0   0   0  69   0   0   0   0   0   2   1  16   0   0   1  0.93 0.13
  231 M    -2  -3  -4  -4  -2  -3  -4  -4  -4   1   5  -3   2   0  -4  -3  -2  -2  -2   0    0   0   0   0   0   0   0   0   0   0  95   0   5   0   0   0   0   0   0   0  0.75 0.11
  232 Y    -3  -3  -3  -4  -4  -2  -3  -4   1  -2  -2  -3  -2   2  -4  -3  -3   1   8  -2    0   0   0   0   0   0   0   0   0   0   0   0   0   0   0   0   0   0 100   0  1.61 0.18
  233 T     0  -2   0  -1  -2  -1  -1  -1  -2  -2  -3  -1  -2  -3  -2   4   4  -3  -2  -2    0   0   0   0   0   0   0   0   0   0   0   0   0   0   0  60  40   0   0   0  0.62 0.11
  234 L    -2  -3  -4  -5  -2  -3  -4  -5  -4   1   5  -3   1   0  -4  -3  -2  -2  -2   0    0   0   0   0   0   0   0   0   0   0 100   0   0   0   0   0   0   0   0   0  0.79 0.11
  235 S    -1  -1   4   3  -3   1   3  -2   1  -3  -3   0  -2  -3   1   1   1  -4  -2  -3    2   0  29  17   0   3  25   0   2   0   0   0   0   0   5   9   7   0   0   0  0.44 0.06
  236 A     5  -2  -2  -2  -1  -1  -2   1  -2  -2  -2  -1  -2  -3  -2   1  -1  -3  -3  -1   82   0   0   0   0   0   0  10   0   0   0   0   0   0   0   7   0   0   0   0  0.60 0.10
  237 Q     0  -2   0  -2  -3   1  -2   6  -2  -4  -4   0  -3  -4  -2   0  -1  -3  -3  -3    4   0   4   0   0   8   0  73   0   0   0   5   0   0   0   4   2   0   0   0  0.83 0.09
  238 D     0  -2   1   6  -4  -1   1  -2  -2  -4  -4  -1  -3  -4  -2   0  -1  -5  -4  -3    7   0   2  80   0   0   2   0   0   0   0   0   0   0   0   8   0   0   0   0  0.98 0.11
  239 E    -1  -1  -1   0  -2   1   5  -3  -1   1  -2   0  -1  -3  -2  -1   0  -4  -2   1    0   0   1   0   1   0  68   0   0  13   0   0   2   0   0   0   4   0   0  12  0.51 0.09
  240 V    -1  -4  -4  -4  -2  -3  -4  -4  -4   5   1  -3   1  -1  -3  -3  -1  -3  -2   4    0   0   0   0   0   0   0   0   0  60   0   0   1   0   0   0   0   0   0  40  0.61 0.09
  241 F    -2  -1   4  -1  -4  -1  -1  -2   7  -3  -3  -1  -2   2  -3  -1  -1  -3   1  -3    0   0  33   0   0   0   0   0  51   0   0   0   0  11   0   2   1   0   3   0  0.81 0.11
  242 S     5  -2  -2  -2  -1  -1  -1  -1  -2  -2  -2  -1  -2  -3  -2   2  -1  -3  -3  -1   90   0   0   0   0   0   0   0   0   0   0   0   0   0   0  10   0   0   0   0  0.68 0.11
  243 L    -2  -3  -4  -4  -2  -3  -4  -4  -4   1   5  -3   1   0  -4  -3  -2  -2  -2   1    0   0   0   0   0   0   0   0   0   0  96   0   0   0   0   0   0   0   0   4  0.74 0.11
  244 A     2  -3  -3  -3   4  -2  -2  -2  -3   1  -1  -2   0  -2  -2   0   1  -3  -2   3   31   0   0   0  12   0   0   0   0   1   0   0   1   0   0   0  11   0   0  44  0.32 0.07
  245 F    -3  -4  -4  -5  -3  -4  -4  -4  -2  -1   0  -4  -1   8  -5  -3  -3   0   2  -2    0   0   0   0   0   0   0   0   0   0   0   0   0 100   0   0   0   0   0   0  1.40 0.15
  246 S     0  -2   0  -1  -2  -1  -1  -1  -2  -3  -3  -1  -2  -3  -2   6   1  -4  -3  -3    0   0   0   0   0   0   0   0   0   0   0   0   0   0   0 100   0   0   0   0  0.86 0.14
  247 P    -2  -3  -3  -3  -4  -2  -2  -3  -3  -4  -4  -2  -4  -5   8  -2  -2  -5  -4  -3    0   0   0   0   0   0   0   0   0   0   0   0   0   0 100   0   0   0   0   0  2.42 0.17
  248 N    -2  -1   7   0  -4  -1  -1  -1   0  -4  -4  -1  -3  -4  -3   0  -1  -5  -3  -4    0   0  97   0   0   0   0   0   0   0   0   0   0   0   0   3   0   0   0   0  1.24 0.15
  249 R    -2   7  -1  -3  -4   0  -1  -3  -1  -4  -3   1  -2  -4  -3  -2  -2  -4  -3  -4    0 100   0   0   0   0   0   0   0   0   0   0   0   0   0   0   0   0   0   0  1.28 0.15
  250 Y    -3  -3  -3  -4  -4  -2  -3  -4   1  -2  -2  -3  -2   2  -4  -3  -3   1   8  -2    0   0   0   0   0   0   0   0   0   0   0   0   0   0   0   0   0   0 100   0  1.61 0.18
  251 W    -4  -4  -5  -6  -4  -3  -4  -4  -4  -4  -3  -4  -3   0  -5  -4  -4  12   1  -4    0   0   0   0   0   0   0   0   0   0   0   0   0   0   0   0   0 100   0   0  3.31 0.23
  252 L    -2  -3  -4  -5  -2  -3  -4  -5  -4   1   5  -3   1   0  -4  -3  -2  -2  -2   0    0   0   0   0   0   0   0   0   0   0  99   0   0   0   0   0   0   0   0   1  0.78 0.11
  253 A     1  -4  -3  -4   9  -3  -3  -3  -3  -2  -2  -3  -2  -3  -3  -1   1  -3  -3  -1   17   0   0   0  71   0   0   0   0   0   0   0   0   0   0   2   9   0   0   1  1.26 0.13
  254 A     5  -2  -2  -3  -1  -2  -2  -1  -2  -2  -2  -2  -2  -3  -2   0  -1  -3  -3  -1  100   0   0   0   0   0   0   0   0   0   0   0   0   0   0   0   0   0   0   0  0.79 0.13
  255 A     5  -2  -2  -3  -1  -2  -2  -1  -2  -2  -2  -2  -2  -3  -2   0  -1  -3  -3  -1  100   0   0   0   0   0   0   0   0   0   0   0   0   0   0   0   0   0   0   0  0.79 0.13
  256 T    -1  -2  -1  -2  -2  -2  -2  -2  -3  -2  -2  -2  -2  -3  -2   1   6  -3  -3  -1    0   0   0   0   0   0   0   0   0   0   0   0   0   0   0   2  98   0   0   0  0.94 0.15
  257 A     4  -2  -1  -1  -1  -1  -1   2  -2  -2  -3  -1  -2  -3  -1   3   1  -3  -2  -1   50   0   1   1   0   0   0  14   0   0   0   0   0   0   0  29   6   0   0   0  0.42 0.07
  258 T     0  -1   0  -1  -2  -1  -1  -1  -2  -3  -3  -1  -2  -3   2   5   2  -4  -3  -2    1   1   1   0   0   0   0   0   0   0   0   1   0   0  10  75  12   0   0   0  0.60 0.10
  259 G     1  -2  -1  -1   4  -1  -1   4  -2  -3  -3  -1  -2  -2  -2   3   0  -3  -2  -2    4   0   0   0  12   0   1  34   0   0   0   1   0   1   0  45   1   0   1   0  0.49 0.08
  260 I    -2  -4  -4  -4  -2  -4  -4  -5  -4   6   1  -4   0  -1  -4  -3  -2  -4  -2   2    0   0   0   0   0   0   0   0   0 100   0   0   0   0   0   0   0   0   0   0  0.87 0.13
  261 K    -1   1  -1  -2  -3   0   0  -3  -2   2  -2   5  -1  -3  -2  -1   0  -4  -2   0    0   2   1   0   0   0   0   0   0  21   0  69   0   0   0   0   4   0   0   3  0.45 0.10
  262 V    -2  -4  -4  -4  -2  -3  -4  -5  -4   6   1  -3   1  -1  -4  -3  -1  -3  -2   3    0   0   0   0   0   0   0   0   0  82   0   0   0   0   0   0   0   0   0  18  0.71 0.11
  263 F    -3  -4  -4  -5  -3  -4  -4  -4  -2  -2  -1  -4  -1   6  -5  -3  -3   8   3  -2    0   0   0   0   0   0   0   0   0   0   0   0   0  64   0   0   0  30   6   0  1.38 0.13
  264 S    -2  -2   3   6  -1  -1   1  -2  -1  -4  -4   0  -4  -4  -2   0  -1  -5  -4  -4    0   0  15  76   2   0   0   0   0   0   0   4   0   0   0   3   0   0   0   0  0.98 0.11
  265 L    -2  -3  -4  -5  -2  -3  -4  -5  -4   1   5  -3   1   0  -4  -3  -2  -2  -2   0    0   0   0   0   0   0   0   0   0   0 100   0   0   0   0   0   0   0   0   0  0.79 0.11
  266 D    -2  -1  -1   2  -4   3   6  -3  -1  -4  -4   0  -3  -4  -2  -1  -2  -4  -3  -3    0   0   0   5   0  17  79   0   0   0   0   0   0   0   0   0   0   0   0   0  0.94 0.12
  267 P     0   0   0   0  -3   1   3   1  -1  -3  -3   3  -2  -3   1   2   0  -3  -2  -3    1   0   1   0   0   2  23  10   0   0   0  33   0   0   5  24   2   0   0   0  0.35 0.06
  268 Q    -2   4  -1  -2  -4   1   0  -2  -1  -4  -3   5  -2  -4  -2  -1  -1  -3  -2  -3    0  26   0   0   0   4   0   0   0   0   0  69   0   0   0   0   0   0   1   0  0.75 0.10
  269 Y     0  -1   0  -1  -2  -1   0  -1  -1   0  -2   0  -1  -2  -2   4   2  -3   0  -1    0   2   3   0   0   0   3   1   0   8   2   7   0   0   0  55  15   0   3   3  0.29 0.07
  270 L    -1   0  -2  -3  -2  -1  -2  -3  -2   2   2   2   0  -1   1  -2  -1  -3  -2   1    0   3   0   0   0   0   0   0   0  22  31  26   0   0   7   1   0   0   0  10  0.20 0.05
  271 V    -1  -3  -4  -4  -2  -3  -3  -4  -4   2   2  -3   1  -1  -3  -2  -1  -3  -2   5    0   0   0   0   0   0   0   0   0   7  14   0   2   0   0   0   0   0   0  78  0.56 0.09
  272 D    -2  -3   0   7   1  -1   1  -1  -2  -4  -4  -2  -4  -4  -2  -1  -2  -5  -4  -4    1   0   0  92   4   1   0   2   0   0   0   0   0   0   0   0   0   0   0   0  1.21 0.13
  273 D    -2  -1  -1   2  -5   1   6  -3  -1  -4  -4   0  -3  -4  -2  -1  -2  -4  -3  -3    0   0   0  11   0   1  88   0   0   0   0   0   0   0   0   1   0   0   0   0  1.02 0.13
  274 L    -2  -3  -4  -5  -2  -3  -4  -5  -4   1   5  -3   1   0  -4  -3  -2  -2  -2   0    0   0   0   0   0   0   0   0   0   0 100   0   0   0   0   0   0   0   0   0  0.79 0.11
  275 R    -1   4  -1  -2  -4   1   0  -2  -1  -3  -3   5  -2  -4  -2   0  -1  -4  -3  -3    0  27   0   0   0   0   0   0   0   1   0  68   0   0   0   3   1   0   0   0  0.72 0.10
  276 P    -1  -3  -3  -2  -4   0  -2  -3  -3  -3  -3  -2  -3  -5   8  -2  -2  -5  -4  -3    1   0   0   0   0   7   0   0   0   1   1   0   0   0  90   0   0   0   0   1  2.06 0.15
  277 E    -2  -1   0   3  -5   1   6  -3  -1  -4  -4   0  -3  -4  -2  -1  -2  -4  -3  -3    0   0   1  16   0   0  84   0   0   0   0   0   0   0   0   0   0   0   0   0  0.99 0.12
  278 F    -3  -3  -4  -4  -3  -4  -4  -4  -2   0   0  -4   0   7  -4  -3  -3   0   3   0    0   0   0   0   0   0   0   0   0   2   2   0   1  77   0   0   0   0   9  10  0.93 0.11
  279 A     2  -2  -2  -2  -1  -1  -1  -1  -2   1   0  -1   0  -2   2   0   1  -3  -2   2   31   0   0   1   0   1   3   1   0  12   4   0   3   1   9   1  14   0   0  19  0.17 0.04
  280 G     0  -2   0   0  -2   0   1   3  -1   0  -2  -1  -1  -3   1   1   0  -3  -2   0    4   0   3   3   0   3  10  27   1   9   1   1   1   0   6  17   7   0   0   7  0.18 0.03
  281 Y     0  -1  -1  -2  -2  -1  -1   2   0   0  -1   0  -1  -1  -2   1   1  -2   1   1    1   0   1   0   0   3   0  23   2   4   3   7   0   2   0  12  12   0   9  22  0.11 0.03
  282 S     1  -1   0  -1  -2  -1  -1   4  -2  -3  -3   0  -2  -3   0   2   0  -3  -3  -2   15   3   4   0   0   1   0  46   0   0   0   5   0   0   3  19   4   0   0   0  0.47 0.06
  283 K    -2   2   0  -1  -4   1   0  -2   0  -4  -3   6  -2  -4  -1  -1  -1  -4  -3  -3    0   2   3   0   0   0   0   0   2   0   0  92   0   0   1   0   0   0   0   0  0.86 0.13
  284 A     3  -1   0  -1  -1  -1  -1   0  -2  -2  -2   1  -2  -3  -1   3   1  -3  -2  -1   49   1   1   0   0   0   0   1   0   0   0  10   0   0   0  34   3   0   0   0  0.40 0.07
  285 A     1   4   0  -1  -3   2   1  -2  -1  -3  -3   3  -2  -3  -1   0   0  -3  -2  -2   14  35   1   0   0   9   5   1   0   0   0  24   0   0   1   7   3   0   0   0  0.40 0.06
  286 E    -1  -1   0   5  -4   0   3  -2  -1  -3  -3   0  -3  -4   2  -1   0  -4  -3  -2    5   0   1  43   0   2  30   1   0   0   0   1   0   0  12   0   4   0   0   2  0.61 0.07
  287 P    -1  -3  -3  -2  -4  -2  -2  -3  -3  -4  -4  -2  -4  -5   8  -2  -2  -5  -4  -3    2   0   0   0   0   0   0   0   0   0   0   0   0   0  98   0   0   0   0   0  2.35 0.16
  288 H    -1  -1  -1   0  -4   3   5  -3   3  -4  -3   0  -2  -3  -2  -1  -1  -3   0  -3    1   0   0   0   0  19  64   0  12   0   0   0   0   0   0   0   1   0   3   0  0.73 0.10
  289 A     2  -3  -3  -4   9  -3  -3  -2  -3  -2  -2  -3  -2  -3   0  -1  -1  -3  -3  -1   31   0   0   0  62   0   0   0   0   0   0   0   0   0   5   0   0   0   0   3  1.09 0.13
  290 V    -1  -3  -3  -4  -2  -3  -3  -4  -4   4   1  -3   1  -1  -3  -2   0  -3  -2   4    0   0   0   0   0   0   0   0   0  45  10   0   0   0   0   0   6   0   0  39  0.47 0.07
  291 S     1  -2   0  -1   0  -1  -1  -1  -2  -3  -3  -1  -2  -3  -2   6   1  -4  -3  -3    1   0   0   0   2   0   0   0   0   0   0   0   0   0   0  97   0   0   0   0  0.81 0.14
  292 L    -2  -3  -4  -4  -2  -3  -4  -4  -4   1   5  -3   1   0  -4  -3  -2  -2  -2   1    0   0   0   0   0   0   0   0   0   4  93   0   0   0   0   0   0   0   0   3  0.72 0.10
  293 A     5  -2  -2  -3   0  -2  -2  -1  -2  -2  -2  -2  -2  -3  -2   0   0  -3  -3  -1   97   0   0   0   1   0   0   0   0   0   0   0   0   0   0   0   2   0   0   0  0.75 0.12
  294 W    -4  -4  -5  -6  -4  -3  -4  -4  -4  -4  -3  -4  -3   0  -5  -4  -4  12   1  -4    0   0   0   0   0   0   0   0   0   0   0   0   0   0   0   0   0 100   0   0  3.31 0.23
  295 S     0  -2   0  -1  -2  -1  -1  -1  -2  -3  -3  -1  -2  -3  -2   6   1  -4  -3  -3    0   0   0   0   0   0   0   0   0   0   0   0   0   0   0  99   1   0   0   0  0.85 0.14
  296 A     5  -2  -2  -2  -1  -2  -2  -1  -2  -2  -2  -1  -2  -3  -1   1  -1  -3  -3  -1   95   0   0   0   0   0   0   0   1   0   0   0   0   0   1   4   0   0   0   0  0.71 0.12
  297 D    -2  -3   1   7  -4  -1   1  -2  -2  -4  -5  -2  -4  -5  -2  -1  -2  -5  -4  -4    1   0   0  99   0   0   0   0   0   0   0   0   0   0   0   0   0   0   0   0  1.40 0.15
  298 G    -1  -3  -1  -2  -3  -3  -3   7  -3  -5  -5  -2  -4  -4  -3  -1  -2  -3  -4  -4    0   0   0   1   0   0   0  99   0   0   0   0   0   0   0   0   0   0   0   0  1.41 0.13
  299 Q    -1   0   1  -1  -3   6   1  -2   0  -4  -3   0  -1  -4  -2   1   0  -3  -2  -3    1   0   4   0   0  79   0   0   1   0   0   0   0   0   0  11   3   0   0   0  0.85 0.13
  300 T    -1  -2   3  -1  -2  -1  -1  -2  -2  -1  -2  -1  -2  -3  -2   1   5  -4  -2  -1    0   0  23   0   0   0   0   0   0   2   0   0   0   0   0   0  72   0   0   2  0.64 0.11
  301 L    -2  -3  -4  -5  -2  -3  -4  -5  -4   1   5  -3   2   0  -4  -3  -2  -2  -2   0    0   0   0   0   0   0   0   0   0   0 100   0   0   0   0   0   0   0   0   0  0.79 0.11
  302 F    -3  -4  -4  -5  -3  -4  -4  -4  -2  -1   0  -4  -1   8  -5  -3  -3   0   2  -2    0   0   0   0   0   0   0   0   0   0   0   0   0 100   0   0   0   0   0   0  1.39 0.15
  303 A     5  -2  -2  -2  -1  -1  -1   0  -2  -2  -2  -1  -2  -3  -1   2   0  -3  -2  -1   78   0   0   0   0   0   0   1   0   0   0   0   0   0   0  19   2   0   0   0  0.57 0.10
  304 G    -1  -3  -1  -2  -3  -3  -3   7  -3  -5  -5  -2  -4  -4  -3  -1  -2  -3  -4  -4    0   0   0   0   0   0   0 100   0   0   0   0   0   0   0   0   0   0   0   0  1.42 0.13
  305 Y    -3  -3  -3  -4  -2  -2  -3  -4   1  -2  -2  -3  -2   3  -4  -3  -3   1   8  -2    0   0   0   0   1   0   0   0   1   0   0   0   0   2   0   0   0   0  96   0  1.50 0.16
  306 T    -1  -2  -1  -2  -2  -1  -1  -2  -2  -2  -2  -1  -2  -3  -2   1   6  -3  -2  -1    1   0   0   0   0   0   1   0   0   0   0   0   0   0   0   6  93   0   0   0  0.85 0.13
  307 D    -3  -3   1   7  -5  -1   1  -2  -2  -4  -5  -2  -4  -5  -2  -1  -2  -5  -4  -4    0   0   1  99   0   0   0   0   0   0   0   0   0   0   0   0   0   0   0   0  1.40 0.14
  308 N    -2  -1   7   1  -3  -1  -1  -1   0  -4  -4   0  -3  -4  -3   1  -1  -5  -3  -4    1   0  86   3   0   0   0   1   1   0   0   3   0   0   0   6   0   0   0   0  1.01 0.13
  309 V    -1  -1  -2  -1  -2  -1  -2  -3  -2   3   2   1   1  -1  -3  -2  -1  -3  -2   2    0   0   1   3   0   1   1   0   1  22  24  18   1   1   0   0   1   0   0  27  0.18 0.04
  310 I    -2  -4  -4  -4  -2  -4  -4  -5  -4   6   1  -4   0  -1  -4  -3  -1  -3  -2   2    0   0   0   0   0   0   0   0   0  95   0   0   0   0   0   0   0   0   0   5  0.80 0.12
  311 R    -2   7  -1  -3  -4   0  -1  -3  -1  -4  -3   1  -2  -4  -3  -2  -2  -4  -2  -3    0  99   0   0   0   0   0   0   0   0   0   0   0   0   0   0   0   0   1   0  1.24 0.14
  312 V     2  -3  -3  -3   0  -2  -3  -3  -3   2   0  -2   0  -2  -3  -1  -1  -3  -2   4   25   0   0   0   1   0   0   0   0   3   0   0   0   0   0   0   0   0   0  72  0.45 0.09
  313 W    -4  -4  -5  -6  -4  -3  -4  -4  -3  -4  -3  -4  -3   1  -5  -4  -4  12   2  -4    0   0   0   0   0   0   0   0   0   0   0   0   0   2   0   0   0  95   3   0  3.07 0.21
  314 Q    -1   0  -1  -1  -3   5   0   3  -1  -4  -3   0  -2  -4  -2   0   0  -3  -3  -3    1   0   0   0   0  61   0  27   0   0   0   1   0   0   0   7   4   0   0   0  0.64 0.10
  315 V    -1  -3  -4  -4  -2  -3  -3  -4  -4   2   0  -3   0  -2  -3  -2  -1  -4  -2   5    0   0   0   0   0   0   0   0   0   4   0   0   0   0   0   0   1   0   0  95  0.71 0.12
  316 M    -1  -2  -2  -3  -2  -1  -2  -3  -2   1   1  -2   7  -1  -3   0   2  -3  -2   0    3   0   0   0   0   0   0   0   0   6   2   0  63   0   0   7  16   0   0   3  0.51 0.11
  317 T     0   3   0  -1  -2   1  -1  -2  -1  -2  -2   0   0  -3  -2   3   3  -3  -2  -1    0  21   1   0   0   5   0   0   0   0   1   0   4   0   0  34  35   0   0   0  0.36 0.06
  318 A     3   0  -1  -1  -1  -1  -1  -1  -2  -2  -2  -1  -2  -3   1   3   2  -3  -2  -1   35   4   0   0   0   0   0   0   0   0   0   0   0   0   4  46  11   0   0   0  0.38 0.05
  319 N     0  -1   4   0  -2   0   0  -1  -1  -3  -3   0  -2  -3  -1   4   1  -3  -2  -2    0   0  33   0   0   0   0   0   0   0   0   0   0   0   0  67   0   0   0   0  0.51 0.04

                      K         Lambda
Standard Ungapped    0.1297     0.3164
Standard Gapped      0.0535     0.2670
PSI Ungapped         0.1748     0.3175
PSI Gapped           0.0535     0.2670
