
Last position-specific scoring matrix computed, weighted observed percentages rounded down, information per position, and relative weight of gapless real matches to pseudocounts
            A   R   N   D   C   Q   E   G   H   I   L   K   M   F   P   S   T   W   Y   V   A   R   N   D   C   Q   E   G   H   I   L   K   M   F   P   S   T   W   Y   V
    1 M    -1  -2  -2  -3  -2  -1  -2  -3  -2   1   3  -2   5   0  -3  -2  -1  -2  -1   1    0   0   0   0   0   0   0   0   0   0  16   0  84   0   0   0   0   0   0   0  0.33 0.00
    2 I    -1  -3  -3  -3  -1  -3  -3  -4  -3   4   2  -3   1   0  -3  -3  -1  -3  -1   3    0   0   0   0   0   0   0   0   0 100   0   0   0   0   0   0   0   0   0   0  0.39 0.00
    3 F    -2  -3  -3  -4  -2  -3  -3  -3  -2   0   1  -3   0   6  -4  -3  -2   1   3  -1    0   0   0   0   0   0   0   0   0   0  14   0   0  86   0   0   0   0   0   0  0.61 0.00
    4 I    -1  -3  -3  -3  -1  -3  -3  -4  -3   4   2  -3   1   0  -3  -2  -1  -3  -1   3    0   0   0   0   0   0   0   0   0  86   0   0   0   0   0   0   0   0   0  14  0.37 0.00
    5 R    -1   5  -1  -2  -4   1   0  -2   0  -3  -2   2  -2  -3   3  -1  -1  -3  -2  -3    0  86   0   0   0   0   0   0   0   0   0   0   0   0  14   0   0   0   0   0  0.68 0.00
    6 M    -1   5  -1  -2  -3   1   0  -3   0  -2  -1   2   1  -2  -2  -1  -1  -3  -2  -2    0  86   0   0   0   0   0   0   0   0   0   0  14   0   0   0   0   0   0   0  0.57 0.00
    7 K    -1   2   0  -1  -3   1   1   1  -1  -3  -3   4  -2  -3  -1   0  -1  -3  -2  -3    0   0   0   0   0   0   0  14   0   0   0  86   0   0   0   0   0   0   0   0  0.43 0.00
    8 S     1  -1   1   0  -1   0   0   0  -1  -3  -3   0  -2  -3  -1   4   1  -3  -2  -2    0   0   0   0   0   0   0   0   0   0   0   0   0   0   0 100   0   0   0   0  0.45 0.00
    9 L    -2  -2  -2  -3  -2  -1  -2  -3   5   1   3  -2   1   0  -3  -2  -1  -2   0   0    0   0   0   0   0   0   0   0  30   0  70   0   0   0   0   0   0   0   0   0  0.30 0.00
   10 M    -1  -2  -3  -4  -2  -1  -2  -3  -2   1   2  -2   7   0  -3  -2  -1  -2  -1   0    0   0   0   0   0   0   0   0   0   0   0   0 100   0   0   0   0   0   0   0  0.60 0.05
   11 V     0  -2  -1  -2  -1  -1  -1  -2  -2   1  -1  -1   0  -2  -2   1   4  -3  -2   2    4   0   0   0   0   0   0   0   0   0   0   0   3   0   0   6  57   0   0  30  0.29 0.02
   12 V     0  -3  -3  -4  -1  -3  -3  -4  -4   3   1  -3   1  -1  -3  -2   0  -3  -1   4    0   0   0   0   0   0   0   0   0   5   0   0   0   0   0   0   0   0   0  95  0.44 0.03
   13 K    -1   2   0  -1  -3   1   1  -2  -1  -3  -3   5  -2  -4  -1   0  -1  -3  -2  -3    0   0   0   0   0   0   0   0   0   0   0 100   0   0   0   0   0   0   0   0  0.64 0.04
   14 V     0  -3  -3  -4  -1  -3  -3  -4  -4   3   1  -3   1  -1  -3  -2   0  -3  -1   5    0   0   0   0   0   0   0   0   0   0   0   0   0   0   0   0   0   0   0 100  0.45 0.03
   15 G     0  -3  -1  -2  -3  -2  -2   6  -2  -4  -4  -2  -3  -3  -2   0  -2  -3  -3  -3    3   0   0   0   0   0   0  97   0   0   0   0   0   0   0   0   0   0   0   0  1.10 0.03
   16 I    -2  -3  -4  -4  -2  -3  -4  -4  -4   5   1  -3   1   0  -3  -3  -1  -3  -2   3    0   0   0   0   0   0   0   0   0 100   0   0   0   0   0   0   0   0   0   0  0.51 0.03
   17 N    -2  -1   7   1  -3   0  -1  -1   0  -4  -4   0  -3  -3  -2   0   0  -4  -2  -3    0   0 100   0   0   0   0   0   0   0   0   0   0   0   0   0   0   0   0   0  0.89 0.04
   18 G     0  -3  -1  -2  -3  -2  -2   6  -2  -4  -4  -2  -3  -4  -2  -1  -2  -3  -3  -4    0   0   0   0   0   0   0 100   0   0   0   0   0   0   0   0   0   0   0   0  1.15 0.03
   19 F    -3  -3  -3  -4  -3  -4  -4  -4  -2   0   0  -4   0   7  -4  -3  -3   1   3  -1    0   0   0   0   0   0   0   0   0   0   0   0   0 100   0   0   0   0   0   0  0.92 0.04
   20 G     0  -3  -1  -2  -3  -2  -2   6  -2  -4  -4  -2  -3  -4  -2  -1  -2  -3  -3  -4    0   0   0   0   0   0   0 100   0   0   0   0   0   0   0   0   0   0   0   0  1.15 0.03
   21 R    -2   6  -1  -2  -4   1   0  -3  -1  -3  -3   2  -2  -3  -3  -1  -1  -3  -2  -3    0 100   0   0   0   0   0   0   0   0   0   0   0   0   0   0   0   0   0   0  0.90 0.04
   22 I    -2  -3  -4  -4  -2  -3  -4  -4  -4   5   1  -3   1   0  -3  -3  -1  -3  -2   3    0   0   0   0   0   0   0   0   0 100   0   0   0   0   0   0   0   0   0   0  0.52 0.03
   23 G     0  -3  -1  -2  -3  -2  -2   6  -2  -4  -4  -2  -3  -4  -2  -1  -2  -3  -3  -4    0   0   0   0   0   0   0 100   0   0   0   0   0   0   0   0   0   0   0   0  1.15 0.03
   24 R    -2   6  -1  -2  -4   1   0  -3  -1  -3  -3   2  -2  -3  -2  -1  -1  -3  -2  -3    0  99   0   0   0   0   0   0   0   0   0   1   0   0   0   0   0   0   0   0  0.89 0.04
   25 L    -2  -2  -4  -4  -2  -2  -3  -4  -3   1   4  -3   2   0  -3  -3  -1  -2  -1   1    0   0   0   0   0   0   0   0   0   0 100   0   0   0   0   0   0   0   0   0  0.54 0.03
   26 A     5  -2  -2  -2  -1  -1  -1   0  -2  -2  -2  -1  -1  -3  -1   1   0  -3  -2   0  100   0   0   0   0   0   0   0   0   0   0   0   0   0   0   0   0   0   0   0  0.50 0.03
   27 F    -3  -3  -3  -4  -3  -4  -4  -4  -2   0   1  -4   0   7  -4  -3  -2   1   3  -1    0   0   0   0   0   0   0   0   0   0   4   0   0  96   0   0   0   0   0   0  0.87 0.04
   28 R    -2   6  -1  -2  -4   1   0  -3  -1  -3  -3   2  -2  -3  -3  -1  -1  -3  -2  -3    0 100   0   0   0   0   0   0   0   0   0   0   0   0   0   0   0   0   0   0  0.90 0.04
   29 R    -2   6  -1  -2  -4   1   0  -3  -1  -3  -2   2  -1  -3  -2  -1  -1  -3  -2  -3    0  94   0   0   0   1   1   0   0   0   4   0   0   0   0   0   0   0   0   0  0.80 0.04
   30 I    -2  -3  -4  -4  -2  -3  -4  -4  -4   5   1  -3   1   0  -3  -3  -1  -3  -2   3    0   0   0   0   0   0   0   0   0 100   0   0   0   0   0   0   0   0   0   0  0.52 0.03
   31 Q    -1   1   0  -1  -3   6   2  -2   0  -3  -2   1  -1  -4  -2   0  -1  -2  -2  -2    0   0   0   0   0  97   0   0   0   1   1   0   0   0   0   0   0   0   0   0  0.78 0.04
   32 N    -1  -1   4   3  -3   1   3  -1   0  -3  -3   0  -2  -3  -2   0  -1  -4  -2  -3    4   0  43  19   0   2  29   1   0   0   0   2   0   0   0   0   0   0   0   0  0.51 0.02
   33 I     0  -3  -3  -3  -1  -3  -3  -4  -3   2   1  -3   1  -1  -3  -2   0  -3  -1   4    0   0   1   0   0   0   0   0   0   1   6   0   0   1   0   0   0   0   0  91  0.40 0.03
   34 E    -1   0   0   2  -4   2   5  -2   0  -4  -3   1  -2  -4  -1   0  -1  -3  -2  -3    1   0   0   6   0   2  89   0   0   0   0   2   0   0   0   0   0   0   0   0  0.76 0.03
   35 G     0  -3   0  -2  -3  -2  -2   6  -2  -4  -4  -2  -3  -4  -2  -1  -2  -3  -3  -4    0   0   1   0   0   0   0  99   0   0   0   0   0   0   0   0   0   0   0   0  1.13 0.03
   36 V    -1  -3  -3  -4  -1  -3  -3  -4  -3   4   2  -3   1   0  -3  -2  -1  -3  -1   3    0   0   0   0   0   0   0   0   0  56  12   0   1   0   0   0   0   0   0  31  0.39 0.02
   37 E    -1   0  -1   1  -4   2   6  -2   0  -4  -3   1  -2  -4  -1   0  -1  -3  -2  -3    0   0   0   0   0   1  99   0   0   0   0   0   0   0   0   0   0   0   0   0  0.85 0.04
   38 V     0  -3  -3  -4  -1  -3  -3  -4  -4   3   1  -3   1  -1  -3  -2   0  -3  -2   5    0   0   0   0   0   0   0   0   0   0   0   0   0   0   0   0   0   0   0 100  0.46 0.03
   39 T     0  -2  -2  -3  -1  -2  -2  -3  -3   2   0  -2   0  -1  -2  -1   2  -3  -2   4    8   0   0   0   0   0   0   0   0   0   0   0   0   0   0   0  16   0   0  76  0.30 0.02
   40 R     4   2  -1  -2  -1   0  -1   0   0  -2  -2   0  -1  -3  -1   1   0  -3  -2  -1   74  24   0   0   0   0   0   0   2   0   0   0   0   0   0   0   0   0   0   0  0.35 0.02
   41 I    -2  -3  -4  -4  -2  -3  -4  -4  -4   5   1  -3   1   0  -3  -3  -1  -3  -2   3    0   0   0   0   0   0   0   0   0  99   0   0   0   0   0   0   0   0   0   1  0.51 0.03
   42 N    -2  -1   7   1  -3   0  -1  -1   0  -4  -4   0  -3  -3  -2   0   0  -4  -2  -3    0   0 100   0   0   0   0   0   0   0   0   0   0   0   0   0   0   0   0   0  0.89 0.04
   43 D    -2  -2   1   7  -4  -1   1  -2  -1  -4  -4  -1  -4  -4  -2  -1  -1  -5  -4  -4    0   0   0 100   0   0   0   0   0   0   0   0   0   0   0   0   0   0   0   0  1.07 0.04
   44 L    -2  -2  -4  -4  -2  -2  -3  -4  -3   1   4  -3   2   0  -3  -3  -1  -2  -1   1    0   0   0   0   0   0   0   0   0   0 100   0   0   0   0   0   0   0   0   0  0.54 0.03
   45 T     0  -1   0  -1  -1  -1  -1  -2  -2  -1  -2  -1  -1  -3  -1   1   5  -3  -2   0    0   0   0   0   0   0   0   0   0   0   0   0   0   0   0   0 100   0   0   0  0.61 0.04
   46 D    -2  -2   1   6  -4  -1   1  -2  -1  -4  -4  -1  -3  -4  -2   0  -1  -5  -3  -4    0   0   2  98   0   0   0   0   0   0   0   0   0   0   0   0   0   0   0   0  1.05 0.04
   47 P     3  -2  -2  -2  -1  -1  -1   0  -2  -2  -2  -1  -2  -3   5   1   0  -3  -2  -1   56   0   0   0   0   0   0   1   0   0   0   0   0   0  33   6   4   0   0   0  0.62 0.02
   48 N     1   1   3   1  -2   0   0  -1  -1  -2  -2   3  -2  -3  -1   0   0  -3  -2  -1   23   0  23   4   0   1   1   0   0   0   0  41   0   0   0   1   2   0   0   3  0.26 0.02
   49 M    -1  -1  -2  -3  -2   1  -2  -3  -2   1   1  -1   7  -1  -3  -1   0  -2  -1   0    1   0   0   0   0   7   0   0   0   0   0   0  84   0   0   0   7   0   0   0  0.43 0.04
   50 L    -2  -2  -4  -4  -2  -2  -3  -4  -3   1   4  -3   2   0  -3  -3  -1  -2  -1   1    0   0   0   0   0   0   0   0   0   0 100   0   0   0   0   0   0   0   0   0  0.54 0.03
   51 A     5  -2  -2  -2  -1  -1  -1   0  -2  -2  -2  -1  -1  -3  -1   1   0  -3  -2   0  100   0   0   0   0   0   0   0   0   0   0   0   0   0   0   0   0   0   0   0  0.50 0.03
   52 H    -2  -1   0  -1  -4   0   0  -2   9  -4  -3  -1  -2  -2  -3  -1  -2  -3   2  -4    0   0   0   1   0   0   0   0  98   0   0   0   0   0   0   0   0   0   1   0  1.11 0.05
   53 L    -2  -2  -4  -4  -2  -2  -3  -4  -3   1   4  -3   2   0  -3  -3  -1  -2  -1   1    0   0   0   0   0   0   0   0   0   0 100   0   0   0   0   0   0   0   0   0  0.54 0.03
   54 L    -2  -2  -4  -4  -2  -2  -3  -4  -3   1   4  -3   2   0  -3  -3  -1  -2  -1   1    0   0   0   0   0   0   0   0   0   0 100   0   0   0   0   0   0   0   0   0  0.54 0.03
   55 K    -1   2   0  -1  -3   1   1  -2  -1  -3  -3   5  -2  -4  -1   0  -1  -3  -2  -3    0   0   0   0   0   0   0   0   0   0   0 100   0   0   0   0   0   0   0   0  0.65 0.04
   56 Y    -2  -2  -3  -4  -3  -2  -2  -4   2  -2  -1  -2  -1   3  -3  -2  -2   2   8  -2    0   0   0   0   0   0   0   0   0   0   0   0   0   0   0   0   0   0 100   0  1.09 0.05
   57 D    -2  -2   1   7  -4  -1   1  -2  -1  -4  -4  -1  -4  -4  -2  -1  -1  -5  -4  -4    0   0   0 100   0   0   0   0   0   0   0   0   0   0   0   0   0   0   0   0  1.07 0.04
   58 T     0  -1   0  -1  -1  -1  -1  -2  -2  -1  -2  -1  -1  -3  -1   2   5  -3  -2   0    0   0   0   0   0   0   0   0   0   0   0   0   0   0   0  12  88   0   0   0  0.54 0.03
   59 T     0  -1   0  -1  -1  -1  -1  -2  -2  -1  -2  -1  -1  -3  -1   1   5  -3  -2   0    0   0   0   0   0   0   0   0   0   0   0   0   0   0   0   1  99   0   0   0  0.60 0.04
   60 Q    -1   1   0  -1  -3   6   2  -2   0  -3  -3   1  -1  -4  -2   0  -1  -2  -2  -3    0   0   0   0   0 100   0   0   0   0   0   0   0   0   0   0   0   0   0   0  0.83 0.05
   61 G     0  -3  -1  -2  -3  -2  -2   6  -2  -4  -4  -2  -3  -4  -2  -1  -2  -3  -3  -4    0   0   0   0   0   0   0 100   0   0   0   0   0   0   0   0   0   0   0   0  1.15 0.03
   62 R    -2   6  -1  -2  -4   1   0  -3  -1  -3  -3   2  -2  -3   0  -1  -1  -3  -2  -3    0  87   0   0   0   1   0   0   0   0   0   4   0   0   4   1   3   0   0   0  0.74 0.03
   63 F    -3  -3  -3  -4  -3  -4  -4  -4  -2   0   0  -4   0   7  -4  -3  -3   1   3  -1    0   0   0   0   0   0   0   0   0   0   0   0   0 100   0   0   0   0   0   0  0.93 0.04
   64 D    -2  -1   5   4  -3   1   1  -1   0  -3  -4   0  -3  -4  -2   0  -1  -4  -3  -3    0   0  47  43   0   5   0   0   0   0   0   5   0   0   0   0   0   0   0   0  0.65 0.02
   65 G     0  -3  -1  -2  -3  -2  -2   6  -2  -4  -4  -2  -3  -4  -2  -1  -2  -3  -3  -4    0   0   0   0   0   0   0 100   0   0   0   0   0   0   0   0   0   0   0   0  1.15 0.03
   66 T    -1  -1   0   4  -3   1   3  -2  -1  -2  -3   0  -2  -3  -1   1   2  -3  -2  -2    0   0   1  30   0   1  32   0   0   0   0   1   0   0   0   2  33   0   0   0  0.43 0.02
   67 V     0  -3  -3  -4  -1  -3  -3  -4  -4   3   1  -3   1  -1  -3  -2   0  -3  -2   5    0   0   0   0   0   0   0   0   0   0   0   0   0   0   0   0   0   0   0 100  0.46 0.03
   68 E    -1   0   0   2  -4   2   5  -2   0  -3  -3   1  -2  -4  -1   0  -1  -3  -2  -2    3   0   0   3   0   0  91   0   0   0   0   1   0   0   0   0   0   0   0   1  0.75 0.03
   69 V     0  -3  -3  -4  -1  -3  -3  -4  -4   3   1  -3   1  -1  -3  -2   0  -3  -1   5    0   0   0   0   0   0   0   0   0   2   1   0   0   0   0   0   0   0   0  97  0.45 0.03
   70 K    -1   1   0  -1  -3   0   0  -2   6  -2  -1   3  -1  -2  -2  -1  -1  -3   0  -2    0   0   3   0   0   0   0   1  45   0   8  39   0   0   0   0   0   0   0   3  0.40 0.03
   71 E    -2  -1   1   6  -4   0   3  -2  -1  -4  -4   0  -3  -4  -2   0  -1  -4  -3  -3    0   0   0  76   0   0  24   0   0   0   0   0   0   0   0   0   0   0   0   0  0.86 0.03
   72 G     0  -3   0   0  -3  -2  -2   6  -2  -4  -4  -2  -3  -4  -2   0  -2  -3  -3  -4    0   0   1   3   0   0   0  95   0   0   0   0   0   0   0   0   0   0   0   0  1.07 0.03
   73 G     1  -2  -1  -2  -2  -2  -2   3   0  -2  -2  -2  -1   3  -2   1  -1   0   3  -2   11   0   0   0   0   0   1  32   1   0   0   0   0  26   0  14   0   0  15   0  0.29 0.01
   74 F    -3  -3  -3  -4  -3  -4  -4  -4  -2   0   0  -4   0   7  -4  -3  -3   1   3  -1    0   0   0   0   0   0   0   0   0   0   0   0   0 100   0   0   0   0   0   0  0.93 0.04
   75 E    -1   1   3   1  -3   1   2  -2  -1  -2  -2   2  -1  -3  -2   0   1  -3  -2  -2    0   5  22   3   0   0  25   0   0   1   4  29   0   0   0   0  11   0   0   1  0.29 0.01
   76 V     0  -3  -3  -4  -1  -3  -3  -4  -4   3   1  -3   1  -1  -3  -2   0  -3  -2   5    0   0   0   0   0   0   0   0   0   1   0   0   0   0   0   0   0   0   0  99  0.46 0.03
   77 N    -2  -1   7   1  -3   0  -1  -1   0  -4  -4   0  -3  -3  -2   0   0  -4  -2  -3    0   0  99   0   0   0   0   0   0   0   0   1   0   0   0   0   0   0   0   0  0.88 0.04
   78 G     0  -3  -1  -2  -3  -2  -2   6  -2  -4  -4  -2  -3  -4  -2  -1  -2  -3  -3  -4    0   0   0   0   0   0   0 100   0   0   0   0   0   0   0   0   0   0   0   0  1.15 0.03
   79 N    -1   2   1   0  -3   1   1  -2  -1  -3  -3   5  -2  -3  -1   0  -1  -3  -2  -3    0   0   9   1   0   3   1   0   0   0   0  84   0   0   0   0   1   0   0   0  0.53 0.03
   80 F    -1  -1  -1   3  -3   0   4  -2  -1  -2  -2   0  -2   3  -2  -1  -1  -1   0  -2    1   0   0  20   0   0  45   0   0   0   0   2   0  32   0   0   0   0   0   0  0.38 0.02
   81 I    -1  -3  -3  -4  -1  -3  -3  -4  -4   3   1  -3   1  -1  -3  -2   0  -3  -1   4    0   0   0   0   0   0   0   0   0  11   0   0   0   0   0   0   0   0   0  89  0.43 0.03
   82 K    -1   2   0  -1  -3   1   1  -2  -1  -3  -3   5  -2  -3  -1   0  -1  -3  -2  -2    1   1   0   0   0   0   0   0   0   0   0  95   0   0   0   0   1   0   0   1  0.59 0.03
   83 V     0  -3  -3  -3  -1  -3  -3  -4  -3   3   1  -3   1  -1  -3  -2   0  -3  -1   4    0   0   0   0   0   0   0   0   0  10   0   0   0   0   0   0   4   0   0  87  0.41 0.03
   84 S    -1  -2  -2  -2  -1  -1  -2  -2  -2   1   3  -2   1   0  -2   1   1  -2   0   0    0   0   0   0   0   0   0   0   0   0  57   0   3   2   0  24  11   0   2   0  0.20 0.02
   85 A     4  -2  -1  -2  -1  -1  -1   0  -2  -2  -2  -1  -1  -3  -1   2   0  -3  -2  -1   86   0   0   0   0   0   1   1   0   0   0   0   0   0   0  12   0   0   0   0  0.43 0.03
   86 E    -1  -1   5   1  -3   1   3  -1   0  -4  -4   0  -2  -3  -2   0   0  -4  -2  -3    0   0  63   0   0   2  33   0   0   0   0   0   0   0   0   1   1   0   0   0  0.60 0.03
   87 R     1   5  -1  -2  -3   0   0  -2  -1  -3  -2   1  -2  -3   2   0  -1  -3  -2  -2   15  64   0   0   0   0   0   0   0   0   0   1   0   0  11   8   0   0   0   0  0.51 0.02
   88 D    -2  -1   5   3  -3   0   1  -1   0  -4  -4   0  -3  -4  -2   0  -1  -4  -3  -3    0   0  69  21   0   0   6   0   0   0   0   4   0   0   0   0   0   0   0   0  0.66 0.03
   89 P    -1  -3  -2  -2  -3  -2  -1  -3  -3  -3  -3  -1  -3  -4   8  -1  -1  -4  -3  -3    0   0   0   0   0   0   0   0   0   0   0   0   0   0 100   0   0   0   0   0  2.16 0.04
   90 E     1  -1   0   1  -3   1   4  -1  -1  -3  -3   0  -2  -3  -1   0  -1  -3  -2  -2   23   0   3   1   0   0  68   2   0   0   0   0   0   0   0   3   0   0   0   0  0.49 0.02
   91 N    -1   0   3   1  -4   2   5  -2   0  -4  -3   1  -2  -4  -2   0  -1  -3  -2  -3    0   0  21   0   0  10  67   0   0   0   0   3   0   0   0   0   0   0   0   0  0.61 0.03
   92 I    -2  -3  -4  -4  -1  -3  -3  -4  -3   3   4  -3   2   0  -3  -3  -1  -2  -1   2    0   0   0   0   0   0   0   0   0  35  65   0   0   0   0   0   0   0   0   0  0.43 0.02
   93 D    -1  -2   1   3  -3  -1   0  -2  -2  -3  -3  -1  -3  -4   7  -1  -1  -4  -3  -3    0   0   7  24   0   0   0   0   0   0   0   0   0   0  68   0   0   0   0   0  1.35 0.03
   94 W    -3  -3  -4  -5  -3  -2  -3  -3  -3  -3  -2  -4  -2   1  -4  -3  -3  12   2  -3    0   0   0   0   0   0   0   0   0   0   0   0   0   0   0   0   0 100   0   0  2.66 0.06
   95 A     2  -2  -1  -2  -2  -2  -2   5  -2  -3  -3  -1  -2  -3  -2   0  -1  -3  -3  -2   34   0   0   0   0   0   0  65   0   0   0   1   0   0   0   0   0   0   0   0  0.68 0.02
   96 T     0  -1   1   3  -3   1   4  -2  -1  -3  -3   0  -2  -3  -1   0   0  -3  -2  -2    6   0   6  26   0   0  50   0   0   0   0   0   0   0   0   4   8   0   0   0  0.50 0.02
   97 D    -2  -2  -1   2  -2  -1  -1  -3  -2   1   3  -2   1   0  -3  -1  -1  -2  -2   0    0   0   1  21   0   3   1   0   0   0  67   0   0   0   0   2   2   0   0   3  0.24 0.02
   98 G     0  -3  -1  -1  -3  -2  -1   6  -2  -4  -4  -2  -3  -4  -2  -1  -2  -3  -3  -4    0   0   0   0   0   0   3  97   0   0   0   0   0   0   0   0   0   0   0   0  1.08 0.03
   99 V     0  -3  -3  -3  -1  -2  -3  -3  -3   2   1  -2   0  -1  -3  -2   0  -3  -2   4    6   0   0   0   0   0   0   0   0   1   0   0   0   0   0   0   0   0   0  93  0.40 0.03
  100 E    -2  -1   0   5  -4   1   4  -2  -1  -4  -4   0  -3  -4  -2   0  -1  -4  -3  -3    0   0   0  49   0   1  49   0   0   0   0   0   0   0   0   0   0   0   0   0  0.75 0.03
  101 I    -2  -3  -4  -4  -2  -3  -4  -4  -4   5   1  -3   1   0  -3  -3  -1  -3  -2   3    0   0   0   0   0   0   0   0   0 100   0   0   0   0   0   0   0   0   0   0  0.52 0.03
  102 V     0  -3  -3  -4  -1  -3  -3  -4  -4   3   1  -3   1  -1  -3  -2   0  -3  -2   5    0   0   0   0   0   0   0   0   0   0   0   0   0   0   0   0   0   0   0 100  0.46 0.03
  103 L    -2  -2  -4  -4  -2  -2  -3  -4  -3   1   4  -3   2   0  -3  -3  -1  -2  -1   1    0   0   0   0   0   0   0   0   0   0 100   0   0   0   0   0   0   0   0   0  0.54 0.03
  104 E    -1   0  -1   1  -4   2   6  -3   0  -4  -3   1  -2  -4  -1   0  -1  -3  -2  -3    0   0   0   0   0   0 100   0   0   0   0   0   0   0   0   0   0   0   0   0  0.86 0.04
  105 A     2  -3  -2  -3   8  -2  -3  -2  -3  -2  -2  -2  -2  -3  -2   0  -1  -3  -3  -1   34   0   0   0  64   0   0   0   0   0   0   0   0   0   0   2   0   0   0   0  0.83 0.03
  106 T     0  -1   0  -1  -1  -1  -1  -2  -2  -1  -2  -1  -1  -3  -1   1   5  -3  -2   0    0   0   0   0   0   0   0   0   0   0   0   0   0   0   0   0 100   0   0   0  0.61 0.04
  107 G     0  -3  -1  -2  -3  -2  -2   6  -2  -4  -4  -2  -3  -4  -2  -1  -2  -3  -3  -4    0   0   0   0   0   0   0 100   0   0   0   0   0   0   0   0   0   0   0   0  1.15 0.03
  108 F    -3  -3  -3  -4  -3  -4  -4  -4  -2   0   0  -4   0   7  -4  -3  -3   1   3  -1    0   0   0   0   0   0   0   0   0   0   0   0   0 100   0   0   0   0   0   0  0.93 0.04
  109 F    -3  -3  -3  -4  -3  -4  -4  -4  -2   0   0  -4   0   7  -4  -3  -3   1   3  -1    0   0   0   0   0   0   0   0   0   0   0   0   0 100   0   0   0   0   0   0  0.93 0.04
  110 A     2  -1   0  -2  -1  -1  -1  -1  -2  -1  -1  -1  -1  -2  -1   1   4  -3  -2   0   36   0   2   0   0   0   0   0   0   0   0   0   0   0   0   0  57   0   0   5  0.34 0.02
  111 K     1  -1   0   0  -1   0   0  -1  -1  -2  -2   0  -1  -3  -1   4   3  -3  -2  -1    3   0   0   2   0   0   0   0   0   0   0   5   0   0   0  59  30   0   0   0  0.39 0.02
  112 K    -1   2   0  -1  -3   2   1  -2  -1  -3  -3   5  -2  -4  -1   0  -1  -3  -2  -3    0   0   0   0   0  10   0   0   0   0   0  90   0   0   0   0   0   0   0   0  0.60 0.03
  113 E     0   0   0   1  -3   1   5  -2   0  -3  -3   0  -2  -3  -1   0  -1  -3  -2  -2    8   0   0   3   0   0  83   0   0   0   0   0   0   0   0   4   2   0   0   0  0.65 0.03
  114 A     2   1  -1  -1  -2   0   0   1  -1  -3  -3   4  -2  -3  -1   0  -1  -3  -2  -2   27   0   0   0   0   0   0  11   0   0   0  62   0   0   0   0   0   0   0   0  0.34 0.02
  115 A     5  -2  -2  -2  -1  -1  -1   0  -2  -2  -2  -1  -1  -3  -1   1   0  -3  -2   0  100   0   0   0   0   0   0   0   0   0   0   0   0   0   0   0   0   0   0   0  0.50 0.03
  116 E    -1   0  -1   1  -4   2   6  -2   0  -4  -3   1  -2  -4  -1   0  -1  -3  -2  -3    0   0   0   0   0   0  99   1   0   0   0   0   0   0   0   0   0   0   0   0  0.84 0.04
  117 K    -1   1  -1  -2  -2   1   0  -2  -1   0   2   3   1  -1  -2  -1  -1  -2  -2  -1    4   0   0   0   0  11   0   0   0   0  44  42   0   0   0   0   0   0   0   0  0.20 0.02
  118 H    -2  -1   0  -2  -4   0   0  -3   9  -4  -3  -1  -2  -2  -3  -1  -2  -3   1  -4    0   0   0   0   0   0   0   0 100   0   0   0   0   0   0   0   0   0   0   0  1.15 0.05
  119 L    -2  -3  -4  -4  -2  -3  -3  -4  -3   2   4  -3   2   0  -3  -3  -1  -2  -1   1    0   0   0   0   0   0   0   0   0  15  85   0   0   0   0   0   0   0   0   0  0.48 0.02
  120 H    -1   1   0  -1  -3   2   1  -2   5  -3  -3   4  -1  -3  -2   0   0  -3   0  -3    0   0   0   0   0   8   1   0  31   0   0  52   0   0   0   0   6   0   0   0  0.43 0.02
  121 A     3  -2  -1  -1  -2  -1   1   4  -2  -3  -3  -1  -2  -3  -1   0  -1  -3  -3  -2   46   0   0   0   0   0  12  41   0   0   0   0   0   0   1   0   0   0   0   0  0.44 0.02
  122 N     0   0   3   0  -1   0   0   1   0  -1  -1   0  -1  -1   0   0   0  -1  -1  -1    6   3  28   4   1   3   4  11   1   3   6   5   2   3   3   5   4   1   2   4  0.10 0.00
  123 G     0  -3  -1  -2  -3  -2  -2   6  -2  -4  -4  -2  -3  -4  -2  -1  -2  -3  -3  -4    0   0   0   0   0   0   0 100   0   0   0   0   0   0   0   0   0   0   0   0  1.15 0.03
  124 A     5  -2  -2  -2  -1  -1  -1   0  -2  -2  -2  -1  -1  -3  -1   1   0  -3  -2   0  100   0   0   0   0   0   0   0   0   0   0   0   0   0   0   0   0   0   0   0  0.50 0.03
  125 K    -1   2   0  -1  -3   1   1  -2  -1  -3  -3   5  -2  -4  -1   0  -1  -3  -2  -3    0   0   0   0   0   0   0   0   0   0   0 100   0   0   0   0   0   0   0   0  0.65 0.04
  126 K    -1   4   0  -1  -4   1   0  -2  -1  -3  -3   4  -2  -3  -2  -1  -1  -3  -2  -3    0  42   0   0   0   0   0   0   0   0   0  58   0   0   0   0   0   0   0   0  0.61 0.03
  127 V     0  -3  -3  -4  -1  -3  -3  -4  -4   3   1  -3   1  -1  -3  -2   0  -3  -2   5    0   0   0   0   0   0   0   0   0   0   0   0   0   0   0   0   0   0   0 100  0.46 0.03
  128 V     0  -3  -3  -4  -1  -3  -3  -4  -4   3   1  -3   1  -1  -3  -2   0  -3  -2   5    0   0   0   0   0   0   0   0   0   2   0   0   0   0   0   0   0   0   0  98  0.45 0.03
  129 I    -2  -3  -4  -4  -2  -3  -4  -4  -4   5   1  -3   1   0  -3  -3  -1  -3  -2   2    0   0   0   0   0   0   0   0   0  99   1   0   0   0   0   0   0   0   0   0  0.51 0.03
  130 T     1  -1   0  -1  -1   0  -1  -1  -1  -2  -2  -1  -1  -3  -1   4   3  -3  -2  -1    0   0   0   0   0   0   0   0   0   0   0   0   0   0   0  64  36   0   0   0  0.45 0.03
  131 A     5  -2  -2  -2  -1  -1  -1   0  -2  -2  -2  -1  -1  -3  -1   1   0  -3  -2   0  100   0   0   0   0   0   0   0   0   0   0   0   0   0   0   0   0   0   0   0  0.50 0.03
  132 P    -1  -3  -2  -2  -3  -2  -1  -3  -3  -3  -3  -1  -3  -4   8  -1  -1  -4  -3  -3    0   0   0   0   0   0   0   0   0   0   0   0   0   0 100   0   0   0   0   0  2.16 0.04
  133 G     2  -2  -1  -2  -2  -2  -2   5  -2  -3  -3  -2  -2  -3  -2   0  -1  -3  -3  -2   27   0   0   0   0   0   0  73   0   0   0   0   0   0   0   0   0   0   0   0  0.77 0.02
  134 G     0  -2   0  -1  -2  -2  -2   5  -2  -3  -3  -1  -2  -3  -2   0   2  -3  -3  -2    0   0   0   0   0   0   0  73   0   0   0   0   0   0   0   4  23   0   0   0  0.73 0.02
  135 N    -1  -1   5   1  -3  -1  -1   3   0  -4  -4  -1  -3  -3  -2   1   0  -4  -3  -3    1   0  63   4   0   0   0  26   0   0   0   0   0   0   0   6   0   0   0   0  0.59 0.03
  136 D    -2  -2   1   6  -4   0   2  -2  -1  -4  -4  -1  -3  -4  -2  -1  -1  -5  -3  -4    0   0   0  96   0   0   4   0   0   0   0   0   0   0   0   0   0   0   0   0  1.03 0.04
  137 V    -1  -3  -3  -4  -1  -2  -3  -3  -3   2   1  -2   3  -1  -3  -2   0  -3  -1   4    0   0   0   0   0   0   0   0   0   2   0   0  22   0   0   0   0   0   0  76  0.37 0.03
  138 K    -1   1  -1  -1  -3   0   0  -2  -2  -3  -3   4  -2  -4   5  -1  -1  -4  -3  -3    0   0   0   0   0   0   0   0   0   0   0  59   0   0  41   0   0   0   0   0  0.85 0.03
  139 T     0  -1   0  -1  -1  -1  -1  -2  -2  -1  -2  -1  -1  -3  -1   1   5  -3  -2   0    0   0   0   0   0   0   0   0   0   0   0   0   0   0   0   0 100   0   0   0  0.61 0.04
  140 V    -1  -3  -3  -3  -1  -3  -3  -4  -4   4   1  -3   1  -1  -3  -2  -1  -3  -2   4    0   0   0   0   0   0   0   0   0  53   0   0   0   0   0   0   0   0   0  47  0.41 0.02
  141 V     0  -3  -3  -4  -1  -3  -3  -4  -4   3   1  -3   1  -1  -3  -2   0  -3  -2   5    0   0   0   0   0   0   0   0   0   0   0   0   0   0   0   0   0   0   0 100  0.46 0.03
  142 F    -2  -2  -3  -4  -3  -2  -3  -3   1  -1  -1  -3  -1   5  -4  -2  -2   2   6  -1    0   0   0   0   0   0   0   0   0   0   0   0   0  42   0   0   0   0  58   0  0.83 0.03
  143 N    -2  -1   7   1  -3   0  -1  -1   0  -4  -4   0  -3  -3  -2   0   0  -4  -2  -3    0   0 100   0   0   0   0   0   0   0   0   0   0   0   0   0   0   0   0   0  0.89 0.04
  144 T     0  -2  -1  -2  -1  -1  -2  -2  -2   1   0  -1   0  -2  -2   0   4  -3  -2   3    0   0   0   0   0   0   0   0   0   0   0   0   0   0   0   0  60   0   0  40  0.33 0.03
  145 N    -2  -1   7   1  -3   0  -1  -1   0  -4  -4   0  -3  -3  -2   0   0  -4  -2  -3    0   0 100   0   0   0   0   0   0   0   0   0   0   0   0   0   0   0   0   0  0.89 0.04
  146 H    -2  -1   0  -1  -4   0   0  -2   9  -4  -3  -1  -2  -2  -3  -1  -2  -3   1  -4    0   0   0   1   0   0   0   0  99   0   0   0   0   0   0   0   0   0   0   0  1.13 0.05
  147 D    -2  -1   1   5  -4   1   4  -2  -1  -3  -4   0  -3  -4  -2   0  -1  -4  -3  -3    0   0   1  54   0   0  42   0   0   0   0   2   0   0   0   0   1   0   0   0  0.73 0.03
  148 I    -1  -3  -2  -3  -1  -2  -3  -3  -3   4   1  -2   1  -1  -3  -1   2  -3  -2   2    0   0   0   0   0   0   0   0   0  68   0   0   0   0   0   0  23   0   0   9  0.32 0.02
  149 L    -2  -2  -4  -4  -2  -2  -3  -4  -3   1   4  -3   2   0  -3  -3  -1  -2  -1   1    0   0   0   0   0   0   0   0   0   0 100   0   0   0   0   0   0   0   0   0  0.54 0.03
  150 D    -1  -1   1   5  -2  -1   1  -2  -2  -2  -3   0  -2  -3  -2   0   3  -4  -3  -2    0   0   0  57   0   0   1   0   0   0   0   4   0   0   0   0  38   0   0   0  0.54 0.03
  151 G     0  -3  -1  -2  -3  -2  -2   6  -2  -4  -4  -2  -3  -4  -2  -1  -2  -3  -3  -4    0   0   0   0   0   0   0 100   0   0   0   0   0   0   0   0   0   0   0   0  1.15 0.03
  152 T     0   0   0   1  -2   0   2  -1  -1  -2  -2   1  -1  -3  -1   2   3  -3  -2  -1    0   0   1  10   0   0  14   0   0   0   0  16   0   0   0  20  39   0   0   0  0.30 0.01
  153 E    -1   0  -1   1  -4   2   6  -3   0  -4  -3   1  -2  -4  -1   0  -1  -3  -2  -3    0   0   0   0   0   0 100   0   0   0   0   0   0   0   0   0   0   0   0   0  0.86 0.04
  154 T     0  -1   0  -1  -1  -1  -1  -2  -2  -1  -2  -1  -1  -3  -1   1   5  -3  -2   0    0   0   0   0   0   0   0   0   0   0   0   0   0   0   0   0 100   0   0   0  0.61 0.04
  155 V     0  -3  -3  -4  -1  -3  -3  -4  -4   3   1  -3   1  -1  -3  -2   0  -3  -2   5    0   0   0   0   0   0   0   0   0   0   0   0   0   0   0   0   0   0   0 100  0.46 0.03
  156 I    -2  -3  -4  -4  -2  -3  -4  -4  -4   5   1  -3   1   0  -3  -3  -1  -3  -2   3    0   0   0   0   0   0   0   0   0  99   0   0   0   0   0   0   0   0   0   1  0.51 0.03
  157 S     1  -1   0  -1  -1   0   0  -1  -1  -3  -3   0  -2  -3  -1   5   1  -3  -2  -2    0   0   0   0   0   0   0   0   0   0   0   0   0   0   0 100   0   0   0   0  0.56 0.04
  158 G     1  -3  -1  -2  -3  -2  -2   6  -2  -4  -4  -2  -3  -3  -2   0  -2  -3  -3  -3    6   0   0   0   0   0   0  94   0   0   0   0   0   0   0   0   0   0   0   0  1.05 0.03
  159 A     4  -2  -2  -2  -1  -1  -1   1  -2  -2  -2  -1  -1  -3  -1   1   0  -3  -2  -1   95   0   0   0   0   0   0   5   0   0   0   0   0   0   0   0   0   0   0   0  0.48 0.03
  160 S     1  -1   0  -1  -1   0   0  -1  -1  -3  -3   0  -2  -3  -1   5   1  -3  -2  -2    0   0   0   0   0   0   0   0   0   0   0   0   0   0   0 100   0   0   0   0  0.56 0.04
  161 C    -1  -4  -3  -4  10  -3  -4  -3  -4  -2  -2  -4  -2  -3  -3  -1  -1  -3  -3  -1    0   0   0   0 100   0   0   0   0   0   0   0   0   0   0   0   0   0   0   0  1.53 0.05
  162 T     0  -1   0  -1  -1  -1  -1  -2  -2  -1  -2  -1  -1  -3  -1   1   5  -3  -2   0    0   0   0   0   0   0   0   0   0   0   0   0   0   0   0   0 100   0   0   0  0.61 0.04
  163 T     0  -1   0  -1  -1  -1  -1  -2  -2  -1  -2  -1  -1  -3  -1   1   5  -3  -2   0    0   0   0   0   0   0   0   0   0   0   0   0   0   0   0   0 100   0   0   0  0.61 0.04
  164 N    -2  -1   7   1  -3   0  -1  -1   0  -4  -4   0  -3  -3  -2   0   0  -4  -2  -3    0   0 100   0   0   0   0   0   0   0   0   0   0   0   0   0   0   0   0   0  0.89 0.04
  165 C    -1  -4  -3  -4  10  -3  -4  -3  -3  -2  -2  -3  -2  -3  -3  -1  -1  -3  -3  -1    0   0   0   0  97   0   0   0   0   0   0   0   0   0   0   3   0   0   0   0  1.44 0.05
  166 L    -2  -2  -4  -4  -2  -2  -3  -4  -3   1   4  -3   2   0  -3  -3  -1  -2  -1   1    0   0   0   0   0   0   0   0   0   0 100   0   0   0   0   0   0   0   0   0  0.54 0.03
  167 A     5  -2  -2  -2  -1  -1  -1   0  -2  -2  -2  -1  -1  -3  -1   1   0  -3  -2   0  100   0   0   0   0   0   0   0   0   0   0   0   0   0   0   0   0   0   0   0  0.50 0.03
  168 P    -1  -3  -2  -2  -3  -2  -1  -3  -3  -3  -3  -1  -3  -4   8  -1  -1  -4  -3  -3    0   0   0   0   0   0   0   0   0   0   0   0   0   0 100   0   0   0   0   0  2.16 0.04
  169 M    -1  -2  -3  -4  -2  -1  -2  -3  -2   1   2  -2   7   0  -3  -2  -1  -2  -1   0    0   0   0   0   0   0   0   0   0   0   0   0 100   0   0   0   0   0   0   0  0.61 0.05
  170 A     5  -2  -2  -2  -1  -1  -1   0  -2  -2  -2  -1  -1  -3  -1   1   0  -3  -2   0  100   0   0   0   0   0   0   0   0   0   0   0   0   0   0   0   0   0   0   0  0.50 0.03
  171 K    -1   1   1   3  -3   1   1  -2  -1  -3  -3   4  -2  -4  -1   0  -1  -4  -2  -3    1   0   2  23   0   4   0   0   0   0   0  69   0   0   0   0   0   0   0   0  0.48 0.03
  172 A     3  -2  -2  -2  -1  -1  -2  -1  -2   1  -1  -1   0  -2  -2   0   2  -3  -2   2   47   0   0   0   0   0   0   0   0   0   0   0   0   0   0   0  19   0   0  33  0.23 0.02
  173 L    -2  -2  -4  -4  -2  -2  -3  -4  -3   1   4  -3   2   0  -3  -3  -1  -2  -1   1    0   0   0   0   0   0   0   0   0   0 100   0   0   0   0   0   0   0   0   0  0.54 0.03
  174 H    -2   0   5   1  -3   3   1  -1   4  -4  -3   0  -2  -3  -2   0  -1  -3  -1  -3    0   0  56   1   0  22   3   0  18   0   0   0   0   0   0   0   0   0   0   0  0.55 0.03
  175 D    -2   0   1   5  -4   0   1  -2  -1  -3  -4   2  -3  -4  -2   0  -1  -4  -3  -3    0   0   1  71   0   0   2   0   0   0   0  26   0   0   0   0   0   0   0   0  0.71 0.03
  176 A     0   1   3   1  -3   2   1  -1   0  -3  -3   3  -2  -3  -1   1   0  -3  -2  -2   10   0  27   2   0  14   7   0   0   0   0  34   0   0   0   6   0   0   0   0  0.33 0.01
  177 F    -3  -3  -3  -4  -3  -3  -4  -4  -1   0   0  -3   0   7  -4  -3  -2   1   4  -1    0   0   0   0   0   0   0   0   0   0   0   0   0  92   0   0   0   0   8   0  0.88 0.04
  178 G     0  -2  -1  -2  -3  -2  -2   6  -2  -4  -4  -1  -3  -4  -2   0  -2  -3  -3  -3    0   0   0   0   0   0   1  97   0   0   0   1   0   0   0   0   1   0   0   0  1.08 0.03
  179 I    -1  -3  -3  -4  -1  -3  -3  -4  -4   4   1  -3   1  -1  -3  -2  -1  -3  -2   3    0   0   0   0   0   0   0   0   0  62   2   0   0   0   0   0   0   0   0  36  0.41 0.02
  180 Q     0  -1  -2  -2  -1   1   0  -3  -2   2   0   1   0  -2  -2  -1   0  -3  -2   3    4   0   1   0   0   9   4   0   0   3   0  14   0   0   0   0   0   0   0  65  0.18 0.02
  181 K    -1   0  -1   1  -3   3   4  -2   0  -2  -2   1  -1  -3  -1   0  -1  -3  -2  -1    2   0   0   0   0  17  62   0   0   0   0   6   0   0   0   2   0   0   0  10  0.48 0.02
  182 G     0  -3  -1  -2  -3  -2  -2   6  -2  -4  -4  -2  -3  -4  -2  -1  -2  -3  -3  -4    0   0   0   0   0   0   0 100   0   0   0   0   0   0   0   0   0   0   0   0  1.15 0.03
  183 L    -1  -2  -3  -3  -1  -2  -3  -4  -3   1   4  -2   2   0  -3  -2   1  -2  -1   1    0   0   0   0   0   0   0   0   0   1  85   0   2   0   0   0  12   0   0   0  0.41 0.02
  184 M    -1  -2  -3  -4  -2  -1  -2  -3  -2   1   2  -2   7   0  -3  -2  -1  -2  -1   0    0   0   0   0   0   0   0   0   0   0   0   0 100   0   0   0   0   0   0   0  0.61 0.05
  185 T     0  -1   0  -1  -1  -1  -1  -2  -2  -1  -2  -1  -1  -3  -1   1   5  -3  -2   0    0   0   0   0   0   0   0   0   0   0   0   0   0   0   0   0 100   0   0   0  0.61 0.04
  186 T     0  -1   0  -1  -1  -1  -1  -2  -2  -1  -2  -1  -1  -3  -1   1   5  -3  -2   0    0   0   0   0   0   0   0   0   0   0   0   0   0   0   0   0 100   0   0   0  0.61 0.04
  187 I    -2  -3  -4  -4  -1  -3  -4  -4  -4   5   1  -3   1   0  -3  -3  -1  -3  -2   3    0   0   0   0   0   0   0   0   0  94   0   0   0   0   0   0   0   0   0   6  0.49 0.03
  188 H    -2  -1   0  -2  -4   0   0  -3   9  -4  -3  -1  -2  -2  -3  -1  -2  -3   1  -4    0   0   0   0   0   0   0   0 100   0   0   0   0   0   0   0   0   0   0   0  1.15 0.05
  189 A     4  -2  -1  -2  -1  -1  -1   2  -2  -2  -2  -1  -1  -3  -1   1   0  -3  -2  -1   78   0   0   0   0   0   0  17   0   0   0   0   0   0   0   5   0   0   0   0  0.43 0.02
  190 Y    -2  -2  -3  -4  -3  -2  -2  -4   1  -2  -1  -2  -1   3  -3  -2  -2   2   8  -2    0   0   0   0   0   0   0   0   0   0   0   0   0   1   0   0   0   0  99   0  1.08 0.05
  191 T     0  -1   0  -1  -1  -1  -1  -2  -2  -1  -2  -1  -1  -3  -1   1   5  -3  -2   0    0   0   0   0   0   0   0   0   0   0   0   0   0   0   0   0 100   0   0   0  0.61 0.04
  192 G     0  -3  -1  -2  -3  -2  -2   6  -2  -4  -4  -2  -3  -4  -2  -1  -2  -3  -3  -4    0   0   0   0   0   0   0 100   0   0   0   0   0   0   0   0   0   0   0   0  1.15 0.03
  193 D    -2  -2   1   7  -4  -1   1  -2  -1  -4  -4  -1  -4  -4  -2  -1  -1  -5  -4  -4    0   0   0 100   0   0   0   0   0   0   0   0   0   0   0   0   0   0   0   0  1.07 0.04
  194 Q    -1   1   0  -1  -3   6   2  -2   0  -3  -3   1  -1  -4  -2   0  -1  -2  -2  -3    0   0   0   0   0 100   0   0   0   0   0   0   0   0   0   0   0   0   0   0  0.83 0.05
  195 M    -2  -1   4   0  -2   0  -1  -2  -1   0   0  -1   5  -1  -3  -1  -1  -3  -2  -1    0   0  48   0   0   0   0   0   0   0   0   0  52   0   0   0   0   0   0   0  0.37 0.04
  196 I     0  -2  -1  -2  -1  -1  -1  -2  -2   1  -1  -1   0  -2  -2   1   5  -3  -2   1    0   0   0   0   0   0   0   0   0  11   2   0   0   0   0   0  84   0   0   3  0.44 0.03
  197 L    -2  -2  -4  -4  -2  -2  -3  -4  -3   1   4  -3   2   0  -3  -3  -1  -2  -1   1    0   0   0   0   0   0   0   0   0   0 100   0   0   0   0   0   0   0   0   0  0.54 0.03
  198 D    -2  -2   1   7  -4  -1   1  -2  -1  -4  -4  -1  -4  -4  -2  -1  -1  -5  -4  -4    0   0   0 100   0   0   0   0   0   0   0   0   0   0   0   0   0   0   0   0  1.07 0.04
  199 G     3  -2  -1  -2  -1  -1  -2   4  -2  -3  -3  -1  -2  -3  -2   0  -1  -3  -3  -1   53   0   0   0   0   0   0  47   0   0   0   0   0   0   0   0   0   0   0   0  0.55 0.02
  200 P    -1  -3  -2  -2  -3  -2  -1  -3  -3  -3  -3  -1  -3  -4   8  -1  -1  -4  -3  -3    0   0   0   0   0   0   0   0   0   0   0   0   0   0 100   0   0   0   0   0  2.16 0.04
  201 H    -2  -1   0  -2  -4   0   0  -2   9  -4  -3  -1  -2  -2  -3  -1  -2  -3   1  -4    0   0   0   0   0   1   0   0  99   0   0   0   0   0   0   0   0   0   0   0  1.13 0.05
  202 R     0   4  -1  -2  -3   0  -1  -2  -1  -3  -3   1  -2  -3   5   0  -1  -3  -2  -2   10  46   1   0   0   0   0   0   0   0   0   6   0   0  34   1   0   0   0   0  0.69 0.02
  203 G    -1   1   0  -1  -3   0   0   3  -1  -3  -3   4  -2  -3  -1   0  -1  -3  -2  -3    0   0   2   0   0   0   0  30   0   0   0  64   0   0   0   0   0   0   0   0  0.43 0.02
  204 G     0  -2  -1  -1  -3  -2  -2   6  -2  -4  -4  -2  -3  -3  -2   0  -2  -3  -3  -3    0   0   0   0   0   0   0  95   0   0   0   0   0   0   0   0   0   0   0   0  1.04 0.03
  205 D    -2  -2   1   7  -4  -1   1  -2  -1  -4  -4  -1  -4  -4  -2  -1  -1  -5  -4  -4    0   0   0 100   0   0   0   0   0   0   0   0   0   0   0   0   0   0   0   0  1.07 0.04
  206 L    -2  -3  -3  -4  -2  -3  -3  -4  -2   0   2  -3   1   6  -4  -3  -2   0   3   0    0   0   0   0   0   0   0   0   0   0  30   0   3  63   0   0   0   0   5   0  0.56 0.02
  207 R    -2   6  -1  -2  -4   1   0  -3  -1  -3  -3   2  -2  -3  -3  -1  -1  -3  -2  -3    0 100   0   0   0   0   0   0   0   0   0   0   0   0   0   0   0   0   0   0  0.90 0.04
  208 R    -2   6  -1  -2  -4   1   0  -3  -1  -3  -3   2  -2  -3  -3  -1  -1  -3  -2  -3    0 100   0   0   0   0   0   0   0   0   0   0   0   0   0   0   0   0   0   0  0.90 0.04
  209 A     5  -2  -2  -2  -1  -1  -1   0  -2  -2  -2  -1  -1  -3  -1   1   0  -3  -2   0   98   0   0   0   0   0   0   1   0   0   0   0   0   0   0   1   0   0   0   0  0.49 0.03
  210 R    -2   6  -1  -2  -4   1   0  -3  -1  -3  -3   2  -2  -3  -3  -1  -1  -3  -2  -3    0 100   0   0   0   0   0   0   0   0   0   0   0   0   0   0   0   0   0   0  0.90 0.04
  211 A     5  -2  -2  -2  -1  -1  -1   0  -2  -2  -2  -1  -1  -3  -1   1   0  -3  -2   0   97   0   0   0   0   0   0   0   0   0   0   0   0   0   0   2   1   0   0   0  0.49 0.03
  212 G     4  -2  -2  -2  -1  -1  -1   1  -2  -2  -2  -1  -1  -3  -1   1   0  -3  -2  -1   90   0   0   0   0   0   0  10   0   0   0   0   0   0   0   0   0   0   0   0  0.46 0.03
  213 A     5  -2  -2  -2  -1  -1  -1   0  -2  -2  -2  -1  -1  -3  -1   1   0  -3  -2   0   99   0   0   0   0   0   0   0   0   0   0   0   0   0   0   1   0   0   0   0  0.50 0.03
  214 A     2  -1  -1   0  -2   1   4  -1  -1  -1  -2   0  -1  -3  -1   0  -1  -3  -2   0   33   0   0   0   0   2  48   1   0   2   0   0   0   0   0   3   0   0   0  10  0.29 0.02
  215 N    -2  -1   6   1  -3   0  -1  -1   0  -4  -4   0  -3  -3  -2   1   0  -4  -2  -3    0   0  98   0   0   0   0   0   0   0   0   0   0   0   0   2   0   0   0   0  0.87 0.04
  216 I    -2  -3  -4  -4  -2  -3  -4  -4  -4   5   1  -3   1   0  -3  -3  -1  -3  -2   3    0   0   0   0   0   0   0   0   0 100   0   0   0   0   0   0   0   0   0   0  0.52 0.03
  217 V    -1  -3  -3  -3  -1  -3  -3  -4  -4   3   1  -3   1  -1  -3  -2   0  -3  -1   4    0   0   0   0   0   0   0   0   0  26   0   0   0   0   0   0   1   0   0  73  0.41 0.02
  218 P    -1  -3  -2  -2  -3  -2  -1  -3  -3  -3  -3  -1  -3  -4   8  -1  -1  -4  -3  -3    0   0   0   0   0   0   0   0   0   0   0   0   0   0 100   0   0   0   0   0  2.16 0.04
  219 N    -2  -1   6   1  -3   0  -1  -1   0  -4  -4   0  -3  -3  -2   0   0  -4  -2  -3    1   0  99   0   0   0   0   0   0   0   0   0   0   0   0   0   0   0   0   0  0.87 0.04
  220 S     0  -1   0  -1  -1  -1  -1  -1  -2  -2  -2  -1  -1  -3  -1   3   4  -3  -2  -1    0   0   0   0   0   0   0   0   0   0   0   0   0   0   0  48  52   0   0   0  0.45 0.03
  221 T     0  -1   0  -1  -1  -1  -1  -2  -2  -1  -2  -1  -1  -3  -1   1   5  -3  -2   0    0   0   0   0   0   0   0   0   0   0   0   0   0   0   0   0 100   0   0   0  0.61 0.04
  222 G     0  -3  -1  -2  -3  -2  -2   6  -2  -4  -4  -2  -3  -4  -2  -1  -2  -3  -3  -4    0   0   0   0   0   0   0 100   0   0   0   0   0   0   0   0   0   0   0   0  1.15 0.03
  223 A     5  -2  -2  -2  -1  -1  -1   0  -2  -2  -2  -1  -1  -3  -1   1   0  -3  -2   0  100   0   0   0   0   0   0   0   0   0   0   0   0   0   0   0   0   0   0   0  0.50 0.03
  224 A     5  -2  -2  -2  -1  -1  -1   0  -2  -2  -2  -1  -1  -3  -1   1   0  -3  -2   0  100   0   0   0   0   0   0   0   0   0   0   0   0   0   0   0   0   0   0   0  0.50 0.03
  225 K    -1   2   0  -1  -3   1   1  -2  -1  -3  -3   5  -2  -4  -1   0  -1  -3  -2  -3    1   0   0   0   0   0   0   0   0   0   0  99   0   0   0   0   0   0   0   0  0.63 0.04
  226 A     5  -2  -2  -2  -1  -1  -1   0  -2  -2  -2  -1  -1  -3  -1   1   0  -3  -2   0  100   0   0   0   0   0   0   0   0   0   0   0   0   0   0   0   0   0   0   0  0.50 0.03
  227 I    -2  -3  -4  -4  -2  -3  -4  -4  -4   5   1  -3   1   0  -3  -3  -1  -3  -2   3    0   0   0   0   0   0   0   0   0 100   0   0   0   0   0   0   0   0   0   0  0.52 0.03
  228 G     0  -3  -1  -2  -3  -2  -2   6  -2  -4  -4  -2  -3  -4  -2  -1  -2  -3  -3  -4    0   0   0   0   0   0   0 100   0   0   0   0   0   0   0   0   0   0   0   0  1.15 0.03
  229 L    -2  -2  -4  -3  -2  -2  -2  -4  -3   1   4  -2   2   0  -3  -3  -1  -2  -1   1    0   0   0   0   0   1   3   0   0   0  95   0   0   0   0   0   0   0   0   0  0.47 0.03
  230 V     0  -3  -3  -4  -1  -3  -3  -4  -4   3   1  -3   1  -1  -3  -2   0  -3  -2   5    0   0   0   0   0   0   0   0   0   0   0   0   0   0   0   0   0   0   0 100  0.46 0.03
  231 I    -2  -3  -4  -4  -1  -3  -4  -4  -4   5   2  -3   1   0  -3  -3  -1  -3  -2   2    0   0   0   0   0   0   0   0   0  87  11   0   0   0   0   0   0   0   0   2  0.46 0.03
  232 P    -1  -3  -2  -2  -3  -2  -1  -3  -3  -3  -3  -1  -3  -4   8  -1  -1  -4  -3  -3    0   0   0   0   0   0   0   0   0   0   0   0   0   0 100   0   0   0   0   0  2.16 0.04
  233 E    -1   0   0   2  -4   2   5  -2   0  -4  -3   0  -2  -4  -1   0  -1  -3  -2  -3    1   0   0   6   0   0  88   0   0   0   0   0   0   0   0   3   1   0   0   0  0.74 0.03
  234 L    -2  -2  -4  -4  -2  -2  -3  -4  -3   1   4  -3   2   0  -3  -3  -1  -2  -1   1    0   0   0   0   0   0   0   0   0   0 100   0   0   0   0   0   0   0   0   0  0.54 0.03
  235 N    -1   0   5   1  -3   2   0  -1   0  -3  -3   2  -2  -3  -2   0   0  -4  -2  -3    1   0  64   0   0  13   0   0   0   0   0  19   0   0   0   2   0   0   0   1  0.53 0.03
  236 G     0  -3  -1  -2  -3  -2  -2   6  -2  -4  -4  -2  -3  -4  -2  -1  -2  -3  -3  -4    0   0   0   0   0   0   0 100   0   0   0   0   0   0   0   0   0   0   0   0  1.15 0.03
  237 K    -1   2   0  -1  -3   1   1  -2  -1  -3  -3   5  -2  -4  -1   0  -1  -3  -2  -3    0   0   0   0   0   0   0   0   0   0   0 100   0   0   0   0   0   0   0   0  0.65 0.04
  238 L    -2  -2  -4  -4  -2  -2  -3  -4  -3   1   4  -3   2   0  -3  -3  -1  -2  -1   1    0   0   0   0   0   0   0   0   0   0 100   0   0   0   0   0   0   0   0   0  0.54 0.03
  239 D    -2  -1   1   6  -4   1   1  -2  -1  -4  -4   0  -3  -4  -2   0  -1  -4  -3  -3    0   0   0  88   0  11   0   0   0   0   0   1   0   0   0   0   0   0   0   0  0.90 0.03
  240 G     0  -3  -1  -2  -3  -2  -2   6  -2  -4  -4  -2  -3  -4  -2  -1  -2  -3  -3  -4    0   0   0   0   0   0   0 100   0   0   0   0   0   0   0   0   0   0   0   0  1.15 0.03
  241 A     4  -1  -1  -2  -1  -1  -1   0   3  -2  -2  -1  -1  -2  -1   1   0  -3  -1  -1   84   0   0   0   0   0   0   0  12   0   0   0   0   0   0   4   0   0   0   0  0.40 0.03
  242 A     5  -2  -2  -2  -1  -1  -1   0  -2  -2  -2  -1  -1  -3  -1   1   0  -3  -2   0  100   0   0   0   0   0   0   0   0   0   0   0   0   0   0   0   0   0   0   0  0.50 0.03
  243 Q    -1   1   0  -1  -3   6   2  -2   0  -3  -3   1  -1  -4  -2   0  -1  -2  -2  -3    0   0   0   0   0 100   0   0   0   0   0   0   0   0   0   0   0   0   0   0  0.83 0.05
  244 R    -2   6  -1  -2  -4   1   0  -3  -1  -3  -3   2  -2  -3  -3  -1  -1  -3  -2  -3    0 100   0   0   0   0   0   0   0   0   0   0   0   0   0   0   0   0   0   0  0.90 0.04
  245 V     0  -3  -3  -4  -1  -3  -3  -4  -4   3   1  -3   1  -1  -3  -2   0  -3  -2   5    0   0   0   0   0   0   0   0   0   0   0   0   0   0   0   0   0   0   0 100  0.46 0.03
  246 P    -1  -2  -2  -2  -3  -2  -1  -2  -3  -3  -3  -1  -3  -4   8  -1  -1  -4  -3  -3    3   0   0   0   0   0   0   0   0   0   0   0   0   0  97   0   0   0   0   0  2.05 0.04
  247 V     0  -3  -3  -3  -1  -2  -3  -3  -3   2   0  -2   0  -1  -2  -1   1  -3  -2   4    0   0   0   0   0   0   0   0   0   1   0   0   0   0   0   1  10   0   0  87  0.36 0.03
  248 P     2  -2  -2  -2  -2  -1  -1  -1  -2  -3  -3  -1  -2  -3   7   0  -1  -4  -3  -2   35   0   0   0   0   0   0   0   0   0   0   0   0   0  65   0   0   0   0   0  1.24 0.03
  249 T     0  -1   0  -1  -1  -1  -1  -2  -2  -1  -1  -1  -1  -2  -1   1   5  -3  -2   0    2   0   0   0   0   0   0   0   0   0   0   0   0   0   0   1  96   0   0   1  0.57 0.04
  250 G     0  -3  -1  -2  -3  -2  -2   6  -2  -4  -4  -2  -3  -4  -2  -1  -2  -3  -3  -4    0   0   0   0   0   0   0 100   0   0   0   0   0   0   0   0   0   0   0   0  1.15 0.03
  251 S     1  -1   0  -1  -1   0   0  -1  -1  -3  -3   0  -2  -3  -1   5   1  -3  -2  -2    0   0   0   0   0   0   0   0   0   0   0   0   0   0   0 100   0   0   0   0  0.56 0.04
  252 V    -1  -3  -4  -4  -1  -2  -3  -4  -3   2   4  -3   2   0  -3  -3  -1  -2  -1   2    0   0   0   0   0   0   0   0   0   1  76   0   0   0   0   0   0   0   0  23  0.42 0.02
  253 T     0  -1   0  -1  -1  -1  -1  -2  -2  -1  -2  -1  -1  -3  -1   1   5  -3  -2   0    0   0   0   0   0   0   0   0   0   0   0   0   0   0   0   0 100   0   0   0  0.61 0.04
  254 E    -1   0  -1   1  -4   2   6  -3   0  -4  -3   1  -2  -4  -1   0  -1  -3  -2  -3    0   0   0   0   0   0 100   0   0   0   0   0   0   0   0   0   0   0   0   0  0.86 0.04
  255 L    -2  -2  -4  -4  -2  -2  -3  -4  -3   1   4  -3   2   0  -3  -3  -1  -2  -1   1    0   0   0   0   0   0   0   0   0   0 100   0   0   0   0   0   0   0   0   0  0.54 0.03
  256 V     0  -3  -3  -4  -1  -3  -3  -4  -3   3   1  -3   1   0  -3  -2   0  -3  -1   4    0   0   0   0   0   0   0   0   0   6   0   0   0   2   0   0   0   0   0  92  0.42 0.03
  257 V     1  -1   0  -1  -1  -1  -1  -2  -2  -1  -1  -1  -1  -2  -1   2   5  -3  -2   0    8   0   0   0   0   0   0   0   0   0   0   0   0   0   0  13  73   0   0   6  0.41 0.03
  258 T     0  -3  -3  -3  -1  -2  -3  -3  -3   3   1  -2   1  -1  -3  -2   1  -3  -1   4    0   0   0   0   0   0   0   0   0  11   0   0   0   0   0   0   7   0   0  81  0.38 0.03
  259 L    -2  -2  -4  -4   0  -2  -3  -4  -3   1   4  -3   2   0  -3  -3  -1  -2  -1   1    0   0   0   0   1   0   0   0   0   0  99   0   0   0   0   0   0   0   0   0  0.53 0.03
  260 D    -1  -1   2   5  -4   1   3  -1  -1  -3  -4   0  -3  -4  -2   0  -1  -4  -3  -3    0   0  10  49   0   0  35   3   0   0   0   0   0   0   0   3   0   0   0   0  0.64 0.02
  261 K    -1   2   0  -1  -3   1   1  -2  -1  -3  -3   5  -2  -3  -1   0  -1  -3  -2  -3    1   0   0   0   0   0   1   0   0   0   0  96   0   0   0   0   2   0   0   0  0.60 0.04
  262 N    -1   1   2   1  -3   1   3  -2  -1  -3  -3   3  -2  -3   1   0   1  -3  -2  -2    2   0  12   4   0   5  26   0   0   0   0  32   0   0   5   4  10   0   0   0  0.33 0.01
  263 V     0  -3  -3  -3  -1  -2  -3  -3  -3   2   1  -2   0  -1  -3  -2   0  -3  -2   4    2   0   0   0   0   0   0   0   0   0   0   0   0   0   0   0   4   0   0  93  0.40 0.03
  264 S     0  -1   0  -1  -1  -1  -1  -2  -2  -1  -2  -1  -1  -3  -1   2   5  -3  -2   0    0   0   0   1   0   0   0   0   0   0   0   0   0   0   0  13  86   0   0   0  0.52 0.03
  265 V     2  -2  -3  -3  -1  -2  -1  -2  -3   2   0  -2   0  -2  -1   0   0  -3  -2   3   35   0   0   0   0   0   2   0   0   0   0   0   0   0   1   0   0   0   0  62  0.24 0.02
  266 D    -1  -1   0   5  -4   1   4  -2  -1  -3  -4   0  -3  -4  -2   0  -1  -4  -3  -3    2   0   0  48   0   0  50   0   0   0   0   0   0   0   0   0   0   0   0   0  0.72 0.03
  267 E    -1   0   0   1  -4   2   5  -2   0  -4  -3   1  -2  -4  -1   0  -1  -3  -2  -3    1   0   0   1   0   4  92   0   0   0   0   0   0   0   0   1   0   0   0   0  0.78 0.03
  268 I    -1  -3  -3  -4  -1  -3  -3  -4  -4   4   1  -3   1  -1  -3  -2   0  -3  -1   4    0   0   0   0   0   0   0   0   0  37   0   0   0   0   0   0   0   0   0  63  0.41 0.02
  269 N    -2  -1   6   1  -3   0   0  -1   1  -4  -4   0  -3  -3  -2   0   0  -4  -2  -3    0   0  97   2   0   0   0   0   1   0   0   0   0   0   0   0   0   0   0   0  0.86 0.04
  270 A     4  -1  -2  -2  -1   0   0   0  -2  -2  -2   0  -1  -3  -1   1   0  -3  -2  -1   90   0   0   0   0   1   7   0   0   0   0   2   0   0   0   0   0   0   0   0  0.42 0.03
  271 A     4  -2  -2  -2  -1  -1  -1   0  -1  -1  -1  -1  -1  -2  -1   1   0  -3  -2   1   86   0   0   0   0   0   0   0   1   0   0   0   1   0   0   0   2   0   0  10  0.38 0.03
  272 M    -1  -2  -3  -4  -2  -1  -2  -3  -2   1   2  -2   7   0  -3  -2  -1  -2  -1   0    0   0   0   0   0   0   0   0   0   0   0   0 100   0   0   0   0   0   0   0  0.61 0.05
  273 K     0   2   0  -1  -3   1   2  -2  -1  -3  -3   5  -2  -3  -1   0  -1  -3  -2  -3    4   0   0   0   0   1  13   0   0   0   0  82   0   0   0   0   0   0   0   0  0.53 0.03
  274 A     3   0  -1   0  -1   0   2  -1  -1  -2  -2   1  -1  -3  -1   1   0  -3  -2  -1   62   0   1   1   0   0  19   0   0   0   0  15   0   0   0   2   0   0   0   0  0.30 0.02
  275 A     4  -2  -2  -2   0  -1  -1   0  -2  -1  -1  -1  -1  -2  -1   1   0  -3  -2   0   88   0   0   1   1   0   0   0   0   0   2   0   0   0   0   1   0   0   0   8  0.39 0.03
  276 S     4  -1  -1  -1  -1  -1  -1   0  -2  -2  -2  -1  -1  -3  -1   3   1  -3  -2  -1   66   0   0   0   0   0   1   0   0   0   0   0   0   0   0  30   2   0   0   0  0.38 0.02
  277 N    -2  -1   6   3  -3   0   0  -1   0  -3  -4  -1  -3  -3  -2   0   0  -4  -3  -3    0   0  76  20   0   0   0   0   0   0   0   0   0   0   0   0   5   0   0   0  0.71 0.03
  278 D    -1   0   0   3  -4   2   5  -2   0  -4  -3   0  -2  -4  -1   0  -1  -3  -2  -3    0   0   0  12   0   4  84   0   0   0   0   0   0   0   0   0   0   0   0   0  0.76 0.03
  279 S     1  -1   0  -1  -1   0   0  -1  -1  -2  -3   0  -2  -3  -1   4   2  -3  -2  -2    0   0   0   0   0   0   0   0   0   0   0   0   0   0   0  87  13   0   0   0  0.50 0.03
  280 F    -2  -2  -3  -4  -3  -2  -3  -4   1  -1  -1  -3  -1   5  -4  -2  -2   2   7  -1    0   0   0   0   0   0   0   0   0   0   0   0   0  29   0   0   0   0  71   0  0.88 0.04
  281 G     0  -3  -1  -2  -3  -2  -2   6  -2  -4  -4  -2  -3  -3  -2   0  -2  -3  -3  -3    3   0   0   0   0   0   0  97   0   0   0   0   0   0   0   0   0   0   0   0  1.09 0.03
  282 Y    -2  -2  -3  -4  -3  -2  -2  -4   2  -2  -1  -2  -1   3  -3  -2  -2   2   8  -2    0   0   0   0   0   0   0   0   0   0   0   0   0   0   0   0   0   0 100   0  1.09 0.05
  283 T    -1  -1   4   0  -2  -1  -1  -1  -1  -2  -2  -1  -1  -3  -2   1   4  -3  -2  -1    0   0  32   0   0   0   0   0   0   0   0   0   0   0   0   0  68   0   0   0  0.47 0.03
  284 E     0  -1   0   1  -3   1   5  -2  -1  -2  -2   0  -2  -3  -1   0   1  -3  -2  -1    4   0   1   0   0   0  70   0   0   2   0   0   0   0   0   1  16   0   0   5  0.47 0.02
  285 D    -2  -2   1   6  -4   0   2  -2  -1  -4  -4  -1  -3  -4  -2  -1  -1  -5  -3  -4    0   0   0  97   0   0   3   0   0   0   0   0   0   0   0   0   0   0   0   0  1.04 0.04
  286 P     0  -1  -1   0  -3   2   3  -2  -1  -3  -2   0  -1  -3   5  -1  -1  -3  -2  -2    4   0   0   0   0  18  36   0   0   0   2   0   4   0  36   0   0   0   0   0  0.70 0.02
  287 I    -2  -3  -4  -4  -2  -3  -4  -4  -4   5   2  -3   1   0  -3  -3  -1  -3  -2   2    0   0   0   0   0   0   0   0   0  94   5   0   0   0   0   0   0   0   0   1  0.49 0.03
  288 V     0  -3  -3  -4  -1  -3  -3  -4  -4   3   1  -3   1  -1  -3  -2   0  -3  -2   5    0   0   0   0   0   0   0   0   0   0   0   0   0   0   0   0   0   0   0 100  0.46 0.03
  289 S     1  -1   0  -1  -1   0   0  -1  -1  -3  -3   0  -2  -3  -1   5   1  -3  -2  -2    0   0   0   0   0   0   0   0   0   0   0   0   0   0   0 100   0   0   0   0  0.56 0.04
  290 S     1  -1   0  -1  -1   0   0  -1  -1  -3  -3   0  -2  -3  -1   5   1  -3  -2  -2    3   1   0   0   0   0   0   0   0   0   0   0   0   0   0  95   0   0   0   0  0.53 0.03
  291 D    -2  -2   1   7  -4  -1   1  -2  -1  -4  -4  -1  -4  -4  -2  -1  -1  -5  -4  -4    0   0   0 100   0   0   0   0   0   0   0   0   0   0   0   0   0   0   0   0  1.07 0.04
  292 I    -1  -3  -4  -4  -1  -3  -4  -4  -4   5   1  -3   1   0  -3  -3  -1  -3  -2   3    0   0   0   0   0   0   0   0   0  90   0   0   0   0   0   0   0   0   0  10  0.48 0.03
  293 V    -1  -2  -3  -3  -1  -2  -2  -3  -3   3   1   0   1  -1  -3  -2   0  -3  -2   4    1   0   0   0   0   0   0   0   0  28   2  11   0   0   0   0   0   0   0  58  0.28 0.02
  294 G     0  -3  -1  -2  -3  -2  -2   6  -2  -4  -4  -2  -3  -4  -2  -1  -2  -3  -3  -4    0   0   0   0   0   0   0 100   0   0   0   0   0   0   0   0   0   0   0   0  1.15 0.03
  295 V    -1  -2  -2  -2   0  -1  -1  -3  -2   3   2  -2   4   0  -3  -1  -1  -2  -1   2    0   0   0   1   2   0   3   0   0  43   2   0  40   0   0   5   0   0   0   3  0.26 0.02
  296 S     0  -1   1  -1  -1  -1  -1  -1  -1  -2  -2  -1  -1  -3  -1   3   4  -3  -2  -1    1   0   5   0   0   0   0   0   1   0   0   0   0   0   0  36  56   0   0   1  0.40 0.02
  297 Y    -2  -2  -1  -3  -3  -2  -2  -3   2  -1  -1  -2  -1   4  -3  -2  -2   2   7  -2    0   0   3   0   0   0   0   0   5   0   0   0   0  25   0   0   0   0  68   0  0.79 0.03
  298 G     0  -3  -1  -2  -3  -2  -2   6  -2  -4  -4  -2  -3  -4  -2   0  -2  -3  -3  -4    0   0   0   0   0   0   0  97   0   0   0   0   0   0   0   3   0   0   0   0  1.11 0.03
  299 S     1  -1   0  -1  -1   0   0  -1  -1  -3  -3   0  -2  -3  -1   5   1  -3  -2  -2    0   0   0   0   0   0   0   0   0   0   0   0   0   0   0 100   0   0   0   0  0.56 0.04
  300 L    -2  -3  -4  -4  -2  -2  -3  -4  -3   2   4  -3   2   0  -3  -3  -1  -2  -1   1    0   0   0   0   0   0   0   0   0   6  94   0   0   0   0   0   0   0   0   0  0.51 0.03
  301 F    -3  -3  -3  -4  -3  -4  -4  -4  -1   0   0  -3   0   7  -4  -3  -2   1   3  -1    0   0   0   0   0   0   0   0   0   0   0   0   0  97   0   0   0   0   3   0  0.91 0.04
  302 D    -2  -2   1   7  -4  -1   1  -2  -1  -4  -4  -1  -4  -4  -2  -1  -1  -5  -4  -4    0   0   0 100   0   0   0   0   0   0   0   0   0   0   0   0   0   0   0   0  1.07 0.04
  303 A     4  -1  -2  -1  -1  -1   1   0  -2  -2  -2  -1  -1  -3   0   1   0  -3  -2  -1   82   0   0   0   0   0  12   3   0   0   0   0   0   0   1   1   0   0   0   0  0.38 0.03
  304 T     0  -1   0  -1  -1  -1  -1  -2  -2  -1  -2  -1  -1  -3  -1   1   5  -3  -2   0    0   0   0   0   0   0   0   0   0   0   0   0   0   0   0   0 100   0   0   0  0.61 0.04
  305 Q    -1   1   0  -1  -3   6   2  -2   0  -3  -2   1  -1  -3  -2   0  -1  -2  -2  -2    0   0   0   0   0  96   0   0   0   0   4   0   0   0   0   0   0   0   0   0  0.74 0.04
  306 T     0  -1   0  -1  -1  -1  -1  -2  -2  -1  -2  -1  -1  -3  -1   1   5  -3  -2   0    0   0   0   0   0   0   0   0   0   0   0   0   0   0   0   0 100   0   0   0  0.61 0.04
  307 K    -1   2   0  -1  -4   1   2  -2  -1  -3  -3   5  -2  -3  -1   0  -1  -3  -2  -3    0   3   0   0   0   0  12   0   0   0   0  85   0   0   0   0   0   0   0   0  0.57 0.03
  308 V     0  -3  -3  -4  -1  -3  -3  -4  -4   3   1  -3   1  -1  -3  -2   0  -3  -2   5    0   0   0   0   0   0   0   0   0   1   0   0   0   0   0   0   0   0   0  99  0.46 0.03
  309 M    -1  -2  -2  -3  -2   0  -2  -3  -2   1   3  -2   5   0  -3  -1   1  -2  -1   0    0   0   0   0   0   4   0   0   0   0  34   0  49   0   0   0  12   0   0   0  0.31 0.03
  310 E     0  -1   0   1  -1   0   1  -2  -2  -1  -2  -1  -1  -3  -1   2   4  -3  -2  -1    2   0   0  11   0   0   9   0   0   0   0   0   0   0   0   9  70   0   0   0  0.40 0.03
  311 V     1  -3  -3  -3  -1  -2  -3  -3  -3   2   1  -2   0  -1  -3  -2   0  -3  -2   4    8   0   0   0   0   0   0   0   0   1   0   0   0   0   0   0   0   0   0  90  0.38 0.03
  312 D     0  -2   0   3  -3  -1   0   5  -2  -4  -4  -1  -3  -4  -2   0  -2  -3  -3  -3    2   0   1  33   0   0   0  63   0   0   0   0   0   0   0   0   0   0   0   0  0.73 0.02
  313 G    -1  -2   1   5  -3  -1   1   4  -2  -4  -4  -1  -3  -4  -2   0  -1  -4  -3  -4    0   0   1  57   0   0   1  41   0   0   0   0   0   0   0   0   0   0   0   0  0.71 0.02
  314 S    -1   2   0   0  -3   2   1  -2   1  -3  -3   4  -1  -3  -1   0   0  -3  -2  -2    2   0   4   2   0  11   4   0   3   0   0  67   0   0   0   2   4   0   0   3  0.40 0.02
  315 Q    -1   1   0  -1  -3   6   2  -2   0  -3  -3   1  -1  -4  -2   0  -1  -2  -2  -3    0   0   0   0   0 100   0   0   0   0   0   0   0   0   0   0   0   0   0   0  0.83 0.05
  316 L    -2  -2  -4  -4  -2  -2  -3  -4  -3   1   4  -3   2   0  -3  -3  -1  -2  -1   1    0   0   0   0   0   0   0   0   0   0 100   0   0   0   0   0   0   0   0   0  0.54 0.03
  317 V     0  -3  -3  -4  -1  -3  -3  -4  -4   3   1  -3   1  -1  -3  -2   0  -3  -2   5    0   0   0   0   0   0   0   0   0   0   0   0   0   0   0   0   0   0   0 100  0.46 0.03
  318 K    -1   2   0  -1  -3   1   1  -2  -1  -3  -3   5  -2  -4  -1   0  -1  -3  -2  -3    0   0   0   0   0   0   0   0   0   0   0 100   0   0   0   0   0   0   0   0  0.65 0.04
  319 V     0  -2  -1  -2  -1  -1  -1  -2  -2   0  -1  -1  -1  -2  -2   1   5  -3  -2   1    0   0   0   0   0   0   0   0   0   0   0   0   0   0   0   0  86   0   0  14  0.47 0.03
  320 V     0  -3  -3  -4  -1  -3  -3  -4  -4   3   1  -3   1  -1  -3  -2   0  -3  -2   5    0   0   0   0   0   0   0   0   0   0   0   0   0   0   0   0   0   0   0 100  0.46 0.03
  321 S     3  -1  -1  -1   0  -1  -1   0  -2  -2  -2  -1  -1  -3  -1   3   1  -3  -2  -1   56   0   0   0   1   0   0   0   0   0   0   0   0   0   0  42   0   0   0   0  0.39 0.02
  322 W    -3  -3  -4  -5  -3  -2  -3  -3  -3  -3  -2  -4  -2   1  -4  -3  -3  12   2  -3    0   0   0   0   0   0   0   0   0   0   0   0   0   0   0   0   0 100   0   0  2.66 0.06
  323 Y    -2  -2  -3  -4  -3  -2  -2  -4   2  -2  -1  -2  -1   3  -3  -2  -2   2   8  -2    0   0   0   0   0   0   0   0   0   0   0   0   0   0   0   0   0   0 100   0  1.09 0.05
  324 D    -2  -2   1   7  -4  -1   1  -2  -1  -4  -4  -1  -4  -4  -2  -1  -1  -5  -4  -4    0   0   0 100   0   0   0   0   0   0   0   0   0   0   0   0   0   0   0   0  1.07 0.04
  325 N    -2  -1   7   1  -3   0  -1  -1   0  -4  -4   0  -3  -3  -2   0   0  -4  -2  -3    0   0 100   0   0   0   0   0   0   0   0   0   0   0   0   0   0   0   0   0  0.89 0.04
  326 E    -1   0  -1   1  -4   2   6  -3   0  -4  -3   1  -2  -4  -1   0  -1  -3  -2  -3    0   0   0   0   0   0 100   0   0   0   0   0   0   0   0   0   0   0   0   0  0.86 0.04
  327 M    -1  -2  -3  -4  -2  -1  -2  -3  -2   1   2  -2   7   0  -3  -2  -1  -2  -1   0    0   0   0   0   0   0   0   0   0   0   0   0 100   0   0   0   0   0   0   0  0.61 0.05
  328 S     1  -1   0  -1  -1   0   0  -1  -1  -3  -3   0  -2  -3  -1   5   1  -3  -2  -2    0   0   0   0   0   0   0   0   0   0   0   0   0   0   0 100   0   0   0   0  0.56 0.04
  329 Y    -2  -2  -3  -4  -3  -2  -2  -4   2  -2  -1  -2  -1   3  -3  -2  -2   2   8  -2    0   0   0   0   0   0   0   0   0   0   0   0   0   0   0   0   0   0 100   0  1.09 0.05
  330 T     0  -1   0  -1  -1  -1  -1  -2  -2  -1  -2  -1  -1  -3  -1   1   5  -3  -2   0    0   0   0   0   0   0   0   0   0   0   0   0   0   0   0   0 100   0   0   0  0.61 0.04
  331 A     4  -1  -1  -1  -1  -1  -1   0  -2  -2  -2  -1  -1  -3  -1   3   0  -3  -2  -1   70   0   0   0   0   0   0   0   0   0   0   0   0   0   0  30   0   0   0   0  0.41 0.02
  332 Q    -1   1   0  -1  -3   6   2  -2   0  -3  -3   1  -1  -4  -2   0  -1  -2  -2  -3    0   0   3   0   0  97   0   0   0   0   0   0   0   0   0   0   0   0   0   0  0.80 0.05
  333 L    -2  -2  -4  -4  -2  -2  -3  -4  -3   1   4  -3   2   0  -3  -3  -1  -2  -1   1    0   0   0   0   0   0   0   0   0   0 100   0   0   0   0   0   0   0   0   0  0.54 0.03
  334 V    -1  -3  -3  -4  -1  -3  -3  -4  -4   3   1  -3   1  -1  -3  -2   0  -3  -1   4    0   0   0   0   0   0   0   0   0  23   0   0   0   0   0   0   0   0   0  77  0.42 0.03
  335 R    -2   6  -1  -2  -4   1   0  -3  -1  -3  -3   2  -2  -3  -3  -1  -1  -3  -2  -3    0 100   0   0   0   0   0   0   0   0   0   0   0   0   0   0   0   0   0   0  0.90 0.04
  336 T     0  -1   0  -1  -1  -1  -1  -2  -2  -1  -2  -1  -1  -3  -1   1   5  -3  -2   0    0   0   0   0   0   0   0   0   0   0   0   0   0   0   0   0 100   0   0   0  0.61 0.04
  337 L    -2  -2  -4  -4  -2  -2  -3  -4  -3   1   4  -3   2   0  -3  -3  -1  -2  -1   1    0   0   0   0   0   0   0   0   0   0  99   0   0   0   0   0   0   0   0   1  0.54 0.03
  338 E    -1   0  -1   1  -4   2   5  -2   0  -3  -3   1  -2  -4  -1   0  -1  -3  -2  -3    0   0   0   0   0   5  92   0   0   1   0   3   0   0   0   0   0   0   0   0  0.77 0.03
  339 Y    -2  -2  -2  -3  -3  -1  -2  -3   4  -2  -2  -2  -1   3  -3  -2  -2   2   7  -2    0   0   0   0   0   0   0   0  11   0   0   1   0   2   0   0   0   0  86   0  0.91 0.04
  340 F    -3  -3  -3  -4  -3  -4  -4  -4  -2   0   0  -4   0   7  -4  -3  -3   1   3  -1    0   0   0   0   0   0   0   0   0   0   0   0   0 100   0   0   0   0   0   0  0.93 0.04
  341 A     5  -2  -2  -2  -1  -1  -1   0  -2  -2  -2  -1  -1  -3  -1   1   0  -3  -2   0   99   0   0   0   0   0   0   0   0   0   0   0   0   0   0   0   0   0   0   1  0.49 0.03
  342 K    -1   2   2   0  -3   1   1  -2  -1  -3  -3   5  -2  -3  -1   0  -1  -3  -2  -3    0   0  12   0   0   0   3   0   0   0   0  82   0   0   0   3   0   0   0   0  0.51 0.03
  343 I    -2  -2  -4  -4  -2  -2  -3  -4  -3   3   3  -2   2   0  -3  -3  -1  -2  -1   2    0   0   0   0   0   0   0   0   0  36  61   2   1   0   0   0   0   0   0   0  0.39 0.02
  344 A     4  -2  -1  -2  -1  -1  -1   2  -2  -1  -2  -1  -1  -2  -1   1   0  -3  -2   0   74   0   0   0   0   0   0  13   0   3   0   0   0   0   0   6   0   0   0   3  0.35 0.02
  345 K    -1   2   0  -1  -3   1   1  -2  -1  -3  -3   5  -2  -3  -1   0  -1  -3  -2  -3    0   0   0   0   0   2   0   0   0   0   0  98   0   0   0   0   0   0   0   0  0.59 0.02

                      K         Lambda
Standard Ungapped    0.1340     0.3168
Standard Gapped      0.0475     0.2670
PSI Ungapped         0.1551     0.3175
PSI Gapped           0.0475     0.2670
