
Last position-specific scoring matrix computed, weighted observed percentages rounded down, information per position, and relative weight of gapless real matches to pseudocounts
           A  R  N  D  C  Q  E  G  H  I  L  K  M  F  P  S  T  W  Y  V   A   R   N   D   C   Q   E   G   H   I   L   K   M   F   P   S   T   W   Y   V
    1 M   -1 -2 -3 -4 -2 -1 -2 -3 -2  1  2 -2  7  0 -3 -2 -1 -2 -1  0    0   0   0   0   0   0   0   0   0   0   0   0 100   0   0   0   0   0   0   0  0.62 0.05
    2 A    4 -2 -2 -2 -1 -1 -1  1 -2 -2 -2 -1 -1 -3 -1  1  0 -3 -2 -1   93   0   0   0   0   0   0   4   0   0   0   0   0   0   0   4   0   0   0   0  0.47 0.03
    3 K   -1  2  0 -1 -3  1  1 -2 -1 -3 -3  5 -2 -4 -1  0 -1 -3 -2 -3    0   1   0   0   0   0   0   0   0   0   0  99   0   0   0   0   0   0   0   0  0.65 0.04
    4 E    0  0 -1  1 -3  2  5 -2  0 -3 -3  1 -2 -3 -1  0 -1 -3 -2 -2    9   0   0   0   0   7  83   0   0   0   0   1   0   0   0   0   0   0   0   0  0.68 0.03
    5 K   -1  1  0 -1 -3  1  0 -2  5 -3 -3  4 -2 -3 -2 -1 -1 -3 -1 -3    0   0   0   0   0   0   0   0  28   0   0  71   0   0   0   0   2   0   0   0  0.51 0.03
    6 Y   -2 -3 -3 -4 -3 -3 -3 -3  0 -1  0 -3 -1  6 -4 -2 -2  1  6 -1    0   0   0   0   0   0   0   0   0   0   0   0   0  53   0   0   0   0  47   0  0.82 0.03
    7 D   -2 -1  1  6 -4  0  3 -2 -1 -4 -4 -1 -3 -4 -2  0 -1 -4 -3 -3    0   0   0  78   0   0  21   0   0   0   0   0   0   0   0   1   0   0   0   0  0.87 0.03
    8 R   -2  6 -1 -2 -4  1  0 -3 -1 -3 -3  2 -2 -3 -3 -1 -1 -3 -2 -3    0 100   0   0   0   0   0   0   0   0   0   0   0   0   0   0   0   0   0   0  0.91 0.04
    9 S    1 -1  0 -1 -1  0 -1 -1 -1 -2 -2 -1 -2 -3 -1  4  3 -3 -2 -1    0   0   0   0   0   0   0   0   0   0   0   0   0   0   0  76  24   0   0   0  0.47 0.03
   10 K   -1  2  0 -1 -3  1  1 -2 -1 -3 -3  5 -2 -4 -1  0 -1 -3 -2 -3    0   0   0   0   0   0   0   0   0   0   0 100   0   0   0   0   0   0   0   0  0.65 0.04
   11 P   -1 -2 -2 -1 -3 -1  0 -2 -2 -3 -3 -1 -3 -4  7  0  0 -4 -3 -2    1   0   0   0   0   0   4   0   0   0   0   0   0   0  83   5   6   0   0   0  1.66 0.04
   12 H   -2 -1  0 -2 -4  0  0 -3  9 -4 -3 -1 -2 -2 -3 -1 -2 -3  1 -4    0   0   0   0   0   0   0   0 100   0   0   0   0   0   0   0   0   0   0   0  1.16 0.05
   13 V    1 -3 -3 -3  0 -2 -3 -3 -3  2  1 -2  0 -1 -2 -1  0 -3 -2  4   10   0   0   0   2   0   0   0   0   0   4   0   0   0   0   0   0   0   0  84  0.35 0.03
   14 N   -2 -1  7  1 -3  0 -1 -1  0 -4 -4  0 -3 -3 -2  0  0 -4 -2 -3    0   0 100   0   0   0   0   0   0   0   0   0   0   0   0   0   0   0   0   0  0.90 0.04
   15 I   -1 -3 -4 -4 -1 -3 -4 -4 -4  5  1 -3  1  0 -3 -3 -1 -3 -2  3    0   0   0   0   0   0   0   0   0  89   0   0   0   0   0   0   0   0   0  11  0.48 0.03
   16 G    0 -3 -1 -2 -3 -2 -2  6 -2 -4 -4 -2 -3 -4 -2 -1 -2 -3 -3 -4    0   0   0   0   0   0   0 100   0   0   0   0   0   0   0   0   0   0   0   0  1.16 0.03
   17 T    0 -1  0 -1 -1 -1 -1 -2 -2 -1 -2 -1 -1 -3 -1  1  5 -3 -2  0    0   0   0   0   0   0   0   0   0   0   0   0   0   0   0   0 100   0   0   0  0.62 0.04
   18 I   -2 -3 -4 -4 -2 -3 -4 -4 -4  5  2 -3  1  0 -3 -3 -1 -3 -2  2    0   0   0   0   0   0   0   0   0  93   7   0   0   0   0   0   0   0   0   0  0.49 0.03
   19 G    0 -3 -1 -2 -3 -2 -2  6 -2 -4 -4 -2 -3 -4 -2 -1 -2 -3 -3 -4    0   0   0   0   0   0   0 100   0   0   0   0   0   0   0   0   0   0   0   0  1.16 0.03
   20 H   -2 -1  0 -2 -4  0  0 -3  9 -4 -3 -1 -2 -2 -3 -1 -2 -3  1 -4    0   0   0   0   0   0   0   0 100   0   0   0   0   0   0   0   0   0   0   0  1.16 0.05
   21 V    0 -3 -3 -4 -1 -3 -3 -4 -4  2  1 -3  1 -1 -3 -2  0 -3 -2  5    0   0   0   0   0   0   0   0   0   0   0   0   0   0   0   0   0   0   0 100  0.47 0.03
   22 D   -2 -2  1  6 -4 -1  1 -2 -1 -4 -4 -1 -4 -4 -2 -1 -1 -5 -4 -4    0   0   0 100   0   0   0   0   0   0   0   0   0   0   0   0   0   0   0   0  1.08 0.04
   23 H   -2 -1  0 -2 -4  0  0 -3  9 -4 -3 -1 -2 -2 -3 -1 -2 -3  1 -4    0   0   0   0   0   0   0   0 100   0   0   0   0   0   0   0   0   0   0   0  1.16 0.05
   24 G    0 -3 -1 -2 -3 -2 -2  6 -2 -4 -4 -2 -3 -4 -2 -1 -2 -3 -3 -4    0   0   0   0   0   0   0 100   0   0   0   0   0   0   0   0   0   0   0   0  1.16 0.03
   25 K   -1  2  0 -1 -3  1  1 -2 -1 -3 -3  5 -2 -4 -1  0 -1 -3 -2 -3    0   0   0   0   0   0   0   0   0   0   0 100   0   0   0   0   0   0   0   0  0.65 0.04
   26 T    0 -1  0 -1 -1 -1 -1 -2 -2 -1 -2 -1 -1 -3 -1  1  5 -3 -2  0    0   0   0   0   0   0   0   0   0   0   0   0   0   0   0   0 100   0   0   0  0.62 0.04
   27 T    0 -1  0 -1 -1 -1 -1 -2 -2 -1 -2 -1 -1 -3 -1  1  5 -3 -2  0    0   0   0   0   0   0   0   0   0   0   0   0   0   0   0   0 100   0   0   0  0.62 0.04
   28 L   -2 -2 -4 -4 -2 -2 -3 -4 -3  1  4 -3  2  0 -3 -3 -1 -2 -1  1    0   0   0   0   0   0   0   0   0   0  99   0   0   0   0   0   1   0   0   0  0.53 0.03
   29 T    0 -1  0 -1 -1 -1 -1 -2 -2 -1 -2 -1 -1 -3 -1  2  5 -3 -2  0    0   0   0   0   0   0   0   0   0   0   0   0   0   0   0  14  86   0   0   0  0.53 0.03
   30 A    5 -2 -2 -2 -1 -1 -1  0 -2 -2 -2 -1 -1 -3 -1  1  0 -3 -2  0  100   0   0   0   0   0   0   0   0   0   0   0   0   0   0   0   0   0   0   0  0.51 0.03
   31 A    5 -2 -2 -2 -1 -1 -1  0 -2 -2 -2 -1 -1 -3 -1  1  0 -3 -2  0  100   0   0   0   0   0   0   0   0   0   0   0   0   0   0   0   0   0   0   0  0.51 0.03
   32 I   -2 -3 -4 -4 -2 -3 -4 -4 -4  5  1 -3  1  0 -3 -3 -1 -3 -2  2    0   0   0   0   0   0   0   0   0 100   0   0   0   0   0   0   0   0   0   0  0.52 0.04
   33 T    2 -1  0 -1 -1 -1 -1 -1 -2 -1 -2 -1 -1 -2 -1  1  4 -3 -2  0   24   0   0   0   0   0   0   0   0   0   0   0   0   0   0   5  72   0   0   0  0.43 0.03
   34 T    0 -1  0 -1 -1  0 -1 -2 -2 -1 -2  1 -1 -3 -1  1  5 -3 -2 -1    2   0   0   0   0   1   0   0   0   0   0  14   0   0   0   5  78   0   0   0  0.44 0.03
   35 V    0 -3 -3 -4 -1 -3 -3 -4 -4  2  1 -3  1 -1 -3 -2  0 -3 -2  5    0   0   0   0   0   0   0   0   0   0   0   0   0   0   0   0   0   0   0 100  0.47 0.03
   36 L   -2 -2 -4 -4 -2 -2 -3 -4 -3  1  4 -3  2  0 -3 -3 -1 -2 -1  1    0   0   0   0   0   0   0   0   0   0  98   0   2   0   0   0   0   0   0   0  0.54 0.03
   37 A    3 -1  0 -1 -1 -1 -1  1  0 -2 -2 -1 -1 -3 -1  2  0 -3 -2 -1   60   0   1   0   0   0   0   7   2   0   0   0   0   0   0  30   0   0   0   0  0.36 0.02
   38 R   -1  2  0  0 -3  1  1 -2 -1 -3 -3  5 -2 -3 -1  0 -1 -3 -2 -3    2   6   0   4   0   0   7   0   0   0   0  80   0   0   0   1   0   0   0   0  0.52 0.03
   39 R   -1  3  0 -1 -3  3  1 -2  2 -3 -2  4 -1 -3 -1  0 -1 -3 -1 -2    1  14   0   0   0  17   2   1   9   0   1  51   0   0   0   1   0   0   0   1  0.40 0.02
   40 L    0  0  0  0 -1  0  0  1  0  0  0  0  0  0  0  0  0  0  0  0    6   4   4   4   2   5   5  12   2   4  15   5   2   5   4   7   5   1   4   5  0.01 0.01
   41 P    0  0  0  0 -1  0  0  1  0 -1  0  0  0  1  1  0  0  0  0 -1    6   4   5   4   2   3   5  14   2   4   7   5   2  10   9   6   5   1   3   5  0.04 0.01
   42 S    0  0  1  0 -1  0  0  0  0 -1 -1  0  0 -1  0  1  0 -1  0  0    9   5   7   6   1   3   5   8   2   5   7   5   2   3   4  14   6   1   2   5  0.04 0.01
   43 S    0 -2  0 -1 -2 -1 -2  6 -2 -3 -3 -1 -2 -3 -2  0 -1 -2 -3 -3    1   1   0   1   0   2   1  84   0   1   1   1   0   0   1   6   1   0   0   1  0.84 0.02
   44 V   -1 -1 -2 -2 -2 -1 -2  2 -2  0  1  0  1  2 -2 -1 -1  0  1  0    2   1   0   1   0   2   1  23   0   1  26   8   3  19   1   2   2   1   2   7  0.10 0.01
   45 N    3 -2  0 -1 -1 -1 -1  3 -2 -2 -2 -1 -2 -3 -1  1  0 -3 -2 -1   53   0   5   0   0   0   0  33   0   0   0   1   0   0   0   5   1   0   0   0  0.39 0.02
   46 Q   -1  0  1  1 -3  3  4 -2  0 -3 -2  1 -1 -3 -1  0  0 -3 -2 -2    2   0  11   3   0  17  45   0   0   0   0   7   2   0   0   3   8   0   0   1  0.40 0.02
   47 P    4 -2 -2 -2 -1 -1 -1  0 -2 -2 -2 -1 -1 -3  2  1  0 -3 -2  0   84   0   0   0   0   1   0   0   0   0   1   0   0   0  12   0   0   0   0   2  0.45 0.03
   48 K   -1  2  0 -1 -3  3  1 -2  0 -2 -2  2  1 -3 -1  1  0 -3 -2 -2    0  16   0   0   0  30   6   0   0   0   0  18   9   0   0  14   5   0   0   1  0.30 0.01
   49 D    1 -2  2  5 -2 -1  1  1 -1 -3 -3 -1 -2 -3 -1  1  0 -4 -3 -2   20   0   8  52   0   0   0   9   0   0   0   0   0   0   0   9   1   0   0   0  0.45 0.02
   50 Y   -2 -2 -3 -4 -3 -2 -3 -4  1 -2 -1 -2 -1  3 -3 -2 -2  2  7 -2    0   0   0   0   0   0   0   0   0   0   0   0   0   6   0   0   0   0  94   0  1.04 0.05
   51 A    3 -2  0  4 -2 -1  0  0 -2 -2 -3 -1 -2 -3 -1  1 -1 -3 -3 -1   55   0   0  40   0   0   0   4   0   0   0   0   0   0   0   1   0   0   0   0  0.40 0.02
   52 S    1  0  0  1 -2  3  1 -1 -1 -2 -2  0  0 -3 -1  3  1 -3 -2 -2    8   0   1  11   0  30   2   0   0   0   0   0   4   0   0  41   3   0   0   0  0.31 0.02
   53 I   -2 -3 -4 -4 -2 -3 -4 -4 -4  5  1 -3  1  0 -3 -3 -1 -3 -2  3    0   0   0   0   0   0   0   0   0  97   0   0   0   0   0   0   0   0   0   3  0.51 0.03
   54 D   -2 -2  1  6 -4 -1  1 -2 -1 -4 -4 -1 -4 -4 -2 -1 -1 -5 -4 -4    0   0   0 100   0   0   0   0   0   0   0   0   0   0   0   0   0   0   0   0  1.08 0.04
   55 A    2 -1  3  0 -2 -1 -1  3 -1 -3 -3  0 -2 -3 -2  0 -1 -3 -2 -2   35   2  29   0   0   0   0  27   0   0   0   7   0   0   0   0   0   0   0   0  0.35 0.02
   56 A    5 -2 -2 -2 -1 -1 -1  0 -2 -2 -2 -1 -1 -3 -1  1  0 -3 -2  0  100   0   0   0   0   0   0   0   0   0   0   0   0   0   0   0   0   0   0   0  0.51 0.03
   57 P   -1 -3 -2 -2 -3 -2 -1 -3 -3 -3 -3 -1 -3 -4  8 -1 -1 -4 -3 -3    0   0   0   0   0   0   0   0   0   0   0   0   0   0 100   0   0   0   0   0  2.16 0.05
   58 E   -1  0 -1  1 -4  2  6 -2  0 -4 -3  1 -2 -4 -1  0 -1 -3 -2 -3    0   0   0   0   0   0 100   0   0   0   0   0   0   0   0   0   0   0   0   0  0.86 0.04
   59 E   -1  0 -1  1 -4  2  6 -2  0 -4 -3  1 -2 -4 -1  0 -1 -3 -2 -3    0   0   0   0   0   0 100   0   0   0   0   0   0   0   0   0   0   0   0   0  0.86 0.04
   60 R   -1  5 -1 -2 -4  1  0 -2 -1 -3 -3  3 -2 -3 -2 -1 -1 -3 -2 -3    0  70   0   0   0   1   0   0   0   0   0  28   0   0   0   0   0   0   0   0  0.70 0.03
   61 E   -1  0 -1  1 -4  2  6 -2  0 -4 -3  1 -2 -4 -1  0 -1 -3 -2 -3    1   0   0   1   0   0  98   0   0   0   0   0   0   0   0   0   0   0   0   0  0.84 0.04
   62 R   -2  6 -1 -2 -4  1  0 -3 -1 -3 -3  2 -2 -3 -3 -1 -1 -3 -2 -3    0 100   0   0   0   0   0   0   0   0   0   0   0   0   0   0   0   0   0   0  0.91 0.04
   63 G    0 -3 -1 -2 -3 -2 -2  6 -2 -4 -4 -2 -3 -4 -2 -1 -2 -3 -3 -4    0   0   0   0   0   0   0 100   0   0   0   0   0   0   0   0   0   0   0   0  1.16 0.03
   64 I   -2 -3 -4 -4 -2 -3 -4 -4 -4  5  1 -3  1  0 -3 -3 -1 -3 -2  2    0   0   0   0   0   0   0   0   0 100   0   0   0   0   0   0   0   0   0   0  0.52 0.04
   65 T    0 -1  0 -1 -1 -1 -1 -2 -2 -1 -2 -1 -1 -3 -1  1  5 -3 -2  0    0   0   0   0   0   0   0   0   0   0   0   0   0   0   0   0 100   0   0   0  0.62 0.04
   66 I   -2 -3 -4 -4 -2 -3 -4 -4 -4  5  1 -3  1  0 -3 -3 -1 -3 -2  2    0   0   0   0   0   0   0   0   0 100   0   0   0   0   0   0   0   0   0   0  0.52 0.04
   67 N   -1 -1  5  1 -2  0  0 -1  0 -3 -3  0 -2 -3 -2  3  0 -4 -2 -3    0   0  67   0   0   0   0   0   0   0   0   0   0   0   0  33   0   0   0   0  0.60 0.03
   68 T    0 -1  0 -1 -1 -1 -1 -2 -2 -1 -2 -1 -1 -3 -1  1  5 -3 -2  0    0   0   0   0   0   0   0   0   0   0   0   0   0   0   0   0 100   0   0   0  0.62 0.04
   69 A    3 -1 -1 -1 -1 -1 -1  0 -1 -2 -2 -1 -1 -3 -1  3  1 -3 -2 -1   54   0   0   0   0   0   0   0   0   0   0   0   0   0   0  46   0   0   0   0  0.40 0.02
   70 H   -2 -1  0 -2 -4  0  0 -3  9 -4 -3 -1 -2 -2 -3 -1 -2 -3  1 -4    0   0   0   0   0   0   0   0 100   0   0   0   0   0   0   0   0   0   0   0  1.16 0.05
   71 V   -1 -3 -3 -4 -1 -3 -3 -4 -4  3  1 -3  1 -1 -3 -2  0 -3 -1  4    0   0   0   0   0   0   0   0   0  25   0   0   0   0   0   0   0   0   0  75  0.42 0.03
   72 E   -1  0 -1  1 -4  2  6 -2  0 -4 -3  1 -2 -4 -1  0 -1 -3 -2 -3    0   0   0   0   0   0 100   0   0   0   0   0   0   0   0   0   0   0   0   0  0.86 0.04
   73 Y   -2 -2 -3 -4 -3 -2 -2 -4  1 -2 -1 -2 -1  3 -3 -2 -2  2  8 -2    0   0   0   0   0   0   0   0   0   0   0   0   0   0   0   0   0   0 100   0  1.10 0.05
   74 E   -1  0 -1  1 -4  2  6 -2  0 -4 -3  1 -2 -4 -1  0 -1 -3 -2 -3    0   0   0   0   0   4  96   0   0   0   0   0   0   0   0   0   0   0   0   0  0.84 0.04
   75 T    0 -1  0 -1 -1 -1 -1 -2 -2 -1 -2 -1 -1 -3 -1  1  5 -3 -2  0    0   0   0   0   0   0   0   0   0   0   0   0   0   0   0   0 100   0   0   0  0.62 0.04
   76 E    1 -1  0  3 -3  1  4 -2  0 -3 -3  1 -2 -3 -1  0 -1 -3 -2 -2   19   0   0  22   0   0  54   0   1   0   0   4   0   0   0   0   0   0   0   0  0.49 0.02
   77 K    0  0  3  0 -2  0  0 -1 -1 -2 -3  3 -2 -3 -1  1  2 -3 -2 -2    9   0  33   0   0   1   0   0   0   0   0  35   0   0   1   2  19   0   0   1  0.30 0.02
   78 R   -2  6 -1 -2 -4  1  0 -3 -1 -3 -3  2 -2 -3 -3 -1 -1 -3 -2 -3    0 100   0   0   0   0   0   0   0   0   0   0   0   0   0   0   0   0   0   0  0.91 0.04
   79 H   -2 -1  0 -2 -4  0  0 -3  9 -4 -3 -1 -2 -2 -3 -1 -2 -3  1 -4    0   0   0   0   0   0   0   0 100   0   0   0   0   0   0   0   0   0   0   0  1.16 0.05
   80 Y   -2 -2 -3 -4 -3 -2 -2 -4  1 -2 -1 -2 -1  3 -3 -2 -2  2  8 -2    0   0   0   0   0   0   0   0   0   0   0   0   0   0   0   0   0   0 100   0  1.10 0.05
   81 A    5 -2 -2 -2 -1 -1 -1  0 -2 -2 -2 -1 -1 -3 -1  1  0 -3 -2  0  100   0   0   0   0   0   0   0   0   0   0   0   0   0   0   0   0   0   0   0  0.51 0.03
   82 H   -2 -1  0 -2 -4  0  0 -3  9 -4 -3 -1 -2 -2 -3 -1 -2 -3  1 -4    0   0   0   0   0   0   0   0 100   0   0   0   0   0   0   0   0   0   0   0  1.16 0.05
   83 I   -1 -3 -3 -3 -1 -3 -3 -4 -4  4  1 -3  1 -1 -3 -2  0 -3 -1  4    0   0   0   0   0   0   0   0   0  37   0   0   0   0   0   0   0   0   0  63  0.41 0.02
   84 D   -2 -2  1  6 -4 -1  1 -2 -1 -4 -4 -1 -4 -4 -2 -1 -1 -5 -4 -4    0   0   0 100   0   0   0   0   0   0   0   0   0   0   0   0   0   0   0   0  1.08 0.04
   85 A    2 -3 -3 -3  8 -2 -3 -2 -3 -2 -2 -2 -2 -3 -2  0 -1 -3 -3 -1   37   0   0   0  63   0   0   0   0   0   0   0   0   0   0   0   0   0   0   0  0.84 0.04
   86 P   -1 -3 -2 -2 -3 -2 -1 -3 -3 -3 -3 -1 -3 -4  8 -1 -1 -4 -3 -3    0   0   0   0   0   0   0   0   0   0   0   0   0   0 100   0   0   0   0   0  2.16 0.05
   87 G    0 -3 -1 -2 -3 -2 -2  6 -2 -4 -4 -2 -3 -4 -2 -1 -2 -3 -3 -4    0   0   0   0   0   0   0 100   0   0   0   0   0   0   0   0   0   0   0   0  1.16 0.03
   88 H   -2 -1  0 -2 -4  0  0 -3  9 -4 -3 -1 -2 -2 -3 -1 -2 -3  1 -4    0   0   0   0   0   0   0   0 100   0   0   0   0   0   0   0   0   0   0   0  1.16 0.05
   89 A    5 -2 -2 -2 -1 -1 -1  0 -2 -2 -2 -1 -1 -3 -1  1  0 -3 -2  0  100   0   0   0   0   0   0   0   0   0   0   0   0   0   0   0   0   0   0   0  0.51 0.03
   90 D   -2 -2  1  6 -4 -1  1 -2 -1 -4 -4 -1 -4 -4 -2 -1 -1 -5 -4 -4    0   0   0 100   0   0   0   0   0   0   0   0   0   0   0   0   0   0   0   0  1.08 0.04
   91 Y   -2 -2 -3 -4 -3 -2 -2 -4  1 -2 -1 -2 -1  3 -3 -2 -2  2  8 -2    0   0   0   0   0   0   0   0   0   0   0   0   0   0   0   0   0   0 100   0  1.10 0.05
   92 V    0 -3 -3 -4 -1 -3 -3 -4 -4  2  1 -3  1 -1 -3 -2  0 -3 -2  5    0   0   0   0   0   0   0   0   0   0   0   0   0   0   0   0   0   0   0 100  0.47 0.03
   93 K   -1  2  0 -1 -3  1  1 -2 -1 -3 -3  5 -2 -4 -1  0 -1 -3 -2 -3    0   0   0   0   0   0   0   0   0   0   0 100   0   0   0   0   0   0   0   0  0.65 0.04
   94 N   -2 -1  7  1 -3  0 -1 -1  0 -4 -4  0 -3 -3 -2  0  0 -4 -2 -3    0   0 100   0   0   0   0   0   0   0   0   0   0   0   0   0   0   0   0   0  0.90 0.04
   95 M   -1 -2 -3 -4 -2 -1 -2 -3 -2  1  2 -2  7  0 -3 -2 -1 -2 -1  0    0   0   0   0   0   0   0   0   0   1   0   0  99   0   0   0   0   0   0   0  0.61 0.05
   96 I   -2 -3 -4 -4 -2 -3 -4 -4 -4  5  1 -3  1  0 -3 -3 -1 -3 -2  2    0   0   0   0   0   0   0   0   0 100   0   0   0   0   0   0   0   0   0   0  0.52 0.04
   97 T    0 -1  0 -1 -1 -1 -1 -2 -2 -1 -2 -1 -1 -3 -1  1  5 -3 -2  0    0   0   0   0   0   0   0   0   0   0   0   0   0   0   0   0 100   0   0   0  0.62 0.04
   98 G    0 -3 -1 -2 -3 -2 -2  6 -2 -4 -4 -2 -3 -4 -2 -1 -2 -3 -3 -4    0   0   0   0   0   0   0 100   0   0   0   0   0   0   0   0   0   0   0   0  1.16 0.03
   99 A    5 -2 -2 -2 -1 -1 -1  0 -2 -2 -2 -1 -1 -3 -1  1  0 -3 -2  0  100   0   0   0   0   0   0   0   0   0   0   0   0   0   0   0   0   0   0   0  0.51 0.03
  100 A    5 -2 -2 -2 -1 -1 -1  0 -2 -2 -2 -1 -1 -3 -1  1  0 -3 -2  0  100   0   0   0   0   0   0   0   0   0   0   0   0   0   0   0   0   0   0   0  0.51 0.03
  101 Q   -1  1  0 -1 -3  6  2 -2  0 -3 -3  1 -1 -4 -2  0 -1 -2 -2 -3    0   0   0   0   0 100   0   0   0   0   0   0   0   0   0   0   0   0   0   0  0.84 0.05
  102 M   -1 -2 -3 -4 -2 -1 -2 -3 -2  1  2 -2  7  0 -3 -2 -1 -2 -1  0    0   0   0   0   0   0   0   0   0   0   0   0 100   0   0   0   0   0   0   0  0.62 0.05
  103 D   -2 -2  1  6 -4 -1  1 -2 -1 -4 -4 -1 -4 -4 -2 -1 -1 -5 -4 -4    0   0   0 100   0   0   0   0   0   0   0   0   0   0   0   0   0   0   0   0  1.08 0.04
  104 G    0 -3 -1 -2 -3 -2 -2  6 -2 -4 -4 -2 -3 -4 -2 -1 -2 -3 -3 -4    0   0   0   0   0   0   0 100   0   0   0   0   0   0   0   0   0   0   0   0  1.16 0.03
  105 A    4 -2 -2 -2 -1 -1 -1  1 -2 -2 -2 -1 -1 -3 -1  1  0 -3 -2 -1   92   0   0   0   0   0   0   8   0   0   0   0   0   0   0   0   0   0   0   0  0.47 0.03
  106 I   -2 -3 -4 -4 -2 -3 -4 -4 -4  5  1 -3  1  0 -3 -3 -1 -3 -2  2    0   0   0   0   0   0   0   0   0 100   0   0   0   0   0   0   0   0   0   0  0.52 0.04
  107 L   -2 -2 -4 -4 -2 -2 -3 -4 -3  1  4 -3  2  0 -3 -3 -1 -2 -1  1    0   0   0   0   0   0   0   0   0   0 100   0   0   0   0   0   0   0   0   0  0.55 0.03
  108 V    0 -3 -3 -4 -1 -3 -3 -4 -4  2  1 -3  1 -1 -3 -2  0 -3 -2  5    0   0   0   0   0   0   0   0   0   0   0   0   0   0   0   0   0   0   0 100  0.47 0.03
  109 V    0 -3 -3 -4 -1 -3 -3 -4 -4  3  1 -3  1 -1 -3 -2  0 -3 -2  5    0   0   0   0   0   0   0   0   0   1   0   0   0   0   0   0   0   0   0  99  0.46 0.03
  110 A    2 -1  0 -1 -1  0  0  0 -1 -2 -3 -1 -2 -3 -1  4  1 -3 -2 -2   19   0   0   0   0   0   0   0   0   0   0   0   0   0   0  81   0   0   0   0  0.47 0.03
  111 S    5 -2 -2 -2 -1 -1 -1  0 -2 -2 -2 -1 -1 -3 -1  1  0 -3 -2  0   97   0   0   0   0   0   0   0   0   0   0   0   0   0   0   3   0   0   0   0  0.49 0.03
  112 T    4 -2 -1 -2 -1 -1 -1  0 -2 -1 -2 -1 -1 -2 -1  1  3 -3 -2  0   66   0   0   0   0   0   0   0   0   0   0   0   0   0   0   1  33   0   0   0  0.37 0.02
  113 D   -2 -2  1  6 -4 -1  1 -2 -1 -4 -4 -1 -4 -4 -2 -1 -1 -5 -4 -4    0   0   0 100   0   0   0   0   0   0   0   0   0   0   0   0   0   0   0   0  1.08 0.04
  114 G    0 -3 -1 -2 -3 -2 -2  6 -2 -4 -4 -2 -3 -4 -2 -1 -2 -3 -3 -4    0   0   0   0   0   0   0 100   0   0   0   0   0   0   0   0   0   0   0   0  1.16 0.03
  115 P   -1 -3 -2 -2 -3 -2 -1 -3 -3 -3 -3 -1 -3 -4  8 -1 -1 -4 -3 -3    0   0   0   0   0   0   0   0   0   0   0   0   0   0 100   0   0   0   0   0  2.16 0.05
  116 M   -1 -2 -3 -4 -2 -1 -2 -3 -2  1  2 -2  7  0 -3 -2 -1 -2 -1  0    0   0   0   0   0   0   0   0   0   0   0   0 100   0   0   0   0   0   0   0  0.62 0.05
  117 P   -1 -3 -2 -2 -3 -2 -1 -2 -3 -3 -3 -1 -3 -4  8 -1 -1 -4 -3 -3    3   0   0   0   0   0   0   0   0   0   0   0   0   0  97   0   0   0   0   0  2.08 0.04
  118 Q   -1  1  0 -1 -3  6  2 -2  0 -3 -3  1 -1 -4 -2  0 -1 -2 -2 -3    0   0   0   0   0 100   0   0   0   0   0   0   0   0   0   0   0   0   0   0  0.84 0.05
  119 T    0 -1  0 -1 -1 -1 -1 -2 -2 -1 -2 -1 -1 -3 -1  1  5 -3 -2  0    0   0   0   0   0   0   0   0   0   0   0   0   0   0   0   0 100   0   0   0  0.62 0.04
  120 R   -2  6 -1 -2 -4  1  0 -3 -1 -3 -3  2 -2 -3 -3 -1 -1 -3 -2 -3    0 100   0   0   0   0   0   0   0   0   0   0   0   0   0   0   0   0   0   0  0.91 0.04
  121 E   -1  0 -1  1 -4  2  6 -2  0 -4 -3  1 -2 -4 -1  0 -1 -3 -2 -3    0   0   0   0   0   0 100   0   0   0   0   0   0   0   0   0   0   0   0   0  0.86 0.04
  122 H   -2 -1  0 -2 -4  0  0 -3  9 -4 -3 -1 -2 -2 -3 -1 -2 -3  1 -4    0   0   0   0   0   0   0   0 100   0   0   0   0   0   0   0   0   0   0   0  1.16 0.05
  123 I   -2 -3 -4 -4 -2 -3 -4 -4 -4  5  1 -3  1  0 -3 -3 -1 -3 -2  2    0   0   0   0   0   0   0   0   0 100   0   0   0   0   0   0   0   0   0   0  0.52 0.04
  124 L   -2 -2 -4 -4 -2 -2 -3 -4 -3  1  4 -3  2  0 -3 -3 -1 -2 -1  1    0   0   0   0   0   0   0   0   0   0 100   0   0   0   0   0   0   0   0   0  0.55 0.03
  125 L   -2 -2 -4 -4 -2 -2 -3 -4 -3  1  4 -3  2  0 -3 -3 -1 -2 -1  1    0   0   0   0   0   0   0   0   0   0 100   0   0   0   0   0   0   0   0   0  0.55 0.03
  126 S    2 -1  0 -1 -1  0  0  0 -1 -3 -3 -1 -2 -3 -1  4  1 -3 -2 -2   16   0   0   0   0   0   0   0   0   0   0   0   0   0   0  84   0   0   0   0  0.48 0.03
  127 R   -2  6 -1 -2 -4  1  0 -3  0 -3 -3  2 -2 -3 -2 -1 -1 -3 -2 -3    0  99   0   0   0   0   0   0   1   0   0   0   0   0   0   0   0   0   0   0  0.89 0.04
  128 Q   -1  1  3  0 -3  6  1 -2  0 -3 -3  1 -1 -4 -2  0 -1 -3 -2 -3    0   0  19   0   0  81   0   0   0   0   0   0   0   0   0   0   0   0   0   0  0.67 0.04
  129 V    0 -3 -3 -4 -1 -3 -3 -4 -4  2  1 -3  1 -1 -3 -2  0 -3 -2  5    0   0   0   0   0   0   0   0   0   0   0   0   0   0   0   0   0   0   0 100  0.47 0.03
  130 G    0 -3 -1 -2 -3 -2 -2  6 -2 -4 -4 -2 -3 -4 -2 -1 -2 -3 -3 -4    0   0   0   0   0   0   0 100   0   0   0   0   0   0   0   0   0   0   0   0  1.16 0.03
  131 V    0 -3 -3 -4 -1 -3 -3 -4 -4  2  1 -3  1 -1 -3 -2  0 -3 -2  5    0   0   0   0   0   0   0   0   0   0   0   0   0   0   0   0   0   0   0 100  0.47 0.03
  132 K   -1 -1 -1  0 -3  0  0 -2 -2 -3 -3  1 -3 -4  7 -1 -1 -4 -3 -3    0   0   0   5   0   1   5   1   0   0   0  19   0   0  69   0   0   0   0   0  1.31 0.03
  133 H   -2 -2 -1 -2 -3 -1 -2 -3  3 -2 -2 -2 -1  3 -3 -2 -2  2  7 -2    1   0   1   2   0   0   0   0   7   0   0   1   0   0   0   1   0   0  87   0  0.88 0.04
  134 L   -2 -3 -4 -4 -2 -3 -3 -4 -3  4  3 -3  2  1 -3 -3 -1 -2 -1  2    0   0   0   0   0   0   0   0   0  62  29   0   3   6   0   0   0   0   0   0  0.38 0.02
  135 I   -1 -3 -3 -4 -1 -3 -3 -4 -4  3  1 -3  1 -1 -3 -2  0 -3 -1  4    0   0   0   0   0   0   0   0   0  19   0   0   0   0   0   0   0   0   0  81  0.42 0.03
  136 V    0 -3 -3 -4 -1 -3 -3 -4 -4  2  1 -3  1 -1 -3 -2  0 -3 -2  5    0   0   0   0   0   0   0   0   0   0   0   0   0   0   0   0   0   0   0 100  0.47 0.03
  137 F   -3 -3 -3 -4 -3 -4 -4 -4 -2  0  0 -4  0  7 -4 -3 -2  1  3 -1    0   0   0   0   0   0   0   0   0   0   0   0   0  99   0   0   0   0   1   0  0.93 0.04
  138 M   -2 -2 -4 -4 -2 -2 -3 -4 -3  1  4 -3  3  0 -3 -3 -1 -2 -1  1    0   0   0   0   0   0   0   0   0   1  85   0  13   0   0   0   0   0   0   0  0.49 0.02
  139 N   -2 -1  7  1 -3  0 -1 -1  0 -4 -4  0 -3 -3 -2  0  0 -4 -2 -3    0   0 100   0   0   0   0   0   0   0   0   0   0   0   0   0   0   0   0   0  0.90 0.04
  140 K   -1  2  0 -1 -3  1  1 -2 -1 -3 -3  5 -2 -4 -1  0 -1 -3 -2 -3    0   0   0   0   0   0   0   0   0   0   0 100   0   0   0   0   0   0   0   0  0.65 0.04
  141 V   -1 -2 -2 -3  6 -2 -3 -3 -3  1  0 -2  2 -1 -3 -1  1 -3 -2  2    0   0   0   0  30   0   0   0   0   5   0   1  18   0   0   0  13   0   0  32  0.34 0.02
  142 D   -2 -2  1  6 -4 -1  1 -2 -1 -4 -4 -1 -4 -4 -2 -1 -1 -5 -4 -4    0   0   0 100   0   0   0   0   0   0   0   0   0   0   0   0   0   0   0   0  1.08 0.04
  143 L   -1 -2 -3 -4 -2 -1 -2 -3 -2  1  3 -2  6  0 -3 -2 -1 -2 -1  0    0   0   0   0   0   2   0   0   0   0  31   0  67   0   0   0   0   0   0   0  0.45 0.04
  144 V    0 -3 -3 -4 -1 -3 -3 -4 -4  2  1 -3  1 -1 -3 -2  0 -3 -2  5    0   0   0   0   0   0   0   0   0   0   0   0   0   0   0   0   0   0   0 100  0.47 0.03
  145 D   -2 -2  1  6 -4 -1  1 -2 -1 -4 -4 -1 -4 -4 -2 -1 -1 -5 -4 -4    0   0   0 100   0   0   0   0   0   0   0   0   0   0   0   0   0   0   0   0  1.08 0.04
  146 D   -2 -2  1  6 -4 -1  1 -2 -1 -4 -4 -1 -4 -4 -2 -1 -1 -5 -4 -4    0   0   0 100   0   0   0   0   0   0   0   0   0   0   0   0   0   0   0   0  1.08 0.04
  147 E   -1 -1  0  3 -4  2  5 -2  0 -4 -3  0 -2 -4  0  0 -1 -3 -2 -3    0   0   0  11   0   0  86   0   0   0   0   0   0   0   3   0   0   0   0   0  0.76 0.03
  148 E   -1  0 -1  1 -4  2  6 -2  0 -4 -3  1 -2 -4 -1  0 -1 -3 -2 -3    0   0   0   0   0   0 100   0   0   0   0   0   0   0   0   0   0   0   0   0  0.86 0.04
  149 L   -2 -2 -4 -4 -2 -2 -3 -4 -3  1  4 -3  2  0 -3 -3 -1 -2 -1  1    0   0   0   0   0   0   0   0   0   1  99   0   0   0   0   0   0   0   0   0  0.54 0.03
  150 L   -2 -3 -4 -4 -1 -2 -3 -4 -3  2  4 -3  2  0 -3 -3 -1 -2 -1  1    0   0   0   0   0   0   0   0   0  13  81   0   0   0   0   0   0   0   0   6  0.46 0.02
  151 E   -1 -1  0  3 -4  1  5 -2 -1 -4 -3  0 -3 -4 -1  0 -1 -3 -3 -3    0   0   0  23   0   0  77   0   0   0   0   0   0   0   0   0   0   0   0   0  0.76 0.03
  152 L   -2 -2 -4 -4 -2 -2 -3 -4 -3  1  4 -3  2  0 -3 -3 -1 -2 -1  1    0   0   0   0   0   0   0   0   0   0 100   0   0   0   0   0   0   0   0   0  0.55 0.03
  153 V    0 -3 -3 -4 -1 -3 -3 -4 -4  2  1 -3  1 -1 -3 -2  0 -3 -2  5    0   0   0   0   0   0   0   0   0   0   0   0   0   0   0   0   0   0   0 100  0.47 0.03
  154 E   -1  0 -1  1 -4  2  6 -2  0 -4 -3  1 -2 -4 -1  0 -1 -3 -2 -3    0   0   0   0   0   0  99   0   0   0   0   1   0   0   0   0   0   0   0   0  0.85 0.04
  155 M   -1 -2 -3 -4 -2 -1 -2 -3 -2  1  2 -2  7  0 -3 -2 -1 -2 -1  0    0   0   0   0   0   0   0   0   0   0   4   0  96   0   0   0   0   0   0   0  0.59 0.05
  156 E   -1  0 -1  1 -4  2  6 -2  0 -4 -3  1 -2 -4 -1  0 -1 -3 -2 -3    0   0   0   0   0   0 100   0   0   0   0   0   0   0   0   0   0   0   0   0  0.86 0.04
  157 I   -1 -3 -3 -4 -1 -3 -3 -4 -4  3  1 -3  1 -1 -3 -2  0 -3 -1  4    0   0   0   0   0   0   0   0   0  12   0   0   0   0   0   0   0   0   0  88  0.44 0.03
  158 R   -2  6 -1 -2 -4  1  0 -3 -1 -3 -3  2 -2 -3 -3 -1 -1 -3 -2 -3    0 100   0   0   0   0   0   0   0   0   0   0   0   0   0   0   0   0   0   0  0.91 0.04
  159 D   -2 -1  1  6 -4  0  3 -2 -1 -4 -4  0 -3 -4 -2  0 -1 -4 -3 -3    0   0   0  74   0   0  26   0   0   0   0   0   0   0   0   0   0   0   0   0  0.86 0.03
  160 L   -2 -2 -4 -4 -2 -2 -3 -4 -3  1  4 -3  2  0 -3 -3 -1 -2 -1  1    0   0   0   0   0   0   0   0   0   0  99   0   1   0   0   0   0   0   0   0  0.54 0.03
  161 L   -2 -2 -4 -4 -2 -2 -3 -4 -3  1  4 -3  2  1 -3 -3 -1 -2 -1  1    0   0   0   0   0   0   0   0   0   0  98   0   0   2   0   0   0   0   0   0  0.53 0.03
  162 S    1 -1  1 -1 -1  0  0 -1 -1 -2 -3  0 -2 -3 -1  4  3 -3 -2 -2    0   0   4   0   0   0   0   0   0   0   0   0   0   0   0  76  20   0   0   0  0.46 0.03
  163 E   -1  0  0  2 -4  2  6 -2  0 -4 -3  1 -2 -4 -1  0 -1 -3 -2 -3    0   0   0   3   0   0  97   0   0   0   0   0   0   0   0   0   0   0   0   0  0.84 0.04
  164 Y   -2 -2 -3 -4 -3 -2 -2 -4  1 -2 -1 -2 -1  3 -3 -2 -2  2  8 -2    0   0   0   0   0   0   0   0   0   0   0   0   0   0   0   0   0   0 100   0  1.10 0.05
  165 D   -2 -2  1  6 -4  0  2  0 -1 -4 -4 -1 -3 -4 -2  0 -1 -4 -3 -3    0   0   3  75   0   0  15   6   0   0   0   0   0   0   0   0   0   0   0   0  0.79 0.03
  166 F   -3 -3 -3 -4 -3 -3 -4 -4 -1  0  0 -3  0  7 -4 -3 -2  1  3 -1    0   0   0   0   0   0   0   0   0   0   0   0   0  95   0   0   0   0   5   0  0.90 0.04
  167 P   -1 -3 -2 -2 -3 -2 -1 -3 -3 -3 -3 -1 -3 -4  8 -1 -1 -4 -3 -3    1   0   0   0   0   0   0   0   0   0   0   0   0   0  99   0   0   0   0   0  2.13 0.04
  168 G    0 -3 -1 -2 -3 -2 -2  6 -2 -4 -4 -2 -3 -4 -2 -1 -2 -3 -3 -4    0   0   0   0   0   0   0 100   0   0   0   0   0   0   0   0   0   0   0   0  1.16 0.03
  169 D   -2 -2  1  6 -4 -1  1 -2 -1 -4 -4 -1 -4 -4 -2 -1 -1 -5 -4 -4    0   0   0 100   0   0   0   0   0   0   0   0   0   0   0   0   0   0   0   0  1.08 0.04
  170 D   -2 -2  1  6 -4  0  2 -2 -1 -4 -4 -1 -3 -4 -2 -1 -1 -5 -3 -4    0   0   0  94   0   0   6   0   0   0   0   0   0   0   0   0   0   0   0   0  1.02 0.04
  171 L   -1 -2 -2 -3 -1 -2 -2 -3 -3  3  1 -2  1 -1 -2 -1  3 -3 -2  2    1   0   0   0   0   0   0   0   0  44   4   0   0   0   0   0  33   0   0  18  0.26 0.02
  172 P   -1 -3 -2 -2 -3 -2 -1 -3 -3 -3 -3 -1 -3 -4  8 -1 -1 -4 -3 -3    0   0   0   0   0   0   0   0   0   0   0   0   0   0 100   0   0   0   0   0  2.16 0.05
  173 V   -1 -3 -3 -4 -1 -3 -3 -4 -3  3  1 -3  1  0 -3 -2  0 -3 -1  4    0   0   0   0   0   0   0   0   0  15   0   0   0   3   0   0   0   0   0  82  0.41 0.03
  174 I   -1 -3 -4 -4 -1 -3 -3 -4 -4  5  1 -3  1  0 -3 -3 -1 -3 -2  3    0   0   0   0   0   0   0   0   0  82   3   0   0   0   0   0   0   0   0  15  0.46 0.03
  175 Q    2  2 -1 -1 -2  1  0 -1  0 -2 -2  3 -1 -3 -1  0  0 -3 -2 -1   43  12   0   0   0   2   0   0   1   0   0  35   1   0   0   2   2   0   0   1  0.27 0.02
  176 G    0 -3 -1 -2 -3 -2 -2  6 -2 -4 -4 -2 -3 -4 -2 -1 -2 -3 -3 -4    0   0   0   0   0   0   0 100   0   0   0   0   0   0   0   0   0   0   0   0  1.16 0.03
  177 S    1 -1  0 -1 -1  0  0 -1 -1 -3 -3  0 -2 -3 -1  5  1 -3 -2 -2    0   0   0   0   0   0   0   0   0   0   0   0   0   0   0 100   0   0   0   0  0.57 0.04
  178 A    5 -2 -2 -2 -1 -1 -1  0 -2 -2 -2 -1 -1 -3 -1  1  0 -3 -2  0  100   0   0   0   0   0   0   0   0   0   0   0   0   0   0   0   0   0   0   0  0.51 0.03
  179 L   -2 -2 -4 -4 -2 -2 -3 -4 -3  1  4 -3  2  0 -3 -3 -1 -2 -1  1    0   0   0   0   0   0   0   0   0   0 100   0   0   0   0   0   0   0   0   0  0.55 0.03
  180 K   -1  3  0 -1 -3  1  1 -1 -1 -3 -3  5 -2 -3 -1  0 -1 -3 -2 -3    0   6   0   0   0   0   0   3   0   0   0  91   0   0   0   0   0   0   0   0  0.59 0.03
  181 A    5 -2 -2 -2 -1 -1 -1  0 -2 -2 -2 -1 -1 -3 -1  1  0 -3 -2  0  100   0   0   0   0   0   0   0   0   0   0   0   0   0   0   0   0   0   0   0  0.51 0.03
  182 L   -2 -2 -4 -4 -2 -2 -3 -4 -3  2  4 -3  2  0 -3 -3 -1 -2 -1  1    0   0   0   0   0   0   0   0   0   3  97   0   0   0   0   0   0   0   0   0  0.53 0.03
  183 E   -1  0  0  1 -4  2  5 -2  0 -4 -3  1 -2 -4 -1  0 -1 -3 -2 -3    0   0   3   0   0   3  95   0   0   0   0   0   0   0   0   0   0   0   0   0  0.81 0.04
  184 G    0 -3 -1 -2 -3 -2 -2  6 -2 -4 -4 -2 -3 -4 -2 -1 -2 -3 -3 -4    0   0   0   0   0   0   0 100   0   0   0   0   0   0   0   0   0   0   0   0  1.16 0.03
  185 D   -2 -2  1  6 -4  0  3 -2 -1 -3 -3 -1 -3 -4 -2  0 -1 -4 -3 -2    0   0   0  74   0   0  21   0   0   0   0   0   0   0   0   0   0   0   0   4  0.79 0.03
  186 S    3 -1 -1  0 -2  0  2 -1 -2 -2 -2 -1 -2 -3  5  0 -1 -3 -2 -1   44   0   0   1   0   1  19   0   0   0   0   0   0   0  33   2   0   0   0   0  0.59 0.02
  187 K    1  0  0  2 -3  2  4 -1 -1 -3 -3  1 -2 -3 -1  1  0 -3 -2 -2   18   0   1   8   0   7  48   0   0   0   0   9   0   0   0   8   1   0   0   0  0.40 0.02
  188 Y    0 -2 -2 -3 -2  1 -1 -2  0 -2 -2 -2 -1  2 -3 -1 -2  8  6 -2   13   0   0   0   0  10   1   0   0   0   0   0   0   1   0   0   0  26  48   0  0.77 0.03
  189 E   -1  0 -1  1 -4  2  5 -2  0 -3 -3  1 -2 -3 -1  0 -1 -3 -2 -2    0   0   0   0   0   5  91   0   0   0   0   0   0   0   0   0   0   0   0   4  0.75 0.03
  190 D    1  0  0  2 -3  2  4 -1 -1 -3 -3  1 -2 -3 -1  0 -1 -3 -2 -2   20   0   2  15   0   8  43   2   0   0   0  10   0   0   0   1   0   0   0   0  0.39 0.01
  191 I    0  1 -1 -1 -3  1  0 -2 -1 -1 -2  4 -1 -3 -1  0  0 -3 -2  0   10   0   0   0   0   0   0   0   0   3   0  76   0   0   0   0   1   0   0   9  0.36 0.03
  192 I   -1 -3 -4 -4 -1 -3 -4 -4 -4  5  1 -3  1  0 -3 -3 -1 -3 -2  3    0   0   0   0   0   0   0   0   0  91   0   0   0   0   0   0   0   0   0   9  0.49 0.03
  193 M   -1 -2 -2 -3 -2  0 -1 -3  0  2  3 -2  4  0 -3 -2 -1 -2  0  1    0   0   2   0   0   3   4   0   3   9  31   0  35   2   0   1   0   0   3   7  0.21 0.02
  194 D   -1  0  0  3 -4  1  5 -2  1 -4 -3  1 -2 -4 -1  0 -1 -3 -2 -3    0   0   1  12   0   0  82   0   2   0   0   1   0   0   0   0   2   0   0   0  0.71 0.03
  195 L   -2 -2 -4 -4 -2 -2 -3 -4 -3  1  4 -3  2  0 -3 -3 -1 -2 -1  1    0   0   0   0   0   0   0   0   0   0 100   0   0   0   0   0   0   0   0   0  0.55 0.03
  196 M   -1 -2 -3 -4 -2 -1 -2 -3 -2  1  2 -2  7  0 -3 -2 -1 -2 -1  0    0   0   0   0   0   0   0   0   0   0   1   0  99   0   0   0   0   0   0   0  0.61 0.05
  197 N    1 -1  2  5 -3  0  2 -1 -1 -3 -3 -1 -2 -3 -2  0 -1 -4 -3 -2   23   0  10  53   0   1   9   0   0   0   0   0   0   0   0   2   1   0   0   0  0.50 0.02
  198 T    3 -1 -1 -1 -1  0  0 -1 -2 -1 -1 -1 -1 -2 -1  1  2 -3 -2  0   60   0   0   0   0   3   6   0   0   1   0   0   0   0   0   1  25   0   0   4  0.28 0.02
  199 V    0 -3 -3 -4 -1 -3 -3 -4 -4  3  1 -3  1 -1 -3 -2  0 -3 -1  5    0   0   0   0   0   0   0   0   0   5   0   0   0   0   0   0   0   0   0  95  0.45 0.03
  200 D   -2 -2  1  6 -4 -1  1 -2 -1 -4 -4 -1 -4 -4 -2 -1 -1 -5 -4 -4    0   0   0 100   0   0   0   0   0   0   0   0   0   0   0   0   0   0   0   0  1.08 0.04
  201 E    0 -1  0  2 -3  1  5 -2 -1 -3 -3  0 -2 -3 -1  1  0 -3 -2 -2   10   0   0   6   0   1  67   0   0   0   0   0   0   0   0  12   4   0   0   0  0.52 0.02
  202 Y   -2 -2 -3 -4 -3 -2 -2 -4  1 -2 -1 -2 -1  3 -3 -2 -2  2  8 -2    0   0   0   0   0   0   0   0   0   0   0   0   0   3   0   0   0   0  97   0  1.07 0.05
  203 I   -2 -3 -4 -4 -2 -3 -4 -4 -4  5  1 -3  1  0 -3 -3 -1 -3 -2  3    0   0   0   0   0   0   0   0   0  97   0   0   0   0   0   0   0   0   0   3  0.51 0.03
  204 P   -1 -3 -2 -2 -3 -2 -1 -3 -3 -3 -3 -1 -3 -4  8 -1 -1 -4 -3 -3    0   0   0   0   0   0   0   0   0   0   0   0   0   0 100   0   0   0   0   0  2.16 0.05
  205 E    0 -1  0 -1 -1  0  1 -2 -2 -1 -2 -1 -1 -3 -1  1  5 -3 -2 -1    0   0   2   0   1   0  11   0   0   0   0   0   0   0   0   1  85   0   0   0  0.48 0.03
  206 P   -1 -3 -2 -2 -3 -2 -1 -3 -3 -3 -3 -1 -3 -4  8 -1 -1 -4 -3 -3    0   0   0   0   0   0   0   0   0   0   0   0   0   0 100   0   0   0   0   0  2.16 0.05
  207 E   -1 -1 -1  2 -3  2  4 -2 -1 -1 -2  0 -1 -3 -2  0  0 -3 -2  0    2   0   0   6   0   9  66   0   0   0   0   0   0   0   0   0   3   0   0  15  0.46 0.02
  208 R   -2  6 -1 -2 -4  1  0 -3 -1 -3 -3  2 -2 -3 -3 -1 -1 -3 -2 -3    0 100   0   0   0   0   0   0   0   0   0   0   0   0   0   0   0   0   0   0  0.91 0.04
  209 D   -2 -1  1  6 -4  0  2 -2 -1 -3 -4 -1 -3 -4  1  0 -1 -4 -3 -3    0   0   0  75   0   3  15   0   0   0   0   0   0   0   6   0   0   0   0   0  0.82 0.03
  210 T    0 -1  1 -1 -1 -1 -1 -2  1 -1 -1 -1 -1 -2 -2  1  5 -3 -2  0    0   0   7   0   0   0   0   0   6   3   1   1   0   0   0   1  80   0   0   1  0.42 0.03
  211 D   -2 -2  1  6 -4  0  2 -2 -1 -4 -4 -1 -3 -4 -2  0 -1 -5 -3 -4    0   0   0  91   0   0   9   0   0   0   0   0   0   0   0   0   0   0   0   0  0.99 0.04
  212 K   -1  2  0 -1 -3  1  1 -2 -1 -3 -3  5 -2 -3 -1  0 -1 -3 -2 -3    0   0   0   0   0   0   0   0   0   0   1  99   0   0   0   0   0   0   0   0  0.63 0.04
  213 P   -1 -3 -2 -1 -3 -2 -1 -3 -3 -3 -3 -1 -3 -4  8 -1 -1 -4 -3 -3    0   0   0   1   0   0   0   0   0   0   0   0   0   0  99   0   0   0   0   0  2.12 0.04
  214 L   -2 -3 -3 -4 -3 -3 -4 -4 -2  0  1 -3  0  6 -4 -3 -2  0  3 -1    0   0   0   0   0   0   0   0   0   0  14   0   0  86   0   0   0   0   0   0  0.76 0.03
  215 L   -1 -2 -3 -4 -2 -1 -3 -3 -2  1  3 -2  6  0 -3 -2 -1 -2 -1  1    0   0   0   0   0   0   0   0   0   0  32   0  68   0   0   0   0   0   0   0  0.47 0.04
  216 L   -1 -2 -3 -4 -2 -1 -3 -3 -2  1  2 -2  7  0 -3 -2 -1 -2 -1  1    0   0   0   0   0   0   0   0   0   1  16   0  82   0   0   0   0   0   0   0  0.52 0.04
  217 P   -1 -3 -2 -2 -3 -2 -1 -3 -3 -3 -3 -1 -3 -4  8 -1 -1 -4 -3 -3    0   0   0   0   0   0   0   0   0   0   0   0   0   0 100   0   0   0   0   0  2.16 0.05
  218 V   -1 -3 -3 -4 -1 -3 -3 -4 -4  3  1 -3  1 -1 -3 -2  0 -3 -1  4    0   0   0   0   0   0   0   0   0  11   0   0   0   0   0   0   0   0   0  89  0.44 0.03
  219 E   -1  0 -1  1 -4  2  6 -2  0 -4 -3  1 -2 -4 -1  0 -1 -3 -2 -3    0   0   0   0   0   0 100   0   0   0   0   0   0   0   0   0   0   0   0   0  0.86 0.04
  220 D   -2 -2  1  6 -4 -1  1 -2 -1 -4 -4 -1 -4 -4 -2 -1 -1 -5 -4 -4    0   0   0 100   0   0   0   0   0   0   0   0   0   0   0   0   0   0   0   0  1.08 0.04
  221 V    0 -3 -3 -4 -1 -3 -3 -4 -4  2  1 -3  1 -1 -3 -2  0 -3 -2  5    0   0   0   0   0   0   0   0   0   0   0   0   0   0   0   0   0   0   0 100  0.47 0.03
  222 F   -3 -3 -3 -4 -3 -4 -4 -4 -2  0  0 -4  0  7 -4 -3 -3  1  3 -1    0   0   0   0   0   0   0   0   0   0   0   0   0 100   0   0   0   0   0   0  0.94 0.04
  223 S    1 -1  0 -1 -1  0  0 -1 -1 -2 -3  0 -2 -3 -1  4  2 -3 -2 -2    0   0   0   0   0   0   0   0   0   0   0   0   0   0   0  83  17   0   0   0  0.49 0.03
  224 I   -2 -3 -4 -4 -2 -3 -4 -4 -4  5  1 -3  1  0 -3 -3 -1 -3 -2  2    0   0   0   0   0   0   0   0   0 100   0   0   0   0   0   0   0   0   0   0  0.52 0.04
  225 T    0 -1  0 -1 -1 -1 -1 -2 -2 -1 -2 -1 -1 -3 -1  1  5 -3 -2  0    0   0   0   0   0   0   0   0   0   0   0   0   0   0   0   1  99   0   0   0  0.61 0.04
  226 G    0 -3 -1 -2 -3 -2 -2  6 -2 -4 -4 -2 -3 -4 -2 -1 -2 -3 -3 -4    0   0   0   0   0   0   0 100   0   0   0   0   0   0   0   0   0   0   0   0  1.16 0.03
  227 R   -2  6 -1 -2 -4  1  0 -3 -1 -3 -3  2 -2 -3 -3 -1 -1 -3 -2 -3    0 100   0   0   0   0   0   0   0   0   0   0   0   0   0   0   0   0   0   0  0.91 0.04
  228 G    0 -3 -1 -2 -3 -2 -2  6 -2 -4 -4 -2 -3 -4 -2 -1 -2 -3 -3 -4    0   0   0   0   0   0   0 100   0   0   0   0   0   0   0   0   0   0   0   0  1.16 0.03
  229 T    0 -1  0 -1 -1 -1 -1 -2 -2 -1 -2 -1 -1 -3 -1  1  5 -3 -2  0    0   0   0   0   0   0   0   0   0   0   0   0   0   0   0   0 100   0   0   0  0.62 0.04
  230 V    0 -3 -3 -4 -1 -3 -3 -4 -4  2  1 -3  1 -1 -3 -2  0 -3 -2  5    0   0   0   0   0   0   0   0   0   0   0   0   0   0   0   0   0   0   0 100  0.47 0.03
  231 A    5 -2 -2 -2 -1 -1 -1  0 -2 -2 -2 -1 -1 -3 -1  1  0 -3 -2  0  100   0   0   0   0   0   0   0   0   0   0   0   0   0   0   0   0   0   0   0  0.51 0.03
  232 S    0 -1  0 -1 -1 -1 -1 -1 -2 -1 -2 -1 -1 -3 -1  3  4 -3 -2 -1    0   0   0   0   0   0   0   0   0   0   0   0   0   0   0  31  69   0   0   0  0.48 0.03
  233 G    0 -3 -1 -2 -3 -2 -2  6 -2 -4 -4 -2 -3 -4 -2 -1 -2 -3 -3 -4    0   0   0   0   0   0   0 100   0   0   0   0   0   0   0   0   0   0   0   0  1.16 0.03
  234 R   -2  6 -1 -2 -4  1  0 -3 -1 -3 -3  2 -2 -3 -3 -1 -1 -3 -2 -3    0 100   0   0   0   0   0   0   0   0   0   0   0   0   0   0   0   0   0   0  0.91 0.04
  235 I   -1 -3 -3 -3 -1 -3 -3 -4 -4  3  1 -3  1 -1 -3 -2  0 -3 -1  4    0   0   0   0   0   0   0   0   0  29   0   0   0   0   0   0   0   0   0  71  0.42 0.02
  236 D   -1 -1  0  4 -4  1  5 -2 -1 -4 -3  0 -3 -4 -1  0 -1 -4 -3 -3    0   0   0  27   0   0  73   0   0   0   0   0   0   0   0   0   0   0   0   0  0.75 0.03
  237 R   -1  6 -1 -2 -4  1  0 -3 -1 -3 -3  2 -2 -3 -2 -1 -1 -3 -2 -3    3  97   0   0   0   0   0   0   0   0   0   0   0   0   0   0   0   0   0   0  0.86 0.04
  238 G    0 -3 -1 -2 -3 -2 -2  6 -2 -4 -4 -2 -3 -4 -2 -1 -2 -3 -3 -4    0   0   0   0   0   0   0 100   0   0   0   0   0   0   0   0   0   0   0   0  1.16 0.03
  239 I   -1  0  0 -1 -2  4  1 -2 -1 -1 -1  1  0 -3 -2  0  2 -3 -2  0    1   1   0   0   0  51   7   0   0   1   0   3   3   0   0   2  22   0   0  10  0.33 0.02
  240 V   -1 -3 -3 -4 -1 -3 -3 -4 -3  3  1 -3  1 -1 -3 -2  0 -3 -1  4    0   0   0   0   0   0   0   0   0   9  11   0   0   0   0   0   0   0   0  80  0.40 0.02
  241 K   -1  4  0 -1 -3  1  1 -2  0 -3 -3  4 -2 -3 -2  0 -1 -3 -2 -3    0  31   4   0   0   1   1   0   3   0   0  59   0   0   0   2   0   0   0   0  0.52 0.02
  242 V    0 -3 -3 -3 -1 -2 -3 -3 -3  3  1 -3  1 -1 -3 -2  0 -3 -2  4    0   0   0   0   0   0   0   0   0   3   0   0   0   0   0   0   4   0   0  93  0.42 0.03
  243 N    0 -2  1 -1 -3 -2 -2  6 -2 -4 -4 -2 -3 -4 -2  0 -2 -3 -3 -4    0   0   6   0   0   0   0  94   0   0   0   0   0   0   0   0   0   0   0   0  1.06 0.03
  244 D   -2 -2  1  6 -4  0  2 -2 -1 -4 -4 -1 -3 -4 -2  0 -1 -5 -3 -4    0   0   1  93   0   0   5   0   0   0   0   0   0   0   0   0   0   0   0   0  1.01 0.04
  245 E   -1 -1 -1  1 -4  2  5 -2 -1 -2 -3  0 -2 -3 -1  0 -1 -3 -2 -1    1   0   0   0   0   0  89   0   0   0   0   0   0   0   0   0   2   0   0   7  0.68 0.03
  246 I   -1 -3 -3 -4 -1 -3 -3 -4 -4  3  1 -3  1 -1 -3 -2  0 -3 -1  4    0   0   0   0   0   0   0   0   0  18   0   0   0   0   0   0   0   0   0  82  0.43 0.03
  247 E   -1  0  0  2 -4  2  5 -2  0 -4 -3  1 -2 -4 -1  0 -1 -3 -2 -3    0   0   0   6   0   0  92   0   0   0   0   0   0   0   0   3   0   0   0   0  0.79 0.03
  248 I   -2 -3 -4 -4 -1 -3 -4 -4 -4  5  1 -3  1  0 -3 -3 -1 -3 -2  3    0   0   0   0   0   0   0   0   0  92   2   0   0   0   0   0   0   0   0   6  0.49 0.03
  249 V   -1 -3 -3 -3 -1 -3 -3 -4 -4  3  1 -3  1 -1 -3 -2  0 -3 -1  4    0   0   0   0   0   0   0   0   0  34   1   0   0   0   0   0   0   0   0  65  0.41 0.02
  250 G    0 -3 -1 -2 -3 -2 -2  6 -2 -4 -4 -2 -3 -4 -2 -1 -2 -3 -3 -4    0   0   0   0   0   0   0 100   0   0   0   0   0   0   0   0   0   0   0   0  1.16 0.03
  251 I   -2 -3 -4 -4 -1 -3 -3 -4 -3  4  3 -3  1  0 -3 -3 -1 -3 -1  2    0   0   0   0   0   0   0   0   0  68  32   0   0   0   0   0   0   0   0   0  0.43 0.02
  252 K    2  0  0 -1 -2  1  1 -1  2 -2 -2  2 -1 -3 -1  1  1 -3 -1 -1   30   1   4   1   0   2   6   0  10   0   0  27   0   0   0   7  10   0   0   1  0.20 0.01
  253 E   -1 -1  0  3 -4  1  4 -2 -1 -3 -3  0 -3 -4  3  0 -1 -4 -3 -3    0   0   1  26   0   0  54   0   0   0   0   0   0   0  18   0   1   0   0   0  0.67 0.02
  254 E    0  0  0  3 -3  2  5 -2  0 -3 -3  1 -2 -3 -1  0 -1 -3 -2 -3    7   0   2  15   0   2  69   0   0   0   0   4   0   0   0   0   0   0   0   0  0.59 0.02
  255 I    0 -2  0 -2 -1 -1 -1 -2 -2  1 -1 -1  0 -2  3  1  3 -3 -2  1    3   0   2   0   0   0   0   0   0  17   0   0   0   0  14   7  45   0   0  10  0.29 0.02
  256 Q    0  1  0 -1 -2  2  0 -1 -1 -1  0  2  0 -2 -1  1  1 -3 -2 -1    8   5   1   0   0  11   1   1   1   1  10  29   3   0   0  20   8   0   0   1  0.16 0.01
  257 K   -1  2  0  0 -3  1  1 -2 -1 -3 -3  5 -2 -3 -1  0  0 -3 -2 -3    0   0   3   1   0   3   0   0   0   0   0  86   0   0   0   5   2   0   0   0  0.52 0.03
  258 A    2 -1  0 -1 -1 -1 -1 -1 -2 -1 -1 -1 -1 -2 -1  2  4 -3 -2  0   19   0   0   0   0   0   0   0   0   0   0   0   0   0   0  11  66   0   0   4  0.39 0.02
  259 V    0 -2 -1 -2 -1 -1 -2 -2 -2  1 -1 -1  0 -2 -2  1  4 -3 -2  2    0   0   0   0   0   0   0   0   0   5   0   0   0   0   0   0  72   0   0  24  0.38 0.03
  260 V    0 -3 -3 -4 -1 -3 -3 -4 -4  3  1 -3  1 -1 -3 -2  0 -3 -1  4    0   0   0   0   0   0   0   0   0   6   0   0   0   0   0   0   0   0   0  94  0.45 0.03
  261 T    0 -1  0 -1 -1 -1 -1 -2 -2 -1 -2 -1 -1 -3 -1  1  5 -3 -2  0    0   0   0   0   0   0   0   0   0   0   0   0   0   0   0   0 100   0   0   0  0.62 0.04
  262 G    0 -3 -1 -2 -3 -2 -2  6 -2 -4 -4 -2 -3 -4 -2 -1 -2 -3 -3 -4    0   0   0   0   0   0   0 100   0   0   0   0   0   0   0   0   0   0   0   0  1.16 0.03
  263 V   -1 -3 -3 -4 -1 -3 -3 -4 -3  3  2 -3  1 -1 -3 -2  0 -3 -1  4    0   0   0   0   0   0   0   0   0   5  15   0   0   0   0   0   0   0   0  80  0.39 0.02
  264 E   -1  0 -1  1 -4  2  6 -2  0 -4 -3  1 -2 -4 -1  0 -1 -3 -2 -3    0   0   0   0   0   0 100   0   0   0   0   0   0   0   0   0   0   0   0   0  0.86 0.04
  265 M   -1 -2 -3 -4 -2 -1 -2 -3 -2  1  2 -2  7  0 -3 -2 -1 -2 -1  0    0   0   0   0   0   0   0   0   0   0   0   0 100   0   0   0   0   0   0   0  0.62 0.05
  266 F   -3 -3 -3 -4 -3 -4 -4 -4 -2  0  0 -4  0  7 -4 -3 -3  1  3 -1    0   0   0   0   0   0   0   0   0   0   0   0   0 100   0   0   0   0   0   0  0.94 0.04
  267 R   -2  6 -1 -2 -4  1  0 -3  0 -3 -3  2 -2 -3 -2 -1 -1 -3 -2 -3    0  99   0   0   0   0   0   0   1   0   0   0   0   0   0   0   0   0   0   0  0.89 0.04
  268 K   -1  2  0 -1 -3  1  1 -2 -1 -3 -3  5 -2 -4 -1  0 -1 -3 -2 -3    0   0   0   0   0   0   0   0   0   0   0 100   0   0   0   0   0   0   0   0  0.65 0.04
  269 Q   -1 -2 -2 -3 -1  0 -2 -3 -2  1  3 -2  2  0 -2 -1  2 -2 -1  0    0   0   0   0   0   5   0   0   0   0  63   0   4   0   0   1  27   0   0   0  0.27 0.02
  270 L   -2 -2 -4 -4 -2 -2 -3 -4 -3  1  4 -3  2  0 -3 -3 -1 -2 -1  1    0   0   0   0   0   0   0   0   0   0  99   0   1   0   0   0   0   0   0   0  0.54 0.03
  271 D   -2 -2  1  6 -4 -1  1 -2 -1 -4 -4 -1 -3 -4 -2 -1 -1 -5 -3 -4    0   0   0  99   0   0   1   0   0   0   0   0   0   0   0   0   0   0   0   0  1.07 0.04
  272 E   -2 -2 -2 -2 -3  0  0 -3  1 -1 -1 -2 -1  3 -3 -2 -2  1  6 -1    0   0   0   0   0   6   9   0   0   0   5   0   0   9   0   0   0   0  70   1  0.63 0.03
  273 G    4 -2 -1 -2 -1 -1 -1  3 -2 -2 -2 -1 -2 -3 -1  1 -1 -3 -2 -1   71   0   0   0   0   0   0  29   0   0   0   0   0   0   0   0   0   0   0   0  0.47 0.02
  274 L   -1  0 -1  1 -4  3  5 -2  0 -3 -2  1 -2 -3 -1  0 -1 -3 -2 -3    0   0   0   0   0  10  85   0   0   0   5   0   0   0   0   0   0   0   0   0  0.70 0.03
  275 A    5 -2 -2 -2 -1 -1 -1  0 -2 -2 -2 -1 -1 -3 -1  1  0 -3 -2  0  100   0   0   0   0   0   0   0   0   0   0   0   0   0   0   0   0   0   0   0  0.51 0.03
  276 G    0 -3 -1 -2 -3 -2 -2  6 -2 -4 -4 -2 -3 -4 -2 -1 -2 -3 -3 -4    0   0   0   0   0   0   0 100   0   0   0   0   0   0   0   0   0   0   0   0  1.16 0.03
  277 D   -2 -2  1  6 -4 -1  1 -2 -1 -4 -4 -1 -4 -4 -2 -1 -1 -5 -4 -4    0   0   0 100   0   0   0   0   0   0   0   0   0   0   0   0   0   0   0   0  1.08 0.04
  278 N   -2 -1  7  1 -3  0 -1 -1  0 -4 -4  0 -3 -3 -2  0  0 -4 -2 -3    0   0 100   0   0   0   0   0   0   0   0   0   0   0   0   0   0   0   0   0  0.90 0.04
  279 V   -1 -3 -3 -3 -1 -3 -3 -4 -4  4  1 -3  1 -1 -3 -2 -1 -3 -2  3    0   0   0   0   0   0   0   0   0  72   0   0   0   0   0   0   0   0   0  28  0.44 0.03
  280 G    0 -3 -1 -2 -3 -2 -2  6 -2 -4 -4 -2 -3 -4 -2 -1 -2 -3 -3 -4    0   0   0   0   0   0   0 100   0   0   0   0   0   0   0   0   0   0   0   0  1.16 0.03
  281 V    4 -2 -2 -2 -1 -1 -1 -1 -2  0 -1 -1 -1 -2 -1  1  1 -3 -2  1   68   0   0   0   0   0   0   0   0   2   0   0   0   0   0   0  10   0   0  20  0.29 0.02
  282 L   -2 -2 -4 -4 -2 -2 -3 -4 -3  1  4 -3  2  0 -3 -3 -1 -2 -1  1    0   0   0   0   0   0   0   0   0   0 100   0   0   0   0   0   0   0   0   0  0.55 0.03
  283 L   -2 -2 -4 -4 -2 -2 -3 -4 -3  1  4 -3  2  0 -3 -3 -1 -2 -1  1    0   0   0   0   0   0   0   0   0   0 100   0   0   0   0   0   0   0   0   0  0.55 0.03
  284 R   -2  6 -1 -2 -4  1  0 -3 -1 -3 -3  2 -2 -3 -3 -1 -1 -3 -2 -3    0 100   0   0   0   0   0   0   0   0   0   0   0   0   0   0   0   0   0   0  0.91 0.04
  285 G    0 -3 -1 -2 -3 -2 -2  6 -2 -4 -4 -2 -3 -4 -2 -1 -2 -3 -3 -4    0   0   0   0   0   0   0 100   0   0   0   0   0   0   0   0   0   0   0   0  1.16 0.03
  286 I   -1 -3 -3 -3 -1 -3 -3 -4 -3  3  1 -3  1 -1 -3 -2  0 -3 -1  4    0   0   0   0   0   0   0   0   0  24   0   0   0   0   0   0   1   0   0  75  0.41 0.02
  287 Q    2 -1  1  1 -1  1  0  0 -1 -2 -2  0 -1 -3 -1  2  2 -3 -2 -1   28   0   6   6   0  14   0   2   0   0   0   0   0   0   0  21  23   0   0   0  0.25 0.01
  288 R   -2  6 -1 -2 -4  1  0 -3  0 -3 -3  2 -2 -3 -2 -1 -1 -3 -2 -3    0  99   0   0   0   0   0   0   1   0   0   0   0   0   0   0   0   0   0   0  0.89 0.04
  289 D   -2 -1  0  5 -4  1  4 -2 -1 -3 -4  0 -3 -4 -2  0 -1 -4 -3 -3    0   0   0  49   0   0  50   0   0   0   0   0   0   0   0   0   1   0   0   0  0.74 0.03
  290 E   -2 -1  1  5 -4  2  3 -2  0 -3 -3  0 -2 -4 -2  0 -1 -4 -2 -3    0   0   5  47   0  18  29   0   2   0   0   0   0   0   0   0   0   0   0   0  0.62 0.02
  291 I   -1 -3 -4 -3 -1 -3 -3 -4 -4  4  1 -3  1 -1 -3 -2 -1 -3 -2  3    0   0   0   0   0   0   0   0   0  76   0   0   0   0   0   0   0   0   0  24  0.45 0.03
  292 E   -1  0  0  1 -4  4  4 -2  0 -3 -3  1 -1 -3 -1  0 -1 -3 -2 -2    0   0   0   0   0  43  53   0   0   0   0   1   0   0   0   0   1   0   0   2  0.62 0.03
  293 R   -2  6 -1 -2 -4  1  0 -3 -1 -3 -3  2 -2 -3 -3 -1 -1 -3 -2 -3    0 100   0   0   0   0   0   0   0   0   0   0   0   0   0   0   0   0   0   0  0.91 0.04
  294 G    0 -3 -1 -2 -3 -2 -2  6 -2 -4 -4 -2 -3 -4 -2 -1 -2 -3 -3 -4    0   0   0   0   0   0   0 100   0   0   0   0   0   0   0   0   0   0   0   0  1.16 0.03
  295 Q   -1  1  0 -1 -3  6  2 -2  0 -3 -3  1 -1 -4 -2  0 -1 -2 -2 -3    0   0   0   0   0 100   0   0   0   0   0   0   0   0   0   0   0   0   0   0  0.84 0.05
  296 V    0 -3 -3 -4 -1 -3 -3 -4 -4  2  1 -3  1 -1 -3 -2  0 -3 -2  5    0   0   0   0   0   0   0   0   0   0   0   0   0   0   0   0   0   0   0 100  0.47 0.03
  297 I   -2 -3 -4 -4 -2 -2 -3 -4 -3  2  4 -3  2  0 -3 -3 -1 -2 -1  1    0   0   0   0   0   0   0   0   0   8  92   0   0   0   0   0   0   0   0   0  0.51 0.03
  298 A    4 -2 -2 -2 -1 -1 -1  0 -2 -2 -2 -1 -1 -3 -1  1  0 -3 -2  0   94   0   0   0   0   0   0   0   0   0   0   0   0   0   0   6   0   0   0   0  0.48 0.03
  299 K    1  2 -1 -1 -3  2  1 -1 -1 -3 -3  5 -1 -3 -1  0 -1 -3 -2 -2   15   0   0   0   0   6   1   0   0   0   0  77   0   0   0   0   0   0   0   0  0.46 0.03
  300 P   -1 -3 -2 -2 -3 -2 -1 -3 -3 -3 -3 -1 -3 -4  8 -1 -1 -4 -3 -3    0   0   0   0   0   0   0   0   0   0   0   0   0   0 100   0   0   0   0   0  2.16 0.05
  301 G    0 -3 -1 -2 -3 -2 -2  6 -2 -4 -4 -2 -3 -4 -2  0 -2 -3 -3 -3    1   0   0   0   0   0   0  98   0   0   0   0   0   0   0   1   0   0   0   0  1.12 0.03
  302 S    1 -1  0 -1 -1  0 -1 -1 -1 -2 -2 -1 -1 -3 -1  4  3 -3 -2 -1    0   0   0   0   0   0   0   0   0   0   0   0   0   0   0  67  33   0   0   0  0.46 0.03
  303 I   -2 -3 -4 -4 -2 -3 -4 -4 -4  5  1 -3  1  0 -3 -3 -1 -3 -2  3    0   0   0   0   0   0   0   0   0  98   0   0   0   0   0   0   0   0   0   2  0.51 0.03
  304 N    0 -1  1 -1 -1  1  0 -2 -1 -1 -2  0 -1 -3 -1  1  5 -3 -2 -1    0   0   4   0   0   7   1   0   1   0   0   2   0   0   0   0  85   0   0   0  0.47 0.03
  305 P   -1 -2 -2 -2 -3 -2 -1 -2 -2 -3 -3 -1 -2 -4  8 -1  0 -4 -3 -2    2   0   0   0   0   0   0   0   0   0   1   0   0   0  87   0  10   0   0   0  1.76 0.04
  306 H   -2 -1  0 -2 -4  0  0 -3  9 -4 -3 -1 -2 -2 -3 -1 -2 -3  1 -4    0   0   0   0   0   0   0   0 100   0   0   0   0   0   0   0   0   0   0   0  1.16 0.05
  307 T    0 -1  0 -1 -1 -1 -1 -2 -2 -1 -2  1 -1 -3 -1  1  5 -3 -2  0    1   0   0   0   0   0   0   0   0   0   0  10   0   0   0   1  88   0   0   0  0.50 0.03
  308 K   -1  2  1 -1 -3  2  1 -2 -1 -3 -3  5 -2 -3 -1  0  0 -3 -2 -2    3   2   4   0   0   4   2   0   0   0   0  82   0   0   0   0   3   0   0   0  0.51 0.03
  309 F   -3 -3 -3 -4 -3 -4 -4 -4 -2  0  0 -4  0  7 -4 -3 -3  1  3 -1    0   0   0   0   0   0   0   0   0   0   0   0   0 100   0   0   0   0   0   0  0.94 0.04
  310 K   -1  1  0 -1 -3  1  1 -2 -1 -2 -2  4 -1 -3 -1  1  1 -3 -2 -2    1   0   2   0   0   2  10   0   0   1   0  65   1   0   0   9   9   0   0   1  0.37 0.02
  311 G    4 -2 -1 -2 -1 -1 -1  3 -2 -2 -2 -1 -2 -3 -1  1 -1 -3 -2 -1   70   0   0   0   0   0   0  29   0   0   0   0   0   0   0   2   0   0   0   0  0.46 0.02
  312 E   -1  0 -1  1 -4  2  5 -2  0 -4 -3  1 -2 -4 -1  0 -1 -3 -2 -3    1   0   0   0   0   6  93   0   0   0   0   0   0   0   0   0   0   0   0   0  0.81 0.04
  313 V    0 -3 -3 -3 -1 -2 -3 -3 -3  3  1 -3  1 -1 -3 -2  0 -3 -1  4    1   0   0   0   0   0   0   0   0   9   0   0   0   0   0   0   3   0   0  87  0.40 0.03
  314 Y   -2 -2 -3 -4 -3 -2 -2 -4  1 -2 -1 -2 -1  3 -3 -2 -2  2  8 -2    0   0   0   0   0   0   0   0   0   0   0   0   0   0   0   0   0   0 100   0  1.10 0.05
  315 I   -1 -3 -3 -4 -1 -3 -3 -4 -4  3  1 -3  1 -1 -3 -2  0 -3 -1  4    0   0   0   0   0   0   0   0   0  17   0   0   0   0   0   0   0   0   0  83  0.43 0.03
  316 L   -2 -2 -4 -4 -2 -2 -3 -4 -3  1  4 -3  2  0 -3 -3 -1 -2 -1  1    0   0   0   0   0   0   0   0   0   0 100   0   0   0   0   0   0   0   0   0  0.55 0.03
  317 T    1 -1  0 -1 -1 -1 -1 -1 -1 -2 -2 -1 -1 -3 -1  3  4 -3 -2 -1    0   0   0   0   0   0   0   0   0   0   0   0   0   0   0  55  45   0   0   0  0.45 0.03
  318 K   -1  2  0 -1 -3  1  1 -2 -1 -3 -3  5 -2 -4 -1  0 -1 -3 -2 -3    0   0   0   0   0   0   0   0   0   0   0 100   0   0   0   0   0   0   0   0  0.65 0.04
  319 E   -1  0  0  2 -4  2  6 -2  0 -4 -3  1 -2 -4 -1  0 -1 -3 -2 -3    0   0   0   2   0   0  98   0   0   0   0   0   0   0   0   0   0   0   0   0  0.85 0.04
  320 E   -1  0 -1  1 -4  2  6 -2  0 -4 -3  1 -2 -4 -1  0 -1 -3 -2 -3    0   0   0   0   0   0 100   0   0   0   0   0   0   0   0   0   0   0   0   0  0.86 0.04
  321 G    0 -3 -1 -2 -3 -2 -2  6 -2 -4 -4 -2 -3 -4 -2 -1 -2 -3 -3 -4    0   0   0   0   0   0   0 100   0   0   0   0   0   0   0   0   0   0   0   0  1.16 0.03
  322 G    0 -3 -1 -2 -3 -2 -2  6 -2 -4 -4 -2 -3 -4 -2 -1 -2 -3 -3 -4    0   0   0   0   0   0   0 100   0   0   0   0   0   0   0   0   0   0   0   0  1.16 0.03
  323 R   -2  6 -1 -2 -4  1  0 -3 -1 -3 -3  2 -2 -3 -3 -1 -1 -3 -2 -3    0 100   0   0   0   0   0   0   0   0   0   0   0   0   0   0   0   0   0   0  0.91 0.04
  324 H   -2 -1  0 -2 -4  0  0 -3  9 -4 -3 -1 -2 -2 -3 -1 -2 -3  1 -4    0   0   0   0   0   0   0   0 100   0   0   0   0   0   0   0   0   0   0   0  1.16 0.05
  325 T    0 -1  0 -1 -1 -1 -1 -2 -2 -1 -2 -1 -1 -3 -1  1  5 -3 -2  0    0   0   0   0   0   0   0   0   0   0   0   0   0   0   0   0 100   0   0   0  0.62 0.04
  326 P   -1 -3 -2 -2 -3 -2 -1 -3 -3 -3 -3 -1 -3 -4  8 -1 -1 -4 -3 -3    0   0   0   0   0   0   0   0   0   0   0   0   0   0 100   0   0   0   0   0  2.16 0.05
  327 F   -3 -3 -3 -4 -3 -4 -4 -4 -2  0  0 -4  0  7 -4 -3 -3  1  3 -1    0   0   0   0   0   0   0   0   0   0   0   0   0 100   0   0   0   0   0   0  0.94 0.04
  328 F   -3 -3 -3 -4 -3 -4 -4 -4 -2  0  0 -4  0  7 -4 -3 -2  1  3 -1    0   0   0   0   0   0   0   0   0   0   3   0   0  97   0   0   0   0   0   0  0.90 0.04
  329 N    1 -1  2  0 -1  0 -1  0 -1 -2 -2 -1 -2 -3 -1  3  3 -3 -2 -1    5   0  15   3   0   0   0   3   0   0   0   0   0   0   0  47  28   0   0   0  0.35 0.02
  330 N   -2 -1  6  1 -3  0  0 -1  0 -4 -4  0 -3 -3 -2  0  0 -4 -2 -3    0   0  98   1   0   1   0   0   0   0   0   0   0   0   0   0   0   0   0   0  0.88 0.04
  331 Y   -2 -2 -3 -4 -3 -2 -2 -4  1 -2 -1 -2 -1  3 -3 -2 -2  2  8 -2    0   0   0   0   0   0   0   0   0   0   0   0   0   0   0   0   0   0 100   0  1.10 0.05
  332 R   -2  6 -1 -2 -4  1  0 -3 -1 -3 -3  2 -2 -3 -3 -1 -1 -3 -2 -3    0 100   0   0   0   0   0   0   0   0   0   0   0   0   0   0   0   0   0   0  0.91 0.04
  333 P   -1 -3 -2 -2 -3 -2 -1 -3 -3 -3 -3 -1 -3 -4  8 -1 -1 -4 -3 -3    0   0   0   0   0   0   0   0   0   0   0   0   0   0 100   0   0   0   0   0  2.16 0.05
  334 Q   -1  1  0 -1 -3  6  2 -2  0 -3 -3  1 -1 -4 -2  0 -1 -2 -2 -3    0   0   0   0   0 100   0   0   0   0   0   0   0   0   0   0   0   0   0   0  0.84 0.05
  335 F   -3 -3 -3 -4 -3 -4 -4 -4 -2  0  0 -4  0  7 -4 -3 -3  1  3 -1    0   0   0   0   0   0   0   0   0   0   0   0   0 100   0   0   0   0   0   0  0.94 0.04
  336 Y   -2 -2 -3 -4 -3 -2 -2 -4  1 -2 -1 -2 -1  3 -3 -2 -2  2  8 -2    0   0   0   0   0   0   0   0   0   0   0   0   0   0   0   0   0   0 100   0  1.10 0.05
  337 F   -3 -3 -3 -4 -3 -4 -4 -4 -2  0  0 -4  0  7 -4 -3 -3  1  3 -1    0   0   0   0   0   0   0   0   0   0   0   0   0 100   0   0   0   0   0   0  0.94 0.04
  338 R   -2  6 -1 -2 -4  1  0 -3  3 -3 -3  2 -2 -3 -2 -1 -1 -3 -1 -3    0  87   0   0   0   0   0   0  13   0   0   0   0   0   0   0   0   0   0   0  0.78 0.04
  339 T    0 -1  0 -1 -1 -1 -1 -2 -2 -1 -2 -1 -1 -3 -1  1  5 -3 -2  0    0   0   0   0   0   0   0   0   0   0   0   0   0   0   0   0 100   0   0   0  0.62 0.04
  340 T    0 -1  0 -1 -1 -1 -1 -2 -2 -1 -2 -1 -1 -3 -1  1  5 -3 -2  0    0   0   0   0   0   0   0   0   0   0   0   0   0   0   0   0 100   0   0   0  0.62 0.04
  341 D   -2 -2  1  6 -4 -1  1 -2 -1 -4 -4 -1 -4 -4 -2 -1 -1 -5 -4 -4    0   0   0 100   0   0   0   0   0   0   0   0   0   0   0   0   0   0   0   0  1.08 0.04
  342 V    0 -3 -3 -4 -1 -3 -3 -4 -4  3  1 -3  1 -1 -3 -2  0 -3 -1  4    0   0   0   0   0   0   0   0   0  10   0   0   0   0   0   0   0   0   0  90  0.44 0.03
  343 T    0 -1  0 -1 -1 -1 -1 -2 -2 -1 -2 -1 -1 -3 -1  1  5 -3 -2  0    0   0   0   0   0   0   0   0   0   0   0   0   0   0   0   0 100   0   0   0  0.62 0.04
  344 G    0 -3 -1 -2 -3 -2 -2  6 -2 -4 -4 -2 -3 -4 -2 -1 -2 -3 -3 -4    0   0   0   0   0   0   0 100   0   0   0   0   0   0   0   0   0   0   0   0  1.16 0.03
  345 S   -1 -2  0 -2 -1 -2 -2 -3 -3  3  0 -2  0 -1 -2 -1  0 -3 -2  4    0   0   9   0   0   0   0   0   0  20   0   0   0   0   0   6   4   0   0  62  0.25 0.02
  346 I   -1 -3 -3 -4  4 -3 -3 -4 -4  4  1 -3  1 -1 -3 -2 -1 -3 -2  3    0   0   0   0  13   0   0   0   0  55   0   0   0   0   0   0   0   0   0  32  0.38 0.02
  347 E   -1  0  2  1 -3  2  4 -2  0 -2 -2  1 -1 -3 -1  0  1 -3 -2 -1    1   0  11   1   0  11  49   1   0   1   0   3   1   0   0   2  16   0   0   4  0.37 0.02
  348 L   -2 -2 -4 -4 -2 -2 -3 -4 -3  1  4 -3  2  0 -3 -3 -1 -2 -1  1    0   0   0   0   0   0   0   0   0   0 100   0   0   0   0   0   0   0   0   0  0.55 0.03
  349 P   -1 -2 -2 -2 -3 -1 -1 -3 -3 -3 -3 -1 -3 -4  8 -1 -1 -4 -3 -3    1   0   0   0   0   1   0   0   0   0   0   0   0   0  98   0   0   0   0   0  2.10 0.04
  350 A    0 -1  0  2 -3  1  5 -2 -1 -3 -3  0 -2 -3 -1  0 -1 -3 -2 -2   10   0   0   5   0   0  85   0   0   0   0   0   0   0   0   0   0   0   0   0  0.69 0.03
  351 G    0 -3  0  0 -3 -2 -2  6 -2 -4 -4 -2 -3 -4 -2  0 -2 -3 -3 -4    0   0   1   5   0   0   1  93   0   0   0   0   0   0   0   0   0   0   0   0  1.03 0.03
  352 T    0 -2 -1 -2 -1 -2 -2 -3 -3  1  0 -2  0 -2 -2  0  4 -3 -2  3    0   0   0   0   0   0   0   0   0   3   0   0   0   0   0   0  52   0   0  45  0.31 0.02
  353 E   -1  0 -1  1 -4  2  6 -2  0 -4 -3  1 -2 -4 -1  0 -1 -3 -2 -3    0   0   0   0   0   1  97   0   0   0   0   0   0   0   1   0   0   0   0   0  0.84 0.04
  354 M   -1 -2 -3 -4 -2 -1 -2 -3 -2  1  2 -2  7  0 -3 -2 -1 -2 -1  0    0   0   0   0   0   0   0   0   0   0   0   0 100   0   0   0   0   0   0   0  0.62 0.05
  355 V    0 -3 -3 -4 -1 -3 -3 -4 -4  2  1 -3  1 -1 -3 -2  0 -3 -2  5    0   0   0   0   0   0   0   0   0   0   0   0   0   0   0   0   0   0   0 100  0.47 0.03
  356 M   -1 -2 -3 -4 -2 -1 -2 -3 -2  1  2 -2  7  0 -3 -2 -1 -2 -1  0    0   0   0   0   0   0   0   0   0   0   0   0 100   0   0   0   0   0   0   0  0.62 0.05
  357 P   -1 -3 -2 -2 -3 -2 -1 -3 -3 -3 -3 -1 -3 -4  8 -1 -1 -4 -3 -3    0   0   0   0   0   0   0   0   0   0   0   0   0   0 100   0   0   0   0   0  2.16 0.05
  358 G    0 -3 -1 -2 -3 -2 -2  6 -2 -4 -4 -2 -3 -4 -2 -1 -2 -3 -3 -4    0   0   0   0   0   0   0 100   0   0   0   0   0   0   0   0   0   0   0   0  1.16 0.03
  359 D   -2 -2  1  6 -4 -1  1 -2 -1 -4 -4 -1 -4 -4 -2 -1 -1 -5 -4 -4    0   0   0 100   0   0   0   0   0   0   0   0   0   0   0   0   0   0   0   0  1.08 0.04
  360 N   -2 -1  7  1 -3  0 -1 -1  0 -4 -4  0 -3 -3 -2  0  0 -4 -2 -3    0   0 100   0   0   0   0   0   0   0   0   0   0   0   0   0   0   0   0   0  0.90 0.04
  361 V   -1 -3 -3 -3 -1 -3 -3 -4 -3  3  1 -3  1 -1 -3 -2  0 -3 -1  4    0   0   0   0   0   0   0   0   0  11   0   0   0   0   0   0   1   0   0  88  0.43 0.03
  362 T    0 -1  0  0 -2  0  2 -1 -1 -2 -2  0 -1 -3 -1  1  4 -3 -2 -1    7   0   1   0   0   1  23   1   0   0   0   3   0   0   0   5  59   0   0   0  0.35 0.02
  363 I   -1 -2 -3 -4 -2 -2 -3 -3 -2  3  2 -2  5  2 -3 -2 -1 -2 -1  1    0   0   0   0   0   0   0   0   0  35   3   0  50  11   0   0   0   0   0   1  0.35 0.03
  364 E    0 -1  1  3 -2  1  2 -2 -1 -2 -3  0 -2 -3 -1  1  2 -3 -2 -2    2   0   4  27   0   2  22   0   0   0   0   1   0   0   0   9  32   0   0   1  0.37 0.02
  365 V    0 -3 -3 -4 -1 -3 -3 -4 -4  3  1 -3  1 -1 -3 -2  0 -3 -2  5    0   0   0   0   0   0   0   0   0   2   0   0   0   0   0   0   0   0   0  98  0.46 0.03
  366 E   -1  0  0  2 -4  2  5 -2  0 -3 -3  0 -2 -4 -1  0  0 -3 -2 -3    0   0   0   5   0   0  90   0   0   0   0   0   0   0   0   1   4   0   0   0  0.75 0.03
  367 L   -2 -2 -4 -4 -2 -2 -3 -4 -3  1  4 -3  2  0 -3 -3 -1 -2 -1  1    0   0   0   0   0   0   0   0   0   0 100   0   0   0   0   0   0   0   0   0  0.55 0.03
  368 I   -2 -3 -4 -4 -2 -3 -4 -4 -4  5  1 -3  1  0 -3 -3 -1 -3 -2  2    0   0   0   0   0   0   0   0   0 100   0   0   0   0   0   0   0   0   0   0  0.52 0.04
  369 H    1 -1  1 -1 -2  0  0 -1  7 -3 -3  0 -2 -2 -2  1 -1 -3  0 -2   19   0   7   0   0   1   1   0  56   0   0   3   0   0   0  12   0   0   0   1  0.48 0.03
  370 P   -1 -3 -2 -2 -3 -2 -1 -3 -3 -3 -3 -1 -3 -4  8 -1 -1 -4 -3 -3    0   0   0   0   0   0   0   0   0   0   0   0   0   0  99   1   0   0   0   0  2.13 0.04
  371 I   -1 -3 -3 -3 -1 -3 -3 -4 -4  4  1 -3  1 -1 -3 -2 -1 -3 -2  3    1   0   0   0   0   0   0   0   0  72   0   0   0   0   0   0   0   0   0  27  0.43 0.02
  372 A    5 -2 -2 -2 -1 -1 -1  0 -2 -2 -2 -1 -1 -3 -1  1  0 -3 -2  0  100   0   0   0   0   0   0   0   0   0   0   0   0   0   0   0   0   0   0   0  0.51 0.03
  373 V   -1 -3 -4 -4 -1 -3 -3 -4 -4  4  2 -3  1  0 -3 -3 -1 -3 -2  3    0   0   0   0   0   0   0   0   0  81   5   0   1   0   0   0   0   0   0  14  0.45 0.03
  374 E   -1  0  0  2 -4  2  6 -2  0 -4 -3  1 -2 -4 -1  0 -1 -3 -2 -3    0   0   0   3   0   0  97   0   0   0   0   0   0   0   0   0   0   0   0   0  0.84 0.04
  375 Q   -1  0  1  3 -3  2  4 -2  0 -3 -3  2 -2 -3 -1  0 -1 -3 -2 -3    3   0   6  20   0  11  40   0   0   0   0  20   0   0   1   0   0   0   0   0  0.47 0.02
  376 G    0 -3 -1 -2 -3 -2 -2  6 -2 -4 -4 -2 -3 -4 -2 -1 -2 -3 -3 -4    0   0   0   0   0   0   0 100   0   0   0   0   0   0   0   0   0   0   0   0  1.16 0.03
  377 T    0 -1  0 -1 -1 -1 -1 -2 -2 -1 -1 -1 -1 -2 -1  1  5 -3 -2  0    0   0   0   0   0   0   0   0   0   0   6   0   0   0   0   0  94   0   0   0  0.54 0.04
  378 T   -1  3  1 -1 -3  1  0 -2 -1 -3 -2  4 -1 -3 -2  0  2 -3 -2 -2    0  24   7   0   0   0   0   0   0   0   0  48   0   0   0   0  21   0   0   0  0.40 0.02
  379 F   -3 -3 -3 -4 -3 -4 -4 -4 -2  0  0 -4  0  7 -4 -3 -3  1  3 -1    0   0   0   0   0   0   0   0   0   0   0   0   0 100   0   0   0   0   0   0  0.94 0.04
  380 S    1 -1  0 -1 -1  0  0 -1 -1 -2 -3  0 -2 -3 -1  4  2 -3 -2 -2    1   0   0   0   0   0   0   0   0   0   0   0   0   0   0  85  14   0   0   0  0.50 0.03
  381 I   -1 -3 -4 -4 -1 -3 -3 -4 -4  5  1 -3  1  0 -3 -3 -1 -3 -2  3    0   0   0   0   0   0   0   0   0  89   0   0   0   0   0   0   0   0   0  11  0.48 0.03
  382 R   -2  6 -1 -2 -4  1  0 -3 -1 -3 -3  2 -2 -3 -3 -1 -1 -3 -2 -3    0 100   0   0   0   0   0   0   0   0   0   0   0   0   0   0   0   0   0   0  0.91 0.04
  383 E   -1  0 -1  1 -4  2  6 -2  0 -4 -3  1 -2 -4 -1  0 -1 -3 -2 -3    0   0   0   0   0   0 100   0   0   0   0   0   0   0   0   0   0   0   0   0  0.86 0.04
  384 G    0 -3 -1 -2 -3 -2 -2  6 -2 -4 -4 -2 -3 -4 -2 -1 -2 -3 -3 -4    0   0   0   0   0   0   0 100   0   0   0   0   0   0   0   0   0   0   0   0  1.16 0.03
  385 G    0 -3 -1 -2 -3 -2 -2  6 -2 -4 -4 -2 -3 -4 -2 -1 -2 -3 -3 -4    0   0   0   0   0   0   0 100   0   0   0   0   0   0   0   0   0   0   0   0  1.16 0.03
  386 R   -2  6 -1 -2 -4  1  0 -3  1 -3 -3  2 -2 -3 -2 -1 -1 -3 -2 -3    0  94   0   0   0   0   0   0   5   0   0   1   0   0   0   0   0   0   0   0  0.83 0.04
  387 T    0 -1  0 -1 -1 -1 -1 -2 -2 -1 -2 -1 -1 -3 -1  1  5 -3 -2  0    0   0   0   0   0   0   0   0   0   0   0   0   0   0   0   0 100   0   0   0  0.62 0.04
  388 V    0 -3 -3 -4 -1 -3 -3 -4 -4  2  1 -3  1 -1 -3 -2  0 -3 -2  5    0   0   0   0   0   0   0   0   0   0   0   0   0   0   0   0   0   0   0 100  0.47 0.03
  389 G    0 -3 -1 -2 -3 -2 -2  6 -2 -4 -4 -2 -3 -4 -2 -1 -2 -3 -3 -4    0   0   0   0   0   0   0 100   0   0   0   0   0   0   0   0   0   0   0   0  1.16 0.03
  390 S    4 -1 -1 -1 -1 -1 -1  0 -2 -2 -2 -1 -1 -3 -1  3  0 -3 -2 -1   60   0   0   0   0   0   0   0   0   0   0   0   0   0   0  40   0   0   0   0  0.40 0.02
  391 G    0 -3 -1 -2 -3 -2 -2  6 -2 -4 -4 -2 -3 -4 -2 -1 -2 -3 -3 -4    0   0   0   0   0   0   0 100   0   0   0   0   0   0   0   0   0   0   0   0  1.16 0.03
  392 M    0 -3 -3 -3 -1 -2 -2 -3 -3  3  1 -2  2 -1 -2 -1  0 -3 -1  4    1   0   0   0   0   0   0   0   0  14   0   0   8   0   0   6   4   0   0  67  0.30 0.02
  393 V    0 -3 -3 -4 -1 -3 -3 -4 -4  3  1 -3  1 -1 -3 -2  0 -3 -2  5    0   0   0   0   0   0   0   0   0   1   0   0   0   0   0   0   0   0   0  99  0.46 0.03
  394 T    2 -1  0 -1 -1 -1 -1  0 -1 -2 -2 -1 -1 -3 -1  3  3 -3 -2 -1   24   0   0   0   0   0   0   1   0   0   0   0   0   0   0  47  27   0   0   0  0.36 0.02
  395 E    0  0  0  1 -2  1  3 -1 -1 -2 -2  2 -2 -3 -1  1  2 -3 -2 -2    3   0   3   1   0   1  40   1   0   0   0  16   0   0   0  17  17   0   0   2  0.33 0.01
  396 I   -2 -3 -4 -4 -2 -3 -4 -4 -4  5  1 -3  1  0 -3 -3 -1 -3 -2  3    0   0   0   0   0   0   0   0   0  96   0   0   0   0   0   0   0   0   0   4  0.51 0.03
  397 E   -1  0  1  2 -3  2  4 -2  0 -2 -2  1 -2 -3 -1  0 -1 -3 -2 -2    0   0   4  14   0  11  58   0   0   1   6   6   0   0   0   0   1   0   0   0  0.48 0.02
  398 A    4 -2 -1 -2 -1 -1 -1  1 -2 -2 -2 -1 -1 -3 -1  1  0 -3 -2 -1   87   0   0   0   0   0   0   8   0   0   0   0   0   0   0   5   0   0   0   0  0.41 0.02

                      K         Lambda
Standard Ungapped    0.1365     0.3156
Standard Gapped      0.0468     0.2670
PSI Ungapped         0.1528     0.3161
PSI Gapped           0.0468     0.2670
