
Last position-specific scoring matrix computed, weighted observed percentages rounded down, information per position, and relative weight of gapless real matches to pseudocounts
            A   R   N   D   C   Q   E   G   H   I   L   K   M   F   P   S   T   W   Y   V   A   R   N   D   C   Q   E   G   H   I   L   K   M   F   P   S   T   W   Y   V
    1 M    -2  -2  -3  -4  -2  -1  -3  -4  -3   0   1  -2   8  -1  -4  -2  -2  -2  -2   0    0   0   0   0   0   0   0   0   0   0   1   0  99   0   0   0   0   0   0   0  1.09 0.14
    2 V     2  -2  -2  -3  -1  -1  -2  -1  -2   1   0  -2   3  -2  -1   0   1  -3  -2   2   27   0   0   0   0   0   0   2   0   0   1   0  22   0   1   6   6   0   0  33  0.21 0.05
    3 R    -2   6   0  -2  -4   1   0  -3   0  -3  -3   3  -2  -4  -2  -1  -1  -3  -2  -2    1  68   2   0   0   2   0   0   1   0   0  24   0   0   0   1   0   0   0   2  0.79 0.09
    4 V    -1  -3  -4  -4  -2  -3  -3  -4  -4   4   1  -3   1  -1  -3  -2  -1  -3  -1   4    1   1   0   0   0   0   0   0   0  30   3   0   0   0   0   0   1   0   1  61  0.49 0.07
    5 A     5  -2  -2  -3  -1  -2  -2   0  -3  -1  -2  -2  -1  -3  -2   0  -1  -3  -2   1   79   0   0   0   0   0   0   5   0   0   0   0   0   0   0   0   0   0   0  16  0.50 0.08
    6 N    -2  -1   7   1  -4   1  -1  -1   0  -4  -4  -1  -3  -4  -3   0  -1  -5  -3  -4    0   0  92   0   0   8   0   0   0   0   0   0   0   0   0   0   0   0   0   0  1.12 0.12
    7 S     0  -1   1  -1  -2  -1  -1  -1  -1  -3  -3  -1  -2  -3  -2   5   1  -4  -2  -2    0   0   5   0   0   0   0   0   1   0   0   0   0   0   0  93   1   0   0   0  0.74 0.11
    8 I    -2  -4  -4  -4  -2  -3  -4  -4  -4   5   1  -3   1  -1  -3  -3  -1  -3  -2   3    0   0   0   0   0   0   0   0   0  70   0   0   0   0   0   0   0   0   0  30  0.63 0.08
    9 T     2  -2   0  -1  -1  -1  -1  -2   1  -1  -1  -1  -1  -2  -2   1   3  -3   0   0   24   0   2   3   0   0   1   0   6   2   4   0   0   1   0   8  41   0   4   5  0.23 0.05
   10 E    -2  -1   0   4  -4   1   5  -3  -1  -4  -4   0  -3  -4  -2  -1  -2  -4  -3  -3    0   0   0  28   0   0  72   0   0   0   0   0   0   0   0   0   0   0   0   0  0.93 0.10
   11 L    -2  -3  -4  -4  -2  -3  -4  -4  -4   1   5  -3   2   0  -4  -3  -2  -2  -2   0    0   0   0   0   0   0   0   0   0   0  99   0   0   0   0   0   0   0   0   1  0.75 0.09
   12 I    -2  -4  -4  -4  -2  -3  -4  -4  -4   5   1  -3   1  -1  -3  -3  -1  -3  -2   4    0   0   0   0   0   0   0   0   0  69   0   0   0   0   0   0   0   0   0  31  0.62 0.08
   13 G     0  -3  -1  -2  -3  -3  -3   6  -3  -5  -5  -2  -4  -4  -3  -1  -2  -3  -4  -4    0   0   0   0   0   0   0 100   0   0   0   0   0   0   0   0   0   0   0   0  1.40 0.10
   14 N    -1   1   3   1  -4   5   2  -1   0  -4  -3   1  -2  -3  -2   0  -1  -3  -2  -3    0   3  17   4   0  51  12   3   1   0   0   7   0   1   0   1   0   0   0   0  0.54 0.07
   15 T    -1  -2  -1  -2  -2  -1  -2  -2  -3  -2  -2  -1  -1  -3  -2   1   6  -3  -2  -1    0   0   0   0   0   0   0   0   0   0   0   0   0   0   0   0 100   0   0   0  0.93 0.12
   16 P    -2  -3  -3  -2  -4  -2  -2  -3  -3  -4  -4  -2  -3  -5   8  -2  -2  -5  -4  -3    0   0   0   0   0   0   0   0   0   0   0   0   0   0 100   0   0   0   0   0  2.39 0.13
   17 I    -1  -3  -4  -4  -2  -3  -4  -4  -4   5   2  -3   1  -1  -3  -3  -1  -3  -2   3    1   0   0   0   0   0   0   0   0  68  13   0   0   0   0   0   0   0   0  18  0.55 0.07
   18 V    -1  -3  -4  -4  -2  -3  -3  -4  -4   2   0  -3   0  -2  -3  -2  -1  -4  -2   6    0   0   0   0   0   0   0   0   0   0   0   0   0   0   0   0   0   0   0  99  0.73 0.10
   19 K    -2   2  -1  -1  -4   1   0  -2  -1  -4  -3   6  -2  -4  -2  -1  -1  -4  -3  -3    0   2   0   0   0   0   0   0   0   0   0  98   0   0   0   0   0   0   0   0  0.93 0.11
   20 L    -2  -3  -4  -4  -2  -3  -4  -4  -4   1   5  -3   2   0  -4  -3  -2  -2  -2   0    0   0   0   0   0   0   0   0   0   1  99   0   0   0   0   0   0   0   0   0  0.76 0.09
   21 N    -2  -1   7   1  -4   1  -1  -1   0  -4  -4  -1  -3  -4  -3   0  -1  -5  -3  -4    0   0  93   0   0   5   0   0   0   0   0   1   0   0   0   1   0   0   0   0  1.12 0.12
   22 R    -2   6   0  -2  -4   1  -1  -2   2  -4  -3   2  -2  -4  -3  -1  -2  -4  -2  -3    0  85   3   0   0   1   0   2   5   0   0   4   0   0   0   0   0   0   0   0  0.95 0.10
   23 L    -1  -3  -4  -4  -2  -3  -3  -4  -3   3   4  -3   3   0  -3  -2  -1  -2  -2   1    1   0   0   0   0   0   0   0   0  23  59   0   8   1   0   1   3   0   0   4  0.44 0.05
   24 A     0  -3  -2  -3  -1  -2  -2  -2  -3   1   0  -2   0  -2  -2  -1   2  -3  -2   4    7   0   1   0   0   1   0   2   0   1   0   0   0   0   1   2  21   0   0  64  0.33 0.07
   25 D    -2  -2   1   5  -4   0   2   0  -1  -4  -4  -1  -3  -4  -1   0   0  -4  -3  -3    0   0   3  59   0   0  17   8   0   0   0   0   0   0   2   6   5   0   0   0  0.69 0.07
   26 E    -1  -1  -1   3  -4   1   6  -2  -1  -4  -4   0  -3  -4   0  -1  -1  -4  -3  -3    2   0   0  14   0   1  78   0   0   0   0   0   0   0   3   1   0   0   0   0  0.84 0.09
   27 N    -2  -1   5   4  -4   0   1   0   0  -4  -4   0  -3  -4  -2   0  -1  -4  -3  -3    1   0  50  27   0   2   9   6   0   0   0   3   0   0   0   1   1   0   0   0  0.64 0.07
   28 S     0  -1   0   1  -1   0  -1  -1   3  -2  -2  -1   1  -2  -2   4   0  -3  -1  -2    2   0   0   7   1   2   0   2  10   1   0   0   7   0   0  66   0   0   2   0  0.38 0.07
   29 A     5  -2  -2  -3  -1  -2  -2   0  -2  -2  -2  -1  -2  -3  -2   1  -1  -3  -3  -1   99   0   0   0   0   0   0   1   0   0   0   0   0   0   0   0   0   0   0   0  0.75 0.10
   30 D    -2  -2   1   6  -4   0   3  -2  -1  -4  -4  -1  -4  -4  -2  -1  -2  -5  -4  -4    0   0   1  74   0   0  26   0   0   0   0   0   0   0   0   0   0   0   0   0  1.04 0.09
   31 V    -1  -3  -4  -4  -2  -3  -3  -4  -4   3   0  -3   0  -1  -3  -2  -1  -4  -2   5    0   0   0   0   0   0   0   0   0  16   0   0   0   0   0   0   0   0   0  84  0.63 0.09
   32 Y    -3  -3  -3  -4  -3  -2  -3  -4   1  -2  -2  -3  -2   3  -4  -3  -3   1   8  -2    0   0   0   0   0   0   0   0   0   0   0   0   0   3   0   0   0   0  97   0  1.50 0.14
   33 L    -1  -3  -4  -4  -2  -3  -3  -4  -4   1   4  -3   1   0  -3  -3  -2  -2  -2   2    1   0   0   0   0   0   0   0   0   0  83   0   0   0   0   0   0   0   0  16  0.58 0.07
   34 K    -2   2  -1  -1  -4   1   0  -2  -2  -4  -3   6  -2  -4  -2  -1  -1  -4  -3  -3    0   0   0   0   0   0   0   0   0   0   0 100   0   0   0   0   0   0   0   0  0.95 0.12
   35 L    -2  -3  -4  -4  -2  -3  -4  -4  -4   1   5  -3   2   0  -4  -3  -2  -2  -2   0    0   0   0   0   0   0   0   0   0   0 100   0   0   0   0   0   0   0   0   0  0.76 0.09
   36 E    -2  -1  -1   1  -5   1   6  -3  -1  -4  -4   0  -3  -4  -2  -1  -2  -4  -3  -3    0   0   0   0   0   0 100   0   0   0   0   0   0   0   0   0   0   0   0   0  1.14 0.12
   37 Y    -3  -3  -3  -4  -3  -3  -3  -4   0  -2  -1  -3  -1   5  -4  -3  -3   1   7  -2    0   0   0   0   0   0   0   0   0   0   0   0   0  35   0   0   0   0  65   0  1.15 0.11
   38 M    -2  -2  -3  -4  -2  -1  -3  -4  -2   0   1  -2   8   3  -4  -2  -1  -2   0   0    0   0   0   0   0   1   0   0   0   0   0   0  78  19   0   1   1   0   0   0  0.83 0.12
   39 N    -2  -1   7   1  -4  -1  -1  -1   0  -4  -4  -1  -3  -4  -3   0  -1  -5  -3  -4    0   0 100   0   0   0   0   0   0   0   0   0   0   0   0   0   0   0   0   0  1.26 0.13
   40 P    -2  -3  -3  -2  -4  -2  -2  -3  -3  -4  -4  -2  -3  -5   8  -2  -2  -5  -4  -3    0   0   0   0   0   0   0   0   0   0   0   0   0   0 100   0   0   0   0   0  2.39 0.14
   41 G     0  -3  -1  -2  -3  -3  -3   6  -3  -5  -5  -2  -4  -4  -3  -1  -2  -3  -4  -4    1   0   0   0   0   0   0  99   0   0   0   0   0   0   0   0   0   0   0   0  1.39 0.10
   42 S     1  -2   0  -1  -2  -1  -1  -1  -2  -3  -3  -1  -2  -3  -2   6   1  -4  -3  -2    1   0   0   0   0   0   0   0   0   0   0   0   0   0   0  99   0   0   0   0  0.82 0.12
   43 S     0  -2   0  -1  -2  -1  -1  -1  -2  -3  -3  -1  -2  -3  -2   6   1  -4  -3  -3    0   0   0   0   0   0   0   0   0   0   0   0   0   0   0 100   0   0   0   0  0.83 0.12
   44 V    -1  -3  -4  -4  -2  -3  -3  -4  -4   2   0  -3   0  -2  -3  -2  -1  -4  -2   6    0   0   0   0   0   0   0   0   0   0   0   0   0   0   0   0   0   0   0 100  0.74 0.11
   45 K    -2   2  -1  -1  -4   1   0  -2  -2  -4  -3   6  -2  -4  -2  -1  -1  -4  -3  -3    0   0   0   0   0   0   0   0   0   0   0 100   0   0   0   0   0   0   0   0  0.95 0.12
   46 D    -3  -2   1   7  -4  -1   1  -2  -2  -4  -5  -2  -4  -4  -2  -1  -2  -5  -4  -4    0   0   0 100   0   0   0   0   0   0   0   0   0   0   0   0   0   0   0   0  1.39 0.12
   47 R    -2   7  -1  -2  -4   0  -1  -3  -1  -4  -3   1  -2  -4  -3  -2  -2  -4  -3  -3    0 100   0   0   0   0   0   0   0   0   0   0   0   0   0   0   0   0   0   0  1.24 0.12
   48 I    -2  -4  -4  -4  -2  -4  -4  -5  -4   6   1  -4   1  -1  -4  -3  -1  -3  -2   2    0   0   0   0   0   0   0   0   0 100   0   0   0   0   0   0   0   0   0   0  0.83 0.11
   49 G     5  -2  -2  -2  -1  -2  -2   1  -2  -2  -2  -1  -2  -3  -2   0  -1  -3  -3  -1   91   0   0   0   0   0   0   9   0   0   0   0   0   0   0   0   0   0   0   0  0.65 0.09
   50 L    -2  -3  -4  -4  -2  -3  -4  -4  -3   1   5  -3   2   0  -4  -3  -2  -2  -1   0    0   0   0   0   0   0   0   0   0   1  94   0   1   1   0   0   0   0   1   1  0.68 0.08
   51 A     5  -2  -2  -2  -1  -1  -1   0  -2  -2  -2  -1  -2  -3  -1   2   0  -3  -2  -1   85   0   0   0   0   0   0   0   0   0   0   0   0   0   0  15   0   0   0   0  0.62 0.09
   52 M    -2  -2  -3  -4  -2  -1  -3  -4  -3   0   1  -2   9  -1  -4  -3  -2  -2  -2   0    0   0   0   0   0   0   0   0   0   0   0   0 100   0   0   0   0   0   0   0  1.19 0.16
   53 I    -2  -4  -4  -4  -2  -4  -4  -5  -4   6   1  -3   1  -1  -4  -3  -1  -3  -2   3    0   0   0   0   0   0   0   0   0  91   1   0   0   0   0   0   0   0   0   8  0.74 0.10
   54 E    -2  -1   0   1  -4   1   6  -3  -1  -4  -4   0  -3  -4  -2  -1  -1  -4  -3  -3    0   0   3   2   0   0  93   0   0   0   0   1   0   0   0   0   1   0   0   0  1.01 0.11
   55 A     4  -2  -1   2  -1  -1   0  -1  -2  -2  -2  -1  -2  -3  -2   1   0  -3  -3  -1   73   0   0  19   0   0   2   0   0   0   0   2   0   0   0   3   1   0   0   0  0.46 0.07
   56 A     5  -2  -2  -2  -1  -2  -2   0  -2  -2  -2  -1  -2  -3  -2   1  -1  -3  -3  -1   97   0   0   0   0   0   0   1   0   0   0   0   0   0   0   2   0   0   0   0  0.72 0.10
   57 E    -1  -1  -1   1  -4   1   6  -3  -1  -2  -3   0  -2  -3  -2  -1  -2  -4  -3  -3    1   0   0   0   0   0  94   0   0   3   1   0   0   0   0   0   0   0   0   0  0.97 0.11
   58 K     0   1  -1   0  -4   2   4  -2  -1  -3  -3   4  -2  -4  -2  -1  -1  -3  -2  -3    7   4   1   0   0   5  40   0   0   0   0  42   0   0   0   0   0   0   0   0  0.53 0.06
   59 E     0   0   1   2  -3   2   2  -1  -1  -3  -3   3  -2  -3  -1   2   0  -3  -2  -2    6   0   5  11   0   8  15   1   0   0   0  30   0   0   0  23   1   0   0   0  0.34 0.04
   60 G    -1  -3  -1  -2  -3  -3  -3   6  -3  -5  -5  -2  -4  -4  -3  -1  -2  -3  -4  -4    0   0   0   0   0   0   0  99   0   0   0   0   0   0   0   0   0   0   0   0  1.37 0.10
   61 K     0   0   1   1  -2   0   1  -1   0  -1   0   2  -1  -2  -2   0   0  -3  -2  -1    5   2   8  10   0   2   7   2   3   0  19  25   0   0   0   5   7   0   0   5  0.10 0.02
   62 L    -2  -3  -4  -4  -2  -3  -4  -4  -4   2   5  -3   2   0  -4  -3  -2  -2  -2   1    0   0   0   0   0   0   0   0   0  12  88   0   0   0   0   0   0   0   0   0  0.65 0.08
   63 K    -1   2   0  -1  -4   2   0  -2  -1  -3  -3   6  -2  -4  -2  -1  -1  -4  -3  -3    1   0   2   0   0   5   0   0   0   0   0  89   1   0   0   2   0   0   0   0  0.78 0.10
   64 A     1  -1  -1   0  -3   1   3  -2  -1  -3  -3   0  -2  -4   5   0  -1  -4  -3  -2   17   0   0   1   0   5  30   0   0   0   0   5   0   0  36   3   1   0   0   1  0.69 0.06
   65 G    -1  -3  -1  -1  -3  -2  -2   6  -3  -5  -5  -2  -4  -4  -3  -1  -2  -3  -4  -4    0   0   0   2   0   0   1  96   0   0   0   0   0   0   0   0   0   0   0   0  1.30 0.10
   66 N    -2  -2   1   6  -4  -1   1   0  -2  -3  -4  -1  -3  -4  -2   0  -1  -5  -4  -3    1   0   1  83   0   0   1   5   0   0   0   0   0   0   0   5   1   0   0   2  0.99 0.09
   67 T    -1  -2  -1  -2  -2  -1  -2  -2  -3  -1  -2  -1  -1  -3  -2   1   6  -3  -2  -1    1   0   0   0   0   0   0   0   0   1   0   0   0   0   0   0  98   0   0   0  0.89 0.12
   68 I    -2  -4  -4  -4  -2  -3  -4  -5  -4   5   2  -3   1   0  -4  -3  -1  -3  -2   2    0   0   0   0   0   0   0   0   0  84  14   0   0   1   0   0   0   0   0   1  0.66 0.09
   69 I    -2  -4  -4  -4  -2  -3  -4  -4  -4   5   1  -3   1  -1  -3  -3  -1  -3  -2   3    0   0   0   0   0   0   0   0   0  77   1   0   0   0   0   0   0   0   0  22  0.65 0.08
   70 E    -2  -1  -1   1  -5   1   6  -3  -1  -4  -4   0  -3  -4  -2  -1  -2  -4  -3  -3    0   0   0   0   0   0 100   0   0   0   0   0   0   0   0   0   0   0   0   0  1.14 0.12
   71 P    -2  -3  -3  -2  -4  -2  -2  -3  -3  -4  -4  -2  -3  -5   8  -2  -2  -5  -4  -3    0   0   0   0   0   0   0   0   0   0   0   0   0   0 100   0   0   0   0   0  2.39 0.14
   72 T    -1  -2  -1  -2  -2  -1  -2  -2  -3  -2  -2  -1  -1  -3  -2   1   6  -3  -2  -1    0   0   0   0   0   0   0   0   0   0   0   0   0   0   0   0 100   0   0   0  0.93 0.12
   73 S     0  -2   0  -1  -2  -1  -1  -1  -2  -3  -3  -1  -2  -3  -2   6   1  -4  -3  -3    0   0   0   0   0   0   0   0   0   0   0   0   0   0   0 100   0   0   0   0  0.83 0.12
   74 G     0  -3  -1  -2  -3  -3  -3   7  -3  -5  -5  -2  -4  -4  -3  -1  -2  -3  -4  -4    0   0   0   0   0   0   0 100   0   0   0   0   0   0   0   0   0   0   0   0  1.40 0.10
   75 N    -2  -1   7   1  -4  -1  -1  -1   0  -4  -4  -1  -3  -4  -3   0  -1  -5  -3  -4    0   0 100   0   0   0   0   0   0   0   0   0   0   0   0   0   0   0   0   0  1.26 0.13
   76 T    -1  -2  -1  -2  -2  -1  -2  -2  -3  -2  -2  -1  -1  -3  -2   1   6  -3  -2  -1    0   0   0   0   0   0   0   0   0   0   0   0   0   0   0   0 100   0   0   0  0.93 0.12
   77 G     0  -3  -1  -2  -3  -3  -3   7  -3  -5  -5  -2  -4  -4  -3  -1  -2  -3  -4  -4    0   0   0   0   0   0   0 100   0   0   0   0   0   0   0   0   0   0   0   0  1.40 0.10
   78 I    -2  -4  -4  -4  -2  -4  -4  -5  -4   6   1  -4   1  -1  -4  -3  -1  -3  -2   2    0   0   0   0   0   0   0   0   0 100   0   0   0   0   0   0   0   0   0   0  0.83 0.11
   79 G     0  -3  -1  -2  -3  -3  -3   7  -3  -5  -5  -2  -4  -4  -3  -1  -2  -3  -4  -4    0   0   0   0   0   0   0 100   0   0   0   0   0   0   0   0   0   0   0   0  1.40 0.10
   80 L    -2  -3  -4  -4  -2  -3  -4  -4  -4   1   5  -3   2   0  -4  -3  -2  -2  -2   0    0   0   0   0   0   0   0   0   0   1  99   0   0   0   0   0   0   0   0   0  0.76 0.09
   81 A     5  -2  -2  -3  -1  -2  -2   0  -2  -2  -2  -1  -2  -3  -2   1  -1  -3  -3  -1   99   0   0   0   0   0   0   0   0   0   0   0   0   0   0   1   0   0   0   0  0.75 0.10
   82 M    -2  -2  -3  -4  -2  -1  -3  -4  -3   0   1  -2   8  -1  -4  -3  -2   1  -2   0    0   0   0   0   0   0   0   0   0   0   3   0  95   0   0   0   0   2   0   0  1.09 0.15
   83 V    -1  -3  -4  -4  -2  -3  -3  -4  -4   4   1  -3   0  -1  -3  -2  -1  -3  -2   5    0   0   0   0   0   0   0   0   0  26   0   0   0   0   0   0   0   0   0  74  0.60 0.08
   84 A     5  -2  -2  -2  -1  -2  -2   0  -2  -2  -2  -1  -2  -3  -2   1  -1  -3  -3  -1   98   0   0   0   0   0   0   1   0   0   0   0   0   0   0   1   0   0   0   0  0.73 0.10
   85 A     5  -2  -2  -2  -1  -1  -2   0  -2  -2  -2  -1  -2  -3  -2   1  -1  -3  -3  -1   97   0   0   0   0   0   0   0   0   0   0   0   0   0   0   3   0   0   0   0  0.72 0.10
   86 A     5  -2  -2  -3  -1  -2  -2  -1  -2  -1  -2  -1  -2  -3  -2   1  -1  -3  -2   0   95   0   0   0   0   0   0   0   0   2   0   0   0   0   0   1   0   0   0   2  0.67 0.10
   87 K    -2   2  -1  -1  -4   1   0  -2  -1  -4  -3   6  -2  -4  -2  -1  -1  -4  -3  -3    0   0   0   0   0   1   0   0   0   0   0  99   0   0   0   0   0   0   0   0  0.94 0.12
   88 G     0  -3  -1  -2  -3  -3  -3   7  -3  -5  -5  -2  -4  -4  -3  -1  -2  -3  -4  -4    0   0   0   0   0   0   0 100   0   0   0   0   0   0   0   0   0   0   0   0  1.40 0.10
   89 L    -3  -3  -3  -4  -3  -2  -3  -4   1   0   0  -3  -1   2  -4  -3  -2   1   8  -1    0   0   0   0   0   0   0   0   0   4  11   0   0   1   0   0   0   0  83   0  1.12 0.12
   90 K    -2   4   0  -1  -4   1   0  -2   0  -4  -3   5  -2  -4  -1  -1  -1  -4  -2  -3    0  29   2   0   0   2   0   0   1   0   0  65   0   0   1   0   0   0   0   0  0.70 0.08
   91 A     4  -2  -2  -2  -1  -1  -1  -1  -2  -2  -2  -1  -1  -3  -1   2   2  -3  -2  -1   73   0   0   0   0   0   0   0   0   0   1   0   0   0   0  11  15   0   0   0  0.49 0.07
   92 I    -1  -3  -4  -4  -2  -3  -3  -4  -4   5   1  -2   1  -1  -3  -3  -1  -3  -2   3    0   0   0   0   0   0   0   0   0  61   3   3   0   0   0   0   1   0   0  32  0.52 0.07
   93 L    -2  -3  -4  -4  -2  -3  -4  -4  -3   1   5  -3   1   2  -4  -3  -2  -2  -1   0    0   0   0   0   0   0   0   0   0   3  87   0   0   8   0   0   0   0   0   1  0.63 0.08
   94 V    -1  -3  -4  -4  -2  -3  -3  -4  -4   2   0  -3   0  -2  -3  -2   0  -4  -2   5    0   0   0   0   0   0   0   0   0   0   0   0   0   0   0   1   2   0   0  97  0.68 0.10
   95 M    -2  -2  -3  -4  -2  -1  -3  -4  -3   0   1  -2   9  -1  -4  -3  -2  -2  -2   0    0   0   0   0   0   0   0   0   0   0   0   0 100   0   0   0   0   0   0   0  1.19 0.16
   96 P    -2  -3  -3  -2  -4  -2  -2  -3  -3  -4  -4  -2  -3  -5   8  -2  -2  -5  -4  -3    0   0   0   0   0   0   0   0   0   0   0   0   0   0 100   0   0   0   0   0  2.39 0.14
   97 D    -2  -1   0   5  -4   1   5  -2  -1  -4  -4   0  -3  -4  -2  -1  -2  -4  -3  -3    0   0   0  40   0   0  60   0   0   0   0   0   0   0   0   0   0   0   0   0  0.91 0.09
   98 T    -1  -2  -1  -2  -2  -1  -2  -2  -3  -2  -2  -1  -1  -3  -2   1   6  -3  -2  -1    0   0   0   0   0   0   0   0   0   0   0   0   0   0   0   0 100   0   0   0  0.92 0.12
   99 M    -2  -2  -3  -4  -2  -1  -3  -4  -3   0   1  -2   9  -1  -4  -3  -2  -2  -2   0    0   0   0   0   0   0   0   0   0   0   0   0 100   0   0   0   0   0   0   0  1.19 0.16
  100 S     0  -2   0  -1  -2  -1  -1  -1  -2  -3  -3  -1  -2  -3  -2   6   1  -4  -3  -3    0   0   0   0   0   0   0   0   0   0   0   0   0   0   0 100   0   0   0   0  0.83 0.12
  101 M    -2  -2  -3  -4  -2  -1  -2  -4  -3   2   3  -2   6   0  -3  -2  -1  -2  -2   1    0   0   0   0   0   1   1   0   0   9  35   0  50   0   0   1   1   0   0   3  0.52 0.08
  102 E    -2  -1  -1   1  -5   1   6  -3  -1  -4  -4   0  -3  -4  -2  -1  -2  -4  -3  -3    0   0   0   0   0   0 100   0   0   0   0   0   0   0   0   0   0   0   0   0  1.14 0.12
  103 R    -2   7  -1  -2  -4   0  -1  -3  -1  -4  -3   1  -2  -4  -3  -2  -2  -4  -3  -3    0 100   0   0   0   0   0   0   0   0   0   0   0   0   0   0   0   0   0   0  1.24 0.12
  104 R    -2   7  -1  -2  -4   0  -1  -3  -1  -4  -3   1  -2  -4  -3  -2  -2  -4  -3  -3    0 100   0   0   0   0   0   0   0   0   0   0   0   0   0   0   0   0   0   0  1.24 0.12
  105 N    -2  -1   7   1  -4  -1  -1  -1   0  -4  -4  -1  -3  -4  -3   0  -1  -5  -3  -4    0   1  97   0   0   0   0   0   0   0   0   0   0   0   0   1   1   0   0   0  1.19 0.12
  106 L    -2  -3  -4  -4  -2  -3  -4  -4  -4   1   5  -3   2   0  -4  -3  -2  -2  -2   0    0   0   0   0   0   0   0   0   0   0 100   0   0   0   0   0   0   0   0   0  0.76 0.09
  107 L    -2  -3  -4  -4  -2  -3  -4  -4  -4   1   5  -3   2   0  -4  -3  -2  -2  -2   0    0   0   0   0   0   0   0   0   0   0 100   0   0   0   0   0   0   0   0   0  0.76 0.09
  108 R    -2   7  -1  -2  -4   1  -1  -3  -1  -4  -3   2  -2  -4  -3  -1  -2  -4  -3  -3    0  92   0   0   0   1   0   0   0   0   0   7   0   0   0   0   0   0   0   0  1.12 0.11
  109 A     5  -2  -2  -3  -1  -2  -2   0  -2  -2  -2  -1  -2  -3  -2   1  -1  -3  -3  -1  100   0   0   0   0   0   0   0   0   0   0   0   0   0   0   0   0   0   0   0  0.75 0.10
  110 Y    -3  -3  -3  -4  -3  -2  -3  -4   1  -2  -2  -3  -2   2  -4  -3  -3   1   8  -2    0   0   0   0   0   0   0   0   0   0   0   0   0   1   0   0   0   0  99   0  1.53 0.14
  111 G     0  -3  -1  -2  -3  -3  -3   7  -3  -5  -5  -2  -4  -4  -3  -1  -2  -3  -4  -4    0   0   0   0   0   0   0 100   0   0   0   0   0   0   0   0   0   0   0   0  1.40 0.10
  112 A     5  -2  -2  -3  -1  -2  -2   0  -2  -2  -2  -1  -2  -3  -2   1  -1  -3  -3  -1  100   0   0   0   0   0   0   0   0   0   0   0   0   0   0   0   0   0   0   0  0.75 0.10
  113 E    -2  -1  -1   2  -4   2   6  -3  -1  -4  -4   0  -3  -4  -2  -1  -2  -4  -3  -3    0   0   0   9   0   2  86   0   0   0   0   2   0   0   0   1   0   0   0   0  0.96 0.10
  114 L    -2  -3  -4  -4  -2  -3  -4  -4  -4   1   5  -3   2   0  -4  -3  -2  -2  -2   0    0   0   0   0   0   0   0   0   0   3  97   0   0   0   0   0   0   0   0   0  0.74 0.09
  115 V    -1  -3  -4  -4  -2  -3  -3  -4  -4   3   0  -3   0  -1  -3  -2  -1  -4  -2   5    0   0   0   0   0   0   1   0   0   6   0   0   0   0   0   0   0   0   0  92  0.66 0.09
  116 L    -2  -3  -4  -4  -2  -3  -4  -4  -4   1   5  -3   2   0  -4  -3  -2  -2  -2   0    0   0   0   0   0   0   0   0   0   0 100   0   0   0   0   0   0   0   0   0  0.76 0.09
  117 T    -1  -2  -1  -2  -2  -1  -2  -2  -3  -2  -2  -1  -1  -3  -2   1   6  -3  -2  -1    0   0   0   0   0   0   0   0   0   0   0   0   0   0   0   0 100   0   0   0  0.93 0.12
  118 P    -2  -3  -3  -2  -4  -2  -2  -3  -3  -4  -4  -2  -3  -5   8  -2  -2  -5  -4  -3    0   0   0   0   0   0   0   0   0   0   0   0   0   0 100   0   0   0   0   0  2.39 0.14
  119 G     0  -3  -1  -2  -3  -3  -3   7  -3  -5  -5  -2  -4  -4  -3  -1  -2  -3  -4  -4    0   0   0   0   0   0   0 100   0   0   0   0   0   0   0   0   0   0   0   0  1.40 0.10
  120 A     2  -2  -2  -2  -2  -1  -1  -2  -2  -3  -3  -1  -2  -4   6   1  -1  -4  -3  -2   25   0   0   0   0   0   1   0   0   0   0   1   0   0  57  15   1   0   0   0  1.12 0.08
  121 E    -1  -1  -1   3  -4   1   6  -3  -1  -4  -4   0  -3  -4  -2  -1  -2  -4  -3  -3    1   0   0  13   0   1  82   0   0   0   0   3   0   0   0   0   0   0   0   0  0.90 0.09
  122 G     0  -3  -1  -2  -3  -3  -3   7  -3  -5  -5  -2  -4  -4  -3  -1  -2  -3  -4  -4    0   0   0   0   0   0   0 100   0   0   0   0   0   0   0   0   0   0   0   0  1.40 0.10
  123 M    -2  -2  -3  -4  -2  -1  -3  -4  -3   0   1  -2   9  -1  -4  -3  -2  -2  -2   0    0   0   0   0   0   0   0   0   0   1   0   0  99   0   0   0   0   0   0   0  1.17 0.15
  124 K    -1   1   2  -1  -3   0  -1   4  -1  -4  -4   3  -3  -4  -2   0  -1  -3  -3  -3    0   3  14   0   0   0   0  46   0   0   0  36   0   0   0   1   0   0   0   0  0.57 0.06
  125 G     0  -3  -1  -2  -3  -3  -3   6  -3  -5  -5  -2  -4  -4  -3  -1  -2  -3  -4  -4    1   0   0   0   0   0   0  99   0   0   0   0   0   0   0   0   0   0   0   0  1.38 0.10
  126 A     5  -2  -2  -3  -1  -2  -2   0  -2  -2  -2  -1  -2  -3  -2   1  -1  -3  -3  -1   99   0   0   0   0   0   0   0   0   0   0   0   0   0   0   1   0   0   0   0  0.74 0.10
  127 I    -2  -4  -4  -4  -2  -4  -4  -5  -4   6   1  -3   1  -1  -4  -3  -1  -3  -2   3    0   0   0   0   0   0   0   0   0  91   0   0   0   0   0   0   0   0   0   9  0.74 0.10
  128 K     1   5   0  -2  -3   1   0  -2  -1  -3  -3   3  -2  -3  -2   0  -1  -3  -2  -2   19  49   4   0   0   4   1   1   0   0   0  20   0   0   0   2   0   0   0   0  0.49 0.06
  129 K    -1   2  -1  -1  -4   1   0  -2  -1  -4  -3   6  -2  -4  -2  -1  -1  -4  -3  -3    0   3   0   0   0   0   0   0   0   0   0  95   0   0   0   0   2   0   0   0  0.87 0.11
  130 A     5  -2  -2  -3  -1  -2  -2  -1  -2  -2  -2  -1  -2  -3  -2   1  -1  -3  -3  -1   98   0   0   0   0   0   0   0   0   0   0   0   0   0   0   2   0   0   0   1  0.72 0.10
  131 E    -1   0   1   1  -3   1   5  -1  -1  -3  -3   1  -2  -3  -2   0   1  -3  -3  -2    2   1   8   1   0   1  63   2   0   1   0   4   0   0   0   2  12   0   0   1  0.54 0.07
  132 E     0  -1  -1   1  -4   1   6  -3  -1  -4  -4   0  -3  -4  -2   0  -1  -4  -3  -3    8   0   0   1   0   0  88   0   0   0   0   2   0   0   0   1   0   0   0   0  0.91 0.10
  133 L    -2  -3  -4  -4  -2  -3  -4  -4  -4   1   5  -3   2   0  -4  -3  -2  -2  -2   0    0   0   0   0   0   0   0   0   0   3  97   0   0   0   0   0   0   0   0   1  0.73 0.09
  134 A     4  -1  -2  -2  -1   1  -1  -1  -2  -1  -2  -1  -1  -3  -1   2   0  -3  -2   0   68   0   0   0   0   9   0   0   0   0   0   0   0   0   0  14   0   0   0   8  0.41 0.07
  135 E     0   2   1   0  -3   2   2  -2  -1  -3  -3   4  -2  -4  -2   0  -1  -3  -2  -2    6   3   6   1   0   5  17   0   0   0   0  57   0   0   0   3   0   0   0   1  0.47 0.06
  136 K    -1  -1  -1   1  -4   2   6  -3  -1  -4  -4   1  -3  -4  -2  -1  -2  -4  -3  -3    2   0   0   1   0   3  89   0   0   0   0   4   0   0   0   1   0   0   0   0  0.96 0.10
  137 H    -2   0   4   0  -4   0   0  -2   7  -4  -4   2  -2  -3  -3  -1  -1  -4   0  -4    0   1  32   0   0   0   2   0  44   0   0  19   0   0   0   0   0   0   0   0  0.71 0.09
  138 G     0  -3   0  -2  -3  -2  -3   6  -3  -5  -5  -2  -3  -4  -3  -1  -2  -3  -4  -4    0   0   2   1   0   0   0  97   0   0   0   0   0   0   0   1   0   0   0   0  1.32 0.10
  139 Y    -3  -3  -3  -4  -3  -2  -3  -4   1  -2  -1  -3  -2   2  -4  -3  -3   3   8  -2    0   0   0   0   0   0   0   0   0   0   3   0   0   1   0   0   0   2  93   0  1.39 0.13
  140 F    -3  -4  -4  -4  -3  -4  -4  -4  -2  -1   0  -4  -1   8  -5  -3  -3   0   3  -2    0   0   0   0   0   0   0   0   0   1   1   0   0  97   0   0   0   0   2   0  1.28 0.12
  141 V    -2  -2  -3  -4  -2  -2  -3  -4  -3   1   2  -2   8  -1  -3  -2  -1  -2  -2   1    0   0   0   0   0   0   0   0   0   6   7   0  78   0   0   0   0   0   0  10  0.79 0.12
  142 P    -1  -3  -3  -2  -4  -2  -2  -3  -3  -4  -4  -2  -3  -5   8  -2  -2  -5  -4  -3    2   0   0   0   0   0   0   0   0   0   1   0   0   0  98   0   0   0   0   0  2.30 0.13
  143 Q    -2   0  -1  -1  -4   7   1  -3   0  -4  -3   0  -1  -4  -2  -1  -2  -3  -2  -3    0   0   0   0   0 100   0   0   0   0   0   0   0   0   0   0   0   0   0   0  1.22 0.14
  144 Q    -2   0  -1  -1  -4   7   1  -3   0  -4  -3   0  -1  -4  -2  -1  -2  -3  -2  -3    0   0   0   0   0 100   0   0   0   0   0   0   0   0   0   0   0   0   0   0  1.22 0.14
  145 F    -3  -4  -4  -5  -3  -4  -4  -4  -2  -1   0  -4  -1   8  -5  -3  -3   0   2  -2    0   0   0   0   0   0   0   0   0   0   0   0   0 100   0   0   0   0   0   0  1.34 0.13
  146 N    -1   1   2   0  -4   2   3  -2  -1  -3  -3   4  -2  -4  -2   0  -1  -4  -2  -3    0   0  16   1   0   8  30   0   0   0   0  42   0   0   0   2   1   0   0   0  0.51 0.06
  147 N    -2  -1   7   1  -4  -1  -1  -1   0  -4  -4  -1  -3  -4  -3   0  -1  -5  -3  -4    0   0 100   0   0   0   0   0   0   0   0   0   0   0   0   0   0   0   0   0  1.26 0.13
  148 P    -1  -1  -1   0  -4   2   5  -2  -1  -2  -2   0  -1  -1   2  -1  -1  -3  -1  -2    3   1   0   1   0   5  63   1   0   1   4   2   1   5   8   1   2   0   1   1  0.49 0.07
  149 S     5  -2  -2  -2  -1  -1  -1   0  -2  -2  -2  -1  -2  -3  -1   1  -1  -3  -3  -1   93   0   0   0   0   0   0   0   0   0   0   0   0   0   0   7   0   0   0   0  0.68 0.10
  150 N    -2  -1   7   1  -4  -1  -1  -1   0  -4  -4  -1  -3  -4  -3   0  -1  -5  -3  -4    0   0 100   0   0   0   0   0   0   0   0   0   0   0   0   0   0   0   0   0  1.26 0.13
  151 P    -1  -3  -3  -2  -4  -2  -2  -3  -3  -3  -4  -2  -3  -5   8  -2  -2  -5  -4  -2    1   0   0   0   0   0   0   0   0   0   0   0   0   0  96   0   0   0   0   3  2.22 0.13
  152 E     0   0  -1   1  -4   1   5  -3  -1  -3  -3   2  -2  -4  -2   0  -1  -4  -3  -3    5   1   0   2   0   2  74   0   0   1   1  13   0   0   0   1   1   0   0   0  0.72 0.08
  153 I    -1  -3  -4  -4  -2  -3  -3  -4  -4   4   1  -3   0  -1  -3  -3  -1  -3  -2   4    0   0   0   0   0   0   0   0   0  48   0   0   0   0   0   0   0   0   0  52  0.58 0.08
  154 H    -3  -1   0  -2  -4   0  -1  -3  10  -4  -4  -2  -3  -2  -3  -2  -3  -3   1  -4    0   0   0   0   0   0   0   0 100   0   0   0   0   0   0   0   0   0   0   0  1.72 0.15
  155 R    -1   6  -1  -2  -4   1   1  -3  -1  -4  -3   2  -2  -4  -3  -1  -2  -3  -2  -3    2  80   0   0   0   1   7   0   0   0   0   8   0   0   0   2   0   0   0   0  0.89 0.09
  156 Q    -1   3   1  -1  -3   1   2  -3  -1  -1   1   2   0  -2  -2  -1  -1  -3  -2  -1    1  26   8   1   0   7  16   0   0   0  28  12   0   0   0   0   0   0   0   0  0.23 0.04
  157 T    -1  -2  -1  -2  -2  -1  -2  -2  -3  -2  -2  -1  -1  -3  -2   1   6  -3  -2  -1    0   0   0   0   0   0   0   0   0   0   0   0   0   0   0   0 100   0   0   0  0.93 0.12
  158 T    -1  -2  -1  -2  -2  -1  -2  -2  -3  -2  -2  -1  -1  -3  -2   1   6  -3  -2  -1    0   0   0   0   0   0   0   0   0   0   0   0   0   0   0   0 100   0   0   0  0.93 0.12
  159 G     0  -3  -1  -2  -3  -3  -3   6  -3  -5  -4  -2  -3  -4  -3  -1  -2  -3  -4  -4    2   0   0   0   0   0   0  98   0   0   0   0   0   0   0   0   0   0   0   0  1.35 0.10
  160 K    -1   2  -1  -2  -4   1   0  -2  -2  -3  -3   5  -2  -4   4  -1  -1  -4  -3  -3    0   5   0   0   0   3   0   0   0   0   0  67   0   0  24   0   0   0   0   1  0.75 0.08
  161 E    -2  -1  -1   1  -5   1   6  -3  -1  -4  -4   0  -3  -4  -2  -1  -2  -4  -3  -3    0   0   0   0   0   0 100   0   0   0   0   0   0   0   0   0   0   0   0   0  1.14 0.12
  162 I    -2  -4  -4  -4  -2  -3  -4  -5  -4   6   2  -3   1  -1  -4  -3  -1  -3  -2   2    0   0   0   0   0   0   0   0   0  87  13   0   0   0   0   0   0   0   0   0  0.70 0.09
  163 V     0  -3  -3  -4  -1  -3  -3  -4  -4   2   1  -3   0  -1  -3  -2   0  -3  -2   5    5   0   0   0   0   0   0   0   0   3  13   0   0   0   0   0   2   0   0  77  0.49 0.07
  164 E    -1   0  -1   1  -4   2   6  -3  -1  -4  -3   1  -3  -4  -2   0  -1  -4  -3  -3    4   1   0   2   0   4  82   0   0   0   0   3   0   0   0   4   0   0   0   0  0.83 0.09
  165 Q    -1   0  -1  -1  -4   7   1  -3   0  -4  -3   0  -1  -4  -2  -1  -1  -3  -2  -3    4   0   0   0   0  94   1   0   0   0   0   0   0   0   0   0   1   0   0   0  1.08 0.13
  166 F    -1  -2  -3  -4  -2  -2  -3  -3  -2   1   1  -2   7   3  -3  -2  -1  -2  -1   1    2   0   0   0   0   0   0   0   0   1   1   0  68  17   0   0   0   0   0  11  0.64 0.10
  167 G     0  -2  -1  -1  -2  -1  -1   5  -2  -3  -3  -1  -2  -2  -1   0  -1  -2  -2  -2    4   1   1   2   0   1   2  73   1   1   2   1   1   1   2   2   1   0   1   2  0.73 0.05
  168 D     0   0   0   1  -1   0   1   0   0  -1  -1   0  -1  -1   1   0   0   0   0  -1    7   4   4  14   2   4   8   7   2   4   7   5   2   3   8   8   5   1   3   5  0.06 0.00
  169 D    -2  -2   1   6  -4  -1   2   1  -2  -4  -4  -1  -3  -4  -2  -1  -2  -5  -4  -4    0   0   1  74   0   0  13  10   0   1   1   0   0   0   0   0   0   0   0   0  0.91 0.09
  170 Q    -1   0  -1  -1  -4   7   1   0   0  -4  -3   1  -1  -4  -2   0  -1  -3  -2  -3    0   0   0   0   0  83   2   8   1   0   0   1   0   0   0   2   1   0   0   0  0.86 0.11
  171 L    -2  -3  -4  -4  -2  -3  -4  -4  -4   1   5  -3   2   0  -4  -3  -2  -2  -2   1    0   0   0   0   0   0   0   0   0   3  95   0   0   0   0   0   0   0   0   2  0.71 0.08
  172 D    -3  -2   1   7  -4  -1   1  -2  -2  -4  -5  -2  -4  -4  -2  -1  -2  -5  -4  -4    0   0   0 100   0   0   0   0   0   0   0   0   0   0   0   0   0   0   0   0  1.39 0.12
  173 A     5  -2  -2  -2  -1  -2  -2   2  -2  -2  -2  -1  -2  -3  -2   1  -1  -3  -3  -1   88   0   0   0   0   0   0  12   0   0   0   0   0   0   0   1   0   0   0   0  0.63 0.09
  174 F    -3  -4  -4  -5  -3  -4  -4  -4  -2  -1   0  -4  -1   8  -5  -3  -3   0   2  -2    0   0   0   0   0   0   0   0   0   0   0   0   0 100   0   0   0   0   0   0  1.34 0.13
  175 V    -1  -3  -4  -4  -2  -3  -3  -4  -4   4   1  -3   0  -1  -3  -3  -1  -3  -2   4    0   0   0   0   0   0   0   0   0  44   0   0   0   0   0   0   0   0   0  56  0.58 0.08
  176 A     3  -2   0  -1  -1  -1  -1  -1  -2  -3  -3  -1  -2  -3  -1   4   1  -3  -2  -2   32   0   0   0   0   0   0   0   0   0   0   0   0   0   0  67   0   0   0   0  0.56 0.08
  177 G     0  -3  -1  -2  -3  -3  -3   6  -3  -5  -5  -2  -4  -4  -3  -1  -2  -3  -4  -4    0   0   0   0   0   0   0 100   0   0   0   0   0   0   0   0   0   0   0   0  1.39 0.10
  178 I    -2  -4  -4  -4  -2  -4  -4  -5  -4   6   1  -3   1  -1  -4  -3  -1  -3  -2   3    0   0   0   0   0   0   0   0   0  93   0   0   0   0   0   0   0   0   0   7  0.76 0.10
  179 G     0  -3  -1  -2  -3  -3  -3   7  -3  -5  -5  -2  -4  -4  -3  -1  -2  -3  -4  -4    0   0   0   0   0   0   0 100   0   0   0   0   0   0   0   0   0   0   0   0  1.40 0.10
  180 T    -1  -2  -1  -2  -2  -1  -2  -2  -3  -2  -2  -1  -1  -3  -2   1   6  -3  -2  -1    0   0   0   0   0   0   0   0   0   0   0   0   0   0   0   0 100   0   0   0  0.93 0.12
  181 G     0  -3  -1  -2  -3  -3  -3   7  -3  -5  -5  -2  -4  -4  -3  -1  -2  -3  -4  -4    0   0   0   0   0   0   0 100   0   0   0   0   0   0   0   0   0   0   0   0  1.40 0.10
  182 G     0  -3  -1  -2  -3  -3  -3   7  -3  -5  -5  -2  -4  -4  -3  -1  -2  -3  -4  -4    0   0   0   0   0   0   0 100   0   0   0   0   0   0   0   0   0   0   0   0  1.40 0.10
  183 T    -1  -2  -1  -2  -2  -1  -2  -2  -3  -2  -2  -1  -1  -3  -2   1   6  -3  -2  -1    0   0   0   0   0   0   0   0   0   0   0   0   0   0   0   0 100   0   0   0  0.93 0.12
  184 I    -2  -4  -4  -4  -2  -4  -4  -5  -4   6   1  -4   1  -1  -4  -3  -1  -3  -2   2    0   0   0   0   0   0   0   0   0  97   0   0   1   0   0   0   0   0   0   2  0.80 0.10
  185 T    -1  -2  -1  -2  -2  -1  -2  -2  -2  -2  -2  -1  -1  -3  -2   2   6  -3  -2  -1    0   0   0   0   0   0   0   0   0   0   0   0   0   0   0  12  88   0   0   0  0.79 0.11
  186 G     0  -3  -1  -2  -3  -3  -3   7  -3  -5  -5  -2  -4  -4  -3  -1  -2  -3  -4  -4    0   0   0   0   0   0   0 100   0   0   0   0   0   0   0   0   0   0   0   0  1.40 0.10
  187 A     5  -2  -2  -2  -1  -1  -2  -1  -2  -2  -2  -1  -2  -3  -2   1   0  -3  -2   0   91   0   0   0   0   0   0   0   0   0   0   0   0   0   0   2   3   0   0   4  0.63 0.09
  188 G     0  -3  -1  -2  -3  -3  -3   7  -3  -5  -5  -2  -4  -4  -3  -1  -2  -3  -4  -4    0   0   0   0   0   0   0 100   0   0   0   0   0   0   0   0   0   0   0   0  1.40 0.10
  189 E     0   0   0   0  -3   3   4   0  -1  -3  -3   2  -2  -4  -1   1  -1  -3  -2  -3    3   0   0   1   0  23  39   6   0   0   0  12   0   0   1  15   1   0   0   0  0.45 0.05
  190 V    -1  -3  -4  -4  -2  -3  -3  -4  -4   2   1  -3   0  -1  -3  -2  -1  -3  -2   5    1   0   0   0   0   0   0   0   0   2   5   0   0   2   0   0   0   0   0  91  0.63 0.09
  191 L    -2  -3  -4  -4  -2  -3  -4  -4  -4   1   5  -3   2   0  -4  -3  -2  -2  -2   0    0   0   0   0   0   0   0   0   0   4  96   0   0   0   0   0   0   0   0   0  0.72 0.09
  192 K    -2   4  -1  -2  -4   1   0  -2  -1  -4  -3   5  -2  -4  -2  -1  -1  -4  -2  -3    0  33   0   0   0   0   0   0   0   0   0  67   0   0   0   0   0   0   0   0  0.78 0.09
  193 E    -1  -1   0   2  -4   2   6  -3  -1  -4  -4   1  -3  -4  -2  -1  -2  -4  -3  -3    0   0   1   6   0   3  85   0   0   0   0   3   0   0   0   1   0   0   0   0  0.92 0.10
  194 A     1   1   2  -1  -3   1   0  -2   3  -3  -3   4  -2  -3  -2   0   0  -3  -2  -2   17   2  12   0   0   2   1   0  12   0   0  50   0   0   0   1   4   0   0   0  0.37 0.06
  195 Y    -3  -3  -3  -4  -3  -3  -3  -4   0  -1  -1  -3  -1   5  -4  -3  -3   2   7  -2    0   0   0   0   0   0   0   0   0   2   0   0   0  31   0   0   0   1  66   0  1.11 0.11
  196 P    -1  -2  -1  -1  -4  -1   0  -3  -2  -4  -4   1  -3  -4   7  -1  -2  -4  -3  -3    1   0   2   2   0   1   5   0   0   0   0  10   0   0  77   2   0   0   0   0  1.60 0.10
  197 S    -1  -1   4   4  -3   0   1   1  -1  -4  -4  -1  -3  -4  -2   1   0  -4  -3  -3    2   0  39  27   0   0   9  10   0   0   0   0   0   0   0  12   1   0   0   0  0.53 0.06
  198 I    -1  -3  -4  -4  -2  -3  -4  -4  -4   5   2  -3   1  -1  -3  -3  -1  -3  -2   3    1   0   0   0   0   0   0   0   0  70  12   0   1   0   0   0   0   0   0  16  0.55 0.07
  199 K    -1   2   0  -1  -4   2   0  -2   3  -3  -3   5  -2  -4  -2  -1  -1  -4  -2  -3    0   4   1   0   0   6   1   0   9   0   1  77   0   0   0   0   0   0   0   0  0.66 0.09
  200 I    -2  -4  -4  -4  -2  -3  -4  -5  -4   5   2  -3   1  -1  -4  -3  -1  -3  -2   2    0   0   0   0   0   0   0   0   0  85  10   0   0   0   0   0   0   0   0   5  0.67 0.09
  201 Y    -1  -3  -3  -4  -2  -2  -3  -4   0   1  -1  -3  -1   2  -3  -2  -2   1   7   2    4   0   0   0   0   0   0   0   0   7   0   0   0   4   0   0   0   0  60  25  0.69 0.09
  202 A     5  -2  -2  -3  -1  -2  -2   0  -2  -2  -2  -1  -2  -3  -2   1  -1  -3  -3  -1   99   0   0   0   0   0   0   1   0   0   0   0   0   0   0   0   0   0   0   0  0.74 0.10
  203 V    -1  -3  -4  -4  -1  -3  -3  -4  -4   2   1  -3   0  -1  -3  -2  -1  -3  -2   5    0   0   0   0   0   0   0   0   0   5   7   0   0   0   0   0   0   0   0  88  0.62 0.09
  204 E    -2  -1  -1   1  -5   1   6  -3  -1  -4  -4   0  -3  -4  -2  -1  -2  -4  -3  -3    0   0   0   0   0   0 100   0   0   0   0   0   0   0   0   0   0   0   0   0  1.14 0.12
  205 P    -2  -3  -3  -2  -4  -2  -2  -3  -3  -4  -4  -2  -3  -5   8  -2  -2  -5  -4  -3    0   0   0   0   0   0   0   0   0   0   0   0   0   0 100   0   0   0   0   0  2.39 0.14
  206 S     2  -1   0  -1  -2   1   1  -1  -1  -2  -2   1  -1  -3  -1   1   2  -3  -2  -1   32   0   2   0   0   5  11   0   0   0   0  12   0   0   0  11  25   0   0   2  0.25 0.04
  207 D    -2  -2   1   7  -4  -1   1  -2  -2  -4  -5  -1  -4  -4  -2  -1  -2  -5  -4  -4    1   0   0  96   0   0   1   1   0   0   0   0   0   0   0   1   0   0   0   0  1.29 0.11
  208 S     0  -2   0  -1  -2  -1  -1  -1  -2  -3  -3  -1  -2  -3  -2   6   1  -4  -3  -3    0   0   0   0   0   0   0   0   0   0   0   0   0   0   0 100   0   0   0   0  0.83 0.12
  209 P     0  -3  -3  -2  -4  -2  -2  -3  -3  -4  -4  -2  -3  -5   8  -1  -2  -5  -4  -3    6   0   0   0   0   0   0   0   0   0   0   0   0   0  94   0   0   0   0   0  2.16 0.13
  210 V    -1  -3  -4  -4  -2  -3  -3  -4  -4   4   1  -3   0  -1  -3  -2  -1  -3  -2   5    0   0   0   0   0   0   0   0   0  25   0   0   0   0   0   0   0   0   0  75  0.60 0.08
  211 L    -2  -3  -4  -4  -2  -3  -4  -4  -4   1   5  -3   2   0  -4  -3  -2  -2  -2   0    0   0   0   0   0   0   0   0   0   0 100   0   0   0   0   0   0   0   0   0  0.76 0.09
  212 S     1  -2   0  -1  -2  -1  -1  -1  -2  -3  -3  -1  -2  -3  -2   5   1  -4  -3  -2    6   0   0   0   0   0   0   0   0   0   0   0   0   0   0  94   0   0   0   0  0.76 0.11
  213 G     0  -3  -1  -2  -3  -3  -3   6  -3  -5  -5  -2  -4  -4  -3  -1  -2  -3  -4  -4    0   0   0   0   0   0   1  99   0   0   0   0   0   0   0   0   0   0   0   0  1.38 0.10
  214 G     0  -3  -1  -2  -3  -3  -3   7  -3  -5  -5  -2  -4  -4  -3  -1  -2  -3  -4  -4    0   0   0   0   0   0   0 100   0   0   0   0   0   0   0   0   0   0   0   0  1.40 0.10
  215 K    -1   1   1  -1  -3   1   0  -1  -1  -3  -3   5  -2  -4  -2   0   0  -4  -2  -3    0   1   8   1   0   3   0   1   0   0   0  77   0   0   0   4   3   0   0   0  0.60 0.08
  216 P    -2  -3  -3  -2  -4  -2  -2  -3  -3  -4  -4  -1  -3  -5   8  -2  -2  -5  -4  -3    0   0   0   0   0   0   0   1   0   0   0   3   0   0  96   0   0   0   0   0  2.22 0.13
  217 G     0  -3  -1  -2  -3  -3  -3   7  -3  -5  -5  -2  -4  -4  -3  -1  -2  -3  -4  -4    0   0   0   0   0   0   0 100   0   0   0   0   0   0   0   0   0   0   0   0  1.40 0.10
  218 P    -2  -3  -3  -2  -4  -2  -2  -3  -3  -4  -4  -2  -3  -5   8  -2  -2  -5  -4  -3    0   0   0   0   0   0   0   0   0   0   0   0   0   0 100   0   0   0   0   0  2.39 0.14
  219 H    -3  -1   0  -2  -4   0  -1  -3  10  -4  -4  -2  -3  -2  -3  -2  -3  -3   1  -4    0   0   0   0   0   0   0   0 100   0   0   0   0   0   0   0   0   0   0   0  1.72 0.15
  220 K    -2   2  -1  -1  -4   1   0  -2  -2  -4  -3   6  -2  -4  -2  -1  -1  -4  -3  -3    0   0   0   0   0   0   0   0   0   0   0 100   0   0   0   0   0   0   0   0  0.95 0.12
  221 I    -2  -4  -4  -4  -2  -4  -4  -5  -4   6   2  -3   1  -1  -4  -3  -1  -3  -2   2    0   0   0   0   0   0   0   0   0  93   7   0   0   0   0   0   0   0   0   0  0.75 0.10
  222 Q    -2   0  -1  -1  -4   7   1  -3   0  -4  -3   0  -1  -4  -2  -1  -2  -3  -2  -3    0   0   0   0   0 100   0   0   0   0   0   0   0   0   0   0   0   0   0   0  1.22 0.14
  223 G     0  -3  -1  -2  -3  -3  -3   7  -3  -5  -5  -2  -4  -4  -3  -1  -2  -3  -4  -4    0   0   0   0   0   0   0 100   0   0   0   0   0   0   0   0   0   0   0   0  1.40 0.10
  224 I    -2  -4  -4  -4  -2  -3  -4  -5  -4   6   2  -3   1  -1  -4  -3  -1  -3  -2   2    0   0   0   0   0   0   0   0   0  89  11   0   0   0   0   0   0   0   0   0  0.71 0.09
  225 G     0  -3  -1  -2  -3  -3  -3   7  -3  -5  -5  -2  -4  -4  -3  -1  -2  -3  -4  -4    0   0   0   0   0   0   0 100   0   0   0   0   0   0   0   0   0   0   0   0  1.40 0.10
  226 A     5  -2  -2  -3  -1  -2  -2  -1  -2  -2  -2  -1  -2  -3  -1   1   0  -3  -3  -1   98   0   0   0   0   0   0   0   0   0   0   0   0   0   1   0   1   0   0   0  0.72 0.10
  227 G    -1  -3   1  -2  -3  -2  -3   6  -2  -5  -4  -2  -3  -4  -3  -1  -2  -3  -4  -4    0   0   8   0   0   0   0  92   0   0   0   0   0   0   0   0   0   0   0   0  1.23 0.10
  228 F    -3  -4  -4  -5  -3  -4  -4  -4  -2  -1   0  -4  -1   8  -5  -3  -3   0   2  -2    0   0   0   0   0   0   0   0   0   0   0   0   0 100   0   0   0   0   0   0  1.34 0.13
  229 V    -1  -3  -4  -4  -2  -3  -3  -4  -4   3   0  -3   0  -1  -3  -2  -1  -4  -2   5    0   0   0   0   0   0   0   0   0  12   0   0   0   0   0   0   0   0   0  88  0.65 0.09
  230 P    -2  -3  -3  -2  -4  -2  -2  -3  -3  -4  -4  -2  -3  -5   8  -2  -2  -5  -4  -3    0   0   0   0   0   0   0   0   0   0   0   0   0   0 100   0   0   0   0   0  2.39 0.14
  231 D     0  -1   1   5  -3   0   2   0  -1  -3  -3   1  -3  -4  -2   1  -1  -4  -3  -3    6   1   2  46   0   0  14   4   0   0   0  13   0   0   0  12   1   0   0   0  0.49 0.05
  232 I    -1  -3  -3  -3  -2  -3  -3  -4  -4   4   1  -3   0  -1  -3  -2   2  -3  -2   3    0   0   0   0   0   0   0   0   0  54   0   0   0   0   0   0  17   0   0  29  0.44 0.07
  233 L    -2  -3  -4  -4  -2  -3  -4  -4  -4   1   5  -3   2   0  -4  -3  -2  -2  -2   0    0   0   0   0   0   0   0   0   0   0 100   0   0   0   0   0   0   0   0   0  0.76 0.09
  234 N    -2  -1   6   4  -4  -1   0  -1  -1  -4  -4   0  -3  -4  -2   0  -1  -5  -3  -4    0   0  60  37   0   0   0   0   0   0   0   2   0   0   0   0   0   0   0   0  0.89 0.09
  235 T    -1  -1  -1  -2  -2  -1  -1  -2  -2  -1  -2  -1  -1  -3  -2   1   6  -3  -2  -1    0   1   0   0   0   0   1   0   0   1   0   1   0   0   0   1  95   0   0   1  0.82 0.11
  236 E    -1   0   2   4  -4   1   4  -2  -1  -4  -3   2  -2  -4  -2   0  -1  -4  -3  -3    1   0  10  26   0   3  36   1   0   0   0  16   0   0   0   6   1   0   0   0  0.51 0.05
  237 V    -1  -3  -4  -4  -2  -3  -4  -4  -4   5   2  -3   1  -1  -3  -3  -1  -3  -2   3    0   0   0   0   0   0   0   0   0  57   8   0   1   0   0   0   0   0   0  33  0.52 0.07
  238 Y    -3  -3  -3  -4  -3  -2  -3  -4   1  -2  -2  -3  -2   3  -4  -3  -3   1   8  -2    0   0   0   0   0   0   0   0   0   0   0   0   0   2   0   0   0   0  98   0  1.52 0.14
  239 D    -2  -2   1   7  -4  -1   1  -2  -1  -4  -5  -1  -4  -4  -2  -1  -2  -5  -4  -4    0   0   2  93   0   0   3   0   0   0   0   0   0   0   0   1   0   0   0   0  1.25 0.11
  240 E    -1  -1  -1   2  -4   2   6   0   0  -4  -4   0  -3  -4  -2  -1  -2  -4  -3  -3    0   0   0   5   0   4  81   7   1   0   0   0   0   0   0   1   0   0   0   0  0.83 0.09
  241 I    -1  -3  -4  -4  -2  -3  -3  -4  -4   4   1  -3   0  -1  -3  -3  -1  -3  -2   4    0   0   0   0   0   0   0   0   0  42   0   0   0   0   0   0   0   0   0  58  0.58 0.08
  242 F    -2  -3  -4  -4  -2  -3  -4  -4  -4   5   1  -3   2   0  -3  -3  -1  -3  -2   2    1   0   0   0   0   0   0   0   0  77   6   0   5   3   0   0   0   0   0   9  0.57 0.08
  243 P    -1   0  -1  -1  -3   4   0  -2   1  -3  -3   2  -1  -3   1   0   2  -3  -2  -2    3   0   0   0   0  43   0   1   3   0   0  20   0   0   5   0  25   0   0   0  0.44 0.07
  244 V    -1  -3  -4  -4  -1  -3  -3  -4  -4   3   0  -3   0  -1  -3  -2  -1  -4  -2   5    0   0   0   0   0   0   0   0   0  21   0   0   0   0   0   0   0   0   0  78  0.61 0.08
  245 K     0   0   0   0  -2   1   1   0  -1  -2  -3   2  -2  -3  -1   2   2  -3  -2  -2    4   0   2   2   0   7   8   5   0   0   0  25   0   0   0  22  24   0   0   0  0.27 0.04
  246 N    -1  -1   6   0  -3  -1  -1  -1  -1  -3  -3   0  -2  -3  -2   1   3  -4  -3  -2    3   0  63   0   0   0   0   1   0   0   0   3   0   0   0   2  29   0   0   0  0.67 0.09
  247 E    -2  -1   0   4  -4   1   5  -3  -1  -4  -4   0  -3  -4  -2  -1  -2  -4  -3  -3    0   0   0  29   0   0  71   0   0   0   0   0   0   0   0   0   0   0   0   0  0.91 0.09
  248 E    -1   0   0   2  -4   4   4  -2  -1  -3  -3   1  -2  -4  -2  -1  -1  -3  -3  -3    2   0   2  11   0  32  50   0   0   0   0   2   0   0   0   0   1   0   0   1  0.67 0.07
  249 A     5  -2  -2  -2  -1  -1  -1   0  -2  -2  -2  -1  -2  -3  -1   2   0  -3  -2  -1   89   0   0   0   0   0   0   0   0   0   0   0   0   0   0  11   0   0   0   0  0.65 0.09
  250 F    -3  -4  -4  -4  -3  -4  -4  -4  -2  -1   0  -4   0   7  -4  -3  -3   0   4  -2    0   0   0   0   0   0   0   0   0   1   0   0   1  88   0   0   0   0   9   0  1.16 0.11
  251 E     0  -1  -1   2  -4   1   6  -3  -1  -4  -4   0  -3  -4  -2   0  -1  -4  -3  -3    6   0   1   9   0   0  81   0   0   0   0   1   0   0   0   1   1   0   0   0  0.84 0.09
  252 Y     1  -2  -2  -3  -2  -1  -2  -3   1  -2  -1  -2  -1   2  -3  -1   1   3   6  -1   15   0   0   0   0   2   0   0   1   1   1   0   1   4   0   1  15   4  55   0  0.59 0.08
  253 A     5  -2  -2  -2  -1  -1  -1   0  -2  -2  -2  -1  -2  -3  -1   2   0  -3  -2  -1   90   0   0   0   0   0   0   1   0   0   0   0   0   0   0  10   0   0   0   0  0.65 0.09
  254 R    -2   7  -1  -2  -4   0  -1  -3  -1  -4  -3   1  -2  -4  -3  -2  -2  -4  -3  -3    0 100   0   0   0   0   0   0   0   0   0   0   0   0   0   0   0   0   0   0  1.24 0.12
  255 R    -2   6   0  -2  -4   1   0  -3   0  -3  -2   3  -2  -3  -2  -1  -1  -3  -2  -3    0  65   2   0   0   2   4   0   1   0   4  20   0   0   0   0   1   0   0   0  0.70 0.08
  256 A     5  -2  -2  -2  -1  -2  -2  -1  -2  -1  -2  -1  -1  -3  -2   0   1  -3  -2   1   79   0   0   0   0   0   0   0   0   0   0   0   0   0   0   0   7   0   0  13  0.49 0.08
  257 A     5  -2  -2  -2  -1  -2  -2   1  -2  -2  -2  -1  -2  -3  -2   1  -1  -3  -3  -1   92   0   0   0   0   0   0   7   0   0   0   0   0   0   0   1   0   0   0   0  0.66 0.09
  258 R    -2   5  -1  -2  -3   1   0  -2  -1  -3  -3   4  -2  -4  -2  -1  -1  -4  -2  -3    0  47   0   0   0   2   0   0   0   0   1  48   0   0   0   2   0   0   0   0  0.72 0.08
  259 E    -1   0   0   1  -4   2   6  -3   0  -4  -4   1  -3  -4  -2  -1  -1  -4  -3  -3    1   1   2   0   0   3  83   0   1   0   0   5   0   0   0   1   3   0   0   0  0.85 0.09
  260 E    -1  -1  -1   1  -4   1   6  -3  -1  -4  -4   0  -3  -4  -2  -1  -1  -4  -3  -3    1   0   0   3   0   0  95   0   0   0   0   0   0   0   0   0   1   0   0   0  1.06 0.11
  261 G     0  -3  -1  -2  -3  -3  -3   7  -3  -5  -5  -2  -4  -4  -3  -1  -2  -3  -4  -4    0   0   0   0   0   0   0 100   0   0   0   0   0   0   0   0   0   0   0   0  1.40 0.10
  262 I    -2  -4  -4  -4  -2  -3  -4  -4  -4   5   2  -3   1   0  -3  -3  -1  -3  -2   3    0   0   0   0   0   0   0   0   0  78   7   0   0   2   0   0   0   0   0  13  0.61 0.08
  263 L    -2  -3  -4  -4  -2  -3  -4  -4  -4   1   5  -3   2   0  -4  -3  -2  -2  -2   0    0   0   0   0   0   0   0   0   0   0 100   0   0   0   0   0   0   0   0   0  0.76 0.09
  264 G     0  -3  -1  -2  -1  -3  -3   6  -3  -3  -4  -2  -3  -4  -3  -1  -2  -3  -4  -1    2   0   0   0   1   0   0  89   0   1   0   0   0   0   0   0   0   0   0   8  1.08 0.09
  265 G     0  -3  -1  -2  -3  -3  -3   7  -3  -5  -5  -2  -4  -4  -3  -1  -2  -3  -4  -4    0   0   0   0   0   0   0 100   0   0   0   0   0   0   0   0   0   0   0   0  1.40 0.10
  266 I    -2  -4  -4  -4  -2  -4  -4  -5  -4   6   1  -3   1  -1  -4  -3  -1  -3  -2   3    0   0   0   0   0   0   0   0   0  91   0   0   0   0   0   0   0   0   0   9  0.74 0.10
  267 S     0  -2   0  -1  -2  -1  -1  -1  -2  -3  -3  -1  -2  -3  -2   6   1  -4  -3  -3    0   0   0   0   0   0   0   0   0   0   0   0   0   0   0 100   0   0   0   0  0.83 0.12
  268 S     1  -2   0  -1  -2  -1  -1  -1  -2  -3  -3  -1  -2  -3  -2   5   1  -4  -2  -2    7   0   0   0   0   0   0   1   0   0   0   0   0   0   0  91   1   0   0   0  0.71 0.10
  269 G     0  -3  -1  -2  -3  -3  -3   7  -3  -5  -5  -2  -4  -4  -3  -1  -2  -3  -4  -4    0   0   0   0   0   0   0 100   0   0   0   0   0   0   0   0   0   0   0   0  1.40 0.10
  270 A     5  -2  -2  -2  -1  -1  -2   0  -2  -2  -2  -1  -2  -3  -2   1  -1  -3  -3  -1   98   0   0   0   0   0   0   0   0   0   0   0   0   0   0   2   0   0   0   0  0.73 0.10
  271 A     5  -2  -2  -3  -1  -2  -2  -1  -2  -2  -2  -1  -2  -3  -2   1  -1  -3  -3  -1  100   0   0   0   0   0   0   0   0   0   0   0   0   0   0   0   0   0   0   0  0.75 0.10
  272 I    -2  -4  -4  -4  -2  -4  -4  -5  -4   6   1  -3   1  -1  -4  -3  -1  -3  -2   2    0   0   0   0   0   0   0   0   0  96   0   0   0   0   0   0   0   0   0   4  0.78 0.10
  273 Y     1  -2  -1  -3   0  -1  -2  -2   3  -2  -2  -1  -1   3  -3   1  -1   0   6  -2   14   0   1   0   2   0   0   0   9   0   0   1   0  12   0  13   0   0  46   0  0.49 0.07
  274 A     5  -2  -2  -2  -1  -1  -2  -1  -2  -2  -2  -1  -2  -3  -2   1  -1  -3  -3  -1   96   0   0   0   0   0   0   0   0   0   0   0   0   0   0   2   0   0   0   2  0.69 0.10
  275 A     5  -2  -2  -3  -1  -2  -2  -1  -2  -2  -2  -1  -2  -3  -2   1  -1  -3  -3  -1   99   0   0   0   0   0   0   0   0   0   0   0   0   0   0   0   1   0   0   0  0.75 0.10
  276 L    -2  -2  -3  -4  -2  -2  -3  -4  -3   2   4  -2   1   0  -3  -3  -1  -2  -2   1    0   0   0   0   0   0   0   0   0   7  80   4   0   0   0   0   1   0   0   6  0.52 0.07
  277 Q    -1   1   0   0  -4   4   3  -2  -1  -3  -3   4  -2  -4  -2   0  -1  -3  -2  -3    0   0   1   2   0  29  23   0   0   0   0  42   0   0   0   1   0   0   0   0  0.58 0.07
  278 V     0  -3  -3  -4  -1  -3  -2  -4  -4   2   1  -3   0  -1  -3  -2   0  -3  -2   5    2   0   0   0   0   0   1   0   0   3   4   0   0   0   0   0   5   0   0  83  0.52 0.08
  279 A     5  -2  -2  -3  -1  -2  -2   0  -2  -2  -2  -1  -2  -3  -2   1  -1  -3  -3  -1  100   0   0   0   0   0   0   0   0   0   0   0   0   0   0   0   0   0   0   0  0.75 0.10
  280 K    -1   2  -1  -1  -4   1   1  -2  -1  -3  -3   6  -2  -4  -2   0  -1  -4  -3  -3    1   2   0   0   0   2   7   0   0   0   0  85   0   0   0   2   0   0   0   0  0.75 0.09
  281 K    -1   2  -1   0  -4   2   4  -2  -1  -4  -3   4  -2  -4  -2  -1  -1  -3  -2  -3    0   7   0   0   0   9  38   0   0   0   0  45   0   0   0   0   0   0   0   0  0.60 0.07
  282 L    -2  -3  -4  -4  -2  -3  -4  -4  -4   1   5  -3   2   0  -4  -3  -2  -2  -2   0    0   0   0   0   0   0   0   0   0   0 100   0   0   0   0   0   0   0   0   0  0.76 0.09
  283 G     0  -3  -1  -2  -3  -3  -3   6  -3  -5  -5  -2  -4  -4  -3  -1  -2  -3  -4  -4    0   0   0   0   0   0   0  99   0   0   0   0   0   0   0   1   0   0   0   0  1.38 0.10
  284 K    -1   2  -1  -1  -4   1   0  -2  -1  -3  -3   6  -2  -4   0  -1  -1  -4  -3  -3    2   1   0   0   0   0   2   0   0   0   0  92   0   0   2   1   0   0   0   0  0.81 0.10
  285 G    -1  -3  -1  -2  -3  -3  -3   6  -3  -5  -5  -2  -4  -4  -3  -1  -2  -3  -4  -4    0   0   0   0   0   0   0  99   0   0   0   0   0   0   0   0   0   0   0   0  1.37 0.10
  286 K    -2   2  -1  -1  -4   1   0  -2  -2  -4  -3   6  -2  -4  -2  -1  -1  -4  -3  -3    0   0   0   0   0   0   0   0   0   0   0 100   0   0   0   0   0   0   0   0  0.95 0.12
  287 K    -2   2  -1  -1  -4   1   0  -2  -1  -3  -3   6  -2  -4  -2  -1  -1  -4  -3  -3    0   1   1   0   0   0   0   0   0   1   0  97   0   0   0   0   0   0   0   0  0.89 0.11
  288 V    -1  -3  -4  -4  -2  -3  -3  -4  -4   2   0  -3   0  -2  -3  -2  -1  -4  -2   6    0   0   0   0   0   0   0   0   0   0   0   0   0   0   0   0   0   0   0 100  0.74 0.11
  289 L    -2  -3  -4  -4  -2  -3  -3  -4  -4   1   4  -3   2   0  -3  -3  -2  -2  -2   2    0   0   0   0   0   0   0   0   0   1  84   0   1   0   0   0   0   0   0  14  0.61 0.07
  290 A     5  -2  -2  -3  -1  -2  -2  -1  -2  -2  -2  -1  -2  -3  -2   1   0  -3  -3   0   97   0   0   0   0   0   0   0   0   0   0   0   0   0   0   0   1   0   0   2  0.70 0.10
  291 I    -2  -4  -4  -4  -2  -3  -4  -4  -4   5   1  -3   1  -1  -3  -3  -1  -3  -2   3    0   0   0   0   0   0   0   0   0  71   0   0   0   0   0   0   0   0   0  29  0.63 0.08
  292 I    -2  -4  -4  -4  -2  -3  -4  -4  -4   5   2  -3   1  -1  -3  -3  -1  -3  -2   2    0   0   0   0   0   0   0   0   0  81  14   0   0   0   0   0   0   0   0   5  0.63 0.08
  293 P    -2  -3  -3  -2  -4  -2  -2  -3  -3  -4  -4  -2  -3  -5   8  -2  -2  -5  -4  -3    0   0   0   0   0   0   0   0   0   0   0   0   0   0 100   0   0   0   0   0  2.39 0.14
  294 S     0  -2   0   3  -2  -1   0  -1  -2  -3  -3  -1  -2  -3  -2   5   0  -4  -3  -3    0   0   0  20   0   0   0   0   0   0   0   0   0   0   0  80   0   0   0   0  0.65 0.10
  295 N    -2  -1   7   1  -4  -1  -1  -1   0  -4  -4  -1  -3  -4  -3   0  -1  -5  -3  -4    0   0  99   0   0   0   0   0   0   0   0   0   0   0   0   0   1   0   0   0  1.24 0.13
  296 G     0  -3  -1  -2  -3  -3  -3   7  -3  -5  -5  -2  -4  -4  -3  -1  -2  -3  -4  -4    0   0   0   0   0   0   0 100   0   0   0   0   0   0   0   0   0   0   0   0  1.40 0.10
  297 E    -2  -1  -1   1  -5   1   6  -3  -1  -4  -4   0  -3  -4  -2  -1  -2  -4  -3  -3    0   0   0   0   0   0 100   0   0   0   0   0   0   0   0   0   0   0   0   0  1.14 0.12
  298 R    -2   7  -1  -2  -4   0  -1  -3  -1  -4  -3   1  -2  -4  -3  -2  -2  -4  -3  -3    0 100   0   0   0   0   0   0   0   0   0   0   0   0   0   0   0   0   0   0  1.24 0.12
  299 Y    -3  -3  -3  -4  -3  -2  -3  -4   1  -2  -2  -3  -2   2  -4  -3  -3   1   8  -2    0   0   0   0   0   0   0   0   0   0   0   0   0   0   0   0   0   0 100   0  1.56 0.14
  300 L    -2  -3  -4  -4  -2  -3  -4  -4  -4   1   5  -3   2   0  -4  -3  -2  -2  -2   0    0   0   0   0   0   0   0   0   0   0  99   0   0   1   0   0   0   0   0   0  0.75 0.09
  301 S     0  -2   0  -1  -2  -1  -1  -1  -2  -3  -3  -1  -2  -3  -2   6   1  -4  -3  -3    0   0   0   0   0   0   0   0   0   0   0   0   0   0   0 100   0   0   0   0  0.83 0.12
  302 T    -1  -2  -1  -2  -2  -1  -2  -2  -3  -2  -2  -1  -1  -3  -2   1   6  -3  -2  -1    0   0   0   0   0   0   0   0   0   0   0   0   0   0   0   0 100   0   0   0  0.93 0.12
  303 P     0  -3  -2  -2  -3  -2  -2  -3  -3  -3  -4  -2  -3  -4   8  -1  -2  -4  -4  -3    9   0   0   0   0   1   0   0   0   0   0   0   0   0  88   0   0   0   0   1  1.96 0.12
  304 L    -2  -3  -4  -4  -2  -3  -4  -4  -4   1   5  -3   2   0  -4  -3  -2  -2  -2   0    0   0   0   0   0   0   0   0   0   0 100   0   0   0   0   0   0   0   0   0  0.76 0.09
  305 Y    -3  -3  -3  -4  -3  -2  -3  -4   1  -2  -2  -3  -2   3  -4  -3  -3   1   8  -2    0   0   0   0   0   0   0   0   0   0   0   0   0   5   0   0   0   0  95   0  1.46 0.14
  306 Q    -2   0   1  -1  -4   7   1  -3   0  -4  -3   1  -1  -4  -2  -1  -1  -3  -2  -3    0   1   6   1   0  90   0   0   0   0   0   1   0   0   0   0   0   0   0   0  1.03 0.13
  307 F    -3  -4  -4  -4  -3  -4  -4  -4  -2  -1   0  -4  -1   7  -4  -3  -3   0   4  -2    0   0   0   0   0   0   0   0   0   0   0   0   0  90   1   0   0   0   9   0  1.19 0.11
  308 D    -2  -1   0   4  -4   1   5  -3  -1  -4  -4   0  -3  -4  -2  -1  -2  -4  -3  -3    0   0   0  34   0   0  66   0   0   0   0   0   0   0   0   0   0   0   0   0  0.90 0.09

                      K         Lambda
Standard Ungapped    0.1344     0.3132
Standard Gapped      0.0545     0.2670
PSI Ungapped         0.1782     0.3175
PSI Gapped           0.0545     0.2670
