114
117
156
25
10
107
207
134
152
21
127
3
20
213
64
175
163
176
35
38
135
59
194
136
119
36
113
211
187
189
29
186
160
39
158
32
166
209
22
42
66
23
140
203
11
111
1
137
93
30
196
188
110
16
204
200
13
122
52
33
34
171
126
17
108
79
155
121
138
94
37
48
197
201
146
15
214
65
6
92
26
4
169
148
19
125
141
73
116
103
28
182
129
83
18
154
149
47
5
60
168
76
9
74
67
184
192
58
133
144
205
199
198
157
190
56
44
150
71
61
27
0
109
191
202
210
206
130
96
120
86
101
78
7
87
81
106
178
151
172
98
124
100
147
185
170
43
12
212
24
90
31
164
153
132
165
159
183
46
82
139
80
95
41
57
84
55
195
131
167
105
123
14
45
99
208
115
8
193
97
50
162
68
180
91
142
181
75
173
72
70
62
85
63
128
174
51
145
88
104
77
69
53
112
143
179
54
2
118
49
89
177
161
40
102
