347
156
160
340
349
284
329
261
175
251
338
172
223
246
202
167
229
191
179
165
317
321
198
154
141
313
298
316
303
221
183
346
335
325
262
152
297
305
310
212
189
281
144
148
139
248
334
232
272
304
283
187
256
253
312
147
277
337
184
209
181
196
339
185
302
265
137
294
149
311
203
195
239
301
276
193
288
208
186
159
216
307
207
218
164
296
213
182
204
333
190
234
293
332
211
237
177
269
136
275
145
241
343
324
280
150
299
230
247
285
214
244
300
323
250
171
227
210
255
350
199
151
270
318
326
260
153
268
257
163
205
174
314
273
252
143
176
219
142
235
155
279
178
146
295
158
231
342
233
162
249
170
282
240
267
286
226
173
331
138
194
217
200
168
192
215
188
308
306
287
263
315
222
327
348
319
322
180
345
264
238
206
242
228
336
166
201
225
169
271
274
224
258
291
161
330
254
292
328
320
278
309
243
266
236
245
344
341
289
220
197
259
140
157
290
